-110.02529
-55.01074
-49.44073
-49.93358
-49.78149
-49.82526
-50.13850
-52.13016
-53.41957
-54.42742
-56.09914
-57.25859
-57.25842
-58.32882
-58.25377
-58.02481
-58.18228
-57.28458
-57.62161
-59.92557
-62.54346
-62.84386
-63.50644
-63.31587
-62.81618
-63.17718
-64.93020
-66.56388
-63.84583
-58.84378
-58.18460
-57.94589
-58.94502
-58.37158
-58.48321
-58.91637
-61.09138
-63.67308
-62.91555
-61.81492
-68.46909
-61.18086
-51.56514
-51.36376
-51.65344
-51.50524
-50.84436
-50.45802
-50.83365
-51.02357
-51.53455
-52.08661
-53.47169
-56.64074
-58.65522
-57.75960
-57.46606
-56.94281
-58.17410
-57.50061
-58.72596
-60.71509
-60.27112
-59.82955
-57.76608
-57.08747
-58.32559
-61.03126
-61.70539
-58.99670
-58.55176
-59.48207
-59.20025
-57.85802
-57.23665
-57.22635
-58.99902
-60.28899
-61.51767
-63.36955
-64.42304
-62.97346
-55.25740
-52.72899
-52.71267
-52.60496
-52.31325
-51.79687
-51.58700
-51.87148
-52.85479
-54.11614
-56.30897
-60.88350
-61.94999
-58.45748
-56.97151
-56.59592
-58.15841
-59.29878
-59.90107
-58.16974
-56.72320
-56.84126
-57.42126
-58.52837
-59.56870
-62.12602
-62.68987
-62.23612
-63.68674
-65.04752
-62.30012
-60.67956
-60.53807
-59.84947
-59.96790
-60.80138
-61.59066
-62.06822
-62.77414
-64.81875
-66.79232
-63.84252
-62.03370
-62.41066
-63.92130
-64.55231
-64.59264
-66.58941
-68.44748
-68.46677
-69.43956
-72.10106
-71.48755
-69.92303
-65.11080
-63.08614
-63.58934
-63.56485
-62.95874
-62.17337
-62.19286
-61.99500
-63.06505
-64.23880
-65.20717
-69.19216
-68.50733
-66.87386
-67.03371
-64.39546
-64.58565
-67.28906
-68.06971
-65.83904
-66.00739
-67.04794
-68.03924
-68.57599
-69.37753
-73.03691
-72.24608
-72.60114
-71.35689
-71.54040
-69.03011
-69.00728
-66.44395
-64.40956
-67.70086
-69.86672
-67.61363
-68.67033
-71.09277
-71.35384
-71.61063
-69.89169
-70.28420
-69.45251
-71.80991
-71.21993
-73.26388
-70.78623
-72.79623
-70.85472
-71.11348
-68.38403
-75.54621
-56.34633
-49.22728
-50.24821
-50.06936
-49.51214
-49.28429
-50.27754
-51.47678
-51.87720
-52.83425
-55.78075
-57.71273
-55.16712
-53.29680
-53.62819
-54.28855
-53.79192
-55.44328
-58.42987
-61.62429
-61.83782
-61.67063
-61.65017
-60.88315
-61.00148
-62.73092
-64.20377
-64.49362
-58.24194
-55.96153
-55.56494
-55.18254
-55.33782
-55.73925
-56.71240
-57.65914
-58.42035
-61.30519
-61.82547
-63.12444
-59.65570
-52.33983
-51.08610
-51.16870
-51.76802
-52.15398
-53.39361
-54.44680
-55.08359
-54.00628
-53.40963
-55.59331
-56.51416
-58.04356
-59.13678
-57.65046
-57.33048
-57.74179
-57.22608
-57.11852
-57.90472
-58.04845
-58.63213
-60.16411
-61.23727
-63.62310
-63.55481
-63.01489
-58.27916
-56.74602
-56.95273
-59.18186
-60.88688
-62.22517
-62.76996
-62.25540
-59.93307
-59.56397
-60.68914
-64.72546
-62.88576
-51.19320
-49.96966
-50.43002
-50.73668
-51.39302
-51.52811
-51.74838
-52.11942
-52.97768
-53.44965
-54.38537
-54.42886
-56.16643
-56.74822
-57.26553
-56.83238
-56.70175
-57.38568
-56.53508
-56.55500
-56.54136
-56.40922
-58.21113
-58.84639
-58.79796
-58.61069
-58.40067
-56.99607
-55.92260
-56.76042
-56.89390
-57.62565
-57.78120
-58.53190
-58.86766
-58.67083
-59.24601
-58.95737
-59.63207
-60.15210
-59.90369
-61.09208
-61.67838
-62.45450
-64.31514
-63.63982
-64.75684
-66.09570
-65.49332
-65.38044
-66.76875
-68.49164
-69.36363
-67.15426
-59.50796
-57.64424
-57.76127
-57.82537
-58.65659
-58.75027
-59.79987
-61.12402
-61.65599
-62.33475
-63.35028
-63.85996
-65.88248
-65.09728
-64.88528
-65.81565
-66.55350
-66.52193
-66.65711
-67.71541
-68.28512
-68.28116
-69.46617
-68.86764
-69.18408
-68.54894
-65.74809
-65.43809
-64.64067
-64.90180
-63.00732
-63.23801
-64.09514
-65.70593
-67.30936
-67.45743
-69.19437
-69.30905
-68.44713
-69.97327
-69.85971
-68.83336
-69.35045
-70.34129
-68.87571
-67.58883
-68.88699
-71.39521
-72.61461
-73.06383
-72.54900
-71.63426
-68.35575
-55.11566
-53.96032
-54.86739
-55.16859
-55.83269
-56.13174
-55.77415
-53.80559
-55.63061
-56.27554
-57.84339
-56.95025
-59.39559
-55.45275
-53.38522
-54.09652
-54.94108
-55.47707
-56.02613
-55.75197
-53.02122
-56.85506
-58.58231
-55.53039
-54.61074
-61.07260
-57.71981
-53.21436
-52.93842
-51.78924
-51.08502
-50.78794
-51.92032
-52.04307
-51.54043
-52.04347
-53.69753
-56.19676
-57.00557
-56.60395
-57.23525
-57.53274
-57.46717
-58.29170
-57.66416
-58.02530
-57.19959
-54.10689
-54.36743
-53.90564
-53.87279
-53.40779
-55.17190
-51.76460
-51.15704
-54.29644
-52.93186
-53.31772
-53.47473
-56.27413
-56.61353
-57.38534
-57.90079
-59.14804
-59.60004
-60.06670
-60.20710
-54.52298
-55.25663
-55.63316
-54.00098
-53.95629
-53.17522
-53.39781
-53.65100
-53.76785
-54.71340
-56.21151
-59.67841
-61.63422
-60.16421
-59.51866
-58.30821
-57.89907
-57.22282
-58.53117
-60.87002
-60.50758
-59.99033
-59.24448
-60.76144
-61.16330
-63.91965
-60.63877
-53.82525
-51.70402
-50.66638
-50.28130
-49.83668
-49.74391
-50.90980
-51.00353
-50.85189
-52.42092
-53.41147
-53.46724
-53.53461
-50.19758
-49.16162
-50.39205
-50.46742
-50.24540
-50.29076
-49.46007
-50.37859
-55.13809
-57.43225
-60.65388
-60.49761
-58.23123
-57.53525
-56.13584
-55.81459
-55.71560
-55.62580
-54.93227
-55.81806
-56.03241
-55.52959
-55.97491
-56.33433
-57.61807
-58.09615
-57.61464
-56.18258
-55.16854
-55.16405
-55.11846
-54.83983
-55.46767
-54.92692
-52.27644
-56.83486
-60.72899
-61.72227
-62.37687
-60.24583
-59.36979
-56.42847
-55.32960
-55.88129
-55.76864
-55.08772
-57.22677
-53.85830
-56.48816
-56.55835
-56.97721
-57.42441
-58.92511
-60.20881
-52.72453
-52.44430
-51.57383
-52.04419
-53.24513
-51.93737
-50.99170
-51.51128
-52.14448
-51.71162
-52.75318
-56.44794
-57.34655
-57.31689
-59.26271
-59.59826
-60.15078
-60.01479
-60.58783
-60.63925
-54.32131
-53.36892
-53.55372
-53.58736
-53.37872
-53.88053
-52.87943
-50.98964
-54.51295
-54.99985
-56.60757
-57.48447
-58.78809
-58.04064
-57.19884
-57.98125
-57.83386
-59.50515
-58.13351
-59.70256
-55.85395
-53.45456
-52.78783
-51.54502
-51.56799
-52.00208
-53.75638
-54.66541
-54.28137
-54.80401
-56.05583
-56.95064
-57.75106
-58.47508
-57.38257
-56.79852
-57.08208
-57.45235
-57.09403
-59.48953
-58.46791
-56.37918
-56.56389
-57.22610
-57.59799
-58.09487
-58.82502
-54.78742
-52.16297
-50.23306
-49.86895
-50.67441
-51.70435
-53.79717
-54.30468
-52.49163
-52.96070
-53.98714
-52.86985
-54.30010
-51.58572
-51.12328
-53.29788
-51.73610
-51.97916
-52.63320
-53.87095
-51.92424
-53.30484
-57.31817
-56.16007
-56.26700
-55.69481
-55.82511
-54.92915
-54.64792
-54.71191
-55.30142
-54.54749
-56.77491
-55.14411
-52.85238
-56.71181
-56.89390
-56.69929
-57.46756
-56.80143
-56.01671
-54.99860
-54.34407
-54.23328
-54.94262
-54.91400
-54.97650
-55.55225
-56.49275
-56.67854
-56.27764
-56.16724
-56.33079
-56.74049
-56.18556
-57.03282
-56.70656
-56.44273
-56.26170
-58.58572
-55.67631
-54.96308
-60.89714
-58.83478
-55.38438
-57.05420
-62.20322
-55.84949
-52.84511
-51.57319
-50.42825
-49.70672
-49.36900
-49.95110
-50.28949
-51.34052
-51.94837
-53.24065
-54.93026
-54.87846
-54.07068
-54.56047
-56.99785
-57.33459
-58.90522
-59.15392
-61.28743
-56.64568
-53.49228
-53.95209
-53.04290
-53.48898
-52.69588
-52.58744
-50.68700
-52.37882
-53.67537
-54.09662
-55.80337
-57.23682
-58.40217
-57.30816
-59.35739
-58.29624
-59.96584
-57.79767
-60.29794
-58.31038
-54.29613
-55.79395
-55.32098
-54.70861
-54.07085
-53.62380
-53.22149
-52.76484
-52.86969
-53.76121
-54.30770
-55.67117
-57.58838
-58.28699
-57.66498
-57.01171
-57.74065
-57.93547
-59.29676
-58.79308
-58.88049
-56.99922
-54.42761
-55.72493
-57.76174
-60.11896
-57.56851
-52.65757
-50.86700
-50.93766
-51.91823
-52.63501
-51.37418
-50.71021
-50.97681
-51.38384
-52.49325
-52.13039
-52.12267
-51.41344
-49.52734
-50.93678
-51.93817
-51.41793
-50.99105
-50.62235
-49.94986
-51.57109
-54.77390
-54.16494
-55.47059
-54.38093
-55.05280
-53.89265
-51.58186
-53.18742
-55.31166
-55.00936
-53.99712
-54.13542
-52.49509
-51.43902
-52.14335
-53.18248
-54.02117
-53.63426
-53.18711
-53.27663
-53.26924
-53.43085
-55.61391
-58.25932
-57.72922
-53.61553
-52.54782
-56.64975
-57.20903
-58.72924
-57.54505
-57.72710
-55.06038
-52.09534
-52.89929
-54.01601
-53.86976
-54.90858
-55.23724
-52.75022
-56.14800
-56.76069
-56.07492
-53.68232
-54.63955
-54.46785
-52.15178
-51.97466
-50.01459
-49.41547
-49.87011
-50.73308
-51.65724
-53.86914
-53.82504
-52.78509
-53.10775
-53.80358
-53.79029
-54.96494
-58.24477
-59.41757
-60.40112
-59.95773
-60.58045
-58.32862
-53.64036
-53.94217
-53.07935
-52.29023
-51.95848
-53.02039
-51.83606
-51.48585
-54.73924
-54.83536
-54.75649
-54.44485
-55.82313
-56.37507
-56.48691
-55.68465
-56.45565
-57.21922
-57.98334
-58.14571
-54.15194
-52.64439
-52.43117
-50.96244
-50.53247
-50.63512
-50.89608
-51.73608
-51.98236
-52.37629
-53.14731
-54.28887
-55.71254
-56.42258
-55.96683
-55.26931
-54.92487
-54.76487
-55.04238
-56.05344
-56.62534
-57.26644
-57.10239
-57.62205
-57.30224
-57.54721
-57.10744
-53.70243
-52.07880
-51.48223
-51.06426
-51.42207
-52.14842
-52.58606
-51.37105
-51.10485
-52.32622
-51.57780
-51.66515
-54.82714
-51.70843
-50.77979
-52.68364
-52.43145
-52.93199
-51.70208
-53.05165
-52.68791
-55.29260
-58.59041
-57.44829
-56.66841
-56.07332
-55.35467
-52.34232
-52.28010
-53.40032
-53.84063
-53.82530
-55.48154
-52.71910
-53.05877
-56.14529
-56.39478
-56.50470
-55.89539
-55.55084
-53.39945
-51.96964
-51.93090
-52.21166
-51.99247
-52.10824
-52.29366
-52.81693
-54.19767
-54.63773
-54.32660
-54.00380
-53.96883
-54.01995
-53.53548
-53.75474
-53.85402
-53.28409
-53.62435
-54.43629
-52.43290
-53.66710
-56.82757
-55.31202
-54.28784
-58.47134
-59.53019
-53.68524
-52.75260
-51.55363
-50.91221
-50.85328
-50.60735
-50.36311
-50.04069
-51.18589
-51.21749
-52.76873
-54.73963
-55.00131
-55.53801
-56.29258
-57.15519
-56.89583
-57.55115
-57.79372
-60.99019
-53.69623
-55.11976
-60.09522
-62.22500
-63.72807
-65.96966
-59.89519
-51.36948
-58.44230
-60.74080
-59.09017
-56.94071
-56.70951
-57.88469
-58.28970
-60.47588
-59.38707
-61.52291
-60.36342
-64.58586
-55.27693
-52.64033
-53.24978
-52.36510
-51.84848
-51.44986
-51.54517
-51.78817
-52.53357
-53.50051
-54.34181
-55.92814
-57.42932
-57.14205
-54.98636
-54.13910
-54.46987
-54.93695
-56.16720
-56.81298
-58.29198
-58.73601
-58.72332
-59.00318
-60.75555
-61.26709
-63.33587
-54.13733
-54.53185
-59.53866
-60.60511
-64.09613
-61.75615
-63.45893
-61.41810
-63.71309
-61.81828
-65.23182
-61.07103
-68.31698
-55.74953
-51.70349
-54.86219
-52.25923
-52.61005
-51.99938
-52.14328
-51.16035
-52.84329
-55.42933
-56.33501
-57.69711
-58.89406
-60.74990
-60.28679
-57.69237
-56.90778
-57.51671
-57.75486
-59.46327
-60.81028
-61.74885
-61.87831
-63.57139
-63.32716
-63.67689
-63.82113
-64.12755
-62.14087
-59.32543
-57.79602
-58.08450
-58.40499
-59.94728
-53.81162
-54.71901
-62.64736
-62.46186
-69.14841
-64.46436
-57.02542
-53.74753
-54.22459
-54.24184
-57.24922
-56.23654
-59.81924
-56.15719
-56.03236
-60.33966
-55.84157
-60.00596
-58.85017
-58.40820
-52.68257
-54.05447
-59.48560
-59.76347
-61.45314
-60.88008
-61.22084
-60.77556
-61.29739
-62.64427
-63.50819
-65.28859
-62.09312
-54.59626
-54.04767
-54.95043
-55.46631
-57.69802
-57.85039
-61.30398
-55.65187
-53.22030
-60.85413
-65.41648
-67.17973
-68.24606
-58.00204
-50.27704
-53.16789
-58.63877
-59.08402
-59.73833
-58.35795
-59.98695
-59.93823
-62.48044
-62.27812
-65.18403
-64.55470
-62.76254
-52.41289
-52.18221
-57.80909
-59.69988
-61.80746
-63.09755
-62.87021
-62.76367
-63.33741
-63.96891
-65.69789
-66.32299
-67.46052
-54.46244
-51.55151
-49.95879
-49.76560
-50.67272
-50.16613
-50.82717
-51.60672
-52.52315
-53.40313
-54.79648
-56.92713
-57.44841
-59.07450
-54.40911
-52.98772
-58.64252
-59.46342
-63.99766
-61.65150
-62.33837
-60.91518
-59.04753
-56.71173
-58.14624
-60.10563
-62.38653
-57.81184
-51.61274
-57.49527
-59.41923
-59.53359
-58.21584
-59.50230
-56.03422
-52.37034
-59.45054
-63.00811
-65.53607
-66.23982
-65.75798
-63.20362
-53.99497
-52.04469
-53.10075
-52.12712
-51.86871
-51.79135
-51.04729
-52.94090
-54.43120
-54.26366
-56.52489
-58.87689
-60.82735
-58.88057
-57.94060
-57.93250
-57.25939
-57.10450
-56.28362
-57.49650
-57.65289
-58.99794
-60.64567
-59.94268
-59.70093
-61.08586
-61.17169
-59.42385
-57.63848
-58.27167
-56.93281
-58.41834
-57.52173
-53.54709
-59.95496
-63.67436
-56.48729
-55.31159
-62.79702
-59.37841
-52.17884
-52.06845
-51.54043
-50.53194
-50.25780
-50.17293
-50.63328
-51.20387
-52.08724
-52.73000
-53.23090
-53.92178
-55.04559
-55.17019
-55.29683
-54.85679
-55.53841
-55.34471
-56.87811
-56.69099
-53.16172
-58.15759
-60.24117
-62.26181
-61.30619
-68.43745
-55.00215
-52.37170
-60.84675
-57.78040
-57.08952
-54.87066
-55.91613
-55.93008
-57.44906
-58.04147
-59.99789
-60.92766
-63.12308
-55.54848
-51.56602
-56.32762
-60.05896
-62.04163
-63.75261
-63.51645
-62.37222
-63.77609
-63.42367
-64.42696
-62.29728
-66.68602
-58.21867
-53.10264
-53.97374
-54.37021
-55.68335
-55.61282
-56.56307
-56.96348
-58.20288
-59.80014
-59.95051
-61.37570
-62.62727
-62.05444
-53.13634
-51.44511
-56.77983
-59.56502
-62.41625
-62.46206
-62.17225
-62.39954
-62.56114
-64.05653
-65.69829
-63.46088
-66.27447
-56.14952
-49.72744
-54.27388
-57.42043
-58.35084
-58.20221
-58.58833
-57.78936
-52.44597
-56.39409
-65.02973
-66.10956
-69.85030
-63.93872
-55.36163
-54.18548
-55.76986
-57.59611
-58.79912
-59.27018
-60.80281
-63.08813
-64.62941
-67.28954
-68.10526
-68.30406
-69.02012
-56.50646
-53.13326
-55.10860
-55.38338
-57.68962
-58.91097
-61.57321
-58.40973
-52.35272
-57.32613
-60.03799
-63.55412
-68.44140
-64.86492
-58.81351
-57.88244
-59.59573
-59.40054
-61.28161
-59.98363
-65.30757
-54.89682
-58.48900
-57.93816
-58.06611
-61.57145
-60.08731
-62.91697
-51.52340
-50.14867
-50.98088
-50.95341
-50.98736
-51.16406
-51.24330
-51.84256
-52.11907
-52.36809
-52.99844
-52.90885
-54.18863
-54.24718
-54.01927
-54.54774
-54.45541
-54.72744
-52.77703
-52.64083
-52.26843
-55.22997
-58.03398
-58.05946
-58.43971
-57.38174
-54.15626
-51.14199
-57.48131
-56.77015
-55.01323
-54.39696
-54.34999
-55.61466
-55.69578
-55.07511
-53.98939
-54.23533
-54.56832
-57.38739
-52.55893
-51.97687
-52.44038
-51.33286
-51.70904
-52.05842
-52.26816
-50.82827
-50.28150
-50.50992
-50.39905
-50.84168
-51.56263
-52.51342
-53.30553
-53.31305
-53.90615
-53.38414
-53.61860
-54.37321
-54.51170
-54.48641
-54.54016
-54.41607
-54.29080
-55.31481
-55.88132
-52.38338
-53.90991
-56.58905
-55.06123
-56.03892
-55.59660
-53.09708
-50.93774
-52.92944
-52.79454
-53.72720
-52.47122
-53.06058
-51.68360
-50.91044
-53.61581
-51.18129
-51.79846
-51.57413
-52.21148
-51.10879
-52.22931
-53.36699
-53.51356
-53.66504
-53.81905
-54.69962
-52.74885
-53.25671
-52.68153
-53.61545
-54.07414
-54.85199
-53.28666
-52.63568
-55.95692
-57.09246
-57.02410
-56.76487
-56.34043
-56.55206
-55.28596
-54.34330
-54.32917
-54.03550
-54.15439
-54.61417
-54.08938
-54.27381
-55.29640
-55.20771
-56.24297
-56.30974
-55.87763
-55.75564
-56.52849
-56.02811
-57.06627
-56.28661
-57.85493
-54.53529
-53.60325
-61.03276
-58.21222
-54.97042
-57.39816
-62.90624
-54.65113
-54.61204
-60.08482
-60.35838
-61.91506
-60.52655
-59.59971
-58.47069
-57.92022
-57.94329
-57.68461
-58.44365
-58.85159
-58.69924
-58.29147
-58.89517
-58.72344
-60.60102
-58.48943
-61.55522
-55.56331
-53.17718
-61.35690
-63.45315
-65.86950
-62.00812
-63.44933
-52.66469
-55.21620
-66.96132
-62.37994
-62.88892
-60.32741
-64.92639
-62.44561
-62.40690
-60.47599
-64.51408
-61.89093
-67.04694
-58.11038
-53.18943
-58.60119
-60.44846
-65.38651
-66.88604
-66.00066
-65.09263
-63.73891
-63.34581
-64.03135
-64.28820
-66.26250
-65.33043
-51.73807
-48.75050
-49.47428
-49.82310
-50.81850
-50.88484
-50.33838
-49.95413
-50.22484
-50.69679
-52.20159
-52.48814
-52.50787
-51.69590
-53.34639
-55.72054
-54.79247
-55.57278
-54.06620
-53.46823
-54.03538
-54.26447
-53.11251
-54.09232
-53.08666
-53.54592
-53.15536
-50.95709
-55.97287
-56.46675
-55.47485
-54.52522
-54.97295
-53.44224
-52.33106
-57.35275
-58.01530
-59.55296
-57.61704
-59.00420
-54.28389
-50.23236
-50.95289
-51.13053
-51.66291
-51.31022
-51.09131
-50.76944
-50.36535
-50.86343
-51.85235
-52.67633
-52.17531
-51.70078
-52.80615
-52.34449
-52.14705
-52.95445
-52.90710
-53.54735
-51.47734
-52.62940
-56.91313
-56.60209
-57.21545
-56.05883
-56.88664
-53.56205
-51.51226
-52.40403
-52.94303
-52.74665
-52.65160
-52.54958
-51.20920
-52.52562
-53.41901
-54.04547
-54.60414
-54.86538
-53.23349
-49.96707
-49.35024
-50.74177
-49.70618
-49.85488
-50.89558
-50.32850
-50.74441
-51.35370
-52.36588
-52.89776
-53.68188
-54.41135
-51.96724
-50.58061
-50.89981
-51.33433
-51.66566
-51.73133
-51.21431
-51.94908
-54.84862
-55.65437
-56.50128
-55.98536
-56.36522
-51.16657
-50.91918
-55.02145
-54.88955
-55.12177
-54.77732
-56.08949
-54.12976
-54.70618
-55.00529
-55.16437
-55.47942
-57.19264
-54.90658
-51.92682
-56.50589
-60.15302
-59.70866
-58.08053
-58.32213
-56.77339
-56.10910
-57.42373
-56.54133
-57.06774
-56.63486
-55.88488
-55.82243
-55.08861
-54.43144
-55.03193
-54.95578
-55.97931
-56.88433
-56.92359
-57.44120
-56.58076
-57.19854
-57.18775
-58.62766
-56.66865
-52.64947
-57.88200
-61.79559
-62.01817
-61.58155
-60.36521
-60.91263
-58.80757
-60.05470
-59.90074
-59.81172
-58.80611
-60.76246
-52.10615
-55.20778
-65.05772
-60.84099
-61.97000
-62.44281
-60.96313
-52.71033
-56.45904
-61.11432
-63.20711
-66.14259
-64.44261
-63.30711
-64.73422
-63.20013
-61.22530
-63.55036
-61.00181
-67.99454
-55.43634
-53.49212
-62.02205
-64.94379
-63.88910
-63.98075
-65.72298
-60.13717
-58.66808
-61.56671
-59.59977
-57.40095
-61.30104
-62.43223
-57.57727
-59.09989
-63.70965
-58.38296
-56.10696
-62.91547
-59.66865
-55.10889
-58.09309
-63.02268
-55.09028
-55.55728
-62.04729
-54.13974
-54.86815
-65.05419
-59.80674
-54.47860
-60.01591
-55.30322
-51.96983
-52.98444
-51.48969
-51.02037
-51.25182
-51.57925
-51.46895
-52.23540
-52.33880
-53.39040
-55.84400
-57.47549
-55.65119
-53.34336
-54.39370
-55.94331
-55.61114
-56.94654
-58.34957
-59.48099
-54.07944
-52.32746
-52.53105
-52.63423
-52.90571
-52.58500
-53.35679
-52.56150
-52.83990
-53.07174
-53.99614
-54.88000
-58.13029
-57.26216
-57.23862
-58.34971
-58.94423
-59.85903
-58.74862
-60.12668
-54.98938
-53.69734
-55.01557
-54.15055
-53.85040
-55.15226
-54.58436
-54.91456
-54.87929
-55.10269
-55.54522
-55.16336
-56.32648
-58.33929
-58.70237
-59.03631
-58.47688
-56.43820
-58.20713
-59.66129
-60.41386
-59.05317
-59.55294
-60.33990
-61.24482
-61.80722
-61.35427
-60.09776
-51.54899
-48.39476
-50.31889
-52.06908
-54.26220
-53.18141
-52.33992
-53.46399
-53.36601
-53.90116
-54.27611
-52.49543
-50.59103
-51.24287
-50.47756
-50.79485
-51.18795
-51.00630
-49.80392
-50.01908
-53.30036
-54.79438
-54.39117
-53.51564
-53.31087
-52.93719
-53.33247
-56.25436
-57.70886
-57.21301
-57.73416
-56.94321
-56.10667
-54.36693
-53.09447
-53.21745
-54.87566
-55.60448
-55.24582
-56.59921
-56.07596
-55.50143
-55.69576
-55.15732
-55.02411
-54.93633
-55.28745
-56.11471
-55.83180
-56.36822
-57.03354
-57.08663
-58.20435
-58.44377
-57.47032
-55.81236
-57.80377
-57.35810
-60.27751
-55.48119
-53.32957
-58.17322
-59.08717
-60.93268
-59.87551
-63.23217
-55.42439
-52.66915
-52.38642
-50.34950
-49.80109
-50.06948
-50.65572
-51.38456
-53.48328
-54.75101
-55.96906
-56.75542
-57.39441
-57.19801
-55.93000
-55.40164
-56.88635
-58.15022
-57.87662
-57.68760
-55.76380
-53.59677
-53.25626
-53.49859
-52.82428
-52.64598
-53.44107
-53.63784
-53.34551
-53.61725
-54.82013
-55.95104
-57.29223
-56.83192
-56.75515
-58.52177
-58.91645
-59.66323
-58.44554
-60.50668
-57.79047
-52.28484
-51.39793
-51.49362
-51.18919
-51.33726
-51.92780
-51.96050
-52.65930
-53.51878
-54.16143
-53.94411
-55.08116
-55.35864
-54.24722
-54.90645
-55.35003
-56.28122
-56.15225
-57.16243
-57.22787
-55.90902
-55.74027
-56.97779
-57.47173
-58.31277
-58.56599
-58.45898
-53.29278
-51.76798
-53.16008
-52.56880
-54.05607
-52.86098
-51.76472
-51.63136
-52.60686
-53.65516
-54.14362
-54.77463
-55.17837
-53.39616
-52.70568
-52.67013
-52.22503
-52.52811
-52.59306
-53.56402
-53.23375
-54.96776
-55.10106
-54.97971
-55.71983
-54.83337
-53.06990
-52.02643
-53.33566
-53.82353
-53.88420
-55.21716
-55.76956
-53.81669
-53.30093
-54.87203
-55.52013
-55.28155
-55.71588
-55.38438
-53.63075
-52.74295
-53.19163
-53.77172
-54.46623
-54.85132
-54.26453
-54.73207
-55.73884
-56.14619
-56.44975
-56.28444
-56.70795
-55.22088
-55.21011
-55.18959
-55.88424
-56.73298
-57.57536
-56.26621
-52.49967
-56.32876
-62.61254
-56.09744
-54.39735
-61.75972
-59.27976
-53.45915
-51.95357
-51.00539
-51.52949
-51.02614
-51.09306
-50.37864
-50.18616
-51.21311
-52.34680
-53.79604
-54.47197
-54.64619
-55.79745
-57.51822
-58.01684
-59.77423
-58.21770
-59.55874
-58.07266
-53.65359
-53.29080
-52.73148
-53.10141
-53.49426
-53.51313
-54.42884
-55.40234
-56.31073
-55.80843
-56.71747
-58.60417
-58.11856
-56.55246
-56.62078
-56.74687
-58.04798
-58.28629
-59.73170
-59.50898
-54.15625
-53.86976
-53.48350
-53.24865
-53.47974
-53.50651
-54.20738
-53.98238
-54.19730
-54.31269
-54.88698
-55.57734
-56.77949
-56.80834
-56.26105
-56.11860
-56.30107
-57.05113
-58.47484
-59.52459
-59.87783
-59.93346
-55.37669
-54.93813
-56.96692
-57.35241
-58.02412
-53.93951
-50.11696
-49.26395
-49.42478
-49.60016
-51.10614
-51.59733
-51.87857
-52.56457
-53.57734
-52.86782
-53.49799
-54.14213
-50.26432
-49.76900
-50.49902
-50.21857
-49.91384
-50.89998
-52.39196
-52.54207
-52.49194
-53.07443
-53.40519
-53.47896
-57.30917
-55.43445
-52.23197
-53.09425
-53.39838
-54.00752
-55.37976
-54.65982
-51.96468
-51.03366
-51.65643
-51.99947
-52.04339
-52.66066
-53.01139
-54.36813
-53.59103
-51.63584
-52.04909
-52.23359
-52.19358
-53.06491
-52.51433
-52.53844
-53.60911
-54.65409
-54.92015
-55.64310
-55.06313
-54.78820
-55.16669
-55.30708
-55.71029
-54.73207
-54.30338
-51.37641
-54.21930
-55.97736
-56.95674
-57.77626
-58.04062
-57.32621
-52.56257
-53.66126
-52.00389
-51.05261
-50.43154
-50.09358
-51.08433
-50.79566
-50.47743
-51.10453
-54.38696
-58.20957
-58.57576
-57.99828
-58.02282
-58.98847
-59.35589
-59.91514
-60.30728
-61.03948
-54.52691
-51.59945
-51.49819
-51.58427
-52.17347
-51.48091
-51.36510
-51.19769
-51.79743
-53.12005
-55.27104
-55.16451
-54.06219
-53.27975
-53.24974
-54.71230
-56.04078
-56.06604
-56.60907
-57.72201
-54.94330
-52.63300
-52.43813
-52.79718
-52.44917
-52.15653
-52.36528
-52.98912
-53.28970
-53.37956
-53.84693
-53.83860
-54.39897
-55.23186
-55.32561
-55.84515
-56.52731
-55.95718
-55.63295
-55.37998
-56.00308
-56.32534
-56.72013
-58.19512
-57.88961
-57.38120
-57.10417
-57.48987
-51.82938
-49.20571
-50.60646
-51.92063
-51.48463
-50.20217
-51.19095
-52.91536
-53.09981
-52.60422
-53.64243
-52.88870
-51.23037
-50.35633
-50.49222
-51.29117
-50.95331
-51.02320
-50.60048
-51.00696
-52.47394
-53.99410
-55.42221
-55.42622
-55.82647
-55.68641
-54.27154
-54.32069
-54.30992
-53.82896
-54.92039
-55.13324
-55.65853
-55.37597
-54.99810
-54.94408
-53.73450
-54.84591
-55.35732
-55.09278
-55.00942
-56.12761
-56.54305
-54.87267
-55.62101
-56.42422
-55.23935
-55.48922
-57.62238
-56.84980
-55.50235
-57.52330
-57.35411
-55.00741
-56.48582
-58.84061
-56.14234
-56.00710
-59.31172
-56.41046
-53.80304
-56.53091
-57.32864
-53.70801
-54.91949
-56.00632
-56.43025
-58.40736
-59.73531
-60.41055
-59.60210
-57.93638
-57.12773
-55.53943
-53.20925
-54.24040
-54.57533
-55.32396
-55.59986
-56.43547
-56.07692
-55.37819
-55.77356
-55.65652
-56.85495
-57.44732
-58.57191
-53.86075
-54.97851
-56.50746
-54.02252
-53.68476
-54.41051
-54.48340
-48.89640
-48.61582
-49.69259
-50.24143
-53.17999
-54.54191
-54.34888
-53.96307
-55.80168
-55.84015
-57.08600
-57.73909
-59.20101
-57.77835
-55.91823
-58.52259
-58.37921
-57.33611
-58.37802
-57.91010
-53.42226
-54.89564
-55.70780
-54.30039
-55.67412
-56.49919
-55.77367
-54.05490
-55.16035
-55.04735
-55.87275
-55.86204
-58.03519
-54.65131
-51.44596
-52.43462
-53.93220
-55.72205
-57.55824
-54.78341
-51.44749
-53.84001
-55.16045
-57.82232
-58.33842
-59.73210
-58.55492
-55.53199
-55.94508
-56.94650
-55.76631
-58.19587
-57.38012
-51.79856
-54.04220
-53.00905
-52.31313
-52.53054
-52.68342
-52.13448
-52.36197
-55.93825
-56.10632
-56.40708
-57.19068
-59.14674
-60.29220
-58.65405
-57.33649
-57.09268
-57.41854
-57.38411
-59.12062
-53.80980
-49.77140
-51.08457
-53.07814
-53.63407
-54.22387
-54.62740
-53.80048
-55.39647
-57.43341
-57.08040
-56.64765
-58.74631
-55.15420
-53.51300
-58.51926
-58.98663
-59.29808
-59.08132
-57.56387
-54.98790
-51.67903
-52.73535
-53.55858
-51.98365
-54.69606
-54.20726
-52.41503
-52.26156
-51.90931
-53.17565
-53.72604
-54.67732
-52.54471
-52.25662
-56.51736
-57.95079
-57.90286
-58.51088
-57.64083
-56.31296
-53.69552
-53.63893
-55.34601
-56.12457
-56.79148
-54.49684
-52.74533
-53.02113
-53.05546
-54.46767
-53.95360
-54.97243
-54.12486
-52.15859
-57.27139
-60.09149
-60.51028
-60.27997
-58.20154
-51.33613
-51.89431
-57.02161
-56.21978
-57.72204
-56.90812
-58.05773
-56.92236
-55.32221
-54.72861
-55.54000
-55.07218
-56.56107
-54.11490
-52.09161
-55.51237
-58.11711
-60.09309
-60.38655
-60.15635
-59.11094
-54.23925
-53.06092
-54.37466
-54.84545
-56.98676
-53.69308
-52.17312
-50.55855
-48.88740
-49.96589
-50.00414
-49.37932
-49.91536
-50.58651
-51.48825
-52.05127
-53.56007
-55.35647
-54.37953
-53.27492
-52.37618
-56.66480
-56.83389
-56.55976
-58.19972
-58.85488
-57.47685
-54.15427
-54.77531
-54.53955
-55.31247
-55.68350
-55.59757
-51.07835
-50.93158
-52.44751
-51.81545
-52.29910
-53.95897
-54.17461
-52.06488
-55.87626
-57.07344
-57.71407
-59.35721
-58.09769
-58.35098
-54.32762
-51.48367
-52.88716
-52.98482
-52.32654
-53.28336
-51.65624
-52.99654
-55.71894
-53.97212
-54.93968
-57.30092
-58.11736
-57.30815
-54.59897
-55.06031
-55.65389
-56.64867
-56.43074
-57.70292
-56.45816
-55.34779
-55.27406
-55.32253
-56.23519
-57.72829
-56.98767
-51.06698
-50.95794
-53.32175
-54.77868
-54.10383
-53.66854
-51.89066
-52.63148
-55.13637
-54.36707
-54.83546
-58.06690
-59.56709
-53.58410
-51.69076
-51.61000
-51.32605
-51.80725
-51.64076
-51.49437
-52.04860
-52.72503
-52.88372
-53.66475
-53.45385
-54.56894
-56.27364
-55.30867
-56.53731
-56.64420
-56.00116
-54.66452
-54.63859
-52.48205
-54.97705
-59.13378
-60.81376
-59.06618
-60.56851
-56.23162
-51.73538
-57.34328
-57.26315
-57.51053
-56.36513
-55.88712
-55.08912
-55.53840
-56.54417
-57.33028
-58.45040
-57.91089
-57.88434
-53.05360
-54.22967
-58.31541
-59.68480
-60.80096
-60.06527
-62.22587
-57.37660
-53.60286
-53.85682
-53.92665
-55.98013
-55.08428
-53.62479
-52.98622
-53.12571
-54.62069
-55.11240
-55.68495
-55.99027
-55.86299
-55.86848
-56.88788
-58.91546
-58.40870
-58.51131
-55.97290
-51.67556
-54.76016
-59.53143
-59.77486
-60.43835
-60.31903
-60.91472
-57.00575
-55.68520
-57.06354
-56.35409
-55.74394
-55.91547
-51.35518
-53.06686
-57.39964
-57.09752
-57.95112
-56.90018
-59.24056
-53.48302
-54.14022
-60.64702
-61.32580
-63.35647
-63.02036
-57.22746
-53.48438
-54.22489
-55.35684
-56.70813
-56.43474
-56.24179
-57.07278
-53.54055
-53.27925
-56.72645
-57.42187
-59.84298
-56.63022
-53.23409
-53.00514
-52.99852
-53.58752
-53.45913
-53.55253
-54.84893
-52.50108
-54.50757
-56.85251
-55.63466
-57.67294
-56.61297
-55.81033
-53.88517
-54.46178
-54.92138
-55.11666
-52.84958
-54.77828
-53.86127
-54.52963
-56.90770
-54.88744
-58.04055
-55.86026
-57.54241
-53.80085
-51.67901
-51.38622
-50.89728
-51.08600
-50.79107
-51.96188
-51.54368
-51.97834
-52.85974
-53.80725
-54.88075
-55.03678
-55.01206
-52.47360
-52.19224
-53.29443
-54.22205
-55.42808
-57.08901
-54.13992
-53.27584
-54.81813
-53.57815
-54.50758
-55.28834
-57.16172
-50.78061
-50.83574
-53.52238
-52.24469
-53.46827
-54.47003
-54.82707
-52.55315
-53.12543
-53.31526
-53.42243
-53.61160
-55.04568
-52.98013
-51.69977
-53.53180
-52.83850
-52.44919
-51.57616
-51.97906
-52.81666
-51.64587
-52.13090
-51.12312
-51.71118
-53.56714
-55.02175
-55.83618
-53.51548
-54.65423
-55.44955
-56.45318
-55.69667
-56.54819
-54.57494
-53.46238
-54.90541
-55.35300
-55.96462
-58.05823
-54.44596
-51.29913
-53.96975
-55.01441
-56.64370
-55.67148
-52.33239
-50.05943
-50.05326
-50.03837
-51.35877
-52.38754
-54.17919
-53.14926
-49.75293
-50.76696
-50.93278
-51.03401
-50.72826
-51.24907
-50.72062
-50.92819
-52.49468
-52.24848
-53.12246
-53.21020
-54.61595
-54.16082
-53.61734
-54.72878
-54.41177
-53.75624
-54.48218
-55.24900
-52.66003
-54.35137
-55.12898
-55.79599
-56.91601
-57.58150
-56.80661
-52.81060
-53.43503
-54.41575
-55.22342
-55.13588
-55.28506
-55.03378
-53.81873
-55.30321
-55.01666
-55.34520
-55.87659
-57.06259
-54.94860
-50.62091
-53.32539
-53.47603
-52.01832
-56.66265
-55.56672
-52.09274
-52.50263
-51.35324
-51.16601
-54.34385
-59.81597
-55.56235
-52.41447
-57.76566
-58.43294
-58.45398
-58.15404
-59.54368
-56.35650
-53.16835
-54.64975
-54.44762
-55.48511
-56.44804
-58.75766
-55.19512
-54.47362
-55.68553
-56.57963
-56.50221
-57.03328
-54.74224
-52.40522
-55.57954
-55.08883
-57.36261
-57.86080
-59.22163
-52.99919
-52.46775
-58.79403
-57.62475
-58.39801
-56.73195
-59.44276
-55.88358
-53.14124
-55.08672
-56.82805
-56.76741
-57.92184
-56.71731
-52.41318
-56.02306
-61.09790
-60.87890
-59.74135
-59.18968
-59.13288
-50.48578
-48.93582
-51.29790
-52.98531
-54.13401
-55.38298
-53.03469
-49.68597
-49.57879
-50.00386
-50.40958
-49.99571
-50.19225
-51.02670
-51.52461
-52.40941
-55.61687
-56.54628
-55.36551
-53.80688
-51.80501
-55.68541
-56.97332
-55.92839
-57.37323
-58.24987
-56.77119
-53.11368
-53.49368
-54.17763
-54.26240
-54.38360
-54.24968
-50.63143
-50.63018
-51.97085
-51.90699
-52.82871
-54.04467
-54.72084
-52.35223
-55.31144
-56.76120
-58.58271
-58.59218
-59.51718
-57.58912
-51.10478
-50.65125
-51.58230
-51.53637
-50.97882
-50.54775
-50.53182
-50.65605
-50.35343
-50.87698
-51.36866
-52.75317
-55.49150
-54.54160
-52.79426
-53.83730
-54.60482
-54.13947
-54.76235
-54.63053
-53.04013
-55.93516
-57.77138
-58.50201
-57.97824
-59.41033
-56.29776
-50.09069
-50.30056
-51.49223
-52.66928
-51.97038
-52.20449
-51.28451
-52.06094
-52.43312
-52.84717
-53.08655
-53.51637
-55.25418
-51.41982
-51.21511
-50.84253
-51.23522
-51.75525
-51.08342
-50.65520
-50.34776
-51.07107
-51.95483
-52.25053
-53.18156
-54.99751
-54.33311
-52.68503
-53.02838
-54.15120
-55.35099
-55.97609
-54.37695
-52.25478
-52.09992
-53.15501
-53.12701
-53.50216
-54.35972
-55.02271
-52.03745
-51.01846
-52.19418
-52.91070
-54.30356
-54.58800
-55.38855
-53.21710
-52.34872
-54.18456
-55.44359
-55.47601
-55.41836
-52.87214
-52.30579
-55.91039
-56.80342
-56.56195
-56.07960
-57.33000
-52.55983
-50.72304
-51.76175
-52.43955
-54.19455
-54.68563
-54.64174
-53.37792
-53.78350
-54.43488
-56.09146
-56.97011
-57.55510
-56.53127
-53.86673
-53.83335
-56.52285
-57.18073
-56.56082
-57.54811
-55.25273
-53.09845
-52.89307
-53.65569
-54.90615
-55.43051
-55.64658
-53.51689
-50.86769
-50.11770
-50.87426
-52.56933
-55.14599
-55.28525
-54.45979
-56.16788
-56.48644
-56.99234
-57.25591
-56.51551
-53.75391
-53.87990
-53.72323
-53.67457
-54.46460
-55.04094
-55.32713
-52.78698
-55.35519
-55.17732
-54.61421
-55.15609
-56.80709
-54.34302
-51.48520
-52.93998
-52.30770
-53.09136
-51.94300
-55.49258
-53.41937
-54.18319
-56.31000
-54.19217
-54.49903
-53.59317
-58.15756
-52.25269
-53.49407
-53.16832
-55.13444
-53.83718
-54.83707
-54.14851
-52.16589
-54.75904
-53.12455
-54.06273
-51.06120
-53.74887
-51.93155
-53.05684
-51.06298
-52.03362
-53.96366
-54.93449
-54.30335
-51.11350
-53.07498
-51.05905
-51.00426
-50.57572
-51.84892
-51.29643
-50.96778
-50.66101
-51.35098
-52.71396
-54.52498
-55.14323
-54.02611
-55.62608
-57.10980
-58.25541
-57.25344
-56.60962
-58.25135
-54.50674
-53.22017
-54.18159
-53.09917
-53.65360
-53.50732
-54.83986
-54.18442
-54.26393
-54.18731
-53.65857
-52.87000
-53.45008
-55.22665
-56.90328
-59.03659
-58.09428
-58.56111
-58.20184
-59.74165
-55.76988
-54.22010
-55.72733
-55.09054
-54.55288
-53.91602
-53.71114
-53.09614
-52.88508
-53.39122
-53.55320
-53.50278
-53.60212
-53.97477
-57.14925
-57.32453
-56.35804
-55.46092
-55.84637
-58.93552
-58.95281
-59.89329
-59.54362
-60.14693
-60.11836
-61.19372
-58.77774
-56.41593
-52.66735
-49.97062
-49.36035
-48.92025
-50.09293
-50.91541
-51.47337
-51.92722
-52.66410
-52.08950
-51.93369
-54.69537
-55.28342
-51.80028
-52.41579
-53.10522
-51.03536
-51.76057
-53.50075
-53.93636
-54.01919
-53.79756
-53.81893
-55.92433
-57.15276
-59.01108
-58.46405
-55.86618
-56.46209
-56.59487
-55.49299
-56.25716
-55.64471
-53.43928
-52.73958
-53.14849
-53.03124
-52.75173
-53.28436
-53.10626
-52.78489
-52.88378
-52.62895
-52.91413
-52.89118
-54.10059
-52.62645
-53.18114
-56.73629
-55.60822
-53.63621
-55.25853
-57.49441
-51.49578
-54.13328
-58.55748
-54.33880
-53.04051
-57.06464
-56.10691
-52.75611
-55.28426
-55.75352
-56.12430
-54.87707
-55.66473
-52.97766
-51.62984
-51.49217
-50.55652
-50.83263
-50.57616
-51.12655
-51.14877
-52.03476
-52.28588
-51.86618
-54.18193
-56.57843
-56.78995
-55.22733
-57.02352
-59.11105
-60.53197
-59.43138
-60.68803
-58.84616
-53.23758
-53.33514
-53.03412
-53.40954
-53.07525
-52.64939
-52.64617
-53.29735
-53.70875
-54.87172
-56.61812
-57.35041
-56.80139
-55.14336
-56.02338
-56.75534
-58.14664
-57.08819
-56.97067
-56.64749
-52.98278
-51.01004
-50.78927
-50.42264
-50.88583
-51.13982
-51.41571
-53.13501
-53.42335
-54.17459
-54.85581
-54.55625
-55.45651
-55.55603
-55.29788
-54.97016
-54.48647
-55.58293
-55.96401
-56.19577
-55.17821
-55.33772
-57.21831
-57.30384
-57.69415
-57.90778
-59.15248
-54.39812
-50.77578
-51.53957
-52.51834
-52.28101
-52.76602
-50.22992
-49.73666
-51.28861
-51.16097
-51.53531
-52.61804
-51.93712
-49.92423
-51.12015
-52.20052
-51.25499
-51.00814
-51.56252
-51.13796
-51.67495
-52.16306
-53.16601
-50.88714
-49.78908
-51.35256
-51.35683
-52.71547
-51.95646
-52.35269
-52.95213
-52.99803
-53.15512
-53.33004
-52.76711
-53.30659
-52.89088
-50.49652
-50.55793
-50.74105
-52.30055
-53.33092
-52.46329
-52.69682
-53.57507
-53.09486
-53.47333
-56.88855
-58.24532
-57.54908
-57.46342
-57.11988
-56.93921
-57.28025
-57.16460
-56.00032
-56.93771
-56.85311
-56.28153
-56.29389
-52.31622
-53.22635
-55.88806
-54.36058
-53.87989
-56.38933
-57.72058
-53.46776
-52.74285
-51.86247
-51.20040
-51.01300
-51.02284
-52.15871
-53.38327
-54.07159
-55.46492
-55.23087
-54.43844
-53.95193
-53.06933
-56.46032
-54.33897
-53.51142
-55.64015
-56.15644
-56.40756
-54.32965
-54.16256
-53.43591
-52.98926
-52.13499
-51.37922
-51.66195
-51.78825
-52.77484
-54.51255
-53.11316
-52.96781
-57.52168
-58.02295
-56.92206
-56.05408
-55.92515
-56.12954
-56.59434
-59.33681
-55.24319
-54.24563
-53.78851
-53.39882
-54.21830
-54.70016
-54.77652
-53.84611
-54.27680
-54.31431
-53.48964
-52.93071
-55.88441
-57.16623
-58.63296
-57.20879
-56.52188
-54.92345
-54.01455
-57.54817
-56.71910
-55.06433
-54.19348
-54.40500
-55.16915
-55.92434
-55.13871
-54.24281
-50.40553
-50.06251
-49.71682
-48.97657
-50.32561
-50.13571
-51.12725
-52.30785
-53.21822
-52.01105
-53.34819
-54.29009
-51.72307
-50.32903
-50.62373
-50.87580
-51.80045
-52.88970
-52.20819
-52.26845
-52.34859
-52.75956
-52.77911
-54.06232
-54.69209
-54.99258
-53.53352
-52.55209
-52.95322
-53.18087
-54.08845
-54.96266
-53.71627
-50.60283
-51.22151
-52.96561
-54.71848
-54.27866
-51.68048
-53.81249
-55.28558
-54.96980
-54.42876
-52.74235
-52.17598
-51.80006
-51.15571
-53.87065
-58.70466
-55.68987
-54.64892
-55.45842
-52.18608
-50.63023
-54.49245
-54.88357
-52.83553
-54.21769
-57.33452
-53.35256
-53.55993
-56.08617
-56.36951
-58.57804
-54.18910
-55.72328
-52.94649
-52.24296
-52.69999
-51.84390
-53.72267
-52.31964
-52.36775
-53.21723
-54.59382
-55.10811
-55.87028
-56.43553
-56.47214
-59.07336
-60.88871
-61.99686
-61.59040
-62.48683
-60.57981
-61.70138
-55.62331
-52.58615
-53.07456
-52.14642
-52.96136
-50.73372
-49.42047
-50.98205
-51.95604
-52.93195
-52.29551
-50.68791
-52.92474
-53.83396
-55.04905
-56.79896
-56.09526
-54.65954
-54.52261
-56.34366
-55.18495
-52.90464
-51.21184
-50.88810
-51.26370
-50.57921
-50.11775
-51.56544
-52.18031
-53.61239
-53.71109
-52.05110
-53.24190
-55.32872
-55.37578
-55.36816
-55.26551
-55.48261
-55.46384
-56.50196
-56.13488
-55.42430
-56.89723
-57.39626
-57.27731
-56.52248
-56.02439
-56.70401
-53.83158
-50.58330
-50.09744
-49.41339
-49.96601
-49.90381
-50.45564
-51.50133
-52.14434
-54.22805
-54.19073
-54.72262
-52.50754
-50.53038
-52.17821
-53.03600
-51.88270
-53.31139
-54.84751
-54.45660
-53.26321
-53.66984
-54.73269
-54.14885
-54.10636
-52.79393
-52.11320
-52.62566
-52.79056
-52.93598
-53.13938
-53.28565
-52.83217
-50.52068
-50.94218
-52.90522
-53.57148
-53.61240
-52.83879
-53.16805
-52.03130
-52.18761
-53.46413
-53.75893
-54.02009
-53.09860
-52.52049
-50.94561
-52.58589
-53.40337
-53.09160
-51.28913
-48.81481
-50.86271
-51.23119
-53.56892
-51.86619
-50.73993
-51.26674
-50.60833
-52.16095
-55.44364
-59.94770
-53.64243
-54.34811
-57.73995
-56.74725
-54.35741
-51.83407
-50.55594
-50.20479
-50.59640
-51.18638
-52.18040
-52.88043
-53.80943
-54.61068
-55.42559
-56.24173
-56.07373
-55.64262
-55.86977
-55.62151
-55.58996
-54.36622
-54.46262
-55.86434
-56.47449
-56.20756
-56.74411
-57.81691
-58.30173
-57.87346
-56.45584
-56.71420
-54.89965
-54.05354
-54.96991
-55.92333
-57.65977
-58.60758
-58.12749
-57.63165
-57.10425
-57.28475
-58.71371
-58.32061
-58.60766
-58.95678
-59.68127
-59.84875
-57.86904
-59.75266
-58.72996
-57.78087
-61.25859
-59.75625
-58.82478
-60.20275
-60.87276
-61.29140
-58.15096
-55.24207
-54.80766
-54.92197
-56.55072
-58.55433
-59.86123
-58.19800
-57.30636
-58.03602
-60.34621
-64.61015
-61.55528
-62.89224
-64.42620
-62.53725
-63.03851
-62.43908
-60.66169
-61.74599
-62.34949
-63.70085
-64.97402
-64.33294
-65.72127
-65.32988
-63.55542
-62.56214
-61.02750
-60.24915
-61.60992
-62.04391
-65.23771
-63.82256
-62.98141
-65.90759
-64.72303
-65.92375
-67.90657
-65.30000
-65.26539
-64.21759
-65.11478
-66.59847
-65.60560
-67.95909
-65.34333
-64.34558
-64.75757
-66.38662
-68.37611
-66.87889
-67.58650
-67.63165
-68.02157
-63.14764
-63.10618
-62.10347
-65.81661
-61.41777
-53.38029
-58.73782
-62.89502
-64.81004
-66.04445
-67.62563
-62.65124
-54.60750
-55.26950
-55.32976
-56.20055
-55.21060
-56.18087
-54.53206
-55.20193
-56.15556
-55.42219
-55.21787
-55.14528
-55.94588
-52.78400
-53.39528
-52.31166
-51.49921
-50.82825
-50.11070
-49.63929
-49.54806
-50.23505
-51.42855
-52.55082
-53.84360
-57.23325
-56.88284
-57.37319
-57.17865
-59.44305
-59.11493
-58.50188
-58.77755
-54.24839
-54.42646
-54.55666
-54.61711
-55.07945
-55.98357
-56.71485
-57.35792
-59.30527
-56.28873
-56.04709
-56.30778
-56.46282
-55.58709
-56.86275
-57.72239
-59.23265
-59.07760
-59.35106
-62.39455
-54.65745
-55.35530
-59.42265
-59.39722
-61.30543
-62.35413
-61.60822
-61.06607
-59.49601
-58.59309
-57.56611
-57.34273
-56.85326
-57.55791
-53.82541
-50.29071
-51.20377
-52.03667
-53.17325
-54.95991
-54.58994
-55.39177
-56.26325
-56.29594
-56.56076
-57.47390
-58.81383
-53.36158
-55.71020
-62.27370
-60.49784
-62.03808
-60.00358
-61.00694
-56.47602
-53.40138
-53.99889
-54.31156
-54.27151
-56.04200
-55.12891
-52.80519
-53.76646
-54.42137
-56.35386
-57.10311
-58.83075
-53.77268
-54.76315
-61.36427
-61.33609
-63.05897
-60.68873
-63.64650
-54.11628
-51.88982
-52.36880
-52.25856
-51.83937
-52.41256
-51.94175
-52.19976
-55.96516
-56.61527
-57.08554
-56.69841
-55.56561
-55.48251
-55.95824
-55.86233
-57.14977
-57.20615
-57.89740
-56.87105
-57.35173
-56.74718
-55.83292
-55.57765
-56.94166
-58.54179
-58.21012
-58.20297
-58.35765
-60.01294
-60.37499
-61.29779
-60.68508
-58.40425
-56.55973
-59.62052
-57.48804
-54.27068
-57.17853
-58.78702
-55.18015
-52.73952
-50.60484
-49.90936
-50.89280
-50.09287
-49.66066
-50.32328
-51.15249
-50.85527
-50.19931
-52.21507
-54.50140
-54.84267
-55.20750
-56.47632
-57.90469
-57.13401
-57.71724
-57.93304
-54.16862
-54.60423
-57.63295
-58.03584
-58.23160
-58.88246
-56.64182
-54.07024
-55.30733
-55.47028
-55.56665
-56.26179
-56.03280
-55.82063
-56.00624
-55.93620
-55.15559
-56.00345
-56.37754
-57.60118
-55.21947
-54.14695
-58.42070
-60.93832
-60.07526
-58.53613
-57.31818
-55.59467
-55.63238
-56.89856
-56.99353
-57.44960
-56.83306
-56.30324
-56.92806
-55.90438
-54.61670
-54.59282
-55.06462
-56.22666
-56.33867
-56.21434
-55.59579
-55.12934
-55.55392
-55.42991
-56.94974
-53.72989
-53.53051
-58.93588
-58.61600
-59.76796
-60.33512
-59.13172
-57.99370
-56.53728
-56.90565
-57.77387
-55.66273
-55.60081
-55.49421
-54.76656
-57.32878
-57.15918
-57.13776
-56.38643
-57.38288
-54.96078
-53.95208
-59.82410
-61.50451
-61.10597
-59.02563
-58.27330
-58.40424
-57.35767
-57.67967
-57.80560
-58.86273
-58.59098
-58.59067
-58.59262
-57.95577
-58.23127
-60.16883
-60.89057
-59.93052
-61.20663
-60.74031
-61.03879
-59.94194
-60.92277
-60.14903
-63.12148
-56.37521
-53.98918
-60.79406
-61.11698
-64.07216
-62.49839
-64.81104
-61.27723
-61.58807
-61.16553
-61.84338
-62.29175
-62.08530
-62.25169
-57.59518
-61.34181
-59.78794
-63.18749
-62.86736
-67.87773
-56.86870
-52.66047
-54.38163
-52.01351
-52.41286
-51.44241
-51.39068
-51.39652
-51.78573
-52.59102
-52.25413
-53.20094
-55.39120
-58.87246
-57.83084
-55.92310
-55.82963
-56.70398
-56.25718
-57.44514
-56.60604
-53.72787
-58.37671
-60.84668
-61.07269
-60.33523
-58.74974
-56.08517
-56.44262
-60.43315
-57.57576
-58.54761
-58.42297
-58.04772
-58.12911
-58.97021
-57.95276
-60.16946
-60.27193
-61.80780
-59.14398
-53.51171
-57.50061
-61.51385
-63.45861
-63.52541
-64.18265
-62.63184
-60.89514
-60.55868
-59.87793
-60.72604
-59.65540
-60.59972
-57.42822
-57.22411
-58.10845
-57.23774
-57.63307
-57.76379
-57.42301
-57.28897
-57.51444
-56.65790
-57.54986
-57.35320
-57.43196
-55.77801
-53.52687
-58.73830
-62.60990
-62.24319
-62.13298
-60.12355
-60.38215
-59.17813
-59.87458
-58.63069
-60.30277
-63.18593
-64.79173
-57.45139
-56.13048
-56.41144
-56.23111
-56.86477
-55.04810
-54.99058
-52.89240
-56.20089
-58.13177
-58.38558
-58.14596
-57.35500
-57.29171
-55.19794
-55.17490
-54.97253
-55.44004
-54.96279
-55.14229
-52.80806
-54.70875
-58.76117
-58.39075
-58.35654
-56.56896
-55.26303
-54.95665
-55.09432
-54.75622
-54.71327
-55.44701
-55.51108
-55.50804
-60.07046
-62.58425
-61.39474
-61.92875
-61.38937
-63.40339
-61.68587
-56.40331
-55.02201
-55.33735
-55.14450
-55.75412
-56.50011
-55.79810
-54.61609
-54.67382
-54.72244
-54.68906
-59.36684
-59.87473
-53.77007
-52.82323
-52.59712
-51.64611
-51.58138
-51.18921
-51.88265
-51.45226
-51.53809
-52.90081
-53.40403
-55.40812
-56.56539
-56.63656
-56.08219
-56.36190
-56.10749
-57.04111
-57.90678
-57.11396
-53.59028
-55.98612
-60.11259
-60.01706
-59.38782
-57.13878
-58.60567
-55.53361
-57.96336
-57.12751
-57.42653
-57.36461
-57.44570
-57.71278
-56.77058
-56.90685
-56.10051
-56.90860
-56.57875
-58.30367
-53.50369
-55.24920
-59.79582
-60.15091
-62.02233
-61.80951
-59.65009
-57.69949
-57.75246
-56.95046
-56.68508
-56.42289
-59.19354
-58.04924
-59.44761
-57.99353
-56.42427
-57.82494
-56.19028
-56.96751
-55.86127
-57.42774
-57.53186
-57.55891
-59.19800
-58.42759
-57.47881
-53.56158
-51.55949
-49.97972
-50.02149
-50.76300
-50.89915
-51.15546
-51.42388
-51.46257
-51.62851
-52.88114
-52.79230
-53.68616
-55.18879
-54.69702
-53.41269
-53.05404
-54.40660
-54.23900
-54.11364
-53.43220
-54.92431
-58.56546
-58.82315
-59.78037
-57.16425
-56.93535
-53.77857
-52.80674
-54.06828
-54.11622
-54.63451
-54.31611
-55.54247
-54.90645
-55.13298
-55.75557
-57.07753
-56.25081
-59.14867
-56.34907
-52.93544
-53.27302
-53.25437
-54.44220
-54.63213
-54.16207
-51.77850
-54.71904
-57.20708
-56.89342
-56.70851
-55.51300
-55.93699
-54.76047
-53.61818
-53.99202
-54.61114
-54.72826
-54.15840
-53.43220
-54.32521
-55.21007
-56.48048
-57.83366
-54.63720
-50.98997
-51.71494
-53.45152
-53.91341
-52.76470
-52.64978
-52.48977
-53.18317
-54.08505
-54.18680
-54.77496
-55.09275
-55.39403
-55.97055
-56.35170
-56.46110
-58.78709
-57.66224
-58.07496
-57.11155
-57.44857
-54.21014
-54.56277
-58.31236
-57.42535
-58.44078
-58.60707
-58.17356
-54.86484
-58.36464
-57.67867
-54.60997
-55.27538
-55.08877
-55.44146
-55.38356
-56.95175
-56.75478
-57.46430
-57.74448
-59.02396
-54.66229
-53.30244
-59.42140
-59.18126
-57.92105
-57.68872
-58.29418
-60.41830
-59.61245
-58.47102
-58.56348
-59.19045
-60.06688
-61.84986
-59.92981
-59.13616
-59.76686
-60.72972
-61.69149
-61.97104
-61.50870
-58.48020
-57.53505
-56.19672
-56.82797
-58.30459
-59.40647
-54.17860
-53.51045
-57.91159
-56.89402
-57.66927
-56.19904
-55.80705
-54.39528
-53.27613
-53.66755
-53.95279
-54.03726
-54.44185
-53.44779
-52.79512
-54.93744
-54.16747
-53.42017
-52.52593
-52.76013
-52.32949
-53.56960
-58.10698
-59.08477
-59.17247
-58.61883
-59.42710
-57.56210
-57.12458
-56.30302
-57.72931
-58.16289
-58.63608
-58.59327
-53.32252
-55.10216
-57.37623
-56.44194
-55.72698
-54.10479
-53.49697
-53.08537
-52.61336
-52.75194
-52.78670
-55.85354
-61.01005
-58.39604
-56.64004
-55.10076
-55.53227
-55.47645
-54.86863
-55.86910
-55.91174
-55.95044
-55.95770
-56.76376
-57.42127
-58.13815
-56.62395
-55.69185
-56.50190
-56.69568
-55.02123
-55.78015
-61.58336
-57.26577
-53.53804
-51.68607
-49.47040
-49.53162
-49.02001
-48.76938
-49.84588
-50.31466
-51.42849
-52.35657
-55.32202
-57.43941
-56.37999
-55.14120
-55.21832
-55.19727
-54.92969
-56.22113
-58.10784
-56.69851
-52.99058
-54.46852
-54.28410
-55.16632
-55.06089
-53.57718
-54.34789
-54.86598
-54.66721
-53.78541
-54.39646
-54.81630
-56.15495
-55.81927
-56.29843
-55.95488
-57.41177
-58.04937
-58.83597
-56.73484
-53.31931
-56.66279
-59.57948
-61.69386
-61.84318
-60.64401
-60.68224
-59.34532
-58.32314
-58.02832
-58.67449
-59.59492
-60.05809
-59.63110
-57.15957
-54.90725
-54.53703
-54.36426
-54.64439
-55.41561
-55.93698
-55.23966
-54.27810
-55.70455
-55.33742
-56.19472
-55.49219
-53.20896
-59.11982
-62.80704
-63.98179
-62.96006
-62.77070
-58.36010
-56.07353
-57.52530
-56.17508
-57.07730
-57.04097
-57.41422
-52.87806
-53.38436
-52.93500
-53.23349
-52.60271
-52.82491
-56.19316
-53.32209
-56.78230
-59.54922
-62.17873
-60.33282
-60.61819
-55.92516
-53.25525
-54.54029
-53.75466
-53.48571
-54.79827
-61.23700
-54.17537
-52.21468
-53.39954
-52.14130
-52.42822
-51.97288
-53.27508
-55.95905
-57.77769
-56.23156
-59.66996
-57.76937
-57.63800
-57.77005
-53.16016
-57.59417
-58.56008
-58.88811
-58.97389
-62.17049
-61.99000
-60.27070
-58.96149
-57.00525
-56.41811
-57.03852
-59.09901
-55.29315
-52.53646
-53.99860
-56.66912
-56.68077
-59.44432
-56.85050
-53.01296
-52.47405
-52.97567
-51.39108
-52.99849
-50.45450
-50.91183
-50.39760
-51.43108
-53.45429
-54.74639
-56.95240
-56.66461
-53.69076
-53.74249
-55.74433
-53.69819
-57.79107
-54.17190
-57.38369
-52.80325
-57.03763
-56.72871
-58.88348
-58.78249
-57.20607
-56.48549
-54.12062
-58.65370
-54.21117
-57.53614
-54.31944
-58.02813
-55.69720
-57.92904
-56.78631
-56.19981
-56.56741
-56.23470
-59.37207
-53.21546
-55.57624
-61.13529
-64.01049
-63.38738
-62.66366
-61.06232
-60.36589
-61.42964
-62.71512
-62.57371
-58.54280
-57.72693
-56.67168
-52.04355
-52.48836
-52.53047
-53.11475
-53.38953
-53.36459
-53.84485
-54.05848
-55.20352
-53.60903
-53.55471
-54.11638
-53.88955
-52.38003
-55.47236
-57.54904
-58.10102
-57.88233
-57.22944
-55.71480
-57.06147
-60.08913
-57.53620
-59.38883
-56.07272
-58.83077
-57.29381
-57.02152
-60.30762
-58.14317
-58.38717
-56.63149
-58.58914
-54.68924
-55.55034
-61.84132
-62.16282
-63.13486
-61.64735
-61.58113
-61.06922
-62.44558
-61.71660
-61.80934
-60.13707
-60.32946
-55.37238
-53.38434
-59.05127
-60.64821
-62.24158
-62.99677
-61.91311
-61.00559
-61.72615
-60.73183
-59.86185
-59.67186
-59.13777
-60.83155
-59.32889
-59.22240
-58.57371
-59.00314
-59.06346
-59.04270
-59.63822
-59.28242
-59.89968
-59.99009
-60.98140
-60.01473
-61.72489
-57.90476
-56.20607
-59.57517
-58.23691
-55.44204
-58.31275
-63.73856
-55.80000
-52.72941
-50.94665
-49.55567
-49.69697
-49.90901
-50.33972
-51.16328
-52.26953
-52.25767
-52.15575
-53.21133
-55.50176
-56.99935
-58.01042
-59.25800
-59.90291
-58.45567
-55.53023
-55.27658
-53.51102
-55.10327
-58.52315
-59.21950
-60.46733
-59.41413
-58.93818
-56.79774
-60.53877
-60.05217
-59.34347
-59.34240
-58.40986
-57.42054
-57.23827
-57.63476
-56.75998
-58.99518
-58.89676
-63.24858
-55.41467
-53.81011
-61.10744
-61.49882
-62.44572
-61.86336
-60.07941
-58.78829
-58.86974
-59.31971
-58.63085
-59.01240
-59.80666
-61.62639
-62.05946
-58.61227
-55.33672
-56.07372
-58.08959
-59.40037
-59.11058
-58.31560
-57.09818
-55.49382
-56.54631
-57.53994
-60.55549
-54.21929
-54.04208
-62.03550
-61.50693
-64.24715
-61.81105
-61.46994
-60.36555
-60.11835
-60.86571
-59.22524
-56.60654
-58.32240
-61.10193
-58.77710
-60.56152
-60.85848
-62.61736
-56.82400
-58.28574
-55.63969
-53.55614
-59.75939
-61.24519
-64.03740
-63.51913
-64.50326
-61.76827
-64.49958
-61.22205
-58.14072
-59.37349
-58.94110
-61.46915
-62.07378
-62.15996
-61.71033
-62.09872
-56.17280
-54.52897
-55.69844
-57.16048
-60.72979
-61.30003
-61.83711
-60.82558
-63.80851
-56.08559
-54.03731
-62.11421
-65.67828
-66.87902
-66.08351
-59.13872
-54.73954
-55.49955
-55.90154
-58.40743
-60.49915
-63.42320
-63.14788
-57.43449
-59.17205
-58.74022
-62.74170
-62.22605
-69.94538
-58.69504
-53.01835
-55.91070
-53.99709
-54.05540
-53.04584
-53.30481
-53.90666
-52.82399
-53.36177
-53.88611
-54.85266
-56.73997
-59.23675
-61.32506
-60.32077
-58.37800
-58.48958
-60.58314
-61.17110
-61.84147
-60.81133
-58.73599
-57.84228
-57.01667
-58.36685
-60.28792
-60.78879
-62.10221
-62.59540
-57.55028
-56.83218
-58.58383
-59.24646
-59.25769
-58.86144
-58.75415
-58.98391
-60.22525
-62.39494
-61.66434
-60.24696
-62.05061
-62.76095
-63.04365
-63.68885
-63.15401
-60.91581
-60.10483
-58.95186
-59.05377
-59.67827
-60.69527
-61.97879
-60.97444
-62.36254
-63.44857
-61.82782
-62.46617
-61.72148
-61.25689
-61.68473
-60.19984
-59.44604
-59.48372
-60.24802
-61.49629
-62.17868
-62.27436
-63.32300
-62.67361
-61.79350
-62.36370
-64.51581
-62.40332
-64.04805
-63.33707
-63.39921
-65.65763
-64.24284
-66.48306
-62.12236
-63.27703
-66.37499
-67.24226
-67.57932
-66.53443
-66.15026
-64.31834
-65.02136
-65.45574
-64.65474
-67.71185
-69.49976
-68.61125
-65.15296
-64.32398
-66.12939
-67.07261
-66.52904
-66.71150
-67.33134
-63.97392
-65.22301
-65.05199
-65.95503
-64.36918
-67.89880
-57.46908
-55.24360
-61.01711
-61.41106
-65.22618
-62.54528
-63.69861
-63.15189
-64.65271
-64.40814
-65.31199
-63.94172
-69.13944
-58.81062
-52.44465
-55.65781
-57.49734
-57.83856
-57.47214
-59.32685
-52.80923
-51.18985
-53.72928
-54.06486
-54.59315
-59.02957
-58.83260
-53.28880
-53.55074
-52.07318
-51.66118
-51.46625
-50.81758
-50.44983
-50.30140
-50.73032
-50.87961
-52.18706
-53.33617
-55.34404
-55.02799
-54.31890
-54.81316
-56.68165
-59.02818
-56.59965
-55.46391
-53.21680
-54.11626
-54.52870
-54.73435
-54.36205
-55.64552
-52.99118
-50.32945
-53.57907
-53.69615
-53.69490
-52.72116
-51.99057
-51.77860
-52.47785
-52.37997
-52.68669
-51.58915
-51.98960
-53.82921
-51.79151
-54.69543
-57.82324
-57.07272
-56.19633
-55.11335
-54.46695
-53.29578
-52.11507
-51.92753
-52.16804
-52.48472
-52.18138
-51.55147
-52.50084
-53.57864
-53.53783
-52.86511
-52.44966
-51.71879
-50.93007
-51.41916
-52.57938
-53.99362
-54.70237
-54.03924
-52.29107
-51.36514
-51.32115
-50.27789
-50.90956
-52.25749
-52.08484
-51.80989
-51.43154
-51.00672
-51.75517
-53.66854
-54.18318
-54.95114
-50.38015
-50.93421
-54.75371
-54.93125
-56.95453
-58.01493
-60.34293
-53.68706
-54.94456
-56.30329
-55.41759
-56.15638
-55.40033
-54.81776
-53.71625
-55.30000
-54.51303
-55.42547
-57.03914
-58.57003
-56.97639
-55.67616
-56.06018
-56.50053
-57.52732
-57.29809
-56.71824
-56.70898
-57.77087
-56.62160
-56.35896
-55.50895
-55.88774
-55.83404
-52.95359
-55.93131
-60.84672
-60.78167
-61.57706
-59.79968
-52.17490
-50.65114
-52.98749
-53.32112
-55.45642
-55.52133
-56.94877
-55.19591
-55.94229
-57.08159
-56.14127
-56.58583
-56.89625
-58.06125
-52.80158
-54.02921
-56.19977
-54.63788
-54.10871
-52.87313
-52.45214
-51.87100
-52.93375
-53.64170
-55.70565
-56.90503
-57.17212
-54.32444
-52.37511
-55.08763
-55.22852
-55.30943
-56.77426
-58.65569
-53.81448
-54.36928
-58.79999
-58.60579
-58.39313
-58.85891
-55.38598
-50.86148
-56.26046
-59.82429
-59.10601
-59.04296
-57.02046
-59.06535
-55.71168
-52.01168
-51.20315
-51.78865
-52.57263
-55.88436
-53.69344
-52.64593
-54.98304
-57.04900
-58.60398
-59.84127
-61.02923
-58.31207
-57.53631
-57.74142
-58.80111
-58.68150
-57.88973
-56.94190
-55.66395
-57.25476
-59.47486
-58.43308
-58.03571
-57.12548
-59.30468
-58.52161
-55.85533
-56.55609
-55.94147
-56.37838
-58.24150
-53.92335
-52.21067
-54.62667
-56.01189
-58.38189
-57.64318
-57.96345
-56.92202
-57.25880
-56.58226
-56.74678
-55.90486
-57.18754
-54.58223
-51.69026
-60.04831
-61.91728
-59.56650
-56.51456
-59.70897
-55.34005
-53.47656
-60.67230
-62.02996
-64.21103
-62.23940
-63.68056
-53.11521
-52.36559
-52.82501
-53.14786
-57.12189
-59.53988
-58.62150
-52.59783
-56.75503
-61.19771
-62.45308
-61.55814
-60.73442
-57.42760
-52.75283
-54.30853
-54.96936
-54.37631
-55.35671
-60.40697
-61.89143
-59.21565
-57.86012
-57.19642
-55.95185
-56.90237
-59.82412
-54.18545
-52.02628
-53.21753
-53.55705
-54.96721
-59.81766
-56.60157
-53.64677
-58.16559
-58.95400
-54.99969
-56.40056
-59.32589
-54.77479
-51.99315
-50.82181
-49.62016
-49.05419
-48.66298
-48.45294
-48.88938
-51.41502
-52.56591
-53.10690
-53.74572
-54.44433
-54.65964
-52.18400
-51.27764
-51.40516
-52.45234
-53.18403
-53.39848
-52.08399
-53.15591
-54.07530
-53.85127
-53.79811
-53.02050
-52.88793
-51.64244
-51.66042
-52.04000
-53.03864
-53.25145
-53.94904
-54.61994
-55.15959
-56.48155
-56.51957
-57.13759
-56.80910
-57.49456
-56.16114
-53.39262
-53.64765
-53.16348
-52.85047
-53.25291
-53.11056
-53.17946
-52.47772
-52.68333
-53.03322
-53.82895
-54.87542
-55.92236
-55.16983
-54.20863
-54.75131
-53.76456
-53.91146
-54.55813
-54.39704
-55.26417
-56.00764
-54.86355
-55.54910
-55.52107
-56.39017
-57.26770
-53.55894
-50.64385
-49.39315
-49.05568
-49.51839
-50.29110
-50.09930
-51.69540
-52.17299
-52.69791
-53.57104
-54.14561
-53.99370
-50.96644
-49.49968
-49.45678
-49.71748
-50.47165
-51.23947
-50.90620
-51.70206
-51.66083
-51.43556
-52.79251
-53.65812
-54.91227
-53.80916
-51.29768
-51.45400
-52.22207
-52.29041
-52.03209
-52.12976
-52.27885
-51.99424
-51.86750
-52.13693
-52.26212
-51.58711
-52.04421
-52.18347
-51.90469
-51.87539
-52.41487
-52.59905
-52.97470
-52.22094
-52.19111
-55.72552
-56.11585
-54.26208
-54.51360
-59.37818
-52.18611
-51.57128
-56.71413
-53.47439
-52.91971
-55.09867
-57.21901
-53.09198
-55.18180
-55.25439
-54.78092
-54.66407
-55.40316
-55.20729
-51.47172
-52.39882
-50.87874
-50.24774
-50.57754
-50.66474
-49.84624
-49.75881
-50.80862
-51.41195
-52.00671
-52.68044
-53.17023
-52.52714
-53.26157
-54.04867
-54.86224
-54.89135
-55.79062
-55.58799
-52.21746
-52.39259
-51.80993
-50.53791
-50.95670
-51.11680
-52.30060
-53.48009
-54.05165
-53.91021
-53.56455
-53.79321
-55.22411
-54.63661
-53.59519
-54.06342
-54.99662
-55.95402
-56.61366
-57.66085
-52.91633
-50.50084
-50.77570
-50.51985
-50.62068
-50.01889
-50.27313
-51.06062
-51.80066
-52.00153
-52.22252
-52.93074
-53.59718
-53.90896
-52.18524
-52.70367
-52.85344
-53.11110
-53.29749
-53.56881
-52.26603
-51.00861
-52.76487
-53.23388
-53.69717
-53.70841
-54.87416
-50.89283
-48.12028
-48.14266
-47.87631
-48.24423
-48.99100
-49.42244
-49.30334
-49.41069
-49.58625
-50.26399
-50.69474
-52.59126
-50.57340
-49.11618
-50.07932
-49.06272
-50.72750
-52.27629
-51.88356
-52.61866
-53.62786
-52.80488
-51.86445
-51.98483
-52.84422
-53.24261
-50.46958
-49.81910
-50.81439
-53.10362
-53.05382
-52.43819
-51.67968
-50.92265
-51.34910
-51.51791
-52.68142
-52.33671
-52.58979
-51.21736
-50.70391
-51.10068
-51.13205
-51.65318
-53.35826
-52.85025
-52.68765
-52.74825
-52.04393
-53.65617
-53.56635
-53.47635
-52.97952
-52.37265
-51.40867
-52.15250
-52.93677
-53.41851
-54.10103
-52.64851
-53.25580
-57.90990
-56.21343
-52.91487
-55.09055
-57.71833
-53.49780
-50.85655
-49.61867
-48.70338
-49.29720
-48.72302
-49.18397
-49.37182
-50.24225
-50.62116
-51.64700
-52.97103
-52.82198
-52.36128
-51.96220
-53.29986
-53.41478
-53.94179
-53.77114
-55.28238
-54.20304
-52.91970
-51.90181
-51.20692
-51.73991
-51.73009
-51.46756
-51.43025
-51.32857
-51.69550
-53.35904
-54.21844
-54.75396
-53.83207
-53.91532
-53.80183
-53.55811
-54.39304
-54.59651
-55.45719
-54.07998
-54.05958
-54.08060
-51.82318
-51.84926
-51.28453
-52.61674
-52.79091
-51.96913
-52.43811
-52.94984
-53.96714
-53.96758
-54.10318
-55.71152
-55.96860
-53.06816
-52.99038
-52.49283
-52.85725
-53.52442
-54.64345
-54.09615
-53.16943
-54.29997
-55.44689
-55.56179
-55.47604
-52.45207
-48.80664
-48.65623
-49.46628
-50.36065
-49.47137
-49.64154
-51.52166
-51.69532
-50.91411
-51.22442
-53.71961
-52.85507
-50.60165
-51.42870
-50.91432
-51.22080
-52.63906
-52.41847
-52.98977
-52.80558
-53.38403
-54.77595
-55.24100
-53.69577
-52.48023
-51.95684
-52.00864
-53.15946
-53.22492
-52.78792
-52.88976
-52.09319
-50.13134
-50.23687
-52.11173
-52.97974
-52.77006
-52.36064
-52.92846
-52.66717
-52.17853
-52.39196
-54.36264
-53.93680
-53.42976
-52.11564
-52.51307
-55.66051
-54.36832
-53.27261
-55.67056
-56.90747
-50.73156
-53.05444
-57.15457
-54.04595
-52.85603
-57.02931
-55.65145
-52.05017
-54.60626
-54.06825
-55.50304
-54.39473
-55.17386
-53.29437
-51.81165
-50.84123
-49.27812
-49.72586
-50.20691
-51.60574
-52.00302
-52.46148
-52.97347
-54.83180
-55.03426
-55.72029
-56.61589
-56.52170
-56.77886
-56.95112
-57.75831
-57.63238
-59.59641
-56.17614
-52.15986
-51.32135
-51.38307
-51.77518
-51.43769
-50.91886
-51.40666
-50.97802
-51.01462
-52.36600
-53.09751
-54.60089
-56.39525
-54.87746
-53.69157
-54.36987
-54.51460
-54.37749
-57.05080
-56.95693
-52.86275
-51.11971
-50.51443
-51.11687
-51.20973
-51.33625
-51.12342
-51.12969
-51.73374
-52.90870
-53.63474
-53.92808
-55.67168
-55.08843
-55.00426
-55.00522
-55.14229
-55.27418
-54.15478
-53.77313
-54.14861
-54.23827
-54.73025
-54.57312
-55.13660
-54.84626
-54.89030
-54.43338
-50.28405
-49.09301
-48.95923
-48.45173
-47.92685
-48.09773
-49.57844
-49.67793
-50.57532
-52.01522
-52.05787
-51.82386
-50.04786
-50.26809
-51.09624
-49.90106
-51.51418
-53.79923
-53.71200
-53.34642
-52.95911
-52.83570
-52.76352
-52.48638
-53.75641
-53.44971
-50.77442
-51.38517
-53.08989
-53.50596
-52.39611
-52.44367
-52.45676
-52.61663
-53.83020
-55.38332
-55.81000
-54.03430
-54.69228
-51.92708
-50.82063
-52.04778
-52.53035
-52.70023
-52.26448
-52.78302
-52.36117
-53.01490
-53.56199
-53.97960
-53.57019
-53.67646
-53.28776
-52.98121
-53.16184
-52.73758
-52.65725
-52.59590
-53.15766
-51.74681
-53.92234
-56.49184
-54.76309
-54.01601
-57.45037
-58.52474
-53.53074
-51.45144
-50.26368
-50.40409
-51.39962
-51.70629
-50.82681
-50.43343
-51.29759
-51.34750
-52.53048
-54.62080
-56.29109
-57.04124
-56.30153
-55.52589
-56.47742
-57.85041
-58.95301
-57.36467
-52.90113
-56.50426
-59.02544
-60.93491
-59.48132
-61.84104
-55.78220
-52.28291
-60.72449
-60.69589
-61.41558
-58.96662
-58.52664
-58.03837
-56.91353
-57.16928
-56.53622
-58.00763
-58.22174
-59.42967
-59.32748
-52.20847
-50.61226
-50.59670
-50.05925
-50.92561
-50.59527
-50.19542
-50.30096
-50.81276
-50.86092
-52.80044
-54.72723
-56.39507
-56.12303
-55.29703
-55.04980
-54.92431
-53.88301
-53.27255
-53.47622
-54.07600
-54.33053
-55.24987
-55.63872
-55.83129
-56.09660
-52.78214
-55.46591
-59.07290
-59.38879
-60.05160
-59.94087
-59.62127
-57.37247
-57.48618
-56.74918
-57.65599
-58.54833
-60.28515
-59.36361
-53.98370
-52.11530
-51.76841
-52.12672
-52.15590
-52.81465
-54.49060
-55.23322
-55.12259
-55.47108
-56.25680
-57.15880
-57.81165
-56.52162
-57.66269
-56.88725
-54.92463
-54.98845
-55.39484
-55.97357
-56.57741
-56.58041
-55.27534
-55.49949
-56.69979
-57.99015
-58.52027
-58.16274
-58.94668
-60.46870
-59.38819
-59.08435
-58.32426
-52.68642
-56.21386
-59.78623
-59.54730
-62.57193
-61.45312
-62.22185
-60.03301
-62.14935
-59.12499
-61.16318
-59.20616
-63.70679
-56.22697
-57.66437
-59.58926
-55.95140
-59.43629
-57.65595
-63.96758
-54.03145
-55.04163
-61.75495
-61.74581
-64.25038
-62.90451
-62.68545
-61.29449
-61.67050
-60.03633
-60.26202
-60.44282
-59.87634
-59.87938
-60.51010
-62.06876
-62.24726
-63.24509
-62.24572
-66.43092
-54.54212
-53.97832
-61.78481
-62.83356
-65.80599
-64.59623
-64.28749
-52.08232
-57.03033
-64.18942
-63.09151
-66.42052
-62.39865
-64.84431
-61.40357
-60.31233
-59.76593
-65.46233
-61.81010
-68.44461
-55.76798
-53.46311
-60.02398
-61.86761
-64.58209
-66.58511
-65.40270
-65.05316
-63.95911
-63.35991
-63.21244
-63.84532
-64.40942
-65.33899
-58.78169
-50.29163
-48.72369
-48.25024
-48.63880
-49.31890
-50.11953
-51.85402
-52.93521
-52.03391
-51.79853
-52.82729
-52.66315
-52.17417
-53.74023
-57.88307
-58.87435
-59.28492
-56.84564
-56.20960
-56.51986
-58.68388
-57.11525
-59.93029
-57.90690
-61.46608
-57.47653
-52.08848
-58.76896
-57.79823
-57.68367
-54.61513
-54.56263
-52.83032
-52.94709
-58.31935
-59.31492
-63.48065
-62.41739
-62.29748
-59.64013
-53.08790
-50.43048
-50.06379
-50.08525
-50.87273
-50.36206
-50.83557
-53.13187
-54.12886
-55.48521
-57.66568
-56.23622
-54.36865
-52.58184
-53.68702
-55.47159
-55.11636
-55.01099
-55.18624
-56.18011
-57.39675
-57.42982
-57.23011
-58.06345
-57.55861
-55.69408
-54.15215
-54.39400
-54.99315
-56.22636
-55.89824
-57.43329
-56.35306
-54.29112
-59.54212
-63.63764
-56.50330
-57.53076
-61.20828
-62.16237
-53.06553
-48.52637
-49.01619
-48.84511
-49.51548
-50.53781
-51.20535
-50.54742
-51.15987
-52.71043
-54.09347
-54.57702
-57.08842
-57.63224
-57.64917
-57.65868
-56.10310
-55.89772
-55.61587
-53.56962
-52.92533
-57.07817
-58.33381
-59.12394
-57.73972
-57.40792
-51.88258
-53.22611
-58.29685
-56.69613
-55.75903
-53.45210
-53.69644
-53.25190
-54.80189
-55.92660
-58.46923
-57.61265
-58.66373
-56.64060
-53.04123
-57.35619
-62.46977
-62.09352
-61.83390
-60.79676
-60.37246
-60.66476
-62.51106
-63.81360
-60.51185
-58.35089
-59.54292
-60.33562
-58.77975
-58.27881
-57.65830
-57.40138
-56.93909
-57.47516
-57.62023
-57.16976
-56.12185
-59.07423
-59.39469
-59.94235
-57.45443
-53.47183
-58.90012
-59.74245
-63.21368
-64.27283
-62.80964
-62.16740
-61.10549
-60.06028
-60.82949
-62.20195
-60.81979
-58.93704
-51.78786
-57.31225
-62.75202
-61.31953
-58.94334
-57.83744
-56.63275
-52.37939
-58.00589
-61.07915
-62.08675
-62.47002
-61.54283
-62.03069
-60.92582
-61.28887
-62.01334
-63.10242
-62.38030
-60.64161
-60.63937
-61.19186
-60.56711
-60.75966
-61.62405
-59.92982
-60.97376
-61.33254
-60.29514
-60.99004
-61.20238
-59.61508
-60.53840
-56.33814
-52.27621
-59.23875
-61.89522
-64.68897
-64.71855
-63.78725
-61.60316
-61.80991
-61.42461
-59.47735
-62.28028
-60.63227
-62.30320
-54.17157
-57.81263
-56.35143
-57.57850
-58.98096
-60.53772
-60.48034
-52.23089
-52.26160
-50.14743
-50.65054
-51.00141
-50.49888
-49.89173
-50.07271
-50.10237
-49.47351
-51.41675
-55.32931
-57.73787
-57.28217
-55.77340
-54.51855
-55.17841
-55.80249
-56.96387
-55.59956
-52.53141
-53.53563
-53.20670
-53.87259
-54.03127
-56.54571
-53.40629
-51.66897
-60.30298
-58.03480
-59.59961
-56.68547
-54.71699
-55.03671
-55.82091
-55.84425
-56.36189
-58.62149
-60.10067
-61.31274
-54.36211
-53.01591
-52.93712
-52.53697
-52.19695
-51.43202
-51.86593
-51.67267
-51.40399
-52.30990
-53.57162
-55.52640
-56.63559
-56.55537
-56.62695
-57.64452
-57.61824
-57.91283
-56.91951
-58.11153
-52.98328
-54.13704
-58.63844
-58.61848
-59.95750
-60.85617
-59.64748
-51.81093
-57.32153
-62.80182
-59.07184
-57.99600
-57.91506
-58.16172
-57.42960
-57.38290
-57.59983
-59.96969
-58.37920
-60.38376
-54.52081
-53.40993
-55.50355
-53.73807
-53.29760
-52.49027
-52.49356
-52.26667
-52.92055
-53.84903
-54.31465
-56.09532
-56.95320
-59.12661
-58.14293
-59.17342
-57.47646
-57.62904
-55.87155
-57.49757
-55.03626
-53.73422
-59.61198
-60.44109
-64.26739
-60.73458
-64.22739
-52.57214
-53.82305
-63.95837
-60.42979
-59.61230
-57.73691
-59.75330
-56.59940
-57.82563
-56.93246
-58.52097
-58.67951
-61.86961
-58.22747
-52.76164
-58.84754
-63.98080
-64.13564
-63.25370
-62.93707
-61.85178
-62.04051
-61.19439
-61.73738
-62.25891
-62.25809
-63.28886
-54.19040
-55.10236
-59.80334
-61.58020
-65.80704
-63.43352
-62.79988
-61.16635
-61.48588
-61.56003
-60.60652
-62.40741
-57.06987
-53.64453
-55.81942
-57.80517
-58.02353
-59.33122
-58.82968
-60.10927
-53.72406
-54.39648
-62.25654
-63.89544
-64.81099
-66.44381
-62.52239
-52.23039
-57.66787
-65.36219
-64.08898
-65.24328
-61.97383
-65.37889
-56.46702
-51.02158
-50.04165
-50.62024
-51.41138
-54.60554
-53.10336
-52.09674
-53.65801
-55.72517
-57.00158
-58.50888
-57.23652
-56.91575
-56.87912
-57.73609
-58.42706
-60.76431
-59.32732
-55.96145
-55.17619
-50.03721
-49.07713
-49.71139
-50.72099
-51.84309
-53.15392
-54.35002
-54.63507
-54.32730
-55.10136
-55.73738
-54.60244
-52.53719
-53.37660
-55.01239
-54.32799
-55.15993
-53.96894
-54.54055
-54.45297
-56.05108
-55.17103
-55.97665
-55.93599
-59.54889
-55.03181
-52.11643
-58.37051
-57.68595
-58.34485
-57.24268
-60.15247
-55.18825
-53.63674
-59.98003
-60.74647
-63.25965
-62.02829
-60.98540
-57.66305
-52.71528
-51.81908
-51.46788
-51.00150
-50.68699
-50.32255
-49.97696
-50.29430
-50.83854
-51.94085
-52.66006
-55.64188
-55.29085
-53.11295
-57.42907
-56.71089
-58.46269
-59.63161
-62.23151
-62.21865
-59.80430
-60.19311
-60.11365
-57.76327
-59.12718
-57.96277
-51.38588
-56.82234
-62.11679
-61.07745
-59.27383
-58.37195
-55.70890
-52.86984
-58.29259
-61.46764
-64.60210
-63.83062
-67.90656
-57.50772
-52.07270
-52.01342
-51.10949
-51.02317
-51.05675
-50.71689
-50.29462
-50.95857
-51.61730
-54.05590
-57.44212
-59.58277
-58.65362
-57.42203
-57.88225
-57.83179
-57.22652
-57.01419
-56.76389
-56.27937
-56.63541
-57.43538
-58.24539
-57.64893
-58.20760
-58.39118
-58.23473
-56.93730
-55.05534
-55.67546
-57.08467
-58.11732
-57.93201
-57.72023
-59.75889
-59.54658
-60.40068
-62.19336
-61.71126
-62.26468
-61.56911
-61.57949
-62.43257
-62.48400
-62.21001
-62.19375
-62.38686
-63.07339
-64.84409
-65.78014
-64.88810
-63.63786
-63.34081
-65.13830
-61.62511
-59.73230
-59.87793
-58.88160
-59.02517
-59.03398
-58.73405
-59.02524
-59.15434
-60.23331
-62.14017
-62.90531
-63.96826
-63.20323
-63.55573
-63.54240
-64.35935
-64.88631
-63.10710
-62.60435
-63.83039
-67.00838
-65.54153
-65.45016
-66.67785
-65.29294
-65.67047
-66.39623
-64.09840
-63.16116
-63.85040
-63.47282
-62.80776
-61.78262
-61.69085
-62.82354
-63.75373
-65.31619
-66.36258
-65.06728
-64.67166
-64.98875
-65.55684
-66.03055
-66.54948
-66.49537
-67.29894
-68.02594
-68.20267
-66.98433
-66.62308
-67.53986
-67.25308
-66.76187
-67.76159
-68.26660
-67.36364
-66.59349
-65.35873
-65.91365
-63.70614
-63.37532
-64.84965
-66.39023
-66.73914
-67.52848
-67.62603
-65.09008
-66.31685
-67.77964
-68.14540
-68.53126
-68.77123
-67.22839
-67.23495
-67.75858
-65.19959
-68.75185
-69.95616
-74.37118
-59.37929
-52.24236
-52.38048
-52.36959
-52.60268
-52.16954
-52.54283
-53.15266
-53.39843
-53.81233
-55.09121
-57.83579
-58.04768
-56.96776
-55.73378
-57.91059
-60.16007
-63.91270
-64.58222
-64.64499
-61.07817
-53.78225
-52.39645
-52.73010
-53.69936
-55.33429
-56.44769
-59.37775
-59.73299
-58.35419
-58.22761
-58.31088
-58.95211
-61.15527
-62.05895
-60.96714
-60.23928
-62.77878
-64.70741
-67.27409
-65.77550
-55.77211
-54.53299
-54.45778
-53.81097
-53.74277
-53.97161
-55.08520
-55.16233
-55.92971
-56.44910
-58.29816
-59.18333
-59.15646
-55.21373
-53.17903
-53.86795
-54.52263
-56.66947
-58.25655
-58.87447
-58.70479
-60.49474
-62.35592
-60.32856
-58.48681
-58.20838
-58.54996
-59.45295
-61.73226
-60.71142
-59.83443
-60.25438
-60.43774
-60.16774
-57.87637
-58.40112
-59.27116
-60.09871
-60.65786
-60.17605
-58.14702
-56.07365
-56.52788
-56.36939
-56.22851
-56.32379
-56.19172
-56.32249
-58.11186
-59.59852
-60.54491
-61.09303
-62.09186
-62.47774
-61.62799
-61.80140
-60.13903
-61.08008
-62.54026
-63.22249
-62.29514
-60.93397
-61.35386
-62.15365
-63.06092
-63.51969
-63.53338
-61.54539
-61.83847
-62.01561
-61.23011
-61.64203
-61.41620
-62.63514
-63.28870
-64.05579
-64.85870
-64.37945
-64.36657
-63.38451
-62.76640
-63.04877
-63.82892
-65.25151
-64.59194
-64.73806
-64.97001
-63.22006
-64.13861
-63.61183
-62.68670
-63.32795
-64.41285
-66.04737
-66.17683
-65.12389
-64.44376
-65.19910
-64.29539
-63.79525
-63.57647
-63.36013
-64.84324
-66.13966
-66.31401
-64.37702
-65.66954
-65.60472
-65.17033
-65.13778
-62.98173
-64.73331
-65.43782
-65.79687
-65.93240
-63.23132
-65.61975
-66.47105
-64.86609
-66.14526
-63.81643
-66.86321
-66.52640
-64.72670
-65.85428
-63.88402
-66.58031
-66.98700
-65.19769
-66.00571
-64.73991
-66.57017
-67.76780
-65.78229
-65.69554
-64.12126
-66.86437
-68.13734
-67.06669
-66.30149
-64.72706
-66.46367
-67.75385
-65.91803
-65.76788
-64.72396
-67.56919
-64.96770
-58.99695
-59.08147
-58.82759
-59.44229
-58.75442
-58.62290
-59.50346
-60.62489
-64.15308
-63.33175
-63.96330
-63.85572
-61.90556
-60.85065
-60.84696
-62.79066
-64.04381
-65.40149
-68.05397
-67.57488
-65.24150
-64.30148
-64.42525
-64.07960
-63.42397
-63.90426
-64.86217
-64.84082
-66.06923
-64.93788
-63.68926
-63.07559
-63.48844
-66.54697
-68.21646
-68.78254
-67.59300
-67.63298
-65.36983
-63.72763
-62.67844
-62.05431
-62.11889
-61.45710
-60.99105
-61.27353
-61.44139
-61.49528
-61.57272
-60.44663
-61.07241
-62.27985
-61.31309
-61.36859
-61.68726
-60.84097
-61.18363
-60.53141
-60.21734
-60.51992
-61.23607
-62.07988
-62.19993
-61.20531
-61.37323
-60.80438
-60.47996
-60.42320
-60.39520
-61.57582
-62.65429
-64.93190
-63.68591
-63.13737
-62.96024
-62.95611
-61.75341
-61.94904
-61.88041
-62.20319
-62.35693
-62.14281
-62.54870
-61.72067
-60.86077
-60.49317
-61.89570
-61.09302
-60.39308
-61.78107
-63.45610
-62.36730
-63.07758
-62.98241
-62.59788
-62.78912
-62.96540
-64.29043
-63.02834
-63.03265
-64.04793
-63.44211
-61.04248
-61.33092
-63.40993
-62.16673
-62.59570
-63.56755
-63.88835
-66.74650
-65.70413
-64.43297
-63.15236
-62.46578
-62.67674
-61.34959
-61.84971
-62.96872
-63.64626
-64.15477
-64.05941
-63.64111
-63.43162
-63.38169
-64.66097
-64.28460
-63.97614
-64.53856
-63.64378
-62.74305
-63.10580
-65.00013
-64.57322
-64.25465
-64.34990
-64.77762
-62.87797
-61.97892
-62.36796
-62.39521
-63.38133
-64.49156
-65.12003
-64.35566
-65.86961
-67.58185
-64.44242
-62.59925
-63.11999
-63.31858
-64.43125
-67.13788
-66.58539
-64.79707
-65.25721
-65.73823
-65.20274
-65.04640
-66.87980
-68.20648
-66.74324
-68.49389
-69.64563
-67.75966
-67.77653
-67.87011
-68.70244
-68.03606
-69.48353
-68.77946
-68.78850
-70.14439
-70.21069
-70.85368
-70.49177
-72.43082
-72.25748
-72.58626
-74.42516
-74.56664
-73.73735
-74.05435
-72.56894
-72.88687
-72.73359
-73.48691
-72.03157
-72.30577
-73.93657
-73.81145
-74.14210
-72.43454
-73.88254
-73.82307
-73.24707
-74.34134
-74.39192
-75.89197
-76.78209
-76.54175
-77.63822
-77.47122
-78.45849
-78.27900
-80.63676
-81.93920
-80.98344
-80.95443
-80.88865
-81.84479
-82.15531
-83.81991
-88.98553
-85.79644
-83.41159
-82.83375
-80.75174
-80.16296
-80.14548
-82.17378
-81.93615
-83.29604
-84.77855
-86.12690
-87.96611
-88.62153
-88.48168
-88.29883
-89.48464
-90.60544
-91.36484
-90.27061
-90.19792
-90.47977
-91.34094
-90.63740
-91.22606
-91.21657
-91.64140
-92.95158
-93.05239
-92.63705
-90.24906
-89.86708
-90.02510
-90.42492
-90.57710
-92.10775
-94.34540
-95.36712
-97.11960
-98.08319
-100.28698
-99.87798
-100.75870
-102.60658
-103.97548
-102.29173
-101.07827
-104.94231
-106.86361
-108.90914
-111.49504
-112.31214
-116.43486
-116.81556
-125.63698
