-85.34988
-53.84540
-47.34335
-47.69018
-47.67748
-47.62181
-47.88760
-49.67260
-50.77126
-51.69353
-52.95683
-53.77736
-54.14163
-55.43432
-55.61245
-55.50361
-55.37849
-54.73324
-55.21889
-57.38325
-60.07583
-59.93402
-60.26520
-60.22437
-59.43240
-60.13084
-61.66085
-62.58799
-61.33154
-56.29786
-55.49451
-55.24833
-56.19656
-55.55367
-55.83023
-56.41696
-58.27649
-60.17223
-60.29733
-59.29510
-64.78570
-59.36634
-48.73198
-48.33228
-48.78466
-48.37830
-47.62322
-47.23625
-47.58657
-47.69304
-48.09552
-48.64316
-49.99925
-53.11680
-54.71881
-54.07180
-54.33949
-53.49123
-55.30330
-54.16893
-55.41434
-57.38164
-56.23023
-56.59048
-54.50446
-53.75837
-54.98337
-57.63469
-58.56901
-56.19384
-56.09557
-57.28847
-56.85851
-55.38746
-54.63546
-54.60417
-56.06848
-57.15981
-58.23043
-60.28652
-60.89935
-60.28997
-52.55985
-49.59668
-49.12141
-48.91417
-48.65975
-48.01101
-47.93819
-47.99503
-48.94330
-50.07952
-52.69362
-57.02830
-58.33102
-55.31492
-53.75125
-54.15429
-55.98022
-57.22255
-57.58097
-55.76291
-53.87385
-53.73785
-54.10025
-55.65083
-57.43663
-60.43055
-60.36457
-60.18220
-62.19726
-62.99297
-60.95687
-59.00373
-57.87616
-56.76153
-56.86171
-58.02179
-58.64303
-58.77937
-59.87077
-62.26229
-65.04863
-61.29570
-58.92416
-59.03751
-60.73003
-62.80904
-63.37709
-64.38748
-65.51383
-66.39429
-67.76061
-69.57090
-69.38843
-68.32485
-63.92761
-61.32241
-60.83921
-60.83158
-60.47882
-59.58954
-59.27763
-59.05492
-59.52407
-60.67077
-62.58720
-66.77027
-69.01919
-66.67345
-64.37063
-62.72875
-63.69931
-65.94462
-66.79831
-65.50544
-64.95753
-65.14753
-65.86317
-67.58147
-68.89786
-72.18954
-71.83793
-72.48070
-70.07047
-68.81012
-68.13903
-69.08191
-67.85739
-66.15917
-67.42748
-68.65168
-68.22377
-68.38462
-69.49897
-71.08857
-71.89397
-69.76869
-69.82233
-68.77610
-71.70747
-71.43160
-74.22828
-71.30770
-73.78234
-70.68884
-73.01541
-68.65350
-79.41494
-55.13943
-47.19474
-47.83242
-47.98109
-47.56616
-47.19477
-48.14861
-49.38378
-49.58916
-50.41136
-52.66723
-53.81699
-52.34838
-51.07033
-51.31251
-51.88781
-51.68581
-53.37685
-56.10956
-58.70110
-58.50282
-58.15961
-57.96449
-56.99113
-57.15321
-59.03702
-60.44799
-61.54523
-56.13262
-53.76474
-53.47149
-53.18435
-53.13429
-53.48972
-54.43646
-55.31481
-56.03416
-58.98613
-59.45566
-60.68412
-57.50147
-49.55444
-48.10678
-48.39751
-48.84488
-49.14325
-50.33004
-51.35807
-51.83899
-50.86117
-50.12866
-52.09915
-53.28875
-54.85403
-55.80387
-55.06157
-54.65587
-54.60623
-54.50563
-54.20110
-55.26008
-54.74218
-55.24820
-56.59499
-56.84576
-59.61865
-59.72043
-59.82935
-55.29476
-53.95071
-54.27736
-56.37277
-58.25060
-58.90635
-59.70336
-59.05516
-56.91792
-56.39344
-57.90331
-61.28265
-61.64843
-49.81628
-47.36513
-47.40183
-47.81698
-48.53052
-48.74699
-48.80804
-48.80633
-49.42719
-49.94093
-50.80804
-51.00639
-52.57232
-53.32724
-54.57486
-53.98353
-53.27560
-54.54101
-53.72608
-53.69298
-53.50407
-53.23244
-54.98525
-55.48558
-56.14194
-56.37606
-56.24667
-54.82363
-53.57396
-54.11757
-54.53975
-55.83340
-56.13882
-57.12044
-57.05997
-56.30893
-56.38593
-55.96083
-56.35364
-57.10254
-57.39776
-58.48573
-58.95036
-59.25742
-60.80635
-60.12488
-61.89875
-63.40957
-63.05745
-63.44519
-64.10725
-66.05443
-68.04402
-66.59286
-58.31946
-56.06322
-55.90465
-56.13319
-57.11346
-57.44595
-58.21260
-58.96691
-59.39526
-59.57397
-60.49120
-61.16574
-62.93721
-62.91532
-63.11875
-63.74377
-64.38101
-64.86690
-65.22801
-66.92396
-67.46048
-66.82767
-68.17272
-67.73174
-67.94914
-67.88285
-65.45786
-64.62746
-63.59527
-63.79094
-62.80258
-63.38751
-63.97853
-65.20090
-66.49127
-67.13088
-68.44904
-68.42620
-67.97052
-69.21552
-69.25671
-68.89328
-68.88862
-69.77243
-68.48242
-67.92016
-70.29506
-72.92121
-73.30025
-73.92205
-73.08982
-72.12480
-69.05527
-55.27937
-53.82284
-54.50156
-55.15535
-55.64818
-55.84742
-55.14439
-52.83338
-54.59053
-55.47337
-56.94749
-56.17129
-58.05790
-54.63462
-52.54355
-52.91938
-53.77726
-54.41853
-54.92712
-54.79189
-52.63463
-55.45443
-57.77297
-52.47012
-49.51625
-57.11425
-54.86122
-48.70634
-49.69669
-49.50267
-48.91803
-48.88940
-49.34202
-49.58407
-49.23303
-49.65034
-51.04388
-53.05329
-53.43082
-53.77021
-54.98511
-55.88252
-55.32745
-55.78709
-54.98558
-55.70409
-54.82932
-49.39889
-49.70750
-50.86123
-50.71668
-50.46654
-51.63915
-49.53161
-49.27372
-51.21710
-49.76800
-50.20264
-50.46172
-53.16437
-53.47286
-54.23229
-55.07446
-55.95209
-56.62987
-56.30793
-57.27769
-50.11483
-50.29592
-52.08762
-50.11573
-50.64158
-49.82363
-49.81032
-49.92649
-49.90810
-50.80887
-52.33748
-55.56333
-58.04524
-56.78678
-55.64261
-54.85953
-54.82169
-54.87111
-56.19686
-57.96027
-56.94180
-56.81512
-55.82335
-57.17271
-57.77010
-60.20121
-56.92686
-49.52848
-49.11294
-49.08100
-48.43472
-47.94593
-47.59822
-49.04278
-49.08817
-49.26309
-50.86608
-52.38964
-52.12309
-52.43698
-49.23628
-48.33832
-49.48714
-49.51313
-49.50410
-49.48721
-48.86840
-47.40089
-50.42874
-53.64855
-56.96179
-59.26777
-56.85404
-56.83831
-56.02535
-55.43508
-54.80815
-54.37261
-53.74668
-54.70566
-54.99587
-54.34760
-55.23696
-55.76395
-58.12974
-58.85394
-57.96063
-56.24563
-54.99908
-55.03240
-54.63835
-54.25974
-55.01756
-54.21592
-48.09187
-51.17116
-57.51714
-57.82114
-61.16129
-59.96818
-59.93162
-56.69723
-55.09571
-54.92195
-54.72852
-54.05037
-56.37921
-53.36267
-56.53858
-55.91285
-56.47006
-57.09763
-59.07145
-61.62863
-48.94044
-48.68187
-49.43571
-49.61039
-51.01949
-49.33868
-48.71493
-49.06352
-49.67941
-49.39389
-50.40983
-53.10900
-53.36906
-53.55902
-55.46945
-56.03873
-56.28150
-56.59989
-56.30740
-57.02556
-50.38043
-48.91278
-50.23752
-50.13717
-50.44981
-50.36507
-49.76972
-49.42535
-51.86494
-51.58308
-53.55674
-54.09808
-55.78079
-55.32664
-54.71676
-55.30056
-54.17634
-56.35590
-54.33381
-56.00254
-51.80326
-49.40602
-49.91900
-48.78973
-49.07395
-49.43775
-50.38952
-51.37046
-50.97390
-51.33611
-52.17523
-52.93940
-53.47880
-54.04479
-54.34781
-53.93097
-54.49686
-54.69740
-53.86773
-56.14660
-55.20065
-53.76005
-53.78450
-54.14095
-54.62896
-54.05139
-55.61084
-50.40040
-48.90323
-48.57822
-47.69245
-48.83812
-49.85422
-51.93750
-52.33826
-50.89643
-51.78599
-52.63929
-51.34017
-52.14056
-50.13395
-49.94272
-51.32557
-49.93400
-50.13864
-50.29613
-51.85654
-49.06685
-48.52334
-53.38168
-53.38605
-54.34172
-53.80816
-53.64330
-52.79586
-52.30809
-52.45508
-52.97555
-52.60179
-54.20640
-52.68819
-48.34596
-52.16206
-54.50202
-54.42292
-55.47019
-54.71313
-53.83393
-52.69826
-51.97763
-51.76572
-52.45209
-52.08669
-52.31631
-53.04378
-54.29906
-54.03343
-53.70767
-53.48132
-53.92586
-54.11731
-53.91001
-54.63189
-54.66226
-53.94566
-54.13019
-55.76655
-53.84657
-54.46117
-59.80823
-58.40023
-51.47424
-51.35576
-58.35518
-51.98674
-48.58465
-49.21844
-48.26579
-47.73299
-47.41506
-47.97466
-48.27626
-49.24613
-49.69244
-50.71229
-52.25941
-52.08694
-51.76736
-52.02529
-54.44717
-54.10076
-55.66840
-55.22516
-57.55838
-52.66398
-48.83881
-49.90117
-49.88548
-50.53217
-49.62155
-49.52095
-48.45316
-49.86997
-50.36997
-51.03113
-52.59561
-54.10819
-55.29728
-53.90194
-56.00059
-54.60818
-56.59632
-54.03223
-56.24148
-54.61930
-49.35850
-51.75106
-51.83081
-50.82090
-50.62735
-49.88035
-49.78108
-49.27029
-49.09592
-50.00685
-50.63623
-51.94893
-54.07777
-55.06832
-54.69958
-54.42145
-55.45619
-55.62551
-56.74982
-57.25736
-56.39863
-55.18192
-53.95726
-55.80849
-57.05813
-59.20626
-54.40058
-48.79767
-48.93566
-49.12556
-49.90582
-50.73065
-49.72729
-49.25192
-49.07243
-49.74836
-51.06164
-50.88949
-50.64064
-50.25151
-48.46521
-50.44272
-51.27418
-51.09199
-50.51478
-50.19804
-48.78726
-48.09391
-51.69819
-52.67055
-54.46038
-53.64877
-54.63723
-53.94776
-51.54340
-53.25360
-55.08901
-54.93190
-53.96749
-54.23348
-52.24416
-51.32260
-51.69142
-52.68993
-53.61198
-53.13969
-53.06488
-52.47673
-52.31847
-52.44519
-55.13944
-58.16774
-58.54637
-51.86927
-48.31896
-53.28718
-55.96167
-57.78377
-57.16923
-57.55730
-54.71800
-50.54555
-51.22997
-52.23832
-52.49213
-53.41014
-54.38931
-51.90728
-55.95726
-56.38419
-55.22843
-52.36643
-53.41258
-52.27316
-47.93593
-49.16737
-47.87079
-47.19941
-47.84826
-48.55846
-49.67051
-51.81581
-51.87029
-50.49504
-51.29610
-51.70394
-51.92981
-52.42731
-55.06550
-55.39271
-56.71624
-56.17737
-57.16711
-55.56406
-49.24584
-49.91330
-50.26831
-49.60568
-49.41362
-50.06465
-49.75544
-50.25183
-52.48489
-52.13406
-52.25662
-52.40987
-53.68962
-54.00804
-55.21383
-54.62864
-55.39184
-55.42680
-55.79062
-55.64505
-50.20893
-49.28030
-49.60508
-48.24993
-47.87769
-47.62981
-48.17594
-48.68571
-48.54360
-49.21147
-49.88012
-50.70579
-52.51673
-53.69378
-53.39849
-52.66461
-52.81621
-52.30434
-52.54712
-54.02471
-53.93002
-55.13505
-54.53553
-55.22461
-54.89511
-55.28482
-54.95080
-49.64170
-49.02888
-49.44881
-48.87556
-49.59028
-50.14261
-50.70759
-49.42684
-49.09205
-50.33047
-49.72102
-50.03132
-52.95679
-50.67695
-49.84291
-51.10707
-51.02537
-51.95643
-50.07966
-51.72918
-49.44081
-50.80123
-57.41996
-56.54051
-56.20008
-54.80621
-54.43964
-51.96138
-52.10824
-52.60899
-53.46067
-53.10157
-55.76575
-50.70945
-48.82750
-52.73682
-53.98866
-56.50370
-55.98505
-55.87688
-53.78503
-52.07150
-51.91924
-52.29437
-51.90281
-52.22574
-52.54666
-52.96946
-54.78197
-54.96065
-54.65158
-54.62371
-54.82075
-54.38346
-53.84019
-53.56568
-53.55914
-52.94921
-53.22461
-54.33085
-51.92271
-52.81968
-56.71496
-54.31968
-50.10757
-53.67650
-58.68693
-49.54574
-48.93942
-49.33651
-48.63208
-48.82112
-48.40199
-48.37026
-47.98627
-49.16031
-49.11365
-50.58623
-52.22557
-52.74273
-53.13235
-53.96962
-55.22178
-54.69116
-55.80215
-55.93784
-60.21445
-50.07280
-49.45800
-54.81865
-56.67786
-60.27835
-62.42975
-58.66556
-51.08478
-57.37165
-58.50958
-56.86428
-54.89163
-54.62768
-56.11099
-56.30959
-58.79147
-57.29229
-60.30056
-58.42015
-65.34113
-51.47152
-47.90924
-50.10327
-49.53541
-49.15789
-48.48683
-48.57273
-48.83247
-49.67383
-50.46552
-50.85965
-52.27371
-53.63336
-53.67429
-51.52849
-50.97446
-51.19678
-51.66057
-53.12174
-53.67260
-55.42336
-56.62940
-56.70854
-56.35381
-58.52008
-58.40443
-60.29521
-49.73563
-48.99504
-54.02861
-55.45145
-60.04616
-58.56235
-60.69598
-58.68598
-60.59854
-59.33803
-62.25236
-58.66871
-63.71403
-54.99171
-50.50818
-51.82778
-48.72401
-48.76914
-48.22632
-48.34216
-47.03066
-48.00866
-51.21580
-51.95500
-53.42625
-54.80471
-55.94735
-56.00479
-53.67134
-53.28966
-53.77265
-54.38381
-55.65522
-57.14514
-58.15640
-58.73978
-60.16758
-59.85359
-60.45620
-60.42542
-61.36403
-59.13520
-56.30130
-54.18439
-54.59261
-55.16387
-57.43529
-49.61490
-49.10524
-56.39755
-56.96949
-62.44409
-60.97024
-57.07155
-54.04513
-54.82446
-54.64733
-57.54457
-56.08517
-59.94240
-56.30745
-55.52631
-61.45467
-55.58110
-60.84656
-57.80150
-59.81124
-50.39690
-48.84159
-54.53424
-55.79569
-58.90557
-59.36636
-59.97832
-59.05518
-59.54363
-61.19088
-62.58644
-64.69578
-61.65686
-54.85387
-54.23868
-55.59680
-55.59001
-58.46088
-57.54997
-63.08321
-53.27850
-48.03542
-54.69096
-60.92313
-62.56088
-64.81893
-57.36403
-49.86245
-53.06545
-59.45392
-58.83565
-60.41693
-58.33438
-60.96630
-59.75229
-63.68932
-61.95146
-67.22053
-64.25213
-64.29044
-50.86372
-47.61018
-52.65588
-55.10210
-58.18426
-61.53949
-61.65061
-63.01589
-63.00422
-63.68911
-65.45064
-66.81337
-67.74311
-53.76863
-50.93468
-48.24813
-47.43537
-48.53198
-48.04246
-48.46581
-49.18056
-50.05560
-50.52642
-51.33847
-53.20520
-53.04088
-55.39623
-50.92349
-47.92559
-53.94017
-56.26487
-60.10478
-59.57440
-59.88719
-58.94427
-56.61031
-54.63874
-55.79577
-58.35734
-59.77290
-56.60445
-50.85569
-56.45974
-57.16963
-57.64593
-56.00023
-57.86065
-53.25305
-47.37236
-53.13388
-57.60344
-59.24471
-62.16057
-61.55459
-61.03146
-51.62511
-49.23237
-50.33387
-49.13314
-48.48648
-48.68556
-46.83442
-48.65716
-50.96745
-50.62751
-52.92591
-54.96173
-57.05460
-55.05406
-54.46850
-54.23310
-53.28176
-53.18379
-52.30530
-53.84059
-53.92232
-54.99943
-57.20951
-56.27148
-56.86397
-57.62845
-58.38567
-57.27780
-55.61053
-55.47406
-54.19476
-55.58504
-55.39958
-52.87529
-58.25871
-61.57488
-52.69576
-49.76375
-56.82638
-55.08044
-47.80609
-48.66382
-48.38800
-47.30497
-47.13275
-46.94364
-47.30265
-47.66723
-48.50029
-49.08565
-49.71139
-50.38447
-51.63646
-51.82967
-52.10220
-51.42830
-52.29160
-52.17392
-53.61010
-53.32827
-48.42609
-52.09995
-56.44833
-57.85612
-58.96251
-62.87083
-54.33879
-51.72772
-58.41092
-54.82941
-54.12707
-51.93023
-52.73857
-52.93555
-54.10567
-54.85006
-56.39490
-58.28451
-60.13280
-55.57038
-47.47754
-50.89901
-55.54926
-58.03727
-60.36449
-62.11195
-61.19470
-63.34667
-61.92309
-63.17770
-61.28987
-65.42792
-58.10532
-53.09141
-54.64588
-53.45536
-55.11369
-53.78548
-55.61811
-54.51124
-57.54162
-56.37593
-59.28620
-57.15777
-62.11921
-58.47240
-53.27224
-46.94211
-52.16616
-54.45480
-59.59734
-59.33838
-62.79931
-62.03075
-61.11848
-66.44371
-60.00865
-84.71150
-54.88193
-59.46837
-29.95398
-28.94636
-37.55901
-42.76259
-58.47875
-53.33191
-64.49694
-46.85908
-51.91084
-56.70338
-64.64247
-61.52028
-63.66899
-54.25479
-54.07404
-55.33404
-56.94150
-58.74861
-58.19023
-61.39814
-61.69333
-66.38534
-65.17937
-73.24262
-66.55112
-73.92901
-54.66270
-52.46164
-54.15925
-55.19534
-56.87983
-58.73452
-61.01646
-57.53234
-47.59152
-51.28004
-54.24873
-57.50384
-63.00376
-61.45254
-58.09745
-56.80435
-59.43067
-58.30106
-61.40290
-58.87199
-66.26051
-54.03206
-59.13107
-57.00484
-57.63499
-60.69507
-59.85406
-61.98427
-48.71791
-48.14141
-49.09878
-48.82009
-49.42994
-49.22862
-49.55344
-50.16434
-50.81942
-50.73419
-51.15812
-52.33290
-54.44711
-54.39319
-54.18566
-54.63633
-54.27260
-54.69976
-52.14272
-53.16840
-49.06574
-50.04795
-55.83668
-56.50399
-57.97775
-58.23552
-55.38223
-50.85269
-57.53405
-56.55400
-55.18743
-53.92813
-54.13629
-55.43529
-55.69322
-56.48776
-54.93231
-56.49532
-55.94792
-60.70866
-50.07266
-47.98942
-49.34638
-48.65879
-49.09634
-49.22288
-49.91444
-48.74870
-48.54737
-48.45990
-48.33178
-48.82581
-49.73434
-51.43805
-52.40315
-53.07582
-54.51575
-54.24593
-53.46256
-54.49874
-55.74456
-55.97283
-55.71303
-55.23896
-55.08380
-56.24373
-56.97402
-49.28748
-49.88265
-55.03657
-54.64616
-56.13180
-55.57205
-54.00807
-51.85853
-53.89995
-53.80469
-54.67021
-53.30135
-53.99580
-52.24755
-50.68494
-51.70241
-48.68795
-48.82340
-48.30220
-49.06623
-47.67100
-48.07109
-50.75351
-50.69803
-51.86517
-52.31145
-54.06235
-53.78547
-54.18120
-53.62260
-54.56544
-54.88882
-57.03578
-53.15128
-48.36512
-52.62765
-56.44479
-56.27773
-57.35114
-57.14665
-57.42520
-56.44277
-55.23993
-54.16792
-53.75782
-52.74144
-53.18684
-53.07081
-53.49426
-54.23699
-54.65825
-56.28861
-57.16165
-57.46487
-57.15183
-57.57955
-56.89804
-58.09148
-57.54405
-59.62587
-55.62341
-54.10576
-62.25692
-59.89205
-51.27747
-51.71000
-58.95500
-50.41229
-49.25299
-54.77478
-56.47819
-59.53141
-59.57318
-58.87361
-57.88813
-57.39062
-57.73181
-57.61375
-58.64948
-59.87039
-61.06817
-59.40389
-60.15956
-59.40134
-62.06147
-58.96789
-65.82247
-53.08769
-47.96168
-55.52911
-60.04112
-63.08947
-61.27105
-63.33556
-52.54722
-54.83571
-68.30222
-62.30854
-63.94993
-60.68334
-65.89848
-62.04467
-63.85350
-59.69773
-66.38524
-61.83150
-73.94450
-56.14494
-48.12024
-52.45803
-54.78834
-59.24146
-62.28747
-63.48811
-65.09461
-63.45454
-63.25611
-64.36528
-65.14516
-66.79841
-65.78300
-53.73386
-48.97983
-47.84047
-48.23524
-49.20148
-49.19080
-48.77632
-48.49924
-49.07222
-49.57790
-51.75777
-52.26718
-52.47617
-50.43029
-48.50834
-53.72231
-55.06399
-55.35946
-55.39587
-55.18252
-54.92489
-55.08972
-54.39587
-54.99142
-54.82897
-55.40611
-55.02567
-50.67447
-56.26902
-56.36534
-56.08009
-54.47701
-56.33994
-52.58716
-47.74264
-52.89219
-56.32223
-58.27009
-58.65287
-59.43263
-56.12818
-50.32765
-49.13260
-49.15687
-48.94131
-48.84643
-48.46826
-48.37136
-48.50360
-48.88053
-50.73102
-52.78519
-52.17454
-51.65604
-52.13122
-51.74075
-51.48026
-52.48126
-52.93076
-53.63220
-49.64231
-48.27863
-53.10864
-54.60662
-56.22379
-56.22043
-57.45642
-54.56387
-52.72312
-53.47506
-53.92275
-54.28894
-53.97068
-54.17385
-51.94241
-54.38545
-54.55700
-56.02098
-55.78172
-57.53060
-53.48759
-47.72453
-49.27725
-49.45214
-48.35848
-48.47075
-48.73650
-48.39974
-48.76580
-49.72428
-49.92816
-50.94825
-51.69384
-53.18294
-51.69126
-51.28234
-51.26075
-51.57729
-51.68233
-52.35366
-51.51704
-48.70627
-51.54759
-53.99605
-56.09102
-56.73473
-56.82160
-51.08916
-50.39730
-54.80147
-54.37796
-55.38000
-55.06899
-56.82743
-54.73597
-55.43980
-54.30270
-54.56410
-55.09920
-56.73435
-55.23870
-48.19629
-50.79029
-57.00608
-57.31479
-58.20872
-58.68614
-57.99900
-57.19398
-58.69217
-58.23547
-58.50210
-58.13503
-57.07649
-57.26988
-55.18656
-54.22992
-54.61723
-54.80759
-55.73292
-56.57666
-56.50587
-56.82093
-56.07808
-57.62514
-57.33125
-59.44759
-56.70822
-48.30132
-51.88592
-57.56540
-58.16393
-60.99243
-60.60091
-62.45363
-59.86132
-61.16872
-60.53027
-61.77915
-59.78387
-63.22312
-52.00576
-54.60720
-65.81533
-61.66095
-63.10307
-62.12137
-62.40760
-48.65529
-50.39505
-56.01670
-57.79192
-62.69066
-62.94743
-64.72980
-64.54417
-65.04696
-61.53575
-64.20366
-59.17250
-73.87621
-52.41787
-48.06441
-55.94970
-60.62386
-60.78389
-61.36246
-64.53693
-59.45399
-57.58625
-60.79093
-59.62478
-56.50237
-60.14178
-62.35212
-56.36181
-57.72847
-63.14178
-57.96348
-55.11688
-62.91097
-59.18933
-53.88313
-57.22346
-62.53899
-53.77178
-54.62127
-61.84435
-53.96312
-55.01901
-66.09709
-58.57814
-49.79616
-54.27531
-54.99780
-48.60788
-49.13313
-49.80527
-47.90177
-47.79516
-49.32499
-49.15409
-50.02770
-50.12742
-50.78769
-53.14666
-54.27809
-53.53764
-51.63838
-52.36030
-53.56781
-53.19570
-54.29378
-55.98742
-56.87011
-50.27913
-49.00339
-50.09761
-49.80660
-49.38379
-49.20079
-50.13780
-49.32416
-49.68764
-49.78347
-51.00233
-51.67197
-54.99761
-54.19903
-53.75072
-54.87340
-55.08845
-55.95116
-54.29476
-56.82278
-50.86417
-49.39169
-51.24766
-50.48701
-49.27405
-51.17880
-51.33240
-51.71144
-51.19717
-51.75492
-52.10684
-52.00370
-52.77342
-55.21767
-56.07318
-56.24741
-56.23115
-55.37401
-56.78116
-56.24156
-58.80814
-56.00940
-58.68205
-56.40194
-59.94261
-57.28244
-60.41670
-56.54668
-50.79348
-46.25658
-49.39237
-49.67208
-53.44568
-50.65252
-48.95096
-49.73601
-51.76600
-52.04580
-51.87934
-52.97871
-47.19601
-73.76038
-30.43269
-26.08273
-29.12807
-36.02459
-44.44663
-47.12230
-55.89519
-51.58358
-56.22813
-51.19491
-54.09957
-51.03720
-53.85240
-54.86175
-57.75215
-55.38939
-56.77421
-55.76366
-54.92073
-53.50383
-51.93506
-52.44104
-53.80347
-55.51510
-54.32783
-58.16846
-56.37528
-55.98328
-54.95644
-55.28834
-54.36586
-54.98625
-54.65206
-56.11175
-55.41655
-56.86083
-57.78810
-58.27548
-59.38835
-58.99153
-56.96089
-54.55436
-57.17193
-56.89399
-61.59829
-53.74368
-48.50150
-53.08295
-55.61909
-58.42439
-59.08377
-63.33172
-52.06021
-48.31716
-50.04250
-48.06930
-47.83168
-48.01350
-48.66556
-49.05526
-51.26493
-52.29505
-53.14719
-53.71806
-54.45012
-54.17996
-53.03721
-52.96451
-53.93751
-55.21526
-54.84517
-55.49835
-52.07664
-49.39895
-50.15252
-50.85226
-49.82182
-49.35105
-50.34888
-50.65902
-50.18147
-50.57496
-51.65026
-53.34543
-54.30991
-54.00758
-53.95098
-55.48270
-55.63017
-56.33797
-55.23034
-57.47391
-54.27844
-48.73401
-48.84462
-48.71740
-48.33525
-48.57217
-49.05779
-49.09910
-49.41368
-50.00968
-50.36221
-50.20293
-51.49549
-51.74466
-51.87399
-53.16095
-52.78965
-54.04714
-53.94125
-54.83504
-54.44584
-53.77744
-53.52143
-54.11067
-54.39516
-54.70419
-55.04397
-55.24833
-51.79844
-50.00031
-51.03396
-50.60548
-52.25865
-51.08064
-48.88588
-48.71876
-49.69282
-50.18088
-50.89849
-50.87893
-51.08172
-51.61315
-50.73122
-50.42284
-50.69446
-50.73799
-50.60185
-51.40520
-51.40605
-53.19636
-53.54954
-53.03766
-53.31972
-52.52740
-50.83020
-49.93998
-51.08387
-51.39830
-51.55232
-52.83622
-53.86547
-52.28069
-51.55896
-53.33283
-53.72021
-53.37699
-53.86635
-53.48407
-51.39514
-50.18258
-50.53140
-50.90291
-51.74672
-51.96453
-51.64090
-52.65113
-53.92261
-54.21171
-54.69325
-54.22206
-54.81756
-53.01463
-52.69636
-52.94344
-53.53103
-54.37493
-55.05733
-54.24467
-48.07826
-50.51395
-58.22324
-51.54401
-49.00897
-55.53527
-54.64562
-48.88797
-49.29083
-48.99164
-49.38754
-48.88275
-48.96249
-48.26508
-48.14869
-49.42746
-50.29020
-51.92322
-51.95843
-52.53966
-53.21143
-54.96044
-55.27841
-56.69892
-55.41477
-56.10745
-54.66918
-49.11553
-49.31266
-49.89151
-50.45568
-50.78480
-50.48906
-51.41130
-52.44296
-53.40276
-53.09740
-54.17422
-55.59256
-54.95279
-53.11319
-53.63878
-53.51067
-55.02644
-56.05884
-57.04056
-56.06561
-49.76185
-49.85458
-50.11014
-49.86641
-49.99891
-49.80880
-50.62280
-50.56052
-50.59525
-50.84547
-51.37436
-52.08604
-53.41049
-53.40622
-53.37500
-53.44242
-54.03862
-54.70564
-55.71754
-56.63472
-57.40793
-57.82782
-55.44202
-54.95891
-56.46907
-55.94351
-56.52944
-53.63475
-48.90424
-47.98372
-48.05320
-47.75004
-49.41785
-49.10803
-48.21342
-50.31587
-51.60276
-50.95750
-52.36625
-53.10305
-49.76272
-49.31545
-50.26914
-49.74630
-49.34688
-50.47322
-51.85217
-52.08814
-51.92720
-52.39481
-52.70840
-53.04480
-57.43137
-55.46456
-52.26365
-52.78490
-52.90410
-53.37376
-55.18929
-54.71290
-51.76656
-50.93096
-51.28231
-51.71305
-51.78838
-52.31049
-52.77851
-54.76045
-52.96493
-50.61585
-51.06518
-51.47074
-51.39594
-52.17583
-51.97929
-51.95700
-53.23816
-54.22761
-54.63556
-55.31591
-54.97135
-54.52318
-55.31786
-54.46889
-54.75984
-53.05399
-53.43284
-48.62638
-49.20121
-52.97071
-54.64199
-56.31231
-56.58051
-56.30665
-48.53084
-49.64419
-49.97336
-48.78905
-48.46817
-47.82892
-48.96278
-48.72474
-48.69735
-49.08081
-52.43713
-55.70590
-56.66398
-56.24901
-55.81643
-55.81352
-55.86035
-56.47601
-56.33577
-57.53591
-50.80487
-48.55876
-49.01454
-48.95044
-49.70387
-49.01558
-48.83887
-48.88907
-49.35209
-50.19104
-52.39816
-53.49267
-52.72906
-51.39542
-51.62819
-52.85410
-53.94427
-54.87637
-54.79975
-56.34264
-51.66397
-48.89835
-49.78710
-49.55577
-49.34470
-49.33776
-49.42278
-49.73602
-49.79537
-50.22025
-50.61474
-50.54550
-51.12741
-52.37161
-53.02525
-53.54196
-54.35183
-53.98503
-53.40684
-53.49793
-53.63497
-53.84543
-54.01920
-55.19170
-55.27537
-54.23501
-54.85113
-55.03722
-49.93001
-47.43555
-48.75638
-50.10894
-49.84982
-48.36871
-47.86746
-49.70251
-50.83307
-50.48042
-52.15119
-51.50918
-50.38594
-49.59472
-49.13517
-49.74660
-49.28345
-49.39458
-48.46535
-48.82160
-51.12427
-52.82868
-54.80049
-55.73638
-55.47075
-55.25376
-52.63058
-52.18462
-53.68962
-51.67085
-52.06558
-53.53988
-54.40367
-52.44740
-52.53154
-54.61087
-51.83699
-51.86588
-54.62670
-54.26264
-51.77728
-54.07481
-54.88458
-51.80051
-52.71353
-55.43668
-52.79932
-51.53950
-55.55672
-55.68644
-51.39503
-53.95095
-56.84177
-51.14432
-52.36901
-57.46570
-53.06629
-51.48485
-56.70025
-54.15280
-49.48604
-52.90718
-55.66151
-49.47498
-49.80830
-50.98338
-51.06260
-54.53316
-57.45669
-58.72826
-58.70466
-57.65309
-56.50243
-55.15869
-53.39120
-54.60979
-55.04677
-55.82849
-56.15107
-56.83447
-55.53257
-55.33829
-56.03006
-55.92686
-56.88381
-57.01562
-58.04391
-55.00315
-56.14795
-56.86109
-55.44637
-54.89661
-55.73060
-55.62876
-50.15369
-49.84772
-50.93366
-51.49968
-54.28622
-55.67587
-54.96385
-53.51708
-55.36041
-56.20650
-58.22669
-58.78288
-59.63603
-57.37482
-55.32676
-59.53667
-59.20948
-58.80668
-59.95417
-59.77251
-54.36064
-54.92781
-55.07887
-53.94983
-55.02359
-55.61458
-54.58039
-53.10029
-54.17942
-54.17136
-55.66615
-54.99687
-57.15803
-55.19397
-53.07255
-53.53078
-55.17730
-55.85238
-59.05080
-52.75723
-48.32902
-52.82098
-54.38545
-57.57486
-58.32523
-60.24461
-59.50418
-56.61008
-57.39251
-58.75050
-58.19010
-60.44043
-59.46842
-51.58834
-51.75558
-49.56158
-48.97721
-49.02556
-49.09528
-48.42305
-47.61085
-51.43476
-52.59924
-53.08902
-54.85445
-56.13767
-57.54436
-56.17101
-55.25166
-55.41587
-55.65293
-56.78982
-57.73382
-53.19104
-50.17786
-51.43581
-53.19812
-53.84931
-54.27875
-54.30381
-54.20411
-56.34988
-56.97007
-56.03850
-54.70860
-57.13780
-52.26747
-48.45533
-53.16153
-54.28096
-58.43625
-58.89861
-58.17446
-55.42014
-52.58474
-53.22802
-54.20847
-53.25955
-55.68796
-55.32249
-52.43898
-52.89941
-51.80838
-53.71499
-52.86405
-56.19361
-51.24067
-48.14406
-52.36453
-57.68616
-55.79753
-60.02324
-56.44421
-57.88021
-53.06627
-54.88871
-54.47205
-56.81153
-55.71307
-54.74784
-52.69859
-52.90623
-53.14510
-54.00729
-54.98757
-53.10910
-55.02677
-46.66204
-55.39168
-51.97216
-75.69051
-48.95712
-51.82799
-33.27546
-27.60789
-34.65033
-39.98918
-52.83818
-52.66965
-60.61977
-54.42061
-56.04266
-54.20697
-55.44158
-55.63087
-56.34974
-54.53683
-47.94587
-51.29690
-53.96803
-58.37351
-57.10620
-60.94357
-56.54284
-55.22034
-52.79137
-55.57661
-54.41216
-57.78374
-52.47396
-51.94105
-49.18714
-46.99471
-47.81078
-48.07593
-47.28459
-47.85350
-48.59593
-49.31455
-49.85531
-51.17960
-53.03022
-51.99470
-51.61847
-48.29370
-52.31126
-54.58055
-55.03650
-57.37267
-58.14985
-56.38084
-54.34286
-55.25963
-54.85002
-55.74581
-55.88927
-56.11551
-50.68887
-51.35450
-53.43667
-52.37403
-52.71020
-53.52285
-53.62270
-48.35852
-50.52705
-53.68499
-55.19957
-59.04619
-57.04371
-58.26766
-52.66400
-48.81984
-49.66445
-50.26702
-49.32561
-50.68745
-47.94748
-48.25070
-52.53954
-51.06782
-52.52076
-55.74536
-56.54980
-54.63733
-51.90393
-52.55248
-53.03797
-54.56289
-54.74819
-54.97969
-54.99817
-54.25918
-54.96508
-55.80750
-56.59294
-57.50126
-56.07903
-51.60776
-51.28411
-53.51102
-54.70268
-54.21404
-54.00448
-52.06001
-52.79103
-55.93332
-53.53866
-50.45260
-54.11074
-56.18938
-49.20423
-48.66787
-49.20910
-48.39784
-48.93861
-48.73552
-48.92537
-49.21469
-49.66888
-49.64597
-50.20759
-50.48987
-51.55326
-53.42762
-53.91986
-55.02069
-53.87811
-53.58056
-52.38352
-52.65862
-48.71660
-50.11372
-56.02581
-58.08493
-57.60731
-58.26395
-54.81887
-50.94879
-56.85746
-56.54420
-57.09104
-55.65420
-55.09044
-54.06382
-54.49530
-55.36958
-55.04574
-56.39693
-55.35050
-57.76486
-50.15486
-49.55725
-53.81992
-55.74219
-59.62615
-59.50627
-61.56365
-58.44730
-55.56093
-55.96066
-55.87460
-58.03714
-56.36784
-54.11065
-53.48084
-53.35470
-54.64126
-55.17201
-55.67653
-55.87109
-55.71110
-56.12880
-56.59755
-57.75600
-57.76635
-57.65649
-56.03893
-48.58045
-49.64972
-56.81223
-57.18465
-60.03015
-60.58719
-62.66189
-57.54117
-55.11343
-55.44304
-55.71405
-55.58446
-55.50055
-51.18441
-52.76976
-57.54416
-56.38343
-58.07110
-56.16129
-61.03053
-50.02605
-48.77752
-56.11149
-57.81250
-61.30568
-62.61679
-56.60186
-53.39165
-54.55482
-55.47532
-56.78186
-56.02221
-55.44764
-55.79901
-54.83339
-55.41617
-58.04609
-58.21156
-60.58987
-55.83879
-52.14118
-53.00618
-53.09077
-53.43353
-53.24017
-53.01513
-54.99953
-49.15408
-49.58104
-54.65335
-54.49355
-57.34702
-56.23531
-55.97493
-53.08955
-54.01463
-54.51832
-55.01332
-53.30582
-55.11560
-53.93801
-53.98167
-56.20788
-53.90825
-57.68059
-54.48165
-56.06499
-50.89910
-48.33507
-49.33007
-48.78813
-49.12146
-48.78840
-49.54786
-49.41510
-49.78113
-50.57525
-51.17114
-52.99144
-53.60653
-53.51031
-52.40390
-52.25001
-52.76504
-54.11292
-54.73567
-58.10095
-51.59960
-48.73991
-52.48096
-52.84122
-55.11138
-55.88591
-57.46271
-50.78132
-51.38060
-54.24145
-52.68130
-54.29036
-54.74139
-55.48227
-52.79406
-54.38309
-53.75866
-54.66645
-54.19500
-56.96851
-51.92367
-47.89285
-50.39887
-50.12733
-49.49436
-48.76436
-49.07214
-49.82688
-49.29320
-49.59665
-48.61546
-49.83185
-51.88748
-53.30407
-55.04632
-52.40150
-53.28102
-53.14559
-53.73893
-52.67274
-53.17384
-52.94278
-52.13676
-54.14348
-54.68507
-54.62889
-56.93534
-51.21583
-48.08053
-52.70441
-54.05594
-55.75165
-55.14979
-52.52611
-50.68768
-50.74883
-50.60857
-51.79889
-52.88735
-54.59634
-53.95972
-49.61695
-50.34249
-49.30195
-48.56206
-47.67231
-47.66137
-47.59355
-47.21120
-49.45743
-49.42576
-49.91739
-50.49049
-51.68598
-51.94214
-51.92395
-52.86576
-52.19948
-51.85230
-52.24087
-53.38754
-48.83478
-50.61684
-54.22009
-54.74127
-56.27634
-56.29465
-56.51286
-53.21035
-53.70887
-53.29498
-53.16302
-52.79991
-52.45102
-52.43907
-52.08923
-53.41405
-53.69371
-54.58594
-55.49581
-57.18755
-55.56150
-51.79792
-54.01370
-53.95316
-52.95389
-57.46453
-56.17076
-52.12913
-53.20372
-52.72721
-50.49195
-50.46825
-57.71384
-53.00464
-47.74104
-53.54927
-56.17846
-57.15022
-57.76157
-58.39335
-56.17130
-53.17393
-54.54963
-54.17446
-55.61667
-55.84576
-58.18066
-55.37178
-54.79116
-55.18360
-56.65821
-56.05946
-57.00708
-53.90941
-48.13044
-52.04572
-54.72141
-56.22446
-57.55029
-58.32136
-52.97600
-52.28075
-58.65111
-57.15340
-58.71307
-56.00740
-58.08254
-54.96265
-52.70383
-54.41969
-56.86396
-56.65470
-58.00798
-56.16646
-48.31886
-51.02077
-56.34705
-57.62598
-59.59694
-57.70705
-58.01292
-50.74677
-49.49613
-51.79543
-53.18990
-54.58794
-55.33273
-54.03922
-49.71719
-47.65352
-48.04723
-48.39042
-47.78921
-48.15468
-48.90625
-49.50009
-50.24011
-53.18947
-54.44810
-53.74902
-52.10236
-48.26338
-52.11381
-55.47329
-54.73764
-57.18144
-57.62368
-56.84728
-53.82103
-54.63704
-54.42117
-54.80665
-54.28999
-54.45301
-50.41256
-51.16316
-52.65505
-52.53577
-52.99772
-53.77536
-54.42151
-48.81823
-50.77303
-53.47522
-55.77066
-57.63046
-57.62827
-57.05396
-50.86018
-48.60163
-49.28428
-49.11951
-48.14223
-47.54179
-47.76850
-48.27359
-48.22401
-48.52210
-48.65266
-50.27112
-52.76088
-53.03221
-51.59982
-52.51254
-53.23130
-52.76314
-52.91674
-52.02460
-48.90880
-51.51883
-55.96530
-56.93938
-57.34798
-57.06163
-55.67967
-50.70858
-50.74551
-51.78094
-53.12808
-52.32770
-53.09090
-51.98810
-53.20743
-53.47099
-53.88350
-54.13200
-55.05285
-57.31691
-48.77220
-48.58070
-48.84300
-48.46020
-48.89884
-48.44177
-48.79734
-48.69872
-48.95501
-49.28482
-50.24041
-51.70259
-53.52638
-53.27548
-52.65567
-52.21543
-53.36436
-54.89044
-54.60132
-53.95029
-52.86134
-52.79610
-53.13220
-53.13490
-53.76067
-54.98577
-54.76560
-52.15721
-51.92717
-53.09788
-53.68781
-54.85176
-55.38207
-56.02202
-52.73655
-51.64619
-53.73935
-55.06236
-55.04355
-55.52288
-53.32853
-53.05028
-56.94705
-57.86968
-58.40725
-57.75253
-58.61433
-54.22495
-52.67692
-53.45634
-53.97906
-55.94952
-56.94518
-56.24956
-54.76385
-55.26141
-54.75445
-56.08384
-56.88954
-57.25680
-56.61236
-53.59815
-53.37733
-56.18319
-57.11342
-56.52121
-57.79950
-55.81569
-52.61854
-51.97563
-52.68993
-54.85975
-56.59802
-57.47772
-54.68020
-51.84833
-51.18922
-52.00470
-53.60049
-55.83557
-55.86383
-54.92900
-56.63215
-56.73269
-57.96665
-58.00225
-58.72527
-53.87153
-53.56502
-52.95327
-52.93805
-55.83056
-56.05002
-56.05969
-53.29098
-55.53469
-54.78289
-55.15332
-54.77221
-57.29410
-54.92590
-52.12260
-54.24762
-52.58379
-54.91170
-54.12916
-57.63154
-53.91534
-54.15263
-55.86928
-53.95226
-54.58556
-53.48416
-57.55915
-51.99893
-53.17397
-52.74902
-55.25977
-53.80045
-55.52238
-54.58376
-51.85410
-54.73094
-52.82063
-54.98334
-51.69886
-54.09360
-52.28572
-52.95492
-50.71324
-51.59634
-52.17767
-52.26012
-54.39875
-48.99221
-48.84235
-49.09542
-48.82249
-48.62478
-49.77768
-49.19993
-48.72755
-48.70942
-49.44622
-50.69870
-52.46862
-52.93873
-52.40768
-53.50610
-55.11522
-55.41198
-54.98545
-54.36876
-56.57936
-51.18559
-48.87785
-50.47255
-49.88524
-51.00558
-50.59028
-52.19919
-52.42906
-52.40597
-52.17057
-51.60043
-52.04473
-53.40090
-54.64644
-55.06712
-56.42542
-55.67171
-56.49300
-55.53363
-57.41608
-52.46343
-49.37276
-51.91777
-51.71418
-50.80218
-50.37187
-49.91787
-49.73138
-49.49017
-49.74105
-50.48343
-50.66622
-51.39009
-52.39345
-54.04574
-54.04696
-53.18033
-53.45920
-53.91195
-55.53917
-56.40700
-57.16549
-56.93978
-57.17851
-57.58865
-58.86293
-57.36815
-56.62289
-52.16297
-48.47845
-47.73574
-47.85012
-48.95754
-49.84812
-48.71956
-48.53470
-51.20007
-49.60808
-48.70228
-51.91701
-53.49886
-51.31652
-51.94055
-52.94880
-49.31844
-49.30989
-52.56908
-53.71292
-53.65791
-52.83242
-53.14623
-54.76208
-56.69499
-58.53882
-58.58033
-55.99748
-55.86817
-55.61007
-54.43146
-55.33765
-54.99520
-54.37530
-54.06944
-54.33494
-54.49921
-54.34487
-55.34579
-55.24988
-53.92398
-52.90088
-52.74550
-53.62503
-53.01663
-55.75055
-51.13602
-48.70690
-52.97254
-53.96643
-49.81422
-51.71804
-57.16570
-51.24981
-54.12450
-61.28654
-53.58185
-48.67206
-53.34020
-56.14820
-49.79027
-51.54194
-54.45849
-55.77406
-54.52458
-56.44956
-52.57950
-48.87697
-49.54175
-49.18130
-49.17793
-48.64351
-49.14686
-49.39347
-49.90789
-50.24839
-49.67299
-52.12961
-53.81560
-54.01235
-52.99953
-54.90435
-56.35399
-57.61903
-56.53645
-58.09390
-55.81263
-50.02967
-50.84007
-50.92994
-51.31952
-51.47895
-50.65260
-50.52452
-50.51288
-50.99657
-51.92966
-53.69677
-54.21108
-54.11738
-52.33439
-53.30235
-54.55490
-55.97779
-55.16272
-54.60411
-55.37609
-49.95026
-49.22285
-49.13646
-48.56259
-48.42579
-48.84424
-48.70723
-49.86235
-49.78144
-50.55723
-51.25545
-51.17506
-52.27567
-53.47246
-54.39697
-53.69062
-53.69962
-53.95862
-54.52578
-54.30033
-54.33201
-52.71505
-55.03291
-54.21284
-55.83899
-53.70559
-57.24215
-51.76383
-49.57933
-49.13830
-51.43488
-50.05645
-51.42008
-48.48230
-49.82176
-50.43762
-50.31852
-51.79408
-49.95877
-58.56079
-29.00696
-25.35353
-29.71686
-36.37448
-43.71285
-49.14334
-50.65730
-49.04512
-51.34455
-50.36530
-51.67421
-51.03371
-54.14866
-52.59220
-53.13700
-51.16051
-52.20475
-52.12755
-52.32984
-52.95120
-52.90239
-52.21866
-52.65222
-53.02570
-51.59989
-52.26907
-52.25766
-53.20030
-52.69853
-52.50788
-51.85217
-52.64327
-51.67502
-52.38834
-54.65563
-56.23319
-55.02093
-55.24774
-54.53673
-54.73306
-54.69527
-54.55282
-53.58380
-54.34387
-54.69325
-53.57233
-54.45355
-49.31809
-49.38790
-54.72654
-53.20489
-49.30865
-53.36889
-57.36724
-49.28441
-49.31852
-49.64085
-48.89439
-48.83586
-48.57749
-50.04392
-50.94717
-51.48767
-52.41474
-53.34471
-52.60082
-53.23005
-52.84488
-55.27403
-54.51220
-54.04606
-55.50789
-55.32841
-56.33695
-50.41871
-49.54228
-50.26532
-49.69739
-49.16621
-48.19784
-48.69495
-48.98131
-49.93380
-51.41420
-52.13053
-52.48566
-55.47923
-55.53337
-53.72401
-52.94089
-52.55418
-53.25389
-52.97611
-55.71388
-50.91090
-49.70514
-50.52842
-49.76688
-50.91627
-50.87743
-51.34566
-50.77770
-50.87750
-50.75685
-50.95347
-51.17166
-53.36704
-55.35277
-56.14862
-55.86396
-56.11695
-55.56373
-54.99903
-56.93340
-56.57474
-55.39043
-53.96933
-54.25868
-55.27972
-55.44665
-54.91717
-54.61956
-49.66832
-48.63731
-49.36399
-48.92558
-49.22450
-48.26167
-47.93876
-49.46551
-51.87940
-49.22861
-50.25461
-52.70923
-51.01197
-50.25266
-50.48041
-50.49249
-48.79364
-50.33809
-51.11914
-50.98467
-51.68346
-51.90002
-52.02077
-53.37452
-54.59687
-54.86281
-53.63293
-52.19232
-52.52003
-52.60047
-53.72439
-54.23471
-53.53821
-51.43187
-52.11354
-53.16142
-55.30864
-54.74226
-52.19198
-53.61392
-54.67295
-54.31227
-53.69389
-52.10898
-51.21553
-51.09778
-47.89157
-49.06910
-56.77842
-52.72380
-49.51462
-52.78464
-52.04786
-50.59722
-55.75448
-56.76904
-49.96004
-49.42924
-55.61780
-51.48066
-49.50966
-52.81835
-55.16067
-57.47621
-53.38123
-55.46402
-49.59312
-48.36538
-50.51513
-49.69707
-51.71691
-51.03477
-51.96868
-51.20699
-52.40418
-52.53093
-53.19764
-53.83159
-54.12467
-56.53217
-57.26706
-58.29733
-57.76967
-58.94076
-56.83624
-58.37054
-51.83048
-48.99116
-50.25045
-50.09065
-50.25142
-48.81466
-48.36881
-48.81942
-49.43855
-49.96461
-49.74659
-50.24789
-52.08733
-53.10726
-53.26576
-54.57001
-53.24448
-53.72165
-53.53068
-54.86015
-52.84144
-49.40337
-49.25352
-48.41421
-48.72398
-48.66299
-48.81203
-49.13235
-49.83751
-50.33770
-51.01220
-50.94753
-52.28303
-53.61412
-53.72330
-53.13697
-53.59189
-53.11278
-54.10751
-54.61178
-54.41188
-53.31374
-54.68866
-54.82011
-54.41996
-54.40772
-53.57579
-54.90196
-51.50698
-49.01746
-47.64140
-48.38117
-47.62111
-48.80662
-47.72838
-51.91534
-48.91381
-58.06654
-49.56316
-73.75420
-41.12804
-27.21380
-27.08897
-33.09394
-39.62396
-45.61972
-53.43563
-51.84938
-52.46056
-52.76387
-54.33476
-55.43453
-54.59414
-53.89400
-53.09456
-54.43820
-52.73043
-53.97626
-53.02783
-54.21694
-53.01670
-52.61135
-52.24108
-54.18045
-54.32035
-55.64857
-54.42358
-55.01936
-53.92650
-53.81378
-55.34201
-55.82355
-55.97034
-55.11056
-54.56727
-52.40386
-54.37954
-55.09707
-55.08909
-53.42393
-52.06470
-53.26170
-53.33123
-53.77220
-53.06698
-52.82641
-53.42479
-51.88584
-48.19074
-50.52721
-58.82788
-50.44713
-49.21298
-53.98881
-53.78162
-50.56929
-49.37792
-48.48265
-48.36055
-48.75039
-49.40987
-50.64893
-50.93139
-51.35095
-52.36943
-53.59760
-54.29572
-54.23448
-53.82233
-54.61150
-54.48586
-53.68849
-52.90736
-53.33527
-54.89713
-55.92497
-55.57147
-55.79405
-56.77804
-57.67621
-57.17885
-57.02866
-55.89464
-52.99941
-52.61738
-53.66594
-55.37817
-56.85805
-57.50359
-57.53591
-57.20477
-56.42336
-56.53857
-57.77237
-57.88591
-58.45838
-58.70968
-59.03895
-59.02438
-57.25081
-58.27295
-57.80427
-57.53192
-60.42083
-59.93092
-58.81923
-59.54129
-60.15729
-60.53899
-57.65770
-53.60129
-53.11648
-53.35025
-55.25120
-57.93647
-58.75653
-57.77067
-56.68242
-57.59714
-60.05673
-63.16720
-61.47285
-62.88002
-63.57062
-62.83022
-63.03542
-61.41593
-59.58838
-60.35692
-62.03023
-63.99762
-65.46915
-64.61365
-65.11389
-65.67901
-64.57177
-62.60615
-59.60667
-59.28979
-60.64013
-61.59884
-64.86358
-64.17734
-64.64866
-65.72385
-64.18892
-65.51140
-68.04405
-65.98819
-65.19739
-64.16355
-65.02995
-66.50145
-65.85464
-67.26507
-65.15749
-64.84237
-65.32523
-66.07285
-68.84611
-66.47784
-68.04728
-67.49115
-68.10012
-61.94515
-61.93420
-60.73733
-65.27135
-59.71509
-48.58524
-52.71699
-58.16785
-59.72211
-63.55302
-66.86557
-61.28879
-51.32694
-51.89470
-51.96288
-52.65331
-51.82843
-52.99941
-51.16397
-51.83649
-53.00029
-52.18822
-52.16533
-51.84574
-53.18796
-48.32227
-48.82803
-49.01835
-48.39507
-47.95726
-47.13652
-46.69900
-46.47535
-47.20972
-48.13743
-49.20121
-50.48467
-54.25426
-53.48970
-54.35391
-54.23416
-55.95740
-55.91496
-55.17611
-55.76848
-49.84094
-50.80167
-54.11085
-54.56698
-54.70066
-55.03081
-57.24295
-56.81973
-57.12261
-54.94098
-54.37131
-54.03844
-53.54168
-52.73615
-53.90767
-54.90731
-56.52280
-56.56142
-56.12591
-60.36038
-50.70398
-49.99168
-54.48515
-55.70720
-59.11038
-59.63738
-59.21661
-59.35364
-56.67604
-55.75971
-55.24909
-54.68603
-55.18569
-55.47925
-53.42436
-51.17375
-51.78619
-52.72801
-53.04583
-53.48526
-52.67502
-53.72341
-54.07240
-54.45638
-55.62087
-56.25357
-58.84598
-49.44785
-50.09265
-57.73439
-57.17595
-60.94592
-58.45755
-59.14756
-56.13989
-53.17123
-53.73771
-54.21509
-54.44802
-55.96520
-56.10422
-52.94572
-53.25331
-53.44754
-55.61194
-55.97088
-58.92529
-50.32975
-49.08483
-56.63532
-57.33335
-60.88114
-59.14791
-61.75730
-51.91227
-49.99546
-50.55810
-50.70046
-50.33268
-50.83062
-49.71762
-47.90096
-51.77967
-53.73919
-54.67264
-54.52738
-53.40394
-53.75642
-55.30638
-55.32129
-56.30760
-55.88031
-56.16794
-55.10831
-55.11391
-54.81580
-53.96565
-53.64400
-55.95795
-57.60801
-56.16998
-55.86673
-55.57637
-57.48658
-57.55148
-58.53347
-57.38448
-55.94462
-55.01418
-57.91792
-56.09622
-50.89497
-52.34819
-55.81510
-51.08595
-49.02808
-48.33360
-47.50912
-48.59802
-47.95031
-47.64334
-48.06774
-49.06617
-48.99535
-48.41426
-50.42749
-51.90023
-52.12678
-52.70191
-53.75398
-54.92601
-54.61894
-54.74855
-55.75625
-50.86797
-49.72359
-54.05738
-55.35191
-55.76128
-56.42162
-54.57357
-53.03317
-53.24256
-53.11442
-52.95641
-53.63423
-53.54396
-53.55862
-53.66119
-53.73392
-52.81517
-53.53588
-54.15526
-55.22228
-52.55413
-49.37416
-53.14742
-57.38426
-56.21232
-55.79672
-55.51531
-54.17326
-53.57972
-54.40235
-54.02869
-54.43173
-54.03817
-54.08932
-54.55683
-53.21902
-52.37226
-52.50426
-53.13859
-53.90471
-54.31622
-54.60635
-54.06070
-53.22500
-53.58277
-53.46973
-55.63123
-50.64633
-48.72779
-54.16679
-55.59557
-57.27709
-57.88694
-56.06435
-55.47038
-54.51066
-54.69974
-55.60264
-54.45431
-54.71427
-54.54506
-53.80803
-55.52647
-54.58500
-54.77273
-53.87741
-55.04863
-51.86009
-49.02559
-54.32037
-58.51680
-58.24911
-56.97169
-55.82298
-56.05377
-54.43420
-55.00769
-54.75769
-56.03918
-55.78560
-55.79552
-55.88582
-55.17446
-55.71502
-57.85798
-59.63985
-57.86538
-59.11721
-58.96644
-60.51611
-58.42798
-59.71304
-57.89680
-62.29973
-53.03440
-48.77153
-54.59171
-55.82378
-60.68220
-60.74362
-62.73138
-60.68906
-60.93010
-60.42140
-61.47254
-62.11474
-61.63994
-61.84560
-56.97554
-61.74330
-57.80807
-62.18162
-61.54057
-68.88013
-54.40931
-48.44168
-50.79596
-48.80320
-48.73831
-48.23044
-47.87845
-47.83774
-47.91547
-49.13450
-49.58321
-51.00892
-53.23606
-56.40247
-54.74999
-53.14673
-53.16244
-53.81537
-53.72998
-54.98454
-54.03694
-48.95792
-52.83199
-57.41244
-57.39064
-58.26379
-55.77421
-54.87669
-54.88668
-57.45367
-55.37012
-56.26977
-55.61287
-55.06611
-55.42387
-56.18215
-55.26681
-57.34002
-58.04687
-59.71294
-57.64169
-49.13800
-51.72034
-56.71447
-58.45614
-60.62540
-61.67815
-60.47870
-58.12652
-58.51164
-57.04334
-59.06396
-58.23137
-58.61622
-55.51436
-54.11468
-54.57377
-53.65819
-53.89459
-53.72276
-53.76365
-53.90931
-54.13617
-53.32202
-53.75689
-53.64995
-54.14439
-52.51902
-48.71635
-52.73726
-58.39931
-58.18147
-59.02446
-57.30891
-58.25432
-56.08419
-56.82784
-55.64543
-57.94650
-60.71252
-63.18801
-56.34944
-53.07887
-52.83430
-52.57579
-53.30400
-51.39241
-51.61073
-48.44944
-50.80931
-53.60676
-54.45459
-54.98558
-54.01298
-54.22124
-51.77953
-52.20856
-51.71393
-52.34302
-51.60122
-52.43307
-49.08191
-49.32433
-54.21599
-54.65814
-54.86232
-53.39708
-52.60740
-51.85807
-51.75453
-51.57959
-51.42571
-52.13492
-52.25656
-52.27157
-56.86042
-59.77157
-59.19667
-59.83731
-58.32793
-60.35053
-58.31900
-53.64171
-52.56976
-52.74889
-52.29266
-52.73208
-52.91104
-53.27298
-52.40246
-52.21851
-51.90646
-49.80306
-54.15478
-55.63360
-49.34208
-49.19694
-49.60882
-48.63048
-48.54792
-48.06395
-48.95959
-48.52192
-48.56090
-49.75959
-50.16951
-52.71444
-53.88562
-53.64109
-52.78013
-52.90363
-52.51174
-53.46243
-54.07289
-53.76711
-49.35786
-50.62390
-56.08132
-55.99414
-55.77121
-53.51171
-55.68022
-53.02823
-54.92628
-53.96588
-54.45828
-54.62209
-53.90018
-54.30612
-53.22602
-53.52204
-52.66247
-53.69382
-52.95977
-55.11650
-49.50573
-49.78642
-54.18800
-55.15715
-58.23195
-58.31355
-56.28997
-54.39610
-54.79203
-53.87119
-53.95990
-54.24549
-56.98746
-55.39945
-56.57720
-55.75913
-54.01396
-55.70442
-53.31760
-54.13556
-53.07722
-54.93945
-55.03812
-54.66314
-56.47852
-55.62988
-55.62402
-49.59835
-48.52194
-48.69645
-47.98566
-48.23613
-48.23370
-48.51184
-48.71226
-48.81535
-49.15563
-50.50029
-50.74625
-51.59656
-52.44712
-52.80134
-52.21527
-51.66457
-52.80501
-51.74506
-51.59096
-50.02948
-50.24082
-54.28735
-55.91899
-57.10778
-55.12308
-55.69880
-52.38650
-51.37358
-52.70472
-52.49216
-53.03957
-52.68958
-54.09103
-53.70677
-53.89874
-53.33850
-54.39038
-53.80340
-56.84396
-54.81761
-51.56507
-52.62942
-52.28899
-53.30422
-53.15821
-53.18441
-48.49263
-50.03753
-54.44712
-53.98762
-54.86049
-53.89398
-54.22620
-52.81872
-52.27206
-52.24159
-52.97557
-52.96723
-52.64358
-52.25135
-53.38859
-54.28943
-55.38645
-56.34534
-53.50350
-53.35745
-49.77108
-49.03603
-50.84904
-49.33766
-49.34669
-48.90354
-49.85048
-50.64181
-50.90166
-51.43390
-52.20530
-53.15013
-53.93093
-54.69108
-55.12982
-56.45136
-55.12771
-55.81884
-54.32542
-56.08307
-51.38270
-49.74052
-53.90711
-54.53657
-56.18690
-56.30378
-56.69049
-54.81244
-57.28211
-56.79015
-54.70664
-55.42398
-54.69328
-54.95208
-54.24240
-55.36050
-54.91079
-55.60729
-54.96610
-57.39800
-52.08212
-48.38132
-54.10851
-57.25651
-56.83279
-57.15423
-57.70133
-59.69551
-58.93993
-58.59435
-58.69850
-60.00349
-59.82941
-61.66088
-59.60686
-58.77658
-58.55951
-59.82516
-60.78636
-60.04720
-60.71808
-55.82863
-54.86552
-53.35231
-54.66425
-56.42433
-58.67060
-51.67550
-48.99375
-54.16109
-54.09819
-54.86306
-53.78223
-53.52830
-52.94327
-51.90566
-52.30019
-52.51049
-52.94962
-52.84205
-52.07469
-51.71319
-53.19224
-52.20298
-51.87508
-50.53873
-51.06270
-49.84792
-48.54893
-52.78644
-55.07729
-56.16122
-55.78292
-57.04691
-55.63861
-55.08316
-54.71108
-55.50118
-56.52134
-56.76974
-57.58836
-49.22877
-50.29586
-54.84002
-54.26620
-54.01695
-52.33188
-51.51078
-50.89300
-50.27034
-50.29129
-50.38663
-53.45237
-58.93050
-56.30200
-54.20781
-52.36437
-52.72279
-52.86182
-52.26802
-52.97005
-53.01910
-53.01122
-53.24916
-54.16399
-54.94463
-55.69000
-54.03328
-53.00082
-54.02439
-54.39414
-51.37100
-50.55063
-57.27343
-53.40189
-49.05303
-49.17542
-47.28827
-47.33035
-46.82648
-46.59559
-47.68664
-48.04030
-49.24661
-50.25909
-52.97003
-54.40226
-53.76336
-52.71266
-52.91508
-52.75701
-52.81374
-53.39752
-54.59643
-53.52669
-49.54127
-52.30114
-54.30036
-55.07326
-55.15010
-53.62837
-53.53018
-52.70953
-52.24410
-51.31597
-51.96307
-52.32264
-53.76818
-53.46401
-53.92499
-53.93875
-55.52135
-55.69724
-56.52235
-54.59938
-49.27259
-52.44793
-56.85522
-58.12545
-59.61729
-59.46255
-59.79995
-58.25725
-57.18113
-56.42867
-57.54273
-57.98925
-57.68866
-57.35429
-54.99542
-52.80902
-52.73043
-52.56427
-52.55966
-53.69008
-54.35815
-53.91036
-53.08230
-54.27192
-54.48779
-55.93893
-54.31229
-48.82614
-53.12768
-60.18610
-61.19578
-60.28944
-59.88267
-56.06074
-52.97906
-55.18726
-53.45306
-55.48735
-55.80440
-56.33891
-51.68125
-52.31032
-52.38565
-53.09176
-52.48238
-52.50153
-55.10790
-48.72822
-51.41025
-54.70953
-57.38834
-58.19894
-58.41091
-54.77040
-52.40739
-53.57236
-52.67766
-52.79636
-53.95676
-59.88212
-53.48935
-51.52167
-52.73714
-51.49980
-52.21970
-51.48185
-53.46754
-55.71295
-56.92642
-55.93382
-59.56360
-57.58864
-57.48256
-56.44632
-48.41456
-52.25869
-55.32867
-55.42476
-56.67809
-60.94597
-61.61085
-60.28947
-58.33248
-56.29907
-55.75808
-56.58624
-58.61103
-53.90193
-53.28571
-55.43594
-58.59938
-56.91509
-60.95527
-55.60832
-48.83357
-48.88339
-50.59758
-48.69667
-50.04162
-47.62145
-48.07304
-47.50143
-48.75235
-50.39226
-51.40003
-53.62171
-53.58323
-50.61324
-50.65257
-52.56391
-50.38924
-54.57177
-50.83321
-54.69831
-48.61434
-51.36094
-52.86802
-55.18573
-55.74672
-53.85590
-53.79681
-51.61580
-55.44052
-50.91113
-54.62193
-51.29261
-54.96585
-52.65246
-54.92059
-54.05160
-52.88428
-53.49577
-52.82806
-56.83122
-49.31346
-50.06466
-57.07396
-60.79868
-60.11226
-60.46183
-58.53947
-58.84687
-59.60079
-61.44737
-61.06446
-56.97203
-56.78900
-55.37945
-50.57430
-51.18796
-50.88528
-51.49470
-51.71395
-51.59038
-52.08988
-52.24258
-53.69939
-51.89557
-51.83113
-52.18365
-52.22799
-48.61107
-50.32850
-53.70097
-55.11749
-55.87831
-55.20843
-53.93161
-55.31373
-58.00304
-55.04805
-57.84481
-54.97944
-57.95075
-56.41909
-55.30550
-57.56920
-55.47341
-55.94230
-54.31879
-56.60104
-50.81655
-49.94904
-56.79494
-58.00647
-60.01708
-59.53609
-59.36516
-58.45697
-59.98470
-59.06219
-59.76813
-57.83500
-58.22515
-53.37289
-48.64094
-53.77193
-56.98456
-58.42347
-60.44306
-59.11120
-58.37909
-58.81381
-58.46031
-57.85278
-57.00118
-57.28017
-59.61763
-56.98705
-56.55527
-56.01104
-56.45063
-56.06972
-56.20158
-56.09807
-56.23286
-56.13655
-56.54979
-57.30058
-56.40948
-57.28778
-55.39730
-55.04296
-57.19876
-55.87793
-50.81430
-52.57809
-58.98771
-51.55942
-49.26915
-48.96032
-47.63531
-47.81873
-47.92786
-48.49853
-49.30427
-50.11813
-50.30654
-50.07297
-50.92799
-53.26734
-54.97593
-55.43878
-56.51015
-57.13355
-57.14623
-53.81367
-54.20299
-50.45760
-50.26320
-54.42449
-55.22822
-59.18880
-56.83963
-56.87537
-56.40189
-59.45778
-58.85330
-57.67877
-57.38023
-56.04452
-55.48046
-55.02744
-55.89290
-54.65247
-57.31000
-56.38853
-62.31119
-52.61019
-48.71272
-55.53399
-57.16971
-59.40070
-60.09880
-58.00334
-58.04163
-57.77672
-57.82603
-56.65646
-57.04643
-57.57389
-58.98197
-58.72257
-55.87079
-53.29136
-54.48734
-55.98182
-57.05792
-56.99120
-55.62607
-54.98966
-53.45744
-54.81473
-55.57343
-60.74766
-51.22623
-48.58307
-56.19906
-57.55654
-60.60265
-60.37073
-60.17007
-59.06505
-58.97323
-59.95682
-58.61988
-57.41554
-57.89978
-61.05092
-59.97218
-62.13167
-59.94471
-62.47912
-57.76028
-61.97367
-53.59865
-48.48881
-53.86975
-57.02813
-59.81318
-62.76816
-63.57135
-59.09726
-62.55230
-62.19754
-59.34804
-61.44251
-60.17454
-63.11362
-61.91969
-61.65906
-61.08809
-62.04773
-57.77741
-56.72190
-57.27258
-56.62650
-61.59916
-61.21525
-62.27311
-59.93796
-64.23016
-52.83729
-48.63691
-56.33578
-61.51114
-63.71491
-63.48125
-59.80762
-55.10397
-56.03458
-57.17234
-59.00733
-61.43734
-63.61445
-64.25789
-57.56235
-59.25148
-57.53730
-62.07014
-60.17092
-74.32915
-56.29911
-48.50098
-51.71479
-50.33313
-50.22359
-50.05990
-50.04265
-50.11052
-49.25630
-49.83332
-50.40670
-51.42868
-53.22656
-55.99127
-57.53141
-57.43693
-55.35570
-55.44526
-57.16333
-58.69838
-60.04274
-59.27164
-56.85512
-55.71252
-55.22735
-56.26880
-57.41670
-59.01788
-61.56992
-59.35159
-56.37455
-55.44729
-55.57793
-56.28502
-56.05444
-55.22528
-55.12257
-55.08543
-56.84287
-59.09537
-59.08465
-58.46161
-60.03114
-61.87266
-62.30382
-62.02337
-60.45762
-59.26612
-58.41612
-56.88726
-57.20269
-58.19845
-58.75776
-59.75596
-59.79897
-61.18882
-61.72398
-60.47529
-60.37291
-60.99785
-60.55807
-59.29857
-57.20771
-56.29396
-56.59927
-57.01935
-57.97186
-59.00876
-60.59899
-62.03215
-62.11119
-61.73289
-62.00469
-63.71752
-62.55799
-64.07465
-64.18928
-63.88595
-65.03236
-64.14440
-67.13818
-63.73029
-63.71169
-65.52729
-65.83534
-65.42577
-63.99908
-63.61376
-62.95988
-63.08296
-63.76366
-63.63383
-65.77910
-68.85231
-67.68376
-64.97671
-63.88983
-65.29807
-65.66059
-66.07913
-66.44822
-66.89362
-64.42068
-64.96996
-63.82327
-63.50949
-62.61804
-64.20410
-59.84481
-59.43749
-63.40014
-63.34000
-66.25284
-64.86259
-65.55113
-64.16527
-65.34953
-64.97443
-67.78503
-65.46623
-72.50885
-57.23709
-53.14400
-55.44198
-55.12978
-54.81327
-54.73438
-56.15791
-52.90120
-53.82563
-56.92267
-53.78206
-50.07971
-55.18033
-56.06759
-49.26578
-49.40127
-48.83714
-48.60725
-48.51780
-47.67933
-47.39308
-47.54703
-47.78803
-47.77822
-49.02901
-50.26378
-52.80059
-52.53314
-51.41641
-51.86410
-53.74200
-57.18351
-54.82760
-53.73766
-49.57894
-51.02929
-54.22979
-54.47231
-54.14078
-54.27718
-52.03115
-49.92699
-54.40855
-54.10035
-53.77403
-52.29266
-51.42728
-51.23755
-51.98767
-52.47736
-52.76240
-52.34204
-52.39752
-54.74267
-49.02638
-49.68383
-55.14214
-55.52311
-55.90486
-55.04105
-54.46604
-53.00652
-52.29726
-52.38110
-52.43753
-52.69581
-52.13413
-51.35945
-51.11888
-51.92599
-52.96625
-53.29791
-52.91577
-51.17766
-49.79158
-50.33064
-51.39106
-53.00990
-54.46070
-53.99321
-52.74824
-48.51604
-48.18253
-48.94117
-48.53663
-49.63291
-48.94759
-48.98199
-48.59003
-48.69797
-49.20094
-50.60275
-51.62530
-52.70990
-49.75072
-50.12373
-53.58380
-53.79986
-56.25094
-56.58978
-59.48833
-49.95465
-50.29458
-54.98445
-54.14919
-54.76595
-53.48877
-53.77321
-53.33526
-54.02689
-53.21947
-54.06885
-55.36610
-56.28631
-54.86346
-53.62795
-54.08898
-54.42421
-55.37870
-55.30826
-55.25487
-55.31847
-56.49025
-55.96737
-55.55495
-54.81602
-54.71639
-55.03220
-48.99653
-50.36182
-56.29548
-57.01891
-59.26562
-57.00305
-53.33251
-52.08787
-53.71350
-53.54257
-55.16154
-54.84885
-55.67302
-54.50489
-54.42971
-55.43207
-55.29951
-55.44267
-54.82436
-57.39527
-49.20973
-48.95757
-52.55733
-50.65772
-50.54186
-49.42407
-48.88169
-48.36737
-49.27175
-50.00582
-52.10788
-53.93145
-54.95145
-53.97982
-52.50618
-54.76886
-54.51287
-54.91962
-55.02022
-58.67748
-50.67664
-49.05557
-55.14736
-56.41790
-56.04461
-56.68545
-54.68686
-50.36081
-55.52901
-57.75088
-56.71933
-56.95001
-55.43249
-56.99883
-55.09086
-53.11297
-51.75822
-53.01148
-52.83670
-57.31347
-51.13655
-48.37370
-52.32869
-54.21073
-57.11538
-58.27347
-59.71025
-57.89636
-56.91008
-57.15935
-57.87888
-58.82377
-57.30985
-56.32792
-55.66570
-57.58058
-59.36527
-58.12305
-57.53497
-56.69238
-58.99417
-58.67776
-55.94428
-55.28208
-56.30499
-56.21119
-60.08902
-51.06848
-48.34998
-53.91281
-54.49596
-57.02690
-56.90986
-57.80867
-56.45580
-56.60951
-56.22254
-56.30567
-55.48138
-56.49810
-54.24785
-51.16705
-59.61573
-59.82318
-60.19158
-56.32248
-59.45813
-52.61379
-48.19647
-54.91320
-57.29757
-60.31088
-60.98735
-62.41834
-52.95205
-52.40745
-52.27643
-52.09306
-57.95238
-60.30530
-59.43532
-48.39671
-50.66985
-56.09474
-57.60943
-60.50074
-59.87583
-57.38632
-51.81743
-53.06377
-53.65648
-52.99645
-53.81183
-60.27859
-62.74139
-59.53970
-57.51688
-57.25305
-57.46050
-57.66078
-59.48798
-54.30211
-52.27482
-53.35212
-53.85728
-55.29581
-58.67138
-55.67728
-53.96424
-58.29463
-60.33556
-52.45193
-51.28343
-57.26718
-53.05476
-49.44405
-48.88623
-47.54851
-46.96507
-46.82577
-46.86621
-47.30127
-49.76465
-50.99518
-51.91653
-53.18283
-53.78566
-53.82929
-52.07459
-51.73217
-51.28094
-52.81053
-52.69172
-52.86173
-51.06212
-49.40936
-50.49565
-51.47192
-50.98519
-50.34186
-50.05348
-48.94407
-49.17957
-49.22609
-50.03205
-51.00480
-52.16919
-53.27311
-53.01787
-54.13464
-54.19447
-54.99345
-55.10739
-56.06302
-54.65914
-49.44967
-50.25382
-50.81825
-50.16737
-50.42136
-50.02619
-50.04565
-49.38666
-49.47921
-49.79878
-50.75167
-51.69528
-53.48201
-53.40579
-52.65219
-53.38176
-52.82016
-52.76039
-54.05266
-53.06290
-53.81856
-55.31918
-53.85491
-55.09700
-55.43774
-55.45321
-56.02494
-54.27437
-49.82868
-47.76821
-47.67172
-48.06291
-49.16997
-48.02065
-48.91574
-51.18104
-51.81294
-50.59185
-51.97102
-54.38688
-51.34207
-49.45407
-49.63739
-48.80023
-48.15853
-50.18551
-50.44918
-51.44684
-51.02739
-50.93109
-53.16020
-53.85166
-55.14157
-55.29007
-53.53369
-52.87045
-52.81394
-53.01100
-52.95798
-53.19867
-53.36692
-52.68555
-52.97420
-53.26965
-53.73573
-53.22107
-53.99202
-54.26592
-53.76884
-53.34988
-54.49510
-54.15509
-54.95206
-52.58793
-48.50532
-52.37744
-56.93770
-50.74461
-50.22415
-56.91128
-51.78487
-51.68456
-57.97343
-53.10537
-49.35489
-50.99375
-56.51050
-50.31972
-51.39603
-54.06627
-54.84953
-54.76168
-55.57441
-56.27235
-48.96897
-49.49090
-49.03879
-48.35998
-49.10867
-48.78513
-48.03597
-47.75073
-49.01035
-49.61023
-50.25740
-50.87566
-51.54212
-50.92596
-52.35923
-53.57402
-54.23232
-54.24986
-54.57533
-54.57238
-49.23558
-49.18285
-49.65045
-48.52806
-49.06636
-49.41157
-50.73179
-51.18963
-51.84040
-52.15082
-51.98353
-52.54822
-54.68883
-53.80875
-52.37105
-52.81140
-53.11490
-54.19255
-54.88848
-56.02310
-51.11118
-48.77042
-49.45399
-48.80931
-48.54575
-48.05787
-48.56639
-48.96395
-49.46729
-49.93187
-50.31289
-51.49616
-52.28554
-53.02781
-52.25218
-52.27444
-52.03840
-52.75346
-52.95450
-52.86527
-51.85475
-51.68317
-53.34585
-52.84045
-53.67130
-54.47028
-54.74375
-51.62421
-48.02331
-47.55023
-47.59663
-47.55075
-48.10569
-48.15927
-48.74615
-48.47573
-48.80113
-49.48109
-49.92492
-51.76392
-51.06007
-49.53365
-49.88983
-49.14394
-48.46173
-50.43762
-51.09073
-51.78742
-53.59357
-53.80870
-53.24034
-52.54824
-52.99686
-53.11697
-51.12638
-50.29896
-51.30017
-52.95319
-53.08054
-52.75499
-52.03461
-51.37657
-51.32929
-51.21195
-52.51955
-52.78192
-53.21366
-52.19540
-51.54867
-51.81023
-51.30726
-52.02922
-53.09257
-53.06202
-53.14467
-52.71704
-52.32651
-53.72668
-53.53985
-53.50747
-53.81156
-52.64192
-51.58923
-51.75375
-52.53290
-52.34894
-53.37017
-50.63756
-48.55453
-54.74911
-55.09424
-49.15976
-50.88563
-54.36295
-50.44147
-48.57316
-48.24355
-47.11166
-47.46664
-47.07092
-47.52108
-47.84168
-48.44571
-48.85649
-49.99971
-51.48293
-51.88280
-51.94009
-52.10836
-53.27558
-52.68539
-52.98286
-52.55024
-54.66874
-51.22783
-49.10633
-49.45654
-49.18492
-49.58537
-49.39601
-49.31674
-49.36176
-49.29069
-49.36500
-51.48336
-52.72541
-53.25054
-52.21750
-51.87894
-52.28677
-52.21663
-53.27795
-53.35860
-54.69764
-51.74795
-49.90778
-51.56046
-50.52827
-50.45249
-50.33629
-51.23786
-50.99315
-49.78124
-50.01994
-50.51682
-51.69081
-52.18164
-53.01029
-54.38126
-55.25648
-53.78120
-54.09188
-54.18220
-54.08225
-54.20619
-54.77193
-54.48089
-53.74286
-54.65067
-55.89912
-55.60596
-55.89333
-52.03095
-47.20999
-47.07610
-48.06651
-48.83968
-48.02442
-47.09614
-49.05272
-50.85619
-49.24604
-48.67443
-51.53824
-51.46902
-50.00758
-50.55760
-50.49694
-49.10751
-50.06142
-51.63994
-52.42753
-53.14818
-53.19385
-55.92012
-55.99558
-55.07789
-52.98676
-52.96007
-53.33454
-54.09545
-53.99453
-53.59765
-53.43614
-52.14217
-51.43705
-51.31878
-52.79999
-53.32084
-53.61805
-52.89916
-53.50547
-53.22862
-52.34989
-52.67885
-55.41085
-55.52778
-56.23459
-50.77430
-48.43868
-54.72611
-54.16603
-49.71414
-52.13402
-55.36920
-50.46310
-52.88821
-57.91111
-52.06076
-48.62022
-54.46622
-55.62591
-49.48165
-51.48658
-52.04903
-54.65354
-53.88048
-55.47074
-51.87844
-48.17225
-48.72963
-47.39210
-47.98992
-48.37835
-49.65021
-50.62066
-50.93750
-51.71700
-52.78821
-52.94285
-54.10763
-55.45821
-55.45936
-56.54065
-55.46294
-56.14580
-55.71419
-58.15590
-53.61840
-49.38083
-49.66531
-49.59172
-49.59842
-48.78533
-47.89423
-48.62834
-48.47003
-48.81662
-50.11741
-50.48932
-52.53818
-54.98582
-53.40957
-52.61320
-52.68041
-52.73606
-52.93442
-55.72863
-55.28942
-50.21096
-49.77254
-49.06315
-48.74953
-49.24014
-49.63772
-49.43076
-49.29735
-49.82994
-51.06789
-51.51595
-52.25500
-54.67867
-54.29448
-54.24707
-54.31694
-55.23784
-54.65799
-54.30712
-53.75665
-53.76650
-53.89354
-54.11851
-54.22751
-54.66592
-54.93499
-55.42868
-53.71710
-48.75704
-47.35471
-47.22343
-46.77690
-46.26950
-46.59337
-47.91263
-48.34927
-49.71130
-50.97134
-50.65211
-50.79721
-49.60684
-49.58723
-50.39753
-48.28843
-48.55381
-51.68301
-52.84118
-53.64403
-53.75077
-52.91463
-51.39657
-50.61377
-52.81829
-54.07909
-52.42506
-52.76719
-54.31547
-54.23623
-53.42378
-53.23217
-53.11152
-52.83303
-53.27638
-54.93339
-55.55069
-54.64026
-55.39792
-53.57166
-53.05344
-54.64904
-54.71286
-54.91927
-54.80201
-55.34902
-53.99027
-54.59950
-55.15836
-55.28236
-55.22820
-55.29907
-54.84945
-54.68826
-53.83371
-53.36649
-53.01127
-52.45976
-53.69865
-49.00268
-49.57239
-53.88463
-52.69514
-49.83330
-54.21965
-57.07880
-49.87255
-49.06984
-48.20711
-48.30053
-49.46753
-49.82796
-49.17850
-48.50859
-49.10455
-49.16807
-50.44483
-52.57898
-54.60678
-55.84199
-54.88252
-53.93709
-55.25741
-57.49876
-57.39894
-55.68120
-49.15725
-51.04369
-55.33804
-57.42915
-58.21557
-60.74817
-55.23244
-51.67209
-60.47294
-59.17698
-59.51233
-57.36576
-57.32821
-56.70225
-55.13727
-55.70155
-55.19529
-56.81551
-56.87847
-58.79062
-59.25272
-49.59385
-47.49076
-47.78065
-47.26343
-48.02975
-47.65234
-47.30188
-47.33608
-47.72541
-47.73947
-49.73218
-51.61915
-53.67773
-53.81815
-52.99078
-52.59957
-52.35973
-51.10932
-50.55612
-50.64250
-51.19929
-51.71120
-52.82359
-53.28686
-53.01341
-53.72926
-48.47751
-50.06050
-55.51209
-56.38191
-57.31589
-57.33925
-57.20302
-54.97962
-54.72875
-54.05761
-54.83867
-56.20605
-58.10636
-59.03664
-52.68650
-49.12106
-48.63952
-48.73000
-48.73078
-49.13726
-50.82923
-51.40575
-51.39497
-52.10456
-53.16977
-53.67671
-54.40703
-55.33149
-56.17078
-54.92858
-52.67149
-52.09410
-52.27129
-53.52279
-53.94050
-53.98879
-52.90321
-53.65762
-54.53910
-55.88293
-56.23599
-55.77603
-56.74540
-58.36780
-58.10113
-57.17276
-57.10887
-48.62975
-50.51706
-54.52297
-54.98105
-58.95648
-57.86076
-60.00324
-58.18080
-60.36872
-57.95718
-59.92259
-57.98487
-62.91264
-55.79804
-57.10960
-59.41244
-56.20681
-60.17892
-57.20463
-66.51130
-50.27669
-49.58680
-57.31921
-57.73864
-61.52226
-61.65591
-62.86213
-60.73456
-60.80477
-58.95011
-58.61172
-58.53858
-58.26205
-59.09358
-59.64849
-62.32582
-61.71667
-64.82008
-61.55602
-73.49291
-51.38946
-48.37324
-56.04798
-57.40239
-61.21808
-62.53109
-63.88733
-51.86677
-56.94272
-64.95519
-63.16557
-66.75982
-61.76867
-65.19658
-60.60984
-60.87934
-58.92580
-65.53070
-60.31680
-71.08018
-52.89310
-48.23007
-53.83239
-56.49146
-59.60800
-63.35774
-63.97855
-64.11672
-63.23441
-62.84789
-62.32235
-63.08559
-63.42948
-65.20385
-57.37173
-48.23986
-46.53782
-46.17180
-46.57009
-47.26462
-47.95748
-49.68749
-50.95966
-49.87957
-49.89931
-50.82360
-51.10247
-49.30606
-48.98459
-54.30319
-56.17880
-57.04914
-54.81479
-53.98127
-54.36851
-56.94155
-55.87779
-58.73098
-58.25903
-61.46469
-57.26745
-51.31541
-58.10961
-55.88442
-56.15082
-53.30990
-53.50000
-50.08480
-48.00622
-52.96925
-54.71956
-59.55828
-60.25345
-60.28621
-58.17405
-50.42737
-47.58644
-47.31104
-47.45607
-48.31320
-47.70609
-46.94544
-49.56582
-51.26483
-52.40359
-55.48384
-54.04406
-52.11823
-50.10564
-50.98241
-53.32488
-53.41888
-53.15030
-53.93266
-54.80966
-56.01437
-55.95164
-55.97631
-56.43733
-56.24147
-55.24460
-54.16888
-54.12443
-54.21904
-54.52528
-53.54501
-55.01080
-54.43018
-54.26782
-57.91071
-62.30276
-52.51519
-51.80738
-56.21902
-57.64276
-51.85764
-46.96665
-47.11060
-46.99312
-47.71469
-48.20371
-48.59891
-48.44406
-49.32174
-50.60031
-51.87652
-52.58936
-55.22745
-55.78074
-56.07029
-56.44673
-55.84393
-54.37390
-54.08375
-51.93087
-48.55272
-52.68449
-55.57923
-57.30046
-57.50545
-57.49822
-51.86760
-52.41124
-56.83312
-54.91010
-54.61262
-52.12236
-52.86487
-52.07510
-53.35293
-54.16229
-56.87038
-56.63829
-58.32769
-55.75092
-48.37761
-51.75732
-59.49567
-59.81163
-60.79620
-59.99254
-61.04085
-61.77371
-62.88281
-62.82441
-60.00022
-57.61001
-58.91841
-60.46402
-58.49089
-56.77892
-56.20722
-56.42811
-55.84201
-56.62337
-56.26408
-56.11502
-55.26006
-58.25730
-57.95644
-60.89909
-55.75060
-48.62454
-52.79997
-54.76998
-58.79048
-62.27032
-61.86005
-62.69500
-61.23542
-60.69882
-60.95026
-63.96076
-61.05413
-60.10030
-51.39085
-56.97420
-62.01779
-61.47792
-58.13192
-57.12222
-55.21849
-47.81536
-52.03989
-57.18040
-58.13309
-60.73987
-60.67754
-61.74765
-61.16120
-60.92637
-61.50242
-62.49034
-61.45784
-60.33772
-60.70995
-60.84252
-59.77778
-60.63963
-61.57328
-60.48935
-62.20205
-61.88439
-60.87033
-59.92308
-61.24092
-59.15979
-61.30745
-54.63700
-47.41175
-52.97915
-57.06876
-59.11983
-62.34626
-62.52876
-62.89123
-61.89257
-61.75050
-59.11161
-62.63742
-60.01807
-62.45811
-53.96022
-58.57191
-55.64947
-57.43541
-58.39997
-61.65750
-59.47339
-47.97148
-49.04378
-47.84800
-48.50891
-49.04732
-48.29497
-47.91067
-47.86502
-48.04551
-47.41026
-49.24262
-52.35700
-54.09586
-54.62257
-54.38761
-54.05785
-54.27898
-54.85141
-55.18567
-54.08883
-48.54885
-50.27574
-53.85503
-54.32765
-55.20945
-57.03635
-54.42305
-51.44365
-60.28344
-56.10652
-58.81663
-55.01203
-53.57999
-52.98584
-54.43023
-53.84604
-54.96510
-56.19901
-58.26642
-60.30929
-50.33790
-48.19114
-49.35857
-49.31826
-49.07096
-48.62815
-48.73594
-48.89183
-47.96109
-49.57505
-49.56901
-53.31307
-52.24425
-55.18021
-52.23592
-56.98136
-53.12981
-57.96383
-52.53016
-60.49329
-48.50643
-50.19123
-53.03102
-57.81208
-54.94649
-62.20239
-50.86705
-28.74485
-32.09546
-42.71679
-44.97078
-59.67584
-51.99290
-63.12217
-52.44846
-58.83428
-53.26187
-63.39916
-54.46394
-61.87968
-50.18145
-48.84754
-51.07554
-50.44869
-49.40168
-49.11239
-48.80497
-48.75811
-49.51749
-50.03096
-50.65981
-51.61085
-53.36100
-55.06494
-56.08170
-55.61073
-54.81934
-54.65829
-53.21254
-54.61080
-52.18638
-48.71840
-53.91763
-55.78810
-59.71565
-58.61618
-61.75882
-51.83316
-53.39922
-61.84061
-57.60064
-58.41151
-55.99366
-56.97192
-53.96584
-54.88955
-53.86273
-55.47874
-55.94582
-59.52471
-56.00789
-47.92916
-52.98681
-59.46362
-60.87947
-59.69363
-60.92349
-59.35364
-60.54057
-58.91902
-59.76474
-59.67502
-59.95442
-63.55892
-50.59384
-49.46124
-54.06211
-55.77489
-61.00261
-61.12134
-60.49805
-60.99559
-58.54012
-61.35506
-57.27884
-62.99291
-56.32104
-59.83919
-56.34981
-67.91592
-57.06065
-71.68511
-55.82283
-78.04503
-49.58073
-49.96900
-54.30224
-61.53555
-58.18974
-68.04297
-56.40611
-28.97415
-32.87987
-47.47639
-49.11378
-69.44471
-55.03452
-72.02213
-53.21557
-55.25733
-49.42387
-54.16395
-50.74026
-59.64562
-50.34708
-48.89347
-52.04578
-55.88723
-56.24345
-59.20744
-57.39596
-57.59428
-57.34901
-57.35396
-58.95270
-59.67289
-59.84948
-55.02493
-54.95092
-47.97957
-47.19732
-47.49864
-48.81741
-49.28367
-51.05799
-51.63682
-52.82353
-51.55299
-53.19160
-53.31315
-53.17492
-49.52458
-49.18029
-52.43413
-52.07660
-53.51779
-52.56516
-53.42547
-52.57920
-54.54471
-53.79444
-55.08432
-54.66452
-58.32102
-54.07304
-51.45861
-57.17687
-55.54632
-57.94791
-56.53634
-59.91935
-52.57670
-48.38859
-54.86051
-58.42335
-61.09680
-61.52486
-59.05503
-57.59590
-50.59266
-48.96248
-48.87912
-48.22119
-47.70787
-47.24811
-46.84298
-47.32594
-47.63280
-48.73748
-49.43894
-52.70950
-52.01795
-48.47587
-52.42672
-52.90336
-55.32106
-57.06159
-59.30489
-60.56595
-57.79014
-58.93245
-59.41138
-58.89046
-59.16786
-57.95366
-51.48423
-56.76553
-61.43547
-59.61130
-57.23120
-55.84093
-53.09041
-48.21021
-52.56178
-57.08778
-59.80198
-60.38773
-67.08874
-54.03075
-47.68932
-49.54500
-48.58781
-48.55755
-48.78739
-48.65861
-48.45644
-49.22586
-49.81354
-51.81739
-54.67660
-56.12982
-56.07350
-54.71569
-54.81885
-54.88801
-55.56975
-54.70516
-54.47267
-53.71638
-53.54491
-54.30437
-55.68686
-55.61415
-55.75935
-56.30438
-57.03644
-55.95945
-53.78605
-53.68152
-54.51146
-55.82740
-55.90400
-55.92129
-57.75092
-58.32470
-60.03485
-62.53535
-60.95415
-60.30494
-60.17055
-61.06404
-62.43173
-61.19794
-60.26174
-60.94068
-61.42341
-62.48662
-64.35436
-65.84626
-64.69635
-63.90060
-63.35529
-65.00996
-61.12697
-58.40911
-58.27925
-57.40107
-57.82090
-57.95398
-57.93048
-58.02462
-58.33106
-59.14040
-61.40732
-62.77962
-63.91113
-63.71327
-64.01384
-64.39722
-64.79031
-64.72383
-63.47123
-63.76058
-64.78620
-67.42451
-66.21754
-65.99851
-67.18743
-67.12806
-66.83942
-66.50138
-64.22989
-63.82599
-64.30117
-63.39004
-62.39003
-61.20084
-61.46279
-62.35457
-63.38006
-65.22155
-66.37172
-66.09308
-65.83535
-65.53215
-66.13951
-66.81596
-67.07986
-66.74605
-67.38941
-67.69933
-68.13034
-67.33076
-67.41455
-67.90852
-67.54358
-67.25542
-68.14023
-68.09459
-67.63398
-66.46956
-65.79094
-66.16053
-64.83943
-65.11694
-66.03426
-68.11997
-68.23244
-68.91501
-69.00390
-67.95975
-68.02075
-68.68270
-68.26591
-68.40875
-68.20613
-67.68150
-67.15061
-67.88550
-66.25544
-70.22346
-69.40039
-76.73011
-58.45197
-50.14444
-50.09405
-50.18133
-50.42701
-50.02125
-50.44685
-51.12152
-51.43396
-51.70680
-53.07266
-55.40592
-55.56905
-54.73311
-53.68156
-55.98771
-58.12134
-61.94375
-63.60879
-62.60977
-59.81609
-54.78446
-53.50866
-53.80848
-54.86064
-56.49208
-57.04924
-58.50906
-57.95492
-56.68258
-56.16584
-56.10372
-56.94328
-59.19423
-60.14492
-59.32667
-58.48321
-61.47204
-64.01940
-66.54295
-64.68129
-53.11104
-51.99027
-52.01293
-51.16226
-50.99688
-51.09630
-51.97486
-52.13379
-52.77938
-53.01179
-54.67816
-56.13532
-56.25339
-53.89559
-53.36532
-53.60508
-54.37086
-56.47273
-57.25378
-58.28035
-58.30869
-59.32066
-60.33333
-59.39951
-58.34862
-58.42202
-58.35190
-58.66320
-60.57201
-60.60259
-59.88826
-59.12086
-59.40797
-59.74342
-57.99330
-58.75714
-59.05600
-59.89898
-60.21727
-60.35036
-57.22153
-53.82570
-53.78841
-53.68695
-53.63896
-53.16622
-52.67120
-52.98360
-54.75154
-56.47816
-57.76547
-58.79930
-60.10659
-59.34214
-58.29420
-58.63707
-58.73388
-60.23544
-61.88001
-62.78646
-62.06939
-60.80191
-60.39873
-60.87715
-60.84462
-62.09753
-62.48441
-61.61657
-60.14924
-59.55891
-59.80513
-59.63963
-59.77105
-60.63199
-61.26834
-62.62416
-64.06167
-63.93830
-63.39248
-62.41963
-62.19879
-62.41148
-63.03135
-63.78043
-64.45859
-65.03287
-65.21761
-63.71761
-64.68908
-64.05444
-63.38461
-63.84956
-64.54736
-65.55672
-65.54901
-64.57706
-63.48665
-64.53416
-64.13864
-64.04303
-64.22759
-64.04573
-64.69616
-65.38172
-65.30822
-65.68586
-67.24559
-66.72976
-66.77402
-66.57261
-64.79737
-65.13996
-66.26001
-67.31428
-65.98232
-64.73556
-66.76698
-67.05418
-66.77564
-67.09544
-65.46003
-68.03522
-67.25982
-65.90258
-66.22882
-66.06765
-68.44957
-68.24068
-67.12653
-67.16902
-67.06351
-67.70100
-67.98877
-66.40663
-66.38249
-66.18261
-68.30602
-69.60362
-68.82182
-67.56711
-66.78857
-66.58241
-67.43534
-65.60430
-66.37721
-66.89462
-69.16809
-63.88023
-56.82355
-56.92627
-57.01363
-57.42895
-56.85292
-56.79093
-57.51275
-58.36425
-61.23078
-60.81644
-61.76621
-61.80188
-60.12904
-58.95532
-58.73671
-60.79179
-62.27315
-63.81325
-66.26659
-66.05813
-63.53826
-62.43985
-62.57822
-62.63191
-62.47040
-62.50044
-63.33667
-63.44736
-65.34951
-63.78043
-62.20995
-61.44810
-62.12843
-64.94248
-66.31860
-66.96970
-67.36482
-67.55229
-65.12233
-64.36771
-61.00120
-59.93506
-60.62564
-59.38325
-58.73155
-59.10823
-59.24020
-59.65931
-59.97655
-59.31137
-59.76187
-60.77560
-60.23731
-60.40311
-61.23321
-61.04563
-61.37398
-61.23665
-60.95685
-61.04263
-61.61028
-61.70145
-62.18646
-61.31387
-61.58487
-61.62564
-61.42604
-61.67050
-61.56451
-62.18021
-62.81253
-64.30494
-63.08924
-62.21602
-62.02300
-62.10787
-61.40039
-61.67681
-61.44679
-61.50001
-61.56536
-61.07631
-61.60985
-60.54505
-59.93002
-60.00091
-60.99535
-60.90090
-59.85770
-61.23659
-62.39250
-61.25542
-61.47483
-60.91954
-60.29106
-60.76067
-60.94230
-61.73336
-61.22593
-61.43826
-62.84900
-62.12848
-60.33579
-60.61292
-62.18455
-61.16104
-60.99883
-61.46638
-62.15028
-64.54763
-64.24614
-63.30367
-61.98138
-61.37150
-61.73940
-60.50562
-61.15865
-62.50539
-63.14197
-63.11136
-63.03455
-62.92223
-62.59275
-63.08651
-64.20798
-63.79504
-63.82048
-63.93038
-62.14268
-61.51279
-61.85633
-63.88868
-64.01041
-64.12874
-64.65306
-65.09776
-63.41748
-61.77177
-61.73811
-62.01406
-63.05889
-64.05830
-64.35341
-63.85647
-65.65467
-66.95661
-64.27366
-62.47469
-63.02142
-63.16555
-64.59394
-67.52334
-67.64090
-66.03402
-65.86445
-65.83717
-64.88451
-64.83366
-66.93125
-68.68258
-67.82681
-69.49193
-69.95743
-68.37887
-67.35358
-68.08210
-69.26767
-68.33052
-69.29764
-68.61136
-69.62981
-70.85093
-70.61153
-70.45784
-70.05073
-72.14782
-72.98880
-73.55511
-74.90773
-75.22349
-75.28434
-75.13911
-72.77156
-73.02981
-73.05642
-74.59949
-74.30968
-74.12521
-73.71009
-73.28986
-74.09764
-72.64394
-73.81298
-73.74809
-73.44428
-74.11986
-73.71451
-75.30672
-76.58602
-76.83015
-79.14188
-78.16387
-78.22473
-78.99512
-81.22818
-83.02755
-82.42466
-81.89445
-80.98590
-81.48767
-82.33642
-84.01083
-88.14061
-86.76770
-84.12716
-81.89836
-79.84445
-79.31707
-79.45147
-81.12397
-81.17892
-82.53744
-84.12767
-85.68251
-88.25804
-88.49776
-88.58019
-89.03983
-90.18089
-91.93041
-92.48933
-92.41889
-92.13910
-92.48615
-92.64118
-91.80523
-92.59608
-93.04245
-94.46270
-95.00767
-95.27443
-92.85789
-89.50547
-89.46398
-89.35382
-89.74074
-90.46804
-92.02118
-94.02745
-95.32690
-96.59066
-98.06873
-99.88759
-100.02711
-101.47073
-103.10293
-105.36394
-104.83837
-104.67802
-106.99954
-109.11927
-109.91904
-112.46921
-113.83102
-118.03259
-119.19122
-128.25592
