-67.27708
-29.62379
-24.73530
-29.27557
-33.25283
-37.59087
-41.25734
-48.02236
-50.58786
-51.08919
-51.21475
-49.52603
-50.17854
-54.84976
-53.40932
-52.08831
-51.91404
-52.59601
-61.64224
-71.15818
-94.96383
-54.73659
-55.32217
-56.24613
-52.83734
-54.70075
-61.16057
-54.87280
-49.22196
-40.79342
-43.45339
-43.68720
-48.22228
-48.13504
-55.19570
-51.98673
-69.91339
-53.43641
-68.55172
-51.38589
-59.69932
-42.28260
-26.38583
-31.77358
-39.28291
-37.18408
-38.53204
-39.08925
-42.88926
-46.10837
-51.69427
-53.69374
-68.36252
-66.48964
-57.02320
-51.88608
-58.99142
-48.25823
-61.69253
-50.92813
-60.50647
-57.17814
-49.09291
-73.20844
-44.40361
-47.22305
-63.62660
-63.00817
-81.83171
-45.92365
-58.39997
-80.35230
-58.50093
-51.59950
-47.57017
-48.98668
-61.92931
-62.39597
-64.67986
-73.12829
-59.27616
-57.60350
-31.10403
-28.98685
-31.82857
-34.76668
-35.90618
-36.24076
-38.59575
-41.09704
-47.12688
-50.61928
-61.37172
-60.60770
-55.87901
-47.71880
-48.99977
-54.94153
-85.10272
-62.49329
-81.02237
-47.61349
-41.58906
-43.85290
-48.34403
-54.99265
-59.67924
-68.45990
-61.54666
-63.22264
-70.26780
-68.72762
-69.98876
-54.03593
-45.09979
-43.64451
-48.51329
-62.59052
-62.76638
-65.60174
-82.84481
-79.30784
-73.63322
-53.36964
-45.70311
-49.73262
-60.10088
-67.92835
-73.35155
-71.03144
-70.00236
-70.21061
-81.87776
-72.25484
-63.17706
-65.80632
-50.77039
-45.38537
-46.62897
-49.85823
-51.16405
-49.51628
-51.36280
-52.92167
-57.52404
-65.41080
-79.88701
-79.13127
-79.05964
-71.33835
-54.37782
-54.35172
-67.04945
-99.78003
-97.24548
-74.49932
-58.93415
-57.14735
-63.59899
-85.63547
-76.65469
-78.81787
-73.11511
-76.56100
-61.58522
-58.90873
-62.01868
-73.82857
-65.46404
-63.22080
-61.90524
-67.80358
-68.00026
-66.30877
-74.78233
-87.07270
-83.63842
-66.37189
-67.68865
-66.87166
-74.08921
-70.53782
-68.69460
-65.67286
-66.22286
-61.18782
-62.06582
-56.11351
-52.61543
-31.36524
-24.83607
-29.76547
-33.85837
-35.80856
-39.23622
-45.67645
-54.43169
-50.89038
-48.99727
-52.37302
-53.43239
-48.81336
-48.09992
-53.34188
-54.10168
-56.05250
-73.21330
-70.51301
-76.73266
-57.32144
-52.78329
-52.37657
-50.98400
-53.74035
-74.47550
-61.96052
-74.77516
-44.83765
-43.75344
-45.84923
-46.98256
-46.69486
-51.22476
-53.66276
-64.33356
-58.17862
-65.63848
-60.41843
-59.38132
-44.58460
-28.15844
-30.18730
-37.38810
-37.89399
-41.87549
-48.34185
-49.13617
-59.35549
-45.54625
-44.57728
-67.74281
-54.75427
-59.90461
-54.68131
-54.02518
-52.10690
-54.11555
-50.12218
-53.14058
-57.27373
-45.40863
-48.59549
-48.48338
-46.97554
-67.62399
-60.73981
-67.53018
-44.23542
-47.18119
-49.56538
-59.75662
-58.85226
-61.48998
-72.84423
-57.89413
-53.16443
-50.78697
-72.36865
-66.08757
-75.16758
-29.45744
-27.26048
-31.29252
-36.20115
-42.03187
-41.65603
-42.41980
-40.28453
-43.78042
-47.90116
-50.32631
-48.50908
-58.73617
-55.31665
-88.07716
-51.42527
-51.42088
-62.39819
-46.23686
-50.26093
-47.92000
-48.01067
-64.39686
-62.20998
-77.03722
-67.28202
-69.67146
-45.79820
-43.68016
-50.44027
-52.80917
-79.16426
-64.60765
-85.82537
-61.88009
-52.06412
-49.66373
-46.83399
-50.74578
-55.50842
-56.27774
-61.59107
-55.70780
-59.24131
-61.59367
-56.37335
-75.23135
-66.46834
-70.99261
-67.02359
-71.39852
-84.21448
-89.10240
-68.54763
-41.28172
-38.94488
-42.27467
-47.43187
-56.37302
-59.42781
-65.16704
-61.81876
-56.91583
-55.61913
-60.12962
-62.85380
-73.46327
-69.16786
-69.61876
-61.56232
-66.63987
-72.61918
-106.00651
-87.10181
-92.50164
-70.17383
-73.63341
-65.26207
-70.24277
-69.01975
-62.42170
-60.16522
-55.08065
-58.63068
-57.76123
-67.30110
-66.26466
-87.72670
-83.16022
-84.68748
-78.38409
-81.30724
-68.25190
-75.49549
-67.46489
-71.95308
-63.37959
-70.05256
-63.99940
-72.72385
-80.28598
-78.01354
-75.50640
-73.86751
-68.48458
-66.93392
-52.90504
-35.36848
-38.94605
-43.27418
-54.04354
-55.49257
-90.45701
-47.46358
-42.04236
-70.12453
-60.67280
-59.86518
-57.53164
-55.25154
-42.91535
-41.04831
-45.59669
-59.32216
-55.25715
-60.09501
-49.28256
-44.21814
-50.30033
-44.10091
-29.19057
-21.87923
-37.81004
-41.16775
-24.69452
-29.69967
-49.14320
-49.27316
-54.53690
-43.98048
-49.88971
-42.30759
-46.11694
-51.40768
-42.03114
-44.86040
-41.74916
-41.04589
-38.66078
-34.50453
-32.67545
-34.80964
-33.43750
-36.61595
-26.60895
-28.97809
-55.25839
-40.75007
-45.91232
-39.62757
-42.32832
-40.63011
-41.55725
-39.40712
-38.00754
-36.90670
-38.30633
-37.88100
-35.83679
-35.30347
-34.47632
-37.13331
-33.93935
-35.90130
-27.75103
-28.18341
-40.52949
-36.92052
-45.06823
-39.45868
-39.13386
-41.80031
-40.48154
-41.75246
-39.58454
-43.89403
-47.86766
-40.62098
-35.27286
-36.08931
-37.47621
-37.07688
-34.18218
-35.98023
-38.25414
-36.51541
-35.11468
-37.11248
-40.78909
-36.12848
-33.41658
-26.36872
-29.30153
-46.55838
-43.68736
-44.79679
-42.29553
-47.38571
-43.76418
-49.58185
-46.76147
-53.94047
-46.62426
-51.06794
-37.29204
-40.45113
-48.10960
-47.40845
-69.05293
-46.78323
-53.79137
-24.91387
-24.40856
-34.96764
-48.36972
-57.68466
-60.79339
-65.28725
-77.55140
-53.40664
-48.41637
-47.92082
-49.85861
-51.44873
-49.92070
-53.76632
-65.55840
-59.83665
-62.85072
-60.64104
-64.94972
-47.58145
-51.16755
-48.83055
-50.04343
-49.16137
-60.14970
-46.23767
-21.04557
-24.37583
-51.81481
-42.97110
-49.66579
-49.96555
-50.67645
-50.75530
-60.77741
-50.07960
-61.48435
-48.26562
-51.86084
-43.71879
-68.28612
-53.15853
-54.90396
-57.16204
-52.89611
-49.59956
-21.39562
-23.14505
-38.26114
-42.35453
-53.83714
-39.39188
-46.44244
-42.67518
-46.79235
-44.64700
-43.78238
-44.49921
-38.42142
-36.58340
-36.72016
-35.48297
-34.52796
-36.66709
-33.04786
-36.76213
-29.24656
-27.27579
-42.91676
-42.70325
-45.77201
-40.17103
-41.63177
-48.02685
-43.71903
-44.16736
-38.98790
-38.36637
-39.22656
-36.94413
-36.14031
-34.07670
-33.51773
-36.58557
-34.24359
-35.64857
-30.32678
-25.26145
-32.62736
-52.87204
-36.55470
-40.44165
-38.40629
-41.10599
-36.90397
-36.58552
-36.97661
-38.62422
-39.42744
-34.35603
-35.58297
-35.72365
-35.40099
-34.16992
-34.71532
-38.04937
-34.38871
-37.17110
-36.64017
-38.56570
-37.61261
-33.20167
-39.33967
-28.32474
-34.82442
-38.88336
-30.63686
-40.88418
-49.81257
-53.33035
-41.60652
-40.94225
-42.69857
-43.15667
-42.18399
-42.65152
-41.17904
-44.63189
-50.05798
-42.12960
-45.01941
-38.98117
-58.00515
-28.68547
-22.89562
-34.08708
-49.21695
-59.71069
-59.57615
-72.86285
-40.65442
-45.51856
-44.93899
-48.48687
-43.72272
-45.40340
-40.16467
-23.11018
-29.53244
-57.29195
-48.74233
-60.63485
-56.23727
-61.73548
-51.01546
-47.06516
-48.52441
-52.42116
-49.04825
-55.02914
-53.36668
-96.53765
-47.99662
-52.77739
-47.31643
-57.84875
-50.64875
-53.36309
-53.55088
-60.56053
-50.58203
-55.86812
-54.89889
-45.88925
-51.82868
-69.45346
-51.81902
-24.77282
-23.78579
-55.45096
-32.09735
-24.74894
-34.69553
-58.18060
-48.86582
-50.98147
-45.47428
-52.00191
-48.28942
-52.92368
-43.64014
-45.97615
-41.02858
-40.28919
-38.60617
-36.18861
-35.41967
-35.31656
-33.85031
-34.68005
-31.35428
-26.39733
-30.93913
-39.82869
-44.51924
-46.83969
-38.69347
-40.71370
-41.18051
-41.61071
-41.17624
-40.66029
-39.48163
-38.98423
-37.24111
-36.86191
-35.26396
-36.18570
-34.06501
-35.06095
-33.58886
-26.38615
-33.31192
-39.60758
-37.94907
-45.95815
-38.61923
-40.37620
-36.70810
-40.17943
-41.49117
-38.52782
-40.06601
-42.25240
-39.00609
-35.26109
-36.94246
-38.63383
-37.32207
-36.19528
-39.54550
-39.98800
-37.90780
-36.46244
-42.27106
-38.51628
-36.28548
-30.53648
-24.92741
-34.06889
-41.72242
-44.58619
-59.07919
-42.37309
-42.37534
-41.44204
-45.98412
-43.71325
-49.46649
-43.97643
-44.37487
-39.10476
-59.97261
-50.55519
-58.06112
-44.00445
-56.49819
-35.61112
-23.74283
-29.24036
-43.28604
-55.74249
-66.35732
-63.54787
-63.18746
-56.12578
-52.77783
-55.59589
-56.58978
-50.00717
-47.61119
-46.05082
-46.59866
-53.20648
-59.37554
-66.51043
-52.38576
-61.63368
-48.81452
-50.83235
-47.74262
-53.50039
-50.26463
-45.88669
-31.39563
-20.55396
-29.93943
-50.73657
-52.26344
-55.85195
-51.29087
-58.22613
-42.09149
-48.68060
-57.72558
-76.22866
-58.83927
-79.49061
-42.61419
-51.88001
-51.11188
-78.25468
-40.42476
-64.38891
-36.44256
-21.51554
-27.94433
-36.33453
-39.62441
-58.28264
-48.65862
-63.13571
-53.21818
-56.57933
-44.91352
-62.63690
-41.64733
-42.17096
-36.51481
-37.40958
-34.05616
-33.86928
-32.18795
-34.41543
-32.85560
-26.84509
-32.44656
-40.39554
-41.81493
-40.28735
-40.02484
-36.91073
-43.26190
-39.82569
-38.54168
-40.49309
-37.17448
-38.48260
-38.07232
-36.34487
-34.52860
-35.71059
-37.14633
-34.49017
-35.41578
-26.89192
-26.64802
-38.05195
-47.65135
-48.13125
-34.98036
-43.54985
-40.09320
-36.35046
-42.69294
-39.06285
-37.91320
-35.73940
-34.93154
-36.64989
-34.94099
-38.87982
-36.57778
-37.17502
-40.08881
-36.62010
-40.92389
-35.32504
-37.14746
-36.19619
-34.84178
-37.41965
-28.70127
-26.64885
-33.68083
-42.05644
-70.82955
-49.59478
-41.24973
-38.27555
-37.94090
-39.13401
-41.23524
-43.22730
-47.02476
-45.01476
-46.77801
-53.18947
-45.06529
-50.00394
-38.34880
-56.29219
-26.35375
-27.13165
-44.13664
-46.16243
-49.38226
-42.67456
-45.45442
-41.31584
-52.26673
-45.23839
-58.83171
-41.82934
-46.48245
-29.94694
-22.06584
-28.79457
-40.76474
-56.46770
-61.59229
-69.52310
-76.70015
-56.46632
-51.11330
-63.02262
-50.79310
-55.48670
-64.56413
-57.98499
-62.94627
-59.23097
-76.45977
-55.19900
-63.51327
-51.64464
-53.09309
-47.02084
-52.05360
-45.99275
-59.69649
-59.99353
-42.07786
-46.63304
-48.88777
-40.89881
-23.47531
-27.50750
-46.29237
-26.01930
-26.76034
-43.15690
-43.08237
-90.57867
-52.42585
-66.52878
-54.05870
-63.17183
-52.32687
-64.60602
-55.96296
-58.44631
-60.34898
-56.67551
-63.66490
-53.36368
-53.63759
-48.30231
-43.86206
-24.44610
-22.24435
-35.40256
-41.94479
-55.19341
-55.99993
-73.10043
-44.76757
-56.01290
-60.13127
-63.55045
-50.82715
-53.55566
-72.75442
-53.11337
-52.78494
-49.75440
-47.17976
-43.61366
-38.82032
-24.27976
-20.94953
-38.06895
-47.26818
-49.80777
-43.07531
-47.81939
-45.67180
-55.27457
-49.57695
-47.82432
-59.09729
-51.28692
-54.84960
-41.93405
-50.34153
-43.93932
-55.72156
-56.08397
-52.78234
-64.79622
-89.11072
-65.60235
-54.09902
-58.90343
-44.88114
-48.03535
-23.44574
-21.66421
-32.66657
-41.14690
-49.51665
-51.39124
-53.22860
-55.01361
-57.55700
-53.80200
-71.70473
-51.73046
-56.18252
-39.21276
-33.43323
-34.86418
-29.94394
-33.91157
-33.52463
-39.52767
-28.71872
-25.56141
-45.84667
-43.47049
-46.48446
-63.86850
-46.24227
-49.67097
-41.70296
-48.77819
-46.68888
-62.03836
-51.57052
-65.24864
-51.66159
-59.08841
-54.79417
-58.44585
-55.07343
-51.56792
-59.28706
-48.62408
-45.51676
-38.29135
-50.09022
-42.98290
-45.05019
-24.39885
-21.94747
-37.64137
-43.21840
-51.63024
-53.52563
-59.62496
-58.13219
-70.52418
-50.65362
-61.23443
-54.56704
-59.66099
-47.38986
-45.29682
-55.66425
-43.15386
-48.87062
-42.81667
-40.83926
-25.95075
-20.85094
-30.84598
-41.55791
-83.88521
-65.68382
-76.24421
-72.02160
-60.28250
-57.17964
-56.99743
-58.90557
-51.42131
-49.37854
-46.47505
-65.75210
-48.31214
-48.33762
-45.04108
-40.50484
-28.57316
-19.49963
-30.85891
-53.88436
-52.33327
-60.20614
-50.67901
-39.75978
-51.98492
-52.62777
-52.04603
-51.39591
-50.76873
-50.18987
-49.58372
-49.02434
-48.36373
-47.60931
-46.78361
-51.25710
-27.88458
-19.93962
-26.83154
-36.98599
-48.65158
-55.28693
-55.06833
-54.60477
-52.67693
-61.16438
-60.60611
-61.35370
-60.19627
-36.62727
-36.03804
-28.38951
-30.32097
-37.66483
-36.67751
-39.88296
-42.78719
-46.54830
-46.40819
-45.08464
-65.29172
-44.05402
-52.19855
-31.77908
-22.95083
-34.15438
-53.30814
-68.63851
-68.52265
-65.23355
-63.19793
-56.35266
-53.72947
-58.29312
-71.05645
-83.25819
-47.25604
-34.75419
-48.08800
-49.00155
-49.46346
-44.62081
-45.20158
-32.17592
-19.61099
-28.24885
-47.67236
-50.60898
-55.15554
-52.12566
-48.48077
-32.94132
-33.13643
-45.27616
-38.83982
-36.27363
-43.99668
-26.48824
-28.83940
-46.57730
-45.91369
-53.05785
-54.17685
-56.76260
-49.36219
-68.58139
-44.34742
-44.03418
-44.79593
-44.16017
-61.18917
-53.70143
-55.73155
-87.57309
-59.14610
-75.89536
-59.76278
-61.89779
-64.57564
-55.16949
-51.52216
-46.59222
-64.10688
-48.33619
-44.04370
-51.92456
-44.03295
-28.16191
-22.11029
-36.49539
-37.18575
-23.78623
-30.36979
-42.55872
-42.14942
-51.36508
-43.64200
-46.84418
-43.64432
-53.45684
-47.82631
-54.38557
-49.85719
-59.47323
-50.04561
-55.06284
-46.82326
-60.34035
-51.43365
-61.38924
-43.95679
-22.85384
-28.11495
-77.05906
-47.36302
-52.79666
-54.16416
-54.51957
-46.20037
-50.79342
-47.90730
-50.21490
-40.01843
-51.59868
-47.48520
-81.90190
-54.84477
-64.78445
-70.05003
-68.27535
-59.09995
-21.12990
-24.27526
-47.12664
-44.74491
-50.31943
-52.84932
-55.60037
-59.55592
-60.27010
-56.29599
-69.34664
-70.35628
-46.72494
-44.56399
-49.88180
-44.30847
-45.89260
-50.82432
-49.28199
-71.27406
-51.60841
-62.02469
-52.67885
-56.87080
-53.59799
-54.41883
-34.99027
-20.65620
-24.89585
-39.94926
-46.58800
-52.93028
-53.53108
-54.24294
-55.20232
-62.07251
-50.01170
-55.43526
-58.63235
-41.85898
-31.42379
-58.17635
-70.65998
-75.47409
-74.11059
-61.75663
-63.15562
-20.36955
-22.96427
-59.82155
-50.11751
-57.94029
-53.67227
-58.21619
-63.82364
-54.63223
-63.44708
-79.23961
-79.82397
-68.43779
-64.81438
-62.29695
-60.52001
-59.21312
-58.17248
-55.70766
-35.45006
-35.28941
-58.93150
-46.63641
-50.91659
-48.92537
-46.12892
-37.08298
-19.68143
-23.53192
-34.19601
-46.44591
-52.81182
-53.02312
-52.92877
-52.47990
-59.72369
-53.44485
-53.29311
-52.85306
-51.77356
-38.06255
-66.64250
-44.15920
-50.40887
-68.31017
-50.66371
-58.14739
-21.39728
-23.86120
-40.56812
-37.91886
-61.75598
-46.71202
-69.63903
-47.91109
-51.25856
-46.92659
-52.90366
-48.78077
-66.81412
-55.42956
-52.37375
-56.66777
-46.46860
-67.61755
-44.41931
-45.24532
-24.60019
-23.66619
-46.65927
-44.66166
-53.92194
-57.78925
-58.51009
-43.50585
-52.72459
-55.79617
-56.78166
-47.06648
-50.43793
-72.91172
-55.32991
-54.67390
-48.78406
-48.28007
-44.26228
-39.80987
-24.46272
-21.70984
-33.15532
-40.08088
-59.10651
-45.09725
-68.88637
-45.95489
-46.21921
-45.41626
-44.48195
-52.72167
-57.25278
-69.28814
-64.15955
-64.61696
-65.16537
-71.17421
-59.80045
-64.97010
-74.71394
-53.01662
-57.07688
-48.25289
-49.31482
-48.24136
-55.29008
-23.68016
-23.22243
-51.90035
-53.42375
-55.60811
-56.98913
-74.93258
-60.53853
-71.73293
-55.45548
-66.47865
-49.47385
-62.95939
-40.44039
-36.69633
-36.37894
-30.38021
-35.55074
-33.90589
-42.10071
-29.43977
-25.50939
-38.83968
-42.03563
-61.14989
-58.18835
-58.23218
-61.53069
-68.27224
-54.84696
-64.38229
-53.73721
-51.05732
-37.05627
-21.57296
-28.09035
-58.37058
-47.08239
-56.05264
-56.10604
-56.52832
-56.63802
-57.35143
-45.47360
-44.76242
-40.35297
-48.94123
-46.96556
-57.40686
-52.43351
-76.52698
-60.96847
-66.82268
-65.56488
-84.97019
-60.49563
-56.64251
-76.60903
-55.99781
-54.23847
-41.65079
-43.77225
-62.59645
-60.78907
-23.87112
-23.82529
-39.76710
-28.25344
-26.33310
-35.85537
-52.19161
-68.64864
-67.75469
-65.48606
-62.89503
-56.93386
-57.06222
-59.45210
-63.97715
-59.46214
-57.28277
-54.93048
-55.12839
-50.07350
-48.39014
-44.62984
-39.94787
-27.02057
-19.29249
-32.59199
-60.64900
-57.00924
-65.81764
-51.11748
-40.90465
-56.83419
-55.29335
-53.64215
-52.47587
-51.16645
-50.13325
-48.95272
-48.77250
-45.38937
-45.33260
-43.34874
-39.84825
-30.00057
-19.22902
-25.31036
-35.17128
-57.59333
-65.16302
-62.04499
-59.97720
-56.56693
-58.22008
-65.86573
-65.94625
-66.85864
-66.94383
-36.93786
-28.43828
-29.16348
-34.55200
-38.98297
-42.55780
-44.91820
-47.53966
-66.14857
-47.61294
-55.18963
-46.44212
-49.67044
-33.16598
-22.41703
-34.49189
-65.74079
-57.26361
-58.99895
-57.90561
-59.41257
-52.88711
-52.70189
-49.26624
-63.73966
-54.82683
-53.92927
-36.73866
-47.41818
-47.89101
-52.93464
-43.47868
-44.81001
-32.63187
-20.49569
-28.63717
-49.56977
-53.03537
-54.24321
-52.55754
-49.27988
-34.46257
-31.91715
-40.38092
-40.78959
-40.52839
-42.98861
-42.09851
-47.08787
-48.86061
-53.68021
-68.41479
-53.54091
-59.14930
-48.93491
-78.16564
-47.41217
-59.84145
-48.83173
-49.72935
-31.03472
-22.53202
-30.74300
-45.15462
-82.17428
-81.50890
-68.39863
-64.14059
-60.49478
-108.24467
-57.64534
-60.35991
-56.56339
-71.56595
-42.12034
-53.22502
-49.01656
-53.91336
-47.05876
-46.13279
-34.29639
-20.93333
-30.18186
-57.44379
-40.79281
-47.17803
-41.16192
-43.41018
-43.85177
-59.83717
-43.78944
-70.51650
-48.38201
-71.95981
-48.86965
-65.46036
-47.57384
-61.27261
-48.61910
-61.95229
-41.69350
-23.45880
-26.68640
-38.31287
-54.80167
-57.93107
-61.66105
-51.32937
-46.65567
-51.19162
-52.76389
-54.03591
-54.97828
-60.46159
-47.95056
-53.68257
-44.12234
-47.84454
-52.17267
-57.89784
-63.18992
-21.82569
-23.91277
-47.34753
-45.50556
-53.57132
-55.51245
-58.49971
-62.86128
-60.26433
-58.11183
-69.96908
-74.64196
-62.03622
-71.57168
-45.82391
-46.82625
-48.21957
-55.94072
-53.37089
-69.17539
-51.06225
-66.58762
-50.43599
-65.48947
-50.90667
-52.10789
-40.44867
-20.64897
-24.86645
-45.24859
-45.68481
-53.34344
-54.55727
-55.76256
-57.36241
-78.17089
-52.55277
-56.29399
-55.62886
-54.68871
-33.16996
-46.50914
-55.39719
-56.69207
-55.49802
-53.27210
-56.01935
-20.64201
-22.08329
-36.54353
-43.42122
-51.47826
-51.60555
-51.88502
-51.97475
-65.11663
-45.07878
-53.29380
-40.56511
-39.23575
-26.03267
-19.74310
-35.21451
-70.63679
-69.68371
-70.54830
-55.16993
-61.33414
-50.14035
-58.79320
-61.30140
-51.15376
-63.20225
-71.92859
-40.79844
-50.24807
-95.16550
-50.56781
-43.70978
-51.66881
-44.69874
-37.75085
-48.50651
-56.43085
-40.78009
-52.11211
-73.94068
-41.06085
-45.52079
-45.57660
-36.34155
-21.34171
-28.31653
-65.04415
-26.57522
-27.67847
-44.02471
-32.36288
-29.93525
-49.43976
-44.72602
-63.05544
-50.25574
-49.35154
-49.47547
-49.63664
-42.58040
-37.48708
-36.51147
-33.89822
-34.82526
-35.10967
-35.66814
-35.25931
-29.00779
-27.46314
-39.88817
-39.54681
-31.43286
-37.30951
-47.16766
-43.30668
-40.58967
-40.47678
-37.82372
-40.02846
-39.61610
-39.18211
-39.99004
-34.99655
-35.62331
-35.91829
-34.18620
-35.84399
-30.51817
-27.48178
-35.94239
-38.98958
-28.68738
-35.20712
-42.63085
-40.84850
-44.48606
-43.57706
-45.88861
-38.86794
-42.92948
-40.20387
-38.19701
-35.34473
-36.62273
-37.45276
-37.32281
-37.30288
-40.70125
-38.26499
-35.75717
-37.27930
-40.24933
-36.16139
-34.08334
-35.78019
-35.43271
-35.78813
-41.78144
-44.12009
-41.85804
-41.48164
-25.36782
-29.03085
-48.21680
-44.20530
-52.41769
-50.86324
-50.77111
-45.35081
-44.99718
-47.65244
-51.54390
-45.75087
-40.52353
-46.30174
-59.46464
-60.70243
-61.38320
-43.52256
-43.69415
-48.27067
-48.48579
-59.32541
-66.68685
-51.91504
-49.23033
-49.19039
-46.45924
-44.04104
-41.81874
-51.16844
-63.74446
-84.90493
-62.73754
-69.43197
-62.95193
-54.29607
-53.66309
-52.15523
-56.85658
-50.28071
-59.94152
-52.64683
-65.73620
-59.04551
-60.14140
-57.58645
-63.05581
-56.54821
-47.81334
-40.48716
-55.75834
-47.26558
-43.28352
-31.45619
-20.40965
-27.61313
-38.46572
-52.90829
-48.56593
-43.59702
-29.09598
-22.22640
-35.68752
-47.86851
-48.25398
-45.60304
-51.21237
-48.98735
-50.74809
-47.12702
-42.21087
-42.56928
-39.62199
-39.17528
-36.66721
-36.16342
-34.62510
-35.41032
-33.84421
-36.71552
-31.86964
-27.10934
-32.07422
-38.74160
-36.29516
-31.79357
-38.07430
-43.65217
-46.48738
-45.78537
-37.25479
-36.61502
-35.48908
-38.30531
-35.53389
-35.95709
-35.02794
-35.50194
-35.48727
-35.84328
-32.19237
-27.74811
-29.20862
-36.01896
-35.43686
-41.00794
-44.72101
-36.99557
-39.79938
-38.08382
-37.27590
-37.95980
-42.57951
-35.81611
-37.71617
-36.57247
-37.53252
-38.75391
-34.32977
-37.94718
-35.91246
-36.72487
-35.10121
-35.65981
-37.45570
-34.95478
-39.20643
-34.82218
-35.38715
-39.65157
-39.30188
-38.85819
-38.60956
-42.17429
-29.40656
-31.62347
-32.85154
-30.58884
-37.31912
-31.12707
-34.36784
-83.79546
-78.64506
-67.00015
-56.51596
-47.37003
-46.65602
-49.15876
-49.32074
-50.00406
-45.94987
-41.96408
-41.75017
-43.86463
-39.88360
-41.43524
-43.06020
-43.16180
-46.61976
-49.05635
-52.24685
-42.44243
-47.52199
-54.79821
-54.28089
-59.22559
-54.68338
-50.57364
-39.16727
-39.10672
-43.35161
-47.45182
-56.75871
-53.23422
-52.61081
-54.74117
-78.35223
-58.79819
-66.24252
-49.71069
-80.35522
-40.05463
-45.12862
-46.73649
-51.44094
-57.02349
-52.88848
-50.08380
-21.77235
-24.43481
-54.39401
-31.24704
-26.03962
-35.91868
-45.86299
-28.78414
-35.28549
-66.57669
-59.48266
-50.92678
-50.64140
-47.63800
-52.21910
-54.86547
-48.73098
-46.18830
-41.89027
-43.21877
-39.25679
-36.98206
-35.61681
-35.43432
-35.14905
-34.20147
-33.56883
-26.03429
-27.95051
-41.16905
-42.15747
-52.47500
-39.64602
-41.18338
-37.28001
-36.41166
-38.12469
-36.04911
-37.92627
-35.24372
-38.32957
-40.38094
-37.62631
-39.01383
-37.01258
-33.80949
-32.53388
-27.86547
-30.81297
-37.26372
-38.99795
-41.92411
-38.96062
-41.11235
-40.89246
-41.04760
-38.79169
-39.20351
-39.58745
-40.59013
-39.90533
-38.59781
-39.92892
-41.50937
-38.92116
-35.97377
-36.51760
-38.64840
-34.29828
-34.09707
-37.57703
-39.36374
-34.00257
-35.57742
-37.29344
-37.36229
-36.81200
-40.36689
-37.59136
-47.88846
-33.65628
-24.68849
-36.10330
-46.32260
-49.08484
-55.13352
-52.50901
-44.04701
-46.35219
-62.08608
-50.92809
-52.27098
-49.32379
-68.58133
-48.93219
-58.40172
-51.44609
-48.88470
-46.76628
-56.84098
-47.20778
-44.32851
-48.32714
-47.65778
-52.82991
-59.83991
-52.98374
-42.01547
-43.60820
-48.37248
-52.71685
-55.09690
-54.74027
-54.43083
-59.16584
-45.76836
-41.88068
-48.64270
-56.16700
-53.21736
-68.78207
-52.25198
-50.89429
-69.32297
-66.51090
-71.25713
-65.96810
-79.60180
-49.99857
-61.93556
-47.08833
-86.25844
-41.13867
-53.29154
-25.61521
-22.19363
-34.01098
-44.37002
-52.24050
-50.94661
-48.90516
-24.19509
-25.39336
-78.13565
-42.61332
-47.18705
-45.24802
-79.84259
-46.26249
-46.93579
-46.74189
-65.15197
-51.83767
-46.92946
-36.76666
-34.57200
-33.07191
-32.42293
-34.05943
-33.37204
-35.34991
-28.85660
-29.23979
-36.72424
-41.23080
-41.60512
-42.79264
-39.32137
-40.74237
-42.81067
-40.87860
-42.61987
-39.23469
-37.73089
-37.74464
-37.14907
-36.81872
-35.85580
-34.70875
-33.87228
-35.65726
-31.31673
-25.59615
-30.72040
-40.45819
-41.04860
-44.14431
-38.67476
-37.53629
-36.30385
-36.28482
-36.64800
-37.32120
-36.44312
-38.04643
-37.17889
-36.00356
-39.79580
-35.39216
-34.70277
-38.24891
-34.41394
-35.59014
-34.07643
-37.81830
-36.79559
-33.39106
-39.37402
-33.44064
-34.75048
-40.42407
-39.42327
-38.56040
-36.85846
-36.90811
-27.25156
-27.65356
-38.96373
-47.87547
-60.80129
-64.83684
-53.99467
-45.33607
-50.23880
-45.59842
-43.52820
-42.93882
-41.55046
-44.36632
-49.15863
-48.74104
-47.36200
-45.77234
-42.01936
-53.89114
-30.95542
-32.81946
-49.20551
-34.11999
-32.53794
-48.84082
-46.64079
-30.67113
-33.97519
-51.23724
-34.93465
-29.06396
-46.23283
-48.11525
-29.10498
-33.72465
-43.10809
-33.40873
-32.88811
-64.05486
-36.85086
-28.43971
-40.87908
-50.51234
-28.52660
-33.54474
-50.04827
-31.17868
-31.72608
-50.18401
-36.67790
-28.85054
-45.56707
-45.46923
-26.77484
-32.61843
-64.00531
-28.23504
-27.62156
-29.02786
-30.42447
-48.69674
-71.48707
-82.78832
-89.59456
-78.17317
-72.78946
-64.74816
-55.99668
-74.65825
-78.60753
-77.22363
-93.50755
-83.14985
-48.72519
-54.26139
-74.10806
-58.66055
-76.02319
-61.91239
-64.83057
-48.36568
-63.30441
-56.64358
-57.94468
-52.86671
-72.55457
-50.63711
-37.49188
-42.70375
-54.68752
-62.69295
-72.68152
-85.98012
-59.81340
-52.22830
-81.69617
-69.33779
-67.78532
-65.43246
-61.51139
-48.65092
-45.66315
-59.03080
-62.29929
-66.65526
-67.76206
-66.15854
-39.60147
-43.11974
-45.04091
-45.75478
-52.95115
-60.12906
-44.48651
-40.77978
-52.81434
-52.70480
-62.22747
-51.83463
-58.91243
-50.74397
-59.09280
-50.33253
-50.85569
-46.41167
-41.82927
-29.49705
-21.13295
-30.46894
-41.16958
-89.48901
-68.91055
-82.54505
-74.41627
-62.81437
-54.60274
-62.85354
-84.54764
-67.92592
-50.56806
-32.13697
-33.67012
-29.79866
-33.15365
-34.74912
-37.52958
-33.81840
-24.62735
-33.82608
-49.99468
-50.69383
-54.95425
-53.86018
-73.18018
-46.66696
-51.69335
-49.68308
-50.46212
-56.72323
-56.71718
-43.21765
-45.11526
-54.65392
-55.71522
-60.64060
-50.09892
-57.62419
-49.80915
-57.01827
-49.67768
-60.35927
-41.66496
-44.15908
-29.90029
-21.12278
-27.62587
-38.48494
-61.21759
-65.28589
-82.35557
-69.10453
-58.26842
-64.99824
-67.50218
-65.27031
-65.91195
-66.91199
-41.00439
-65.49800
-43.68559
-53.47274
-45.52766
-44.29841
-33.22093
-20.58471
-28.88976
-73.76675
-50.59993
-53.63058
-53.75046
-53.55029
-52.19632
-87.42749
-51.40717
-62.19006
-52.58366
-74.58981
-44.14357
-49.80867
-46.37506
-50.87476
-46.35453
-61.15684
-37.80627
-20.85882
-26.88333
-51.08137
-46.31536
-54.42310
-51.93634
-48.67540
-47.67814
-50.31728
-51.22569
-52.02882
-49.23131
-73.90464
-46.12153
-57.23063
-46.38945
-53.46110
-56.00326
-60.63936
-51.59548
-22.08200
-24.11955
-40.18198
-45.78653
-54.00664
-55.45770
-61.94988
-59.69549
-59.51242
-55.49739
-66.33985
-62.64034
-42.39637
-50.67530
-32.90587
-29.52692
-37.13508
-39.40113
-40.58264
-47.73502
-47.39645
-54.11750
-48.26405
-54.08985
-57.36921
-51.70399
-50.30205
-24.30655
-28.96738
-46.92701
-49.38841
-52.01719
-50.62010
-72.84791
-50.45666
-65.70385
-49.56516
-73.74859
-53.47009
-65.59721
-35.37850
-52.49964
-65.53209
-56.91695
-55.57675
-51.56066
-59.34697
-22.43060
-23.78647
-34.08676
-44.51775
-49.70252
-48.50593
-45.98410
-37.54164
-31.04434
-40.98666
-51.22894
-36.34670
-51.96795
-29.46444
-24.96690
-41.29915
-47.61678
-77.59919
-68.63142
-77.60088
-52.42493
-43.39203
-53.34888
-53.70120
-65.13652
-49.19616
-50.17897
-50.34115
-47.31134
-52.17405
-59.07416
-54.71138
-70.79345
-53.09397
-49.10923
-46.05484
-57.84623
-53.68827
-66.83054
-52.01519
-43.24520
-48.06911
-46.75305
-37.32004
-23.43796
-28.67261
-37.83268
-26.82718
-29.88493
-49.39137
-43.62852
-52.87450
-49.92741
-48.03377
-46.73741
-46.55767
-45.17355
-47.76674
-51.98072
-50.74363
-80.76094
-56.04734
-56.97844
-48.60492
-74.80065
-39.86014
-68.47739
-25.19484
-23.79060
-73.81593
-52.44282
-59.43062
-65.51020
-48.47294
-42.50002
-52.48394
-57.03616
-66.13644
-53.05144
-50.25664
-49.44567
-53.02915
-56.58865
-45.85641
-60.51043
-44.48321
-41.95135
-25.29896
-21.78134
-31.20282
-42.34908
-55.21463
-59.30576
-65.21029
-82.33869
-59.74144
-88.55834
-64.83611
-60.60550
-53.46809
-52.68253
-47.08564
-47.39956
-52.40662
-62.71580
-56.11221
-65.35175
-55.28027
-57.72336
-57.45074
-52.76906
-69.21760
-47.29055
-53.68874
-22.48212
-22.34805
-46.24449
-42.57651
-50.83587
-51.23088
-53.35576
-55.18772
-52.24415
-48.48590
-75.42715
-56.07687
-59.57379
-41.33771
-44.49873
-49.44582
-48.62895
-46.49376
-43.29227
-38.82949
-23.52695
-21.01456
-37.64356
-44.03714
-54.77097
-58.02711
-66.10372
-79.23702
-57.95652
-59.25911
-77.54015
-59.41879
-51.68447
-74.49765
-56.73861
-65.93658
-65.84979
-72.05629
-67.99822
-42.96798
-38.93872
-49.71044
-48.73310
-52.52555
-56.91856
-46.49991
-45.93438
-23.54465
-22.28270
-35.80195
-42.68888
-50.25202
-52.06638
-54.16907
-55.29443
-67.04452
-58.68477
-79.16341
-55.72736
-74.19251
-53.25940
-48.65434
-72.65189
-42.57894
-46.57307
-37.49292
-61.80811
-27.59645
-22.50702
-37.48345
-47.75828
-49.18367
-46.06727
-47.09726
-46.11955
-49.48091
-49.51837
-48.68066
-64.40283
-53.87258
-71.03453
-54.26896
-55.35961
-49.56185
-49.85775
-45.03925
-41.37156
-28.73071
-21.46751
-29.53668
-39.35819
-62.26287
-67.75262
-73.55304
-45.39898
-61.89665
-59.04091
-55.90318
-56.75969
-54.14441
-59.32766
-44.23699
-53.83897
-46.19203
-49.12330
-43.93652
-41.22866
-30.05076
-21.03178
-31.24272
-46.11873
-46.13249
-43.93693
-46.27983
-50.05871
-45.17263
-57.09045
-42.86553
-68.14718
-58.85016
-77.78068
-60.50227
-48.18710
-55.00526
-43.87434
-52.90275
-40.46370
-49.42355
-46.34493
-49.84299
-56.70359
-56.14025
-46.64202
-41.55521
-27.81963
-21.84608
-36.84359
-46.45764
-61.44939
-63.66474
-73.31505
-84.64293
-60.56350
-54.54300
-63.70153
-78.25226
-69.57598
-51.54375
-35.15733
-37.59575
-32.11553
-32.63187
-31.76058
-36.36702
-34.93651
-26.36146
-37.08486
-43.26616
-41.13452
-56.32352
-49.42097
-58.38244
-52.58345
-57.72868
-48.71365
-55.29506
-47.45367
-98.50291
-24.88969
-26.28573
-59.01283
-51.34615
-59.13927
-53.22689
-60.75829
-54.92363
-60.50621
-44.61512
-46.98026
-42.72965
-44.79192
-47.72557
-52.57140
-60.79442
-61.85274
-86.08102
-62.14323
-61.26182
-52.80796
-49.52886
-55.06118
-65.77080
-51.56557
-52.02598
-46.96206
-41.72934
-51.30315
-47.82342
-28.89878
-22.93861
-43.05097
-33.97397
-23.40426
-33.51649
-63.52273
-57.86408
-61.20477
-60.99093
-62.68149
-54.58808
-84.46883
-55.54057
-71.06243
-55.25891
-54.25457
-47.87236
-49.68976
-47.84329
-52.33037
-48.38823
-49.64032
-36.07072
-20.77480
-27.25185
-48.01803
-47.21434
-52.35232
-52.82463
-59.69654
-48.70242
-50.41267
-50.77158
-52.17018
-47.29984
-68.98440
-43.02507
-45.71201
-51.95218
-56.51784
-55.76114
-61.74646
-46.03438
-21.34255
-24.12573
-38.90249
-45.36828
-53.18011
-54.25471
-58.51664
-50.96547
-57.96660
-57.36509
-74.36343
-66.50597
-58.73192
-58.82252
-34.01839
-30.03299
-34.96299
-38.23204
-41.09661
-46.97215
-46.90750
-53.21629
-49.56108
-75.24020
-50.15167
-85.16086
-42.70191
-23.90294
-29.57213
-50.12765
-50.68914
-53.03156
-51.45695
-70.69140
-51.55813
-61.54903
-52.47960
-76.75787
-48.27724
-62.41215
-36.14950
-58.70773
-62.51695
-64.63397
-57.11160
-58.78722
-53.10255
-23.03149
-24.27082
-35.09875
-46.58384
-52.84439
-52.21224
-50.54527
-42.01131
-31.52611
-40.89617
-43.64249
-37.46121
-39.49502
-41.77478
-48.71939
-54.33745
-52.74802
-53.36918
-56.99812
-65.58349
-50.42992
-48.72278
-54.93142
-57.13945
-58.95700
-61.23193
-43.29092
-24.32245
-27.18964
-51.81795
-48.18467
-54.07307
-54.55094
-56.51680
-50.32168
-60.30023
-56.76662
-59.93331
-56.76972
-59.20817
-47.11610
-68.75222
-64.25996
-57.56007
-59.12766
-55.85775
-55.21256
-22.49235
-24.38155
-41.93679
-39.17475
-54.37811
-45.05505
-53.08859
-45.21061
-53.13264
-50.52434
-53.67744
-71.75104
-85.37635
-65.49764
-53.33818
-50.24011
-69.51742
-63.97318
-54.73743
-54.66679
-48.11417
-52.53543
-54.04477
-54.10340
-52.57761
-67.46092
-55.42638
-46.18584
-52.49028
-61.67014
-56.17706
-74.80409
-60.73545
-74.31995
-42.94818
-43.14376
-57.15219
-61.51881
-59.67836
-65.98238
-51.61683
-56.78626
-65.60981
-68.32069
-70.11671
-65.92227
-97.20272
-43.81071
-45.34092
-50.49889
-58.48848
-78.97063
-67.68929
-55.39260
-50.20915
-56.33444
-47.08411
-55.16165
-60.19405
-56.67909
-57.30127
-43.58317
-47.47170
-105.32598
-67.33520
-70.16840
-75.55804
-49.97482
-39.41474
-41.03254
-48.17936
-62.41136
-63.42237
-64.26905
-46.53184
-40.07385
-46.41914
-56.17211
-64.80214
-65.39089
-58.43058
-55.51642
-62.56594
-56.35451
-62.90883
-57.95519
-56.49337
-40.35081
-44.13051
-43.56372
-47.65488
-59.16189
-63.84934
-65.05461
-43.42114
-62.57541
-44.06254
-63.71111
-50.26968
-56.26679
-44.52284
-43.29120
-62.04564
-45.31748
-56.13267
-54.22446
-52.73900
-39.50030
-52.42851
-54.20085
-47.59048
-49.71532
-50.89181
-58.26038
-37.62352
-55.71212
-47.37270
-67.44844
-45.67593
-52.40679
-45.38022
-40.24165
-63.72807
-44.41575
-68.69019
-43.90103
-68.41995
-47.47750
-46.37339
-37.09508
-47.27749
-30.84848
-27.94857
-48.86696
-29.15505
-25.54358
-42.96593
-49.51117
-53.80156
-65.05833
-48.13484
-45.86966
-47.24083
-49.29744
-51.00533
-51.34104
-42.27297
-40.95672
-37.77181
-35.97837
-34.43651
-35.23738
-33.00236
-37.23292
-29.57422
-28.65289
-33.18781
-37.89743
-47.24991
-42.26781
-44.56149
-41.03622
-39.02669
-35.78052
-39.41796
-38.77420
-39.68946
-41.40836
-38.19567
-36.69655
-34.64288
-35.45563
-35.01021
-37.80926
-31.85093
-25.63308
-34.52869
-47.55476
-38.51310
-43.68180
-38.69850
-39.47960
-36.88475
-40.11027
-41.87195
-42.35761
-44.78281
-46.80695
-46.59714
-40.61844
-40.43718
-38.97871
-37.18732
-36.54963
-39.35246
-39.72560
-35.88253
-35.51893
-38.79482
-37.40628
-34.96806
-36.90432
-37.91456
-38.07590
-38.14493
-41.45158
-44.03427
-55.96400
-28.02318
-25.57188
-45.63200
-39.72742
-28.13041
-35.17669
-45.37011
-62.81448
-54.76771
-47.21003
-31.25169
-24.94108
-45.33322
-75.01157
-67.98274
-67.89926
-80.49943
-73.69725
-50.70364
-49.01579
-51.33554
-47.84369
-48.74011
-47.55913
-46.35759
-52.23062
-48.69464
-54.79037
-51.12098
-57.16400
-56.17318
-64.01828
-63.36135
-63.43481
-48.33528
-49.03401
-45.62398
-59.47820
-44.21256
-41.51845
-29.54056
-21.14263
-27.35287
-42.62832
-28.93887
-31.31115
-55.99792
-56.14282
-52.19194
-45.60168
-34.28625
-22.23757
-29.93414
-57.76438
-30.05289
-31.16105
-42.04269
-58.44672
-53.34225
-49.35203
-39.14213
-24.54856
-33.04033
-68.86952
-44.18856
-97.07915
-44.66868
-59.35571
-51.75842
-50.28826
-42.98433
-51.17870
-39.28310
-39.60380
-36.40627
-36.78459
-34.49530
-34.61809
-33.53103
-37.49379
-34.24288
-28.87684
-33.12864
-37.53344
-45.00919
-44.46011
-44.65540
-45.46848
-38.27192
-39.31282
-38.25982
-37.08700
-36.40831
-35.55956
-35.36859
-34.75623
-34.99276
-36.16087
-34.82175
-33.69878
-36.04567
-28.65997
-33.64553
-55.87740
-41.28279
-37.83272
-35.55992
-39.53909
-38.60742
-37.11264
-42.19964
-39.85806
-37.97350
-40.44655
-40.78270
-44.92367
-40.08579
-40.86780
-36.35436
-40.06745
-38.11474
-36.07255
-40.80215
-35.62636
-36.83133
-34.23103
-36.52245
-36.32769
-32.91711
-36.39441
-39.89517
-41.25559
-41.12239
-44.00814
-40.53277
-49.57942
-48.70995
-47.76724
-44.09577
-52.31672
-40.33856
-39.96688
-43.92730
-67.42971
-34.28439
-25.18978
-39.81448
-53.04670
-40.82788
-53.86737
-50.40922
-87.69905
-55.46546
-58.81284
-47.20527
-44.30872
-40.90848
-46.87215
-44.52966
-45.87853
-52.23887
-48.55963
-44.42765
-51.89397
-55.62380
-57.19913
-63.09894
-56.66402
-48.71077
-47.39895
-51.21387
-47.47297
-49.21244
-46.79395
-57.06769
-55.31488
-116.15646
-50.54696
-52.34058
-48.93390
-49.07671
-51.18037
-45.58125
-45.96133
-47.39001
-58.48091
-43.34075
-49.96948
-25.93018
-23.18760
-38.22533
-38.56049
-26.73529
-35.02259
-46.99326
-27.41278
-28.04269
-39.04907
-52.14143
-54.12101
-56.61105
-62.02154
-52.54632
-47.38587
-45.96437
-42.27524
-41.19241
-38.02336
-38.38513
-39.81390
-38.54810
-36.98500
-36.92553
-35.43404
-42.12354
-27.18139
-27.15705
-51.90625
-39.80576
-41.83297
-35.20304
-41.38831
-38.63156
-41.28292
-42.21130
-38.81829
-40.06916
-38.91141
-38.03022
-35.21990
-33.46588
-33.31827
-35.82397
-32.73544
-36.64005
-29.62475
-28.57311
-35.75582
-46.23361
-44.20259
-39.22262
-38.21494
-37.20501
-36.41477
-36.51951
-36.78729
-38.38299
-40.38585
-39.80092
-38.96769
-39.71227
-43.09635
-39.39374
-37.37658
-36.17711
-42.15509
-36.32227
-34.21784
-36.28988
-40.63049
-36.08378
-34.83106
-35.63524
-38.09358
-39.61353
-44.94409
-40.32599
-41.57966
-37.74192
-25.14692
-29.54043
-46.40626
-30.47376
-29.96240
-46.27176
-55.11972
-55.27733
-67.05154
-67.79740
-26.26298
-27.33667
-37.78960
-48.58156
-54.40483
-54.61457
-55.56666
-56.61898
-58.99558
-50.79914
-52.38313
-43.67839
-50.11972
-47.55835
-56.53733
-50.09835
-55.52412
-46.55078
-86.44955
-56.51500
-58.20287
-54.39193
-50.28660
-54.80873
-74.57584
-53.91597
-49.05581
-46.91057
-41.59035
-69.69314
-23.21683
-22.74757
-69.02589
-34.72268
-26.57877
-33.33782
-71.01159
-55.58872
-63.35410
-47.17882
-26.80647
-24.11007
-41.90417
-37.90816
-27.62940
-36.67765
-54.26283
-79.21906
-50.60855
-43.08957
-26.22367
-23.52734
-35.13568
-39.86684
-52.72894
-46.38706
-59.10870
-46.84210
-60.70321
-47.78430
-46.34241
-42.14841
-41.09215
-38.83028
-35.03216
-34.56880
-34.03668
-35.67358
-33.20439
-35.57309
-29.80545
-28.18180
-33.71775
-42.32146
-43.96258
-42.58303
-41.82092
-38.78562
-39.88084
-41.42088
-38.06380
-40.14515
-38.44903
-39.75462
-36.03196
-35.51269
-34.81057
-36.84702
-35.15711
-39.92757
-32.18978
-27.99391
-50.19147
-42.41801
-35.20036
-34.89245
-36.26938
-39.68737
-39.38830
-39.56428
-38.99891
-37.37501
-37.34434
-35.52274
-36.25847
-35.96924
-38.28065
-40.91590
-36.56512
-39.48675
-35.29421
-38.34183
-34.66126
-33.50330
-35.33545
-32.94827
-36.64817
-34.03287
-35.03030
-37.97523
-39.93556
-39.58329
-40.26967
-38.29032
-38.83758
-41.57108
-42.02264
-44.63849
-43.14216
-45.21425
-39.57911
-46.86947
-47.27384
-67.23625
-27.21780
-26.31553
-45.89922
-38.21511
-44.23215
-57.56508
-57.14210
-56.04570
-45.60921
-43.44220
-46.42119
-47.61979
-47.91395
-44.93006
-47.53030
-47.10438
-46.43459
-46.40976
-48.51494
-54.39592
-58.31457
-68.43016
-59.06319
-59.31310
-56.19827
-61.97173
-76.44007
-64.29212
-61.78766
-58.48465
-49.96040
-44.40349
-66.23196
-59.65506
-62.99943
-49.61044
-53.59300
-60.20089
-53.79485
-50.88814
-50.43200
-51.18266
-69.05260
-43.13443
-20.94059
-24.37458
-40.76117
-28.43593
-24.82493
-33.27856
-46.79588
-32.53692
-40.61474
-53.96420
-46.09148
-80.14280
-59.87694
-53.84111
-45.30426
-43.30426
-46.49741
-46.94062
-46.46680
-42.65842
-41.79000
-46.64180
-43.55013
-43.68168
-42.10748
-41.99244
-44.36229
-44.17756
-42.00931
-41.27402
-42.31269
-43.45906
-42.55450
-40.54184
-40.59236
-42.13899
-43.35675
-44.88198
-46.47246
-46.03602
-43.96647
-41.65873
-39.41294
-39.81983
-40.09001
-40.84232
-41.13279
-40.54663
-41.58289
-42.77730
-42.94463
-42.87164
-43.93084
-43.40456
-44.28520
-43.80256
-43.51444
-44.03435
-45.17531
-43.51932
-44.81976
-44.32934
-44.36034
-48.82161
-51.55301
-74.46392
-74.72278
-76.84172
-57.86716
-58.21043
-62.67822
-78.61366
-79.61288
-67.51547
-77.11366
-76.79637
-70.71253
-61.43484
-53.24222
-49.72748
-56.88714
-66.15670
-76.22404
-66.61856
-61.07260
-57.49429
-62.09927
-62.44310
-52.75854
-46.01653
-51.94598
-60.39788
-91.41771
-80.10755
-80.04297
-78.58442
-75.31360
-61.48167
-66.93939
-80.45018
-65.81117
-62.48823
-55.80920
-71.16590
-64.46927
-77.16271
-61.34559
-69.09487
-57.65700
-72.35350
-57.40657
-59.24142
-55.91552
-60.10668
-57.30657
-74.94450
-44.55581
-53.89602
-46.88035
-48.41786
-36.99300
-19.86407
-25.44221
-43.91006
-48.40661
-55.72775
-59.04667
-54.69835
-36.37969
-48.54446
-45.12344
-59.53673
-45.52913
-54.42251
-40.25378
-57.87385
-58.17398
-55.00325
-50.98385
-50.59993
-57.00349
-23.27995
-26.89427
-41.17419
-43.74776
-47.02462
-41.12851
-42.34618
-39.45132
-57.24945
-49.03508
-58.44461
-46.75916
-53.69640
-39.52287
-39.58276
-41.72438
-44.43325
-46.15080
-41.28030
-50.79919
-25.96016
-26.19833
-53.97076
-54.56745
-57.00367
-51.53676
-49.21593
-41.77116
-38.75804
-41.78530
-43.10190
-40.68048
-41.75745
-43.11944
-46.68542
-46.40893
-44.95936
-51.36306
-43.19350
-47.53820
-26.01048
-22.88058
-32.89741
-42.11571
-65.44972
-64.64592
-91.35268
-63.68033
-39.95992
-43.89092
-44.38564
-47.25163
-60.89297
-49.52185
-44.93154
-46.84868
-52.33994
-94.17801
-50.34482
-50.94049
-45.97981
-56.33133
-56.41981
-52.88900
-63.19615
-50.17040
-45.48721
-22.69932
-22.91692
-47.30642
-44.08407
-50.88480
-52.12887
-53.73413
-52.08715
-58.00888
-55.39311
-59.90332
-58.34895
-83.70111
-66.82464
-44.20947
-65.47722
-47.67462
-49.89509
-45.17741
-40.82658
-24.30631
-21.35277
-40.26234
-44.24869
-51.85200
-52.27671
-53.35298
-39.40178
-48.41818
-46.32521
-57.95377
-45.21433
-57.78062
-36.56484
-22.29689
-29.47361
-44.48359
-66.29522
-67.12481
-64.23176
-63.61067
-62.27719
-90.03050
-57.76373
-65.66346
-53.56021
-54.08911
-50.90894
-51.18386
-44.14807
-49.07488
-62.55600
-92.27556
-52.75797
-42.26740
-40.88841
-49.14619
-48.50308
-54.17241
-49.61979
-48.40344
-49.21408
-64.15919
-52.22485
-25.27246
-26.00667
-70.34971
-31.71326
-25.97382
-32.73523
-49.45647
-49.33345
-51.52503
-51.33188
-50.25947
-49.00201
-46.08680
-41.84039
-44.68689
-42.94664
-38.58499
-38.35240
-43.57185
-45.21919
-52.09497
-47.11331
-50.66994
-32.55713
-24.48292
-32.07083
-65.05835
-49.80811
-59.50878
-63.72864
-47.22435
-42.63890
-42.76864
-41.33331
-48.46620
-42.32429
-44.98860
-43.71134
-47.49045
-44.41220
-48.39527
-42.07063
-45.92861
-34.04464
-23.75031
-29.56108
-66.40023
-47.68487
-63.85536
-67.04434
-53.50829
-42.88251
-44.72779
-42.57281
-48.40234
-46.82638
-46.40688
-48.21481
-44.24128
-46.52742
-49.37945
-60.08808
-58.07410
-66.90217
-52.02053
-65.98710
-45.66395
-92.78886
-44.87558
-45.48117
-29.43223
-22.15450
-31.74365
-44.77776
-64.80046
-67.45350
-88.00976
-76.11151
-56.62502
-66.71769
-55.74099
-84.54123
-50.19138
-73.83290
-48.04468
-62.05290
-47.71100
-71.84351
-44.31133
-48.54844
-32.97020
-22.62096
-32.13965
-52.87837
-52.18555
-57.47060
-51.22862
-73.18386
-49.43433
-56.09107
-52.64619
-64.77532
-53.83878
-70.85893
-54.84145
-54.00166
-64.21834
-69.12432
-67.97257
-59.53440
-62.90890
-54.41978
-59.51452
-46.57225
-51.95332
-43.45197
-41.72681
-27.81134
-20.86659
-29.41914
-38.33415
-57.27796
-57.19791
-61.09270
-66.92827
-83.18790
-68.49491
-71.39637
-69.95149
-63.83202
-76.81545
-44.52439
-58.17752
-44.66602
-51.20380
-48.29560
-43.95440
-30.30667
-20.85352
-28.71178
-38.22171
-38.08646
-42.86851
-38.13929
-43.09540
-40.76362
-49.11228
-46.17987
-58.19162
-44.56393
-43.57916
-38.22761
-39.57536
-39.76235
-42.80875
-40.63962
-45.98487
-38.96263
-23.20881
-29.92425
-51.60358
-47.28115
-53.39345
-49.82856
-65.70327
-43.31479
-50.05952
-41.53204
-44.44659
-39.61715
-43.43453
-41.64452
-44.66410
-43.46185
-46.15527
-47.68813
-43.39761
-45.35527
-23.13899
-25.52234
-39.89043
-46.30342
-54.31694
-56.25409
-55.21435
-46.59573
-48.92922
-44.79047
-66.12560
-49.02356
-67.46443
-38.99062
-35.88243
-40.78685
-39.28477
-41.93864
-41.25946
-45.67852
-46.81532
-50.77224
-46.31225
-50.34003
-47.91467
-56.81065
-40.68291
-23.22676
-28.93591
-45.41168
-47.17089
-51.38678
-48.09472
-59.20431
-48.14825
-63.16567
-50.18574
-54.71765
-53.31824
-52.52685
-40.09273
-36.73828
-40.07626
-42.18183
-51.20740
-38.70394
-46.99532
-23.67498
-24.96022
-37.47891
-47.33196
-52.47489
-52.87223
-52.50110
-47.67023
-65.77053
-45.40114
-61.04319
-42.25512
-45.69217
-28.13419
-23.22329
-38.86017
-55.68569
-67.90020
-68.03881
-59.09913
-55.72183
-54.96624
-48.95614
-50.92923
-54.47397
-53.60165
-54.19739
-81.50601
-68.91775
-64.86758
-63.94846
-51.61694
-66.03867
-43.61365
-37.34263
-39.63919
-42.36433
-41.94472
-52.31270
-45.50439
-68.71253
-44.57774
-70.44747
-36.26331
-24.03606
-31.39651
-40.87598
-28.21673
-31.33755
-46.22423
-49.07536
-50.46113
-43.44845
-61.27586
-44.59592
-46.90797
-57.01080
-45.14339
-59.51787
-41.72899
-40.35969
-37.60048
-39.85205
-38.56759
-45.98189
-41.06810
-45.84783
-27.25561
-26.06666
-54.88442
-54.93517
-51.16191
-45.59919
-81.48038
-43.87430
-52.51569
-40.92872
-41.95623
-47.24987
-45.32575
-46.85294
-39.53813
-41.14868
-40.68963
-52.81562
-39.12998
-51.54415
-26.58661
-23.87780
-33.85170
-43.23558
-53.68399
-53.42989
-61.79510
-51.82083
-59.58542
-47.25674
-44.54279
-55.82537
-57.92203
-47.72273
-51.35597
-49.34222
-48.08042
-61.45438
-42.21361
-47.66701
-43.56910
-59.66642
-53.80981
-47.28603
-73.13536
-46.07094
-52.12933
-24.57237
-24.46263
-52.22980
-39.67782
-44.57321
-42.10323
-44.43644
-48.38189
-40.54415
-48.98071
-48.87001
-43.36298
-46.66560
-42.37567
-45.97856
-63.35639
-44.55900
-52.24076
-42.28630
-47.04242
-30.64121
-24.83148
-34.37678
-51.50057
-63.26195
-59.54749
-54.60532
-42.64542
-43.73263
-48.88692
-45.00803
-47.72595
-42.73644
-47.30580
-40.12239
-45.09917
-43.88904
-44.27956
-42.48884
-48.98528
-41.71635
-41.59583
-44.62277
-46.28086
-51.13849
-43.97655
-55.03106
-24.88579
-25.55655
-40.57606
-41.24257
-66.69508
-56.92242
-79.62277
-57.24384
-51.30707
-45.98316
-66.74270
-54.07607
-62.42626
-59.51014
-55.54780
-57.51090
-49.95075
-56.77249
-42.09193
-47.89991
-26.48231
-23.00830
-39.33607
-39.85163
-45.22226
-41.48822
-43.59840
-43.84646
-45.28571
-47.66706
-44.14018
-53.49998
-48.78635
-47.30644
-44.09389
-47.72882
-39.79093
-48.28364
-40.57372
-53.56945
-29.88234
-23.74995
-31.26474
-43.83474
-85.91507
-68.54469
-64.94732
-67.10439
-52.41294
-46.96517
-47.64815
-49.26074
-43.11231
-45.99871
-42.35925
-47.00826
-40.77163
-49.69336
-39.79415
-81.02129
-31.15155
-21.62163
-31.31491
-65.29540
-50.91761
-55.74357
-55.87565
-56.07207
-45.26916
-53.35231
-49.91423
-55.15650
-45.33743
-52.54262
-47.73845
-49.24113
-50.55642
-68.05858
-64.38698
-58.43138
-75.44361
-35.90481
-39.29562
-37.55775
-71.91701
-48.47285
-43.20058
-28.21004
-21.63796
-34.71826
-49.50490
-73.98148
-73.77365
-70.57577
-66.71553
-52.50629
-52.85604
-51.48553
-68.88846
-53.24953
-54.27429
-49.78274
-55.62029
-46.95393
-56.58196
-40.73645
-59.28621
-33.57622
-22.45147
-29.73893
-46.41152
-73.47782
-74.57540
-67.89822
-67.10219
-60.32450
-81.63586
-55.81577
-56.91534
-51.11020
-49.92238
-23.25324
-24.30953
-83.82574
-52.16333
-55.52201
-53.66902
-55.45810
-48.35467
-47.66577
-45.98345
-64.22590
-55.59206
-60.41927
-52.90207
-44.27512
-41.29200
-45.81320
-48.59985
-45.04633
-52.88212
-49.77825
-49.93589
-51.80304
-74.81238
-57.00552
-62.59797
-44.82711
-45.44189
-49.77465
-54.45963
-29.44107
-24.37333
-42.68093
-39.46063
-25.70863
-33.31852
-64.12282
-43.45860
-56.03162
-54.85631
-96.48851
-49.38351
-61.97587
-51.54016
-73.58402
-47.02030
-39.20398
-37.55633
-38.77786
-41.60831
-44.78650
-41.21956
-41.84349
-40.40013
-25.76994
-30.94550
-57.98851
-42.97156
-64.66866
-56.70254
-56.58672
-40.52276
-39.79753
-41.70489
-46.00737
-47.36208
-61.28705
-47.87724
-47.28418
-48.12030
-44.99417
-42.33943
-41.75431
-38.77568
-24.67210
-27.43431
-52.47143
-43.77824
-67.16639
-61.21637
-75.26988
-49.64900
-38.70969
-42.21650
-52.11502
-53.24457
-45.41120
-45.20062
-41.12299
-44.39804
-46.55395
-47.23950
-48.63060
-74.54814
-55.29967
-62.01293
-52.38399
-66.50626
-55.29775
-57.45019
-41.19511
-21.67230
-27.62682
-47.23945
-48.98138
-54.61473
-54.27881
-49.90335
-41.08559
-54.67398
-45.59991
-61.39779
-61.40561
-58.21406
-36.30853
-62.86840
-49.56058
-62.74921
-46.79730
-60.88764
-47.05226
-22.38626
-24.99383
-35.56248
-51.65044
-61.31335
-62.30577
-63.56625
-64.92519
-74.77803
-58.92586
-79.22478
-68.89606
-65.09050
-41.92610
-46.90791
-63.49776
-45.94996
-56.56514
-49.04728
-62.51632
-54.02952
-55.39391
-53.73802
-52.83621
-50.28848
-48.03466
-36.42548
-20.59206
-27.74444
-51.35649
-47.14003
-54.25820
-54.57173
-54.75619
-54.31738
-66.39600
-50.53364
-66.40992
-55.41446
-56.29442
-35.40065
-45.15446
-56.08978
-60.02455
-54.38762
-51.78802
-39.22958
-21.20733
-26.31459
-43.66064
-41.13687
-62.12908
-36.34630
-44.89387
-41.78883
-51.26239
-47.21024
-51.69349
-46.50059
-40.06901
-34.69846
-38.31368
-39.26933
-39.17416
-42.28425
-38.17333
-53.35386
-25.65904
-27.97506
-41.32617
-45.97251
-71.17101
-54.25592
-47.05142
-45.70217
-75.75395
-39.31444
-46.06253
-41.59167
-54.79199
-43.86015
-48.88512
-45.37183
-41.47004
-47.93575
-39.89658
-55.24190
-25.51276
-24.12452
-51.29479
-59.37269
-51.12068
-58.20461
-49.57109
-52.26381
-68.25489
-49.05624
-46.05705
-45.60977
-44.96750
-40.43434
-36.53418
-48.14223
-44.58212
-59.75953
-50.63595
-57.34825
-53.40935
-61.44799
-63.92320
-47.41138
-60.86200
-48.40118
-64.40034
-24.73084
-24.08545
-35.90997
-47.08224
-54.20505
-56.67570
-59.29734
-62.98853
-86.19033
-54.07254
-65.66543
-54.17659
-62.51422
-43.47067
-40.56038
-59.07079
-43.40348
-48.56634
-41.08406
-49.77779
-26.84090
-22.88692
-39.98778
-49.52914
-59.20048
-58.14431
-59.64714
-58.70931
-63.10017
-51.48726
-56.09663
-47.66861
-60.69004
-34.50262
-21.22984
-28.64083
-48.32527
-55.98625
-61.47541
-62.07212
-63.77747
-63.51695
-61.29139
-50.82419
-52.35125
-50.99046
-53.24999
-43.22060
-42.91577
-42.54460
-47.49942
-44.12772
-49.37177
-44.96896
-48.22572
-47.26543
-53.76901
-50.91022
-49.68733
-48.37130
-48.63826
-53.90190
-53.16662
-51.40704
-25.16945
-26.75073
-52.13580
-30.45553
-28.06885
-47.85802
-47.01022
-53.39562
-50.32621
-51.46550
-56.36547
-50.21700
-49.78727
-46.62547
-45.86463
-41.40690
-39.12035
-37.10034
-42.17669
-41.19534
-51.40906
-37.63952
-51.22719
-29.11827
-25.01086
-34.13650
-36.98918
-50.03259
-42.99960
-59.38176
-55.42108
-55.87893
-49.35712
-45.08790
-42.50331
-39.08960
-46.11884
-41.71325
-47.19283
-41.40854
-55.80543
-38.06202
-64.02248
-28.50718
-22.75957
-36.63343
-43.68255
-56.52624
-59.32003
-43.11206
-53.71106
-48.69142
-51.54968
-43.82268
-45.33712
-41.98999
-47.21491
-45.40979
-40.61958
-43.32225
-50.99625
-52.74116
-58.84810
-51.82522
-46.46214
-59.97116
-47.18453
-56.32292
-44.79464
-41.58951
-26.34903
-21.43921
-36.86213
-44.56269
-64.43893
-63.66264
-75.80012
-71.39552
-58.67754
-57.06197
-52.89037
-61.06179
-52.24098
-52.97832
-50.97855
-50.49938
-47.95014
-49.96833
-42.19005
-42.34541
-28.99299
-20.18398
-28.66362
-42.73226
-57.26345
-59.73711
-57.73309
-60.20709
-57.07432
-74.37070
-57.32722
-58.06935
-57.11158
-58.01600
-55.91191
-60.59751
-55.33569
-61.26576
-52.93587
-57.23325
-56.27593
-42.32506
-53.29486
-47.57238
-49.24449
-44.14700
-42.23088
-26.85899
-20.01677
-35.24647
-66.61941
-60.69587
-80.33845
-54.63683
-50.99782
-56.50895
-75.19429
-60.51238
-59.05160
-58.44375
-63.40160
-43.88301
-60.59458
-44.77455
-48.59039
-44.95653
-41.84186
-30.68477
-19.96420
-27.66517
-39.23270
-41.53108
-49.55054
-41.64144
-43.02933
-38.39700
-45.06000
-43.59763
-46.19044
-54.85660
-52.36123
-44.56456
-45.08596
-39.67054
-40.45935
-40.96025
-40.51512
-42.11055
-40.04648
-41.28258
-39.79119
-40.30917
-42.22474
-43.93688
-45.35720
-46.12466
-44.88857
-42.25176
-40.89323
-43.75389
-43.54815
-43.01149
-44.57402
-43.70630
-43.81460
-46.97236
-49.55864
-46.03301
-47.09563
-49.48843
-48.34059
-48.56055
-47.96470
-46.12400
-44.36932
-43.67197
-44.16799
-46.45163
-47.29320
-47.31090
-50.31724
-50.61861
-56.19807
-59.45427
-54.63264
-60.57412
-65.38898
-59.35664
-48.17881
-42.59271
-42.24868
-46.20044
-54.70097
-61.63795
-66.57109
-78.35002
-79.46978
-85.68022
-68.84105
-66.01405
-69.00546
-62.10647
-79.90406
-68.68525
-62.09559
-66.43676
-64.84804
-72.67222
-61.05941
-62.47093
-60.74151
-61.93028
-58.29078
-54.36988
-55.23844
-55.60391
-53.72233
-56.72226
-65.71006
-75.54510
-79.01390
-72.75438
-57.47380
-57.17962
-63.40385
-61.65758
-83.22022
-72.55396
-70.60199
-56.35090
-63.99987
-53.73785
-55.68650
-53.09942
-64.19439
-52.79901
-68.80659
-68.64000
-84.15028
-83.86175
-98.36778
-80.78765
-63.34140
-73.60751
-60.02857
-58.87277
-54.77146
-49.67231
-33.51954
-33.75456
-41.78478
-43.53548
-45.83221
-50.19522
-51.80115
-44.30912
-52.59332
-47.60913
-34.98873
-22.97839
-32.71479
-57.94353
-26.38690
-28.05003
-39.14659
-53.90583
-50.67156
-46.43448
-44.44399
-46.23511
-44.95724
-47.07549
-49.56827
-50.21057
-59.85649
-39.57871
-38.92536
-42.09497
-42.33292
-46.53761
-41.18292
-51.27322
-26.60825
-25.81425
-41.91382
-46.61736
-92.39724
-63.08503
-58.99678
-47.38910
-61.77866
-62.47998
-50.09508
-44.84325
-44.17029
-43.91530
-44.97136
-53.08229
-45.32524
-58.21225
-42.22915
-47.57352
-24.89326
-22.56623
-46.55108
-56.49159
-62.62508
-62.67320
-96.95687
-60.19226
-47.35477
-58.52666
-46.55943
-49.64288
-47.65374
-44.34331
-40.54226
-49.66183
-68.28978
-67.19181
-60.49943
-41.17308
-38.23259
-47.64709
-62.48457
-68.24777
-60.81808
-53.51379
-52.15689
-23.72476
-23.16681
-35.51975
-41.82813
-55.03555
-41.38639
-44.85475
-40.03300
-46.21497
-42.07516
-48.24936
-47.07340
-42.84463
-39.44411
-46.86222
-56.82448
-47.77589
-72.84729
-43.17101
-58.95396
-25.40037
-26.17225
-99.88789
-43.51503
-43.18488
-44.96632
-46.33399
-50.91808
-44.75841
-48.86323
-45.49102
-48.35100
-47.38273
-41.34995
-44.88556
-43.74601
-43.55707
-43.86413
-45.03847
-48.79929
-43.96749
-44.65655
-44.17244
-44.22280
-44.59954
-42.98762
-51.05411
-23.89948
-24.08516
-40.95683
-49.33934
-51.93493
-53.88695
-57.33110
-47.10884
-60.86619
-50.05313
-65.09912
-54.90879
-52.37357
-53.52686
-48.97971
-60.03551
-49.71634
-64.61148
-41.89858
-41.78925
-23.61533
-22.01370
-40.18823
-37.98698
-49.13793
-41.60482
-40.45685
-43.68423
-43.61393
-42.59624
-47.26344
-49.28147
-45.08971
-44.67039
-41.10327
-48.53672
-42.35617
-48.55637
-38.83733
-73.51718
-27.17088
-22.40368
-40.16712
-62.89921
-54.96329
-67.21448
-43.87204
-41.54720
-76.97452
-63.02295
-50.69603
-48.93999
-41.72438
-44.62362
-41.47250
-48.39141
-40.04038
-51.34154
-39.39803
-49.47328
-27.91304
-21.81126
-29.27929
-39.41886
-62.91981
-63.50018
-78.66924
-69.72891
-48.19215
-47.10762
-49.26985
-50.31700
-46.40094
-52.53783
-50.64247
-54.73558
-61.39557
-59.27306
-57.00040
-56.50367
-69.73077
-54.83667
-50.15596
-42.70990
-53.68485
-44.95610
-40.25598
-25.57471
-21.33374
-37.90071
-43.13519
-64.40287
-59.05606
-64.75124
-70.76588
-60.48462
-49.22725
-59.21064
-54.91599
-78.51166
-43.13647
-36.18513
-46.25063
-47.28161
-47.42430
-41.91585
-43.64313
-28.92849
-20.42172
-31.42942
-43.78814
-88.10937
-64.15642
-69.03172
-55.80697
-71.28942
-52.61611
-56.45163
-61.15066
-57.87172
-66.08133
-21.04513
-23.19457
-37.79175
-44.85177
-52.19694
-54.30036
-60.19182
-46.81300
-61.35544
-53.72672
-76.33803
-52.05733
-58.37401
-60.74942
-64.75859
-55.61471
-58.50809
-69.36126
-62.71087
-63.79017
-39.52278
-41.45074
-50.12152
-57.40834
-56.03914
-54.39911
-46.76164
-46.40396
-55.12073
-45.35880
-27.23097
-23.15543
-44.26411
-36.95082
-26.51947
-29.51447
-40.71692
-55.34106
-47.17706
-53.63579
-50.10132
-67.73761
-55.83574
-52.06518
-53.81416
-46.81154
-40.13373
-38.91603
-38.46505
-35.92432
-38.12608
-37.84148
-39.66327
-34.51274
-26.44012
-30.77900
-48.30766
-39.76413
-43.71287
-37.73138
-38.10105
-37.28402
-38.31226
-38.93443
-38.17371
-42.73056
-40.11397
-39.74460
-38.40205
-35.41739
-35.95550
-36.01700
-36.25668
-34.77057
-26.40126
-32.01170
-42.05224
-39.32813
-46.37159
-39.04342
-40.69326
-39.58229
-42.31693
-38.94599
-38.07967
-39.84014
-42.82950
-40.09562
-38.36630
-39.11725
-39.69851
-38.94322
-38.57687
-39.28880
-41.27924
-37.68305
-35.38845
-40.74022
-40.66814
-36.20313
-36.59258
-40.51131
-38.62920
-36.88529
-40.34890
-38.29300
-49.92779
-32.39576
-26.78708
-35.26156
-45.65152
-29.72330
-33.18385
-70.27653
-63.68963
-53.17896
-52.50848
-37.86004
-25.69483
-32.41504
-44.54742
-61.12197
-73.61223
-69.22999
-68.13996
-63.89701
-64.23752
-61.30655
-66.47320
-47.51973
-48.90557
-49.62038
-49.60938
-49.31775
-60.61738
-50.85022
-72.33409
-54.97645
-63.70499
-52.86590
-62.51331
-54.40309
-66.60608
-49.91025
-51.49399
-48.82724
-48.35300
-35.99624
-21.38461
-26.79752
-49.12345
-28.26158
-27.29707
-42.05894
-61.21576
-51.17376
-50.77187
-45.79288
-24.34402
-26.14282
-51.60268
-32.88425
-30.74992
-45.07932
-51.10608
-52.42413
-53.59888
-51.16748
-24.17073
-25.76747
-40.83010
-42.97650
-74.57490
-49.92420
-51.74374
-44.06001
-72.92783
-46.66091
-48.44698
-44.41067
-42.39353
-40.10293
-39.55933
-37.47105
-36.79642
-37.78703
-34.78291
-38.56502
-26.57605
-29.04403
-61.99262
-39.87330
-45.17379
-42.12704
-49.94545
-43.40204
-42.28829
-39.87895
-36.15223
-38.68170
-37.30672
-37.72614
-37.30532
-38.75601
-35.96420
-38.23483
-35.38306
-36.79709
-30.20961
-26.67155
-33.96074
-36.44596
-37.15634
-44.04127
-41.35148
-37.98389
-38.10911
-37.28151
-38.73070
-44.57043
-40.31488
-37.54197
-40.41689
-37.76329
-41.37747
-38.03455
-38.59293
-37.71612
-35.76571
-43.87931
-40.65560
-45.44425
-46.38954
-60.57214
-49.60260
-44.19215
-42.67958
-42.22599
-44.48142
-44.24893
-52.18969
-47.30037
-65.85212
-44.62229
-50.56769
-49.16278
-66.73926
-66.80706
-45.59526
-41.84232
-47.67116
-42.23946
-24.97842
-28.41265
-41.59450
-48.69447
-53.35516
-55.37794
-61.86819
-48.80414
-48.31759
-45.53785
-45.48040
-43.56175
-50.90424
-54.46110
-57.33008
-49.66610
-48.72860
-49.17344
-50.43823
-49.78382
-56.88682
-60.78726
-69.18538
-56.21621
-54.78534
-50.88456
-45.16196
-58.68737
-63.16175
-70.10033
-54.56401
-49.68495
-50.24955
-55.42394
-52.34832
-54.38580
-59.33753
-47.68428
-46.22290
-46.15815
-63.34166
-45.69375
-48.97897
-29.94083
-21.46792
-36.02891
-57.93032
-26.09737
-26.70736
-39.11142
-35.60033
-30.57015
-80.47533
-42.36450
-54.78588
-61.76195
-59.61751
-51.25160
-48.40267
-47.94158
-56.93384
-56.14033
-46.00172
-43.46175
-38.75990
-37.92748
-35.62367
-39.34487
-35.68002
-40.92915
-27.55985
-27.68790
-36.65194
-40.40076
-44.58216
-41.47032
-39.50977
-39.43778
-41.12956
-36.70132
-42.35841
-36.62995
-38.77574
-38.86665
-37.68226
-37.62326
-37.06095
-37.94133
-37.97062
-36.16803
-32.59291
-28.64597
-34.02813
-42.58418
-38.90631
-45.95401
-41.64295
-40.47067
-37.07034
-42.89118
-42.37500
-43.24532
-43.83117
-45.37180
-46.43685
-41.01792
-41.69085
-41.03799
-38.29890
-38.42558
-41.27645
-37.48427
-35.28549
-35.89561
-41.20602
-38.06627
-34.98075
-37.13927
-37.14719
-34.52222
-39.48389
-43.55763
-44.04477
-43.64991
-28.33400
-27.63265
-61.44968
-40.61163
-27.11993
-33.43162
-43.90724
-78.87199
-54.62858
-48.88509
-30.87094
-26.76533
-44.81259
-53.62753
-61.32192
-60.55320
-62.46069
-64.03648
-51.30073
-43.75067
-50.17598
-47.78189
-55.64104
-51.88081
-56.09860
-51.93721
-46.65667
-46.86973
-47.66878
-54.67028
-57.11254
-61.72162
-53.28990
-60.37605
-48.97722
-74.54713
-49.47281
-48.87529
-45.07207
-40.46227
-26.79850
-20.74055
-34.70517
-42.77202
-27.53906
-30.40568
-43.48717
-83.42825
-50.85939
-44.70318
-32.08624
-22.43444
-33.26788
-50.55289
-28.34188
-29.35902
-37.75834
-49.63912
-46.44582
-43.12336
-33.63064
-23.37435
-32.70874
-44.55156
-48.83415
-56.79224
-49.97653
-65.52808
-49.08818
-52.94649
-42.46193
-42.70562
-40.95723
-41.16047
-39.38609
-43.43797
-37.39376
-35.47088
-35.94936
-34.55248
-33.68943
-26.42227
-31.41197
-51.63850
-42.00869
-44.15091
-36.67005
-43.28688
-37.80339
-40.10026
-39.63810
-37.36593
-40.40415
-40.31863
-38.56328
-38.24161
-36.74212
-37.83804
-37.95896
-37.48470
-34.95444
-29.31941
-32.25171
-34.99760
-34.20805
-39.65529
-47.83508
-37.73631
-38.11556
-42.24327
-44.84218
-39.82421
-45.43165
-41.00863
-36.60929
-37.67824
-35.08095
-38.51235
-34.90798
-37.39914
-36.26532
-35.75539
-38.99289
-35.22809
-36.99248
-34.72171
-36.75240
-36.21141
-33.97173
-37.31529
-39.16772
-39.67707
-38.75678
-38.95277
-40.29910
-43.89827
-42.34306
-51.19585
-43.69775
-46.42431
-42.75750
-43.40041
-45.54129
-59.64239
-33.52742
-24.54332
-32.69351
-55.52915
-57.57424
-83.86186
-52.64483
-50.77032
-43.69499
-47.62757
-49.10862
-47.74266
-50.83795
-58.39968
-50.81176
-49.66220
-47.17278
-47.66811
-48.95130
-52.98307
-60.59812
-56.16355
-65.83094
-62.17642
-55.01713
-59.76185
-65.51055
-55.03237
-64.73204
-55.41209
-80.69306
-49.76463
-59.26194
-58.45287
-56.15385
-57.13517
-56.76762
-55.50218
-54.73763
-47.49239
-44.54322
-49.88951
-44.11689
-47.08485
-24.32115
-22.24084
-33.77342
-37.98977
-29.41464
-35.34882
-51.35362
-28.95795
-32.65433
-49.24459
-50.60009
-66.84061
-54.06728
-59.42181
-51.00987
-55.04596
-46.20704
-57.35905
-55.66412
-65.19305
-62.83055
-62.96450
-56.42799
-59.08333
-62.25085
-50.41827
-59.36548
-24.01030
-24.38149
-38.39995
-47.48427
-58.32683
-70.04997
-51.13634
-45.38344
-53.75515
-55.93372
-68.46455
-50.26058
-54.48853
-51.58233
-46.97558
-55.65937
-53.76212
-74.62836
-63.13699
-67.40578
-52.81781
-27.45727
-28.82949
-35.16413
-34.88045
-44.48824
-40.66954
-42.39027
-43.86765
-49.83771
-45.61882
-59.82951
-58.33563
-59.82191
-60.83849
-60.88982
-54.71573
-58.15740
-46.35913
-45.57556
-47.19859
-51.37114
-60.47707
-59.16761
-65.04570
-48.83466
-54.17708
-23.64793
-24.39926
-65.50871
-52.62259
-54.47429
-56.35195
-61.32971
-58.46239
-52.00337
-52.70380
-62.94689
-69.18349
-67.01075
-58.68211
-33.93087
-28.76312
-31.90233
-35.30429
-38.52673
-40.14295
-45.99276
-45.49562
-46.50296
-48.65033
-50.69567
-56.64600
-53.15808
-60.73344
-52.29624
-49.02370
-41.34937
-42.69800
-45.82675
-67.27874
-50.66937
-52.93557
-46.66794
-57.14081
-49.88769
-64.35869
-51.78694
-62.27243
-64.90908
-73.68606
-78.50881
-52.27627
-69.66908
-22.21932
-22.91734
-32.97489
-42.25154
-50.16392
-51.11059
-52.07547
-53.15369
-66.60288
-51.44259
-54.70088
-52.25914
-52.53010
-42.73038
-55.09666
-61.31634
-47.99922
-51.71722
-44.88746
-41.91972
-22.74172
-21.65926
-41.28500
-43.75771
-55.56649
-55.69546
-58.99496
-65.30595
-58.69864
-48.80171
-59.20906
-57.95479
-58.72210
-60.56902
-56.48623
-53.44788
-50.60891
-47.62470
-44.05566
-38.90976
-23.87396
-19.72560
-34.09346
-42.09053
-62.72123
-62.73407
-72.94769
-45.01407
-84.12387
-64.37447
-59.71957
-57.00325
-54.66987
-53.76917
-48.93792
-57.04031
-45.01778
-46.68831
-43.32925
-39.61080
-27.23861
-19.63618
-28.08282
-39.69951
-56.04539
-65.27462
-61.42148
-59.15510
-56.15669
-58.68599
-55.51933
-57.15485
-54.53167
-51.63441
-37.57655
-26.61450
-28.79658
-33.20614
-38.37156
-45.51212
-51.59428
-55.27976
-61.59914
-44.70231
-68.37093
-46.72142
-47.44044
-30.74873
-23.01365
-40.93888
-71.95798
-70.32796
-94.73435
-56.71308
-68.37279
-55.95978
-52.12863
-67.04485
-59.17553
-65.51620
-43.82396
-36.09484
-45.93910
-45.99913
-54.22711
-40.40403
-51.74719
-29.18397
-20.90986
-28.93231
-39.32310
-68.16559
-69.14724
-72.04205
-58.69187
-31.94147
-31.22974
-37.49597
-40.11002
-44.20022
-42.25599
-27.68199
-30.80472
-49.63692
-52.99353
-57.69325
-57.13170
-58.68427
-43.75727
-53.40041
-57.98627
-87.56498
-57.35831
-69.33345
-64.42886
-78.87609
-64.53092
-65.03038
-65.14694
-56.25595
-52.01851
-51.48084
-45.89300
-44.32432
-49.82564
-44.88719
-78.46065
-46.79485
-77.45232
-48.92628
-43.19674
-27.22154
-23.90506
-33.50931
-38.24449
-47.21295
-37.91451
-41.76224
-42.57847
-47.28186
-43.55421
-43.75886
-43.35697
-51.31649
-50.83405
-64.57447
-58.38422
-60.12955
-57.28959
-60.66926
-52.11300
-68.06555
-46.34971
-65.00038
-36.95199
-22.25684
-28.33959
-45.01020
-53.52034
-55.84039
-56.70397
-48.57643
-49.59635
-52.80871
-49.69429
-76.49748
-43.69002
-54.74051
-44.48330
-78.32705
-49.72919
-54.62609
-53.16065
-52.06907
-42.24160
-20.75354
-25.30951
-47.81959
-48.23406
-52.74396
-51.66151
-61.72623
-57.04931
-55.92726
-59.29333
-55.94236
-51.85117
-84.03887
-67.61236
-49.88975
-46.75352
-46.26189
-60.21847
-49.85702
-71.38637
-49.37732
-61.83341
-45.98484
-54.14437
-46.68626
-43.85035
-33.50254
-20.44207
-26.03112
-35.62060
-52.50453
-59.31469
-57.74642
-56.28643
-54.14016
-80.63322
-56.25826
-56.21875
-56.99825
-79.68836
-32.67987
-59.64586
-53.48948
-52.39223
-47.61251
-76.81572
-38.07969
-20.04435
-25.46539
-45.38549
-45.60307
-55.99443
-56.60326
-58.43978
-61.04663
-60.86474
-56.57101
-66.90970
-64.90974
-79.48891
-78.76750
-63.98089
-67.02321
-57.86863
-64.57609
-54.73411
-56.64507
-53.44432
-59.44516
-48.14694
-51.74139
-46.19691
-44.87995
-31.67896
-18.95956
-27.14136
-44.90441
-47.86918
-53.86376
-54.14391
-54.25799
-54.52529
-85.70508
-50.09778
-52.29597
-52.08722
-53.62074
-38.03033
-51.40531
-41.09262
-62.89067
-47.32984
-50.33450
-38.64206
-20.01754
-25.09099
-35.68970
-40.55504
-62.43722
-45.30060
-51.25163
-45.59795
-58.75316
-42.65428
-59.79194
-51.94870
-64.56023
-55.53415
-68.98499
-64.17685
-64.68261
-63.56596
-53.43661
-61.69096
-22.75069
-24.36737
-54.16641
-50.09738
-53.99772
-58.69069
-50.07203
-42.91226
-50.15632
-52.70668
-55.27311
-49.09820
-45.60572
-48.42351
-54.29572
-54.98829
-50.98541
-67.88480
-48.41995
-44.86944
-23.40063
-22.26633
-32.53119
-39.32641
-87.05556
-44.82274
-62.99907
-43.74749
-51.48861
-47.61128
-57.14834
-91.33154
-55.16373
-65.09523
-51.29297
-74.37280
-48.94890
-58.41951
-45.02129
-42.42348
-25.82128
-22.39022
-39.82806
-47.33196
-72.34196
-80.35580
-55.34535
-47.04157
-71.29683
-67.19471
-60.19852
-67.25143
-49.59277
-62.97693
-46.57095
-57.23238
-48.25823
-49.68238
-44.21752
-44.91030
-27.42436
-20.86246
-34.32138
-38.74918
-42.46198
-49.26531
-41.84783
-45.09594
-43.54487
-47.48821
-43.94106
-52.86277
-44.98754
-56.41162
-45.19997
-81.91130
-45.59175
-60.03008
-43.40466
-49.68256
-33.67909
-23.07604
-28.96414
-43.10610
-61.99542
-64.46037
-60.10465
-43.53727
-53.15543
-55.39193
-55.14381
-64.33803
-48.56713
-51.26937
-41.51537
-48.14887
-45.63687
-89.55227
-50.06816
-52.25466
-38.02476
-20.76820
-27.11812
-52.04548
-50.99955
-57.84673
-51.57210
-62.31035
-58.92382
-58.22688
-52.55003
-51.98270
-47.21389
-42.22321
-23.45484
-21.31153
-30.84006
-39.64999
-49.78069
-51.64876
-53.60659
-56.15182
-78.28558
-53.25135
-60.23991
-61.78561
-87.21364
-69.37733
-61.17330
-56.43926
-52.32180
-49.14549
-42.84914
-40.00051
-24.11725
-20.19804
-35.46125
-42.85638
-84.59629
-72.88541
-56.78177
-42.70638
-65.44267
-69.10230
-60.49074
-56.90060
-52.75656
-51.06353
-42.48933
-41.52669
-38.36168
-68.00099
-43.03004
-39.53123
-27.82216
-21.09083
-32.98402
-47.62723
-58.73731
-61.19213
-58.95451
-57.12487
-54.49952
-58.40122
-54.01794
-56.71047
-51.77554
-60.38180
-38.86685
-27.79260
-29.98844
-36.25274
-40.73343
-46.12061
-48.27737
-52.26000
-51.25079
-46.74479
-58.77146
-45.05854
-54.37181
-29.88779
-24.47834
-34.63037
-46.53699
-62.56438
-60.89199
-64.23875
-65.45043
-66.33606
-49.23814
-57.15968
-53.81831
-69.09651
-44.23342
-39.59967
-48.98199
-47.38955
-51.53556
-43.55435
-44.13145
-29.51595
-20.37417
-32.73026
-52.05949
-52.60959
-55.62700
-48.36489
-55.63506
-30.54203
-33.83617
-40.00697
-37.52557
-38.22827
-39.79213
-38.80498
-46.65321
-47.00336
-57.35135
-50.30521
-46.30269
-36.33086
-23.31755
-29.11836
-40.47777
-63.93741
-64.07055
-61.48160
-60.00990
-56.95125
-65.71591
-62.57920
-67.63841
-67.59682
-51.17512
-36.27333
-57.85910
-60.19886
-60.22546
-47.60451
-44.83384
-36.39159
-21.09720
-27.00337
-46.56913
-63.77249
-52.23413
-45.02418
-31.56623
-21.41436
-33.62253
-43.55862
-45.48423
-56.02757
-49.82658
-52.86533
-56.88301
-68.54729
-58.15868
-63.73883
-59.90703
-64.03261
-50.92295
-51.98360
-50.03484
-61.56033
-46.54561
-49.89551
-43.82084
-45.59143
-47.67905
-52.61522
-53.25777
-57.32923
-64.59845
-58.65434
-61.05697
-49.73296
-45.49972
-52.51238
-62.22016
-57.07529
-63.97748
-67.27658
-79.85043
-74.33100
-72.84230
-60.98775
-53.15134
-59.89293
-75.53921
-92.31682
-55.18083
-50.78835
-56.25787
-57.62782
-76.81622
-74.84138
-74.26749
-64.92287
-63.91364
-58.60214
-72.54194
-45.77957
-43.09952
-45.94538
-48.37632
-56.80745
-55.34745
-59.01035
-57.92879
-61.00990
-64.42638
-78.16618
-73.16667
-83.29805
-74.43531
-88.47404
-82.68812
-95.73101
-62.74923
-61.13214
-62.42184
-64.63794
-80.73643
-74.28418
-74.08571
-71.45527
-72.48690
-65.42858
-65.06279
-54.43865
-58.36116
-59.05517
-57.64111
-55.47848
-52.66955
-57.28617
-68.10775
-75.48675
-83.06160
-84.29000
-97.40546
-81.66063
-68.05256
-71.40645
-78.61936
-75.63436
-70.08221
-69.53918
-64.69642
-72.29071
-67.02183
-76.06236
-66.15954
-68.89750
-67.22183
-70.25432
-63.20009
-70.32658
-65.03409
-67.37860
-66.20438
-64.64974
-68.23406
-73.67395
-83.94149
-78.36431
-82.40864
-73.15642
-70.88272
-61.07432
-67.90935
-61.39973
-72.23202
-64.82471
-70.35923
-61.97074
-83.71561
-58.40352
-61.40469
-57.38498
-52.86419
-35.18742
-27.77007
-31.82313
-35.40225
-41.40791
-45.01027
-50.73714
-59.58127
-59.18754
-54.56782
-62.92232
-62.33368
-59.51899
-55.79775
-55.56077
-71.88511
-67.82783
-68.96578
-68.68529
-62.29190
-50.15848
-46.94080
-45.98685
-55.00375
-61.56606
-69.51026
-59.26496
-69.74951
-49.24486
-47.88659
-48.19509
-51.76020
-59.30717
-70.35248
-65.59831
-71.90218
-60.81773
-66.27703
-66.94233
-69.05557
-52.18696
-30.04778
-33.80147
-39.82413
-39.05930
-41.26629
-42.65125
-49.55123
-51.81081
-57.82149
-53.02204
-68.94756
-62.42073
-56.92009
-48.34745
-66.88264
-55.59206
-85.67689
-70.19293
-60.84042
-66.38486
-84.22114
-71.54353
-63.51834
-58.83275
-51.84705
-56.19310
-56.57780
-56.11264
-63.30968
-58.53777
-54.49345
-52.29358
-54.74689
-61.00056
-57.02068
-77.52299
-57.47886
-77.80661
-60.16198
-65.85788
-39.07616
-33.79530
-37.65542
-40.16194
-42.05239
-42.41657
-42.77365
-46.37557
-56.17887
-56.27313
-59.14665
-54.79856
-53.74619
-49.73427
-49.65859
-55.62263
-58.27115
-66.25788
-66.76273
-62.76657
-59.48960
-55.60014
-55.05875
-54.09315
-54.03066
-61.43915
-60.42944
-62.32856
-49.96546
-50.48419
-56.15742
-52.89039
-56.19591
-59.15437
-65.07302
-75.57572
-69.86724
-66.98986
-61.47924
-62.71237
-60.08440
-58.79776
-62.55245
-66.47737
-68.72031
-92.11764
-70.14738
-62.76379
-68.17504
-59.79637
-64.70123
-59.41337
-61.62098
-68.28369
-67.46261
-55.55939
-58.14412
-69.70095
-62.80278
-65.50739
-59.79206
-64.11419
-65.37990
-64.15255
-66.49916
-87.09863
-101.81986
-80.37221
-79.01696
-73.36030
-61.34319
-64.72904
-71.60253
-72.06189
-64.00433
-62.34962
-72.39992
-68.09303
-71.31966
-69.95574
-61.50674
-79.20434
-66.88335
-62.38404
-66.94220
-71.41257
-81.38180
-71.26883
-69.16877
-70.76730
-73.02493
-70.49978
-64.68553
-60.24581
-66.25181
-70.14736
-96.89244
-76.18462
-94.92299
-66.73602
-65.75860
-58.81609
-71.72802
-57.97132
-73.23621
-67.65927
-62.44786
-45.63403
-35.51272
-39.70901
-44.73203
-48.41276
-50.67880
-52.05433
-53.73897
-57.52265
-74.03725
-63.64866
-72.89002
-62.67390
-59.42008
-52.38222
-53.66410
-68.32936
-71.27270
-74.55934
-82.44524
-69.82497
-66.83646
-58.04466
-60.73793
-65.77287
-67.23761
-61.75002
-67.82279
-64.50831
-94.57988
-58.78780
-55.70451
-53.32244
-62.11923
-68.31934
-62.39873
-68.01101
-74.29572
-71.35496
-58.07011
-65.97626
-42.53453
-44.57821
-50.78924
-46.60402
-48.73039
-51.66689
-52.78912
-60.36476
-63.97726
-56.52481
-63.44706
-63.34746
-60.91235
-62.76463
-78.33998
-66.76048
-110.75877
-62.24759
-61.25474
-58.54792
-61.95173
-66.09737
-64.55659
-58.90808
-67.03522
-68.77192
-62.04592
-99.33393
-59.89715
-63.55530
-68.14100
-69.69298
-57.19473
-55.07182
-58.47112
-58.90391
-56.00313
-59.53542
-58.55388
-59.30034
-57.24800
-56.62646
-60.94157
-52.73610
-54.93753
-61.06932
-70.48815
-61.69656
-59.36634
-69.25250
-66.01868
-59.96391
-55.43245
-51.48148
-49.74063
-53.73154
-55.10605
-55.96412
-63.80375
-75.68085
-74.95304
-68.18944
-61.70414
-64.68199
-61.52890
-52.95834
-53.07107
-54.85888
-63.18396
-77.20946
-66.87309
-64.34591
-59.26887
-58.49872
-54.58350
-55.69645
-71.93954
-81.27508
-85.07015
-60.20845
-57.28344
-55.07175
-59.73070
-71.01824
-79.85652
-75.79948
-78.50716
-64.96058
-52.56998
-52.06658
-58.07080
-77.65528
-81.96941
-96.62864
-88.31515
-82.63667
-58.55579
-54.87891
-57.95960
-62.30321
-66.98521
-70.79226
-68.53071
-64.92300
-83.07397
-97.14755
-61.69715
-56.98993
-60.38437
-64.53296
-80.37715
-99.34838
-92.53917
-73.28071
-71.20918
-66.61255
-62.38302
-64.71062
-87.92575
-101.38641
-82.63052
-88.38702
-72.48757
-63.12881
-58.59334
-71.92286
-87.71526
-71.48952
-78.47996
-69.06209
-102.50549
-82.91245
-75.97598
-63.86237
-64.64644
-93.49763
-92.77783
-98.92168
-116.86890
-97.34130
-92.77627
-76.60889
-65.55430
-67.43584
-76.53362
-116.95891
-101.13361
-76.60939
-64.27120
-68.09144
-77.52753
-71.14896
-87.33553
-78.13602
-78.50313
-77.48894
-70.79961
-78.77352
-97.85219
-91.84316
-93.60699
-80.42299
-80.53679
-109.04671
-109.06409
-105.65946
-98.83030
-89.15025
-77.99355
-81.97545
-97.38865
-108.94318
-119.67415
-105.32170
-85.45047
-69.66162
-67.91411
-68.64472
-74.46067
-89.85718
-88.56239
-115.28794
-103.47616
-102.75281
-103.09239
-103.89459
-105.17856
-112.14526
-106.17376
-110.67068
-112.16460
-126.01643
-116.97294
-118.45454
-101.93924
-91.07744
-106.95563
-103.35957
-101.37965
-98.28021
-94.89600
-81.79133
-75.05689
-79.37101
-81.20033
-90.77953
-95.83818
-119.60714
-132.81975
-125.62940
-119.57170
-116.95036
-115.52795
-114.72773
-114.31865
-114.18777
-114.27367
-114.54129
-114.97087
-115.55273
-116.28481
-117.17181
-118.22563
-119.46714
-120.92994
-122.66812
-124.77241
