-106.44917
-83.21747
-78.73264
-81.85647
-83.41033
-86.42754
-88.68888
-93.14099
-97.54262
-99.36173
-106.30455
-84.45115
-80.27762
-82.76742
-84.08961
-85.47342
-89.82068
-83.51977
-80.65758
-83.43403
-84.59399
-86.01273
-83.72369
-83.08560
-81.74987
-80.51997
-79.71243
-80.41961
-82.99030
-84.43595
-88.17279
-89.30349
-95.12973
-84.53952
-79.62300
-81.66394
-82.20802
-84.03795
-87.19615
-88.51923
-92.11583
-92.84831
-97.14392
-90.40831
-81.94938
-81.81763
-84.26530
-85.73360
-89.52244
-84.08392
-81.02337
-84.25926
-86.02122
-87.78206
-84.54760
-85.20691
-88.62518
-90.49265
-96.19386
-84.80379
-83.44548
-85.07573
-89.60787
-90.39956
-93.55664
-85.50855
-77.60220
-79.06518
-80.32557
-81.90826
-83.69750
-85.10604
-85.62107
-86.26382
-87.39506
-88.04140
-86.11132
-81.04529
-83.28706
-84.50251
-88.42141
-85.17510
-81.42921
-82.64364
-84.93811
-87.08711
-79.16451
-78.20746
-79.72110
-81.53379
-83.05928
-82.42432
-85.29378
-88.11244
-92.02568
-90.71640
-93.41314
-87.07813
-79.16268
-80.39000
-82.51805
-84.50023
-86.86194
-89.20060
-93.25983
-94.50507
-102.74787
-83.73048
-81.42158
-83.81936
-86.53619
-88.14159
-90.99531
-88.30856
-80.22614
-81.87969
-82.99845
-82.06670
-83.82032
-85.96054
-87.72469
-87.78397
-91.04295
-85.54414
-82.73082
-84.29479
-86.72906
-87.32297
-91.86805
-90.62981
-80.84273
-79.39533
-80.49190
-81.26350
-82.26551
-83.61969
-85.96183
-86.78568
-87.93918
-85.95521
-82.49757
-82.31081
-85.58067
-86.40160
-90.39988
-88.47048
-80.62741
-81.66107
-85.18234
-86.15759
-79.82905
-79.07264
-82.77853
-84.15940
-86.77719
-82.64087
-84.06688
-86.09465
-92.70530
-91.57278
-83.06777
-84.43004
-80.76934
-80.43565
-81.45058
-82.97528
-86.15853
-87.01668
-90.03646
-90.09853
-89.34863
-82.27094
-82.40576
-85.12192
-87.75405
-89.22943
-90.83995
-91.89079
-81.36010
-80.43980
-81.31760
-80.83173
-82.93722
-83.28267
-84.62419
-85.80930
-87.56051
-89.14923
-89.82012
-91.77970
-85.40667
-82.80212
-84.28106
-86.68482
-80.44051
-79.30051
-82.78057
-83.61204
-85.95215
-87.63730
-90.19506
-92.20374
-90.67382
-87.33486
-83.43292
-81.97206
-83.64490
-84.57855
-86.26797
-89.11571
-84.32548
-83.25141
-85.12907
-85.48316
-88.44295
-86.61640
-89.42079
-89.91706
-93.12940
-86.76183
-83.56140
-86.19131
-85.80309
-89.37379
-89.41716
-96.35009
-80.79321
-78.05609
-80.53244
-80.84958
-82.93049
-85.22749
-86.93697
-89.32122
-91.78575
-95.78117
-90.91205
-81.17128
-81.82617
-83.50779
-84.54353
-87.03579
-85.43332
-83.51081
-83.61724
-83.51688
-83.69259
-82.43306
-81.75480
-81.76217
-82.08570
-82.05609
-82.82993
-83.90742
-83.31219
-82.57304
-80.73577
-81.02137
-76.39418
-73.36075
-75.15159
-75.74170
-75.62315
-76.69186
-77.67236
-79.90838
-80.70533
-83.61414
-79.63472
-76.51802
-77.71587
-80.12944
-80.62276
-85.48618
-78.48721
-73.07774
-75.47793
-77.05352
-77.88421
-76.57106
-78.33505
-80.42069
-82.42475
-85.16153
-78.81773
-77.20362
-76.93387
-76.28415
-76.60282
-77.43734
-77.43408
-75.63238
-76.92359
-78.54775
-77.96896
-79.06528
-81.45531
-85.26644
-86.36262
-84.59957
-80.76813
-78.55595
-79.86570
-82.18800
-79.14758
-81.99074
-78.89554
-73.19030
-74.36524
-75.93312
-77.22904
-81.26246
-85.43827
-85.97198
-82.78597
-83.91234
-85.12310
-86.77561
-86.44704
-78.76801
-76.19565
-80.04799
-80.45264
-74.40167
-75.10874
-76.76772
-77.88069
-79.90477
-82.12665
-86.21058
-87.67398
-89.19827
-84.42321
-84.62691
-79.11789
-77.12973
-78.06124
-80.37156
-80.23283
-74.19629
-74.64578
-76.44660
-77.53564
-79.17954
-80.14323
-80.55124
-81.53463
-80.26441
-76.64563
-78.90388
-80.57788
-82.22886
-81.75690
-85.44209
-83.31923
-74.80268
-74.63909
-75.90566
-77.34824
-78.81080
-81.03468
-83.49388
-85.63343
-86.99043
-83.29373
-84.89504
-83.31881
-78.71479
-77.30130
-79.50836
-79.11193
-76.19950
-76.13882
-77.17921
-78.04297
-79.54480
-81.02928
-81.87919
-83.92268
-85.14472
-83.74718
-85.54712
-89.35353
-80.51128
-78.71817
-79.60129
-80.40267
-78.01910
-76.94042
-78.56658
-78.36043
-79.75919
-79.99018
-81.56701
-84.13190
-86.21006
-86.01075
-87.57845
-80.05013
-76.77150
-77.23797
-78.25084
-78.88028
-73.09815
-71.82642
-73.87160
-74.95619
-77.06356
-77.87519
-79.96992
-80.15803
-80.55298
-80.43094
-83.03087
-81.91168
-75.92991
-76.44928
-77.77825
-78.90760
-73.79015
-72.35847
-74.60368
-75.35612
-77.58750
-79.37688
-77.85903
-76.72573
-77.57987
-78.54823
-79.18927
-81.27654
-79.76965
-76.14978
-77.48524
-79.26841
-74.78615
-73.79916
-74.70573
-74.40406
-76.20133
-77.54518
-79.49612
-80.49561
-83.39464
-85.49485
-88.61978
-85.70341
-78.11626
-76.60487
-78.08886
-79.25358
-75.03501
-72.72074
-74.24317
-75.98961
-78.27743
-80.39906
-82.17352
-84.60400
-85.95881
-87.52717
-88.03000
-89.16795
-79.54410
-76.72233
-79.04588
-79.18233
-73.76947
-72.24351
-74.64309
-76.08666
-76.86113
-77.65490
-79.19499
-79.97395
-81.51993
-82.99868
-79.41074
-77.00662
-79.02527
-80.71753
-81.79779
-84.90403
-77.94048
-73.04556
-75.29943
-77.68188
-76.68843
-76.90562
-80.51271
-82.92083
-84.03001
-87.29369
-77.68398
-76.09972
-78.34465
-80.51006
-80.12210
-82.87690
-77.33715
-72.74956
-73.42906
-72.66878
-73.29184
-74.18339
-75.67822
-75.98225
-76.12194
-76.72352
-75.25670
-76.07457
-77.23342
-78.00159
-79.37725
-82.46971
-79.85932
-74.73072
-76.00245
-78.54866
-82.64547
-84.27264
-87.00028
-85.12668
-78.26509
-78.72980
-80.06960
-79.25593
-77.09176
-80.55811
-81.84897
-87.11359
-79.90125
-72.55874
-73.63779
-75.83286
-77.53055
-80.62115
-82.17535
-80.79141
-81.92489
-87.34481
-82.36145
-76.79915
-77.39397
-80.05811
-80.17783
-79.53934
-79.29372
-74.65830
-74.96948
-77.51818
-78.75079
-81.18354
-81.38993
-83.57716
-84.96249
-87.92972
-80.76385
-77.10041
-77.16089
-78.96287
-80.55330
-83.09970
-82.33194
-74.85889
-75.74639
-77.39615
-75.92537
-76.64351
-78.50595
-80.75114
-78.50697
-77.06182
-74.99677
-76.49231
-78.83549
-80.83163
-81.69802
-83.83177
-82.37799
-74.45809
-75.45042
-80.09486
-82.53464
-85.00275
-84.46600
-76.34839
-75.83259
-77.89637
-75.69854
-78.69055
-82.64144
-86.13249
-87.65339
-88.98357
-80.08985
-74.71167
-74.09784
-72.93928
-73.94568
-76.02597
-76.61713
-75.77105
-75.35043
-76.12226
-75.36845
-76.41491
-77.53091
-78.91902
-81.22865
-82.97583
-80.16053
-74.62042
-74.55236
-74.07901
-74.37428
-76.79788
-78.27382
-79.67252
-80.00409
-83.58688
-78.45585
-77.59710
-77.83806
-77.80568
-80.77689
-80.78748
-80.47128
-75.53065
-74.88114
-77.37260
-78.22830
-77.57193
-78.02344
-77.75259
-78.10114
-79.33732
-77.19562
-75.79078
-76.30801
-77.77386
-79.31198
-80.22423
-79.84169
-75.26380
-74.66041
-77.51801
-76.50352
-77.28249
-80.10671
-84.16296
-86.33241
-87.36658
-78.35508
-76.93047
-81.28207
-81.06503
-80.04152
-80.83009
-85.48748
-78.87951
-75.43302
-74.22333
-74.13541
-75.79789
-74.77360
-75.31594
-75.93023
-77.13921
-77.48297
-77.75717
-79.79274
-78.65511
-78.68760
-79.75117
-82.56533
-74.74880
-71.90130
-72.58082
-73.66875
-75.96856
-77.65132
-82.13130
-83.35067
-87.16374
-76.33590
-74.00695
-75.80368
-76.49048
-79.19634
-79.89319
-86.10118
-77.51150
-73.64663
-73.27573
-72.06002
-73.24376
-75.06293
-76.34329
-77.73388
-78.96376
-80.58223
-82.62078
-77.28804
-75.05242
-75.94885
-75.84480
-77.82376
-74.48467
-71.95511
-73.66580
-75.05526
-76.77301
-77.78866
-78.18587
-78.46705
-80.96630
-81.32010
-80.34811
-77.53548
-75.02682
-76.12155
-77.09430
-79.74309
-78.91562
-76.18900
-77.79261
-78.61093
-75.09427
-74.05423
-75.26471
-76.16568
-77.49649
-79.50768
-80.01466
-79.98004
-78.01357
-77.98023
-79.62576
-81.52138
-79.79176
-75.26539
-75.78004
-75.91421
-76.06512
-76.51149
-77.25305
-79.15848
-84.45083
-85.51951
-78.46480
-80.27615
-78.35347
-75.56513
-75.49627
-76.82384
-75.61368
-72.68716
-74.02109
-75.19016
-76.24917
-77.29495
-77.91089
-77.51426
-75.69374
-77.03204
-76.73146
-76.45962
-77.58231
-77.87276
-77.63690
-79.95779
-78.53423
-73.75669
-74.79716
-77.17777
-79.37106
-80.54199
-80.21791
-82.07197
-83.10788
-86.11686
-86.20228
-81.98561
-81.40803
-79.70305
-78.90745
-81.16250
-79.96655
-75.76792
-76.72887
-77.30670
-75.05316
-76.03469
-76.34532
-77.65463
-77.90407
-78.82034
-77.70560
-77.27301
-77.45230
-77.28631
-78.38005
-80.18839
-80.69480
-75.81782
-75.90572
-77.93057
-78.52019
-78.07600
-79.67024
-81.97609
-83.44759
-86.23688
-87.81895
-91.50855
-82.37614
-78.18384
-78.99064
-79.76181
-79.46752
-76.23210
-76.50586
-78.86811
-79.67270
-83.20885
-78.36417
-75.32772
-76.16778
-76.79979
-76.58660
-77.39579
-78.96033
-78.67989
-77.69329
-78.64505
-79.24879
-75.78224
-75.36439
-76.97596
-77.28010
-77.21749
-77.96009
-78.93823
-79.88123
-82.35260
-83.47015
-85.86850
-87.75217
-81.46838
-78.03654
-80.50962
-79.17099
-74.17903
-74.32599
-76.70835
-76.19732
-75.63367
-76.75367
-76.51920
-76.97127
-78.53387
-79.36027
-81.74230
-83.44613
-80.32911
-80.13286
-80.19499
-78.07512
-74.95952
-73.71527
-74.89427
-75.25072
-77.53986
-79.12626
-79.00730
-78.50667
-80.15480
-80.95478
-83.05162
-82.78652
-77.71215
-77.33811
-79.53255
-81.19884
-78.72251
-78.78436
-79.86486
-79.18397
-79.88431
-81.02946
-79.83583
-78.02244
-76.70298
-76.68707
-77.68116
-78.14298
-78.56216
-78.26368
-78.81645
-78.85763
-73.64927
-72.59302
-73.43243
-73.84024
-74.71434
-75.00323
-75.39073
-75.81453
-76.16184
-76.21245
-76.28728
-75.93973
-75.64114
-74.45596
-75.74202
-73.60104
-72.46667
-73.12925
-74.12801
-75.64819
-75.92257
-75.75621
-76.85009
-73.45428
-72.82568
-76.63759
-75.78122
-76.54247
-75.22430
-75.70300
-75.48542
-75.84413
-73.61792
-72.08424
-73.16933
-74.05954
-75.10346
-75.28125
-75.76807
-75.78884
-76.26987
-76.16955
-76.71758
-76.50584
-75.71220
-74.27559
-75.83185
-74.17753
-72.27709
-72.83293
-74.23469
-75.78250
-76.17983
-75.71513
-77.34737
-75.62237
-73.27445
-77.71486
-76.17956
-75.27258
-75.62333
-76.04358
-76.83108
-77.45778
-75.42908
-73.20351
-75.00850
-76.14895
-75.41289
-76.13492
-77.67456
-76.38020
-77.55582
-78.02462
-76.78676
-75.79613
-77.85413
-77.14827
-78.85594
-77.33078
-73.57285
-74.37214
-75.23626
-75.74342
-76.71288
-77.48534
-80.07057
-78.35066
-75.49580
-80.44435
-76.76911
-78.04931
-79.16718
-79.75467
-81.72387
-83.13693
-79.50269
-74.57555
-76.47901
-75.73104
-77.05599
-79.05754
-81.00964
-81.51377
-84.29174
-84.92571
-83.66261
-78.25319
-77.47991
-78.38347
-79.66544
-78.61168
-73.89179
-74.29652
-76.02827
-77.85342
-80.01866
-80.99641
-83.00135
-82.92644
-75.89246
-82.29640
-82.65359
-77.46886
-80.12470
-81.02754
-85.52350
-84.06968
-78.98826
-74.52052
-75.25702
-76.46540
-77.06568
-77.78161
-76.77236
-76.04497
-77.58192
-76.87623
-75.34892
-75.83975
-77.50486
-78.09874
-79.46665
-79.75505
-73.69816
-73.86365
-76.06065
-76.55974
-79.99876
-80.67256
-82.40988
-78.83908
-74.08925
-77.19279
-77.85555
-77.40673
-79.29603
-80.96846
-83.22469
-81.90087
-78.54428
-74.98848
-75.34149
-74.47885
-75.94441
-77.14817
-80.14636
-81.75043
-82.12721
-82.34852
-78.35836
-78.22016
-78.42855
-80.10076
-81.12594
-83.80061
-75.96553
-74.54657
-76.85942
-78.05596
-80.93154
-79.68677
-78.61036
-77.77624
-73.41772
-74.60163
-77.43942
-76.73705
-79.65727
-80.56170
-81.96829
-81.34794
-82.12911
-74.76367
-73.99513
-75.66564
-76.04558
-77.18141
-77.80440
-78.87217
-79.58122
-80.97674
-78.53353
-76.31886
-76.82164
-79.73724
-79.94173
-82.98990
-77.08834
-74.66370
-76.11250
-77.58682
-78.47211
-79.82290
-80.30829
-79.46611
-73.78285
-74.42882
-78.12878
-76.02718
-77.75088
-78.30909
-80.45182
-80.89488
-82.07582
-76.83365
-75.25495
-76.36522
-78.55079
-78.78573
-78.96171
-79.47675
-78.58159
-79.83008
-79.44389
-77.80904
-77.24002
-79.03786
-79.40847
-82.94676
-77.44469
-73.92196
-75.22839
-76.41457
-77.99159
-80.53296
-81.24117
-85.64857
-78.77687
-75.54733
-78.60411
-77.19887
-76.99809
-78.06687
-78.98029
-80.28525
-79.34234
-74.00578
-72.62550
-74.18206
-74.09235
-75.22302
-75.10311
-75.70786
-73.55744
-72.16012
-74.14717
-75.71060
-73.65142
-70.98572
-74.19273
-75.71015
-73.85441
-70.61472
-69.33474
-70.30953
-70.41116
-71.89169
-71.46759
-72.19764
-70.09486
-68.57921
-71.92531
-72.93728
-72.60677
-73.82172
-74.21236
-74.48476
-74.54388
-70.88524
-71.81228
-73.19080
-73.32398
-75.07148
-74.76311
-75.75326
-74.24904
-75.37145
-74.97176
-75.36145
-73.47057
-74.65231
-74.47950
-76.16134
-74.54426
-69.19900
-72.57932
-75.16770
-73.86297
-75.07656
-74.11121
-76.03113
-74.64798
-70.00105
-74.71433
-76.53029
-74.34551
-72.04769
-73.67463
-76.76025
-75.33483
-76.13417
-73.30290
-74.76243
-74.36432
-76.16737
-76.27020
-77.74693
-77.64411
-73.64000
-75.72683
-79.32680
-76.50694
-72.24084
-74.35732
-80.26740
-77.28004
-74.34944
-74.78439
-77.17796
-76.93685
-78.45060
-76.83013
-76.70028
-77.77759
-71.33688
-75.96825
-82.69837
-80.07270
-83.16457
-79.31870
-78.51690
-80.03418
-73.56550
-73.08982
-78.13445
-77.34889
-80.44210
-78.95193
-81.99772
-79.46006
-77.81352
-77.39515
-79.19269
-79.05199
-80.95806
-80.02686
-78.19678
-81.54270
-71.24282
-70.92720
-75.88954
-76.47546
-79.15297
-79.67645
-81.42017
-88.82958
-72.81323
-76.24308
-92.30087
-80.68785
-75.38600
-74.05968
-79.21003
-77.95077
-78.42622
-73.58165
-74.39523
-76.11545
-77.63208
-79.55766
-78.93642
-81.12577
-74.49821
-75.15947
-80.08575
-80.28234
-74.93308
-72.54645
-75.97231
-76.10010
-73.19400
-72.90098
-74.79025
-75.32917
-76.24962
-77.47929
-76.72896
-78.78660
-71.47215
-71.74142
-77.45182
-75.01839
-75.83033
-74.95734
-73.90753
-75.29523
-72.37402
-70.63893
-73.46941
-73.17347
-73.25074
-72.42232
-73.03606
-73.22254
-73.47891
-73.87299
-73.73011
-73.78762
-73.63202
-73.71347
-71.51332
-72.77139
-69.98255
-68.92602
-71.72152
-72.47088
-72.42839
-73.61047
-73.18038
-75.22858
-70.79019
-70.17935
-74.62288
-74.62211
-73.24370
-71.19760
-74.33092
-73.88357
-74.15331
-72.03031
-71.54352
-72.62750
-72.59361
-74.53844
-73.99410
-76.11551
-72.89310
-71.64794
-73.40761
-75.01170
-72.65498
-70.27347
-74.18775
-75.03437
-73.62267
-71.45608
-71.28227
-72.74087
-73.38319
-76.67678
-75.74212
-78.67961
-73.51825
-71.20393
-76.05676
-77.11135
-76.24166
-75.88067
-76.37535
-77.99772
-76.17775
-71.94400
-74.72465
-76.34747
-77.59496
-79.08285
-78.78834
-80.35598
-79.46795
-81.97262
-80.87308
-83.22819
-77.48062
-79.14993
-77.44483
-81.12721
-76.29942
-70.10842
-74.42701
-76.12617
-75.78163
-78.47532
-77.11548
-73.17877
-76.12400
-74.98341
-73.50340
-78.82781
-77.75155
-72.32859
-77.57715
-77.55834
-72.16074
-76.45235
-75.97581
-76.80551
-77.45358
-78.13039
-79.94949
-80.16553
-80.23518
-79.74809
-78.71039
-77.65166
-78.56997
-78.23247
-77.96610
-77.48770
-80.25336
-76.88148
-72.78407
-73.64597
-75.19305
-76.97642
-78.42929
-77.64365
-76.53255
-77.58391
-79.27667
-77.45852
-76.65973
-78.12347
-79.79259
-81.14720
-82.24135
-81.60722
-76.67574
-77.65066
-77.93781
-75.28790
-76.95395
-77.54357
-78.52840
-79.89941
-80.82652
-78.98970
-79.52959
-79.67812
-79.48116
-79.54237
-79.75381
-78.22897
-73.28087
-74.09860
-76.01590
-76.46261
-77.46111
-77.95891
-76.21107
-76.17290
-76.68501
-77.00341
-76.91718
-75.13182
-75.66966
-75.90053
-77.56066
-75.60808
-73.42541
-73.45031
-74.96784
-76.12501
-77.48433
-77.39882
-77.47733
-75.40934
-72.63084
-72.59473
-72.24828
-72.56102
-72.77899
-73.19626
-73.13085
-75.02033
-74.27848
-73.43966
-74.26137
-74.86478
-76.00972
-75.84719
-75.92621
-76.17061
-75.82988
-74.32154
-75.03799
-75.43480
-76.16040
-76.66051
-77.24466
-77.44268
-73.84707
-73.51906
-74.30306
-75.08508
-76.16469
-76.65529
-77.05519
-77.47668
-75.80519
-73.09384
-73.95210
-74.36724
-75.48514
-75.78808
-77.10788
-76.28234
-72.93505
-72.99991
-72.80611
-73.19126
-73.43047
-73.71406
-73.89156
-73.92329
-73.79188
-73.36759
-73.79217
-74.00984
-74.46054
-74.88127
-74.52784
-75.21893
-74.21789
-73.72373
-74.68451
-74.96425
-75.78386
-76.28348
-76.57642
-77.60422
-80.58230
-77.88990
-77.13901
-78.45816
-79.11620
-80.54115
-80.59351
-83.01605
-76.41447
-74.21232
-74.80715
-74.33039
-75.56917
-76.56469
-77.09713
-76.52811
-78.15453
-78.88324
-78.12664
-78.46665
-78.86038
-80.78981
-80.28369
-82.86139
-78.80795
-76.46476
-78.84105
-79.00650
-81.99322
-79.21058
-77.48036
-77.52754
-78.83590
-77.68740
-78.10813
-79.96225
-80.83015
-82.03214
-83.93405
-83.76696
-75.38155
-74.70893
-75.57521
-76.65418
-77.12471
-77.71422
-76.45944
-75.08583
-76.05055
-75.26817
-75.95793
-76.39840
-77.19906
-78.12200
-77.63758
-78.45590
-75.29732
-72.89867
-74.45972
-75.32609
-75.73423
-76.69985
-75.45333
-74.66586
-75.63879
-75.74665
-75.51493
-75.84696
-77.45813
-78.12838
-78.67388
-78.93621
-76.03451
-74.31899
-75.22501
-75.80053
-76.21880
-74.91428
-73.56875
-73.68341
-74.27442
-75.21613
-74.67409
-75.25305
-75.69828
-76.05281
-75.95261
-76.87988
-75.97579
-74.54585
-74.96457
-75.16372
-75.91121
-76.46177
-76.36920
-75.86209
-76.86289
-77.22232
-77.70844
-77.50377
-75.48220
-76.00744
-76.45692
-77.12153
-74.81580
-73.24497
-73.79178
-74.04930
-74.77854
-74.56590
-74.32603
-73.83388
-74.22221
-74.39954
-74.67340
-74.63357
-74.70067
-74.44340
-74.82729
-73.98887
-74.87541
-75.38480
-76.81865
-77.04706
-74.49695
-77.03977
-80.69076
-79.86520
-74.21424
-75.98980
-81.09845
-78.61529
-73.60724
-74.65632
-81.18496
-76.97494
-75.04240
-77.14346
-80.72533
-79.15413
-80.95784
-79.72111
-81.23249
-80.83727
-71.63736
-75.55750
-82.41228
-79.73673
-77.27766
-79.13380
-86.17697
-82.28638
-73.81449
-74.31386
-81.42260
-78.27996
-82.07891
-80.26355
-83.76477
-81.17545
-83.62735
-81.87923
-84.06258
-81.53913
-81.84192
-82.22906
-81.27110
-84.38510
-71.68615
-75.23833
-83.92843
-81.26413
-77.42457
-77.91945
-83.44196
-83.90346
-72.30702
-73.87532
-82.33538
-78.40491
-74.60687
-73.88315
-81.02073
-78.12598
-79.18565
-77.09959
-77.78250
-78.87555
-75.69971
-75.89861
-80.17885
-81.08317
-75.64201
-75.62946
-80.96898
-81.76715
-75.02991
-74.54314
-81.05277
-79.91878
-74.83580
-75.90066
-79.47689
-79.04927
-79.59034
-79.50619
-77.55766
-81.75978
-71.71314
-72.85721
-80.33007
-80.65354
-76.55233
-74.67200
-81.11552
-82.34628
-75.48712
-72.51597
-79.96093
-78.18764
-80.46195
-79.07613
-79.89459
-79.51296
-80.10387
-80.82029
-80.65268
-82.27572
-80.38076
-82.31231
-77.97322
-83.90388
-72.89847
-72.06445
-77.63832
-79.13190
-75.67022
-74.66888
-77.95030
-81.20880
-73.22606
-72.28056
-79.44693
-79.69855
-76.17658
-72.86752
-79.03547
-79.18677
-80.10850
-81.71147
-80.65313
-86.08774
-78.90289
-77.27518
-82.91097
-89.38536
-78.49723
-75.45231
-82.02969
-87.76919
-78.65846
-74.83784
-81.49319
-87.95099
-77.45517
-77.02936
-81.18192
-83.29488
-80.88437
-84.00556
-79.72440
-86.21192
-75.69565
-71.98548
-79.83253
-81.25294
-78.46307
-75.30344
-78.88989
-81.36663
-77.66023
-72.80430
-78.16387
-80.01775
-79.73427
-81.80011
-80.61774
-83.05631
-79.79891
-82.44627
-79.88429
-83.52716
-79.14818
-82.11789
-78.14129
-84.50271
-75.59528
-71.16902
-79.50533
-85.57600
-79.43473
-74.94723
-77.85222
-84.56645
-76.64776
-71.37580
-79.68707
-84.85657
-80.05214
-74.75628
-79.98359
-88.12134
-81.67536
-84.29214
-78.97262
-84.39738
-79.84294
-76.74815
-81.16420
-88.66156
-81.82441
-73.86819
-74.50661
-77.96141
-75.18514
-72.69776
-74.54600
-78.94133
-75.07982
-72.83525
-73.45923
-75.29398
-74.83025
-76.74053
-75.61972
-77.39867
-75.79878
-70.44831
-75.94103
-77.23570
-75.00471
-73.39404
-74.75176
-77.58425
-76.66968
-73.39362
-76.87566
-83.81289
-80.76145
-86.38596
-82.40875
-87.86018
-83.53575
-88.24166
-83.83726
-84.95521
-80.78723
-85.23278
-82.94602
-86.85224
-83.88540
-71.43615
-76.43792
-84.46749
-81.95455
-77.43600
-78.93175
-88.22872
-84.28202
-72.32312
-77.26850
-87.38645
-82.48633
-76.08756
-75.67327
-85.11405
-80.63915
-80.14911
-75.85386
-77.89111
-77.30754
-74.34698
-75.22083
-79.00522
-78.17871
-74.22541
-74.94851
-79.36881
-78.04569
-73.96369
-74.20423
-79.53736
-77.27925
-73.05887
-73.14954
-74.78513
-74.45348
-74.99405
-74.90930
-74.52356
-75.58908
-70.18213
-73.31916
-79.33240
-78.03912
-75.02356
-75.15300
-78.63946
-78.53862
-73.74974
-73.22550
-80.60541
-77.90189
-81.09694
-79.17521
-81.36946
-79.94047
-80.86467
-79.47906
-79.43754
-79.81456
-79.58297
-80.88779
-79.09978
-83.33178
-72.14939
-74.14439
-82.25901
-81.06289
-77.25074
-77.37751
-83.35442
-88.74938
-73.77665
-73.51468
-84.40551
-82.65041
-77.36113
-75.30596
-86.85614
-84.17758
-82.41176
-77.82948
-77.92311
-81.82266
-76.08588
-75.22536
-78.60823
-80.77199
-75.57673
-74.66950
-78.85963
-80.94149
-75.74643
-73.98699
-79.42292
-81.12960
-74.50315
-72.45639
-74.10898
-74.17110
-73.44241
-74.19710
-73.35391
-75.32833
-70.79063
-71.01076
-75.90976
-75.38415
-73.96115
-72.98030
-75.15880
-75.84775
-73.15838
-70.95176
-75.53737
-75.27017
-75.67071
-75.39289
-75.32051
-75.86399
-75.48023
-76.14383
-75.07346
-76.11440
-74.87167
-76.71181
-74.99376
-77.85148
-72.41783
-71.14291
-76.22637
-77.21979
-75.09782
-74.18754
-76.02949
-79.25419
-73.21312
-71.63973
-81.05620
-83.44812
-79.40118
-74.21342
-81.83897
-84.77183
-80.51138
-79.22316
-76.08208
-79.38193
-76.72769
-76.14280
-78.50822
-83.90685
-78.45428
-75.34455
-77.73529
-80.63184
-76.72416
-72.28874
-75.15004
-78.63108
-73.91463
-72.83459
-75.06439
-76.19044
-75.47039
-77.26985
-75.96890
-78.61888
-74.59229
-70.14107
-73.86146
-75.18925
-73.63495
-72.26647
-73.66979
-75.30166
-73.59930
-71.02711
-73.46823
-75.09421
-74.42960
-72.64636
-71.48622
-72.18824
-71.47914
-72.34045
-71.52380
-72.47080
-71.29715
-72.31227
-71.40702
-72.70494
-71.08229
-70.62055
-76.50282
-79.09218
-76.46153
-73.98376
-76.36783
-80.46763
-76.89931
-71.01545
-76.52293
-81.48422
-78.53125
-73.46590
-75.48345
-81.23495
-77.49540
-79.01368
-76.70403
-79.40293
-78.34014
-75.15247
-76.41361
-80.90422
-79.06100
-74.29214
-76.05389
-81.80852
-79.14438
-73.88519
-75.36125
-82.49938
-77.98204
-74.79538
-75.50009
-78.18596
-76.85062
-77.61984
-75.94678
-77.10309
-76.79104
-70.38967
-74.65627
-79.12813
-77.71711
-74.69007
-75.22348
-77.98163
-77.24175
-73.75554
-74.77966
-80.96235
-78.38403
-81.79557
-79.64202
-82.69226
-80.12835
-82.02614
-80.49338
-81.88431
-80.97286
-82.40206
-80.96905
-80.39590
-82.72537
-71.43524
-74.32778
-81.93249
-80.99642
-76.93794
-77.53246
-82.84527
-80.75891
-71.96504
-74.55936
-83.28882
-82.66625
-76.06418
-74.89777
-84.38814
-81.37722
-77.82520
-73.26438
-74.14733
-74.32913
-72.71063
-72.55617
-74.81356
-74.86521
-72.67315
-72.41382
-74.68756
-75.11828
-71.19179
-71.50118
-74.92864
-74.22516
-71.55451
-71.80920
-72.96745
-72.73241
-72.97275
-73.11140
-72.48294
-73.87051
-69.73670
-70.32870
-73.71614
-72.95295
-72.59935
-73.15635
-75.28611
-75.26268
-72.60381
-71.27882
-75.28366
-74.26861
-75.40693
-75.14854
-75.64348
-75.66399
-75.42045
-75.03298
-74.63203
-75.52374
-73.56391
-75.17150
-74.37255
-76.60545
-71.09687
-70.83492
-75.26073
-75.22953
-73.99766
-73.10489
-74.63249
-76.32185
-71.62515
-70.58075
-75.44366
-75.30224
-73.88585
-71.93967
-75.49821
-75.28710
-74.59912
-74.80139
-74.39235
-75.67652
-73.40018
-73.23026
-75.36461
-76.83168
-74.25773
-73.34052
-75.26172
-77.51376
-73.12766
-71.80601
-75.74441
-77.13758
-73.72964
-73.34443
-75.56010
-76.29935
-75.49229
-76.59873
-75.09813
-77.61893
-72.58370
-70.27736
-75.93231
-76.28180
-75.23131
-73.07728
-74.83435
-75.96233
-74.30087
-71.65435
-74.70276
-75.69079
-75.44016
-76.04452
-75.29413
-76.34245
-75.48169
-77.21361
-75.56427
-77.58537
-74.77638
-76.24890
-75.78179
-78.47800
-73.96484
-70.63973
-76.10019
-78.62815
-76.73192
-75.37218
-77.44616
-82.60534
-76.26849
-71.82342
-79.03952
-83.60961
-78.58893
-73.30610
-76.88731
-81.41228
-77.71025
-79.51635
-78.05737
-81.74540
-78.25358
-75.54973
-78.05470
-82.44536
-78.10483
-74.42315
-76.91312
-82.81269
-76.94495
-72.64104
-77.07195
-84.46365
-77.44420
-75.32951
-78.10213
-80.40889
-78.84889
-81.58097
-79.32075
-82.33449
-78.85126
-71.10507
-75.57937
-78.98891
-77.00669
-74.25596
-75.99914
-78.45841
-76.59906
-72.33814
-73.80555
-78.00698
-75.99437
-78.25860
-76.44624
-78.63534
-76.32248
-78.03306
-75.85928
-77.20328
-74.84478
-75.22086
-76.03356
-77.28860
-76.61495
-70.60730
-74.99318
-80.15249
-79.02541
-75.31154
-76.46174
-82.01234
-80.34205
-71.10985
-75.41183
-84.13101
-79.90078
-74.61439
-75.47406
-85.89899
-79.41246
-81.95751
-78.45497
-81.20091
-80.52929
-76.33133
-77.21148
-82.59340
-81.80493
-74.47763
-73.40248
-77.09874
-75.61784
-71.60570
-72.82464
-77.81846
-75.37593
-72.75054
-75.91111
-78.54653
-76.93077
-77.78973
-77.96595
-77.64279
-78.26705
-70.70021
-73.01288
-78.62351
-77.53938
-75.05669
-74.79082
-79.25852
-78.26639
-74.55393
-74.58560
-83.45922
-79.68388
-83.47554
-80.87733
-84.12753
-82.41368
-84.48885
-83.40455
-82.68301
-82.70339
-78.63704
-82.97423
-82.00899
-89.18973
-72.95141
-73.86759
-81.28194
-81.06309
-77.01591
-76.66631
-82.70782
-85.97714
-73.70010
-74.17906
-85.89271
-85.36799
-77.89070
-75.12383
-87.06811
-84.78627
-78.20818
-72.05393
-72.07601
-72.51385
-71.43079
-71.25020
-72.36951
-73.06463
-71.09128
-70.83890
-72.31891
-73.01581
-70.18769
-70.00404
-71.85340
-72.54790
-69.79167
-68.58583
-69.22742
-69.22750
-69.11840
-69.32010
-68.96758
-69.54574
-68.03203
-68.59084
-71.34139
-71.07928
-70.74746
-69.90340
-71.03219
-71.27878
-70.23624
-70.04044
-73.09527
-73.07635
-73.39112
-73.28500
-73.19829
-73.48338
-72.86722
-72.79289
-72.13359
-73.20236
-71.37822
-72.06037
-71.58803
-73.14379
-70.16277
-70.59681
-76.90330
-77.53538
-74.63230
-73.69560
-75.57723
-78.69480
-73.34497
-70.57046
-77.29031
-78.43770
-75.99610
-72.49593
-76.51885
-78.28266
-76.46769
-73.97142
-72.60015
-73.91878
-72.07775
-71.97489
-72.67321
-74.22694
-72.28669
-71.51391
-72.94878
-75.02017
-71.83722
-70.56237
-73.11489
-74.83850
-72.31243
-70.16592
-70.73347
-71.31934
-70.79272
-71.26358
-70.45592
-71.48166
-69.82871
-68.11739
-71.65308
-72.32741
-71.73531
-70.45785
-71.55729
-72.39478
-71.47687
-69.58317
-71.20848
-72.38129
-71.88232
-72.18502
-71.42773
-72.19192
-71.53182
-72.73920
-71.74170
-72.84752
-71.39678
-72.08633
-72.33387
-73.48369
-71.88989
-69.22305
-72.76429
-74.73682
-73.74698
-72.82560
-73.44174
-75.73690
-73.56200
-70.15381
-76.38950
-81.11705
-78.44220
-73.48310
-75.47444
-81.67433
-76.93204
-77.32466
-75.38787
-77.50208
-76.23331
-74.31890
-75.38516
-78.88088
-77.06375
-73.71741
-75.05928
-79.00683
-76.02816
-71.99288
-73.93828
-78.18191
-75.01060
-72.82165
-74.85052
-76.78624
-75.96813
-77.18176
-76.40146
-77.35294
-76.68503
-70.16098
-71.89593
-74.66713
-73.60351
-72.16254
-73.18897
-75.28631
-74.50148
-70.88121
-71.34495
-75.11476
-74.21500
-73.14523
-70.90188
-72.12371
-71.13640
-71.81673
-71.13648
-71.87767
-71.30475
-71.06774
-71.33120
-71.61417
-71.86696
-69.28220
-73.44832
-77.66578
-77.72609
-74.55372
-75.07769
-78.50147
-78.44146
-71.39125
-73.04242
-79.66920
-78.07103
-74.70874
-73.67688
-79.99679
-77.30045
-77.72045
-77.04968
-78.11456
-78.06971
-74.92563
-75.43306
-79.39567
-80.02206
-75.11077
-75.03416
-79.75929
-80.37010
-73.26998
-73.91351
-80.97141
-79.22365
-74.83531
-74.47578
-77.28376
-76.52569
-77.12752
-78.17254
-76.80791
-79.88521
-71.71167
-72.56030
-79.32618
-78.75334
-75.53799
-74.11154
-78.07960
-78.36494
-74.62407
-73.38880
-82.05975
-79.43805
-81.70322
-80.64014
-81.85982
-81.61857
-81.42847
-81.80926
-80.58083
-82.61063
-77.69588
-82.34327
-80.32995
-87.37735
-73.55910
-72.69403
-81.79863
-82.76838
-78.43081
-76.39815
-81.46867
-86.29803
-74.50748
-73.07241
-83.27903
-83.44641
-78.64688
-74.63308
-82.31476
-82.23538
-81.47555
-81.63465
-79.48739
-83.82047
-77.59312
-76.25168
-80.20803
-84.64546
-78.03562
-76.04855
-80.83682
-87.10111
-76.64196
-73.92418
-80.60914
-83.96133
-77.19467
-75.61363
-79.41264
-81.15147
-80.09274
-83.91450
-80.27951
-88.07845
-76.31189
-72.32007
-79.39733
-80.71771
-78.46813
-75.31661
-78.69518
-80.56082
-77.64768
-73.80493
-78.34685
-79.80406
-79.07843
-79.88127
-78.58123
-80.36732
-78.61242
-80.70892
-78.42487
-81.43060
-77.19875
-78.66701
-78.24676
-81.98386
-75.97439
-72.39843
-78.20327
-80.96288
-78.97878
-76.49778
-78.78039
-83.74041
-77.22843
-72.26878
-79.02805
-82.26386
-79.70330
-74.96933
-78.76767
-83.79199
-80.27473
-82.14761
-78.91215
-82.49811
-79.41992
-77.59110
-79.01140
-84.07917
-79.90055
-76.57708
-79.21458
-85.54866
-79.17297
-74.05949
-78.17617
-83.95935
-78.61900
-76.79605
-79.33211
-81.99910
-80.72951
-83.36063
-81.16803
-84.16318
-80.35520
-73.85738
-79.63092
-83.37592
-81.67873
-77.83073
-79.94286
-83.84154
-81.88230
-75.86620
-78.41887
-84.13541
-80.85574
-84.68187
-80.85784
-84.78870
-81.83768
-84.59779
-82.33219
-85.49998
-80.80479
-80.95462
-83.00828
-85.61739
-82.88605
-74.28105
-78.66657
-84.51486
-83.49513
-78.84038
-80.59217
-85.85414
-83.54771
-74.65122
-79.12049
-89.09713
-83.76902
-78.66448
-78.98248
-90.93211
-84.03122
-85.10494
-81.25442
-83.84316
-83.76633
-79.81415
-80.69463
-87.20168
-86.22250
-79.38996
-80.14371
-88.99030
-85.86894
-77.14944
-79.24386
-90.30064
-85.32992
-78.99619
-80.80783
-86.22556
-84.76638
-87.64081
-87.92959
-87.62956
-92.16547
-76.36414
-79.42490
-89.06242
-84.28097
-80.77381
-80.33685
-86.43067
-85.69725
-80.03763
-78.43664
-86.59532
-83.87501
-89.03100
-86.91935
-90.31189
-88.46937
-90.79162
-90.92573
-87.16172
-86.40822
-83.76212
-89.58090
-88.77008
-102.10713
-77.80487
-78.50609
-88.79226
-88.49966
-82.31081
-80.22127
-84.99393
-89.24571
-77.70209
-78.20036
-91.47765
-89.28482
-83.37044
-80.70195
-97.44195
-92.07060
-91.44566
-85.81633
-84.92621
-90.60319
-82.93447
-82.78744
-92.87050
-107.63496
-84.02792
-81.69438
-89.03854
-92.19984
-81.27545
-80.59087
-95.32612
-100.27718
-83.63371
-81.75113
-85.83880
-86.93740
-87.23852
-92.36864
-87.46232
-113.10700
-80.52641
-78.74196
-90.34547
-90.52686
-86.17393
-83.36199
-96.88682
-110.72592
-87.59843
-79.42674
-86.02911
-87.20908
-89.36103
-90.12563
-89.75715
-95.22230
-90.55131
-98.71675
-87.51609
-90.72582
-85.18333
-92.64039
-91.39184
-107.40085
-83.34016
-75.92598
-80.69991
-80.50047
-78.66577
-78.22664
-80.02165
-82.57975
-78.15619
-75.88150
-80.34911
-80.61394
-79.35099
-76.83472
-79.71787
-80.33473
-80.02145
-81.62371
-80.91895
-82.98498
-81.96993
-83.62933
-82.20681
-85.05843
-81.68797
-79.42556
-80.25483
-82.96844
-78.08339
-76.44636
-82.14212
-83.40066
-80.82370
-79.53035
-81.84686
-82.51262
-81.77137
-82.86475
-81.97725
-83.98977
-80.51220
-76.26378
-79.98845
-80.49043
-79.95035
-80.95251
-80.49740
-81.39878
-79.67114
-76.66451
-78.90865
-80.94901
-80.11182
-80.23865
-79.19324
-80.16950
-79.28457
-80.40605
-79.38276
-80.37742
-77.59829
-77.37087
-79.86239
-80.33605
-79.57039
-76.40164
-79.55187
-80.41132
-79.12784
-80.38306
-80.07878
-81.22153
-79.97842
-77.07779
-80.09279
-81.50413
-80.33563
-79.35505
-80.91882
-83.34248
-81.68529
-82.40563
-80.78379
-81.53564
-81.03184
-82.69427
-82.12788
-83.18598
-82.61460
-80.07450
-81.23898
-85.20850
-81.50573
-76.72234
-80.99158
-84.13623
-82.42954
-80.35773
-79.98605
-80.78462
-80.52787
-81.60198
-81.20397
-81.66021
-81.41687
-77.48385
-80.23315
-82.89920
-81.38529
-82.45709
-82.03085
-83.20899
-82.85206
-79.96494
-79.47592
-82.75905
-82.20884
-84.42785
-83.45832
-84.44497
-83.69005
-84.78903
-83.41706
-85.70322
-84.10861
-80.06859
-83.92674
-83.43643
-84.74947
-79.19872
-80.18916
-83.03367
-81.54659
-82.98342
-83.73510
-83.55462
-86.04980
-78.09373
-75.78766
-77.51653
-76.95593
-76.49400
-76.05270
-77.33703
-76.61508
-78.72536
-79.87209
-80.06449
-80.76874
-80.47719
-79.92518
-79.90311
-80.17142
-79.88133
-79.78600
-80.25270
-80.11252
-79.27523
-79.79453
-79.59805
-80.01386
-79.61048
-78.87537
-78.78732
-79.23225
-79.18821
-79.18465
-79.43046
-79.61782
-79.34198
-78.71277
-78.59976
-78.70153
-78.78912
-78.80003
-78.90876
-79.08198
-79.38527
-78.92977
-78.88000
-79.60778
-79.58227
-79.40735
-79.30674
-79.63860
-79.89203
-79.99282
-80.12706
-80.34179
-80.36947
-80.57085
-80.09970
-80.12068
-80.49140
-79.41171
-79.90757
-80.10454
-79.92833
-80.54529
-80.77583
-81.04133
-81.45423
-81.83075
-82.13294
-82.24651
-82.29673
-81.93863
-81.95258
-82.34450
-82.76243
-82.66013
-81.94802
-82.48037
-82.96384
-83.34925
-84.12259
-84.41594
-84.55659
-84.82579
-85.09101
-85.38624
-85.59149
-85.39436
-84.99953
-85.46132
-85.75884
-84.95576
-84.51899
-85.89566
-86.65275
-87.49335
-86.70808
-85.18727
-86.60102
-87.71464
-88.70996
-88.79308
-90.10627
-89.98037
-89.55350
-89.69719
-88.48067
-86.29647
-84.98771
-87.29584
-89.77740
-91.01824
-93.05585
-93.07424
-95.17263
-94.58192
-93.06828
-92.69366
-94.03977
-92.27343
-88.60101
-89.64400
-91.88003
-88.66401
-85.69223
-88.25083
-90.08317
-94.29119
-94.58065
-97.58413
-92.89455
-87.75365
-88.18011
-91.65591
-92.42990
-93.32994
-91.20059
-96.41826
-90.81889
-74.82693
-73.24316
-73.73001
-73.55543
-73.95131
-73.75219
-74.05168
-73.70824
-73.86344
-73.80053
-74.10190
-74.01396
-74.44958
-74.51104
-74.77466
-74.39286
-74.93176
-74.82093
-75.04566
-75.14509
-75.23376
-75.04861
-74.97812
-75.02554
-70.51439
-69.17940
-69.39264
-69.33792
-69.31286
-69.29961
-69.48762
-69.50604
-69.53359
-69.48344
-69.57891
-69.57070
-69.08833
-68.81337
-69.04117
-69.02291
-69.08150
-69.13027
-69.13691
-69.15839
-69.34466
-69.34451
-69.39344
-69.38498
-70.60354
-71.47969
-71.41175
-71.34733
-71.43983
-71.69693
-71.51768
-71.67266
-71.55480
-71.73081
-71.66959
-71.83333
-71.69212
-71.35891
-71.19329
-71.21111
-71.25357
-71.10847
-70.96648
-70.89900
-70.99246
-70.97727
-71.07541
-71.17495
-71.48750
-71.82791
-71.95381
-72.20576
-72.11442
-72.29808
-72.43438
-72.54539
-72.66522
-72.62227
-72.90236
-72.82084
-73.45465
-74.16243
-74.27866
-74.29880
-74.58993
-74.71232
-74.88215
-75.19274
-75.48863
-75.55131
-75.81911
-76.09369
-76.43857
-76.78613
-76.88413
-77.14289
-77.37668
-77.62700
-77.62422
-78.03763
-78.35416
-78.46073
-78.65697
-79.03439
-78.86401
-79.09333
-79.04482
-80.31332
-76.35659
-73.02316
-73.39960
-73.28613
-73.13366
-73.36935
-73.17914
-73.37025
-72.65244
-71.38002
-71.43183
-71.42276
-71.40885
-71.60999
-71.78954
-71.81439
-71.64004
-71.45030
-71.36293
-71.48088
-71.17432
-70.85912
-70.95395
-70.82956
-70.83733
-71.00201
-71.07339
-71.08438
-71.48014
-71.62376
-71.69756
-71.44536
-72.28235
-74.47193
-74.37240
-74.55232
-74.43446
-74.54424
-74.46256
-74.79353
-73.97707
-72.46199
-72.45792
-72.40397
-72.68202
-72.81862
-72.91907
-72.82150
-72.87010
-72.68229
-72.77433
-72.86879
-72.71189
-72.09256
-72.21910
-71.99132
-73.01964
-76.68791
-76.89320
-76.98342
-77.04320
-77.01527
-77.22836
-77.38022
-77.29775
-77.20084
-77.30698
-77.28139
-77.34494
-77.20814
-77.44579
-77.56625
-77.78709
-77.70662
-77.79737
-77.98878
-77.93929
-77.82861
-77.74249
-77.83849
-78.00857
-77.79818
-77.94970
-78.03013
-78.01510
-77.98057
-78.13967
-78.34806
-78.48195
-78.64015
-78.65918
-78.81975
-78.98862
-79.03622
-79.33768
-79.59965
-79.51011
-79.74974
-79.78383
-80.04674
-80.32514
-80.32824
-80.41077
-80.69491
-80.84215
-81.19031
-81.28399
-81.48759
-81.73481
-82.00614
-82.16098
-82.16884
-82.37268
-82.53955
-82.77236
-82.95205
-83.25416
-83.38540
-83.83817
-84.07677
-84.25314
-80.82427
-79.64470
-79.94435
-80.01562
-80.04811
-79.88566
-80.16016
-80.02655
-80.86379
-80.71143
-81.00945
-80.75334
-81.31989
-81.18337
-81.09318
-81.29780
-83.05435
-83.93706
-83.98743
-83.87386
-84.10236
-84.00255
-84.28717
-83.30053
-74.52183
-72.81359
-73.24582
-72.92880
-73.42093
-73.18130
-73.40842
-73.41570
-73.65939
-73.77748
-73.85257
-73.71728
-73.90391
-74.15549
-73.92610
-74.33788
-71.05094
-69.34083
-69.65765
-69.45304
-69.70874
-69.46198
-69.75603
-69.69445
-70.44557
-70.71014
-70.61283
-70.83111
-70.86762
-70.70553
-70.73888
-70.99609
-70.68470
-70.96558
-70.85914
-70.98329
-70.55982
-70.40686
-70.41150
-70.73308
-69.30876
-68.08381
-68.13029
-68.02571
-68.29764
-68.17134
-68.21977
-68.18584
-68.11332
-68.19092
-68.13327
-68.22092
-68.76768
-69.08230
-69.04040
-69.19595
-69.27299
-69.22000
-69.21725
-69.29248
-69.36390
-69.33359
-69.52832
-69.38778
-70.55437
-71.59721
-71.38379
-71.46473
-71.09035
-71.23449
-71.39849
-71.30513
-71.44756
-72.12683
-71.87766
-72.01844
-71.64568
-71.17626
-71.36437
-71.30484
-71.42716
-71.47987
-71.62754
-71.55631
-71.77787
-71.98437
-72.07749
-72.16164
-72.15711
-72.19785
-72.40843
-72.49634
-72.65394
-72.88125
-72.97930
-73.12536
-73.18149
-72.97264
-73.22301
-73.17512
-73.55538
-73.99827
-74.22482
-74.09328
-75.52404
-78.40737
-78.00050
-78.47748
-78.11941
-78.36166
-78.09587
-78.65538
-76.26481
-73.21687
-73.13166
-73.26980
-73.27695
-73.15648
-73.22117
-73.46051
-73.07737
-72.01770
-71.98560
-72.03664
-72.07737
-72.19954
-72.10170
-72.25112
-72.03412
-71.80588
-71.80306
-71.93467
-72.18432
-71.79806
-71.62673
-71.47204
-71.24886
-71.24895
-71.21759
-71.46691
-71.72509
-71.48640
-71.53155
-71.20553
-71.72692
-73.93609
-74.27990
-74.21577
-74.32583
-74.28065
-74.28184
-74.31424
-74.24132
-73.96915
-73.89077
-73.81951
-74.00824
-74.26245
-74.35262
-74.55124
-74.59864
-74.69725
-74.59225
-74.75105
-74.73307
-74.87063
-74.86262
-75.16897
-74.65712
-72.68936
-72.55754
-72.54598
-72.53562
-72.31485
-72.19980
-72.34977
-72.36978
-72.54040
-72.29709
-72.50543
-72.54880
-72.14957
-72.07120
-72.21689
-72.40271
-72.53795
-72.58608
-72.62827
-72.70795
-72.86696
-73.08215
-73.04422
-73.27510
-73.60995
-73.84700
-73.70857
-73.62401
-74.04993
-74.11129
-74.23622
-74.45960
-74.62002
-74.63885
-74.76457
-75.00256
-75.45122
-75.46202
-75.77821
-75.90889
-75.98775
-75.97892
-76.23800
-76.17476
-76.53345
-76.65626
-76.98461
-77.18555
-77.00893
-76.94422
-77.29901
-77.38227
-77.53342
-77.93077
-77.82351
-78.04596
-71.19531
-69.36757
-69.70339
-69.49419
-69.58861
-69.52745
-69.64242
-69.66224
-71.15086
-71.74220
-71.69760
-71.75923
-71.65870
-71.76231
-71.72340
-71.82033
-73.54848
-74.47868
-74.25307
-74.47762
-74.47926
-74.51823
-74.57764
-74.45228
-74.57592
-74.37862
-74.58798
-74.19924
-74.69220
-74.51101
-74.94722
-74.77537
-74.24738
-73.65465
-74.65720
-74.16359
-74.80600
-74.75700
-74.71712
-75.76398
-70.68718
-72.03844
-76.44598
-75.94143
-68.65993
-71.06200
-78.98678
-75.45550
-77.59237
-75.83676
-78.20494
-76.91727
-78.69184
-79.04544
-78.76376
-81.05066
-69.10604
-71.07075
-80.27210
-76.62961
-79.85565
-80.23413
-79.32679
-80.78885
-72.54136
-71.96235
-81.04108
-77.94190
-81.76620
-79.22894
-81.54382
-80.65676
-81.33929
-79.26674
-80.32234
-80.67670
-79.88077
-82.26163
-79.33606
-88.04991
-69.66124
-70.43214
-81.17765
-78.43137
-80.69817
-82.28011
-80.36892
-89.97384
-69.98199
-70.01283
-83.79588
-81.82906
-75.25989
-72.05970
-84.92689
-80.83934
-81.70728
-78.28305
-81.05180
-83.05538
-83.08351
-88.82215
-83.06945
-106.71090
-75.72019
-73.51185
-81.87477
-91.03566
-75.33663
-72.46015
-85.37481
-90.51005
-75.15390
-75.26731
-83.26858
-83.31111
-84.03351
-91.15978
-83.86754
-93.62748
-73.42435
-70.67702
-85.08320
-81.21916
-83.72829
-87.34483
-83.70807
-97.43990
-76.63755
-70.27957
-82.06135
-83.14375
-85.48847
-87.24897
-87.10565
-92.59531
-86.90767
-85.16133
-83.02066
-90.23944
-82.47904
-93.43892
-82.11255
-96.78944
-74.58197
-69.65305
-82.44126
-84.90016
-82.54214
-90.24500
-83.87858
-120.67003
-79.24076
-71.81019
-79.00902
-95.57123
-74.39988
-69.33190
-83.26745
-88.41021
-82.89888
-80.02282
-79.56631
-87.14312
-82.45762
-95.56627
-83.34535
-111.15674
-79.99443
-72.18631
-78.45186
-96.31803
-77.99362
-71.58383
-78.68641
-95.22366
-77.55011
-74.35218
-81.81509
-86.76186
-84.21771
-90.90749
-85.85075
-94.68255
-80.71489
-71.28078
-77.50537
-86.62971
-82.53804
-90.47130
-83.89026
-95.03601
-82.37507
-71.22229
-77.43587
-86.63306
-82.80184
-92.02371
-85.25859
-99.28433
-86.91891
-87.19634
-81.39226
-87.75740
-81.51223
-83.98480
-81.82990
-92.05544
-80.69853
-68.29077
-75.98447
-85.60033
-81.55422
-89.13592
-83.98544
-93.06834
-85.13441
-71.04977
-75.52591
-88.61437
-81.80735
-73.53550
-76.88095
-97.30713
-82.74391
-82.38013
-78.09029
-87.24395
-81.95342
-92.07552
-85.35155
-94.41722
-89.83842
-73.34515
-76.16579
-86.64303
-82.39694
-71.47962
-75.04372
-95.95712
-81.05054
-73.38157
-78.00764
-87.41000
-82.48260
-89.15282
-84.70470
-87.83947
-87.65304
-72.27055
-74.34570
-85.33963
-81.90686
-87.12138
-84.37029
-86.77356
-91.53237
-72.07306
-73.39569
-88.43982
-81.34338
-92.68421
-85.68608
-94.20119
-87.97752
-86.97879
-80.55845
-84.43751
-83.39744
-81.87223
-83.96704
-84.65500
-94.27084
-69.68781
-72.82703
-89.21344
-82.59376
-88.54834
-87.07184
-87.39704
-103.94350
-72.76443
-73.27287
-83.94179
-83.88150
-73.67575
-73.70646
-97.68525
-83.83505
-81.15625
-73.81480
-75.74232
-75.00085
-76.22858
-76.88002
-76.36318
-77.82678
-71.95220
-72.03088
-75.50620
-76.53812
-70.42998
-70.61299
-76.13526
-75.65926
-71.10331
-71.87794
-74.95425
-74.23146
-74.52851
-74.85464
-74.10128
-76.25863
-70.56955
-69.73293
-75.05679
-73.88085
-75.35930
-76.53519
-76.05164
-77.92969
-72.16389
-70.35926
-78.00100
-76.52966
-76.87771
-76.81521
-77.21726
-78.15316
-77.00168
-75.49635
-75.58125
-76.54430
-74.70457
-77.15819
-74.86434
-80.12607
-69.68905
-68.62354
-76.75492
-75.17593
-76.35480
-77.02471
-76.15612
-78.77148
-72.24759
-70.15700
-75.70984
-76.47278
-73.27022
-70.91448
-76.62334
-76.77891
-75.31711
-74.60576
-75.28106
-76.68559
-75.96775
-78.55043
-76.01853
-80.10182
-74.02346
-71.30980
-75.13634
-79.10670
-72.90199
-70.39779
-76.37856
-79.75558
-73.38511
-72.23007
-76.25304
-77.06814
-76.64523
-78.06063
-75.98140
-78.81884
-74.04367
-69.80773
-75.02154
-76.54979
-75.99469
-77.04612
-75.81699
-77.86850
-74.06541
-69.77398
-74.96770
-77.14923
-76.32747
-77.47860
-76.36929
-77.94477
-76.54042
-77.20110
-75.49781
-78.54096
-75.61176
-78.10074
-76.03786
-80.76107
-73.57264
-68.15207
-76.32667
-79.12067
-78.11283
-81.44298
-79.19062
-84.38843
-77.86977
-70.79391
-75.87684
-81.27098
-77.56871
-71.46544
-76.44932
-83.39224
-77.97508
-78.73132
-78.20008
-84.37789
-79.49201
-83.88910
-78.78811
-82.66658
-78.38026
-71.83017
-74.61759
-82.87538
-77.63628
-70.53762
-74.63351
-84.37630
-76.44994
-72.80750
-76.84150
-79.58767
-78.39985
-81.98396
-80.03550
-82.79234
-80.08306
-70.24002
-73.35099
-78.35970
-76.53094
-79.05173
-77.23146
-78.97712
-77.42048
-70.21476
-72.53522
-78.17892
-75.82582
-78.24961
-76.38556
-78.29420
-76.51173
-76.79306
-74.74457
-77.25844
-75.72062
-76.49656
-76.30487
-77.74559
-77.11016
-68.02507
-73.10983
-81.13169
-77.89308
-81.84373
-79.98984
-82.12328
-82.21820
-70.76340
-73.03705
-79.56015
-77.89094
-72.31456
-73.68237
-83.82444
-78.56922
-78.49492
-75.57458
-79.95799
-78.57207
-81.43733
-80.83065
-81.29047
-83.59066
-72.22070
-71.78738
-76.99758
-76.18564
-70.69305
-71.54222
-77.86638
-75.55248
-71.46202
-74.13254
-78.00913
-77.06274
-78.43226
-78.09109
-77.70718
-79.48698
-70.49191
-70.64762
-76.96039
-75.75845
-77.17415
-77.20824
-78.02793
-79.66923
-71.72733
-71.49034
-80.61775
-78.32826
-82.19039
-80.28085
-82.78022
-81.98604
-80.42701
-77.39121
-78.68142
-80.02990
-77.81277
-80.37105
-78.84859
-86.87261
-70.07934
-70.64917
-81.37628
-78.57584
-81.34947
-81.94001
-80.15130
-86.10061
-72.71559
-71.45403
-78.86950
-80.36687
-74.23650
-72.06185
-83.73821
-81.38589
-78.28600
-73.09189
-73.63697
-74.20587
-74.60086
-76.63631
-75.09086
-77.55167
-71.51591
-70.31014
-73.89130
-75.93268
-70.78436
-69.77828
-74.48402
-75.51901
-70.82005
-69.56211
-72.26467
-72.75329
-71.98439
-71.98543
-71.42162
-73.27911
-70.54644
-68.99778
-73.20231
-73.49025
-73.52622
-73.81199
-73.09505
-75.04295
-71.08305
-69.01011
-75.07231
-76.31151
-76.16840
-75.54810
-75.40346
-76.26559
-75.28764
-74.39401
-73.94081
-75.96368
-73.62495
-74.88644
-73.12420
-76.71692
-70.35552
-68.65148
-78.07421
-78.77416
-78.29744
-79.82097
-78.00101
-83.45276
-75.41329
-70.33643
-76.05797
-79.14350
-75.21898
-71.04348
-77.24788
-80.73043
-77.08147
-74.40572
-73.80436
-76.34453
-74.85332
-77.35916
-74.66843
-77.76481
-73.89471
-70.46722
-73.43483
-77.47263
-72.81249
-69.84664
-73.92641
-78.40856
-73.44646
-70.54129
-72.51178
-73.40296
-73.06928
-73.90416
-73.03457
-74.20136
-72.60784
-68.73603
-71.90421
-74.43071
-73.57238
-74.67154
-73.54142
-75.14147
-73.15593
-68.93277
-72.67703
-75.96828
-74.13764
-74.46859
-73.45639
-74.85873
-74.26154
-74.77300
-73.43048
-75.33430
-73.38665
-75.10006
-74.27370
-76.53740
-73.44319
-67.27726
-72.77048
-76.04322
-74.47720
-76.76691
-75.66296
-77.67365
-75.86258
-70.13129
-73.79613
-78.38705
-76.66661
-71.75255
-74.51610
-81.65409
-76.91749
-76.59617
-74.46528
-78.36387
-76.77414
-80.01130
-78.12209
-81.16287
-80.10926
-71.94371
-73.77837
-80.54510
-77.29270
-69.96177
-72.53765
-80.21030
-76.00866
-71.93051
-74.49926
-78.49543
-76.82156
-79.26700
-77.95407
-79.38012
-78.50468
-69.70649
-70.99719
-75.20344
-73.72529
-75.38181
-75.39395
-75.92832
-76.63642
-69.86500
-70.92649
-76.51943
-74.24942
-75.57178
-73.40857
-74.95429
-74.01950
-74.10001
-72.78981
-73.85633
-73.48057
-73.18621
-73.96595
-73.65816
-74.77974
-67.98142
-71.36783
-79.80807
-77.33489
-79.67515
-78.99287
-79.25347
-81.71866
-71.42465
-71.88458
-77.93166
-78.05330
-73.00128
-72.17965
-81.74003
-77.60432
-77.52368
-74.74018
-77.72724
-77.44284
-78.86662
-79.56270
-79.00520
-82.58193
-72.49376
-72.62071
-77.75963
-79.45218
-71.58588
-72.25858
-80.27988
-80.10673
-72.53410
-72.98024
-78.88029
-77.00129
-78.36969
-79.05053
-78.52182
-81.97156
-72.39370
-70.96651
-78.33594
-77.14097
-78.41537
-78.39710
-77.47326
-81.18710
-72.90453
-70.68320
-80.02175
-78.94163
-82.07950
-81.56229
-81.81615
-82.83664
-80.51213
-78.30158
-77.49539
-80.13271
-77.28956
-80.96449
-78.15394
-89.59092
-71.45599
-69.74993
-81.57125
-80.38116
-80.97302
-82.98125
-80.58010
-89.48608
-74.68491
-70.99324
-78.11107
-79.91772
-74.40143
-71.41559
-81.29287
-81.81114
-79.11636
-73.62834
-72.85467
-74.01115
-73.47344
-75.83448
-74.23750
-77.15099
-72.31545
-70.17782
-73.28655
-75.71116
-71.86539
-70.55054
-74.13605
-76.38527
-71.57604
-70.67963
-73.73848
-74.05346
-73.98809
-74.80373
-73.34591
-75.34559
-71.80895
-68.42787
-72.64029
-72.98201
-73.13296
-75.08637
-74.10361
-76.52703
-72.78463
-68.97491
-74.29756
-76.25402
-75.05829
-75.83229
-75.25209
-76.80064
-75.48797
-74.46992
-73.44158
-75.73374
-73.35918
-75.05771
-73.56789
-76.84589
-71.83327
-67.61465
-73.59500
-75.03050
-74.29430
-76.53016
-74.89425
-77.81523
-73.99232
-68.14617
-71.87961
-74.81683
-72.91740
-69.65815
-73.27447
-76.06662
-73.96352
-74.13163
-73.30695
-76.13685
-74.30443
-77.12299
-74.81599
-77.54216
-75.26600
-70.62860
-73.15939
-77.14123
-73.94905
-70.10411
-73.00414
-78.41209
-73.96503
-70.99263
-74.06490
-76.16348
-75.19215
-76.47852
-75.65816
-76.81935
-75.90554
-69.36805
-71.43629
-75.11141
-74.07632
-75.75046
-74.39671
-75.86238
-74.73711
-69.63325
-72.09164
-76.38337
-74.88006
-76.22853
-74.98133
-76.67405
-75.41168
-75.78655
-74.52151
-76.30816
-75.16455
-76.10623
-75.65711
-77.27760
-76.13709
-68.12702
-73.02620
-79.45371
-76.76129
-79.43557
-78.08477
-79.22579
-79.37448
-70.67065
-72.16597
-77.90270
-77.33698
-71.88424
-73.20643
-82.33324
-77.31665
-77.05582
-74.20907
-77.62729
-76.79045
-78.44734
-77.59829
-78.70555
-79.91770
-72.34999
-72.95349
-77.73215
-78.52932
-71.27147
-72.20173
-80.48404
-77.93386
-71.91288
-74.10188
-78.53540
-76.94200
-78.90681
-78.33667
-78.25620
-80.27650
-70.59543
-70.40289
-76.41034
-74.99653
-76.71311
-76.27202
-76.28124
-77.94579
-71.01929
-70.65329
-76.83828
-75.09809
-76.93011
-75.84841
-76.74934
-76.17395
-75.90999
-74.74235
-75.39079
-75.77745
-75.00981
-76.09593
-75.08719
-78.62006
-69.58138
-70.42350
-78.76989
-77.07116
-78.63704
-79.11822
-78.27137
-82.84816
-71.81848
-71.07947
-78.20199
-79.19291
-73.89990
-71.88582
-80.34818
-78.33085
-78.33250
-75.85297
-77.57494
-78.60559
-78.46448
-81.18340
-79.05585
-84.82179
-73.85504
-70.94630
-74.41490
-75.94710
-71.89389
-71.23659
-75.96900
-77.04884
-71.81880
-71.63438
-75.06185
-75.15702
-75.58006
-76.72091
-75.46311
-78.23811
-72.72835
-70.12022
-75.85759
-76.17390
-76.55457
-76.54178
-76.03206
-78.72449
-73.41962
-70.70295
-79.13594
-79.87560
-80.36722
-80.77495
-80.11121
-82.39322
-80.16403
-80.05211
-78.34546
-82.43801
-77.86130
-81.72273
-78.50103
-89.83326
-73.02186
-68.96473
-79.64426
-80.74603
-80.60837
-84.01078
-79.84718
-88.66466
-75.51542
-70.27335
-76.85197
-80.47359
-76.12620
-70.93796
-78.91068
-82.64748
-79.23519
-74.43654
-72.28350
-74.13066
-72.77672
-75.62238
-73.77901
-76.69672
-72.60682
-69.66909
-72.80023
-75.94104
-72.37373
-69.53450
-72.99291
-75.72030
-72.37640
-70.45761
-71.90931
-73.21579
-72.35384
-72.57369
-71.58634
-72.77531
-71.63913
-68.89647
-71.83844
-73.60749
-73.00761
-73.93364
-72.84289
-74.15218
-72.69493
-68.80879
-73.02317
-76.45650
-75.44551
-76.21413
-74.87143
-76.19295
-74.99241
-75.45403
-73.80241
-76.10725
-74.33741
-75.43747
-74.02164
-76.17927
-73.09057
-67.47723
-73.96169
-78.59361
-76.37529
-78.81602
-77.38233
-79.67320
-77.16689
-69.81879
-72.39449
-76.31690
-74.56688
-70.30257
-73.40839
-79.90813
-76.22456
-76.17452
-73.54124
-76.00103
-74.34978
-76.44160
-75.28811
-76.74640
-75.75961
-70.99425
-72.68045
-76.21124
-74.26993
-70.19638
-72.42558
-77.51963
-74.78637
-70.86927
-71.90915
-73.81483
-73.03704
-73.73778
-73.35835
-73.72523
-73.96682
-68.85046
-69.97181
-73.50692
-72.51609
-73.68116
-73.09738
-73.91296
-74.02780
-69.50038
-71.03029
-75.57622
-74.09526
-74.35319
-72.46066
-73.71677
-73.38253
-73.99962
-73.17329
-74.42458
-73.88698
-73.96055
-74.63516
-74.55621
-75.68627
-68.25103
-70.27097
-74.99375
-73.43792
-74.92405
-74.51713
-74.83482
-75.73305
-69.88995
-71.19040
-77.16122
-77.42685
-72.06634
-71.97321
-80.35088
-75.92260
-76.72942
-75.13866
-77.24089
-76.56189
-77.37946
-77.88641
-77.05700
-79.33927
-71.91719
-72.46097
-77.90519
-80.23636
-72.04377
-71.82299
-79.04186
-77.60640
-72.89315
-74.24845
-78.73922
-77.35251
-77.64944
-77.56416
-77.14124
-80.06721
-71.89666
-70.17479
-76.12396
-74.99811
-75.51672
-75.94316
-75.50807
-76.67152
-71.12387
-70.19752
-76.11381
-75.27444
-75.86480
-73.93401
-74.10584
-74.11800
-73.71480
-73.71370
-73.32124
-74.26355
-72.79162
-74.18896
-73.01392
-76.10088
-69.03497
-68.72421
-76.27199
-75.31711
-76.12044
-77.43120
-76.45087
-80.62724
-72.73915
-69.47345
-74.92680
-75.95482
-72.57015
-70.55595
-77.37499
-77.97817
-76.96066
-76.30742
-76.14680
-77.68227
-76.88916
-79.88130
-77.06941
-81.35832
-74.34222
-71.52194
-75.72882
-80.65254
-73.37253
-70.48937
-76.85448
-81.07909
-74.17207
-72.55618
-76.77439
-77.24052
-76.68468
-78.05589
-76.89067
-80.03220
-73.97473
-70.16465
-76.49475
-78.00019
-76.85878
-78.36438
-77.13730
-79.45512
-74.80534
-70.13603
-75.39690
-77.68389
-77.44288
-79.07342
-78.09773
-80.95824
-78.26761
-80.34802
-77.97469
-81.97543
-77.40690
-80.31380
-78.29914
-84.52515
-74.69161
-68.41925
-76.47275
-80.05717
-78.09299
-81.16671
-78.23159
-82.11995
-76.68377
-70.55750
-76.64515
-82.08257
-77.76798
-71.57418
-77.13554
-81.94034
-80.71602
-83.28241
-80.07039
-82.72435
-81.33005
-82.76482
-81.15862
-84.29224
-82.41023
-84.05511
-82.25204
-82.93963
-82.22992
-82.68722
-82.76910
-84.13953
-83.77640
-83.24069
-82.22669
-81.15207
-81.29895
-82.17448
-83.44965
-83.13511
-83.88429
-81.96248
-81.76333
-81.34036
-81.69719
-81.21888
-82.07543
-81.44328
-81.61326
-80.93130
-80.41090
-80.97612
-81.98626
-81.88335
-81.67345
-81.76558
-81.91486
-82.24101
-82.22758
-82.53147
-82.44234
-82.47523
-81.82187
-81.99622
-82.49421
-83.06633
-81.91190
-81.91492
-82.40931
-82.74175
-83.20594
-83.41802
-83.83852
-83.88873
-83.93172
-83.78776
-83.81485
-84.34882
-83.61734
-82.71764
-83.58455
-83.29414
-82.20949
-82.47107
-83.49607
-83.84845
-84.11626
-84.55690
-85.31621
-85.28337
-85.11923
-85.18273
-85.95327
-86.45664
-85.12944
-84.25867
-84.83511
-84.77968
-81.98281
-81.86179
-83.00732
-83.39507
-84.15340
-84.75293
-85.13876
-85.50996
-85.56364
-85.51147
-85.23086
-84.87651
-84.50240
-84.06768
-84.35750
-83.66433
-83.79654
-83.22942
-83.57624
-85.21429
-85.29414
-86.13599
-86.78208
-85.79513
-86.93399
-86.84514
-86.60651
-87.26625
-86.09916
-85.35423
-85.36082
-86.53073
-84.04341
-84.72837
-85.15041
-85.43715
-87.29895
-86.28120
-87.35083
-88.42984
-89.50946
-88.57852
-88.31882
-88.31598
-87.34339
-86.51758
-87.60285
-87.88776
-84.55360
-83.55820
-85.02466
-85.35248
-86.64348
-87.08273
-88.52890
-89.24315
-89.93252
-89.54303
-89.42587
-89.89698
-87.07325
-87.16902
-87.56962
-89.28384
-82.06392
-79.77148
-81.60672
-82.60565
-84.20285
-85.05955
-86.25592
-87.66934
-88.39611
-89.52858
-89.06459
-87.17320
-84.51708
-82.71000
-83.88839
-84.59676
-84.85110
-84.67026
-86.45572
-87.34756
-88.50194
-89.28634
-89.85957
-91.13807
-89.69452
-88.88871
-90.21379
-91.63075
-89.18362
-89.64187
-90.63153
-93.30029
-89.35041
-86.38760
-86.92395
-87.63958
-89.48107
-90.46021
-91.98819
-91.33792
-91.41593
-93.12164
-94.60401
-94.16574
-89.23379
-89.60037
-90.80543
-93.21481
-89.32725
-85.29326
-87.08165
-88.39736
-91.06099
-91.54988
-94.88122
-93.64633
-95.69026
-93.84372
-87.66025
-87.39948
-86.99465
-88.59215
-89.11560
-91.20077
-88.41388
-86.51323
-88.31871
-90.10697
-91.75689
-93.53880
-93.49279
-93.07134
-94.41612
-95.04304
-96.60675
-91.56830
-90.79399
-94.09752
-95.42869
-100.22862
-92.04906
-86.31201
-88.14108
-92.01238
-94.40328
-91.29204
-91.70123
-93.18922
-93.74022
-95.36686
-94.08160
-89.36125
-90.04887
-92.30070
-93.40832
-96.55307
-84.73328
-81.76219
-82.43740
-82.81617
-83.15292
-83.43186
-83.78927
-83.74248
-83.50119
-83.50956
-82.82703
-82.60216
-82.63502
-83.03122
-83.36137
-84.22418
-83.26983
-78.40705
-78.27795
-79.93561
-81.05862
-80.92062
-80.70840
-83.18378
-84.29318
-85.20499
-84.67100
-85.88121
-83.32616
-80.41984
-81.09192
-81.43764
-81.32922
-79.35431
-80.51104
-82.06621
-82.65197
-84.13006
-84.85913
-86.43527
-83.19349
-82.29863
-80.62216
-79.95564
-80.60594
-81.05332
-81.51807
-81.66168
-81.53358
-79.91408
-80.08836
-80.48964
-80.60244
-81.29581
-81.72235
-81.96109
-82.27975
-81.46604
-80.33346
-80.65744
-80.76923
-81.04829
-81.56499
-82.05083
-82.79109
-80.84363
-80.68183
-81.55632
-82.39009
-83.18688
-83.39265
-83.76368
-83.92320
-83.80828
-81.80422
-82.63712
-83.38347
-83.24270
-83.35604
-83.42016
-83.98635
-82.39317
-82.26060
-83.08996
-83.57452
-84.49021
-84.91066
-85.24830
-85.25655
-85.61204
-84.23715
-84.61912
-85.13564
-85.35161
-86.11435
-86.20626
-86.01119
-82.25677
-82.04636
-82.94379
-83.45545
-84.23572
-85.21732
-85.70087
-86.00414
-85.99446
-83.75672
-83.20953
-83.76194
-83.23359
-83.08312
-84.03845
-84.03575
-86.07369
-84.53334
-83.53448
-85.82840
-84.24878
-85.98842
-87.41397
-85.95257
-87.00297
-84.46540
-85.77657
-86.88009
-85.89017
-88.26916
-86.96138
-87.10881
-88.22848
-86.29019
-87.81044
-87.36076
-86.40067
-86.78493
-87.89046
-84.00673
-78.81635
-78.84017
-78.51715
-78.57407
-78.53021
-78.89049
-78.63829
-79.52359
-82.77941
-82.32379
-82.55398
-82.34865
-82.58161
-82.52959
-82.62031
-82.50644
-82.70524
-82.58994
-82.63321
-82.65266
-82.38038
-82.50161
-82.48508
-82.55819
-82.15490
-82.37860
-82.39246
-82.51078
-81.74448
-80.77510
-81.13693
-81.32952
-80.95558
-81.48681
-81.80933
-81.77670
-81.76482
-82.07418
-82.26664
-82.34226
-82.58351
-82.74212
-83.12566
-83.25075
-82.95971
-82.08746
-82.22985
-82.69521
-82.92680
-83.07572
-83.30397
-83.66245
-83.98181
-84.17779
-84.45013
-84.59255
-84.38189
-84.65010
-84.88966
-85.01920
-85.15819
-85.27222
-85.36434
-85.14008
-86.06016
-87.98914
-88.09299
-88.15238
-88.27453
-88.56568
-88.47779
-88.72480
-88.37980
-87.25201
-86.97829
-86.98671
-87.45228
-87.80258
-88.28252
-88.45683
-88.70644
-88.26507
-88.38241
-89.47789
-90.81915
-91.70560
-91.38277
-92.43566
-90.02365
-88.10991
-89.38927
-90.34268
-91.42633
-91.95052
-92.83010
-93.21810
-94.05274
-94.49546
-95.25769
-94.67471
-91.77764
-93.66785
-93.46375
-96.13748
-92.61104
-86.88080
-88.64092
-90.93954
-92.74773
-95.58269
-98.27379
-96.45682
-96.22203
-97.08489
-90.14640
-90.76188
-92.47824
-93.82099
-95.96300
-99.61203
-96.64387
-88.19523
-89.92940
-90.02891
-90.82343
-93.68477
-97.30565
-95.79080
-87.43106
-87.88595
-89.22743
-89.72411
-91.52057
-92.71886
-93.99480
-95.62624
-98.48402
-99.87886
-99.79371
-98.43909
-95.11361
-94.95310
-97.70981
-100.52812
-103.99765
-103.80686
-106.45627
-108.22320
-109.39794
-109.91077
-105.07682
-105.99125
-110.36527
-114.09021
-110.35162
-107.79818
-108.81932
-109.13368
-113.84640
-118.50830
-123.71845
-128.84479
-134.51649
-136.58722
-137.43683
-137.69000
-135.27257
