-98.53290
-75.38203
-70.88266
-74.00564
-75.56135
-78.57683
-80.84300
-85.29192
-89.71679
-91.52440
-98.54977
-76.61317
-72.42820
-74.91576
-76.24188
-77.62340
-81.96933
-75.70838
-72.83840
-75.61046
-76.78741
-78.21983
-75.97893
-75.42117
-74.12233
-72.91046
-72.11259
-72.80523
-75.28015
-76.66628
-80.42511
-81.50354
-87.34173
-76.71897
-71.78687
-73.82918
-74.44010
-76.29711
-79.49577
-80.78527
-84.34252
-85.06955
-89.39533
-82.62667
-74.10194
-73.98628
-76.46302
-77.90915
-81.68857
-76.27197
-73.20631
-76.44139
-78.21286
-79.95782
-76.71607
-77.39195
-80.84361
-82.72480
-88.51301
-76.99514
-75.61670
-77.24985
-81.78244
-82.59882
-85.71930
-77.71713
-69.83634
-71.31569
-72.57204
-74.15177
-75.95906
-77.40304
-77.92239
-78.60977
-79.74501
-80.41609
-78.37452
-73.21235
-75.44403
-76.67400
-80.57610
-77.36435
-73.60320
-74.82811
-77.11445
-79.33809
-71.55729
-70.60446
-72.08051
-73.89827
-75.41887
-74.66845
-77.51722
-80.37174
-84.36257
-83.08700
-85.86663
-79.34416
-71.31883
-72.54279
-74.67051
-76.67079
-79.03701
-81.38676
-85.43741
-86.70126
-95.02283
-75.90806
-73.60496
-76.00952
-78.72044
-80.38941
-83.30732
-80.57345
-72.45277
-74.11571
-75.26249
-74.30285
-76.07580
-78.22793
-80.04458
-80.09071
-83.42306
-77.79988
-74.90550
-76.46696
-78.91091
-79.50379
-84.04232
-82.83147
-73.00090
-71.59978
-72.74629
-73.52800
-74.53435
-75.89548
-78.30002
-79.12316
-80.26129
-78.19673
-74.66509
-74.46674
-77.72361
-78.55974
-82.54195
-80.67239
-72.80509
-73.83283
-77.34413
-78.38176
-72.19980
-71.43035
-75.12269
-76.51122
-79.11828
-74.83791
-76.22258
-78.28271
-84.84877
-83.89972
-75.46325
-76.79695
-72.94187
-72.59196
-73.61283
-75.14654
-78.32116
-79.18920
-82.20840
-82.28354
-81.68479
-74.47383
-74.57478
-77.32429
-79.93700
-81.39873
-82.98817
-84.09501
-73.59481
-72.67812
-73.55108
-73.08095
-75.21423
-75.58340
-76.97227
-78.16751
-79.91392
-81.47983
-82.05548
-84.05468
-77.62213
-74.98673
-76.47070
-78.88034
-72.60597
-71.45474
-74.95491
-75.78537
-78.13927
-79.83009
-82.39974
-84.43300
-82.88582
-79.50437
-75.59079
-74.12218
-75.80490
-76.76839
-78.47945
-81.37099
-76.52310
-75.43581
-77.29506
-77.62852
-80.61233
-78.78670
-81.60100
-82.12633
-85.39003
-78.97907
-75.74011
-78.36349
-77.94926
-81.51566
-81.56724
-88.53111
-72.97089
-70.22104
-72.71176
-73.03410
-75.11616
-77.42055
-79.13459
-81.53555
-83.99539
-87.99660
-83.08246
-73.31883
-73.97388
-75.65431
-76.69252
-79.18144
-77.61557
-75.73474
-75.89202
-75.79974
-75.99230
-74.71921
-74.03493
-74.06938
-74.40003
-74.38078
-75.12685
-76.22259
-75.62481
-74.91025
-73.05171
-73.36687
-68.65729
-65.58255
-67.36726
-68.02165
-68.03438
-69.11686
-70.10337
-72.36767
-73.13415
-76.08611
-71.91507
-68.73080
-69.93771
-72.35026
-72.83758
-77.69768
-70.70805
-65.28956
-67.68759
-69.33170
-70.13834
-68.80581
-70.56084
-72.66811
-74.64065
-77.45065
-71.24183
-69.64582
-69.29935
-68.57708
-68.91250
-69.75480
-69.73692
-67.84893
-69.14635
-70.77017
-70.30239
-71.49993
-73.82484
-77.65977
-78.63829
-76.86579
-72.96261
-70.75927
-72.05812
-74.41844
-71.57228
-74.50880
-71.26243
-65.47665
-66.62752
-68.19608
-69.45102
-73.51308
-77.70040
-78.33321
-75.26053
-76.40818
-77.57392
-79.14810
-78.80010
-71.00177
-68.40668
-72.25425
-72.66723
-66.61481
-67.32904
-68.98835
-70.10073
-72.13145
-74.35711
-78.45315
-79.98224
-81.52713
-76.66794
-76.83124
-71.31642
-69.33247
-70.26714
-72.56447
-72.47768
-66.49000
-66.93605
-68.77951
-69.89009
-71.57468
-72.55157
-72.89263
-73.90950
-72.58937
-68.87898
-71.12897
-72.81359
-74.44921
-73.96328
-77.64173
-75.56393
-67.02338
-66.85527
-68.11903
-69.55944
-71.02201
-73.24644
-75.72448
-77.87520
-79.31111
-75.70318
-77.32590
-75.62794
-70.93324
-69.51294
-71.71167
-71.33132
-68.47178
-68.41274
-69.44885
-70.30711
-71.81508
-73.29628
-74.17703
-76.25754
-77.46650
-76.03650
-77.83439
-81.69954
-72.75266
-70.92049
-71.81790
-72.61547
-70.21456
-69.11474
-70.76307
-70.58712
-72.00907
-72.23874
-73.80685
-76.37398
-78.46103
-78.23222
-79.81177
-72.51315
-69.12012
-69.52702
-70.59981
-71.26835
-65.40220
-64.12256
-66.23098
-67.33406
-69.50301
-70.32610
-72.45807
-72.61620
-72.97018
-72.80092
-75.49212
-74.30317
-68.17320
-68.70499
-70.03966
-71.19369
-66.02455
-64.57241
-66.81389
-67.57275
-69.80753
-71.64105
-70.31896
-69.18839
-70.03539
-71.02900
-71.65401
-73.77115
-72.10645
-68.36794
-69.69981
-71.48868
-67.00919
-66.01495
-66.93566
-66.66133
-68.47178
-69.82462
-71.80015
-72.86938
-75.75738
-77.88523
-80.92259
-78.14222
-70.48283
-68.88090
-70.36164
-71.60483
-67.35777
-65.00387
-66.55093
-68.27518
-70.55860
-72.69581
-74.54589
-77.04314
-78.40336
-79.98756
-80.35720
-81.47018
-71.74789
-68.94234
-71.20438
-71.53191
-66.14637
-64.53629
-66.98763
-68.43181
-69.23988
-70.04510
-71.60772
-72.42488
-73.95722
-75.47921
-71.71077
-69.23872
-71.25163
-72.96382
-74.03343
-77.20260
-70.17871
-65.27588
-67.57589
-69.99635
-68.97345
-69.15935
-72.79735
-75.20629
-76.31501
-79.63620
-69.91238
-68.30195
-70.55363
-72.70507
-72.34439
-75.06936
-69.58993
-64.99153
-65.79838
-65.12386
-65.69764
-66.61365
-68.15565
-68.47614
-68.58778
-69.15659
-67.57338
-68.40829
-69.59780
-70.33730
-71.66651
-74.82693
-72.15711
-66.94433
-68.21691
-70.76895
-74.85721
-76.54133
-79.27364
-77.45865
-70.75119
-71.21983
-72.52225
-71.56052
-69.32321
-72.78316
-74.06446
-79.30553
-72.15155
-64.83814
-65.92671
-68.14177
-69.83974
-72.96429
-74.55231
-73.08231
-74.19391
-79.68144
-74.60290
-69.01373
-69.60960
-72.25146
-72.49241
-72.06771
-71.70125
-66.90111
-67.19915
-69.75557
-70.97983
-73.41155
-73.61005
-75.82012
-77.24687
-80.28729
-73.00127
-69.36349
-69.52853
-71.31419
-72.91377
-75.48802
-74.67840
-67.11646
-68.03494
-69.75729
-68.24517
-68.97518
-70.87645
-73.17883
-71.08674
-69.61712
-67.35507
-68.84685
-71.21301
-73.25029
-74.15714
-76.31767
-74.75929
-66.68909
-67.67879
-72.32835
-74.77275
-77.26760
-76.79901
-68.71621
-68.19528
-70.23605
-67.93835
-70.91505
-74.91884
-78.47323
-79.99878
-81.40738
-72.44841
-67.02232
-66.40546
-65.27309
-66.34993
-68.46808
-69.09303
-68.17056
-67.75437
-68.53413
-67.68593
-68.72055
-69.80871
-71.23582
-73.59433
-75.36798
-72.48976
-66.85438
-66.77708
-66.30950
-66.60784
-69.04373
-70.54071
-72.10410
-72.46577
-76.12392
-70.73062
-69.81192
-70.05505
-70.02510
-72.98119
-73.08352
-73.03751
-67.81357
-67.12008
-69.61469
-70.46686
-69.89675
-70.36149
-70.05050
-70.36561
-71.65206
-69.52235
-68.19002
-68.76008
-70.22419
-71.79428
-72.67753
-72.17548
-67.50960
-66.89095
-69.76608
-68.74464
-69.51102
-72.33069
-76.44087
-78.69686
-79.80623
-70.58229
-69.13037
-73.46722
-73.26995
-72.25391
-73.05604
-77.66196
-71.19272
-67.83758
-66.57651
-66.48391
-68.19389
-67.23993
-67.80428
-68.40910
-69.63497
-69.85255
-70.04877
-72.07847
-70.95601
-71.03229
-72.08766
-74.98766
-67.01850
-64.12177
-64.80663
-65.89251
-68.19469
-69.86842
-74.38872
-75.65118
-79.55859
-68.57604
-66.21566
-68.00853
-68.69379
-71.40234
-72.09990
-78.28965
-69.76638
-65.90905
-65.52580
-64.29434
-65.49693
-67.35276
-68.65269
-70.06704
-71.31711
-72.94565
-74.97070
-69.54670
-67.26697
-68.22935
-68.21645
-70.26088
-66.85985
-64.28715
-66.05828
-67.47371
-69.21150
-70.24466
-70.58548
-70.76901
-73.26890
-73.56107
-72.53419
-69.94712
-67.40180
-68.51470
-69.52591
-72.23783
-71.30504
-68.45013
-70.11154
-70.95846
-67.56357
-66.54699
-67.76873
-68.67899
-69.98651
-72.02035
-72.53118
-72.53996
-70.38746
-70.27559
-71.96586
-73.86388
-72.05395
-67.47352
-67.99106
-68.13128
-68.27596
-68.73418
-69.46791
-71.37999
-76.66321
-77.95766
-70.85952
-72.63028
-70.65602
-67.79334
-67.73544
-69.04593
-67.87630
-65.00220
-66.36463
-67.59074
-68.68864
-69.77820
-70.37933
-69.95442
-68.05704
-69.37881
-69.05203
-68.72817
-69.85345
-70.30679
-70.13265
-72.45215
-70.91814
-66.01232
-67.03831
-69.40348
-71.60698
-72.76636
-72.48802
-74.47296
-75.54001
-78.56865
-78.56730
-74.19310
-73.56416
-71.89673
-71.10615
-73.35369
-72.22202
-68.05238
-68.98572
-69.60735
-67.37933
-68.36217
-68.66569
-69.97480
-70.22963
-71.13910
-70.05194
-69.66337
-69.80014
-69.56063
-70.65259
-72.46411
-72.96603
-68.02509
-68.11281
-70.12231
-70.77027
-70.46722
-72.06163
-74.38651
-75.85231
-78.65325
-80.19808
-83.87808
-74.56069
-70.36744
-71.18007
-72.05226
-71.78792
-68.47385
-68.75163
-71.10175
-71.90748
-75.42440
-70.67354
-67.63914
-68.46691
-69.12496
-68.95353
-69.75584
-71.30419
-70.97574
-69.94684
-70.91853
-71.53962
-68.00534
-67.56398
-69.19073
-69.49598
-69.57029
-70.35676
-71.28187
-72.18526
-74.67872
-75.79690
-78.21591
-80.05652
-73.66309
-70.23309
-72.69124
-71.44353
-66.43237
-66.54666
-68.93745
-68.49534
-67.96921
-69.07816
-68.82576
-69.24566
-70.81849
-71.63408
-74.01419
-75.81665
-72.60635
-72.37329
-72.47817
-70.43274
-67.22135
-65.94375
-67.19227
-67.54257
-69.81346
-71.43161
-71.27120
-70.76978
-72.43372
-73.25895
-75.35182
-75.06605
-69.91562
-69.54586
-71.72643
-73.40362
-70.93029
-70.99315
-72.08937
-71.40531
-72.13884
-73.28008
-72.12938
-70.26046
-69.01949
-68.98546
-70.02741
-70.43576
-70.90497
-70.50041
-71.10499
-71.12789
-65.92164
-64.79728
-65.70640
-66.14683
-67.02611
-67.31732
-67.68009
-68.10186
-68.39007
-68.47991
-68.45228
-68.23508
-67.77375
-66.82796
-67.70414
-66.63149
-65.49433
-65.26384
-66.42925
-67.88496
-68.11087
-68.09579
-68.81323
-66.50733
-66.27313
-68.73181
-68.19943
-68.74861
-67.58119
-67.92957
-67.80078
-68.11781
-65.90764
-64.37696
-65.45107
-66.37930
-67.35923
-67.60777
-67.95822
-68.12728
-68.41216
-68.49485
-68.78401
-68.86135
-67.77477
-66.70209
-67.70853
-67.24350
-65.78960
-65.09306
-66.50239
-68.05294
-68.31936
-68.10084
-69.24179
-68.67651
-67.04733
-69.80466
-68.51420
-67.51387
-67.95268
-68.35085
-69.06096
-69.76107
-67.64991
-65.46409
-67.18274
-68.45552
-67.58603
-68.46871
-69.81489
-68.83270
-69.76870
-70.46466
-68.89515
-68.16904
-69.89738
-69.61841
-70.72776
-70.29440
-67.37562
-66.75145
-67.47303
-68.13756
-69.00305
-70.01437
-72.10572
-71.27169
-69.93958
-73.00938
-68.98912
-70.34616
-71.36799
-72.24957
-73.92300
-75.62370
-71.61889
-66.88439
-68.59983
-68.05386
-69.17246
-71.44754
-73.13798
-74.07440
-76.34055
-77.56085
-75.63353
-70.64221
-69.53120
-70.81289
-71.78960
-71.48742
-67.99186
-66.84627
-68.20570
-70.29289
-72.21121
-73.52675
-75.14643
-75.61755
-70.90124
-76.29914
-74.53519
-69.88089
-72.10720
-73.48518
-77.37951
-76.58637
-71.01091
-66.81636
-67.35933
-68.76187
-69.17732
-70.09735
-69.01021
-68.54659
-69.88990
-69.34358
-67.56861
-68.16900
-69.71552
-70.42465
-71.72104
-72.04351
-67.64146
-66.64614
-68.10324
-68.91141
-72.00548
-72.99052
-74.48688
-71.18124
-68.19800
-70.46204
-69.82127
-69.86402
-71.25574
-73.39828
-75.08371
-74.33672
-70.71482
-67.35753
-67.48229
-66.80042
-68.16433
-69.53869
-72.32533
-74.11581
-74.28906
-74.64169
-70.55059
-70.44849
-70.66623
-72.25399
-73.53127
-75.49393
-70.42344
-67.66934
-68.83150
-70.47935
-73.00734
-72.06610
-71.01683
-70.02290
-67.02482
-67.88750
-69.49537
-69.27825
-71.71443
-73.08249
-73.97348
-73.79493
-74.15322
-67.11459
-66.22840
-68.09001
-68.45366
-69.66579
-70.20974
-71.30644
-71.99468
-73.42016
-70.90645
-68.52549
-69.18679
-71.85749
-72.55649
-74.57626
-71.27583
-67.95935
-68.15477
-69.94016
-70.65490
-72.00406
-72.75701
-71.43328
-67.39855
-68.23063
-70.17819
-68.53185
-69.85491
-70.76744
-72.59935
-73.34739
-74.30123
-69.14353
-67.43804
-68.63367
-70.74347
-71.11130
-71.38179
-71.91911
-71.07773
-72.25012
-71.90127
-69.98210
-69.62032
-71.12800
-72.00751
-74.50942
-71.46001
-67.49352
-67.26102
-68.73211
-70.16430
-72.65712
-73.68094
-76.97147
-72.76492
-69.76743
-70.75703
-69.69317
-69.22633
-70.34017
-71.32477
-72.48007
-71.87978
-66.14010
-65.00694
-66.25480
-66.55961
-67.17869
-67.66557
-67.50564
-66.55856
-66.62745
-66.94671
-67.47020
-66.65075
-65.63515
-67.04683
-67.46537
-66.95316
-63.37589
-61.61376
-62.38827
-62.80719
-63.90308
-64.03226
-64.15372
-62.94832
-62.76243
-64.52548
-65.03916
-65.01015
-65.84891
-66.68837
-66.44973
-67.22866
-65.28101
-64.56187
-65.22992
-65.84250
-67.03862
-67.27983
-67.65365
-66.74489
-67.29046
-67.50071
-67.25859
-65.98884
-66.55615
-67.05409
-67.91887
-67.44283
-64.37655
-65.73533
-66.97545
-66.45081
-66.95094
-66.72005
-67.87711
-67.43213
-65.50832
-68.39406
-68.28879
-67.00640
-66.57657
-67.29612
-68.31880
-68.21335
-67.88782
-65.94686
-66.65642
-67.01500
-68.10439
-68.91290
-69.75096
-70.03305
-68.84579
-69.69396
-70.97269
-68.98274
-67.23634
-68.59186
-71.26798
-70.50388
-68.20920
-67.68935
-68.96824
-69.55732
-70.33744
-69.37373
-69.03331
-70.14482
-67.26317
-70.85059
-73.87865
-73.07391
-74.79880
-71.82353
-70.71437
-71.87531
-69.35095
-67.39465
-69.38860
-70.30102
-71.89372
-71.82084
-73.56053
-72.30714
-69.96771
-70.13059
-71.41096
-71.67396
-73.30908
-72.30385
-70.70072
-72.85408
-67.20611
-64.96651
-67.47305
-69.13215
-71.07567
-71.92267
-74.05653
-78.56215
-69.74315
-73.90236
-81.61022
-73.12675
-70.99228
-69.50736
-70.31715
-71.02222
-70.12334
-66.05408
-66.48132
-68.43833
-69.95165
-71.55182
-71.78752
-72.07464
-70.12417
-70.84476
-72.08710
-71.86665
-70.17389
-67.38914
-67.68037
-68.53579
-66.38425
-65.79207
-66.84830
-67.59280
-68.56167
-69.40664
-69.42425
-69.91313
-66.56529
-66.68111
-69.06263
-67.59690
-68.01676
-67.18152
-66.32543
-67.03077
-66.30168
-65.00295
-65.36518
-65.67055
-65.31920
-64.74153
-65.21945
-65.46251
-65.75881
-66.04535
-66.10922
-65.86596
-66.10950
-65.62588
-64.05839
-64.32627
-63.96547
-63.11058
-63.82063
-64.80950
-64.75859
-65.68115
-65.81936
-66.70897
-64.99779
-65.16740
-66.73795
-66.80154
-66.41398
-65.42074
-66.46587
-66.21485
-66.43021
-64.25106
-63.96661
-64.76160
-65.10456
-66.49442
-66.71617
-67.65955
-66.37401
-65.73853
-66.16999
-66.89784
-66.27397
-64.93322
-66.73796
-67.02693
-67.01124
-64.48864
-63.49933
-64.85398
-65.80586
-68.55605
-68.53752
-69.98597
-67.51544
-66.31308
-68.52230
-69.38997
-68.72933
-67.89864
-69.05616
-69.58959
-69.94789
-67.49702
-67.29275
-68.47656
-70.07959
-71.03605
-71.48811
-72.19593
-72.25708
-73.57475
-73.82138
-74.61467
-70.24705
-70.69423
-70.36127
-72.10921
-70.33819
-65.76098
-67.29551
-68.17469
-68.40794
-70.25841
-70.53682
-69.77569
-70.20578
-69.42201
-70.66783
-72.17059
-70.51341
-68.31936
-70.64982
-70.02648
-67.70354
-69.41747
-68.24752
-69.10975
-69.72930
-70.38686
-72.12921
-72.33619
-72.40910
-71.93354
-70.90573
-69.96882
-70.82743
-70.53313
-70.16507
-69.76317
-72.36797
-69.15221
-65.03783
-65.94838
-67.44494
-69.27925
-70.64335
-69.93350
-68.80726
-69.90501
-71.54398
-69.71091
-68.89837
-70.36656
-71.99725
-73.34549
-74.48260
-73.82732
-68.89943
-69.85837
-70.19164
-67.58133
-69.23940
-69.83646
-70.83015
-72.12551
-73.06329
-71.21488
-71.71786
-71.88479
-71.68876
-71.78632
-72.05466
-70.44689
-65.54129
-66.35766
-68.26661
-68.67481
-69.64028
-70.16627
-68.52571
-68.50908
-69.00999
-69.34125
-69.19431
-67.42659
-67.99642
-68.19498
-69.86397
-67.87824
-65.67475
-65.67307
-67.18710
-68.33576
-69.68379
-69.60384
-69.68755
-67.61132
-64.81527
-64.81760
-64.46814
-64.77211
-64.97522
-65.38857
-65.31086
-67.22633
-66.61088
-65.78410
-66.56430
-67.16899
-68.29485
-68.12341
-68.21285
-68.44022
-68.10324
-66.59584
-67.28895
-67.68477
-68.40013
-68.88820
-69.45490
-69.62974
-66.07480
-65.74196
-66.53291
-67.30722
-68.38079
-68.85262
-69.25376
-69.64627
-68.07409
-65.40020
-66.23423
-66.65251
-67.74938
-68.05902
-69.38709
-68.50692
-65.18031
-65.28282
-65.06314
-65.46704
-65.73028
-66.00086
-66.15781
-66.18531
-66.04701
-65.61002
-66.04715
-66.26404
-66.70355
-67.11777
-66.75981
-67.51406
-66.48368
-65.96640
-66.95078
-67.20547
-68.01608
-68.49584
-68.78991
-69.82024
-72.81505
-70.11880
-69.34170
-70.66403
-71.30573
-72.72490
-72.76961
-75.17949
-68.72071
-66.54286
-67.14115
-66.63110
-67.88658
-68.88267
-69.44437
-68.93464
-70.58225
-71.24693
-70.46932
-70.86623
-71.19432
-73.12643
-72.65317
-75.26640
-71.06057
-68.68055
-71.05962
-71.22452
-74.19760
-71.56037
-69.90677
-69.92729
-71.24565
-69.98938
-70.35147
-72.21457
-73.09065
-74.29943
-76.22933
-75.98248
-67.59529
-66.94560
-67.79838
-68.88209
-69.34532
-69.90852
-68.72282
-67.37598
-68.33499
-67.53325
-68.20831
-68.62924
-69.43661
-70.34031
-69.83193
-70.65035
-67.52349
-65.13847
-66.68776
-67.55265
-67.97288
-68.92750
-67.71457
-66.95014
-67.89449
-68.00569
-67.74679
-68.07054
-69.67733
-70.33025
-70.86094
-71.14304
-68.22241
-66.55825
-67.43660
-68.01970
-68.41461
-67.20280
-65.87429
-65.96711
-66.56170
-67.48506
-66.91989
-67.48287
-67.93950
-68.26030
-68.19115
-69.06231
-68.21514
-66.75751
-67.22124
-67.38459
-68.18336
-68.64760
-68.62260
-68.05547
-69.11379
-69.39299
-69.93851
-69.67342
-67.72195
-68.21757
-68.68619
-69.33633
-67.07283
-65.54812
-66.06416
-66.37620
-67.02508
-66.92984
-66.60150
-66.22343
-66.45197
-66.82785
-66.88296
-67.07486
-66.87343
-66.90918
-66.98820
-66.45221
-67.11657
-67.87006
-69.09190
-69.37468
-69.62657
-71.13616
-72.44652
-72.42209
-69.87356
-70.67613
-72.38492
-71.45880
-69.51699
-69.47650
-71.90546
-70.38315
-68.79448
-70.53597
-72.30307
-72.11241
-72.72715
-72.41128
-73.39193
-73.03374
-67.91796
-70.67796
-73.91759
-72.44495
-73.67521
-74.96285
-77.29612
-74.89022
-69.58605
-69.27061
-72.23623
-71.63070
-73.36857
-73.50247
-75.17506
-74.21115
-75.27329
-74.70289
-75.94444
-74.07862
-74.10143
-74.34922
-74.02359
-75.18153
-67.86889
-70.80523
-75.41161
-73.56460
-73.14917
-73.25999
-75.30357
-75.50432
-68.57506
-69.61908
-73.41120
-70.82972
-69.67723
-69.39924
-71.98392
-71.23930
-71.03568
-69.61482
-70.19195
-70.70497
-70.71252
-70.83436
-72.47147
-72.77838
-71.12608
-71.13150
-73.08424
-73.32786
-70.94519
-70.57416
-72.39578
-72.71742
-68.52765
-69.25040
-71.51795
-71.32399
-72.12199
-71.39390
-70.69829
-72.30075
-67.28142
-68.54491
-72.48420
-72.64911
-71.40301
-69.81083
-73.29213
-73.85290
-70.74573
-68.51618
-71.31207
-71.09981
-72.30289
-71.60749
-72.01538
-71.76542
-72.47403
-72.81148
-73.29096
-73.91983
-73.33945
-73.55496
-71.25154
-73.72166
-68.05821
-67.38163
-70.10881
-70.74542
-70.02234
-69.80377
-70.66587
-72.14296
-68.02381
-68.01861
-71.78089
-71.30543
-70.72903
-68.98271
-71.27812
-71.36715
-72.88244
-73.32427
-74.09832
-76.13151
-74.50575
-74.20743
-76.90158
-78.47389
-74.27094
-72.71118
-75.64573
-77.61416
-74.09378
-72.43815
-75.05983
-78.48600
-71.75568
-70.71062
-73.97206
-74.79180
-74.05545
-74.87151
-73.20510
-75.62436
-70.74874
-68.39003
-72.93926
-72.87241
-72.41340
-70.71772
-72.04671
-72.78965
-71.69222
-69.05286
-71.11173
-71.99810
-72.43803
-73.52186
-73.54539
-74.54374
-72.73391
-73.81664
-73.00830
-74.65242
-72.37173
-73.19349
-71.47900
-74.56274
-69.92363
-67.81622
-73.68995
-76.19897
-73.47520
-70.50500
-71.93165
-74.77357
-71.22381
-67.95921
-74.03838
-75.68112
-74.17807
-71.98167
-74.76952
-78.03741
-75.49383
-75.02499
-72.41681
-74.94695
-74.38016
-73.48585
-75.58155
-78.80821
-75.62889
-68.90559
-67.94657
-69.37633
-68.15228
-67.96804
-68.35578
-70.00048
-68.32304
-65.91311
-66.10462
-67.07144
-67.42792
-68.46720
-68.22085
-69.08317
-68.62336
-65.94297
-69.68731
-69.02141
-67.53218
-67.71556
-68.10043
-69.30190
-69.28002
-69.59693
-71.66431
-74.30778
-74.20910
-76.88040
-75.83927
-78.31337
-76.97010
-78.80104
-77.13935
-76.11888
-73.65179
-76.63806
-75.74093
-78.54519
-76.20062
-67.84104
-71.62224
-75.32874
-74.72633
-73.62394
-74.20660
-78.51724
-77.15695
-68.97339
-73.39630
-77.38828
-75.28488
-72.72151
-71.33111
-75.11281
-74.32211
-71.75570
-68.65814
-69.93120
-69.67176
-69.19727
-69.33524
-70.90565
-70.42744
-69.58106
-69.72881
-71.05798
-70.43854
-69.08204
-69.13010
-70.88552
-70.30117
-66.34237
-66.08535
-66.95662
-66.97312
-67.35592
-67.16895
-67.17170
-67.26591
-65.62997
-68.53074
-71.12090
-70.40710
-69.52403
-69.61454
-70.79159
-70.53003
-69.08874
-68.92485
-71.62570
-71.16286
-72.61078
-72.09559
-73.16389
-72.56692
-72.87787
-71.85516
-71.77363
-72.00011
-72.21317
-72.54860
-72.18643
-73.48182
-67.86789
-70.09998
-74.16877
-72.82260
-72.44338
-73.00736
-75.78430
-78.62514
-69.98876
-69.81770
-75.89078
-74.52911
-72.91722
-72.20909
-77.58893
-77.13393
-74.84501
-70.09585
-70.76780
-73.13973
-71.18608
-70.37980
-71.37304
-72.07842
-70.75290
-70.87406
-71.52976
-72.48293
-70.70854
-70.14889
-71.77933
-73.39385
-68.06820
-65.30512
-66.50388
-66.36669
-66.07354
-66.22431
-66.19609
-66.82798
-64.91817
-65.77292
-68.29811
-67.47297
-67.26211
-67.01302
-67.65490
-67.72514
-66.82679
-66.01468
-67.68616
-67.75082
-67.90827
-67.67149
-67.69430
-67.98862
-67.93776
-68.16039
-67.65227
-67.99006
-67.54773
-68.37572
-67.90307
-68.94765
-66.51971
-65.97172
-68.88571
-68.98185
-68.51777
-68.62842
-69.08699
-70.23703
-67.47806
-67.92491
-74.32287
-74.67026
-74.15079
-71.46520
-75.36638
-76.16392
-73.66100
-70.83639
-69.00376
-70.64554
-70.62663
-71.09959
-72.15545
-74.61326
-72.89056
-72.29691
-71.55190
-71.62772
-70.57372
-67.76140
-68.34662
-69.89613
-67.27153
-66.05652
-67.68554
-68.04795
-68.14566
-68.93487
-68.79562
-69.88888
-68.14458
-65.32831
-66.66366
-67.15533
-66.32254
-66.19666
-66.51097
-67.12112
-66.48358
-65.66368
-66.53752
-66.96530
-67.01172
-64.65134
-63.98462
-64.19907
-63.97743
-64.35175
-64.06464
-64.46037
-63.84371
-64.30586
-63.97623
-64.62578
-63.83867
-65.63989
-70.20340
-70.70961
-69.29671
-68.97671
-70.29381
-71.67893
-70.22280
-66.83187
-70.89688
-72.64802
-71.54818
-69.13915
-69.85572
-72.02707
-70.69232
-70.40676
-69.57631
-71.02327
-71.03484
-70.19468
-70.57903
-72.28524
-71.75615
-70.13327
-70.83158
-72.80659
-71.95877
-69.99834
-70.24262
-72.85784
-71.46479
-68.27556
-68.39193
-69.87866
-69.46563
-69.59304
-68.46886
-69.32688
-68.99136
-65.75626
-68.92727
-70.78420
-70.09742
-69.28942
-69.10159
-69.76298
-69.47642
-69.16227
-69.72687
-71.81103
-71.55007
-72.99395
-72.59050
-74.06711
-72.90560
-73.66507
-73.10177
-73.71769
-73.37870
-74.55490
-73.01637
-73.02892
-73.67456
-67.23047
-69.50340
-73.29614
-73.15038
-72.21493
-72.57225
-74.49116
-72.68052
-67.56294
-69.85063
-74.49289
-74.64686
-72.25699
-71.23267
-74.57282
-74.72580
-69.70133
-65.75966
-66.48534
-66.40910
-66.39635
-66.12270
-67.01670
-66.88553
-66.56902
-66.29070
-66.89265
-67.09374
-65.45475
-65.80909
-66.79413
-66.71161
-64.57449
-64.56119
-65.13163
-64.98263
-65.30021
-65.16397
-65.03241
-65.47076
-63.94769
-64.45589
-65.80036
-65.16991
-65.80863
-66.97766
-67.56918
-67.28070
-66.46249
-65.89513
-67.17212
-66.94341
-67.56562
-67.63348
-67.95616
-68.03588
-67.84694
-67.23066
-67.10920
-67.48875
-66.41293
-67.15047
-67.15753
-67.80765
-65.39533
-65.70122
-67.46504
-67.18576
-67.29894
-66.86287
-67.22084
-67.85359
-65.94069
-65.51878
-67.63100
-67.34362
-67.36452
-66.52352
-67.66592
-67.55995
-67.05329
-66.91002
-67.11215
-67.37947
-67.06562
-67.47995
-68.07870
-68.53405
-67.73998
-67.61703
-68.03800
-69.07573
-66.91879
-66.63867
-68.29717
-69.06713
-66.91473
-66.26543
-68.09125
-68.39129
-68.24988
-68.38286
-67.96688
-68.84247
-66.53178
-65.54411
-68.57650
-68.33507
-68.39157
-67.44337
-67.58791
-67.88527
-67.62032
-66.56728
-67.39304
-67.86147
-67.97165
-68.07956
-67.88529
-68.27422
-68.16008
-69.03900
-68.35955
-69.23239
-67.86164
-68.32305
-68.71080
-69.72749
-67.79928
-66.55917
-69.24640
-70.19170
-69.94803
-70.17762
-70.98101
-73.21289
-70.38111
-67.99967
-72.98500
-74.52451
-72.21193
-68.92909
-70.52122
-72.50604
-70.80141
-70.84357
-71.32591
-72.66636
-72.08714
-71.38728
-71.99987
-73.39142
-71.46751
-70.39253
-70.99516
-73.46366
-70.41216
-68.69545
-71.59678
-74.83332
-71.15583
-68.84814
-71.27878
-71.95679
-71.82702
-73.03790
-72.27482
-73.71639
-72.09842
-67.15231
-69.42341
-70.58605
-69.76507
-69.27585
-69.71357
-70.20067
-69.25313
-67.36813
-67.67952
-69.37156
-68.95145
-69.77655
-69.31648
-70.21843
-69.10667
-69.74387
-68.59399
-68.96935
-67.61751
-67.71520
-68.52748
-69.38813
-68.86977
-66.61716
-69.71173
-71.64484
-71.86006
-70.83037
-71.12814
-73.41302
-73.00204
-67.27442
-70.93604
-74.76523
-72.65559
-70.98262
-71.30553
-75.43111
-72.96110
-73.15615
-71.32109
-72.99161
-72.93833
-71.86526
-72.20560
-74.31203
-74.04918
-69.46425
-67.41032
-68.87601
-67.82074
-66.34418
-67.36332
-69.13588
-68.05253
-65.99311
-69.07802
-70.43973
-69.37067
-69.93833
-70.06460
-70.15524
-69.70449
-65.76193
-67.42171
-70.47049
-69.72116
-69.58644
-69.21354
-71.11833
-70.19550
-69.79550
-70.56932
-73.88796
-72.94853
-74.63342
-73.76217
-75.64720
-75.07326
-76.36783
-75.76263
-74.93141
-74.67432
-71.84672
-74.66534
-75.36894
-77.78950
-68.85413
-69.49579
-73.33482
-72.77012
-72.46124
-72.46857
-75.00919
-76.60429
-69.53831
-70.27583
-77.22851
-76.84256
-74.13874
-72.69827
-77.59941
-77.97604
-70.41566
-64.38242
-64.48799
-64.53544
-64.57300
-64.42277
-64.76916
-64.94518
-64.47851
-64.48934
-64.69394
-64.92166
-63.63255
-63.83172
-64.04323
-64.73605
-62.62262
-61.21188
-61.53273
-61.47658
-61.53255
-61.48072
-61.51419
-61.48305
-61.51369
-62.53659
-63.54216
-63.30633
-63.43667
-63.02894
-63.37522
-63.39323
-63.33381
-64.26153
-65.33463
-65.44646
-65.63074
-65.50463
-65.51776
-65.58858
-65.24598
-64.79616
-64.57049
-65.10041
-64.06318
-64.03549
-64.21825
-64.64029
-63.79690
-65.78316
-69.64605
-69.24015
-67.92899
-67.83827
-68.56593
-69.68710
-67.74291
-66.61042
-70.05604
-70.17609
-69.58391
-68.01088
-69.32174
-70.11475
-69.19032
-65.89871
-65.27268
-65.73579
-65.08463
-65.35687
-65.44308
-65.95434
-65.37153
-65.51638
-65.85539
-66.65282
-65.01391
-65.03581
-65.89565
-66.71093
-65.33288
-62.91139
-63.18676
-63.44167
-63.29531
-63.31768
-62.98883
-63.40783
-62.75958
-62.49848
-64.31687
-64.40553
-64.30250
-63.86235
-64.21782
-64.40457
-64.09988
-63.62839
-64.05495
-64.37509
-64.37616
-64.19122
-63.92810
-64.19131
-64.04390
-64.71061
-64.29855
-64.76937
-64.04612
-64.29220
-64.91685
-65.36575
-64.71086
-63.90083
-65.90654
-66.58221
-66.41066
-66.54686
-66.58826
-67.42015
-66.47699
-66.06708
-70.89597
-72.33383
-71.43306
-69.29180
-70.02374
-72.41033
-70.16892
-68.97100
-68.34984
-69.31548
-69.14214
-69.02683
-69.26371
-70.56100
-69.83219
-69.27923
-69.38247
-70.44404
-68.94303
-66.94344
-67.90928
-69.41277
-67.99004
-65.98096
-67.69952
-68.56652
-68.54373
-69.08974
-68.81809
-69.48407
-68.89122
-65.27133
-65.47784
-66.58736
-65.94759
-65.91451
-66.59453
-67.20167
-66.78213
-65.20428
-65.18222
-66.62196
-67.02393
-65.03845
-63.43483
-64.13122
-63.60471
-63.91534
-63.59049
-64.04960
-63.69927
-63.55186
-63.59454
-64.05214
-63.76906
-64.34077
-68.37364
-69.52760
-70.07171
-69.09908
-69.55336
-70.53643
-70.54800
-66.67909
-68.16485
-71.20330
-70.47490
-69.67355
-68.93606
-71.11673
-70.30003
-69.63756
-69.56106
-70.50597
-70.00572
-69.52637
-69.84544
-71.68293
-71.81349
-70.38112
-70.03063
-71.88503
-71.99617
-68.51070
-69.65106
-72.29687
-71.94060
-68.53856
-67.53190
-69.23588
-68.77094
-69.45242
-70.02525
-69.56300
-70.73791
-66.65576
-67.65852
-71.29433
-70.59442
-69.79372
-68.73084
-70.19988
-70.04488
-69.36094
-69.46049
-73.17928
-72.41281
-73.46353
-73.18493
-74.01339
-73.86752
-73.87182
-73.73872
-73.26826
-74.09755
-71.11414
-73.91091
-73.77009
-76.14702
-69.04159
-68.74996
-74.18689
-74.13869
-73.27608
-72.39794
-74.45201
-76.32468
-69.66094
-68.85084
-75.56294
-74.73202
-73.86794
-71.48419
-74.52708
-74.32817
-74.16302
-73.19020
-72.50901
-74.25784
-72.23411
-71.88651
-73.35403
-75.05522
-72.88816
-72.44411
-74.11937
-76.95621
-71.45435
-70.18424
-73.43450
-75.22462
-70.92787
-68.69651
-71.92954
-72.79392
-73.00056
-74.89386
-73.63310
-77.16170
-71.16806
-68.16948
-72.20234
-72.28821
-72.00821
-70.54325
-71.51881
-72.07037
-71.15701
-69.58961
-71.16508
-71.68581
-71.57752
-71.61193
-71.17140
-71.99866
-71.28009
-72.20329
-71.18497
-72.68124
-70.24739
-70.58907
-71.12562
-72.86810
-69.60761
-67.93931
-71.48945
-72.30207
-72.35603
-71.59178
-72.34277
-74.26048
-71.21587
-67.91641
-72.47511
-73.52635
-73.09474
-71.13011
-72.71934
-74.70805
-73.47482
-73.34974
-71.92456
-73.59221
-72.68386
-72.75068
-72.80142
-74.88856
-73.31821
-72.62834
-73.43776
-75.90025
-72.67360
-69.91715
-72.35793
-74.49601
-72.13164
-70.20549
-72.26339
-73.46132
-73.57549
-74.79772
-74.03306
-75.59728
-73.35636
-70.26394
-74.12726
-74.74454
-74.47334
-73.24441
-74.00674
-75.15207
-74.66715
-71.73906
-72.85732
-74.95892
-73.97957
-75.84058
-73.83542
-76.05852
-74.80303
-75.95780
-75.25381
-76.85269
-73.67813
-73.51847
-75.57247
-77.56303
-75.15228
-70.09826
-73.28649
-75.87059
-76.04501
-74.38956
-75.56307
-77.00843
-76.17078
-70.87579
-74.69653
-79.37001
-76.41904
-75.26337
-75.08187
-79.92332
-77.72113
-76.31108
-74.05708
-75.72361
-75.90275
-75.62423
-75.71791
-78.61720
-78.22897
-76.18007
-76.18712
-79.79833
-78.12294
-73.39873
-75.49180
-79.95204
-78.79885
-73.05409
-74.36838
-77.64934
-77.38380
-79.65595
-79.93502
-80.60527
-81.85705
-72.98943
-75.56673
-80.14637
-76.47195
-76.04087
-75.64355
-78.09143
-77.79851
-75.73749
-73.83727
-77.19808
-77.10329
-80.05785
-79.99340
-81.70052
-81.29237
-82.61568
-83.39338
-79.37667
-78.38215
-77.12624
-81.20050
-82.42258
-86.95255
-74.08174
-74.13955
-80.55147
-79.98272
-77.67424
-75.19176
-77.50069
-79.87357
-73.90894
-75.34172
-82.33624
-81.17577
-79.67310
-78.20137
-86.72074
-85.48055
-83.54447
-77.68688
-77.77140
-80.61165
-79.15601
-80.23473
-86.51190
-90.44771
-82.01117
-80.33861
-81.57139
-82.47658
-76.90616
-77.77429
-86.99706
-91.05468
-78.31360
-75.29943
-78.20019
-78.79596
-80.33716
-82.89748
-81.57162
-89.29432
-76.99304
-76.02191
-82.98479
-81.59632
-82.01276
-81.21900
-90.27964
-94.98526
-84.61410
-75.75757
-77.95095
-79.59744
-81.59372
-82.14363
-82.51173
-86.48824
-83.77101
-88.89174
-80.62351
-81.44385
-78.99926
-84.04684
-85.89840
-98.24003
-79.14428
-70.79183
-73.14155
-72.34309
-71.55415
-71.99347
-72.63941
-73.95993
-71.74707
-70.74533
-72.82893
-72.55271
-72.22050
-70.83164
-72.14167
-72.33633
-72.41228
-73.53303
-73.46042
-74.74671
-74.62377
-75.22050
-74.96948
-76.29382
-75.04571
-74.06664
-73.15293
-74.32086
-71.41261
-71.21504
-74.99243
-75.06709
-74.01374
-72.79284
-74.28301
-74.54120
-74.31531
-74.78073
-74.68272
-75.59189
-73.81617
-71.08285
-72.65973
-72.49824
-72.32416
-72.89594
-72.92390
-73.30370
-72.23536
-71.03179
-71.73864
-72.87207
-72.58643
-72.14807
-71.60906
-72.05560
-71.70709
-72.26970
-71.85440
-72.13954
-70.28488
-69.97722
-72.18049
-72.27444
-72.19317
-70.99267
-72.49216
-72.40846
-71.60992
-72.40166
-72.53941
-73.18437
-72.54766
-71.59416
-73.18907
-73.41016
-72.81252
-73.40994
-74.24727
-75.02392
-74.37229
-74.22811
-73.35009
-73.44745
-73.57519
-74.64861
-74.63015
-75.20920
-74.99126
-74.51822
-74.68604
-76.85800
-74.11508
-71.07652
-74.72301
-75.63587
-75.31904
-73.55743
-72.58278
-72.79246
-72.98821
-73.70461
-73.61191
-73.92235
-73.67219
-72.24764
-73.96340
-74.68867
-73.96281
-74.45166
-74.45697
-75.42009
-75.01634
-74.28500
-73.01059
-74.44507
-74.89480
-76.26352
-76.07342
-76.37631
-76.18753
-76.77426
-75.84952
-77.72331
-76.59389
-72.97351
-76.27991
-75.86293
-76.65007
-74.11746
-73.96849
-74.96796
-74.08321
-75.15623
-76.13339
-75.91813
-78.04043
-71.91804
-68.77348
-69.57003
-69.12311
-69.30375
-68.90758
-69.33100
-68.92459
-70.80772
-72.18875
-72.19402
-73.04715
-72.65353
-72.16406
-72.11072
-72.39602
-72.14454
-72.01049
-72.51051
-72.32693
-71.51310
-71.93609
-71.80421
-72.13148
-71.82298
-71.06676
-71.02978
-71.41667
-71.41959
-71.35630
-71.63669
-71.78784
-71.52042
-70.88265
-70.79916
-70.87521
-70.96315
-70.97138
-71.07318
-71.25022
-71.54134
-71.10163
-71.04375
-71.79494
-71.75986
-71.58303
-71.46429
-71.80304
-72.04763
-72.17643
-72.28353
-72.50601
-72.52645
-72.74054
-72.25567
-72.28655
-72.65800
-71.58103
-72.06306
-72.27389
-72.12509
-72.73393
-72.95036
-73.21017
-73.61513
-73.98317
-74.28840
-74.39576
-74.44971
-74.09940
-74.12288
-74.50172
-74.91737
-74.82536
-74.11334
-74.62756
-75.11640
-75.50143
-76.26840
-76.57997
-76.71833
-76.96927
-77.24179
-77.52614
-77.73537
-77.53976
-77.15381
-77.61308
-77.91015
-77.12539
-76.70063
-78.05772
-78.82331
-79.63332
-78.90817
-77.47559
-78.86348
-79.96870
-80.92563
-80.97964
-82.28085
-82.15061
-81.73533
-81.86263
-80.76634
-78.54796
-77.15639
-79.49026
-81.95892
-83.19344
-85.21361
-85.25386
-87.32307
-86.79414
-85.28974
-84.89621
-86.25449
-84.46540
-80.75183
-81.80083
-84.02036
-80.86191
-77.91277
-80.47431
-82.32366
-86.48696
-86.81077
-89.70024
-85.18316
-80.10175
-80.54425
-83.94178
-84.80282
-85.49319
-83.47720
-88.28469
-83.67370
-67.31722
-65.60531
-66.10755
-65.93267
-66.37211
-66.19214
-66.52983
-66.18312
-66.33321
-66.25974
-66.54681
-66.44985
-66.86100
-66.92976
-67.15310
-66.73806
-67.23663
-67.10930
-67.31219
-67.44415
-67.54989
-67.39076
-67.32340
-67.44403
-62.97045
-61.57580
-61.80273
-61.73705
-61.70414
-61.70242
-61.89269
-61.90535
-61.92586
-61.88359
-61.97089
-61.94957
-61.42311
-61.15712
-61.37829
-61.35734
-61.41833
-61.46392
-61.46126
-61.47291
-61.65210
-61.65420
-61.72367
-61.71354
-63.01908
-63.97143
-63.89518
-63.82140
-63.96871
-64.22094
-64.02234
-64.19973
-64.03858
-64.22756
-64.11669
-64.22724
-64.02020
-63.65278
-63.48364
-63.50441
-63.59654
-63.47847
-63.32472
-63.23200
-63.30131
-63.26123
-63.34180
-63.43810
-63.75731
-64.09370
-64.23165
-64.48039
-64.38474
-64.58196
-64.70307
-64.81949
-64.93811
-64.89543
-65.17604
-65.08767
-65.74575
-66.45192
-66.56837
-66.59466
-66.89330
-67.02291
-67.19981
-67.49111
-67.79775
-67.87456
-68.13839
-68.41885
-68.76113
-69.08797
-69.17040
-69.44002
-69.66206
-69.91561
-69.91724
-70.33300
-70.63652
-70.75610
-70.94163
-71.33704
-71.13515
-71.34538
-71.28180
-72.56087
-68.58538
-65.21432
-65.59771
-65.48070
-65.32989
-65.56017
-65.37266
-65.57012
-64.85974
-63.59698
-63.64496
-63.63022
-63.62888
-63.84446
-64.02006
-64.04514
-63.91423
-63.72242
-63.61371
-63.72714
-63.45723
-63.20709
-63.34236
-63.20119
-63.11252
-63.24060
-63.30510
-63.35085
-63.80044
-63.99013
-64.08709
-63.72510
-64.52700
-66.75307
-66.62715
-66.80625
-66.67930
-66.78988
-66.71325
-67.02471
-66.27767
-64.80117
-64.79123
-64.74807
-65.01801
-65.16415
-65.25051
-65.13732
-65.22449
-65.02594
-65.08430
-65.18086
-65.02559
-64.40954
-64.55778
-64.32100
-65.37014
-69.12278
-69.30105
-69.38741
-69.44546
-69.37072
-69.61776
-69.78878
-69.66352
-69.59991
-69.71836
-69.66135
-69.71599
-69.57493
-69.80618
-69.94031
-70.13185
-70.03084
-70.12059
-70.32518
-70.28752
-70.15265
-70.05498
-70.12460
-70.34006
-70.14376
-70.34349
-70.42508
-70.39797
-70.35662
-70.47751
-70.68715
-70.80486
-70.98363
-70.99417
-71.16316
-71.34723
-71.38720
-71.70160
-71.95209
-71.83706
-72.09448
-72.10573
-72.36612
-72.65199
-72.63850
-72.72107
-73.02385
-73.20363
-73.53973
-73.64134
-73.80726
-74.04189
-74.33274
-74.46825
-74.48238
-74.68356
-74.86949
-75.09012
-75.25943
-75.57311
-75.69866
-76.14364
-76.39609
-76.56916
-73.09320
-71.87133
-72.17056
-72.23198
-72.25396
-72.08657
-72.35616
-72.21568
-73.06258
-72.90575
-73.19392
-72.94022
-73.48409
-73.36145
-73.25009
-73.48453
-75.22101
-76.15080
-76.15330
-76.09375
-76.24557
-76.23549
-76.36727
-75.82994
-67.25781
-65.40761
-65.82300
-65.51037
-66.02172
-65.78208
-66.01640
-65.98489
-66.24794
-66.31284
-66.37390
-66.26806
-66.44477
-66.73559
-66.39235
-66.86723
-63.49542
-61.73813
-62.05442
-61.85684
-62.09843
-61.83635
-62.14847
-62.09340
-62.88996
-63.11821
-63.06663
-63.27221
-63.28750
-63.14965
-63.17734
-63.41291
-63.09484
-63.37441
-63.28096
-63.40000
-62.93779
-62.78997
-62.77934
-63.12024
-61.72835
-60.53422
-60.58958
-60.48870
-60.74602
-60.60458
-60.65872
-60.63547
-60.56825
-60.64054
-60.58347
-60.64958
-61.20633
-61.51949
-61.48509
-61.63573
-61.68856
-61.67124
-61.66110
-61.71893
-61.80976
-61.76600
-61.94157
-61.80934
-62.99934
-64.08148
-63.82583
-63.87864
-63.46226
-63.55178
-63.69974
-63.58077
-63.73521
-64.41836
-64.15868
-64.29551
-63.90902
-63.43030
-63.62685
-63.53748
-63.67496
-63.73179
-63.86489
-63.80302
-64.02312
-64.23459
-64.32009
-64.41644
-64.41960
-64.46623
-64.67529
-64.76717
-64.94618
-65.19816
-65.30970
-65.43360
-65.45159
-65.22216
-65.47643
-65.43325
-65.81284
-66.27141
-66.49885
-66.37524
-67.77844
-70.60311
-70.19370
-70.66663
-70.31147
-70.55264
-70.29672
-70.85556
-68.49528
-65.41598
-65.32027
-65.46989
-65.47691
-65.35925
-65.42172
-65.65067
-65.30244
-64.31445
-64.27721
-64.33586
-64.36372
-64.47566
-64.37786
-64.52512
-64.31605
-64.07099
-64.04798
-64.22136
-64.61724
-64.27591
-64.03965
-63.77867
-63.49166
-63.48704
-63.45646
-63.81091
-64.18254
-63.89315
-63.84241
-63.43321
-63.97555
-66.23423
-66.57119
-66.50778
-66.62093
-66.59030
-66.59696
-66.60886
-66.57656
-66.36163
-66.25011
-66.16798
-66.39351
-66.66818
-66.71935
-66.89639
-66.97365
-67.06786
-66.94276
-67.12919
-67.09311
-67.23133
-67.21991
-67.54128
-67.06055
-65.09752
-64.95943
-64.93180
-64.92300
-64.67996
-64.56038
-64.70476
-64.72948
-64.91273
-64.65856
-64.86320
-64.92090
-64.49077
-64.40402
-64.56005
-64.76240
-64.88258
-64.91430
-64.97132
-65.04279
-65.20642
-65.40208
-65.38160
-65.63957
-65.95980
-66.18951
-66.07897
-65.97844
-66.39677
-66.45785
-66.54272
-66.77720
-66.93670
-66.97157
-67.11356
-67.35497
-67.80129
-67.81456
-68.11082
-68.24709
-68.29860
-68.32325
-68.56191
-68.52141
-68.85923
-69.00612
-69.32691
-69.53519
-69.36285
-69.29538
-69.64026
-69.70539
-69.85836
-70.21894
-70.16160
-70.32570
-63.55653
-61.68520
-62.04637
-61.80975
-61.93726
-61.84432
-61.98541
-61.96651
-63.45632
-63.97391
-63.97525
-64.00724
-63.93138
-64.01056
-63.98637
-64.08062
-65.76954
-66.72103
-66.44442
-66.73294
-66.62713
-66.78122
-66.68796
-66.73751
-66.66648
-66.69523
-66.67216
-66.53299
-66.75464
-66.83628
-67.01314
-67.07478
-66.61858
-66.38908
-66.89193
-66.52850
-67.07932
-66.94491
-67.19770
-67.39183
-66.13422
-66.86899
-68.55376
-68.24338
-64.54020
-66.46732
-69.81867
-68.69555
-69.34729
-69.10641
-70.44229
-69.77197
-71.08366
-71.51714
-71.75049
-72.18521
-65.19462
-67.06153
-71.75212
-69.96745
-72.22080
-73.19231
-72.27214
-72.41575
-68.45997
-67.69190
-72.19724
-71.36557
-73.45112
-72.26525
-73.49911
-73.35266
-74.04845
-72.72783
-73.58911
-73.49937
-73.19775
-74.08264
-73.12643
-76.50872
-66.05899
-66.63663
-72.52447
-71.65660
-73.48284
-74.46043
-74.16357
-77.41582
-66.46805
-67.29493
-76.44719
-74.48761
-72.44643
-69.87896
-75.76494
-74.67649
-73.71195
-71.30356
-73.80777
-75.22627
-76.76610
-79.31903
-78.05667
-83.33317
-73.57238
-71.29363
-76.73080
-80.83583
-73.44567
-71.81236
-78.35682
-83.05339
-70.37783
-70.24760
-76.44167
-76.27771
-78.17062
-82.15139
-79.27166
-122.55621
-70.20894
-68.12001
-79.31798
-74.75727
-77.69213
-79.97068
-78.82437
-84.42407
-73.75387
-68.02426
-75.03061
-76.40475
-78.59515
-80.04981
-80.93220
-84.10000
-81.66480
-78.66108
-78.31201
-82.34890
-77.22680
-83.02770
-77.53791
-96.41988
-71.19849
-66.92468
-76.49282
-77.88001
-76.75274
-81.31652
-79.46848
-87.11009
-76.94265
-70.60668
-75.02360
-83.46939
-70.30577
-67.10005
-78.66095
-81.33980
-77.20416
-72.50343
-73.76356
-77.92613
-77.27766
-83.00726
-78.98557
-88.45978
-77.00636
-71.09844
-74.95684
-85.45870
-74.10981
-69.47178
-73.88363
-82.46798
-72.68521
-69.25638
-76.54894
-78.93482
-79.46657
-81.87054
-81.41620
-83.90202
-75.85477
-69.42594
-73.42055
-78.92612
-77.55227
-82.08416
-79.09972
-85.33729
-77.96386
-69.04574
-72.68760
-77.70295
-77.00211
-82.35361
-79.83147
-87.43319
-82.10151
-80.80725
-76.62498
-79.93977
-75.87510
-75.80425
-76.06852
-82.83424
-75.57276
-66.04428
-72.19808
-76.72253
-75.96402
-80.16596
-78.62823
-83.73159
-79.62900
-69.24827
-72.73987
-79.76120
-77.18993
-72.00345
-73.67670
-84.37410
-78.44139
-74.10525
-72.30272
-78.13947
-76.27620
-83.07151
-80.11978
-86.60977
-83.78578
-72.33460
-73.17994
-79.09933
-76.38220
-69.16988
-72.03950
-81.86859
-76.30887
-68.31173
-72.95650
-78.93948
-76.87414
-81.45667
-78.60867
-80.88289
-79.78044
-70.19874
-70.79470
-77.58612
-77.00177
-80.13228
-78.45609
-80.89252
-83.60972
-69.72235
-70.04166
-78.08452
-75.87915
-82.92455
-80.78830
-85.37235
-82.93481
-80.53603
-75.51359
-78.54569
-77.57666
-74.89472
-76.59895
-79.07659
-82.88248
-66.85215
-69.71218
-79.64811
-77.27735
-81.52321
-80.78726
-82.26584
-87.65618
-70.76888
-70.68298
-76.90603
-76.76320
-72.11820
-72.61544
-84.20542
-80.07772
-73.30790
-66.96623
-67.90123
-67.52377
-68.68991
-69.16181
-69.15910
-69.21628
-66.97990
-66.95960
-68.25566
-68.61913
-65.74260
-66.17203
-68.09077
-68.28382
-64.97308
-65.45197
-67.27740
-66.72406
-66.99077
-66.97232
-66.90141
-67.55338
-65.61772
-65.18476
-67.34946
-66.73247
-67.88217
-69.03591
-69.02374
-69.65440
-67.05272
-66.19188
-70.28087
-69.63297
-69.10848
-69.36969
-69.65009
-70.56869
-69.83557
-68.23162
-68.69228
-68.76180
-67.68606
-68.90471
-68.17747
-70.40455
-64.98092
-64.80719
-68.87551
-67.83432
-68.94349
-69.20763
-69.29291
-69.82163
-67.02751
-65.91119
-68.91498
-68.77259
-68.01029
-67.38500
-69.05978
-69.34323
-67.94791
-67.18143
-68.33278
-68.76667
-69.00896
-70.18232
-69.43122
-70.80856
-68.91607
-67.55083
-68.78454
-70.71536
-67.56001
-66.76650
-69.59299
-71.49306
-67.48909
-66.13369
-69.21924
-69.54642
-69.85607
-70.02888
-69.16482
-70.06280
-68.48678
-66.27694
-68.61754
-69.27976
-69.19093
-69.24721
-68.96011
-69.61133
-68.03142
-66.07563
-68.27377
-69.50616
-69.25899
-69.51104
-69.17970
-69.77834
-69.48312
-69.66758
-68.91189
-70.60796
-68.96156
-69.87772
-69.45324
-71.67698
-67.82256
-65.05841
-70.63616
-71.23208
-71.63349
-73.16044
-73.06659
-75.03427
-72.65005
-68.14134
-70.87523
-73.55211
-72.36734
-69.14503
-71.38727
-74.76185
-71.78155
-70.87509
-72.44918
-75.90796
-73.50650
-75.16317
-72.29412
-73.75660
-72.06935
-68.84506
-69.83372
-75.03125
-72.46340
-67.60490
-70.06374
-74.77554
-70.78414
-67.29014
-70.72026
-71.99149
-71.81392
-74.29463
-73.67021
-75.00136
-73.44991
-66.92174
-68.45549
-70.80715
-70.10130
-71.32672
-70.59988
-71.38670
-70.34839
-66.37817
-67.01176
-69.73944
-69.03419
-69.93861
-69.38115
-70.08367
-69.44097
-69.29380
-68.08015
-69.70779
-68.77097
-68.83835
-69.01977
-70.23792
-69.50783
-64.70461
-69.04724
-72.60654
-71.74026
-74.04722
-73.35650
-74.96705
-74.42750
-67.88471
-69.22173
-72.04862
-71.24830
-69.30823
-70.39682
-74.45490
-72.76281
-70.55327
-69.17169
-71.97783
-71.83155
-73.78527
-73.74512
-74.39306
-75.15990
-68.50444
-66.71414
-69.42096
-68.81212
-66.46612
-66.94073
-69.43211
-68.58580
-65.34881
-67.98112
-70.66008
-70.21224
-71.09405
-70.67838
-70.82243
-70.76314
-66.52328
-66.28445
-69.25423
-69.19855
-69.83296
-70.12274
-71.08517
-71.48576
-67.82069
-67.54430
-72.10046
-72.09628
-74.13363
-73.65934
-75.12102
-74.98468
-73.51910
-71.04113
-71.94184
-73.00585
-71.17295
-72.68642
-72.68033
-76.30951
-66.48479
-67.09689
-73.48365
-71.95982
-74.15312
-74.43396
-73.92232
-75.92562
-69.42798
-68.38816
-72.43607
-73.37846
-71.13655
-70.05685
-75.63814
-75.51353
-71.05681
-65.84421
-66.04971
-66.42681
-67.48651
-68.67839
-68.22699
-68.61015
-66.27641
-65.73849
-67.00928
-67.85058
-65.42145
-65.43438
-66.90690
-67.74427
-64.39234
-62.73686
-64.72739
-65.20854
-64.55276
-64.08145
-64.11434
-64.99376
-64.72010
-64.26841
-65.90224
-66.26372
-66.28540
-66.15928
-65.97303
-66.87150
-65.16491
-64.50284
-67.89419
-69.15179
-68.76699
-67.88836
-67.90572
-68.34617
-68.08984
-66.91883
-67.08576
-68.25785
-66.60669
-66.79557
-66.15749
-67.86623
-64.60845
-65.08050
-71.83179
-71.44585
-71.54326
-71.67767
-71.48812
-74.01035
-70.60020
-67.16881
-70.54580
-71.67181
-70.26498
-68.35831
-71.12983
-73.08123
-70.34750
-66.78760
-66.92741
-68.38419
-68.03038
-69.07320
-67.85494
-69.10624
-67.77676
-66.31357
-67.34429
-69.26341
-66.90061
-65.84656
-67.76143
-69.94424
-67.38954
-64.42725
-65.43991
-65.75747
-65.93119
-66.08142
-65.87525
-66.14982
-65.75911
-64.34749
-65.48305
-66.78613
-66.54522
-66.87879
-66.38405
-67.17975
-66.30163
-64.27654
-66.55975
-68.14110
-66.97816
-66.40092
-66.08805
-66.77903
-67.01751
-67.27901
-66.64755
-67.60344
-66.37631
-67.21740
-67.20046
-68.45287
-66.70380
-63.52047
-67.21972
-68.27574
-67.80353
-69.01954
-68.95644
-69.97544
-69.22428
-66.79360
-69.21049
-71.26109
-70.78002
-68.88081
-70.15114
-73.01382
-70.87239
-68.69416
-67.84541
-70.24574
-70.13827
-71.91055
-71.40617
-73.30969
-73.06673
-68.77185
-69.01637
-73.06218
-71.17519
-66.48872
-67.97200
-71.30615
-69.81245
-66.58886
-68.48670
-70.70416
-70.20257
-71.53624
-71.00459
-71.79972
-71.14601
-66.09710
-65.84215
-67.41637
-67.01145
-67.77406
-68.16387
-68.65458
-68.82826
-65.50037
-65.95339
-68.26437
-67.47497
-67.51343
-66.14833
-67.00935
-66.60819
-66.55136
-65.75171
-66.41136
-66.19121
-65.79506
-66.33395
-66.42953
-66.45570
-63.88634
-67.56746
-72.01030
-71.43843
-72.76193
-72.32163
-72.68723
-73.60248
-68.05561
-68.11994
-71.17894
-71.37214
-69.62433
-69.18042
-73.25219
-71.57072
-69.99115
-68.17770
-70.41709
-70.59039
-71.94113
-72.26885
-72.52967
-73.74739
-69.43478
-68.83310
-71.09374
-72.28752
-67.65735
-68.68647
-72.41322
-73.36000
-67.26547
-67.51055
-71.66248
-70.14585
-71.26353
-71.65337
-72.09048
-72.92001
-68.47083
-67.44078
-71.36265
-70.81378
-71.57032
-71.21661
-70.92653
-72.58835
-68.74582
-67.22606
-72.08685
-72.50660
-74.62957
-74.79751
-74.66583
-75.41771
-74.08564
-72.03760
-71.37045
-72.85854
-70.91762
-72.92975
-72.45802
-77.79473
-67.65950
-66.74329
-74.82878
-73.80929
-74.45096
-75.41192
-74.77580
-78.42381
-70.96738
-67.81485
-72.09617
-72.35572
-70.75644
-69.51834
-74.74088
-75.19055
-72.56585
-66.90964
-65.91973
-66.33433
-66.51941
-67.99136
-67.57349
-68.56688
-66.51602
-65.48020
-66.62996
-67.93050
-65.88632
-65.87807
-67.25119
-68.42713
-65.31430
-64.43902
-66.66172
-66.60687
-67.01191
-67.02977
-66.44748
-67.17455
-66.00720
-64.14316
-66.01133
-65.72700
-66.16005
-67.70592
-67.39042
-68.57871
-66.77369
-64.65528
-67.68794
-69.02807
-67.81036
-68.10165
-68.05493
-68.85392
-68.55900
-67.13525
-66.64223
-68.05998
-66.37292
-67.00638
-66.73059
-68.41740
-65.82688
-63.57830
-67.23677
-67.34924
-67.47381
-68.66170
-68.38827
-69.51108
-67.80028
-64.41473
-66.16425
-67.51233
-66.94339
-66.03370
-67.57650
-68.31921
-67.40464
-66.63468
-66.85542
-68.29709
-67.64978
-69.16893
-68.25782
-69.52345
-68.75451
-66.74624
-67.74786
-69.63351
-67.68178
-66.34026
-67.67568
-69.97374
-67.83603
-65.31480
-67.69724
-68.57491
-68.58780
-69.00052
-68.73521
-69.20362
-69.01403
-65.63753
-66.39547
-68.15731
-68.07474
-68.64440
-67.77450
-68.49395
-68.01155
-65.55074
-66.43506
-68.66302
-68.24735
-68.55020
-68.11965
-68.91132
-68.43259
-68.55892
-68.09187
-69.18157
-68.46442
-68.79011
-68.60963
-70.06778
-68.87109
-64.41314
-69.23801
-72.31234
-71.04895
-72.58508
-71.94347
-72.67429
-72.60375
-67.59699
-68.05140
-71.04688
-71.81938
-69.35331
-69.82181
-74.89599
-72.14000
-70.03208
-68.74739
-71.06008
-70.83063
-71.84069
-71.35680
-72.47726
-73.20043
-69.25254
-68.44991
-71.09489
-71.98756
-67.82169
-68.33045
-72.38537
-71.80761
-66.77437
-68.60714
-71.31807
-70.60105
-72.02489
-71.52252
-71.79116
-72.85814
-67.22850
-66.49799
-69.78869
-69.26076
-70.20193
-69.86324
-70.10739
-70.71197
-66.59366
-65.82882
-68.75590
-68.38667
-69.22097
-68.75188
-69.18184
-69.07283
-68.81496
-67.97482
-68.49621
-68.66584
-68.20509
-68.53925
-68.44154
-69.93621
-65.52011
-67.20002
-72.20790
-71.61741
-72.69205
-72.94209
-72.94852
-74.85802
-68.68530
-68.08550
-71.94978
-72.26156
-70.49427
-69.04127
-72.65781
-72.26665
-70.95535
-69.07607
-70.82097
-71.64719
-72.47453
-74.13307
-73.48960
-75.84139
-69.65594
-66.24323
-67.53718
-68.31029
-66.56777
-66.75084
-68.47487
-69.36917
-65.84334
-65.44257
-67.75345
-67.92176
-68.51366
-68.99171
-68.80823
-69.64551
-67.67147
-66.44918
-69.19721
-69.16282
-69.50343
-69.06271
-69.16246
-70.34090
-68.34661
-67.68448
-72.63041
-73.33753
-73.56730
-73.61065
-73.35769
-74.86602
-74.13092
-73.46207
-72.65049
-75.43154
-71.98741
-73.59659
-73.06868
-78.64665
-68.93004
-66.14842
-74.18842
-74.32097
-74.98043
-76.24873
-74.86381
-78.66571
-71.62421
-67.68548
-71.42278
-73.03214
-71.85781
-69.13817
-73.60875
-76.00025
-73.47932
-67.10651
-65.57151
-66.42860
-66.07237
-67.79499
-67.19355
-68.25846
-66.44988
-65.37224
-66.40643
-67.92886
-66.15393
-65.12565
-66.57708
-67.59220
-65.93050
-63.60809
-64.73827
-65.59781
-65.19462
-64.81387
-64.38477
-64.82498
-64.89646
-64.55186
-65.66401
-66.28311
-66.12690
-66.45317
-65.92415
-66.50407
-65.83390
-64.45585
-66.97859
-68.85883
-68.83483
-68.55337
-68.10348
-68.53304
-68.15230
-68.08693
-67.21144
-68.49086
-67.50469
-67.61297
-67.00485
-68.15643
-66.30836
-64.18387
-69.46214
-71.49109
-70.95934
-71.87845
-71.83866
-72.86483
-71.45913
-66.68518
-67.99115
-69.94835
-69.34165
-67.63327
-69.36431
-72.89921
-70.92826
-68.44548
-66.96656
-68.47090
-67.76866
-69.02527
-68.59054
-69.35724
-68.67149
-67.04325
-67.46488
-68.61397
-67.74460
-65.96668
-67.33664
-69.37898
-68.56294
-64.93603
-65.31021
-66.26650
-65.88809
-66.20646
-66.10331
-66.31036
-66.38132
-64.35911
-64.77524
-66.47082
-66.01292
-66.42331
-66.23917
-66.68619
-66.67625
-65.00145
-65.87817
-67.82723
-67.44648
-66.85528
-65.78376
-66.43811
-66.52738
-66.99693
-66.62960
-67.28212
-66.85286
-66.68200
-67.30845
-67.52742
-67.91956
-63.96814
-65.84840
-68.19783
-67.33961
-68.34741
-67.87814
-68.63354
-68.66777
-66.53842
-67.73827
-70.40619
-71.05170
-69.03280
-69.06405
-73.13706
-70.68341
-69.50863
-69.31896
-71.02872
-70.87518
-71.90366
-71.84385
-71.76664
-72.15291
-68.76205
-68.64685
-71.29681
-73.87616
-68.47335
-67.94790
-71.11536
-70.89709
-67.37140
-68.56150
-71.44752
-70.68176
-71.00099
-70.79264
-70.94856
-71.86166
-68.00089
-66.19853
-69.06691
-68.50391
-68.71625
-68.85017
-68.68768
-68.75995
-66.28471
-65.92215
-68.37504
-68.49609
-68.41708
-66.58074
-66.56420
-66.60312
-66.39502
-66.30353
-66.13675
-66.68528
-65.73152
-66.25681
-66.17749
-67.22450
-64.14573
-65.43259
-70.40520
-69.85897
-70.59346
-71.24894
-71.47198
-73.49822
-69.48245
-66.62774
-69.69099
-70.47359
-69.09694
-68.07883
-71.84467
-72.91747
-71.07861
-69.89837
-70.52675
-71.36478
-71.65907
-72.87025
-72.00661
-73.98211
-70.78916
-68.91934
-70.88333
-73.93521
-69.08331
-67.74921
-71.56317
-74.43770
-69.42754
-67.29291
-70.21135
-69.97979
-70.27348
-70.65436
-70.80402
-72.17136
-69.35254
-67.27200
-70.63486
-71.38731
-70.77473
-71.41642
-71.24749
-72.16424
-70.11390
-67.13620
-70.08319
-71.56085
-71.77315
-72.91485
-72.66990
-74.50393
-72.83263
-73.99904
-72.69963
-75.06717
-71.51904
-72.63000
-72.99590
-76.88523
-70.28806
-65.91330
-72.46028
-74.09240
-73.56664
-75.10316
-73.94788
-75.21023
-72.50001
-68.24896
-72.04959
-74.96464
-73.08017
-69.76532
-73.21432
-75.46119
-75.48214
-76.17637
-73.93386
-75.46656
-75.52387
-76.55317
-75.92154
-77.41241
-76.55046
-77.59428
-76.26391
-76.02460
-75.95974
-76.72735
-76.65486
-77.52763
-77.41287
-76.62654
-75.03997
-74.16361
-74.24937
-75.23398
-76.24083
-76.36371
-77.13766
-75.08072
-74.59848
-74.55161
-74.61794
-74.00790
-74.62602
-74.11276
-74.08966
-73.59478
-73.02318
-73.65344
-74.36332
-74.25595
-74.00948
-74.15607
-74.29412
-74.61378
-74.73747
-74.87178
-74.73399
-74.75446
-74.13677
-74.18523
-74.78435
-75.36041
-74.23325
-74.15958
-74.68946
-74.99943
-75.51435
-75.66418
-76.09402
-76.11688
-76.18288
-75.97832
-76.01596
-76.54934
-75.86327
-74.99146
-75.88136
-75.57821
-74.43806
-74.68978
-75.71914
-76.09458
-76.32720
-76.78349
-77.55834
-77.52629
-77.32102
-77.37636
-78.16736
-78.69467
-77.35244
-76.48796
-77.04639
-77.00007
-74.19761
-74.06739
-75.20661
-75.59927
-76.37500
-76.98301
-77.34258
-77.73310
-77.77772
-77.70472
-77.42438
-77.05019
-76.68840
-76.21966
-76.54827
-75.91558
-76.04768
-75.45957
-75.78042
-77.44064
-77.47920
-78.32791
-79.00535
-77.96234
-79.11953
-79.03103
-78.78133
-79.46412
-78.29105
-77.55369
-77.55161
-78.73086
-76.22987
-76.94078
-77.35679
-77.61261
-79.53521
-78.45987
-79.54560
-80.68452
-81.74508
-80.81270
-80.55525
-80.55983
-79.60371
-78.74686
-79.84996
-80.16851
-76.77234
-75.76133
-77.24510
-77.57651
-78.87061
-79.32287
-80.77063
-81.48629
-82.17004
-81.77494
-81.61748
-82.08124
-79.26255
-79.35840
-79.76017
-81.48821
-74.27053
-71.96788
-73.80293
-74.79266
-76.39276
-77.24102
-78.44236
-79.85675
-80.60360
-81.70690
-81.30828
-79.60697
-76.81556
-74.92667
-76.11812
-76.82702
-77.09756
-76.90760
-78.71571
-79.60695
-80.76754
-81.54432
-82.10440
-83.39014
-81.95130
-81.14718
-82.47382
-83.88909
-81.41196
-81.86736
-82.85013
-85.53837
-81.55612
-78.59929
-79.20225
-79.92493
-81.75714
-82.75206
-84.33322
-83.64762
-83.66039
-85.38259
-86.87964
-86.44514
-81.43739
-81.79245
-83.00221
-85.43621
-81.50768
-77.44564
-79.24129
-80.55102
-83.22129
-83.71876
-87.08101
-85.84406
-87.88804
-86.08017
-79.87452
-79.59732
-79.17475
-80.77760
-81.31520
-83.40452
-80.64362
-78.74256
-80.53665
-82.36183
-84.02947
-85.85642
-85.78165
-85.31683
-86.70306
-87.36008
-88.94751
-83.78428
-82.98030
-86.28424
-87.61663
-92.44919
-84.23375
-78.46571
-80.29799
-84.19351
-86.62054
-83.60854
-84.00381
-85.50195
-86.06062
-87.68340
-86.38809
-81.53747
-82.21276
-84.46446
-85.57816
-88.73495
-76.93045
-73.96862
-74.63557
-75.00870
-75.34030
-75.63101
-75.99112
-75.91029
-75.66232
-75.65296
-74.98233
-74.77262
-74.80911
-75.20133
-75.51734
-76.37431
-75.47309
-70.65139
-70.52024
-72.17772
-73.27992
-73.27978
-73.11635
-75.47777
-76.54122
-77.42630
-76.89160
-78.05577
-75.53563
-72.64792
-73.32668
-73.74035
-73.66389
-71.64198
-72.75510
-74.29220
-74.87867
-76.33504
-77.03219
-78.64096
-75.37481
-74.48058
-72.83052
-72.16243
-72.80110
-73.24231
-73.75437
-73.88240
-73.76861
-72.13969
-72.28702
-72.67662
-72.78088
-73.46971
-73.88264
-74.11925
-74.42071
-73.66429
-72.53218
-72.83173
-72.94196
-73.21669
-73.73395
-74.19596
-74.97939
-73.07886
-72.88688
-73.75979
-74.60256
-75.38163
-75.57301
-75.93611
-76.09111
-75.97871
-74.00419
-74.81895
-75.61582
-75.53893
-75.65715
-75.71140
-76.26806
-74.63649
-74.48342
-75.31841
-75.79321
-76.73518
-77.15693
-77.49852
-77.48653
-77.80278
-76.41536
-76.81893
-77.35069
-77.55068
-78.31101
-78.40538
-78.20869
-74.42000
-74.20703
-75.09394
-75.61751
-76.41663
-77.41889
-77.91036
-78.19543
-78.18638
-75.95131
-75.38573
-75.92711
-75.42675
-75.27527
-76.24476
-76.24171
-78.32291
-76.72481
-75.69312
-78.04943
-76.40785
-78.17334
-79.63693
-78.11334
-79.20169
-76.61679
-77.94350
-79.08739
-78.04829
-80.46219
-79.15277
-79.28123
-80.44225
-78.46766
-80.01956
-79.57798
-78.58157
-78.96924
-80.08732
-76.20683
-70.97359
-70.99223
-70.66113
-70.72960
-70.68004
-71.03849
-70.79092
-71.67517
-74.94919
-74.48272
-74.71038
-74.49203
-74.74692
-74.68937
-74.77667
-74.66009
-74.85488
-74.75641
-74.79830
-74.80362
-74.52265
-74.64625
-74.62399
-74.70294
-74.31170
-74.52732
-74.54406
-74.66869
-73.89277
-72.91593
-73.28288
-73.47569
-73.09460
-73.62680
-73.94785
-73.91915
-73.90468
-74.21503
-74.40490
-74.48265
-74.72563
-74.88363
-75.27595
-75.39260
-75.09894
-74.22911
-74.36836
-74.83526
-75.07083
-75.21787
-75.44689
-75.80904
-76.12985
-76.32733
-76.59610
-76.73757
-76.52581
-76.79226
-77.02922
-77.16131
-77.30398
-77.41713
-77.50928
-77.28248
-78.20265
-80.14223
-80.25437
-80.31025
-80.41966
-80.71227
-80.62691
-80.86430
-80.53650
-79.40457
-79.12043
-79.12959
-79.59740
-79.95051
-80.43361
-80.60497
-80.84750
-80.40807
-80.52113
-81.61958
-82.96799
-83.85347
-83.52352
-84.58160
-82.17465
-80.26725
-81.53748
-82.48819
-83.57408
-84.09072
-84.96976
-85.35595
-86.19847
-86.63766
-87.40603
-86.82231
-83.92935
-85.81438
-85.60987
-88.28004
-84.76968
-79.03484
-80.79135
-83.09755
-84.91574
-87.75827
-90.47391
-88.63338
-88.38700
-89.27344
-82.30071
-82.90919
-84.62525
-85.96847
-88.11134
-91.77246
-88.83197
-80.37851
-82.10110
-82.20313
-82.97225
-85.85853
-89.43018
-88.05454
-79.81370
-80.28083
-81.53337
-81.96786
-83.78147
-84.96428
-86.24994
-87.86467
-90.71133
-92.13749
-92.06766
-90.74459
-87.31948
-87.13855
-89.89856
-92.72355
-96.19163
-96.00591
-98.63833
-100.39487
-101.59068
-102.12014
-97.27716
-98.17938
-102.56372
-106.27775
-102.69787
-100.16969
-101.17926
-101.48423
-106.21029
-110.86095
-116.15786
-121.47412
-129.28704
-132.74484
-135.02211
-137.28446
-133.38516
