-78.43236
-64.56143
-63.97824
-62.41243
-63.64617
-65.03196
-65.06422
-65.53893
-65.72504
-66.27284
-66.87709
-67.65373
-68.15348
-68.83298
-68.98515
-70.00423
-69.85606
-71.20675
-70.28482
-73.34737
-64.03175
-60.89809
-62.97078
-63.25588
-63.39924
-63.58260
-64.93086
-65.28758
-66.60804
-67.08754
-68.38499
-69.13364
-70.57992
-71.05961
-72.16211
-72.36063
-73.14116
-73.94667
-74.05837
-75.12337
-61.24816
-59.24309
-60.87389
-61.20612
-61.95658
-61.22394
-62.50654
-63.41030
-65.18615
-65.63133
-66.53858
-67.24973
-68.78395
-69.44132
-69.99786
-70.99981
-72.26052
-74.43761
-74.82298
-78.41098
-66.39737
-63.99894
-63.06069
-62.77722
-62.75087
-62.07027
-62.93643
-63.96524
-66.27542
-67.43591
-69.61544
-70.87115
-73.18914
-75.26905
-77.56754
-78.78359
-80.20198
-82.37236
-82.36191
-90.50092
-67.98087
-63.53448
-67.17777
-68.13915
-67.69009
-67.13258
-68.56316
-68.67276
-71.26951
-67.83904
-63.96787
-63.93151
-64.34984
-65.04268
-65.26346
-67.88896
-68.54342
-71.31090
-71.23319
-76.68466
-65.86897
-60.89683
-61.27559
-61.04719
-61.53727
-61.53640
-62.28982
-62.62139
-63.22486
-64.05789
-64.08336
-63.13101
-63.11608
-63.26733
-63.97248
-65.01965
-65.41989
-66.65962
-66.95755
-68.63868
-68.53371
-65.10447
-63.17896
-61.83087
-61.55446
-62.10936
-62.35500
-62.80983
-64.22962
-65.29317
-66.29776
-67.28996
-68.29425
-68.76702
-69.45688
-69.72796
-70.74871
-70.57112
-72.03171
-70.96926
-74.26542
-66.93650
-61.30621
-65.05141
-68.67230
-69.91891
-69.67400
-68.98127
-69.96375
-70.02983
-70.68069
-70.89044
-71.96222
-72.61957
-72.96296
-73.76180
-73.38321
-74.72019
-74.04173
-76.76271
-73.69589
-81.39344
-64.16737
-59.87703
-62.55333
-63.35832
-64.53659
-63.21241
-64.12777
-64.66552
-66.28841
-66.99498
-67.34339
-67.86722
-69.20843
-70.05769
-70.87935
-71.12114
-72.92561
-72.71805
-75.76835
-73.86699
-82.96208
-65.07503
-60.38939
-64.57842
-62.12648
-63.51701
-65.49367
-67.55747
-68.16667
-68.36942
-68.59993
-69.41687
-70.78897
-71.49875
-72.28283
-72.71302
-72.94529
-73.78648
-74.07830
-75.25867
-74.31754
-77.30545
-70.78837
-64.04051
-63.87513
-62.37338
-63.10710
-63.53839
-64.24708
-64.16247
-64.06833
-64.97806
-65.64547
-66.76390
-67.44867
-68.09331
-68.60813
-69.29236
-69.87601
-70.34409
-70.89280
-71.15707
-72.02660
-71.75147
-67.11661
-62.51434
-59.80024
-59.53330
-59.31276
-60.50703
-61.67231
-62.69007
-63.54957
-64.77420
-66.27580
-67.02944
-68.97091
-69.96305
-71.79836
-71.78657
-74.66477
-74.19721
-78.01724
-75.57132
-85.58529
-68.10322
-62.02497
-65.10212
-61.06121
-60.70695
-61.02843
-60.95694
-61.79769
-62.42746
-64.07450
-64.93393
-66.85664
-67.55774
-69.87210
-71.01095
-73.68024
-74.19077
-77.61597
-77.70091
-82.80611
-80.88996
-93.50888
-75.52420
-64.96158
-65.53994
-64.52275
-63.59469
-64.12589
-65.10173
-65.94643
-66.49785
-67.68471
-68.89962
-69.47400
-70.67182
-71.54026
-72.85647
-73.41993
-74.92719
-75.18463
-77.03935
-76.77450
-79.00718
-78.03829
-82.73696
-75.14465
-63.22148
-63.35242
-63.97920
-63.77671
-63.88178
-63.43865
-64.04756
-64.20839
-65.12263
-65.46335
-66.31059
-66.71213
-67.45337
-67.75336
-68.57042
-68.91850
-69.47966
-69.85655
-70.35056
-71.19965
-71.71580
-72.79591
-73.77659
-78.63048
-66.04217
-63.38153
-64.65639
-64.39317
-64.32437
-63.21398
-65.37320
-66.02700
-66.80173
-68.12490
-69.53120
-70.14944
-71.50464
-73.60762
-74.25868
-75.86801
-75.84949
-75.36810
-77.60390
-78.81626
-79.24404
-80.63998
-82.03363
-78.15653
-81.54122
-76.67297
-63.78649
-63.95444
-66.03393
-64.14702
-63.89259
-63.68178
-64.98993
-66.10251
-66.90492
-67.59020
-68.73253
-70.39944
-71.53855
-71.98467
-71.90302
-72.87720
-72.72395
-73.73756
-73.87157
-75.40825
-75.05228
-76.94577
-74.19056
-73.57198
-74.26340
-75.13884
-72.39617
-62.02929
-61.46006
-62.56025
-61.86836
-62.19998
-62.55044
-63.42411
-63.52622
-63.93984
-64.32154
-64.90721
-66.99380
-69.27960
-69.22704
-70.61442
-71.38754
-72.15575
-72.51270
-73.30323
-73.66655
-73.71953
-74.87079
-72.24362
-69.83298
-70.99972
-71.36975
-71.51349
-71.94098
-67.68560
-66.97532
-68.87873
-71.70584
-73.20848
-71.50345
-72.15122
-74.36044
-74.57003
-75.67442
-76.78834
-75.57743
-80.15123
-76.19432
-78.37553
-79.95795
-76.58614
-80.39212
-77.26749
-78.50480
-81.34368
-81.07742
-80.23328
-74.80201
-78.18024
-80.54258
-77.28377
-80.66025
-77.88328
-79.09965
-79.02142
-81.10554
-78.50697
-86.82957
-85.96867
-78.92383
-83.41342
-80.01181
-82.17523
-78.32732
-83.47489
-79.50998
-78.95429
-80.26038
-77.88551
-77.97220
-79.70249
-79.87800
-78.43644
-79.16955
-78.60060
-95.24098
-85.81963
-111.51043
-87.33642
-98.75726
-83.49477
-103.68356
-85.99336
-87.80217
-74.34797
-58.18273
-59.12370
-61.09229
-62.22073
-62.72608
-60.71672
-60.54108
-63.48623
-66.11272
-67.10432
-66.64367
-60.34055
-60.48052
-62.38690
-62.30878
-63.99894
-59.57588
-57.19717
-59.35962
-60.50627
-61.63207
-61.07679
-58.47416
-59.55025
-64.19772
-65.68434
-66.98261
-63.79465
-59.24958
-60.44286
-61.70956
-62.18334
-63.14424
-57.75800
-56.38536
-55.91303
-56.24296
-57.95883
-59.19323
-59.97699
-60.52869
-62.39779
-62.83872
-66.45240
-59.74535
-57.55334
-58.92138
-59.09777
-59.80903
-60.32404
-61.39984
-61.44000
-62.58565
-63.16848
-64.68206
-62.78477
-59.98751
-62.49134
-60.61398
-58.84284
-60.41626
-58.57822
-58.86880
-59.58874
-59.79751
-60.81867
-58.50833
-57.14149
-59.22221
-60.18863
-60.75832
-60.29913
-57.72330
-59.65845
-63.84063
-64.97132
-66.24485
-62.84887
-59.58741
-60.78447
-62.20263
-65.36524
-65.21934
-58.84416
-58.86836
-62.08582
-62.84209
-64.39293
-59.74776
-55.87484
-58.27395
-61.33108
-62.35757
-63.20004
-60.06357
-58.68211
-61.17764
-61.99377
-63.65247
-61.67445
-56.95458
-57.89318
-58.59325
-59.36362
-60.26729
-60.73521
-60.37219
-62.25000
-63.64694
-64.81971
-64.19032
-59.00700
-58.87101
-58.39243
-59.72173
-60.70419
-62.20987
-62.59250
-63.79685
-64.91504
-66.49335
-67.65883
-58.21745
-57.50556
-58.62359
-57.97796
-58.57574
-59.28004
-58.83452
-59.24763
-60.41458
-60.64687
-62.16250
-56.98297
-55.60508
-57.17060
-56.67824
-58.32463
-59.01529
-59.20595
-60.61094
-63.38390
-64.10838
-68.27633
-59.77546
-53.98398
-55.76680
-56.37197
-56.17441
-58.21982
-58.78494
-57.84483
-57.06311
-56.09402
-59.86550
-60.33352
-55.94484
-54.49432
-56.76273
-58.33765
-58.38292
-59.73828
-57.25093
-58.07924
-57.77730
-60.25799
-59.04375
-57.24167
-56.75585
-56.95537
-58.55294
-58.91324
-60.73081
-60.25819
-62.53983
-63.27264
-65.99463
-64.02887
-56.43198
-53.72106
-54.89061
-56.60017
-60.36529
-61.82815
-60.44358
-63.08600
-63.45369
-66.28652
-66.01761
-57.98132
-53.37160
-52.83752
-52.98342
-54.12026
-58.53708
-61.23540
-62.11705
-62.56387
-63.46293
-63.08345
-59.86102
-59.74843
-60.16538
-60.17952
-61.31300
-59.58216
-61.50735
-65.09572
-68.99721
-68.88599
-69.91480
-57.50237
-52.29747
-55.93878
-55.64484
-57.56530
-60.88029
-58.91844
-58.02992
-59.27707
-59.46991
-58.07187
-56.35042
-54.02474
-51.53617
-51.43728
-53.90523
-54.23701
-56.12743
-56.08844
-55.55799
-57.53674
-64.03373
-60.03932
-57.47485
-59.02070
-59.06460
-59.21963
-59.67210
-60.50291
-60.71687
-62.20134
-61.89899
-62.71542
-59.95665
-56.08907
-53.71858
-54.72541
-56.17023
-57.41064
-59.57322
-60.24505
-60.69206
-61.21016
-62.97433
-60.54366
-57.42306
-55.98750
-56.04194
-56.48249
-58.15465
-59.00100
-59.15398
-60.55064
-60.84499
-62.70944
-60.33597
-58.95571
-57.95233
-58.31222
-59.85095
-60.70271
-61.65161
-61.23722
-64.17311
-66.20839
-67.64299
-66.45067
-57.12734
-54.88463
-57.36640
-58.29536
-60.86874
-60.50864
-58.79173
-58.19736
-60.17207
-61.63765
-58.37885
-54.81992
-53.49343
-52.33930
-51.72332
-56.91816
-60.61875
-57.31396
-56.33873
-57.71682
-59.02674
-58.04456
-57.62337
-57.19968
-57.51761
-58.25116
-58.18114
-59.06689
-59.48304
-59.88485
-61.39774
-62.54490
-65.49965
-57.41708
-54.32758
-53.15885
-54.24051
-59.99442
-61.24266
-62.58599
-61.63775
-65.43203
-66.74730
-67.46273
-60.92891
-55.86775
-54.70359
-54.44240
-56.31909
-57.38374
-58.95777
-61.12843
-62.95226
-62.62985
-63.65652
-60.22313
-58.79755
-60.22710
-59.77157
-60.16046
-59.98079
-59.82386
-60.43530
-61.75232
-62.28735
-64.15557
-61.28384
-56.28617
-53.71239
-54.04600
-58.21401
-59.15672
-58.74229
-57.55240
-58.01893
-58.77156
-61.64238
-58.84379
-54.35306
-52.90377
-51.11302
-53.45115
-53.83102
-53.63977
-55.21732
-57.08255
-58.26206
-59.56523
-57.37174
-54.85155
-53.70636
-54.38327
-57.60285
-55.78905
-55.58446
-56.22804
-57.99212
-58.84518
-60.29704
-60.44328
-56.86617
-55.63243
-55.86807
-55.98634
-56.77092
-58.97636
-58.89549
-58.14678
-56.92858
-59.42798
-60.80891
-54.43454
-54.05483
-56.88081
-57.98206
-57.56776
-56.46088
-56.33567
-57.51697
-57.86846
-61.81906
-57.33229
-51.03188
-52.16406
-53.50337
-53.93840
-54.08720
-53.67175
-54.06310
-54.84726
-54.79932
-54.99972
-54.78580
-53.71894
-57.00535
-59.70447
-61.76841
-61.86379
-62.57010
-64.71579
-66.79366
-70.35058
-69.24891
-73.41005
-53.14511
-49.97476
-50.63936
-51.16107
-55.20721
-60.14401
-68.43256
-67.81361
-72.62332
-65.80087
-82.09905
-59.12755
-49.87866
-48.89364
-49.09928
-50.02192
-49.94309
-50.44756
-50.97842
-50.83967
-51.30138
-51.39347
-52.51465
-52.20108
-51.19381
-51.62391
-52.58954
-51.12246
-51.16069
-53.56131
-50.09085
-48.58473
-49.25608
-49.35893
-49.45493
-49.74189
-50.50067
-52.12022
-51.85865
-52.20641
-53.04685
-52.80113
-52.62144
-52.83953
-50.84258
-48.45336
-49.25334
-49.64201
-50.08481
-50.86475
-52.23811
-52.10981
-52.05364
-51.54971
-51.53285
-51.44546
-50.06481
-50.36336
-49.36419
-50.12629
-51.72092
-51.90639
-51.42081
-50.51075
-51.88305
-52.31256
-51.95686
-51.66076
-51.73101
-52.37359
-51.66859
-51.76812
-51.73388
-51.32751
-50.47340
-50.56205
-51.11045
-51.48345
-52.35825
-51.93731
-51.41650
-51.36529
-51.34919
-51.50601
-52.08149
-51.52782
-50.41460
-50.74553
-51.43793
-52.29397
-52.59277
-51.72650
-51.56336
-51.68537
-51.78734
-53.10377
-52.62786
-51.16315
-51.74510
-51.49966
-51.40141
-52.09037
-53.27705
-54.68997
-57.71706
-60.73049
-62.01635
-62.23544
-61.54908
-61.94080
-62.06776
-62.47964
-53.50517
-51.95197
-52.92661
-52.86189
-53.84983
-53.79903
-54.22663
-54.12045
-54.64806
-54.52355
-54.46309
-52.81879
-52.49211
-52.26778
-54.22871
-57.91110
-61.52640
-62.30513
-63.16147
-63.40798
-73.66432
-61.71896
-49.37188
-49.84029
-51.94336
-54.73119
-57.77314
-61.01014
-62.69810
-64.43423
-63.00378
-64.30717
-62.95720
-50.26720
-49.69529
-50.11413
-50.26765
-50.72950
-50.57998
-50.51194
-50.60727
-51.11413
-50.92518
-51.45264
-52.36161
-52.51354
-50.18323
-50.21261
-51.19564
-51.37375
-50.21546
-52.73094
-51.60910
-48.61024
-48.94554
-49.47756
-49.53526
-49.73883
-50.24329
-50.19472
-50.82164
-50.99947
-52.21883
-51.06191
-50.94815
-52.13741
-51.58527
-50.58217
-50.79471
-52.11995
-52.40740
-51.00637
-51.15590
-51.81167
-52.16132
-51.91086
-50.56208
-49.40819
-48.98828
-49.94032
-48.92828
-50.34084
-51.68753
-51.93906
-52.67636
-52.01877
-52.30106
-52.40912
-51.02757
-50.09179
-49.69361
-48.48619
-49.16170
-49.16433
-52.19466
-54.39701
-56.58118
-55.54657
-48.14034
-48.08590
-48.20993
-48.93719
-50.42036
-51.33902
-52.89843
-52.53590
-54.35805
-54.04166
-53.03236
-52.85112
-50.83577
-51.52050
-51.11623
-49.37353
-50.37952
-50.86123
-52.84059
-53.56902
-53.29223
-52.81533
-53.14487
-52.22344
-49.75889
-50.08086
-51.07781
-51.31896
-51.72128
-51.74101
-51.33055
-51.49501
-52.57186
-52.46706
-51.47588
-53.28580
-52.84499
-52.20386
-52.55143
-53.07625
-53.12290
-52.85048
-53.50435
-53.96461
-54.72496
-54.74303
-51.86768
-51.97774
-55.04658
-58.58274
-63.65024
-64.98266
-65.91977
-68.31862
-72.15357
-70.05703
-77.20673
-50.59224
-47.86083
-50.52833
-52.37891
-56.81031
-60.56810
-66.66812
-66.08404
-69.27625
-69.86985
-71.78750
-52.16334
-49.14440
-49.58886
-49.47505
-50.39232
-50.83131
-51.26549
-51.03155
-51.57464
-51.68659
-51.67512
-50.46346
-50.21225
-50.37869
-51.04330
-50.80422
-50.68028
-50.95281
-51.42325
-51.43852
-51.11470
-51.23370
-51.23508
-51.39932
-50.76865
-50.57618
-50.42696
-50.93830
-51.24191
-51.36051
-52.15829
-52.70520
-53.24154
-49.49178
-48.44362
-49.38573
-49.37670
-49.67173
-49.99338
-51.70602
-51.72321
-52.04816
-52.23858
-53.14022
-51.69126
-50.76276
-51.38119
-50.91223
-51.88572
-51.80168
-51.01206
-49.90104
-50.78172
-52.35954
-51.96257
-50.76107
-51.10816
-52.95432
-52.40938
-51.72636
-51.83582
-52.47420
-51.80565
-50.94399
-50.54670
-50.84336
-52.25696
-51.48440
-52.00643
-52.59940
-52.58523
-53.61633
-53.70104
-54.30530
-54.47490
-54.01436
-54.25262
-54.39395
-54.43768
-54.84892
-54.31652
-55.01983
-55.85412
-58.79826
-60.40878
-63.06661
-63.18179
-65.70805
-58.76247
-51.94727
-54.19703
-55.05571
-58.68635
-60.57349
-61.79555
-62.20647
-64.32835
-64.50583
-62.25107
-60.62554
-50.99608
-49.81836
-50.14880
-50.12714
-51.13263
-51.67333
-52.50697
-52.44011
-51.38447
-50.81245
-50.73758
-49.97394
-49.47178
-49.58366
-50.00898
-50.48332
-50.09702
-50.39351
-50.60884
-51.06375
-49.78160
-49.15151
-50.31625
-49.48869
-49.15890
-50.77857
-53.52582
-56.85754
-61.29078
-63.73831
-63.41847
-52.66883
-49.15142
-49.67534
-50.41981
-50.92063
-52.05998
-52.32072
-50.97564
-51.34056
-51.24633
-51.69972
-50.90311
-50.66145
-51.77895
-52.67599
-52.23258
-52.11453
-53.17842
-55.22461
-58.19252
-60.07947
-65.59351
-64.12074
-76.59460
-56.24336
-48.96899
-49.14106
-49.80239
-51.00073
-52.20834
-54.60315
-57.04604
-58.72772
-60.60093
-65.36134
-54.53071
-50.05700
-51.44089
-52.40841
-52.85956
-53.81142
-53.47963
-52.79613
-52.40010
-52.64598
-53.08622
-53.51857
-53.37464
-53.95593
-53.94622
-52.14479
-53.00258
-52.39684
-52.77447
-52.67689
-52.41958
-53.46804
-53.76622
-54.00917
-54.05610
-53.90135
-54.05145
-54.58441
-53.91934
-53.98514
-53.66562
-52.28809
-51.08809
-51.83388
-52.62929
-52.12735
-51.85605
-51.94868
-52.42377
-52.10328
-52.70587
-53.85058
-54.38651
-54.60719
-54.54701
-55.09111
-55.06653
-54.85060
-55.30845
-55.83181
-55.78251
-55.78033
-55.66998
-56.06680
-56.15932
-55.52941
-54.76350
-54.91146
-55.62490
-55.07621
-54.69713
-54.10298
-54.14246
-56.88091
-62.73367
-67.16516
-67.12383
-64.86177
-62.14585
-62.21366
-62.94904
-63.63784
-63.17882
-63.21557
-63.14118
-63.43105
-63.08400
-64.66589
-63.05249
-59.89642
-60.28422
-60.31197
-60.42999
-59.68142
-60.14372
-60.35501
-61.86380
-61.58434
-62.14991
-59.91912
-56.35794
-55.34254
-53.92547
-53.81563
-53.90891
-54.06607
-54.52799
-54.97881
-54.94426
-54.99735
-56.54779
-56.83607
-56.02599
-57.20997
-57.84778
-57.77594
-57.28979
-57.15064
-58.79871
-61.03624
-62.83513
-62.67270
-58.66804
-56.76389
-56.45066
-56.77667
-58.45831
-59.81117
-57.68550
-56.53999
-58.60892
-59.23007
-58.85112
-55.83694
-54.55914
-55.38507
-55.26404
-55.28682
-56.25510
-56.91372
-58.03408
-58.85970
-61.44077
-67.71472
-64.83318
-62.86687
-64.42897
-65.06211
-66.64673
-65.84551
-66.20660
-67.59897
-67.45136
-68.36041
-66.68032
-62.72190
-58.98656
-57.59326
-56.54300
-57.05380
-57.70519
-57.49310
-57.79293
-58.12635
-58.01542
-59.12293
-57.68135
-56.61707
-56.77208
-56.69979
-58.26152
-58.41325
-59.09770
-60.09735
-60.79679
-63.08533
-66.93018
-59.35854
-56.03711
-54.91065
-54.44079
-55.58075
-55.92587
-57.52986
-57.45471
-57.30408
-57.17696
-57.24471
-57.63210
-58.22357
-58.03521
-57.85947
-58.92482
-58.97169
-59.14378
-58.23137
-59.71558
-60.48593
-62.19565
-60.93525
-55.31187
-53.72975
-54.74028
-57.63451
-59.25275
-61.43031
-62.45029
-63.46818
-63.50120
-63.41103
-63.82909
-61.16081
-62.23382
-62.45856
-62.75972
-62.68644
-63.55749
-62.80945
-62.67203
-64.66249
-65.31843
-64.24461
-58.91867
-57.53445
-57.82005
-58.39384
-60.04876
-60.75755
-59.58339
-61.32642
-60.95463
-61.40340
-62.61920
-56.12780
-54.40875
-54.54441
-54.82894
-55.84025
-57.28045
-58.78742
-60.57625
-60.68047
-61.87114
-65.73431
-61.42628
-59.37041
-59.42169
-59.41015
-60.06054
-60.72221
-61.20334
-61.81000
-63.71940
-63.01936
-62.44264
-60.43058
-57.04086
-56.49562
-56.48845
-57.87142
-58.73179
-58.88732
-60.32329
-61.39703
-61.11001
-61.87617
-59.01907
-55.78635
-55.89913
-55.90381
-55.94182
-55.88386
-56.83664
-57.67924
-57.57991
-56.81631
-59.32130
-57.02798
-53.53729
-53.22367
-53.47326
-55.38918
-55.60718
-55.24579
-54.77392
-55.88961
-57.02797
-59.64189
-58.11121
-53.01290
-51.93333
-51.89715
-55.41590
-59.96189
-54.62288
-54.79490
-59.24990
-59.80991
-64.39195
-56.11840
-49.72213
-50.25776
-52.12311
-54.68488
-54.95421
-49.94699
-48.13229
-49.46288
-52.11506
-56.70724
-54.51333
-48.84171
-48.95536
-49.66597
-49.54699
-50.34417
-50.64045
-50.62507
-51.22260
-51.49214
-51.73776
-53.39608
-50.07154
-48.82467
-50.55072
-48.63857
-47.50400
-48.66506
-48.98877
-48.82137
-48.72393
-52.81926
-53.15657
-49.72935
-49.50955
-49.05642
-50.01822
-51.28084
-52.70926
-50.99168
-50.81199
-52.59926
-53.41304
-54.38770
-54.87947
-56.29780
-58.22447
-60.71915
-60.98825
-61.06405
-59.99711
-61.66608
-62.39094
-62.76563
-63.71733
-52.14083
-47.98370
-47.53183
-48.31358
-50.10402
-51.16521
-51.06480
-52.32365
-54.30810
-51.39701
-51.33862
-50.25333
-49.33078
-49.73002
-50.43246
-52.37917
-55.04629
-55.80871
-55.63864
-57.30148
-57.74807
-61.27297
-51.73573
-47.77137
-47.48779
-47.03977
-47.19009
-47.43514
-48.53015
-49.19729
-49.19900
-49.00004
-49.30872
-49.66884
-49.64978
-49.56350
-49.82021
-49.31645
-50.02575
-52.05820
-49.69419
-48.68204
-49.59900
-52.67148
-52.09212
-47.95989
-48.41954
-49.26113
-50.11904
-50.35277
-51.07876
-51.39383
-50.93208
-51.37712
-51.77375
-52.13457
-50.86398
-50.18786
-50.02347
-50.12512
-50.26080
-50.75029
-50.76489
-50.32050
-50.26928
-50.45574
-51.02056
-51.80225
-51.81664
-52.75593
-55.79997
-56.17670
-58.06658
-58.74125
-60.28394
-60.46516
-64.93130
-58.48094
-48.47639
-47.64882
-47.93952
-49.78285
-52.25182
-55.28867
-56.38467
-57.66217
-59.58627
-60.43059
-60.52247
-51.33547
-49.87487
-49.54897
-50.58966
-51.15252
-50.89748
-51.75468
-51.23115
-51.01988
-50.95777
-50.97251
-52.64133
-53.82564
-53.07339
-53.40653
-53.32106
-53.27929
-52.50582
-52.49754
-52.12312
-52.31634
-52.56463
-52.44009
-53.89983
-54.49301
-54.59172
-56.29583
-56.38884
-54.03093
-52.91590
-53.49281
-54.01617
-54.88481
-54.23820
-51.29916
-51.02488
-51.58379
-51.83350
-51.62721
-52.48405
-53.75435
-53.11362
-53.04480
-53.96799
-53.43017
-51.11074
-51.45677
-55.00894
-57.95792
-58.54132
-60.48855
-60.72187
-63.39765
-60.71522
-65.02715
-54.98432
-48.51608
-48.78713
-48.91942
-49.56038
-49.84967
-51.70640
-53.53115
-55.68699
-56.01599
-57.36874
-54.93822
-50.49271
-49.39000
-48.84962
-50.06650
-50.78162
-51.95203
-52.87189
-52.72049
-52.48788
-52.37572
-53.22573
-52.74815
-53.15578
-53.32984
-52.57258
-53.36720
-53.72145
-53.17681
-53.29703
-53.63445
-53.32624
-54.08605
-52.38718
-49.90325
-49.73567
-50.32766
-51.36830
-54.63019
-56.84734
-57.30097
-58.78772
-60.67789
-65.16306
-55.78627
-50.41761
-50.99767
-52.21972
-51.40124
-51.33603
-52.09752
-51.76754
-51.98107
-51.76973
-52.38238
-54.79384
-52.84683
-50.94326
-52.34691
-53.78384
-53.34051
-53.81186
-53.16519
-53.57496
-54.13484
-53.76055
-53.01090
-52.64345
-52.45759
-52.49824
-53.23207
-53.40172
-53.54920
-52.73747
-52.92627
-51.92154
-52.07051
-52.58739
-52.05813
-51.42874
-50.20608
-49.37608
-51.61059
-56.86611
-60.98189
-64.51160
-64.91139
-65.69105
-66.52601
-66.96098
-67.76144
-68.95579
-68.36713
-71.90746
-70.40512
-65.40101
-65.82993
-66.91974
-69.52066
-67.23691
-64.63926
-64.55870
-62.81068
-63.97794
-67.76625
-70.05183
-68.63996
-70.82634
-72.11130
-77.75762
-71.14415
-65.92024
-63.83373
-61.39121
-62.36272
-61.70289
-63.51941
-64.88145
-65.59417
-67.16293
-65.40869
-66.07938
-62.15971
-59.81272
-59.70437
-60.05334
-61.44027
-62.09143
-62.88648
-62.58158
-63.39759
-64.29220
-64.59505
-59.08232
-55.98222
-55.25868
-54.80772
-55.90554
-56.36092
-57.58839
-58.54142
-59.25369
-60.28709
-61.06961
-61.25839
-58.84276
-58.18061
-57.18079
-56.78344
-58.60652
-59.91650
-60.65838
-61.16943
-61.87085
-62.56351
-61.60038
-59.02487
-58.94995
-59.12728
-59.35651
-59.56178
-57.24635
-56.97081
-58.82290
-59.92541
-60.50379
-57.26319
-55.02480
-55.76983
-56.20325
-56.45100
-57.00402
-56.90968
-57.26145
-59.21906
-62.07972
-66.26603
-66.73082
-65.21412
-64.75115
-64.15310
-66.30481
-67.50604
-67.42106
-67.80025
-66.33449
-67.46702
-68.44952
-67.70812
-62.52061
-58.96317
-58.75283
-59.86390
-60.58965
-60.68320
-60.65663
-60.76549
-61.11887
-61.96697
-62.49209
-60.07177
-57.82477
-56.91271
-58.51270
-59.47106
-60.52116
-62.93388
-63.68243
-65.43975
-68.84335
-72.09092
-63.33860
-58.62226
-57.60177
-57.10591
-58.07583
-58.11674
-57.79254
-59.06929
-60.09074
-60.88513
-62.34621
-62.26475
-60.26728
-59.22035
-60.60072
-61.14258
-59.49995
-58.57051
-59.43026
-60.95124
-60.89380
-62.75186
-58.03773
-54.55316
-54.15364
-55.58502
-59.26464
-62.05560
-64.27436
-64.09344
-65.32855
-65.60257
-67.66005
-64.21179
-62.95716
-63.81385
-62.45892
-63.01679
-62.53883
-62.63668
-61.66770
-63.59204
-64.90311
-65.62693
-63.31296
-59.80482
-59.31089
-59.41446
-60.67513
-61.78148
-61.56289
-61.45062
-62.24857
-62.15123
-64.16870
-59.82693
-55.38899
-56.09745
-57.02079
-55.91269
-57.15172
-58.44502
-58.89877
-62.75267
-64.97617
-69.33863
-69.97593
-63.49182
-61.70306
-61.80083
-61.67168
-60.76516
-60.88916
-61.34156
-61.59658
-62.57623
-64.49708
-66.12450
-61.73534
-58.68793
-58.57605
-59.62431
-59.63297
-60.34287
-61.07483
-61.35221
-62.02715
-62.86179
-64.46466
-58.14173
-55.31595
-53.88488
-54.06370
-55.92602
-56.59490
-57.61749
-58.53093
-58.91435
-61.04430
-65.48605
-61.48776
-58.55833
-58.38293
-60.37145
-60.87096
-60.91723
-60.05715
-59.26836
-59.86324
-61.25297
-61.39171
-57.52981
-56.70352
-58.44219
-60.55432
-60.94585
-63.61130
-63.09337
-63.28600
-63.75746
-63.06615
-63.51682
-58.41461
-56.91452
-54.87274
-54.21537
-57.30996
-60.04949
-62.42118
-63.31444
-62.71692
-61.57923
-62.46305
-61.02084
-58.50853
-60.10765
-59.88602
-58.31780
-59.17436
-60.84647
-61.87469
-63.67729
-63.63082
-64.89875
-59.69113
-54.45996
-55.14746
-55.53772
-56.01928
-57.36134
-58.33299
-58.48261
-58.77937
-59.67353
-61.92685
-63.45809
-60.18000
-59.88198
-57.08780
-58.28823
-59.03331
-59.32698
-61.25498
-59.35161
-63.17537
-69.07644
-69.41683
-64.19383
-64.19850
-64.03531
-63.13870
-63.16443
-62.89575
-63.34314
-63.90960
-63.98379
-64.21183
-63.99720
-61.75996
-61.37188
-60.86020
-60.48055
-60.72497
-62.37556
-62.08548
-62.93669
-62.00610
-63.57578
-62.48322
-55.43454
-53.59845
-53.49912
-53.57238
-55.01165
-56.18551
-56.37101
-57.62066
-57.95999
-58.84523
-61.92865
-62.45032
-59.47537
-59.13994
-59.33794
-59.97971
-62.76975
-62.15592
-61.87956
-61.65713
-61.61374
-61.87383
-62.08717
-57.82000
-56.49015
-59.23692
-60.12337
-61.15177
-60.97125
-61.39610
-61.74544
-62.84812
-65.02449
-58.61019
-54.96719
-56.10783
-54.99989
-55.79963
-57.32408
-57.85299
-58.58109
-59.08785
-60.86017
-61.28678
-60.24206
-54.81469
-53.00675
-52.64516
-53.27701
-53.42269
-54.36018
-56.32555
-58.43446
-58.87586
-58.38497
-56.48283
-55.02439
-56.60830
-56.68393
-56.88431
-57.68333
-61.59034
-62.48968
-63.62831
-65.16310
-65.46543
-58.57364
-54.00296
-54.09904
-55.14890
-56.25556
-56.56688
-57.12974
-58.12340
-58.86009
-59.65043
-61.27830
-61.26945
-60.70699
-59.75009
-59.33791
-60.65936
-61.00632
-61.19109
-60.53618
-59.86132
-61.17977
-62.17830
-64.88258
-60.24992
-57.42291
-58.79446
-60.14277
-62.03467
-64.18424
-62.31795
-63.90035
-65.05548
-64.02866
-63.84664
-57.81718
-56.76586
-56.35803
-55.72781
-56.79040
-57.34268
-55.94601
-53.96458
-53.79678
-53.80913
-55.55501
-59.62664
-59.25505
-58.84894
-60.18497
-60.72825
-60.19909
-60.52933
-61.24710
-61.56698
-62.06096
-63.24797
-62.00234
-59.56554
-60.60159
-61.24221
-60.63658
-61.08225
-63.53777
-64.23172
-63.99510
-63.84290
-65.01942
-56.52930
-52.58948
-53.58630
-54.84150
-55.31657
-54.44239
-55.23473
-55.08247
-56.90690
-59.05615
-57.79708
-58.28658
-59.43374
-60.73484
-61.82976
-61.71904
-61.04055
-61.59255
-61.44871
-61.53536
-61.05807
-61.93218
-59.03266
-57.64360
-58.53762
-59.21943
-60.28924
-59.70640
-61.36109
-62.02293
-63.78204
-62.16288
-63.35042
-59.31963
-54.68827
-53.93556
-52.96021
-52.90594
-55.36007
-57.21511
-57.10543
-57.65497
-58.76886
-63.44167
-54.43506
-53.10938
-57.13386
-59.22140
-62.07233
-63.37684
-67.64945
-69.39713
-71.43573
-73.12040
-70.06054
-59.71265
-56.37250
-54.86540
-54.66716
-54.81220
-55.96229
-58.17613
-58.83298
-61.50494
-62.72110
-63.57826
-58.63763
-54.07841
-55.23439
-53.94262
-54.43063
-54.16710
-52.63219
-53.86353
-53.28325
-56.01732
-59.12717
-58.95631
-55.03287
-53.71176
-53.69968
-55.59155
-57.49823
-56.72752
-56.29010
-55.33377
-55.41223
-56.15968
-55.70830
-52.31112
-53.06154
-53.65790
-54.35999
-53.85042
-53.76096
-54.10747
-53.64044
-54.02102
-52.84485
-55.75586
-55.66277
-54.25566
-54.65864
-54.54785
-54.14713
-55.25649
-55.63220
-53.46878
-54.65849
-57.83507
-57.21683
-54.64692
-55.82111
-56.34631
-57.18470
-57.52925
-56.70729
-57.73788
-58.68533
-59.61836
-59.32540
-59.72007
-55.00069
-53.72710
-52.97534
-53.09783
-55.02371
-55.73911
-57.72343
-60.79651
-62.96252
-60.82946
-62.36881
-55.47251
-53.59115
-52.98466
-53.53316
-54.35684
-53.98988
-54.32983
-55.10425
-55.73470
-55.02800
-58.68987
-53.10089
-51.90691
-52.42231
-52.33650
-53.12766
-52.72896
-53.47103
-53.04892
-53.18392
-52.60327
-52.68673
-51.92732
-51.44608
-51.37787
-51.08173
-51.27626
-51.26098
-51.93876
-50.70641
-51.15347
-54.30589
-55.46551
-55.61498
-54.27936
-53.16567
-53.55345
-53.52144
-52.85331
-52.77200
-52.77761
-53.51076
-53.05141
-53.30497
-52.97211
-54.16657
-56.57297
-55.73906
-56.61006
-56.83870
-57.25482
-58.00839
-57.78436
-57.44784
-57.44391
-56.60960
-56.84753
-56.22073
-56.27387
-57.11255
-57.32180
-59.26638
-58.86513
-59.46708
-57.48725
-56.63056
-55.63992
-53.53068
-53.46622
-53.32409
-53.93587
-53.24011
-53.06732
-52.59738
-53.27066
-52.93181
-53.37041
-54.13224
-53.26749
-54.24699
-57.19354
-55.81425
-54.22957
-57.91519
-57.58212
-58.08214
-58.11995
-58.67092
-55.89913
-55.04453
-55.51309
-54.24895
-55.56021
-57.02423
-55.69404
-55.51099
-54.10584
-53.89811
-55.55713
-56.98894
-56.76639
-54.94262
-56.31881
-54.60855
-53.95067
-54.36403
-56.33193
-56.40005
-57.04360
-58.21040
-59.12363
-58.13883
-58.32181
-59.03113
-58.66969
-58.92412
-57.65377
-59.81445
-59.54259
-60.71134
-59.32057
-61.25439
-55.56746
-52.70948
-52.16844
-50.85778
-51.45183
-51.23512
-52.84785
-55.14659
-55.54598
-55.88569
-59.85782
-56.73280
-54.09636
-52.86313
-52.05418
-52.10397
-52.38331
-53.65594
-54.14436
-55.68967
-54.89198
-57.59637
-54.79983
-52.00230
-54.71175
-54.75756
-54.86941
-54.73267
-55.23278
-55.81508
-55.75526
-56.58934
-56.76646
-57.89430
-55.36088
-54.38001
-54.17473
-54.21557
-54.59658
-55.76883
-55.47368
-52.86808
-54.32330
-55.04019
-56.47511
-55.87801
-55.27615
-55.42197
-54.73187
-54.57195
-54.28824
-55.29656
-55.42474
-54.22779
-53.82573
-53.57941
-53.80081
-55.26349
-55.47582
-56.14496
-55.30632
-55.28389
-55.62605
-55.81989
-56.76192
-56.53571
-56.27260
-56.09996
-55.85521
-56.16925
-56.84004
-56.48084
-56.90270
-57.29546
-54.58208
-55.28735
-57.45401
-57.68956
-55.67301
-53.31239
-52.88584
-52.96549
-53.40230
-53.80522
-54.53631
-53.98858
-55.23097
-56.84109
-54.97997
-51.97831
-52.88221
-53.43811
-53.72558
-55.23850
-54.69396
-55.81948
-55.29693
-55.92158
-56.17623
-56.93635
-55.66476
-54.45904
-53.75413
-54.13791
-56.13859
-56.17091
-57.74686
-54.29092
-54.11367
-56.44547
-56.78638
-57.42713
-55.40646
-55.02043
-54.95444
-54.06298
-54.51624
-55.18165
-55.77264
-55.38309
-55.95925
-57.01686
-53.97451
-55.03928
-55.58940
-55.35052
-56.40906
-57.00599
-58.03504
-58.23768
-60.09016
-60.08748
-60.86505
-56.22842
-54.44894
-54.50597
-53.57114
-54.45766
-55.62897
-56.79159
-57.05427
-57.38636
-59.41325
-60.27484
-56.35640
-54.21224
-53.44214
-53.08736
-53.93263
-54.48230
-54.21354
-55.48449
-55.84824
-58.00665
-60.83562
-53.51979
-52.47417
-54.85990
-55.12940
-55.71371
-55.70722
-55.58040
-56.09546
-56.28440
-56.08393
-56.32126
-57.50925
-56.31646
-54.64585
-53.68639
-53.57817
-54.49844
-56.72090
-58.69987
-53.15735
-53.16126
-55.77652
-57.30404
-56.86556
-53.82388
-53.60594
-53.83432
-53.83203
-53.33771
-53.92269
-54.54399
-53.31193
-53.55614
-54.69210
-54.20007
-54.90958
-55.78367
-55.49307
-56.34945
-57.00761
-57.09552
-56.79485
-56.59574
-56.40961
-56.32099
-56.41895
-56.06107
-55.56694
-55.95884
-58.46360
-58.00593
-60.41503
-60.28743
-59.81080
-56.06734
-56.45319
-56.82236
-54.60291
-54.34364
-53.71455
-55.16512
-53.99315
-55.14469
-54.94898
-57.49727
-57.22578
-58.30410
-54.67995
-52.19999
-54.03153
-54.41242
-55.65214
-55.64458
-56.15540
-54.71708
-55.04645
-55.64549
-56.01100
-56.37172
-54.41503
-52.45726
-52.57439
-53.47756
-53.93386
-54.05687
-53.53647
-52.25112
-52.89411
-53.95915
-53.98182
-51.50438
-52.80388
-54.35975
-53.24881
-53.40322
-54.15634
-56.64903
-55.85050
-55.48774
-55.70485
-57.86785
-55.31550
-54.94423
-54.96256
-51.93924
-51.24583
-51.24286
-51.49481
-51.00626
-49.94427
-49.53208
-49.95043
-50.26571
-50.22976
-49.65896
-49.08619
-48.96793
-48.70204
-49.37633
-49.90022
-50.39912
-50.15846
-51.21988
-55.11944
-54.86375
-51.88623
-51.13178
-52.03601
-53.13921
-54.42285
-54.85688
-54.15865
-54.25882
-55.98006
-52.13135
-52.63778
-56.17298
-55.63420
-56.50009
-55.93691
-56.30709
-56.08687
-58.49945
-60.10225
-56.29365
-55.00935
-53.62109
-53.23666
-53.89952
-53.88764
-54.66406
-56.14893
-53.85970
-52.33947
-53.89097
-54.90410
-56.28262
-54.97433
-54.10382
-54.21645
-53.87551
-54.21991
-53.61136
-54.42333
-55.71425
-55.64342
-55.36630
-54.79145
-54.66809
-56.37873
-57.60940
-58.18237
-57.32221
-57.30100
-57.60693
-56.14648
-57.60232
-57.38763
-57.80644
-55.04996
-54.48942
-54.18377
-53.13337
-53.10859
-54.06469
-54.24067
-52.14365
-53.96066
-55.04683
-55.59669
-54.17064
-54.41090
-55.10819
-55.66292
-56.14617
-55.71220
-55.75835
-56.91654
-56.41152
-56.66918
-55.87408
-53.24159
-54.49703
-55.29431
-56.45399
-57.01757
-56.96800
-57.05026
-57.04537
-57.19165
-58.11048
-58.26972
-57.24507
-55.09291
-54.01231
-53.15422
-52.33355
-54.14199
-56.05461
-53.43328
-51.82491
-52.85304
-56.92677
-56.83579
-53.98222
-54.69895
-54.48316
-54.46611
-54.95884
-54.86261
-56.86933
-54.15469
-51.60109
-53.11826
-52.95713
-55.33276
-56.79679
-57.15588
-57.43268
-57.08189
-58.18592
-59.68674
-59.54909
-58.82262
-58.68072
-57.20726
-53.82380
-50.84119
-51.22807
-50.79473
-49.61474
-49.47269
-49.92415
-50.30503
-50.52938
-50.40059
-51.78809
-51.64856
-49.89502
-51.32032
-52.33230
-54.45752
-55.82738
-55.24147
-57.02112
-56.76768
-60.01299
-52.86507
-49.02407
-50.01316
-50.47941
-51.72724
-51.30488
-50.27503
-50.26406
-50.42562
-51.33490
-49.77556
-49.62110
-51.18461
-48.88694
-49.91862
-51.80423
-50.79799
-50.36108
-50.88026
-50.17150
-50.18825
-50.23056
-50.05954
-50.79418
-50.19175
-50.64029
-51.46832
-51.93689
-52.36904
-51.85182
-51.65324
-52.73193
-54.56685
-56.89385
-55.16185
-55.76393
-57.08168
-57.11726
-56.63656
-56.32517
-56.98886
-57.71208
-57.96849
-57.59876
-57.69653
-54.31436
-50.81086
-49.38978
-50.32339
-50.16046
-50.12522
-50.46416
-50.50654
-51.95546
-53.51477
-54.23752
-53.28630
-52.00792
-51.03818
-51.32664
-52.18389
-53.77554
-54.50753
-56.26892
-57.45294
-57.30685
-57.30652
-51.83952
-51.83734
-54.15574
-51.79791
-51.52513
-51.12346
-50.33095
-50.01818
-50.74058
-54.80375
-53.26754
-51.09413
-50.96242
-51.73980
-52.94366
-50.81799
-49.71496
-50.46874
-50.79013
-51.68115
-51.92536
-53.39193
-54.74439
-51.00127
-50.74136
-50.79771
-51.17390
-50.78463
-50.00408
-50.26964
-51.04730
-51.66277
-51.41928
-52.52583
-54.75699
-57.39760
-57.49448
-57.38202
-56.81402
-57.54985
-59.20620
-58.46500
-57.93943
-59.71950
-59.30549
-56.28944
-52.96897
-51.10522
-50.43749
-49.31807
-50.06247
-51.18733
-52.05484
-52.52981
-52.26316
-54.77605
-52.78289
-51.33593
-51.90060
-51.59796
-52.96211
-55.60550
-57.37950
-58.68351
-57.32598
-60.18331
-55.80386
-51.21153
-52.42389
-51.91839
-52.07679
-52.17429
-53.20339
-53.14663
-53.19644
-53.97173
-54.10520
-53.59678
-54.24322
-52.18948
-52.00905
-53.41867
-50.36157
-50.81110
-51.38654
-51.39798
-52.30464
-52.48739
-53.46736
-54.33987
-52.75728
-51.25005
-50.87260
-51.72982
-52.74569
-53.04269
-53.23563
-53.05479
-53.20672
-56.56389
-56.08922
-53.85273
-52.85331
-51.54104
-51.26507
-50.44789
-50.56794
-50.81783
-51.21536
-52.24953
-53.71836
-53.43298
-53.63534
-53.69483
-52.88663
-52.51736
-54.10240
-54.24923
-52.26438
-52.70194
-53.26764
-52.75997
-51.06793
-50.19340
-50.92464
-51.74632
-51.58600
-50.94132
-50.25915
-50.21195
-49.31821
-49.00392
-49.39555
-49.70736
-50.78765
-52.43540
-51.61452
-49.85265
-49.43519
-50.28247
-50.59312
-50.25600
-51.14490
-51.56264
-51.85862
-52.79950
-53.14220
-52.08897
-50.83628
-50.67185
-51.05941
-49.70998
-49.89057
-50.87591
-52.83158
-50.50586
-50.71949
-52.52331
-51.72676
-53.36453
-50.98875
-50.50173
-49.87944
-49.82046
-50.91520
-50.73995
-49.14405
-50.36889
-52.95334
-53.52528
-54.43292
-55.69139
-57.22769
-58.31345
-59.31750
-58.88299
-59.22627
-59.48681
-57.17932
-51.62054
-49.93265
-50.04213
-51.36057
-51.51303
-51.35194
-52.02282
-52.44562
-53.27418
-52.57869
-52.15036
-50.77849
-49.57781
-49.98263
-51.96466
-54.26679
-55.70592
-56.70821
-57.73573
-56.80052
-56.17992
-53.46124
-50.75505
-49.67561
-49.55450
-49.51252
-49.62553
-50.90342
-52.20633
-51.41302
-51.32037
-51.89512
-52.07315
-53.07418
-51.02485
-50.54957
-51.96647
-51.46011
-50.86720
-51.77703
-51.46299
-52.18344
-51.53846
-52.34424
-52.22666
-48.98586
-49.87960
-51.27013
-51.60262
-51.89502
-52.50889
-52.67809
-53.32070
-54.53842
-52.87571
-49.52181
-50.12926
-51.62412
-52.06458
-52.39577
-52.08522
-52.23724
-51.72263
-52.37511
-52.35738
-51.61770
-51.24284
-52.85740
-53.38880
-54.66217
-55.94273
-58.74275
-60.29825
-58.64712
-62.10729
-62.62648
-61.09236
-53.83527
-51.71139
-51.28798
-50.35394
-51.50375
-52.63296
-52.17122
-52.94271
-54.33392
-56.95617
-57.55638
-52.16182
-52.57451
-50.32469
-49.81222
-50.80290
-51.44796
-55.34435
-55.21414
-56.41340
-57.01023
-58.30273
-55.33449
-54.50119
-53.74398
-53.36754
-53.85965
-53.18364
-52.43257
-50.87153
-51.23045
-51.40569
-52.93941
-53.96998
-51.74728
-51.15147
-51.63147
-51.78617
-52.68875
-51.06133
-51.37688
-52.51084
-54.04600
-53.68370
-51.93472
-53.25736
-54.40054
-54.03456
-53.94567
-52.95962
-53.12810
-54.46671
-54.62251
-54.06931
-53.29589
-53.55322
-49.86961
-49.11201
-50.07348
-51.75679
-53.83589
-54.04000
-52.08651
-53.12028
-57.87385
-59.95643
-60.66753
-54.73049
-49.79145
-48.56672
-48.57524
-48.61485
-52.10592
-55.37405
-56.35294
-56.10038
-57.43664
-53.99264
-51.85306
-52.88283
-52.75306
-52.95700
-53.09655
-53.85785
-52.95033
-54.35075
-53.98572
-54.75252
-54.81545
-53.42021
-53.97085
-51.71513
-52.27370
-53.08223
-55.83641
-56.33822
-53.10943
-54.53747
-54.97991
-54.80717
-54.59219
-52.69168
-51.50440
-52.00503
-54.06107
-56.54433
-57.57130
-58.39708
-58.11459
-56.17228
-54.36802
-53.72244
-53.17962
-52.37214
-51.66552
-51.21835
-51.51258
-52.57005
-51.96574
-52.15853
-53.39287
-53.15280
-53.42527
-53.95001
-56.47390
-57.11322
-56.96073
-56.78542
-55.03643
-54.18547
-53.95846
-54.16983
-55.06446
-52.45355
-52.41454
-53.56256
-51.65057
-53.21928
-52.37060
-53.54678
-52.26191
-52.46467
-52.96001
-49.09051
-50.50773
-53.04691
-53.72196
-53.10671
-53.51113
-53.96871
-55.44634
-55.81343
-56.41413
-57.34997
-57.12083
-55.66549
-55.79070
-56.30268
-55.38048
-55.49072
-55.60518
-55.84795
-56.23154
-58.29422
-54.41260
-52.00455
-50.57515
-51.70642
-51.69331
-51.54761
-53.36979
-52.53673
-51.94116
-53.55997
-54.25720
-52.24901
-54.85970
-54.38887
-54.45916
-55.93728
-55.29931
-56.16446
-56.10473
-55.24059
-55.94169
-58.67276
-57.79837
-59.77224
-54.63485
-49.33418
-49.57796
-49.80117
-49.99047
-50.66803
-51.65538
-51.66624
-51.36522
-51.53845
-50.48930
-50.90607
-50.56272
-50.36220
-49.91505
-51.61273
-53.42540
-55.05781
-56.98620
-58.42247
-58.19695
-58.02314
-57.81506
-50.20307
-49.98210
-50.69383
-50.17989
-50.97095
-50.90128
-51.88160
-51.50434
-50.88742
-50.48166
-49.92605
-49.61017
-50.54123
-50.29139
-50.16982
-50.83474
-50.23291
-49.01035
-48.59977
-50.11978
-50.24737
-50.46682
-51.21067
-51.20123
-50.39155
-50.70613
-50.92608
-50.29880
-50.66124
-50.64912
-50.23505
-50.87217
-52.61051
-51.31002
-52.66584
-52.87908
-52.49395
-52.30938
-52.25114
-52.23640
-51.73796
-52.56962
-51.47628
-51.31768
-51.63791
-52.00560
-51.58344
-51.45534
-50.68990
-51.58816
-52.16364
-51.94454
-52.05103
-52.62907
-53.27035
-51.95097
-51.17409
-51.56263
-52.00125
-51.26234
-51.31537
-51.12125
-52.14094
-52.69216
-51.86890
-52.93450
-52.05593
-51.81513
-52.87072
-52.14403
-52.30455
-51.25725
-52.87259
-54.32165
-53.16433
-52.87518
-52.14537
-52.11765
-52.10283
-52.10759
-52.80960
-52.94814
-50.14632
-50.04129
-50.95509
-50.63720
-51.78524
-51.08217
-50.69283
-52.22783
-50.08716
-49.85498
-52.74441
-51.52695
-50.22420
-51.50667
-50.98373
-51.76834
-54.56789
-51.64919
-51.10442
-53.92021
-55.16847
-56.66463
-57.46014
-57.84469
-58.10815
-57.72110
-58.58643
-58.81086
-58.83876
-51.99736
-49.22836
-49.48266
-49.08542
-49.52717
-49.59977
-50.13310
-50.44639
-51.35647
-51.69590
-51.04729
-50.67727
-51.56874
-51.73413
-51.43623
-52.01212
-53.27956
-54.99334
-55.48544
-54.97465
-54.54804
-56.57601
-52.85567
-50.17415
-51.26185
-51.12129
-51.35763
-51.89881
-52.07400
-52.51304
-52.58233
-52.74670
-52.28952
-52.50083
-51.34561
-51.59683
-51.43605
-51.82220
-52.40389
-51.19211
-50.88858
-51.20603
-52.31274
-51.76343
-51.56031
-50.69737
-51.62082
-51.74185
-50.91984
-49.99980
-49.26295
-50.31303
-50.39849
-49.97521
-49.77263
-50.73711
-52.08796
-52.69187
-52.30158
-52.57709
-52.21099
-52.02259
-52.70297
-52.38172
-52.04064
-52.00402
-53.25914
-52.94341
-52.08407
-52.43852
-52.33270
-52.18218
-51.63708
-51.31625
-52.12501
-52.82131
-52.83585
-52.33157
-51.53191
-51.43541
-51.07246
-50.87955
-50.64419
-50.95035
-51.44589
-51.33793
-54.03936
-55.82009
-51.07827
-49.45439
-50.24210
-49.90808
-51.21136
-51.42235
-51.66212
-51.57115
-51.95018
-52.92570
-52.54917
-53.24845
-51.48232
-52.10444
-51.89674
-52.10702
-52.25616
-51.74017
-52.62955
-52.99562
-51.20358
-51.30343
-51.45317
-51.24657
-52.17080
-49.78184
-49.83532
-50.00926
-50.93367
-51.05089
-52.24774
-52.82868
-53.52390
-54.99001
-54.45250
-55.16249
-55.72195
-56.58655
-55.85690
-56.70819
-56.97942
-57.35747
-56.28481
-57.37343
-57.91057
-54.48607
-51.31703
-49.97803
-49.40331
-50.00983
-50.58409
-50.71719
-51.08185
-51.33826
-51.37322
-50.07707
-50.00057
-49.63086
-49.83554
-50.93773
-52.76873
-54.26086
-55.19048
-55.55227
-55.65175
-58.48757
-51.37680
-47.84281
-49.79054
-51.04329
-50.90428
-51.33055
-51.21354
-51.25818
-51.22059
-51.62183
-52.66908
-52.42344
-52.00945
-51.20197
-52.01799
-50.61413
-49.50995
-50.46228
-52.59209
-52.53735
-50.05864
-49.83360
-49.40093
-50.31637
-50.83348
-50.93486
-50.91136
-52.08087
-53.22657
-53.16458
-53.85875
-49.47764
-47.82416
-48.59884
-49.35251
-51.16803
-51.40888
-51.39635
-51.99583
-52.61843
-53.01078
-53.36561
-52.29448
-52.73849
-53.30913
-52.63697
-52.06139
-51.74380
-52.28584
-52.02528
-51.02374
-50.75399
-53.04190
-52.75876
-52.79873
-51.86475
-50.54647
-51.74218
-53.19266
-51.22239
-50.83544
-52.03523
-51.23800
-51.47414
-51.38918
-52.04318
-55.35848
-57.72791
-52.49345
-51.41806
-51.65255
-52.27912
-53.10901
-52.67063
-53.20903
-53.37493
-53.36972
-53.45247
-53.53899
-54.02314
-52.69097
-51.63604
-52.12550
-51.50616
-51.59104
-51.59035
-50.57366
-50.63240
-51.27648
-51.10009
-50.33243
-49.44075
-50.77037
-50.52138
-50.21164
-50.32562
-50.73940
-50.35338
-50.75806
-52.50275
-54.08196
-54.61561
-50.30173
-49.43717
-49.55882
-49.29835
-48.81573
-49.01783
-49.17695
-49.40998
-49.07152
-48.51269
-48.72859
-47.94017
-47.99996
-47.97691
-47.90466
-48.42868
-48.72050
-48.46906
-48.56903
-48.40431
-49.09533
-51.06013
-50.08475
-48.87550
-49.45116
-49.70989
-50.56002
-50.74099
-50.51547
-50.75415
-50.17489
-50.39694
-50.02195
-49.50176
-50.29503
-50.91608
-50.81026
-51.40618
-50.87027
-50.26230
-50.02392
-49.52783
-48.62773
-49.95344
-50.81705
-49.50235
-50.09058
-50.74285
-51.03324
-50.95576
-51.28174
-50.46700
-51.01702
-51.18442
-51.49935
-51.30498
-50.54519
-50.17695
-50.57164
-50.64666
-50.79470
-51.67699
-50.32116
-50.41472
-53.09382
-53.06861
-50.57769
-52.50378
-51.95015
-52.27709
-53.88538
-53.85795
-53.87333
-53.55687
-54.36730
-53.45118
-53.38684
-53.23407
-52.46548
-51.91201
-51.08037
-50.24685
-51.11393
-52.15437
-51.88911
-51.80915
-53.02055
-53.56392
-53.49878
-53.00016
-52.58586
-52.57669
-52.11523
-52.45877
-52.03778
-52.97988
-53.31553
-51.64080
-51.88148
-52.36428
-52.41719
-51.59836
-52.18879
-51.93191
-51.54104
-52.50646
-52.45392
-51.79166
-51.11910
-51.31841
-51.91510
-53.16668
-53.15774
-52.56709
-51.62441
-52.19287
-51.59763
-51.95986
-52.23049
-50.70644
-52.13253
-52.33910
-52.34134
-52.76764
-52.41115
-52.34790
-52.49516
-51.46311
-52.01021
-53.84495
-51.47955
-51.48057
-53.59030
-53.98076
-56.32571
-56.89690
-56.70959
-57.30865
-57.01712
-57.86150
-58.80201
-58.05108
-58.39995
-58.03121
-53.40445
-52.29409
-52.93842
-53.15910
-53.00894
-53.48901
-52.92897
-52.07386
-52.39620
-52.07223
-52.39672
-52.59480
-52.37687
-52.16848
-53.24318
-53.67320
-54.95645
-56.18852
-56.52741
-56.16422
-58.90520
-55.72519
-51.06833
-52.29985
-53.15672
-53.91550
-53.75634
-54.32210
-54.88531
-54.52905
-54.58791
-55.08822
-55.32244
-53.92505
-53.58671
-53.01950
-52.76070
-54.37184
-53.18060
-51.94998
-50.92035
-50.73921
-53.10176
-54.01949
-53.19939
-51.80603
-51.79869
-51.75717
-52.05258
-51.38931
-51.14479
-51.37560
-51.49457
-52.26387
-54.33220
-54.75782
-52.43620
-53.23124
-53.59955
-53.30524
-53.41715
-53.92760
-54.71662
-54.53898
-54.17993
-54.00616
-54.44302
-51.39201
-50.43290
-50.79772
-50.58728
-51.32075
-52.77127
-54.91322
-53.54802
-53.91512
-54.53453
-53.72731
-50.72279
-50.57134
-51.83697
-51.41102
-52.47302
-53.49685
-54.40856
-55.17231
-54.60198
-55.78749
-55.05641
-50.78490
-52.12801
-53.78351
-52.74465
-53.55871
-55.44798
-54.95912
-53.83737
-53.95163
-54.46039
-55.20976
-53.71120
-53.42566
-52.72601
-52.61980
-53.58721
-54.17352
-54.16123
-51.81345
-51.52741
-52.58421
-53.29172
-52.07296
-50.85705
-51.19668
-51.25017
-51.87495
-52.64465
-52.99338
-53.13778
-53.48231
-54.27372
-55.30243
-54.27507
-53.92664
-53.76944
-54.05341
-54.20604
-52.55861
-53.68060
-54.11286
-54.36182
-54.36506
-55.16068
-55.62113
-53.90931
-54.00834
-54.09117
-55.01152
-53.86774
-54.96577
-54.08808
-53.61096
-53.42531
-54.91943
-53.68943
-50.74527
-52.05401
-52.32536
-53.35219
-53.22452
-54.04112
-54.00277
-53.72455
-53.52392
-55.34683
-53.41120
-51.41131
-52.91638
-53.31413
-54.16948
-54.63407
-54.91971
-54.12495
-53.81594
-54.97273
-55.28026
-54.76312
-53.83281
-53.22566
-54.14216
-53.27266
-52.84000
-54.58184
-53.61472
-52.28392
-53.12425
-53.98961
-54.11815
-52.53305
-53.10433
-53.11028
-52.36248
-51.87691
-52.67395
-53.68181
-52.84473
-54.05385
-56.08149
-56.41182
-53.37905
-52.55207
-53.21811
-53.89718
-53.66652
-52.94749
-53.56473
-53.14335
-54.22769
-55.28547
-53.81473
-52.61293
-52.68414
-53.74686
-52.85157
-53.22986
-53.98295
-54.63357
-54.30137
-53.82431
-53.57301
-52.71125
-51.48615
-51.80984
-52.71565
-51.88609
-52.28005
-51.61844
-52.19265
-52.71004
-52.11782
-51.90083
-52.27113
-51.52673
-51.80607
-52.01955
-53.05751
-54.94194
-52.77059
-51.68856
-52.53601
-54.33911
-52.87620
-54.68439
-54.38803
-53.37525
-52.57850
-51.59652
-53.78821
-54.15759
-53.50037
-51.57031
-51.20011
-50.53503
-52.75999
-52.60109
-51.34508
-53.30598
-51.65123
-51.74769
-51.41389
-50.22395
-50.76966
-51.18484
-50.98956
-52.98098
-53.71309
-53.95030
-56.09539
-55.90719
-56.04307
-56.65146
-57.67626
-58.00549
-59.06445
-58.47794
-59.51295
-58.05207
-52.80004
-51.77870
-52.50541
-52.71437
-52.92202
-52.76370
-52.07140
-52.34217
-53.26470
-53.86799
-53.44022
-52.78822
-51.43495
-50.85525
-51.71669
-52.72008
-54.51464
-55.71243
-57.65257
-57.88801
-57.36377
-54.68871
-51.14195
-52.60571
-54.66627
-54.46503
-54.23736
-53.43464
-53.87831
-53.98210
-55.17439
-55.44048
-54.49675
-53.78116
-54.51193
-54.12491
-53.79087
-54.19921
-53.99156
-54.04453
-51.78279
-52.70250
-52.96242
-53.31931
-54.00402
-53.20676
-53.08783
-52.68522
-53.47234
-53.97384
-54.67942
-53.72494
-52.68697
-53.02029
-54.99814
-53.43724
-51.43267
-51.94285
-52.88959
-53.21439
-52.67955
-53.48526
-53.06615
-53.20140
-53.92980
-53.69364
-54.02126
-53.71143
-53.27058
-53.39883
-53.79473
-55.55139
-55.79940
-54.42384
-54.35409
-55.53099
-56.19245
-54.07243
-52.57499
-51.68998
-52.12443
-52.41691
-52.69891
-52.28199
-52.19160
-52.05413
-51.31359
-52.92105
-52.29361
-51.49938
-52.73504
-52.73969
-52.36755
-52.54379
-53.73573
-54.54440
-54.82572
-54.45529
-54.01763
-54.18213
-51.82497
-51.97419
-51.56110
-51.58244
-52.55354
-53.54034
-53.02561
-52.36512
-53.58323
-54.88819
-58.22978
-52.02230
-50.16309
-52.23320
-52.41614
-52.10200
-52.55147
-51.98744
-52.05573
-52.50586
-53.35320
-53.89998
-52.50260
-53.25953
-53.12174
-53.21394
-52.59531
-52.98965
-54.13561
-53.55992
-53.82948
-53.72737
-53.84107
-52.72895
-51.92430
-51.95593
-52.46918
-52.98490
-54.24414
-53.77869
-52.64084
-55.59995
-58.15168
-59.13365
-53.18886
-51.67577
-52.76145
-52.33551
-51.60290
-51.37055
-51.28006
-51.80135
-52.06066
-52.60231
-56.91410
-51.97463
-51.88959
-53.77145
-53.22461
-53.35919
-53.44405
-54.04017
-53.45194
-54.11481
-53.30369
-54.64827
-54.53102
-53.08360
-53.44610
-53.99634
-53.73799
-53.36941
-54.04580
-52.87518
-51.84025
-53.65621
-53.89209
-53.52511
-54.27926
-54.18868
-54.05386
-54.60518
-55.94280
-56.86708
-57.16898
-57.97070
-57.66748
-54.91875
-52.85699
-52.31853
-52.34479
-52.59626
-52.92911
-52.50441
-53.62690
-53.03302
-52.92549
-54.55594
-54.65723
-55.01596
-54.16460
-53.87652
-54.21380
-55.59007
-57.10617
-56.20879
-55.28268
-56.15599
-55.55657
-56.17658
-54.78377
-52.87010
-55.11414
-55.04926
-55.50828
-56.19659
-55.05522
-53.98768
-52.68935
-53.12349
-53.86692
-53.44945
-51.88866
-52.38851
-54.01357
-53.23321
-52.34403
-52.13746
-52.31581
-51.86855
-53.72665
-54.61201
-54.41959
-53.56351
-53.45820
-54.93641
-54.63354
-55.59001
-55.96764
-55.36675
-51.71851
-52.35919
-54.61596
-54.36989
-52.32298
-53.30052
-54.53611
-53.94848
-54.33104
-53.91871
-56.55410
-52.53914
-52.64460
-56.11568
-58.24398
-56.61493
-56.40975
-59.49278
-59.73903
-61.73952
-61.40788
-63.04521
-62.89793
-64.10191
-64.30676
-65.62282
-64.29799
-58.85868
-58.25964
-59.94091
-62.80876
-64.20537
-64.56903
-66.03101
-67.36064
-71.78233
-77.60102
-69.97777
-58.94086
-56.68738
-57.30259
-57.42426
-58.89383
-60.75687
-61.66746
-61.46742
-61.69986
-62.43245
-63.22293
-60.42682
-60.98289
-60.81535
-59.76052
-60.19514
-60.04437
-60.82422
-61.10522
-61.81066
-61.69829
-62.13431
-59.10043
-58.06654
-60.27558
-60.17821
-62.05012
-65.71555
-66.65398
-66.71049
-65.82518
-67.27381
-68.28531
-62.25684
-58.00177
-58.15120
-58.12828
-56.70505
-57.42056
-57.24928
-57.68130
-58.05425
-58.29713
-60.93385
-60.58321
-58.80708
-58.96832
-59.70590
-60.33948
-60.87642
-61.93747
-62.95736
-62.89717
-63.70629
-65.44862
-62.68317
-56.25136
-55.77736
-57.72213
-60.55222
-65.34608
-65.04103
-69.92366
-74.28314
-74.20964
-78.22903
-65.79720
-57.14952
-55.16654
-54.73121
-55.38192
-56.31006
-57.47627
-58.76908
-59.55974
-61.87773
-62.69690
-63.29436
-60.20936
-58.54587
-59.59389
-60.44182
-59.78266
-60.07788
-60.43160
-60.55950
-61.34075
-61.06403
-62.28506
-60.81897
-55.91882
-56.17526
-57.70537
-58.48469
-58.78622
-59.40683
-62.02075
-63.26154
-65.19787
-65.44589
-69.01281
-60.01912
-56.69758
-57.70035
-57.81231
-57.51148
-57.46036
-57.85737
-59.05895
-59.39845
-59.06592
-60.70022
-63.40436
-64.02483
-58.53251
-58.74007
-61.17077
-60.73235
-60.17934
-60.13695
-60.91838
-61.86324
-62.19877
-61.77323
-62.26524
-64.17513
-61.49752
-58.62161
-58.59066
-59.27305
-60.90491
-64.08003
-66.49157
-66.02034
-66.75025
-67.25660
-68.41461
-68.01183
-69.53909
-60.54572
-55.43721
-55.75813
-55.78053
-56.41440
-57.39553
-57.11093
-57.99788
-58.54310
-59.32213
-59.82406
-59.89811
-61.07383
-61.64905
-59.57541
-57.00679
-56.73050
-57.31646
-58.29926
-59.16549
-60.24192
-61.39468
-61.16561
-61.35162
-62.39163
-62.41787
-62.42778
-61.46338
-59.19613
-58.57162
-59.62709
-62.57493
-65.75671
-66.12541
-67.48290
-68.54350
-68.48139
-69.08121
-69.68652
-70.22402
-70.96824
-69.40321
-62.61236
-59.07656
-58.43408
-59.20473
-60.27664
-60.85775
-62.01569
-62.17708
-62.79934
-63.33930
-62.54840
-62.30296
-62.29904
-62.58443
-62.90369
-63.18350
-63.19344
-64.00566
-66.97056
-69.70018
-72.32332
-75.44879
-76.69332
-77.03157
-77.57753
-79.25562
-80.71866
-84.22216
-86.29422
-87.57808
-88.39634
-92.48948
-94.25834
-97.68086
-94.99396
-94.90504
-93.99394
-97.75510
-98.44149
-99.72575
-100.27572
-106.32360
-106.53662
-108.09429
-114.31994
-107.87393
-116.80922
-105.27659
-115.16635
-104.01925
-109.48194
-100.60713
-103.97750
-99.14210
-99.48395
-95.47937
-93.90673
-89.46003
-83.90101
-69.39349
-59.07791
-61.52260
-58.15477
-55.03851
-57.78954
-59.54489
-59.57451
-60.59435
-63.19684
-64.56878
-66.55158
-68.78189
-70.26080
-71.53694
-73.25411
-76.91241
-75.85036
-80.51545
-77.66986
-99.51075
-68.09153
-60.54951
-61.04736
-64.21998
-63.69088
-59.90466
-62.05495
-64.88169
-65.83619
-66.49311
-67.60069
-68.74383
-69.21598
-70.88246
-71.06178
-73.38788
-74.03181
-77.38378
-76.17071
-80.48346
-78.20659
-88.13210
-70.95135
-66.12108
-66.53270
-59.93723
-59.37056
-60.13124
-61.96521
-64.56529
-64.38005
-64.84718
-64.62771
-65.18565
-65.58146
-66.49301
-67.55390
-68.32649
-69.36360
-70.03863
-71.40592
-71.54232
-73.72445
-72.94329
-76.79087
-71.94827
-62.92241
-62.67261
-62.73119
-59.73092
-58.33551
-60.23027
-62.84462
-63.45044
-64.45954
-65.84175
-66.89911
-67.53313
-68.56104
-69.64989
-70.33895
-71.74887
-72.51957
-74.35885
-74.36384
-77.63411
-76.13660
-81.99074
-77.33251
-94.25571
-66.05298
-61.02160
-62.94084
-56.60926
-57.83208
-60.52559
-60.62748
-61.35285
-62.61502
-64.01910
-64.67746
-67.07636
-69.41235
-71.51151
-68.96348
-69.19345
-71.80775
-72.98348
-73.26286
-75.47854
-77.79124
-79.59812
-80.37384
-77.47718
-77.71531
-75.35254
-63.40830
-61.65595
-62.82324
-62.14494
-62.85467
-62.80816
-63.30697
-64.05494
-64.58940
-64.70732
-65.29282
-66.22199
-66.85535
-67.55806
-66.03927
-68.56223
-60.75594
-58.84110
-60.06742
-59.05886
-60.46173
-60.13990
-61.23144
-62.05077
-63.75052
-63.52315
-65.18018
-64.76239
-65.18639
-66.81079
-67.09736
-66.88857
-70.30539
-64.81569
-57.07933
-58.22926
-57.98299
-54.75626
-54.64179
-57.22728
-57.44118
-58.52476
-58.80587
-58.02710
-59.60568
-57.23209
-57.30234
-58.27584
-57.95902
-58.71130
-59.62415
-60.62940
-61.15837
-62.47417
-62.41794
-64.68261
-62.16599
-61.55958
-63.13975
-62.32419
-62.79030
-59.70583
-60.50408
-60.66439
-61.53774
-57.84070
-56.31069
-57.98207
-57.56956
-58.30397
-58.51504
-59.91338
-60.53034
-61.76179
-61.88535
-62.59206
-63.08335
-64.99965
-65.38557
-65.50409
-66.46240
-66.67500
-67.46501
-68.39785
-71.73110
-71.90619
-74.65987
-71.60201
-69.89383
-65.62642
-64.51164
-65.64414
-66.18397
-66.51364
-65.48157
-65.27579
-66.57744
-66.30529
-67.13056
-66.37520
-68.23396
-67.91704
-69.97368
-69.60751
-71.30670
-69.03810
-58.00796
-56.50909
-55.73995
-56.25107
-57.46180
-58.36213
-59.23030
-59.63130
-60.16660
-60.84333
-62.17160
-67.30633
-69.96934
-66.82396
-71.30322
-67.96797
-63.89910
-64.85690
-63.68099
-61.66418
-61.80285
-60.30844
-60.85033
-60.14279
-62.21821
-57.60086
-55.44003
-57.41500
-56.97671
-57.52574
-57.86545
-59.16973
-59.51260
-60.15313
-60.98322
-61.91461
-62.72435
-64.30064
-65.10299
-65.33807
-66.26308
-66.58713
-67.82467
-68.48104
-69.25258
-69.59319
-71.19905
-71.19391
-67.99558
-69.11539
-70.28796
-69.84241
-70.37173
-70.97227
-72.19161
-72.09973
-73.11376
-73.64297
-74.58685
-74.93868
-76.62440
-76.51138
-77.23904
-77.70082
-78.37667
-79.70395
-79.83927
-80.48927
-80.79221
-82.92531
-80.17672
-79.46851
-81.31175
-81.22366
-81.31754
-81.89017
-82.76210
-83.39388
-83.61671
-84.55265
-85.19763
-85.76982
-86.64909
-87.68842
-87.66021
-88.52360
-88.69046
-90.05040
-90.72180
-90.86417
-91.71228
-92.11510
-90.54954
-89.89949
-91.39560
-92.44636
-92.30684
-92.43732
-93.32817
-94.13909
-94.55052
-95.05012
-96.09443
-96.00407
-97.16352
-98.38719
-98.83099
-99.20373
-99.86494
-100.45828
-101.77589
-101.90123
-102.42113
-103.15082
-102.69160
-101.00148
-101.44038
-103.19367
-103.46198
-103.24135
-103.90046
-104.97995
-105.42010
-105.80098
-106.69028
-107.08072
-107.41580
-109.02612
-109.85006
-110.07139
-110.67737
-111.22413
-112.21427
-113.16890
-112.99674
-114.05195
-114.24857
-112.76026
-112.06903
-113.58980
-114.50867
-114.46621
-114.71043
-115.64789
-116.49385
-116.69283
-117.30142
-118.21537
-118.24603
-119.26168
-120.81322
-121.01207
-121.48414
-121.98957
-122.68427
-123.93040
-124.14445
-124.43696
-125.40436
-124.72275
-123.15118
-123.53643
-125.49403
-125.64472
-125.40113
-126.09702
-127.17843
-127.58690
-128.07381
-128.66568
-129.07048
-129.44227
-131.02188
-131.95508
-131.81629
-132.65013
-132.92695
-134.36885
-134.98129
-134.94405
-136.32683
-136.92051
-134.71928
-133.77447
-136.64401
-139.11786
-138.80150
-138.55672
-140.55421
-142.37134
-142.99312
-148.21487
-151.26591
-148.60212
-155.94617
-170.22013
-180.25827
-185.29845
-186.91670
-188.32797
-189.53537
-190.63826
-191.69008
-192.72810
-193.78018
-194.87066
-196.02159
-197.25647
-198.60071
-200.08636
-201.75453
-203.66539
-205.91130
-208.65564
