-89.46397
-81.68479
-81.02098
-76.35868
-78.35764
-80.72501
-82.85776
-83.09511
-83.76245
-83.53378
-84.69548
-85.59963
-86.47461
-87.02766
-87.38978
-88.38829
-88.26911
-89.84259
-88.66848
-92.19644
-81.41066
-78.52780
-76.30805
-75.56608
-75.32293
-75.92726
-77.35434
-77.92825
-79.37496
-80.23153
-81.71021
-82.71755
-84.79825
-85.81608
-87.68505
-87.92028
-89.64126
-89.58964
-91.62506
-90.36938
-77.72217
-72.64835
-72.00397
-71.98721
-72.91664
-72.80960
-74.14159
-76.20779
-77.72128
-79.65321
-81.39108
-82.67020
-84.12860
-85.00227
-85.73632
-86.74022
-88.23018
-90.22586
-91.11371
-93.48721
-83.14837
-84.35296
-75.35316
-73.31003
-73.73255
-73.32223
-74.28407
-74.97302
-77.23084
-78.29663
-81.09509
-82.19537
-85.38680
-87.27419
-90.87216
-91.43111
-95.56117
-95.35841
-100.82517
-99.01487
-82.80593
-81.76082
-86.45854
-86.19377
-87.24067
-84.98964
-88.40959
-85.80624
-93.94393
-81.32180
-73.14703
-72.92898
-73.43827
-73.98454
-74.41221
-76.92445
-78.33066
-80.79191
-83.16257
-88.17698
-81.99213
-78.95728
-75.20493
-73.95735
-74.69405
-74.25899
-75.13711
-75.86028
-77.57552
-79.01279
-79.20241
-76.15274
-76.04194
-75.98588
-76.90782
-78.44486
-78.68621
-80.85155
-80.38634
-84.06727
-81.45516
-81.72270
-78.05142
-71.48628
-71.25750
-71.70473
-72.28223
-72.75474
-75.01118
-76.77243
-78.49482
-81.56860
-83.74214
-85.62334
-86.21146
-87.58111
-88.08607
-88.99293
-90.05182
-89.66044
-92.84006
-84.59297
-78.91133
-82.94470
-86.28934
-87.84893
-87.18973
-86.72537
-87.66317
-87.69910
-88.25683
-88.56210
-89.65864
-90.21206
-90.61499
-91.39747
-91.01847
-92.38076
-91.60475
-94.78719
-91.10372
-100.93330
-80.20928
-75.85422
-78.61325
-79.37759
-80.62125
-79.19318
-80.09123
-80.61672
-82.34892
-83.04496
-83.45861
-83.91787
-85.33411
-86.09490
-87.01417
-87.12767
-89.09968
-88.71537
-91.98875
-89.91117
-98.73940
-81.75898
-78.28829
-81.13950
-75.94904
-77.07862
-79.97720
-83.49222
-84.29187
-84.13892
-84.33489
-85.37092
-87.14797
-88.13711
-89.14612
-89.74100
-89.83443
-91.20592
-90.87261
-93.40619
-90.79043
-97.72276
-84.51168
-81.73614
-79.94523
-75.39606
-76.62920
-77.20035
-79.32253
-78.46665
-77.98535
-79.09461
-80.15189
-82.01443
-83.31340
-84.28869
-85.55063
-86.11331
-87.73006
-87.54067
-89.69466
-88.12789
-92.29563
-86.99228
-83.75730
-77.23274
-71.73290
-71.75273
-71.42252
-72.78084
-73.82655
-74.99749
-75.99262
-77.22398
-78.73904
-79.79592
-82.45669
-83.23055
-85.47926
-85.94443
-88.52188
-88.10208
-92.28343
-90.51690
-99.04709
-82.43517
-79.58807
-87.04227
-73.76831
-71.86084
-72.29757
-71.94969
-72.71613
-73.48515
-75.54627
-76.74881
-79.24249
-80.53527
-83.42573
-85.52331
-88.89455
-89.69835
-93.78374
-93.70345
-100.39023
-96.57775
-119.53523
-87.49510
-81.54122
-85.26188
-83.41050
-83.26079
-83.39329
-84.81789
-85.25450
-86.18068
-87.19257
-88.66798
-88.92754
-90.44958
-91.01862
-92.63243
-92.81374
-95.00429
-94.27777
-97.61755
-95.60862
-100.86644
-95.57182
-118.03141
-87.72523
-79.87408
-81.70666
-79.00444
-79.18738
-78.80036
-79.44029
-80.43186
-80.98309
-82.06980
-82.60262
-83.81321
-84.24067
-85.52653
-85.54638
-86.74942
-86.74400
-87.76826
-87.83267
-88.86827
-89.33713
-90.26201
-90.87219
-92.34681
-95.87214
-83.13294
-83.37423
-80.54704
-77.37149
-78.78438
-79.00768
-81.08375
-80.14468
-80.43126
-81.66837
-82.79938
-84.56618
-86.21101
-88.05768
-89.19249
-91.23687
-91.83462
-91.92207
-92.80247
-93.47449
-93.81596
-95.29694
-97.38965
-94.60707
-101.60647
-88.94840
-79.88813
-83.75052
-82.12592
-77.24707
-76.83893
-76.39196
-77.82109
-78.93394
-79.89670
-80.86918
-82.40587
-83.74820
-85.02572
-86.44274
-85.49437
-85.88963
-85.78411
-86.97578
-87.82130
-89.15613
-89.65729
-91.35980
-89.51205
-91.23587
-92.15202
-89.88591
-86.92393
-79.42670
-79.34541
-80.38385
-77.90359
-77.45976
-78.31088
-79.53173
-80.27944
-79.88802
-80.30031
-81.26441
-82.87611
-85.30375
-85.53916
-87.10681
-87.46016
-88.41806
-88.84939
-89.62492
-89.48812
-89.46914
-90.46493
-88.75931
-87.40245
-88.35307
-88.95134
-87.90758
-88.88463
-80.57590
-79.61191
-81.31019
-85.24922
-85.77131
-84.93461
-83.25751
-91.06452
-79.39886
-77.93858
-81.48845
-76.54218
-97.03986
-77.87055
-80.37752
-82.03205
-76.53495
-114.40600
-79.28508
-78.78282
-95.10280
-92.09005
-93.28402
-75.98397
-83.36950
-98.72946
-76.13744
-87.11298
-78.47861
-79.72455
-78.28487
-80.67406
-76.65229
-91.79383
-90.76654
-77.24006
-83.68950
-78.03285
-80.65518
-76.99784
-84.35408
-77.05269
-76.45315
-78.49992
-77.59280
-77.12012
-80.33118
-78.30005
-78.03021
-76.02230
-76.93965
-100.53530
-90.96547
-103.07621
-95.42369
-102.54941
-94.34199
-116.16973
-98.19802
-102.19165
-89.81558
-72.87883
-74.11261
-77.14705
-78.20564
-78.62186
-77.02265
-77.39613
-80.30523
-82.00615
-84.30380
-81.07243
-76.42267
-78.17250
-80.08380
-79.89287
-82.37687
-76.22921
-73.50600
-75.76245
-76.94664
-78.13462
-77.21938
-75.33304
-77.16889
-81.57851
-83.04522
-84.71197
-79.36679
-76.34742
-78.47238
-79.54468
-80.10995
-81.57444
-74.03580
-72.06507
-72.92419
-73.11028
-74.98938
-75.97916
-76.73889
-77.41486
-79.17975
-79.86005
-82.93425
-76.87488
-75.38107
-76.96002
-76.99321
-77.88230
-78.17343
-79.27063
-79.23725
-80.73221
-80.89086
-83.12090
-78.04529
-77.69260
-80.32530
-76.04684
-77.24120
-78.18021
-76.56454
-76.86376
-77.92710
-77.77422
-79.55354
-74.94951
-71.98439
-75.30169
-76.65778
-77.56856
-77.04826
-74.83064
-77.05752
-80.73629
-82.08684
-83.36605
-78.13825
-76.29213
-78.70379
-79.11656
-81.99695
-82.10665
-74.59986
-74.56223
-78.42245
-79.13450
-80.52663
-76.14808
-72.87416
-75.23296
-77.87092
-79.28171
-79.49995
-76.08855
-75.90066
-78.85426
-79.07967
-81.97507
-77.16981
-71.74695
-73.63047
-74.76266
-75.30288
-76.35572
-76.73500
-76.84119
-78.74903
-80.17930
-81.22157
-80.56588
-75.27178
-75.52148
-75.26892
-76.37870
-77.68393
-78.56937
-79.59872
-80.24172
-82.50890
-82.24624
-86.72050
-68.71853
-65.54786
-67.25326
-67.58995
-69.91887
-70.65022
-72.00768
-73.80007
-75.55427
-76.11194
-78.92820
-71.85750
-70.28139
-74.19970
-74.89315
-76.48298
-75.76718
-75.95391
-77.80884
-80.05483
-81.48021
-83.43767
-75.85727
-70.77212
-72.90402
-74.78643
-75.82977
-76.70222
-76.00729
-75.86489
-76.22827
-75.16735
-78.94325
-75.86277
-67.58559
-68.62884
-72.48548
-74.91187
-75.69500
-76.28603
-76.08588
-76.75141
-76.50174
-79.52964
-77.38796
-73.76394
-74.56840
-74.97443
-76.80869
-77.03197
-78.38601
-78.23557
-79.80573
-80.50021
-82.01003
-80.81329
-73.06425
-70.57508
-72.20452
-74.68465
-78.79987
-80.69399
-79.59493
-81.79525
-83.21326
-83.91215
-86.22572
-69.47630
-67.36896
-70.61075
-70.76903
-72.47119
-74.93568
-78.03880
-78.61056
-79.80652
-80.70707
-80.30550
-74.56369
-75.48262
-77.52313
-77.18605
-79.10282
-76.81690
-79.26927
-82.48294
-86.23344
-84.94781
-85.60175
-73.50662
-68.94745
-72.81658
-74.53815
-77.23857
-78.11143
-75.86103
-75.81854
-79.46149
-77.65943
-80.66823
-67.02746
-63.34633
-67.08830
-69.21556
-72.06973
-71.80771
-73.93210
-74.00869
-75.12827
-76.57176
-81.30213
-75.18504
-73.88577
-77.10326
-77.37054
-78.49507
-77.94754
-78.78753
-77.81560
-80.38199
-79.37506
-81.96585
-74.67367
-71.79509
-72.47325
-73.52999
-75.26286
-76.72741
-78.79225
-78.81470
-80.32693
-79.82156
-83.92241
-75.90782
-67.04626
-66.42738
-68.09238
-68.92804
-70.42846
-71.27871
-73.28156
-74.80417
-77.06174
-78.08523
-78.69420
-69.57607
-67.46912
-73.35765
-75.93359
-78.43787
-78.06606
-78.91872
-81.23757
-83.42294
-84.40905
-82.03457
-73.44862
-72.14131
-75.22564
-76.38492
-79.25398
-77.40591
-76.58878
-76.70209
-79.57147
-79.94187
-77.65960
-70.42741
-69.37154
-70.03996
-70.83807
-75.15137
-77.25733
-75.66777
-74.93704
-76.82101
-78.64629
-77.50602
-74.16951
-74.16039
-75.55843
-76.57691
-76.30302
-77.46430
-77.50179
-78.64223
-78.78496
-79.89481
-80.90181
-75.15032
-71.22599
-71.67016
-73.57762
-78.48820
-79.32219
-81.70426
-79.84152
-85.35471
-83.33038
-90.86806
-73.68756
-63.58339
-66.45862
-70.73573
-73.29238
-75.34533
-76.36775
-78.61716
-79.58012
-79.53059
-80.91729
-75.24766
-73.72719
-78.49333
-76.89727
-77.91899
-76.93668
-77.09243
-77.79702
-79.05458
-80.11328
-80.88631
-77.17554
-72.85694
-72.34610
-72.96145
-77.03417
-77.90514
-75.86198
-75.56138
-76.22834
-77.80565
-79.27925
-77.63279
-65.15489
-63.53496
-67.25425
-70.36464
-71.49755
-70.97482
-73.18261
-75.04575
-76.69217
-77.88815
-74.59342
-71.23484
-71.61261
-72.41667
-74.99711
-74.16134
-74.03148
-74.57900
-76.01851
-76.87617
-78.35194
-77.48840
-73.20647
-72.85793
-73.00697
-74.38361
-75.11815
-77.09656
-76.80237
-76.53837
-75.93037
-77.76708
-79.25452
-69.29353
-65.51640
-66.17561
-68.21482
-68.99871
-69.74750
-71.38823
-73.83368
-75.23777
-79.32640
-74.25042
-67.39352
-68.96000
-70.91312
-70.70786
-70.80102
-70.68792
-71.78008
-72.31614
-72.45221
-72.24027
-72.93526
-70.46086
-72.50707
-76.37504
-79.55807
-80.22467
-82.11458
-83.72670
-85.65638
-89.18816
-87.31544
-91.29167
-63.05756
-61.94638
-66.73856
-68.64226
-73.49576
-76.10617
-82.45852
-79.75443
-84.25777
-80.17795
-100.71188
-75.05699
-67.66502
-67.55878
-68.08519
-69.10163
-68.80134
-69.36413
-69.85524
-70.11630
-70.40238
-70.47015
-71.18928
-69.64327
-68.70591
-69.54348
-70.81184
-70.16412
-70.63026
-72.65243
-68.96735
-67.66183
-68.18674
-67.75518
-65.90023
-66.93558
-68.54476
-69.35248
-69.79425
-70.38221
-71.43126
-70.88985
-70.85703
-71.14342
-68.82626
-66.18176
-66.63092
-67.17930
-67.56465
-68.46955
-70.13847
-69.62828
-69.95004
-69.04441
-68.43496
-69.08893
-67.56360
-67.89999
-67.67852
-68.85497
-70.84963
-70.64057
-69.49985
-68.35104
-70.22709
-71.46190
-70.17401
-68.05865
-68.46504
-69.83032
-68.85212
-68.64749
-68.05755
-68.99039
-69.29935
-68.61554
-69.00824
-68.95768
-69.53165
-69.14122
-69.35988
-69.64127
-69.54596
-69.98626
-70.37096
-69.52290
-68.56292
-69.66616
-69.37641
-69.20181
-69.62716
-69.49208
-69.75001
-70.18047
-70.35320
-71.01103
-69.52428
-69.37277
-69.90047
-70.23076
-66.75001
-61.25432
-60.94960
-62.65097
-64.17280
-65.85574
-67.68839
-69.17270
-71.68889
-73.72740
-75.03633
-74.92634
-66.71561
-67.07690
-69.51860
-70.06267
-71.38257
-71.03736
-71.62477
-71.73736
-72.21860
-71.99821
-72.39783
-70.31889
-70.03892
-69.09750
-70.91866
-74.86503
-79.84009
-81.20734
-83.74596
-82.23673
-95.10806
-77.36270
-64.94117
-65.61772
-67.81625
-71.83407
-74.99548
-77.90537
-79.51194
-80.96696
-80.52349
-82.43669
-79.09739
-68.20498
-68.24555
-68.81475
-69.29460
-69.43431
-69.42555
-69.48434
-69.95784
-69.91625
-70.13149
-69.76969
-69.37873
-70.29666
-69.28100
-69.66629
-70.59976
-70.55983
-69.75002
-72.11664
-70.35585
-67.22891
-67.71009
-66.16558
-65.59252
-67.65844
-68.59469
-69.07563
-69.38335
-69.63017
-70.47821
-69.10072
-68.64551
-69.79294
-68.82169
-68.57166
-69.06122
-69.67649
-69.87680
-69.38138
-69.64101
-70.12356
-70.60763
-70.30164
-70.35018
-67.92857
-67.20006
-68.31739
-67.93599
-69.56240
-70.22942
-70.62992
-71.33586
-70.75537
-70.48609
-70.73183
-68.41839
-66.72251
-66.75125
-66.91980
-67.92088
-67.76699
-70.55636
-72.53563
-75.09788
-73.05987
-66.69676
-65.57743
-65.50062
-66.99627
-68.20449
-69.02634
-70.25616
-68.75803
-70.31427
-70.68122
-70.22831
-69.07616
-66.05313
-66.86425
-67.76155
-67.64838
-68.27979
-68.08522
-69.60751
-70.80269
-70.59472
-69.13129
-69.13167
-69.16982
-65.21293
-64.85598
-65.43107
-66.28718
-67.78242
-67.92097
-68.00426
-68.48785
-70.42540
-70.28205
-69.80444
-67.83344
-68.70472
-71.30637
-71.48155
-71.24079
-70.08712
-70.18025
-70.38883
-71.83034
-72.40241
-72.92020
-70.14116
-69.18774
-72.56539
-77.28347
-80.98070
-83.54230
-85.35918
-86.98690
-90.57371
-87.47192
-97.31919
-67.22647
-64.85594
-67.70446
-69.26705
-74.13487
-77.19920
-81.63377
-80.54445
-83.18967
-84.32558
-87.52800
-69.79231
-67.17567
-68.50720
-68.46980
-69.23652
-69.73597
-70.54097
-70.33693
-70.63867
-70.48871
-70.65573
-69.32216
-68.61104
-68.87191
-69.94180
-69.93337
-69.85594
-70.25228
-70.04255
-70.81641
-70.37813
-70.54022
-70.47301
-66.63302
-67.32937
-69.45225
-69.11750
-70.30956
-70.44616
-71.20737
-70.71047
-71.23046
-70.81931
-67.26499
-66.11039
-66.92355
-67.33827
-67.57750
-68.30278
-69.92837
-70.46882
-69.51622
-69.76447
-70.66231
-70.23646
-68.17491
-68.47664
-69.36671
-70.60412
-70.56838
-70.06234
-68.09330
-68.66978
-71.05056
-70.54782
-69.33285
-65.58383
-67.51262
-69.20687
-68.52261
-68.56503
-68.82027
-70.14777
-69.83242
-68.83546
-68.95360
-70.08613
-68.34628
-69.08849
-70.08530
-70.08713
-71.00134
-71.19394
-71.95577
-72.05842
-72.04117
-72.00397
-72.57473
-72.03973
-71.78555
-72.06582
-73.13152
-75.83951
-78.16120
-80.58832
-81.44989
-83.27437
-83.06704
-78.53043
-66.10888
-61.97903
-62.42474
-64.63023
-66.35951
-67.67290
-68.98142
-71.89827
-75.19039
-77.96587
-75.93667
-66.42279
-67.33473
-68.89150
-69.07164
-70.09641
-69.70983
-71.03017
-70.22899
-70.10568
-69.62661
-69.97265
-68.86254
-68.30800
-68.17502
-68.91793
-69.65609
-69.62344
-69.46196
-69.17507
-70.10826
-69.38249
-68.96196
-65.70519
-65.43798
-67.08219
-68.61086
-72.29886
-74.66527
-78.44122
-80.10752
-81.18211
-70.54574
-67.90089
-68.49975
-68.45329
-69.64683
-70.01926
-70.68922
-69.90884
-70.59417
-69.83677
-70.53495
-70.16149
-70.19362
-70.23365
-68.77266
-69.37811
-69.53435
-71.37571
-74.09696
-77.66141
-79.16557
-87.15383
-81.16122
-93.33660
-67.80091
-62.39901
-66.64803
-68.64593
-70.95960
-71.72291
-74.83481
-76.47986
-78.38597
-78.95487
-83.13870
-71.34143
-67.88958
-68.97023
-69.15421
-70.88288
-72.30270
-72.21890
-71.98024
-71.97495
-71.65995
-72.91327
-71.21330
-69.18332
-70.55824
-71.61619
-70.37529
-71.16162
-71.01504
-71.34689
-71.23429
-71.68500
-71.47788
-72.28344
-67.96187
-68.05405
-71.12515
-71.24730
-72.37920
-71.78354
-72.57906
-71.57234
-71.02079
-70.15285
-71.12916
-70.55736
-69.01596
-69.56970
-71.15477
-71.54875
-71.18317
-71.41655
-71.67382
-72.22237
-73.10106
-74.00064
-73.53374
-72.96769
-73.45725
-74.60705
-74.41950
-73.24406
-73.52529
-74.08730
-74.45748
-74.16582
-74.40529
-71.32399
-68.76513
-70.04268
-70.06311
-71.37757
-72.07101
-71.95156
-73.88096
-78.73279
-81.34340
-82.24772
-78.61485
-73.31748
-78.03498
-79.97935
-81.92597
-81.32615
-81.93485
-81.78050
-83.46425
-82.46446
-86.37107
-77.78228
-71.47639
-73.93417
-73.39741
-75.01417
-74.32007
-75.85515
-75.35575
-79.87033
-76.19524
-85.97322
-67.76705
-61.58864
-66.09755
-67.64659
-69.70212
-70.31593
-71.25958
-71.43557
-73.21672
-73.54451
-74.31284
-73.54255
-67.33902
-67.45161
-68.95464
-69.17179
-68.81804
-69.85527
-71.18230
-72.25302
-74.33276
-76.65519
-76.84402
-67.87329
-69.37261
-73.01811
-72.51552
-72.70235
-67.55344
-67.59040
-68.27374
-70.68168
-70.25018
-73.36695
-64.35748
-61.28082
-66.31344
-68.99051
-70.99193
-71.72418
-73.21687
-74.25814
-76.20829
-77.94634
-80.92501
-76.66276
-77.59360
-84.56720
-83.00047
-86.41644
-84.17705
-85.94038
-85.04139
-87.02200
-86.85099
-85.81278
-74.11543
-69.46503
-69.55753
-69.41415
-71.01480
-71.45823
-72.34273
-71.81302
-73.05912
-71.84093
-75.58832
-66.21859
-62.70052
-68.25727
-70.69218
-72.88060
-73.30458
-75.86719
-76.41882
-78.39566
-79.24753
-84.21781
-72.94378
-68.56087
-68.11218
-68.25733
-69.93157
-70.31032
-72.47222
-71.96264
-73.04043
-72.92889
-74.58382
-71.29854
-71.11398
-72.01625
-71.96226
-71.64059
-72.15443
-71.71206
-72.77452
-73.96431
-74.73624
-75.34683
-67.52553
-69.17355
-70.47775
-70.57290
-72.79298
-73.05514
-75.79942
-76.54836
-78.69611
-77.61511
-79.79444
-77.62966
-74.73576
-78.65894
-81.13963
-80.58759
-81.10102
-81.11181
-81.89576
-82.03148
-83.52131
-85.06280
-79.34559
-71.36992
-70.48540
-70.57104
-71.36684
-72.38175
-73.41743
-72.76905
-74.45459
-74.99449
-74.76074
-76.57955
-63.02681
-62.93819
-68.18692
-69.24148
-71.21872
-70.86301
-73.37373
-74.61644
-75.77980
-77.01287
-78.64463
-72.27146
-71.44850
-72.07416
-72.45287
-73.06961
-74.33791
-75.50562
-76.70496
-78.20253
-79.67484
-77.51721
-67.44089
-69.41366
-71.28379
-71.37021
-73.70425
-70.16044
-70.81820
-71.58967
-74.78690
-73.09396
-79.03613
-65.66416
-61.97454
-67.38574
-69.77470
-71.97934
-72.48784
-73.01722
-74.20978
-74.61279
-76.08898
-73.84167
-67.11753
-67.66768
-67.85215
-68.21400
-70.44747
-70.79825
-71.37512
-70.78130
-72.28793
-72.44678
-75.15158
-74.84906
-72.18349
-70.32627
-70.17656
-72.10787
-73.51143
-71.38139
-72.18067
-74.72498
-75.64414
-77.25999
-72.16009
-65.55945
-64.84789
-66.18916
-67.40195
-68.12965
-65.76849
-65.21744
-66.50957
-70.00632
-73.76823
-72.11058
-61.80860
-58.86858
-60.28992
-61.95049
-63.16764
-64.41907
-66.03887
-66.77077
-67.92424
-67.69357
-70.80505
-63.91493
-60.95888
-62.42821
-62.70530
-63.50572
-64.12562
-65.08243
-65.27463
-65.57615
-69.37847
-70.02635
-66.90560
-65.57121
-64.32411
-65.13698
-65.78883
-66.72773
-66.51529
-66.94840
-68.15069
-69.08581
-70.55640
-72.42194
-65.84561
-64.02958
-70.37050
-75.11421
-79.89378
-78.12703
-80.89342
-80.79279
-81.51201
-81.98169
-70.03705
-66.54950
-65.77502
-66.69625
-67.99948
-69.17676
-68.98776
-70.31183
-70.63790
-69.29282
-69.40507
-64.95525
-65.06837
-65.87671
-66.04746
-68.82496
-71.21802
-72.17667
-72.20258
-74.74385
-74.78444
-78.51237
-69.18444
-64.18593
-63.95668
-63.76959
-64.13186
-64.39460
-65.78461
-66.50713
-66.58034
-66.38980
-66.67357
-67.21471
-66.96001
-66.22142
-66.05872
-66.40722
-67.50698
-68.02074
-67.37404
-67.25707
-67.99427
-70.68900
-62.85265
-61.31361
-64.47878
-65.49686
-66.91872
-66.78382
-67.57693
-68.14965
-68.56445
-68.86549
-69.09137
-68.40429
-66.70269
-65.10493
-65.57658
-66.91938
-67.10873
-67.31309
-67.79416
-67.81914
-67.96576
-67.70662
-68.75235
-67.37648
-66.76728
-68.25342
-69.50706
-69.90574
-72.04339
-74.60941
-75.80730
-74.77517
-79.92535
-70.04021
-61.56975
-62.43430
-63.79996
-66.74270
-69.66974
-72.31028
-73.53669
-75.23333
-76.72715
-78.72533
-77.30584
-67.86812
-65.38801
-64.52129
-66.08475
-66.32215
-67.51609
-68.44525
-68.98804
-68.76358
-69.33761
-68.13338
-66.85947
-66.77886
-65.74643
-67.76184
-70.17164
-70.54500
-69.58949
-70.17065
-69.86074
-69.98321
-70.47415
-66.96621
-66.37742
-67.58337
-69.30585
-71.24013
-72.87943
-68.51811
-63.31973
-64.61987
-65.93266
-67.13645
-69.05181
-66.44268
-65.98067
-66.96810
-67.46976
-67.21302
-68.35019
-69.49621
-69.64301
-69.83378
-69.32507
-69.27152
-68.26639
-68.65843
-70.79376
-73.69535
-74.25555
-74.72603
-73.95931
-76.22383
-74.12559
-77.24388
-69.31139
-61.55848
-62.81896
-65.49513
-66.93986
-67.09167
-69.00267
-70.97853
-72.59269
-72.62236
-75.16058
-69.42896
-64.55919
-65.30408
-65.90710
-67.34035
-67.24213
-69.44426
-70.80122
-70.85055
-71.38941
-71.84971
-71.99389
-69.61513
-69.38884
-69.57413
-69.20353
-69.40118
-70.61159
-69.11053
-69.47431
-69.77586
-69.49314
-70.36952
-62.99689
-63.25056
-67.05186
-67.38723
-70.00117
-71.15681
-73.88564
-74.38020
-76.16888
-78.64966
-80.59430
-70.45034
-67.31631
-68.63707
-67.72892
-66.62125
-66.04403
-66.92404
-67.88123
-69.24227
-69.34261
-70.27142
-72.53072
-69.47260
-67.07102
-68.18972
-69.12974
-70.31368
-70.92893
-69.80357
-70.03519
-70.71633
-70.69070
-67.27178
-68.24420
-69.05981
-69.59994
-70.46596
-71.02375
-70.09921
-70.15650
-67.09525
-63.38902
-65.32845
-62.67450
-62.76875
-65.65055
-66.29191
-67.27061
-69.30303
-74.85060
-77.42718
-80.32142
-80.63159
-82.08602
-82.99174
-82.60602
-82.54262
-83.89822
-83.18601
-85.59210
-86.16309
-81.71050
-84.15702
-82.58230
-94.81211
-73.56886
-67.01887
-67.68676
-67.84148
-68.64157
-69.65621
-71.50755
-72.60798
-74.14582
-74.56133
-76.12358
-77.26030
-79.34263
-80.11904
-79.74229
-81.42830
-80.98235
-83.29532
-83.74608
-85.48536
-84.67774
-86.48057
-78.39850
-72.99794
-70.31674
-70.09752
-71.71050
-72.59657
-74.53374
-76.16633
-76.43512
-78.24561
-80.19490
-80.71176
-76.41430
-73.09955
-70.88832
-70.75350
-72.55219
-73.01468
-74.64479
-75.53686
-76.52480
-77.14008
-80.23621
-74.75589
-69.55484
-70.45375
-70.76103
-72.12293
-73.12602
-74.24803
-75.49006
-75.50774
-77.08795
-76.79032
-74.82289
-72.32943
-73.43039
-74.55175
-73.99113
-69.04733
-67.09184
-68.48821
-68.98393
-70.59091
-72.23022
-69.50122
-68.98056
-70.52871
-71.33523
-72.84617
-73.03316
-74.36666
-74.73403
-76.86582
-79.14250
-82.78079
-84.83215
-84.68806
-84.20972
-83.55565
-85.42581
-85.43817
-86.75797
-86.04017
-85.89093
-86.16915
-88.38545
-78.09216
-74.31484
-72.66772
-71.70370
-72.28947
-73.93659
-75.19686
-76.20537
-76.44201
-77.69342
-78.22537
-74.87029
-72.87839
-70.75157
-70.94658
-72.28248
-73.70449
-75.20135
-77.52090
-77.22443
-78.75187
-81.50615
-86.78472
-79.73909
-71.12874
-70.81837
-71.78154
-73.17958
-74.71001
-74.02915
-75.32608
-75.53076
-76.26954
-76.57712
-72.45782
-71.04719
-73.51892
-74.22944
-72.78544
-72.85689
-67.84558
-67.19006
-69.77340
-70.97409
-72.19204
-69.81583
-69.84316
-69.85317
-70.66302
-73.52148
-75.38749
-76.44699
-76.55636
-78.59574
-80.22285
-81.77211
-81.96210
-82.86541
-82.33401
-81.14766
-80.99476
-81.37585
-81.36117
-81.80961
-82.45676
-84.98753
-82.16269
-74.85728
-72.52832
-71.15843
-71.87197
-73.20705
-74.81300
-75.22639
-76.14367
-77.07602
-77.38936
-78.99401
-73.09059
-71.06555
-72.34040
-72.45620
-72.58247
-74.04952
-75.40932
-76.29029
-79.74345
-81.76753
-84.21845
-88.10626
-75.30194
-73.71529
-76.83211
-77.55619
-79.10596
-79.05884
-79.84043
-80.00729
-80.58936
-83.90919
-76.83357
-73.30552
-74.16805
-74.15100
-76.27660
-74.12975
-73.60379
-74.35072
-75.38574
-75.87065
-77.57558
-75.06788
-68.41447
-70.56251
-72.02526
-72.20374
-73.74925
-73.77252
-76.01103
-76.67394
-78.55545
-78.36095
-84.98219
-77.22856
-72.40936
-73.12000
-74.41471
-75.97923
-76.68759
-76.26307
-77.04614
-77.50078
-79.96390
-76.80289
-72.36104
-74.27649
-75.47301
-74.98744
-74.35790
-76.81550
-77.41534
-79.04983
-78.45998
-79.24287
-77.92653
-72.83553
-72.52903
-70.95814
-71.41753
-72.79059
-74.03416
-76.74689
-77.91832
-79.44335
-78.13441
-81.64379
-74.89922
-70.15543
-71.40758
-71.58051
-72.15456
-73.00398
-74.11559
-75.79763
-76.30493
-76.73254
-77.66913
-72.83763
-71.93887
-72.19086
-71.73845
-72.25203
-73.23016
-73.45215
-73.04652
-73.99110
-74.81908
-77.67614
-73.85603
-73.60458
-73.33304
-72.21886
-73.27394
-73.71802
-75.25551
-73.98571
-74.02513
-77.89806
-84.63423
-85.76618
-83.15218
-81.38059
-81.70682
-82.15181
-81.48716
-82.46671
-82.86841
-84.59617
-83.07621
-85.88841
-77.25750
-75.16519
-74.51777
-73.51473
-74.65142
-74.38381
-75.40907
-75.38535
-76.60967
-74.53300
-75.73780
-73.40217
-70.32762
-69.16206
-68.80663
-70.28791
-72.34009
-73.25543
-74.27121
-75.35056
-76.54019
-76.71690
-81.59111
-76.85632
-69.40126
-69.87125
-70.52112
-71.89427
-73.17516
-74.11493
-74.70013
-75.66585
-76.40481
-76.70373
-75.87253
-72.08605
-69.13353
-70.68555
-73.13605
-70.66550
-72.23901
-74.32842
-74.90715
-75.83517
-76.16546
-71.84367
-66.97556
-67.22885
-67.96191
-69.05679
-70.67812
-71.78611
-73.05466
-74.76970
-75.78049
-76.93343
-76.65195
-67.01509
-65.76281
-66.79199
-67.46828
-68.01892
-68.99379
-70.82606
-72.53603
-73.72275
-72.86175
-71.12375
-68.01988
-69.25644
-69.73799
-70.75677
-72.66235
-77.16635
-78.05104
-77.69076
-78.87409
-77.09226
-72.15874
-64.68264
-63.72288
-68.89360
-72.64718
-73.76818
-74.70288
-75.94847
-76.78343
-77.87051
-79.97914
-69.65080
-69.03597
-71.52317
-72.07247
-74.86461
-76.16168
-77.42968
-76.84355
-77.60767
-79.08782
-79.60260
-80.65481
-73.79901
-69.46189
-71.18425
-75.52822
-78.29312
-79.33328
-78.07246
-78.89682
-78.70570
-80.34973
-78.81694
-75.22153
-74.86205
-74.08768
-73.37261
-74.69220
-76.13849
-65.95787
-64.55940
-67.23240
-67.31933
-72.36324
-72.61364
-67.18429
-67.67785
-71.73191
-73.51527
-75.04735
-75.21905
-75.92078
-76.03617
-77.01904
-77.98761
-70.60394
-67.03917
-69.89445
-76.15864
-77.44359
-75.89356
-76.17931
-76.81049
-76.16581
-76.15668
-74.61749
-69.82957
-67.08879
-67.74814
-69.64955
-69.99989
-70.26782
-71.00167
-71.89559
-72.89930
-76.80875
-72.99668
-66.69692
-70.38715
-72.37437
-72.45378
-72.63359
-69.03994
-70.98818
-71.51942
-73.57075
-73.86513
-75.99125
-69.90491
-68.54279
-71.92448
-72.73633
-74.90240
-74.03588
-75.06206
-75.56253
-77.00873
-76.68081
-76.76163
-67.44191
-66.50839
-69.48043
-69.96622
-71.09784
-73.47187
-75.50435
-75.57660
-76.78372
-77.82981
-81.96324
-66.61815
-63.27695
-63.83371
-65.66667
-68.98565
-71.74128
-76.72336
-80.31080
-85.51199
-85.83807
-87.22059
-71.79060
-67.05146
-67.84536
-68.57109
-69.30229
-68.85140
-69.06903
-69.27544
-76.09208
-79.61696
-80.33501
-75.74215
-62.46666
-61.90966
-63.11756
-64.28494
-65.47097
-66.58878
-67.72176
-67.52145
-71.61028
-73.31237
-75.29418
-66.66151
-64.78332
-65.55827
-68.62281
-71.43663
-71.51948
-70.10781
-68.75055
-70.52714
-69.61630
-70.32326
-65.99534
-64.29765
-64.82534
-65.36260
-65.75973
-68.15391
-67.90569
-68.54030
-67.57102
-68.45573
-69.01826
-61.20358
-60.85656
-62.00380
-62.70825
-64.19056
-63.83337
-63.62867
-66.63589
-67.90722
-67.29075
-67.60026
-65.39989
-62.54382
-60.80402
-60.90983
-61.24369
-63.54372
-65.20350
-69.52450
-72.40216
-76.29691
-74.37127
-68.36600
-65.39414
-63.23019
-65.58556
-65.90413
-67.15301
-69.42468
-70.87916
-70.44423
-69.13237
-74.04732
-67.88078
-62.76315
-62.19403
-63.97401
-64.87192
-66.04522
-68.07716
-68.92778
-69.06159
-66.78299
-70.23554
-65.89789
-64.23152
-62.52864
-64.20989
-66.62270
-64.91506
-67.79023
-66.52428
-69.10739
-68.39931
-69.09734
-66.79301
-66.12524
-67.48845
-67.29307
-68.16831
-68.41649
-69.36172
-66.92764
-65.89750
-66.12759
-65.43618
-65.72365
-66.52555
-66.58804
-65.01115
-65.55901
-66.66572
-67.87998
-66.15807
-62.34887
-64.15517
-66.03782
-65.76994
-66.12507
-67.68434
-66.03611
-67.62338
-67.50355
-69.67940
-68.26557
-63.94243
-65.61153
-66.45463
-64.81342
-62.60166
-65.47850
-68.74959
-70.48053
-71.10700
-70.51844
-69.77837
-69.97015
-67.57283
-67.44822
-65.27227
-63.07486
-64.13449
-64.81276
-63.87276
-62.45572
-62.04459
-62.80305
-63.50699
-62.52834
-64.86445
-65.54688
-64.37819
-64.78246
-67.37710
-68.99979
-69.38914
-73.30978
-71.91632
-69.07983
-70.50946
-74.01609
-71.39330
-67.34862
-68.86320
-70.93539
-72.31630
-72.84689
-68.71735
-67.19197
-67.51124
-68.26514
-69.28267
-70.29536
-65.44475
-66.24589
-67.97950
-68.33047
-69.49793
-70.27677
-75.23835
-65.16446
-62.07118
-65.93159
-70.74211
-68.88477
-69.30384
-73.77951
-75.35430
-76.83021
-75.70208
-76.87786
-74.50266
-74.52493
-78.05187
-77.46501
-73.90669
-66.01306
-64.43026
-66.50583
-66.92548
-66.56750
-67.80598
-69.83551
-69.15917
-70.72152
-75.62170
-75.89688
-66.65927
-63.12806
-65.04134
-65.78355
-66.40829
-66.86911
-67.37334
-68.57938
-67.52628
-70.10706
-69.37808
-65.67958
-63.58012
-65.01581
-66.47176
-67.04827
-68.94983
-69.07144
-69.25874
-68.59369
-69.87997
-69.98541
-69.00604
-68.34900
-68.15487
-69.63205
-70.09053
-70.32935
-69.06741
-64.38757
-64.16326
-63.32802
-64.87008
-67.93183
-67.79598
-69.43044
-68.52488
-69.21082
-69.76169
-69.05113
-64.07525
-63.00473
-65.49618
-66.60970
-65.38585
-65.48965
-68.05253
-70.31111
-70.04345
-70.10230
-70.19720
-70.04077
-69.79184
-69.13987
-69.04685
-64.79981
-65.08629
-68.15613
-69.35365
-69.02858
-69.09618
-69.79310
-67.46619
-67.12598
-67.20091
-70.02714
-67.03680
-65.08499
-64.76881
-63.98764
-65.04445
-65.75131
-67.20648
-65.88124
-67.78617
-71.05662
-69.97019
-64.47724
-64.55826
-63.58168
-64.43656
-68.07682
-65.89931
-69.01254
-65.49167
-66.81121
-69.85679
-68.56553
-66.88797
-65.32772
-64.70422
-63.68119
-63.49412
-65.43685
-70.65771
-66.64673
-66.02562
-68.13399
-69.06480
-69.15696
-67.71853
-68.34592
-68.54461
-70.22167
-70.01708
-71.16243
-67.56028
-60.56045
-60.14466
-61.49578
-63.24526
-65.15613
-66.39330
-70.25187
-71.83608
-74.41939
-74.88451
-76.51619
-75.89079
-77.59611
-76.53417
-73.83963
-67.90735
-64.93371
-64.95014
-66.55040
-65.96745
-65.98851
-65.33244
-61.40106
-64.04709
-68.32379
-69.87133
-65.94858
-64.40867
-66.28690
-68.49082
-70.90085
-70.56722
-71.74009
-70.84864
-70.97323
-73.16084
-68.93512
-64.16279
-64.53898
-64.83572
-65.79337
-66.60704
-66.78864
-69.18724
-69.24366
-67.26711
-67.60407
-68.66465
-67.20797
-66.38250
-65.72791
-65.58286
-67.10628
-68.84930
-69.54274
-63.19423
-59.72052
-60.25968
-62.07855
-63.47143
-63.30100
-62.97972
-64.19562
-66.43995
-65.98798
-67.41278
-61.69581
-59.33044
-62.55651
-65.49835
-68.02170
-66.33428
-66.26277
-67.93950
-70.53751
-70.13400
-71.27977
-71.33162
-69.37986
-68.10391
-65.55303
-64.88123
-64.34237
-67.35149
-69.17523
-72.18488
-68.42128
-69.00876
-66.72571
-62.53147
-65.96614
-69.84170
-66.75329
-66.55659
-69.21045
-66.84101
-68.63033
-68.31026
-68.24072
-69.60468
-73.29132
-70.83623
-73.17918
-69.23415
-64.05388
-63.98643
-65.48849
-68.28375
-68.78609
-69.33114
-67.77938
-67.35964
-67.96337
-69.33926
-68.96409
-67.93014
-65.98983
-67.93465
-70.12744
-71.41303
-71.78525
-69.42981
-63.62610
-64.81013
-67.39099
-70.68322
-67.63373
-61.48535
-63.24733
-64.63550
-65.98305
-68.43533
-68.53742
-63.12383
-61.51320
-62.44023
-62.48059
-61.23222
-62.74468
-66.83000
-68.42694
-67.17327
-68.18214
-68.55806
-66.98227
-67.78101
-67.69262
-67.93788
-67.38124
-67.18005
-66.20249
-66.57515
-66.93649
-67.13605
-67.16855
-67.27258
-67.53574
-68.36977
-68.83575
-69.27126
-67.13429
-64.90098
-65.35183
-66.65387
-67.07490
-67.27654
-65.14718
-62.08393
-65.88627
-68.63799
-63.43527
-63.99064
-67.34975
-69.43804
-70.98987
-71.18371
-72.63092
-71.83455
-74.23308
-77.76527
-72.56098
-69.38550
-64.99729
-64.58312
-67.39807
-68.46245
-69.10687
-69.80431
-66.55879
-63.76343
-65.67207
-68.81076
-69.65077
-67.15102
-65.43382
-67.21136
-68.83390
-69.86313
-71.15281
-66.47273
-61.31721
-60.82646
-61.64146
-63.02984
-64.50398
-65.70823
-67.37791
-70.13282
-69.68836
-69.47622
-68.14385
-61.73741
-60.99510
-60.68944
-62.06902
-62.16085
-62.18641
-64.44658
-64.67861
-66.50370
-67.26485
-67.57631
-66.11518
-66.13430
-67.74985
-68.03269
-63.65297
-62.38071
-64.23222
-65.50709
-65.92888
-66.67058
-67.75595
-69.61903
-68.39953
-69.61197
-69.24982
-61.87849
-60.92159
-62.25958
-63.67265
-64.96816
-65.45051
-66.77152
-67.78192
-69.68525
-70.38952
-71.02674
-62.26159
-60.45753
-62.67667
-63.11194
-64.40853
-65.50370
-67.70065
-65.72489
-65.80871
-67.61935
-70.38516
-63.95275
-60.48962
-61.82158
-63.15178
-63.93954
-64.63896
-65.42285
-66.64892
-67.20639
-67.18834
-68.38952
-65.31626
-61.24199
-59.44238
-59.85686
-59.97692
-60.79554
-62.90302
-66.58461
-69.76529
-72.10324
-73.26163
-71.74750
-66.77256
-64.43888
-65.94249
-67.52397
-66.24944
-66.67197
-64.54729
-62.31545
-64.45673
-66.70465
-69.26347
-66.72348
-64.87716
-65.18340
-66.48527
-68.88386
-72.96268
-70.76500
-69.24020
-70.98063
-72.43779
-68.02703
-63.74610
-64.71114
-64.80507
-63.70895
-64.36771
-65.86609
-65.84343
-66.51484
-67.01267
-66.30049
-65.08581
-62.32038
-62.81931
-64.84527
-64.81794
-65.21980
-66.22568
-66.07362
-63.74031
-64.54861
-66.69990
-66.90146
-64.68362
-64.13501
-64.79524
-65.89098
-67.10618
-67.91742
-68.08835
-62.03335
-60.49872
-61.72731
-62.56879
-65.09534
-67.50802
-69.28186
-70.39856
-70.88508
-71.04980
-71.08459
-70.24071
-70.57954
-70.27048
-71.13196
-69.02831
-65.18165
-65.38312
-66.38061
-66.85908
-67.51442
-67.03762
-62.95238
-62.79051
-66.72673
-67.80031
-63.57281
-62.02327
-64.87338
-67.73286
-70.14775
-71.46590
-73.43489
-70.06922
-68.02633
-69.33101
-67.69292
-65.50857
-64.02907
-63.85148
-63.77187
-64.74692
-65.21771
-65.64227
-66.55724
-66.40950
-68.12711
-68.14197
-66.32045
-64.30854
-66.62719
-67.81499
-65.84305
-66.33048
-66.66432
-64.87212
-63.37270
-64.90886
-68.68745
-69.10162
-64.25044
-63.77453
-64.17647
-65.46782
-66.56953
-66.93006
-65.72925
-61.40930
-61.15473
-62.11299
-63.77822
-66.40477
-67.64466
-69.77704
-71.08348
-71.93720
-72.29852
-72.99600
-70.98150
-72.95316
-74.80491
-77.54268
-69.31009
-64.16934
-65.51519
-66.61190
-66.46864
-67.95610
-67.92855
-62.08581
-63.31077
-66.42091
-67.76520
-67.62911
-64.96662
-66.50537
-67.76458
-69.94899
-71.67852
-73.26204
-71.11946
-68.50179
-69.88364
-69.25246
-64.92388
-65.51463
-66.82053
-67.48269
-68.89716
-69.76167
-70.75047
-65.73178
-63.62308
-63.73256
-63.97413
-65.56742
-63.94992
-64.86700
-68.90012
-64.08142
-65.11157
-66.82249
-64.45824
-62.61364
-61.86217
-63.21010
-62.24123
-62.89799
-64.35507
-65.97036
-66.90685
-68.17575
-68.81929
-67.27823
-68.34683
-70.24724
-71.85822
-67.19945
-61.48130
-61.52578
-64.91384
-66.42862
-67.30902
-67.05967
-64.49813
-62.15049
-61.45208
-61.55734
-63.59122
-64.61096
-66.12586
-67.25899
-67.64778
-69.25092
-69.17687
-69.07521
-67.65033
-67.27208
-67.62518
-65.81571
-61.45649
-60.74017
-62.48325
-63.61074
-64.33536
-65.57142
-65.39624
-65.94204
-65.40524
-66.28743
-65.26082
-60.79941
-60.41628
-60.86880
-61.79470
-61.53400
-63.30556
-63.98455
-63.95996
-64.34417
-65.01468
-64.62108
-60.99728
-60.88477
-61.43789
-62.12243
-62.63686
-64.70377
-63.81224
-63.54076
-65.20244
-67.38248
-66.45660
-62.42341
-60.34443
-60.79870
-62.51531
-63.02920
-65.29412
-64.18658
-63.76516
-64.59127
-64.43794
-63.91265
-61.22526
-59.61979
-58.73161
-57.86698
-59.53521
-61.13831
-63.31047
-66.42802
-70.41077
-74.22894
-75.85623
-71.40541
-65.35051
-65.05395
-65.16258
-67.82977
-67.40036
-66.11168
-62.87136
-62.76311
-65.77875
-68.04082
-68.33152
-65.21021
-64.51073
-65.57535
-69.53940
-71.55672
-74.40739
-70.48265
-68.65978
-72.13249
-70.69773
-65.97544
-64.84008
-65.41779
-64.22703
-64.28961
-64.83434
-65.53112
-66.11336
-66.35686
-65.95433
-66.21396
-65.11733
-62.67741
-64.22324
-65.43468
-66.21528
-67.12183
-67.86238
-67.20071
-64.68393
-66.47907
-67.55677
-68.84217
-65.11030
-63.46468
-65.15478
-66.46689
-67.62394
-67.55358
-66.47963
-60.62788
-60.17666
-61.61913
-62.99183
-63.53888
-63.26805
-65.90371
-65.43183
-66.02877
-66.89722
-68.02193
-66.62670
-68.10019
-67.90853
-67.85985
-66.99663
-63.82448
-66.39608
-70.77406
-71.87764
-76.38741
-73.68883
-63.36983
-64.21228
-70.99213
-70.66262
-64.17710
-61.94535
-63.10270
-63.55383
-64.99034
-65.63829
-66.87623
-67.80948
-66.71552
-69.46911
-69.70662
-65.66172
-65.41154
-65.03293
-66.13364
-68.10130
-69.43510
-72.68903
-72.62590
-73.10741
-73.62988
-72.66377
-69.03554
-64.66577
-64.56055
-65.98891
-66.31832
-67.81035
-68.42329
-64.42491
-62.63143
-65.49761
-67.39087
-65.86412
-66.36005
-67.97187
-67.93028
-68.64217
-68.44954
-69.14443
-64.04655
-60.26521
-60.86269
-61.58886
-64.48190
-63.45132
-62.86801
-66.48005
-68.37657
-68.52256
-68.21386
-68.81553
-69.68239
-69.92853
-70.20078
-71.46125
-65.48459
-64.78243
-66.08777
-66.74621
-69.54251
-70.53104
-66.03865
-64.24226
-68.80986
-73.28961
-74.99566
-66.84853
-62.31828
-63.28085
-64.34224
-65.13942
-68.34017
-71.65241
-69.36044
-67.69662
-70.31063
-67.18850
-62.63357
-62.35121
-64.99835
-67.46250
-68.56139
-70.39953
-68.97131
-65.05500
-64.67240
-64.66164
-64.87804
-65.18658
-65.96627
-67.68325
-68.37519
-69.61553
-71.25481
-70.85513
-64.22589
-61.74323
-62.48236
-62.21065
-61.66354
-63.30261
-64.40777
-66.81949
-69.97589
-73.51082
-72.80125
-69.60061
-71.97838
-73.27144
-67.75168
-60.49892
-61.60733
-63.73862
-64.63200
-66.76083
-63.49314
-63.83845
-63.02459
-61.99465
-61.04375
-61.38547
-63.43346
-63.86406
-65.30818
-65.91576
-66.48037
-67.76085
-67.55206
-68.15497
-66.20359
-66.17850
-68.26361
-64.90612
-63.15384
-63.46109
-63.98209
-64.76676
-64.89881
-66.11327
-66.74649
-66.67336
-66.48814
-66.94714
-63.10751
-58.91576
-59.13716
-61.19275
-62.14140
-63.80445
-65.43499
-65.43937
-67.90475
-68.68309
-71.37890
-64.51688
-59.92866
-60.81429
-61.79819
-62.84926
-64.23402
-66.39425
-66.86852
-68.17407
-67.89064
-68.87462
-64.96106
-60.78097
-61.05359
-61.99422
-63.28132
-63.69560
-65.21323
-66.65876
-67.49577
-66.20138
-66.85570
-65.82072
-60.59611
-59.42094
-58.53670
-59.49547
-61.25523
-62.20135
-65.38194
-68.66552
-71.61262
-75.30133
-68.97874
-64.52239
-65.11637
-64.75541
-65.70269
-66.05065
-67.01092
-67.62620
-67.58690
-67.42534
-67.04933
-65.78264
-62.74295
-61.88129
-62.49242
-64.15610
-64.61737
-66.93336
-68.26195
-67.52912
-65.91228
-66.07734
-68.02301
-63.43967
-62.77594
-62.75041
-63.66335
-64.62729
-64.33026
-66.17330
-65.62482
-65.71067
-66.06797
-64.69080
-62.87025
-63.83114
-64.69126
-64.99961
-66.09882
-65.70677
-64.44727
-63.62655
-63.75508
-63.12136
-62.00256
-61.99634
-63.74149
-64.11095
-64.01967
-64.93194
-64.83120
-66.07190
-63.04748
-62.01878
-64.31545
-64.50298
-64.26062
-64.94321
-65.72653
-65.79482
-66.51693
-66.13535
-67.02585
-64.87948
-63.99903
-65.23001
-66.02226
-64.33673
-63.57449
-65.61677
-66.02849
-65.44715
-64.97547
-64.72060
-65.32964
-65.84511
-66.30505
-67.34981
-63.71830
-62.86267
-64.76661
-65.92625
-65.90327
-65.59101
-65.63175
-66.43969
-66.39735
-65.62314
-67.54616
-64.71978
-63.74966
-65.44493
-65.84666
-67.28146
-66.12233
-68.18795
-68.23623
-66.72830
-67.70598
-67.72701
-65.42834
-64.14576
-66.18722
-67.22935
-67.59672
-65.14996
-65.34111
-66.15152
-65.27595
-65.66852
-66.00019
-64.28903
-63.82675
-64.41431
-64.33886
-67.52810
-66.30761
-65.70984
-66.37286
-61.75660
-61.42617
-65.66208
-65.24478
-63.90130
-67.33335
-69.92941
-71.18374
-72.27576
-73.19237
-73.84606
-73.33612
-73.91165
-76.42438
-74.60660
-66.88314
-64.77574
-64.85824
-65.22102
-65.94047
-66.24213
-67.39573
-65.79040
-64.94966
-66.54279
-66.67038
-66.63012
-63.93569
-63.28060
-64.52952
-65.27409
-65.78944
-65.68674
-67.79013
-67.44008
-67.28632
-70.31936
-66.72273
-62.64342
-62.86731
-63.83415
-64.90098
-65.70137
-66.26215
-66.38241
-66.72542
-66.78067
-66.60204
-66.23772
-65.74397
-67.04358
-66.57863
-67.20224
-67.21679
-65.81961
-64.42393
-63.61964
-64.19202
-64.42757
-65.23054
-64.78742
-65.88632
-66.45111
-65.78514
-65.27087
-64.92273
-64.96103
-62.10790
-62.60217
-64.34395
-64.45747
-64.76850
-66.25458
-67.99245
-67.73141
-66.88662
-66.98953
-68.11701
-67.56568
-66.78744
-66.86642
-65.79225
-63.36907
-64.26173
-65.37346
-65.89597
-65.92725
-65.36149
-64.88139
-63.86559
-63.78815
-65.04864
-65.47875
-63.84750
-64.31050
-63.49817
-62.98142
-63.02703
-64.56104
-65.53904
-64.26012
-66.05344
-69.02052
-64.91753
-61.95886
-62.55646
-61.31324
-63.77642
-64.30132
-64.13701
-64.72559
-64.10949
-65.95897
-65.99139
-65.77379
-63.50532
-64.05448
-64.52855
-64.53591
-64.48963
-65.63585
-66.63420
-65.85566
-65.09125
-65.57116
-65.89350
-65.23793
-65.02779
-64.26757
-64.41207
-64.63578
-65.07737
-66.48349
-64.08422
-61.48179
-62.55979
-62.95967
-64.06189
-64.39272
-66.68538
-70.35347
-71.34349
-72.55426
-72.89931
-73.30244
-73.45694
-74.41232
-74.28636
-69.57244
-65.19090
-65.37341
-65.69554
-66.95316
-65.87271
-66.80365
-64.33244
-61.60245
-64.65108
-66.47764
-65.55434
-63.33026
-62.53080
-64.65866
-68.04804
-69.97688
-71.43139
-70.46982
-68.02890
-68.46539
-66.35784
-62.84696
-63.24663
-63.84828
-63.76587
-64.88358
-65.10356
-65.75090
-65.70045
-65.78825
-66.18887
-66.34522
-65.38157
-64.21036
-65.08107
-64.40999
-63.86318
-64.99214
-66.54284
-66.25644
-62.57916
-61.52919
-61.31940
-62.10319
-62.64732
-61.83498
-62.35988
-63.83699
-65.91935
-67.00082
-66.49252
-61.01076
-60.01931
-62.32193
-64.01791
-65.57077
-64.38559
-64.81153
-65.74671
-66.28587
-66.37230
-67.23773
-66.55580
-66.66361
-66.33086
-64.84060
-63.64693
-64.16679
-66.08043
-66.35667
-65.81775
-64.70445
-66.10757
-62.72718
-61.67273
-63.73307
-63.87309
-64.15413
-66.63369
-65.49597
-65.43687
-66.32956
-65.82398
-66.70749
-65.76575
-66.74491
-69.22783
-71.43925
-65.50885
-64.36956
-63.95541
-65.60838
-67.66538
-67.61423
-67.49404
-67.08162
-67.25060
-67.90563
-68.94365
-66.79947
-65.19433
-64.45178
-66.50855
-68.15270
-68.40114
-68.58416
-66.28770
-63.34429
-65.63896
-66.82394
-67.01541
-63.02730
-61.95997
-64.20113
-64.68467
-65.42531
-66.36166
-65.10132
-61.11038
-60.36354
-60.60115
-61.23417
-61.13915
-62.80933
-65.40163
-65.81333
-65.28841
-66.27168
-66.24061
-66.27749
-66.76268
-66.22708
-66.29097
-65.48524
-65.12642
-65.09961
-65.76512
-66.22019
-66.69792
-66.13747
-65.13604
-65.09464
-66.55968
-67.08601
-65.13479
-64.64553
-65.15091
-65.00449
-66.87053
-67.44388
-67.00284
-63.91810
-62.72722
-65.59080
-64.63348
-62.55906
-63.34876
-65.72847
-67.15169
-68.20829
-68.08030
-67.75332
-67.32889
-67.13498
-66.52013
-66.59246
-65.36468
-63.43016
-64.45135
-66.02610
-66.34013
-66.54173
-67.24691
-64.88497
-64.06233
-66.08392
-67.31943
-66.66959
-64.64594
-64.72316
-66.37452
-66.89483
-67.98308
-68.62476
-64.12272
-62.14581
-63.19703
-63.68221
-63.80979
-63.91331
-65.33903
-66.66675
-67.38899
-67.48565
-68.98322
-65.53735
-62.03985
-62.95177
-63.93665
-64.33612
-64.11142
-64.91719
-65.86620
-66.20357
-66.94441
-67.02490
-66.54743
-66.52417
-66.80348
-69.50791
-65.00233
-61.29998
-62.54491
-63.56137
-64.06302
-64.70604
-66.49973
-67.06900
-67.37270
-66.33055
-68.41107
-64.81244
-59.26398
-59.86283
-61.84741
-63.37971
-64.29933
-66.16492
-66.32852
-66.88620
-66.76579
-67.31308
-66.11815
-60.69422
-61.09304
-62.73040
-63.62595
-64.37791
-65.94275
-66.22508
-67.43794
-67.51586
-68.59015
-67.33747
-62.36979
-62.24415
-63.16223
-65.23328
-65.06178
-64.69531
-65.65115
-66.57799
-65.53375
-65.82426
-66.51081
-64.45981
-60.94397
-59.47508
-59.52629
-60.18594
-61.16837
-63.43448
-67.94631
-69.73905
-72.75668
-72.25378
-67.84344
-64.55331
-65.52384
-67.50527
-67.79791
-67.90753
-68.03148
-63.82182
-62.39815
-66.30817
-67.08704
-64.51543
-64.15211
-64.77011
-65.55936
-66.26388
-68.49679
-70.83555
-68.10719
-67.68644
-70.67642
-68.29279
-63.97591
-63.27749
-64.06627
-64.11643
-63.27758
-64.99847
-66.24285
-66.02655
-66.83103
-68.14145
-68.51130
-64.12943
-62.87955
-64.48864
-64.44823
-65.76653
-65.78896
-64.08521
-63.23466
-62.92924
-64.47120
-67.03882
-65.74698
-63.05390
-63.79271
-64.67435
-65.92180
-66.16132
-67.03597
-66.52623
-62.74387
-62.81224
-63.00361
-63.29973
-64.42050
-65.43300
-66.93418
-67.40568
-68.02053
-68.04256
-68.43163
-68.02252
-68.26045
-67.87715
-69.04062
-66.14413
-64.11749
-65.70594
-66.50430
-66.27916
-67.83607
-66.52826
-61.54181
-63.25418
-67.51950
-64.56471
-61.30688
-62.14339
-65.24028
-67.73366
-68.26884
-68.83823
-70.12460
-67.47377
-66.65021
-67.99047
-66.30710
-63.48043
-64.03036
-64.56745
-64.89277
-65.77950
-66.68640
-67.60618
-67.21166
-67.06091
-68.71094
-69.12997
-64.30660
-63.88428
-66.13998
-66.40750
-66.79014
-67.05656
-67.11266
-64.16456
-63.37637
-66.86415
-68.99890
-65.23167
-62.90482
-63.01523
-63.99939
-65.26379
-66.27490
-68.04456
-64.77059
-60.55277
-60.65079
-61.75744
-63.39621
-65.57361
-66.20078
-68.21966
-69.78046
-69.47558
-70.00010
-70.68812
-69.50958
-71.39605
-72.20032
-72.16472
-65.39155
-60.95291
-63.01587
-65.02083
-65.80348
-69.88788
-65.09832
-61.96806
-64.90938
-67.65815
-66.39232
-64.79572
-65.13888
-66.41100
-67.68174
-68.77805
-69.46753
-69.58122
-68.91592
-68.89426
-71.97007
-66.72792
-63.50322
-65.62551
-66.99390
-69.20971
-69.79296
-71.24178
-68.53498
-63.04445
-62.01072
-62.12755
-63.28712
-64.38715
-63.08019
-65.51544
-66.66193
-63.80147
-66.26381
-66.03705
-63.76698
-62.56078
-63.25957
-64.35965
-62.01435
-62.30861
-64.22217
-65.69808
-65.18394
-67.14544
-67.48887
-65.74172
-67.53550
-71.58613
-69.72475
-62.66095
-60.67463
-62.19152
-64.98022
-65.74274
-65.86271
-65.94343
-64.47824
-62.91842
-63.19362
-63.92101
-64.25369
-65.34592
-67.27484
-67.72266
-68.65875
-68.78139
-68.56193
-67.43197
-64.55734
-65.08129
-65.21922
-63.88124
-60.62713
-60.33794
-62.04905
-62.47268
-64.33034
-65.46326
-65.76895
-66.50633
-66.00536
-67.90140
-63.14384
-59.16888
-59.25877
-60.98645
-62.07705
-61.61115
-63.19352
-63.45409
-64.44999
-63.96400
-66.88440
-62.77517
-59.18266
-60.08317
-61.44132
-62.86014
-63.10316
-63.97706
-62.15849
-63.03233
-64.36890
-66.29959
-64.07246
-61.12447
-60.03259
-61.05691
-63.09254
-63.26581
-63.52381
-61.96673
-62.47837
-63.38336
-63.89138
-63.57337
-60.73122
-58.94932
-57.99608
-58.41456
-60.31955
-61.88138
-64.61554
-67.58905
-70.74337
-74.22569
-72.03645
-65.95551
-64.56701
-65.09658
-66.75970
-67.71559
-66.97912
-65.66046
-62.13920
-63.30328
-66.40106
-69.01642
-66.77652
-65.31093
-65.91187
-66.78470
-70.84596
-72.14705
-73.60349
-68.72068
-67.79768
-71.36467
-68.10329
-63.52145
-63.76469
-65.38087
-64.61398
-64.98332
-66.05956
-66.70031
-66.58563
-67.28390
-67.51691
-67.06551
-63.07864
-63.69271
-66.21984
-65.60097
-67.03737
-67.38983
-68.82085
-64.56575
-64.01929
-67.14277
-68.64466
-67.64552
-64.22836
-64.91558
-65.87171
-67.45145
-68.33231
-68.79246
-65.57960
-62.18081
-62.42961
-62.38184
-63.89112
-62.91572
-62.50838
-63.36312
-63.83285
-64.19694
-64.94075
-65.49319
-64.85245
-66.98043
-67.05779
-67.66376
-66.16850
-65.50832
-67.21805
-68.61072
-69.99098
-70.71874
-66.14117
-62.66673
-64.71320
-66.87597
-64.23665
-61.98962
-61.29226
-62.14063
-63.39122
-64.37044
-65.43896
-65.93037
-64.86047
-64.01007
-66.18954
-66.28276
-64.83664
-64.53501
-64.98892
-65.79272
-66.01731
-67.70208
-68.24186
-68.48395
-68.64235
-68.47219
-67.24528
-64.54814
-63.91538
-64.68396
-65.78046
-66.18932
-68.29075
-67.10496
-64.12971
-64.30264
-68.83914
-68.31070
-64.74134
-66.02469
-67.65910
-68.27420
-67.98152
-68.92499
-67.88021
-62.96382
-60.49880
-60.93975
-61.47274
-63.66028
-62.61134
-63.35488
-66.20591
-65.85277
-66.64568
-66.72801
-67.32266
-68.08373
-68.92096
-69.36484
-67.71895
-64.20061
-65.03550
-66.75639
-67.03606
-69.26875
-68.58789
-63.95783
-63.70004
-67.28304
-68.81187
-66.04393
-63.31850
-64.05239
-65.46934
-65.10892
-65.89184
-67.04553
-68.09264
-65.99615
-66.54192
-69.54560
-65.44563
-62.48090
-63.17350
-65.92930
-67.08199
-67.85635
-69.59325
-66.07414
-62.95700
-62.41196
-62.14658
-63.47695
-64.18930
-65.85533
-67.64554
-68.50922
-69.30575
-70.14009
-67.63885
-64.19996
-63.36260
-64.74553
-63.30092
-62.88237
-64.89805
-65.34624
-69.15864
-71.15266
-73.68379
-70.57778
-69.91230
-73.27356
-71.37232
-65.29327
-62.85304
-63.70448
-63.64281
-65.24126
-64.44997
-62.02927
-63.16297
-63.60529
-62.81244
-63.04074
-64.29367
-65.57427
-65.63241
-66.94328
-68.66386
-69.74509
-69.26410
-68.40272
-66.30110
-64.88849
-65.90342
-65.76019
-62.66679
-62.28995
-62.41511
-63.20751
-64.43723
-65.63500
-66.40728
-66.67903
-66.34548
-67.34821
-67.48513
-60.72548
-59.28240
-60.26424
-61.40020
-62.06523
-63.04055
-63.82797
-64.33404
-65.59673
-66.18831
-66.65635
-60.89619
-58.80144
-60.06381
-61.10454
-62.16911
-63.26748
-64.22817
-64.90655
-65.74103
-66.68163
-67.47547
-62.72726
-60.71183
-61.22433
-62.08051
-63.74575
-64.33950
-66.32706
-65.80660
-66.37577
-67.71347
-71.90878
-66.29520
-60.28075
-60.55358
-62.22802
-65.09659
-68.46791
-74.39429
-78.21668
-79.05486
-80.85357
-80.76489
-84.13474
-71.79333
-68.11698
-71.07594
-71.11987
-73.36610
-74.23456
-75.91207
-77.46627
-83.05228
-86.40058
-86.24888
-73.60476
-66.37568
-70.38957
-73.14127
-75.86914
-78.46982
-80.30096
-78.57079
-80.35171
-78.87016
-85.32318
-71.67893
-70.23818
-68.46270
-63.11534
-65.62790
-67.50618
-68.49115
-68.37251
-71.39518
-70.79566
-75.74502
-66.13160
-64.18546
-68.78077
-66.55435
-67.96854
-71.25494
-78.56855
-75.58527
-77.75501
-77.52071
-79.90173
-77.54625
-70.46574
-70.34683
-72.29718
-71.48614
-72.18717
-72.91661
-73.18425
-74.45780
-72.87756
-77.91557
-72.95883
-64.02125
-65.08540
-67.48511
-68.08317
-70.19799
-69.24236
-71.64230
-72.15020
-73.88917
-74.11137
-76.26097
-66.06025
-66.57219
-75.49107
-78.16139
-82.64545
-78.28135
-84.41198
-84.90142
-89.18164
-86.43673
-87.26297
-65.10928
-63.10378
-65.99540
-67.22051
-68.87557
-69.10415
-70.29618
-70.90000
-76.55265
-77.20024
-79.27892
-71.41711
-68.81229
-71.44808
-75.32128
-77.55479
-76.46894
-78.11750
-76.09688
-78.46898
-76.73236
-79.38933
-76.72523
-63.68695
-64.23333
-68.44119
-69.17817
-71.12253
-71.12309
-74.97436
-75.15560
-77.39152
-77.08955
-82.37592
-75.66286
-74.37822
-74.82295
-74.51710
-74.09071
-74.07358
-74.59812
-75.60631
-76.50367
-70.00286
-70.65541
-72.80639
-79.71494
-63.61458
-61.60320
-68.04441
-70.75249
-74.44701
-73.43285
-75.59368
-76.79137
-76.53483
-76.40822
-77.10848
-78.69539
-76.54662
-66.90674
-66.86862
-69.14534
-69.17535
-73.85978
-82.17881
-83.80156
-83.55921
-84.66446
-84.88036
-86.68017
-87.84860
-78.21732
-63.74615
-63.37152
-65.37198
-66.37129
-70.28119
-70.59801
-74.49457
-75.25448
-76.30185
-75.38064
-76.80514
-77.19648
-81.33681
-68.59309
-63.18954
-65.27768
-66.09928
-67.71296
-68.69216
-70.00330
-71.39477
-72.13932
-74.10142
-75.12533
-75.56949
-76.59507
-76.54396
-70.12879
-70.01276
-72.64494
-75.84683
-83.16279
-82.23920
-86.17697
-84.85288
-86.59617
-85.07003
-90.44572
-87.48557
-95.07889
-81.88375
-67.43012
-69.17823
-72.77845
-73.46310
-76.09536
-76.68245
-79.76221
-79.18069
-80.66113
-80.58827
-79.93967
-78.94079
-79.17999
-79.20470
-79.97678
-79.75787
-80.22831
-81.01493
-84.81934
-87.16009
-90.10989
-93.77534
-93.50645
-93.37475
-93.13663
-95.37730
-96.20899
-100.92697
-101.25296
-104.54457
-103.71034
-110.51331
-109.00723
-116.88248
-109.00271
-111.66524
-108.37802
-115.67536
-113.06594
-114.55335
-110.88464
-133.34037
-117.22026
-140.17772
-119.13841
-134.06138
-118.95122
-132.62628
-120.72638
-130.51480
-120.70151
-128.91385
-126.73744
-130.06698
-129.94675
-117.23416
-113.22863
-106.05146
-98.83925
-81.69420
-76.80551
-84.54681
-75.57707
-70.32266
-73.37286
-75.47386
-75.27627
-76.39098
-78.95471
-80.57938
-82.94549
-85.17783
-85.99067
-87.48347
-88.79832
-92.58956
-91.18552
-95.70734
-93.04402
-110.46360
-83.43758
-79.71636
-80.77161
-84.60467
-80.67516
-74.23028
-76.57246
-81.40568
-84.19801
-83.43224
-85.65643
-87.73745
-87.55155
-88.79750
-88.89369
-91.32600
-91.60035
-96.26880
-93.31875
-98.93507
-94.74612
-119.43979
-84.62554
-83.08143
-85.80552
-73.37739
-72.52709
-73.46143
-75.92303
-80.63648
-80.87072
-81.82272
-80.64312
-81.67206
-82.09096
-84.05923
-85.56007
-87.27602
-88.30047
-89.17646
-90.86387
-90.18558
-94.01908
-90.65503
-100.98916
-85.71712
-79.57207
-81.66119
-82.38066
-76.65160
-72.98078
-75.61100
-80.26233
-81.85973
-81.98492
-84.09956
-85.76277
-85.66081
-86.79547
-87.71166
-88.34347
-89.19976
-90.76005
-92.15329
-92.91759
-96.92562
-94.97419
-101.45626
-92.54045
-111.53104
-80.83179
-79.39828
-82.32948
-71.96656
-73.28372
-76.58540
-76.75890
-77.16492
-79.21145
-81.00985
-82.44702
-85.14645
-85.70171
-88.65481
-84.25028
-84.16756
-86.74864
-87.94273
-88.23524
-90.50967
-93.17875
-94.94872
-95.85278
-91.49408
-97.50432
-89.29785
-80.75807
-81.56402
-83.15797
-82.36109
-83.36109
-83.30944
-83.95991
-84.53328
-85.21669
-85.20386
-85.86021
-86.20654
-86.97212
-88.18170
-86.14320
-89.88699
-75.46644
-74.43647
-75.93719
-74.69134
-76.25603
-75.75562
-77.00769
-77.57632
-79.45363
-79.03176
-80.99664
-80.04707
-80.84597
-82.37201
-82.95986
-82.31358
-86.90962
-78.92408
-72.48922
-74.91859
-73.74782
-69.79784
-69.78886
-72.90585
-72.82649
-74.23715
-73.71555
-73.06551
-75.37853
-72.82890
-73.08414
-73.91538
-73.55905
-74.22287
-75.24027
-76.19036
-76.79473
-77.99370
-77.87116
-80.31460
-77.62948
-77.33278
-78.82017
-77.87917
-77.85727
-76.74619
-78.75402
-78.93300
-80.74281
-74.63775
-73.13140
-74.92800
-74.32211
-75.09179
-75.32559
-76.83793
-77.35680
-78.65826
-78.94011
-79.95495
-80.31901
-82.72446
-82.89081
-82.84962
-83.68444
-83.99341
-84.46918
-85.10212
-87.49567
-88.31257
-90.95041
-88.35518
-85.88135
-81.65035
-82.94496
-84.78886
-85.35859
-85.95317
-85.66453
-85.47891
-86.79603
-86.63590
-87.67902
-86.80071
-88.32790
-87.47196
-90.95178
-89.31333
-92.46230
-87.75738
-74.90697
-73.46199
-72.72351
-73.21614
-74.37800
-75.20276
-76.09097
-76.52999
-77.11243
-77.77638
-79.11874
-84.31793
-89.15540
-87.50911
-92.49404
-87.90465
-83.38888
-86.36411
-81.57943
-79.62380
-80.94006
-78.76900
-80.61399
-78.83686
-82.02996
-74.93529
-72.23780
-74.30714
-73.76165
-74.34594
-74.69486
-76.17979
-76.62727
-77.52103
-78.25488
-79.28962
-79.89552
-81.93116
-82.62061
-82.64288
-83.56808
-83.50570
-85.04482
-85.65040
-86.94844
-87.44786
-89.14036
-89.01411
-84.80907
-86.05110
-87.09801
-86.57506
-87.05990
-87.77631
-89.09383
-89.13513
-90.28191
-90.71037
-91.67032
-91.85711
-93.91705
-93.38395
-94.26621
-94.34337
-95.06716
-96.54369
-96.87676
-98.16892
-98.31563
-100.94021
-97.31668
-96.29878
-98.29082
-98.04914
-98.09837
-98.68794
-99.74756
-100.47091
-100.88700
-101.81924
-102.43989
-102.86351
-103.86746
-104.89547
-104.59193
-105.46601
-105.27192
-106.88152
-107.60738
-108.28727
-109.43855
-109.55183
-107.52263
-106.76152
-108.30354
-109.37908
-109.13536
-109.19309
-110.24122
-111.16069
-111.70798
-112.26940
-113.30754
-113.04173
-114.33827
-115.68186
-115.86675
-116.19174
-116.62972
-117.14333
-118.63185
-118.91510
-120.13815
-120.72983
-119.67686
-117.80705
-118.29810
-120.05197
-120.37185
-119.99035
-120.71255
-121.89396
-122.46499
-122.96661
-123.83713
-124.33358
-124.49586
-126.24996
-126.89701
-126.99869
-127.56817
-127.72667
-128.88147
-129.78775
-130.12018
-131.72228
-131.30747
-129.46744
-128.72964
-130.36732
-131.29505
-131.25089
-131.35075
-132.41952
-133.21847
-133.67893
-134.32204
-135.21785
-135.23187
-136.14809
-137.58059
-137.70263
-138.48156
-138.37082
-139.36815
-140.46843
-140.57681
-141.72382
-142.97053
-141.60673
-139.59406
-140.32771
-142.21086
-142.64547
-142.26370
-142.78722
-144.07385
-145.09864
-145.59308
-145.71090
-146.48631
-146.74426
-148.09833
-149.02792
-149.09969
-150.29401
-150.31886
-151.28424
-152.64484
-153.00932
-153.86216
-153.49427
-151.96071
-150.33238
-153.05007
-155.65005
-154.66859
-153.88464
-155.68886
-158.09850
-158.64457
-165.51857
-164.91806
-162.45702
-170.60967
-186.08304
-194.51273
-199.37761
-201.36920
-203.30598
-205.20925
-207.19237
-209.34493
-211.77297
-214.63532
-218.23195
-223.30288
-233.07972
-235.65025
-226.34392
-222.69825
-220.69024
-219.50598
-218.83923
