-78.11191
-63.57038
-63.39599
-62.75309
-63.64804
-64.58828
-64.29090
-64.74426
-64.89251
-65.57218
-66.05051
-66.82250
-67.25990
-67.92237
-68.09067
-69.06933
-68.94437
-70.24072
-69.40357
-72.26285
-63.48549
-60.42705
-63.37098
-64.09260
-64.45527
-64.38788
-65.58308
-65.87860
-67.06836
-67.45116
-68.61687
-69.34755
-70.57796
-70.97376
-71.92216
-72.10449
-72.78014
-73.63561
-73.61851
-74.75399
-61.35225
-59.70102
-61.54502
-61.99435
-62.67955
-61.84122
-63.16832
-63.89287
-65.69554
-65.99956
-66.84781
-67.50316
-69.03514
-69.66965
-70.21772
-71.21487
-72.45369
-74.66007
-74.94576
-78.75992
-65.07420
-62.22279
-63.20172
-63.74944
-63.35039
-62.16497
-62.93404
-64.29096
-66.82769
-67.87434
-69.61782
-70.69450
-72.65954
-74.56236
-76.50099
-77.91774
-78.77352
-81.39064
-80.82927
-89.65320
-66.98043
-62.48551
-65.99044
-67.07082
-66.48749
-66.12704
-67.35631
-67.77834
-69.78831
-67.67053
-65.37046
-65.43888
-65.82368
-66.51799
-66.65087
-69.11941
-69.39199
-71.79071
-70.94558
-76.06290
-65.25011
-60.25439
-61.10137
-60.95806
-61.43157
-61.49802
-62.21503
-62.46887
-62.89329
-63.63383
-63.77649
-63.35068
-63.36851
-63.70014
-64.25310
-65.21647
-65.55697
-66.56921
-66.94142
-68.27935
-68.50956
-64.24811
-62.72907
-62.65135
-62.47243
-62.96691
-62.94417
-63.41467
-64.30758
-65.14138
-65.99405
-66.63374
-67.57056
-67.86338
-68.63796
-68.80136
-69.87214
-69.63755
-71.09100
-70.06765
-73.19914
-66.28809
-60.82622
-64.53495
-68.13713
-69.35505
-69.14162
-68.46630
-69.41718
-69.49090
-70.16201
-70.36952
-71.42032
-72.07941
-72.44457
-73.21577
-72.88461
-74.14470
-73.58246
-76.09370
-73.31019
-80.22316
-64.27287
-60.08603
-62.74344
-63.54870
-64.70294
-63.40890
-64.32770
-64.87862
-66.48173
-67.20101
-67.54034
-68.07818
-69.40332
-70.26363
-71.07255
-71.32187
-73.11918
-72.89820
-75.98741
-73.98848
-83.62210
-64.75895
-59.88622
-64.34237
-62.82980
-64.35969
-65.79902
-67.38107
-67.95680
-68.24576
-68.48230
-69.28903
-70.54187
-71.23832
-71.95593
-72.41341
-72.60559
-73.41329
-73.74507
-74.83601
-74.00073
-76.79371
-70.38580
-63.03945
-63.48380
-62.81200
-63.36338
-63.52933
-63.81391
-63.88943
-63.98407
-64.76405
-65.34656
-66.25126
-66.86753
-67.43388
-67.86924
-68.55581
-69.00875
-69.58580
-69.90792
-70.45730
-70.87285
-71.25581
-65.41889
-62.19388
-60.73359
-60.18608
-59.88229
-61.07796
-62.44417
-63.04838
-63.70146
-65.21639
-66.62653
-66.82629
-68.76010
-69.84232
-71.24938
-71.33139
-74.39399
-73.57578
-77.73469
-74.81395
-87.08951
-66.46673
-60.24308
-63.15895
-60.57524
-60.70544
-61.04988
-61.28840
-62.22140
-62.66427
-63.62060
-64.33139
-65.81711
-66.43511
-68.50379
-69.59870
-72.09104
-72.62490
-75.96431
-76.02145
-81.17561
-79.19379
-91.71035
-74.06564
-63.50725
-64.02500
-63.04450
-62.07029
-62.63105
-63.56742
-64.45887
-64.94044
-66.14618
-67.32480
-67.95325
-69.06022
-69.99659
-71.23695
-71.85393
-73.26554
-73.68785
-75.35066
-75.24685
-77.28594
-76.62981
-80.65112
-74.22176
-62.31351
-62.43963
-63.44177
-63.19164
-63.35359
-62.77101
-63.32721
-63.44288
-64.33201
-64.65508
-65.48341
-65.85600
-66.56323
-66.86004
-67.67331
-68.01829
-68.57810
-68.93625
-69.43002
-70.26069
-70.79236
-71.85886
-72.84354
-77.70385
-64.59288
-61.63075
-63.81848
-64.43540
-63.57051
-62.53468
-64.16906
-64.73240
-66.18578
-68.03795
-69.33732
-69.13951
-70.95830
-72.49185
-73.38718
-74.94036
-74.34542
-74.19979
-76.99946
-77.68257
-78.54618
-79.88305
-81.09792
-76.87212
-80.02593
-75.72611
-62.87065
-62.73044
-65.39775
-64.30108
-63.89802
-63.97704
-65.08799
-66.25834
-66.90674
-67.43392
-68.41704
-70.21444
-71.38373
-71.38803
-71.71501
-72.80960
-72.80209
-73.52746
-73.57602
-75.00456
-74.56765
-76.35748
-73.50084
-72.54015
-73.28476
-74.59458
-71.89247
-61.41949
-60.84197
-61.93490
-61.46220
-61.90421
-62.23335
-63.02804
-63.02110
-63.57100
-63.92384
-64.49666
-66.63509
-68.89055
-68.82654
-70.19734
-70.92003
-71.66976
-72.05379
-72.86718
-73.29330
-73.39157
-74.59610
-71.75763
-69.27923
-70.46118
-70.81179
-71.06815
-71.49750
-68.44333
-68.03414
-69.76289
-72.29073
-73.57308
-72.48181
-73.20559
-75.40948
-75.63390
-76.91187
-77.85206
-76.82078
-80.86596
-77.47544
-79.33411
-81.11657
-78.05341
-80.44278
-78.00079
-79.31847
-81.50579
-81.36744
-80.74429
-76.11285
-79.19881
-81.43216
-78.55447
-81.53614
-79.44781
-80.53453
-80.71132
-82.57329
-80.27263
-87.83893
-87.21162
-80.40536
-84.71752
-81.65458
-83.92553
-80.00786
-84.46867
-81.11397
-80.57403
-81.89458
-79.42280
-79.70168
-81.19039
-81.45665
-79.94004
-81.09266
-80.25272
-97.06626
-86.93211
-110.47166
-88.16000
-98.71656
-83.66398
-100.75573
-86.27602
-88.00399
-74.53838
-58.36956
-59.29815
-61.27998
-62.37497
-62.96858
-60.68721
-60.28012
-63.43435
-66.15045
-67.18381
-66.64908
-59.82425
-59.83050
-61.64415
-61.63118
-63.08801
-59.26038
-57.23224
-59.33261
-60.48015
-61.58779
-61.11548
-58.15530
-59.08689
-63.77454
-65.17546
-66.59609
-63.21164
-58.59728
-59.72685
-60.99852
-61.43383
-62.31341
-57.48303
-56.28338
-55.76131
-56.13603
-57.82881
-59.08153
-59.86493
-60.41351
-62.30599
-62.69264
-66.44033
-59.26952
-56.93740
-58.31518
-58.48703
-59.19258
-59.69904
-60.76622
-60.83766
-61.95443
-62.54915
-64.05926
-62.01237
-58.98381
-61.68214
-59.94814
-57.92757
-59.57803
-57.82645
-58.13305
-58.80884
-59.06534
-59.94379
-58.19834
-57.10202
-59.02263
-59.93413
-60.41027
-60.04459
-57.34830
-59.28021
-63.53277
-64.62059
-65.97938
-62.38693
-59.02676
-60.11394
-61.61149
-64.98009
-64.95187
-58.83857
-58.79264
-62.07004
-62.78795
-64.50029
-59.60413
-55.54633
-58.05031
-61.19326
-62.20467
-63.08130
-59.70723
-58.19862
-60.67602
-61.51967
-63.03507
-61.35035
-56.88882
-57.72303
-58.58131
-59.44211
-60.36721
-60.73115
-60.27102
-62.12643
-63.53201
-64.78365
-64.07822
-58.89404
-58.72777
-58.29342
-59.65642
-60.60693
-62.13729
-62.40953
-63.69906
-64.70529
-66.44050
-67.31704
-57.78212
-57.11310
-58.17063
-57.44063
-58.08250
-58.67337
-58.14300
-58.49461
-59.61266
-59.86751
-61.32693
-56.46638
-54.80710
-55.90218
-54.97791
-56.95954
-58.39610
-58.76302
-59.94553
-62.46755
-63.13284
-67.70323
-58.52054
-52.79885
-54.60511
-54.69239
-54.36377
-56.71326
-57.97140
-56.05700
-54.96963
-54.10702
-58.19180
-59.50494
-54.42624
-52.98858
-55.15872
-56.56130
-56.95895
-58.28839
-55.37462
-56.14127
-56.26740
-58.33612
-57.58326
-55.67974
-55.34253
-55.51374
-56.83679
-57.24493
-58.78511
-58.71627
-60.79676
-61.91051
-64.44843
-62.96462
-55.13881
-52.62222
-53.92047
-55.34808
-58.79879
-59.95292
-58.70383
-61.36705
-61.61660
-64.65510
-64.41929
-56.62492
-51.75104
-50.87161
-51.18641
-52.34404
-57.07376
-60.15659
-61.02811
-61.49955
-62.35610
-62.25167
-59.04972
-58.37747
-58.85114
-58.93560
-59.85399
-58.34566
-60.30734
-63.58894
-67.86922
-67.84221
-69.34887
-56.29653
-50.93964
-54.84288
-54.01180
-55.80624
-59.41738
-57.54540
-56.33050
-57.25769
-57.46726
-56.02872
-54.98604
-52.62098
-49.99419
-49.72730
-52.29855
-53.03287
-54.91838
-54.38669
-53.44323
-55.65428
-62.30438
-59.00895
-55.83901
-57.19993
-56.95102
-57.00742
-57.64079
-58.73665
-59.43909
-60.64161
-60.19046
-60.63668
-58.50942
-54.45862
-52.00758
-52.94731
-54.26330
-55.29003
-57.68957
-58.33982
-58.58938
-59.20729
-60.78613
-59.00369
-56.35052
-54.74509
-54.48668
-55.19871
-56.88414
-57.58854
-57.73702
-59.14274
-59.48532
-61.02869
-59.12952
-58.28910
-56.47942
-56.74963
-58.50309
-59.42949
-60.82866
-60.13673
-63.18331
-65.29952
-66.85664
-65.42970
-55.81861
-53.36018
-55.88802
-56.79354
-59.29988
-59.58147
-57.70245
-56.37012
-58.29456
-59.84335
-56.70665
-53.61576
-52.12345
-50.81000
-49.97534
-55.21403
-59.04204
-55.73158
-54.54988
-55.89836
-56.89062
-56.13939
-56.31758
-55.78293
-56.03665
-56.41813
-56.68679
-57.18420
-57.55596
-57.84972
-59.73991
-60.99413
-64.43835
-56.10629
-53.04147
-51.34501
-52.09648
-58.42656
-59.44367
-61.24107
-59.95115
-64.06216
-65.30300
-65.68356
-59.42719
-54.40211
-52.99302
-52.70776
-54.77775
-55.70951
-57.19160
-59.43819
-61.68963
-61.59031
-62.61864
-59.55588
-57.70002
-58.54085
-58.60559
-59.12326
-59.03173
-58.73479
-59.18154
-60.46963
-60.81826
-62.64329
-59.68128
-54.58203
-51.75503
-52.16557
-56.34768
-57.38913
-57.16391
-55.73642
-56.45259
-57.11255
-60.00263
-57.56688
-52.91295
-51.31666
-49.53356
-52.03859
-52.66353
-52.62424
-54.14467
-55.76560
-56.84590
-57.94711
-56.08912
-53.45980
-52.04757
-52.97879
-55.93303
-53.96866
-53.98770
-54.73266
-56.40576
-57.26899
-58.40501
-59.12111
-55.56550
-54.10132
-54.46418
-54.30348
-55.15610
-57.15823
-57.29938
-56.43105
-55.10851
-57.77228
-59.35997
-53.47329
-53.07539
-55.72204
-56.82143
-56.02633
-54.80794
-54.76193
-55.78167
-55.93988
-59.86095
-55.51945
-49.00619
-50.16277
-51.45659
-51.79863
-52.07261
-51.45987
-52.05211
-52.83752
-52.58159
-52.89681
-52.53905
-52.40231
-56.37101
-58.19104
-60.37963
-60.05287
-60.59992
-62.65847
-64.94033
-68.21895
-67.48103
-71.48745
-52.05338
-48.88311
-49.33354
-49.74038
-53.68647
-58.71044
-67.93082
-67.43305
-72.80913
-64.89930
-78.91443
-57.81939
-48.26718
-47.14601
-47.42427
-48.34271
-48.29212
-48.78940
-49.26968
-49.12829
-49.66117
-49.77216
-50.71024
-50.67889
-49.70741
-50.06488
-51.15720
-49.51758
-49.45235
-51.92222
-48.71236
-47.13219
-47.90147
-47.75172
-47.67515
-48.07338
-48.87811
-50.65254
-50.13657
-50.47528
-51.32952
-51.01834
-50.76779
-51.00425
-49.37520
-47.09248
-47.98864
-48.40201
-48.84930
-49.59351
-50.92732
-50.86485
-50.84007
-50.36755
-50.35594
-50.22793
-48.80005
-49.14207
-47.96407
-48.61717
-50.17944
-50.33232
-49.90545
-49.15334
-50.49318
-50.80676
-50.55328
-50.36722
-50.54186
-51.12743
-50.48948
-50.61693
-50.75128
-50.08224
-49.03867
-49.29915
-49.76613
-50.21439
-51.00489
-50.53222
-49.94755
-49.83933
-49.84986
-49.95778
-50.53733
-50.15002
-49.08817
-49.30345
-50.00579
-50.85586
-51.18958
-50.29256
-50.05867
-50.18309
-50.22267
-51.59634
-51.38747
-49.89865
-50.38978
-50.17383
-49.99528
-50.78736
-52.20608
-53.57849
-56.87339
-59.97222
-60.70709
-60.74585
-60.11196
-60.08876
-59.63936
-60.53348
-51.90062
-50.12595
-50.84663
-50.62450
-51.51509
-51.55456
-51.92757
-51.79707
-52.37473
-52.22032
-52.30654
-51.11774
-50.97795
-50.78474
-52.80699
-56.71345
-59.88446
-60.44400
-61.13787
-61.49436
-71.72950
-60.36199
-48.01401
-48.56160
-50.70339
-53.26918
-56.40565
-59.46560
-61.25410
-62.93550
-61.47984
-62.77043
-61.68009
-48.67683
-48.04652
-48.59733
-48.68868
-49.15361
-48.95266
-48.88887
-48.92423
-49.48917
-49.28265
-49.73153
-50.66853
-50.83968
-48.32804
-48.30230
-49.24238
-49.53276
-48.41033
-50.90666
-50.22539
-47.22482
-47.71333
-48.11270
-47.95480
-48.24659
-48.67286
-48.58357
-49.24647
-49.42058
-50.59483
-49.19698
-49.13257
-50.34783
-50.00456
-49.08088
-49.30631
-50.78730
-51.03761
-49.41556
-49.58267
-50.30611
-50.57257
-50.31944
-48.66175
-47.78569
-47.47703
-48.45367
-47.36263
-48.69686
-50.27531
-50.41054
-51.31089
-50.68487
-50.99878
-51.11334
-49.79213
-49.04292
-48.53763
-47.04994
-47.69011
-47.76774
-50.90601
-53.07947
-55.29094
-54.48743
-46.75894
-46.82496
-47.07996
-47.54571
-49.01115
-49.77628
-51.43300
-51.62335
-53.37739
-52.93995
-51.81286
-51.83018
-49.54079
-50.54971
-50.05679
-47.82635
-49.15804
-49.68412
-51.71599
-52.26757
-52.07785
-51.74808
-52.13719
-51.03086
-48.40051
-48.69039
-49.89341
-50.12355
-50.30605
-50.30230
-49.86806
-50.06546
-51.07914
-51.02654
-50.00801
-51.68975
-50.80560
-50.05476
-50.26650
-51.02252
-51.31821
-51.14243
-51.96861
-52.21079
-52.86812
-52.82744
-50.05742
-50.30728
-53.41581
-56.63043
-62.13233
-63.11186
-63.62248
-66.24064
-70.08112
-68.33918
-76.22872
-49.31779
-46.54761
-49.19591
-50.98417
-55.51320
-59.20117
-65.65458
-65.40830
-69.00909
-68.76615
-70.53324
-50.57648
-47.43516
-47.86725
-47.72833
-48.69429
-49.15003
-49.53837
-49.29337
-49.91805
-50.08870
-50.00088
-48.84419
-48.56876
-48.80618
-49.41995
-49.16913
-49.01054
-49.32930
-50.00238
-49.91132
-49.60062
-49.74003
-49.56337
-49.57733
-49.09345
-48.88237
-48.70435
-49.22626
-49.58023
-49.52655
-50.31222
-50.78455
-51.42399
-48.13365
-47.09704
-48.18246
-48.12368
-48.41407
-48.68235
-50.39457
-50.40238
-50.89837
-51.10014
-51.98607
-50.40543
-49.49235
-50.19786
-49.47720
-50.49829
-50.30978
-49.44015
-48.47910
-49.43666
-50.91751
-50.42645
-49.14196
-49.70539
-51.73294
-51.17982
-50.54866
-50.70853
-51.51109
-50.51004
-49.53344
-49.29364
-49.62566
-50.97429
-49.64252
-50.02932
-50.84278
-50.83859
-51.96767
-51.82321
-52.43939
-52.55445
-51.96809
-52.22853
-52.31818
-52.72409
-53.35050
-52.82691
-53.15509
-53.56098
-56.66928
-58.24073
-61.07478
-61.21703
-63.71182
-56.99277
-50.04636
-52.49880
-53.43486
-57.57246
-59.79224
-60.28276
-60.73980
-62.73571
-62.69688
-59.71588
-58.22740
-49.35412
-48.12677
-48.38876
-48.38605
-49.41031
-49.99839
-50.83618
-50.94128
-49.88919
-49.28932
-49.17208
-48.35910
-47.83807
-47.97114
-48.46054
-48.83742
-48.38603
-48.77538
-49.09591
-49.41448
-47.93912
-47.44392
-48.91656
-48.18748
-47.86053
-49.44852
-52.15757
-55.36734
-59.86148
-62.15987
-61.96095
-51.11467
-47.47848
-48.07022
-48.82822
-49.42030
-50.52390
-50.71259
-49.38721
-49.68961
-49.73568
-50.09923
-49.23289
-48.95462
-50.10784
-51.20659
-50.76800
-50.63751
-51.48830
-53.36304
-56.39530
-57.96774
-63.72825
-62.17186
-74.63372
-54.63074
-46.96383
-47.15604
-47.77714
-48.92376
-50.04778
-52.44506
-54.92873
-56.75733
-58.69845
-63.77021
-52.71934
-48.04491
-49.83044
-50.84029
-51.00395
-51.85899
-51.58642
-50.62650
-50.16283
-50.48179
-50.87559
-51.51173
-51.85990
-52.44987
-52.39494
-50.55935
-51.07238
-50.30367
-50.54373
-50.53916
-50.27759
-51.48053
-51.87505
-52.19000
-52.42233
-52.12031
-52.18109
-52.73611
-51.84068
-51.78529
-51.55342
-50.04077
-48.85160
-49.67187
-50.70599
-50.36556
-49.82685
-49.77247
-50.23682
-49.98626
-50.60959
-51.94220
-52.47189
-52.32800
-52.08596
-52.86206
-53.20551
-52.71752
-53.00206
-53.74609
-54.17312
-53.99707
-53.58335
-53.97903
-54.26542
-53.44904
-52.59354
-52.83291
-53.39027
-52.97191
-52.35183
-51.78970
-51.78037
-54.52929
-60.41101
-65.04014
-66.77499
-63.82087
-60.54953
-59.98519
-60.75942
-61.36767
-60.78331
-61.27020
-60.85572
-60.64773
-60.41729
-61.78448
-61.10020
-58.61650
-58.98603
-59.16924
-58.96812
-58.07455
-58.34955
-58.49175
-59.96370
-59.65337
-59.85380
-58.59013
-55.40126
-53.78745
-52.53538
-52.40784
-52.46529
-52.58698
-52.99512
-53.31780
-53.29498
-53.28060
-54.94053
-56.51015
-54.99515
-56.08592
-56.81677
-56.58268
-56.42264
-56.27123
-57.95046
-59.58759
-60.99399
-60.72088
-57.13247
-54.96568
-54.75022
-55.10273
-57.18554
-59.23084
-56.85649
-55.25357
-57.21179
-57.86127
-57.68684
-55.22426
-53.48161
-54.12374
-53.78535
-53.76345
-54.81698
-55.51343
-56.57429
-57.20063
-59.96835
-66.33446
-63.38721
-60.74356
-61.63409
-62.44087
-64.09973
-63.12740
-63.52155
-64.87438
-64.80741
-65.35892
-64.58518
-61.97296
-58.25449
-56.79371
-55.69811
-56.02774
-56.68794
-56.59236
-56.84190
-57.35473
-57.29631
-58.68918
-57.14766
-55.53230
-55.18298
-55.19526
-57.11324
-56.87163
-57.33478
-58.57010
-59.08914
-61.44726
-65.30461
-58.49287
-54.98245
-53.59369
-53.29699
-54.33921
-54.64581
-56.22115
-56.38631
-56.10857
-55.74066
-55.72552
-56.32260
-56.99595
-56.70388
-56.80353
-57.78593
-57.74192
-58.08170
-56.82525
-58.39051
-59.06801
-60.55020
-60.44537
-54.26282
-52.42561
-53.46701
-56.59116
-58.59930
-60.79043
-61.63158
-62.38026
-62.57514
-62.22599
-62.21404
-59.55989
-60.30268
-60.29209
-60.63738
-60.90714
-61.66654
-60.65388
-60.41554
-62.50643
-62.96740
-62.53297
-57.80209
-56.33519
-56.63047
-57.04935
-58.85419
-59.68464
-58.66391
-60.00301
-59.87776
-60.30042
-61.39800
-55.45734
-53.39936
-53.12912
-53.19388
-54.38951
-55.81262
-57.22696
-58.92547
-59.20628
-60.40309
-64.97643
-61.47709
-58.66676
-58.46846
-58.22540
-58.90807
-59.34232
-59.77417
-60.13880
-62.02621
-61.36897
-60.78051
-59.67959
-55.50637
-55.00369
-55.26539
-56.61131
-57.73219
-58.13623
-59.51311
-59.88257
-60.02952
-60.57176
-58.57453
-54.88288
-54.67760
-54.77059
-54.33621
-54.31749
-55.20972
-56.01447
-55.65154
-54.57112
-57.29241
-55.93068
-51.88742
-51.76008
-52.15748
-53.77870
-54.00760
-53.63632
-53.18576
-54.13765
-55.26208
-57.87294
-56.21477
-50.95097
-49.82377
-49.85168
-53.54839
-58.61351
-53.12331
-53.20677
-57.73624
-58.42689
-63.68092
-55.35742
-48.82966
-49.29881
-51.06919
-53.42409
-53.85087
-49.20305
-47.55993
-48.81781
-51.26786
-55.10155
-53.39999
-48.59177
-48.78694
-49.41726
-49.14207
-49.97509
-50.25002
-50.21449
-50.86277
-51.04647
-51.25829
-52.74140
-49.35169
-48.01518
-49.69612
-48.15202
-46.99812
-48.04582
-48.40479
-48.35798
-48.30843
-52.21558
-52.48507
-49.07504
-48.78655
-48.29356
-49.14372
-50.53900
-51.83270
-50.09995
-50.04209
-51.87804
-52.70770
-53.65229
-54.04971
-55.27762
-57.24829
-58.97976
-58.91970
-58.81862
-57.99140
-59.50618
-60.15177
-60.50385
-61.32670
-50.76402
-46.67027
-46.22983
-47.05481
-48.76744
-49.77105
-49.77584
-51.01185
-53.09705
-50.17326
-49.89997
-48.98706
-48.20764
-48.66894
-49.23354
-51.19516
-53.92350
-54.69346
-54.60586
-55.98961
-56.75143
-60.03899
-50.82465
-46.87513
-46.68642
-46.38100
-46.53979
-46.78715
-47.81776
-48.44442
-48.49390
-48.26773
-48.66136
-48.82721
-48.54358
-48.55750
-48.89500
-48.41115
-48.89815
-51.00566
-48.62152
-47.54876
-48.44622
-51.51441
-50.93618
-46.74079
-47.14307
-48.01096
-48.98759
-49.24452
-49.98060
-50.23997
-49.71107
-50.11205
-50.48844
-51.00416
-49.55940
-48.77454
-48.64015
-48.74696
-48.97286
-49.34434
-49.47262
-49.06934
-49.01788
-49.22767
-49.83315
-49.98922
-49.82435
-51.12666
-54.07529
-54.67278
-56.83353
-57.59168
-59.26043
-59.81780
-63.96613
-57.58579
-47.29841
-46.38756
-46.61823
-48.36311
-50.73025
-53.80441
-54.99884
-56.23220
-58.21798
-58.82914
-59.16847
-49.83292
-48.35592
-48.22746
-49.20911
-49.80979
-49.48810
-50.27641
-49.79737
-49.47793
-49.41250
-49.38486
-51.02227
-52.41581
-52.25486
-52.45844
-51.90963
-51.73105
-50.96260
-50.81634
-50.37280
-50.63318
-50.71237
-50.76686
-52.36106
-52.79136
-52.81373
-54.57666
-54.54306
-52.97537
-52.41883
-53.17166
-53.51951
-54.21010
-52.83009
-50.02596
-50.13766
-50.47648
-51.00609
-50.77034
-51.67880
-52.59697
-51.80823
-51.67381
-53.19561
-52.43605
-49.32130
-49.72811
-53.35962
-56.47334
-56.79364
-59.17143
-59.78819
-63.39665
-60.13612
-64.66497
-53.88516
-47.16655
-47.51054
-47.53892
-48.11000
-48.47908
-50.36644
-52.10191
-54.35113
-54.88196
-56.41755
-53.94522
-48.96375
-47.88105
-47.50789
-48.78237
-49.49862
-50.18736
-50.81391
-50.81593
-50.61891
-50.47426
-51.42154
-51.09869
-51.81332
-51.87655
-51.23586
-52.31125
-52.08129
-51.86193
-51.98151
-52.31586
-52.19282
-52.65443
-50.95293
-48.04011
-47.99562
-48.62250
-49.67101
-53.56673
-55.75792
-56.09408
-57.67665
-59.10168
-63.99708
-54.44617
-48.51779
-49.06490
-50.61122
-49.90911
-50.12050
-50.86230
-49.97522
-49.95193
-49.73673
-50.33805
-52.53780
-51.23325
-49.51925
-50.83626
-52.41665
-51.86081
-51.91814
-51.59487
-52.43187
-52.56547
-51.88723
-51.00496
-51.30761
-51.13124
-50.81791
-51.17938
-51.45192
-51.88015
-50.95325
-51.67207
-51.15540
-51.45725
-51.45848
-50.32890
-49.77806
-48.54457
-47.32545
-49.52869
-54.81470
-59.25413
-63.08872
-63.28901
-63.89038
-64.59617
-66.14577
-67.31893
-68.47707
-68.00778
-72.10297
-70.01576
-64.28325
-64.23610
-65.42237
-67.75239
-66.49014
-64.64891
-64.55201
-62.49012
-63.82643
-67.96075
-70.82724
-68.38080
-70.73938
-71.95097
-80.36210
-69.84298
-63.40979
-61.59179
-59.11387
-59.92546
-59.22557
-60.97975
-62.25814
-63.07716
-64.84098
-63.14292
-63.93407
-60.42221
-58.34444
-58.87432
-59.02766
-60.27906
-60.37814
-60.88221
-60.73964
-61.11138
-61.82159
-62.07552
-57.15635
-54.12777
-53.89000
-53.43459
-54.51390
-55.17659
-56.32295
-57.22358
-57.91066
-59.00332
-59.32500
-59.64074
-57.28503
-56.40034
-55.12942
-54.56787
-56.46609
-57.87857
-58.66559
-59.39815
-60.08635
-60.40415
-59.45833
-56.82922
-56.97527
-57.37299
-58.14155
-58.95576
-56.37949
-55.92194
-57.79700
-59.13512
-59.74826
-56.42768
-53.86935
-54.55693
-54.54509
-54.59462
-55.17450
-54.81614
-55.35894
-57.46808
-60.20074
-64.30683
-64.49125
-62.31971
-61.90529
-61.31443
-63.68708
-65.12419
-64.71200
-65.27591
-63.61186
-64.69893
-65.85890
-65.30042
-60.50075
-57.12101
-57.37420
-58.65567
-59.34762
-59.53935
-59.14579
-59.16728
-59.31920
-60.32593
-60.66763
-58.30646
-56.21638
-55.17175
-56.85469
-57.60743
-58.75000
-61.22126
-62.37122
-64.31410
-67.20317
-70.49119
-61.40491
-57.01612
-56.58810
-56.08430
-56.55715
-56.26153
-56.22519
-57.55189
-58.27754
-59.10280
-60.56081
-60.76187
-58.79731
-57.43761
-58.86591
-59.51783
-58.10364
-58.04049
-59.49800
-60.85083
-60.28677
-62.44773
-57.14762
-53.16871
-52.80445
-54.60396
-58.02272
-60.75336
-63.18914
-62.92334
-64.23033
-63.93529
-66.12831
-61.93083
-60.41375
-61.51753
-60.42279
-61.11281
-60.64416
-60.38382
-59.35387
-61.35221
-62.69086
-63.37779
-61.51063
-58.20593
-57.95091
-57.99312
-59.14586
-60.23467
-60.17564
-59.87461
-60.40969
-60.32635
-62.07996
-58.28344
-54.31758
-55.01476
-55.60031
-54.59323
-55.52654
-57.02545
-57.62514
-61.07632
-63.41701
-68.08735
-67.80922
-61.25607
-59.63527
-59.67108
-59.46251
-58.41869
-58.62207
-59.08124
-59.54283
-60.56015
-62.31737
-64.10599
-60.16042
-57.02002
-56.93675
-57.95453
-57.92221
-58.84456
-59.73656
-59.95511
-60.41727
-61.48463
-63.18997
-56.79013
-53.40636
-51.67965
-52.06356
-53.91632
-54.67303
-55.69857
-56.42186
-56.73668
-58.93254
-63.52060
-59.34311
-56.51610
-56.50699
-58.46735
-59.19894
-59.08437
-58.04548
-57.43256
-58.04213
-59.43772
-59.50409
-55.65391
-54.91414
-56.72708
-59.12491
-59.60372
-62.19819
-61.65938
-61.68970
-62.03003
-61.28789
-61.84394
-56.66957
-55.46302
-53.49296
-52.63388
-56.02221
-59.12129
-61.27124
-61.75798
-60.95417
-59.76321
-60.63141
-59.01490
-56.67785
-58.43181
-58.19108
-56.61564
-57.50727
-59.06618
-60.05372
-62.10918
-61.73634
-62.85440
-58.01915
-52.74117
-53.45391
-54.19329
-54.79464
-56.12855
-57.36725
-57.17412
-57.17194
-57.96305
-60.05736
-62.09676
-58.49406
-58.56025
-55.64178
-56.77554
-57.88693
-57.93625
-60.13304
-58.12744
-61.82931
-67.87220
-67.47800
-61.51648
-61.79337
-61.45661
-60.42969
-60.73114
-60.15699
-60.45057
-60.90710
-61.12579
-61.16059
-61.39994
-59.66040
-59.80156
-59.70919
-59.25026
-59.68316
-61.66183
-61.37471
-62.20524
-61.60560
-63.25180
-61.93681
-54.07611
-52.29844
-52.11437
-52.00265
-53.62203
-54.67366
-54.88102
-56.23590
-56.57480
-57.50301
-60.24487
-60.77773
-58.37192
-58.06930
-58.01358
-58.68588
-61.44155
-60.28862
-59.90319
-59.50827
-59.66379
-60.08038
-60.24154
-56.17997
-55.13212
-57.94271
-59.21735
-60.51840
-60.05727
-60.68137
-60.99178
-62.32428
-64.32874
-57.73169
-54.14680
-55.05331
-54.03148
-54.86844
-56.35537
-56.87819
-57.29292
-57.91497
-59.35962
-59.66861
-58.21316
-54.14208
-52.98029
-52.54880
-53.40201
-53.40154
-54.46985
-56.36621
-57.96292
-58.39379
-58.34640
-56.13217
-54.21943
-55.33088
-55.59848
-55.37798
-55.95671
-59.95317
-60.85205
-62.47668
-63.83532
-64.71001
-57.13706
-52.73407
-53.07648
-53.76859
-54.86847
-55.10627
-55.47186
-56.65678
-57.46215
-58.17828
-59.89149
-59.58878
-58.90640
-58.08492
-57.39768
-58.60749
-58.98393
-59.05934
-58.52364
-57.81414
-59.10906
-60.00366
-62.47450
-58.52808
-56.12694
-57.92650
-58.54182
-60.16940
-62.54385
-61.01215
-62.94375
-63.57646
-62.28817
-62.13767
-56.18439
-54.87894
-54.58657
-53.99895
-55.04377
-55.76511
-54.56839
-52.29552
-51.73726
-51.76788
-53.56631
-57.92037
-57.85427
-57.41413
-58.77974
-59.15456
-58.62140
-59.07714
-60.10382
-60.57885
-60.94916
-62.36565
-61.38454
-59.30001
-60.09915
-59.49231
-58.44258
-59.50061
-62.96826
-63.80498
-63.60812
-63.69566
-65.20399
-55.43473
-51.56581
-52.72861
-54.07876
-54.69521
-53.61375
-54.44016
-54.29964
-56.13821
-57.88885
-56.89404
-57.47158
-57.81598
-58.99606
-59.67703
-59.98977
-60.34457
-60.63681
-60.56629
-60.02842
-59.27759
-60.01646
-57.37069
-56.24164
-57.10606
-58.20005
-59.20683
-58.68601
-60.61838
-61.03888
-62.78217
-61.25146
-62.58301
-58.37111
-53.48928
-52.49280
-51.49191
-51.24501
-53.55599
-55.48835
-55.27726
-55.73868
-56.76336
-61.42491
-52.60999
-51.51224
-55.79715
-57.50105
-59.96861
-61.29540
-65.39426
-67.35979
-68.57743
-70.80264
-67.47114
-58.80231
-55.51569
-52.88537
-52.82269
-52.87553
-54.07848
-56.64808
-57.77917
-59.95368
-60.76848
-61.69532
-57.07016
-53.38429
-54.64698
-52.91699
-53.26302
-53.09021
-51.39585
-52.78027
-52.24900
-55.03049
-58.11019
-57.70277
-54.13492
-52.90754
-52.77360
-54.65365
-56.27813
-55.37819
-55.29714
-54.31701
-54.09335
-54.64211
-54.18873
-50.95916
-52.46075
-53.46660
-53.95435
-53.44568
-52.97361
-53.31022
-52.84505
-53.13847
-52.04448
-54.86529
-55.07219
-53.20766
-53.63344
-54.44074
-54.09020
-55.05249
-54.70066
-51.81629
-52.82025
-57.62811
-57.08753
-52.99810
-54.26059
-54.99603
-56.46610
-56.85184
-55.27193
-56.25688
-56.56994
-57.36703
-56.93738
-57.48388
-53.31638
-52.52752
-52.22396
-52.11291
-54.18539
-54.79393
-56.75129
-60.17604
-62.89209
-60.08004
-60.37101
-53.90671
-52.62842
-52.25974
-52.76977
-53.69073
-53.17618
-53.27774
-54.13612
-54.75230
-54.28478
-57.46180
-51.76587
-51.05681
-51.55276
-51.26279
-51.89431
-51.51103
-52.14472
-51.81844
-52.04647
-51.52033
-51.54548
-50.77477
-50.41741
-50.34288
-49.87687
-50.10359
-49.99304
-50.80530
-49.39277
-49.36900
-52.83119
-54.24001
-54.39941
-53.60257
-52.40484
-52.46913
-52.41824
-51.55322
-51.49757
-51.42501
-52.24894
-51.77692
-52.04531
-51.45368
-52.42328
-55.26372
-54.42173
-55.23493
-55.39536
-55.60248
-56.05316
-55.92148
-55.69485
-56.25258
-55.80196
-56.14429
-55.37180
-54.96447
-56.08478
-56.29163
-58.46260
-58.34812
-59.42123
-57.36652
-56.05482
-55.09147
-52.52787
-52.93513
-52.82525
-53.98149
-53.65558
-53.48169
-52.78655
-53.29597
-53.00658
-52.81985
-53.08158
-52.02271
-53.77192
-56.27487
-54.92563
-53.42034
-56.22479
-56.06187
-56.62526
-56.58066
-56.88247
-54.74881
-54.12034
-54.45776
-52.78292
-53.94352
-55.18413
-54.27669
-54.37581
-52.17713
-52.09975
-53.88414
-55.14770
-54.97900
-53.53442
-55.43676
-53.40041
-52.50498
-52.86915
-54.62189
-55.18277
-55.88995
-56.04595
-56.71188
-56.02220
-56.80646
-57.17578
-56.73265
-56.78046
-55.58437
-57.93010
-57.72914
-58.98012
-57.22045
-59.16668
-53.54546
-51.54523
-51.49178
-49.77393
-50.37294
-50.47351
-52.27250
-54.36232
-55.39275
-55.24464
-57.56716
-54.41948
-52.94978
-52.09999
-50.92804
-51.05977
-51.35051
-52.77635
-53.15857
-54.69296
-53.74047
-56.37177
-52.87896
-50.04935
-53.67648
-53.83170
-53.84186
-53.63549
-53.70334
-54.06708
-54.06354
-55.53641
-56.04288
-57.29217
-54.12785
-52.98880
-52.89071
-52.81100
-53.06012
-54.14104
-53.85014
-51.13285
-52.76070
-53.95232
-55.30025
-54.09559
-53.86028
-53.99092
-53.33777
-53.11125
-52.74769
-53.97654
-54.13763
-53.17441
-52.48238
-52.07325
-51.98827
-53.67457
-54.09024
-54.59868
-53.80834
-53.79609
-54.23590
-54.41889
-55.53494
-55.17332
-55.04101
-54.80025
-54.62945
-55.12061
-55.80443
-55.75094
-56.09974
-57.03899
-53.01253
-53.43617
-56.23287
-55.72566
-54.23888
-52.11587
-51.94016
-52.03917
-52.39138
-52.77653
-53.51038
-52.88140
-54.09837
-55.25372
-53.49600
-50.87897
-51.77063
-52.59077
-52.85143
-54.16572
-53.48801
-54.61839
-54.05070
-54.88599
-55.05928
-55.99573
-55.15363
-53.55042
-52.95608
-53.52664
-55.37519
-54.82224
-55.71639
-52.57920
-52.54509
-54.90545
-55.20088
-55.46947
-54.14974
-54.07889
-53.66911
-52.56433
-52.88831
-53.54650
-54.32379
-54.64886
-54.96943
-56.34507
-52.80587
-53.11652
-53.46661
-53.11074
-54.25144
-54.93590
-55.85178
-56.15856
-58.04100
-57.73167
-58.61763
-54.44293
-53.13058
-53.90387
-52.75392
-53.57255
-55.45567
-56.71394
-56.92262
-57.10689
-58.72567
-58.75550
-55.03153
-53.04162
-52.37632
-52.10560
-52.77336
-53.24150
-53.17898
-54.53868
-55.22301
-57.26514
-59.31434
-52.27941
-51.08134
-53.70948
-53.91773
-54.36197
-54.20940
-54.13573
-54.72081
-55.08363
-54.97909
-55.32586
-56.69958
-55.41406
-53.81259
-52.86112
-52.56451
-53.29226
-55.46667
-57.47939
-51.97707
-52.35138
-55.32087
-56.12710
-55.70791
-53.16465
-53.40141
-53.21045
-52.78837
-52.31391
-53.08427
-53.77566
-52.72135
-53.06669
-53.79630
-52.41894
-53.30897
-54.71085
-54.24089
-54.85331
-55.41631
-55.38151
-55.08845
-55.17669
-55.14002
-55.72017
-55.63573
-55.64652
-54.79495
-54.76776
-57.13136
-57.29955
-60.00160
-59.77315
-60.55425
-55.47883
-55.19282
-55.55135
-53.18338
-53.04510
-52.68152
-54.04813
-52.98331
-54.09377
-53.95469
-55.99895
-55.46126
-56.52442
-52.74423
-50.58901
-53.05233
-53.55769
-54.78050
-54.61239
-55.31408
-54.43452
-54.75472
-54.88371
-55.14325
-55.41621
-52.96370
-50.97139
-50.96843
-51.86135
-52.23759
-52.32425
-51.81697
-50.71958
-51.32997
-52.29578
-52.23164
-49.85879
-51.81572
-53.52202
-52.06269
-52.12068
-52.78087
-55.34150
-54.77551
-54.59028
-54.42073
-56.47768
-54.53200
-54.09859
-53.96755
-50.80490
-50.04261
-50.00369
-50.15426
-49.75067
-48.63958
-48.26392
-48.69902
-48.95633
-49.01954
-48.53613
-47.92438
-47.72955
-47.48228
-48.17868
-48.72058
-49.31076
-49.13381
-50.18958
-54.01564
-54.04351
-50.86502
-49.97413
-50.79071
-51.88158
-53.31003
-53.84678
-53.65341
-53.39875
-54.57751
-50.67989
-51.26335
-54.90549
-54.17186
-54.95058
-54.52742
-54.77095
-54.72176
-56.85962
-58.19059
-54.72878
-53.67445
-52.58402
-52.04357
-52.47652
-52.44238
-53.12087
-54.74531
-52.18143
-50.56636
-52.44805
-53.18188
-54.52222
-53.35725
-52.91152
-52.94135
-52.39677
-52.67670
-51.88158
-52.87211
-54.65292
-54.45936
-54.08563
-53.18852
-53.17116
-55.95542
-56.91629
-56.99647
-55.97954
-56.03824
-55.96595
-55.06341
-57.10819
-56.91336
-57.11109
-53.89524
-53.73593
-52.93489
-51.61618
-51.51023
-52.51146
-53.00772
-50.52899
-52.46997
-53.64030
-54.18012
-53.08807
-53.62982
-54.57502
-54.83514
-55.11879
-54.51510
-54.73348
-55.80186
-54.99810
-55.24904
-54.38514
-51.92189
-53.52642
-54.36669
-55.38297
-55.70964
-55.67142
-56.03881
-55.75526
-55.95137
-57.24169
-57.48883
-57.24425
-54.45555
-52.97320
-51.99704
-50.91896
-52.47567
-54.46620
-51.87888
-50.15323
-51.13386
-55.00421
-55.56238
-52.87766
-53.71130
-53.24997
-53.39785
-53.77241
-53.47626
-55.35521
-52.45445
-49.90941
-51.57161
-51.13810
-53.82779
-56.94541
-57.36219
-57.58426
-56.66537
-57.42138
-58.45937
-58.88476
-58.27706
-57.93811
-55.82757
-52.54429
-49.88085
-50.07492
-49.51147
-48.44669
-48.36584
-48.62766
-49.07799
-49.16236
-48.83925
-49.89525
-50.29312
-49.16819
-50.31296
-51.03448
-52.75744
-54.36022
-53.79006
-55.25526
-54.94270
-58.16193
-51.69253
-48.14019
-49.44944
-49.88480
-51.25287
-50.80214
-49.83999
-49.78105
-49.94283
-50.78175
-49.22760
-49.04276
-50.64683
-48.25447
-49.13966
-51.41022
-50.41218
-49.74948
-49.86313
-48.93866
-49.16057
-49.16760
-49.08951
-49.84478
-49.19675
-49.46998
-50.05299
-50.53130
-50.69572
-50.08765
-50.21547
-51.31902
-53.07781
-55.47802
-53.07618
-54.06908
-55.78170
-55.76839
-55.27025
-54.81681
-55.44974
-56.46122
-56.99730
-56.11601
-56.03975
-52.81064
-49.59919
-47.96893
-48.74643
-48.49481
-48.58134
-49.13069
-49.16610
-50.68384
-52.13119
-52.77766
-51.94100
-50.73686
-49.67259
-49.96614
-50.77674
-52.35298
-53.21161
-55.11389
-56.48187
-56.22944
-56.48644
-50.46796
-50.60149
-53.54633
-51.13132
-50.94181
-50.47619
-49.75822
-49.41068
-50.24636
-54.01855
-52.56048
-50.44121
-50.07876
-50.55743
-51.80879
-50.09232
-48.84355
-49.61503
-49.67897
-50.65928
-50.87423
-51.89436
-53.49342
-50.12617
-49.71580
-49.79722
-50.09662
-49.36460
-48.67990
-48.91089
-49.75665
-50.31268
-50.00194
-50.78720
-52.65647
-56.11609
-56.41461
-56.36976
-55.89313
-56.58986
-58.15406
-57.79210
-57.43818
-58.46970
-57.45724
-54.60658
-51.75556
-49.86668
-49.18952
-47.94744
-48.59701
-49.69622
-50.83219
-51.34731
-51.13223
-53.72235
-51.41060
-50.20072
-50.69413
-50.14201
-51.27057
-54.09240
-55.93553
-57.32997
-55.99910
-59.04673
-54.53235
-49.73197
-51.18151
-50.76934
-50.91861
-50.93076
-51.79608
-51.64418
-51.87453
-52.72559
-52.56768
-52.18392
-52.92146
-51.04095
-50.94368
-52.11902
-49.32427
-49.71672
-50.10784
-49.91397
-50.99420
-51.38893
-52.21124
-53.07848
-51.69698
-50.28344
-49.51830
-50.46782
-51.50048
-51.65897
-51.89683
-51.72888
-51.82094
-55.41044
-54.57832
-52.93133
-51.90564
-50.44965
-50.30065
-49.08578
-49.47573
-49.55259
-49.90965
-51.08920
-52.33812
-51.77638
-52.31032
-52.07762
-51.22120
-50.86554
-52.40668
-52.80153
-50.85155
-51.53248
-52.25656
-51.45685
-49.57931
-49.09663
-49.81838
-50.81437
-50.58219
-49.71502
-48.80953
-48.86625
-47.93653
-47.74923
-48.01506
-48.15858
-49.60933
-51.87307
-51.09797
-49.14962
-49.04107
-49.76147
-49.94997
-49.21648
-50.44623
-50.88289
-51.32751
-52.05274
-52.22387
-51.33576
-50.08445
-49.87098
-50.16236
-48.83136
-49.01458
-50.06847
-51.56721
-49.25216
-49.31105
-51.48731
-50.75220
-52.70447
-49.73130
-49.12207
-48.55053
-48.40824
-49.63780
-49.79388
-48.60066
-49.67807
-52.56099
-53.39613
-54.86112
-55.23763
-56.61109
-57.26653
-57.76642
-57.07634
-57.17619
-57.27806
-55.27077
-50.60441
-48.97384
-49.14557
-50.11259
-50.36668
-50.10122
-50.56917
-51.14271
-52.14162
-51.26371
-50.66113
-49.92746
-48.90346
-49.21178
-50.74733
-52.81694
-54.23926
-55.24225
-56.55104
-54.88912
-54.58856
-51.81238
-49.55686
-49.09341
-48.86334
-48.96173
-49.04067
-50.23611
-51.37500
-50.52870
-50.52054
-51.24158
-51.33938
-52.34776
-50.31264
-49.82376
-51.25523
-50.65852
-49.96112
-50.49645
-50.01182
-50.64470
-50.17738
-51.01492
-51.21436
-48.06945
-48.84711
-50.25806
-50.64339
-50.97514
-51.33706
-51.73934
-52.39934
-53.66974
-51.81328
-48.62904
-49.54392
-50.71545
-51.22570
-51.32465
-50.90671
-51.14774
-50.77273
-51.38549
-51.37581
-50.75366
-50.27129
-51.79919
-51.93272
-53.31504
-54.55246
-57.18017
-58.89005
-57.92265
-62.03871
-61.50999
-59.12539
-52.47040
-51.18912
-50.51321
-49.61327
-50.87194
-51.78891
-51.39980
-51.78345
-53.14408
-56.12725
-56.68012
-50.26953
-50.90922
-49.26130
-48.60653
-49.40697
-49.94762
-53.64376
-53.50996
-55.13441
-55.48417
-57.41850
-53.87051
-53.39463
-53.16849
-52.55583
-53.07499
-52.00600
-51.15750
-49.34996
-50.02166
-50.05064
-51.80306
-53.31530
-50.55059
-49.94016
-50.33387
-50.39164
-51.57368
-49.81293
-50.19579
-51.54036
-53.44654
-52.87392
-50.43422
-52.26857
-53.60347
-53.15563
-52.92659
-51.70699
-51.99603
-53.31084
-53.28300
-52.88106
-51.92031
-52.11069
-48.68173
-47.93294
-48.98134
-50.63246
-52.14178
-52.16937
-50.63375
-51.72198
-55.95716
-57.57529
-58.50056
-53.47474
-49.28787
-47.98965
-47.88367
-47.77650
-51.09022
-54.15469
-54.97573
-54.79944
-56.22165
-52.49012
-50.47020
-52.02805
-51.54985
-51.50292
-51.42787
-52.14518
-51.15458
-52.49017
-52.48472
-53.41666
-53.72358
-52.35129
-52.73792
-50.30635
-50.86846
-51.62769
-54.39365
-54.53200
-51.70748
-53.63425
-53.54919
-53.32603
-53.12238
-51.49724
-50.48614
-50.61940
-52.46556
-54.84275
-55.97954
-57.05244
-56.38710
-54.40219
-53.26343
-52.75142
-51.97796
-51.23586
-50.55929
-49.90075
-50.36283
-51.42929
-50.75869
-51.12408
-52.30556
-51.89717
-52.08075
-53.43292
-55.91882
-56.29915
-56.60254
-56.21049
-54.70652
-53.66031
-53.37314
-53.72034
-54.32444
-50.82071
-50.69640
-52.36033
-50.55263
-52.37279
-51.35777
-52.35286
-50.87208
-51.40779
-52.01587
-47.43507
-48.85976
-52.01999
-53.11561
-52.14073
-52.55129
-52.81096
-54.39419
-55.39391
-55.93621
-56.44283
-55.66671
-54.38493
-55.52601
-57.12625
-55.00085
-54.20614
-54.36094
-54.64015
-55.47373
-58.41242
-53.34104
-50.66760
-49.06601
-50.44237
-50.08752
-49.98337
-52.25793
-51.17863
-50.38594
-52.06992
-52.68845
-50.31639
-53.63393
-53.44731
-54.02025
-55.62397
-55.30829
-55.87494
-55.03966
-53.74179
-53.97739
-56.87764
-56.04122
-57.77771
-53.57260
-48.56650
-48.90011
-49.26680
-49.34264
-50.14714
-50.92984
-50.97879
-50.70270
-50.81853
-49.62431
-50.25399
-50.22253
-49.88805
-49.51566
-51.49827
-53.02788
-54.03280
-55.85108
-57.50768
-58.00303
-58.46014
-56.85149
-49.44092
-49.72165
-50.46182
-49.94684
-50.70110
-50.63335
-51.30265
-50.92241
-50.38166
-50.00646
-49.70424
-49.40510
-50.08471
-49.61275
-49.66000
-50.19141
-49.59709
-48.66801
-47.75474
-49.74859
-50.44957
-50.67382
-51.48501
-51.03937
-50.54718
-50.58320
-50.68653
-49.99442
-50.44018
-50.60802
-50.06628
-50.71631
-52.41127
-50.80326
-52.06493
-52.72471
-52.31542
-52.22693
-52.20371
-52.22611
-51.67542
-52.32522
-51.50699
-51.38029
-51.57493
-52.09251
-51.56304
-51.39186
-50.80375
-51.80172
-52.51109
-52.12581
-52.43446
-52.66602
-53.10074
-51.55123
-50.68064
-51.05603
-51.47162
-51.27704
-51.23650
-51.22368
-52.11434
-52.42180
-51.54785
-52.93902
-51.77460
-51.06272
-52.30624
-52.11647
-52.31059
-51.10897
-52.37437
-53.54451
-52.88607
-52.45891
-51.92947
-52.03058
-51.77410
-51.69252
-52.10038
-52.43712
-50.13320
-50.11757
-50.73378
-50.03941
-51.32069
-51.01358
-50.84507
-51.85884
-50.07311
-49.78070
-52.08302
-51.28284
-50.21398
-51.19005
-50.83051
-51.68564
-54.04630
-51.77144
-51.02425
-53.25099
-53.94775
-55.81879
-56.31338
-56.25478
-56.18404
-55.34662
-56.42021
-56.43607
-56.48369
-50.82380
-48.56393
-48.75843
-48.29937
-48.79959
-48.83254
-49.37178
-49.68308
-50.64377
-50.92963
-50.29711
-49.93399
-51.10819
-51.04786
-50.39050
-50.90550
-52.47638
-54.22062
-54.22873
-53.67848
-53.64182
-55.13509
-51.35499
-49.91028
-51.22030
-51.01653
-51.21282
-51.57747
-51.69432
-51.99353
-52.24215
-52.64178
-52.45215
-52.41843
-50.93684
-51.23510
-51.00917
-51.27334
-51.79377
-51.13930
-50.52114
-50.15004
-51.78204
-51.67792
-51.63108
-50.25661
-51.19760
-51.22513
-50.31040
-49.71521
-49.12158
-50.14243
-50.18350
-49.73835
-49.42380
-50.23437
-51.38380
-51.81272
-51.40728
-52.15773
-51.95884
-51.55865
-51.94430
-52.07286
-51.86095
-52.02208
-53.32229
-52.44803
-51.81506
-52.03616
-51.94118
-51.99482
-51.76008
-51.61187
-51.66494
-52.58779
-52.74897
-52.12466
-51.17248
-50.95733
-51.04819
-50.61819
-50.70736
-50.76121
-50.69841
-50.70983
-53.22898
-54.70903
-50.86458
-49.43873
-50.40313
-50.30196
-50.97252
-51.40232
-51.67551
-51.59205
-51.65298
-52.73158
-52.63944
-53.33381
-51.73773
-51.98577
-51.72961
-51.73833
-52.12297
-51.46625
-52.19616
-52.70169
-51.16520
-51.30566
-51.37754
-50.76188
-51.65314
-49.71762
-49.65810
-50.01112
-50.63395
-50.18483
-51.90354
-52.19855
-52.32580
-54.42409
-53.23615
-53.70691
-54.44530
-54.63866
-53.98636
-54.88379
-54.86381
-55.37558
-54.14925
-55.20838
-55.80585
-52.89356
-50.58905
-49.39602
-48.66638
-49.32068
-50.09134
-50.05626
-50.48945
-50.66769
-50.69473
-49.26754
-49.26407
-49.27232
-49.44033
-50.22200
-51.71360
-53.02249
-53.97299
-54.60155
-54.82891
-57.20519
-51.04668
-47.56901
-49.21664
-50.93291
-50.71223
-51.17402
-51.10583
-50.93508
-51.27272
-51.52864
-52.36065
-52.48921
-52.17874
-51.34482
-51.69024
-50.21501
-49.50621
-50.23509
-52.45964
-51.90226
-49.55497
-49.85923
-49.55480
-50.73542
-50.85674
-50.96358
-51.00880
-51.90899
-52.64190
-52.26185
-52.88574
-49.40018
-47.78479
-48.42907
-49.00413
-50.48066
-51.50418
-51.39904
-51.54628
-52.29938
-52.82614
-53.19509
-52.31451
-52.64998
-53.09614
-52.63269
-52.05685
-51.78643
-52.23895
-52.21778
-51.45948
-51.19431
-53.40194
-52.93975
-53.38545
-52.20496
-50.82535
-51.68311
-52.65458
-51.11010
-50.76430
-52.13864
-51.08952
-50.99362
-51.37844
-51.77439
-54.31948
-56.33344
-51.07038
-50.26318
-50.82318
-51.31705
-52.01582
-51.51450
-52.07701
-52.13592
-52.23282
-52.61262
-52.36073
-52.83979
-51.53562
-50.60529
-50.88956
-50.24596
-50.32472
-50.21252
-49.36271
-49.28757
-50.11268
-49.83911
-49.16613
-48.44401
-49.91846
-49.71898
-49.36747
-49.54340
-49.72299
-49.44161
-50.04490
-51.98678
-53.09808
-53.41691
-49.61082
-48.73370
-48.78457
-48.46235
-47.99216
-48.11352
-48.25310
-48.39787
-48.05916
-47.63126
-47.74774
-46.94504
-47.06989
-47.08928
-47.01830
-47.46027
-47.68590
-47.58478
-47.74140
-47.62789
-48.15674
-50.12355
-49.60372
-48.32582
-48.74409
-49.00511
-49.77999
-49.89099
-49.76947
-50.23809
-49.66643
-49.75585
-49.26309
-48.80958
-49.70892
-50.18944
-50.05348
-50.63777
-50.06940
-49.42071
-49.27753
-48.81377
-47.92618
-49.21390
-50.10851
-48.82794
-49.33019
-49.90201
-50.10717
-50.11828
-50.42830
-49.35650
-49.80953
-50.15019
-50.53674
-50.41134
-49.65050
-49.26753
-49.49850
-49.63035
-49.73753
-50.45027
-49.44118
-49.46598
-52.06057
-52.02826
-49.34009
-51.36491
-51.18999
-51.67416
-53.26734
-53.02094
-53.04326
-52.74732
-53.40717
-52.54026
-52.46789
-52.19897
-51.51740
-50.85229
-49.79441
-49.02107
-49.78935
-51.02031
-50.61740
-50.52987
-51.95352
-52.22612
-52.32458
-52.03947
-51.68592
-51.55692
-50.96422
-51.21671
-50.75854
-51.73572
-52.26111
-50.51532
-50.76037
-51.17101
-51.90177
-51.15297
-51.34635
-50.91908
-50.22087
-51.15850
-51.30881
-50.68461
-49.96255
-50.32679
-50.95113
-52.40718
-52.56375
-51.62819
-50.22662
-50.85182
-50.06297
-50.68824
-50.90621
-49.10044
-50.67724
-51.11466
-51.10342
-51.76002
-51.33261
-51.02004
-51.26628
-49.97263
-50.50374
-52.51762
-50.05196
-49.85325
-51.97496
-52.03570
-55.46271
-57.08582
-56.85837
-57.41025
-56.55428
-56.84031
-57.29110
-57.06920
-57.47979
-57.18645
-52.39921
-51.57503
-52.26254
-52.12411
-51.82183
-52.09325
-51.34078
-50.53477
-50.79180
-50.49525
-50.60973
-50.90697
-51.88832
-51.82188
-52.42951
-52.56109
-53.43406
-54.82613
-55.17833
-54.93495
-57.14254
-55.06257
-50.37666
-51.67747
-52.69446
-53.30136
-53.52581
-53.74976
-54.25444
-53.99689
-54.27335
-54.46924
-55.01960
-53.84639
-53.26110
-52.74483
-52.70113
-54.35372
-52.85248
-51.78815
-50.06454
-49.45986
-51.92171
-52.78039
-52.38565
-51.34969
-51.33838
-50.61193
-50.57517
-49.94468
-49.57797
-49.67839
-50.02815
-50.46394
-53.12345
-54.36965
-51.52703
-52.95474
-53.08949
-52.96400
-52.97059
-53.54591
-54.19620
-54.18718
-53.65787
-53.53189
-53.52070
-50.46210
-49.89693
-49.59394
-49.57892
-50.65624
-52.21377
-54.20786
-53.28272
-53.84339
-53.88320
-53.49198
-50.04346
-49.23135
-50.43573
-49.84064
-51.61256
-53.26882
-53.73100
-54.88208
-54.33558
-55.32094
-54.12132
-49.79120
-51.57895
-53.41199
-52.38324
-53.37634
-54.92634
-54.55241
-53.54347
-53.76429
-53.93608
-54.72817
-53.14059
-52.42839
-51.96495
-52.14947
-52.82738
-53.26612
-53.15011
-50.76499
-50.43583
-51.08276
-51.75368
-51.11645
-50.05063
-50.45295
-50.55735
-50.88939
-51.50890
-51.75448
-51.87979
-52.31376
-53.16257
-53.86674
-52.66166
-52.26988
-52.57728
-53.14620
-53.01918
-51.30306
-52.42358
-52.88848
-53.41950
-53.32455
-53.63269
-54.46767
-52.95049
-53.62652
-53.51231
-54.30219
-53.20151
-53.81657
-53.23793
-52.91011
-52.59882
-53.87733
-52.71268
-49.99586
-51.29073
-51.21090
-52.28865
-52.19643
-53.13826
-53.07731
-52.90518
-52.65740
-54.21262
-52.14853
-50.35124
-52.25268
-52.30571
-53.06910
-53.16646
-53.29950
-52.85371
-53.01938
-54.19712
-54.21976
-53.97154
-53.03725
-52.73493
-53.44092
-52.37543
-52.12778
-53.89371
-52.99002
-51.27692
-52.62326
-53.48691
-53.41413
-52.07115
-52.69805
-52.66724
-51.68861
-51.81689
-52.22777
-52.93987
-52.26071
-53.46677
-55.07519
-55.43950
-52.76976
-52.21279
-52.85812
-52.87481
-52.40459
-51.55681
-52.28497
-51.36393
-52.95020
-53.89880
-52.32279
-51.91177
-51.92906
-52.39636
-51.20131
-51.51820
-52.80222
-53.73695
-53.23763
-53.69877
-52.96941
-51.32426
-49.54921
-50.69763
-52.22940
-51.04077
-51.81479
-50.30721
-50.72775
-51.21401
-50.02511
-49.94765
-50.13064
-49.86733
-51.61322
-52.66857
-53.13455
-55.35499
-52.78029
-50.83925
-52.24068
-54.14983
-52.94977
-54.84226
-53.96566
-52.99966
-52.27472
-50.80122
-52.69968
-53.67189
-53.23019
-51.61570
-50.80724
-49.26050
-51.84917
-51.89199
-50.28838
-53.04578
-51.16044
-50.97895
-50.06868
-48.57504
-49.69969
-49.96429
-49.50603
-52.44267
-53.28258
-52.99851
-56.14680
-56.43987
-56.09633
-55.93392
-56.50819
-56.69637
-57.23294
-56.54266
-57.12920
-56.22133
-51.98759
-51.31905
-51.75896
-51.51918
-51.61647
-51.61756
-51.01481
-51.34910
-52.13114
-52.61331
-51.94585
-51.33653
-51.03422
-50.40867
-50.91479
-51.21040
-52.87581
-54.11127
-56.12180
-56.79277
-55.63767
-53.32952
-50.46554
-52.33652
-53.99865
-53.77942
-53.60705
-52.88051
-53.06046
-53.59675
-54.54334
-54.97507
-54.31335
-53.02320
-53.94319
-53.50235
-53.23419
-53.40983
-53.31288
-53.00472
-50.91389
-51.88615
-51.58707
-51.73534
-52.75556
-52.64607
-52.49337
-51.95277
-52.49843
-53.26319
-53.64098
-52.50093
-51.98634
-52.44767
-54.42049
-52.50423
-50.87270
-51.75968
-52.38930
-52.61130
-51.97179
-52.65448
-52.36985
-52.48272
-53.13055
-52.91687
-53.22011
-52.78657
-52.33244
-52.74147
-53.49437
-55.16257
-55.97960
-54.75879
-54.77548
-55.78753
-56.63423
-53.64295
-51.73363
-51.61256
-51.56362
-51.66046
-51.72503
-51.45074
-51.58488
-51.88961
-51.47352
-53.27583
-51.56419
-49.89997
-52.07781
-52.19436
-51.41446
-51.80786
-53.34364
-53.99642
-54.17792
-53.90537
-53.54138
-53.91055
-50.87944
-51.20399
-50.71402
-50.90061
-51.88618
-52.40979
-51.97091
-51.13430
-52.59462
-53.16619
-57.22208
-51.15624
-49.08257
-51.24816
-51.37004
-51.32101
-51.42925
-50.90756
-51.14617
-51.60093
-52.47742
-53.21077
-51.53786
-52.28762
-52.13370
-52.32367
-51.73289
-51.98270
-53.16796
-52.34793
-52.66271
-52.60574
-52.65876
-51.68208
-50.75732
-50.82142
-51.35187
-51.54137
-52.43637
-52.11996
-50.87140
-53.84609
-56.15475
-57.32550
-52.65308
-51.28012
-52.41217
-51.76518
-51.13125
-50.80766
-50.59268
-51.10006
-51.59586
-51.93814
-55.81601
-50.59765
-50.64315
-52.93848
-52.25398
-52.05659
-51.83624
-52.39343
-51.93323
-52.80637
-51.95593
-53.47115
-53.94685
-52.65820
-52.72140
-53.06527
-52.88855
-52.17440
-52.82670
-51.46433
-50.24690
-52.35586
-52.76180
-52.44559
-53.00765
-53.44875
-53.43445
-53.43170
-54.59774
-55.30589
-55.89797
-56.59185
-55.80828
-53.55956
-52.09360
-51.28301
-51.44398
-51.91318
-51.88647
-51.36018
-52.71410
-52.14775
-51.68403
-53.19710
-53.65926
-54.04603
-52.84171
-52.90018
-53.02607
-54.28452
-56.17152
-55.30176
-54.52238
-55.51755
-55.01691
-55.50678
-53.68931
-51.47282
-53.88154
-54.03782
-54.50216
-55.26422
-53.78349
-52.69647
-51.44153
-52.16678
-52.92997
-52.37641
-51.28273
-51.75465
-53.25721
-52.65764
-51.99382
-51.89396
-52.14377
-50.79414
-52.25942
-53.62362
-53.77125
-52.94482
-52.74535
-54.39573
-53.67667
-54.83865
-55.20466
-54.34431
-50.32753
-50.97891
-53.53569
-53.11092
-50.80194
-51.90749
-53.57430
-52.74137
-52.87591
-52.58367
-55.36621
-51.28449
-51.40202
-54.80523
-56.54206
-55.24046
-55.95299
-59.94773
-59.68864
-61.25494
-60.32681
-61.42024
-61.33763
-62.62737
-62.55513
-63.72535
-62.07673
-57.46037
-57.60530
-59.45373
-62.86125
-64.48842
-65.11995
-66.26893
-67.62908
-71.44169
-77.39129
-68.93426
-57.35293
-55.74499
-56.22908
-56.34045
-57.71884
-59.18493
-60.14828
-59.98705
-60.18567
-60.94592
-61.43091
-58.73497
-59.31426
-59.46887
-59.10615
-59.22185
-59.15603
-59.97253
-60.46805
-61.05902
-61.10499
-61.11479
-58.09890
-57.35464
-58.94511
-59.37932
-61.48617
-65.35530
-66.07270
-66.47159
-65.38816
-66.88050
-67.70769
-60.50539
-56.96490
-57.07418
-56.77876
-55.63068
-56.23935
-56.28157
-56.68129
-57.06257
-57.85302
-60.68198
-59.98833
-58.07694
-58.22561
-58.92970
-59.38915
-59.75529
-60.87613
-61.89104
-62.01858
-62.61275
-63.99536
-61.17965
-55.59100
-54.95755
-56.31627
-59.24509
-63.96535
-64.00566
-68.63128
-73.50078
-73.24843
-78.36450
-64.45126
-56.49986
-54.42469
-53.76540
-54.29365
-55.15770
-56.65900
-58.35736
-59.78575
-61.38705
-62.48787
-62.23654
-58.52678
-57.45877
-58.13274
-58.60546
-58.02255
-58.29379
-58.74643
-58.95431
-59.78314
-59.74543
-60.83588
-59.14630
-55.16013
-55.63183
-57.08525
-58.44541
-58.98426
-59.59621
-61.92849
-62.93146
-64.77012
-65.33072
-69.01263
-59.31346
-55.69526
-56.46176
-56.82003
-56.61960
-56.65367
-57.18408
-58.17035
-58.49160
-58.40132
-59.81075
-62.84225
-62.99279
-58.07762
-58.71728
-60.81650
-60.37374
-59.64874
-59.69041
-60.11971
-60.86799
-61.24504
-61.16519
-61.31036
-62.69741
-59.71203
-57.46777
-57.87887
-58.57147
-60.24497
-62.46301
-64.55588
-64.14707
-65.06603
-65.20570
-66.21211
-65.60853
-67.01939
-58.76553
-54.34223
-54.76006
-54.65147
-55.28353
-56.02224
-56.01128
-56.59368
-57.09166
-57.78356
-58.60599
-58.77744
-59.94092
-60.25580
-58.49608
-57.00776
-56.75826
-57.11461
-58.05874
-58.79515
-59.85939
-61.00741
-60.79221
-60.88650
-61.76897
-61.61744
-61.89745
-60.60473
-58.18957
-57.89197
-58.87613
-61.49163
-63.97504
-64.48279
-65.37255
-66.32081
-66.28911
-67.04889
-67.06078
-67.84153
-68.10170
-67.57859
-61.98378
-57.59537
-57.29633
-58.20147
-59.15957
-59.83513
-60.86082
-60.95926
-61.51288
-61.92236
-61.39772
-61.31302
-61.39026
-61.62946
-61.85166
-62.29816
-62.23199
-62.86859
-65.52266
-68.50521
-71.04586
-74.01823
-75.73614
-76.66520
-77.23807
-79.03086
-80.22481
-83.67257
-85.46644
-87.13143
-87.69274
-92.08882
-93.18113
-97.48371
-94.23139
-95.47224
-93.46704
-98.35894
-97.20139
-100.53926
-99.14149
-106.62775
-104.02097
-107.44071
-111.96951
-105.99246
-116.83571
-102.16978
-108.40540
-99.82508
-102.97456
-96.58418
-98.23058
-94.31641
-94.20427
-90.76127
-89.26062
-85.41034
-80.47087
-67.01146
-56.89502
-58.80004
-56.70866
-55.00568
-57.52964
-58.94521
-59.01679
-60.29045
-62.98961
-63.96011
-65.30878
-68.04658
-69.79853
-70.87419
-73.24949
-76.58026
-76.00815
-80.72773
-77.71887
-110.61325
-66.60326
-58.72582
-59.38497
-62.27428
-62.72418
-60.17359
-62.22061
-63.72208
-64.33032
-65.12841
-66.12481
-66.98897
-67.64854
-69.26847
-69.58818
-71.81769
-72.53098
-75.61070
-74.82200
-78.98668
-76.82930
-86.09934
-69.82919
-64.79620
-65.09071
-60.45763
-60.10419
-60.66483
-61.94542
-63.51139
-63.42178
-63.69156
-63.71757
-64.14273
-64.59331
-65.28518
-66.36096
-66.98266
-68.04777
-68.65410
-70.03167
-70.21505
-72.29793
-71.68844
-75.25048
-70.76755
-61.41329
-61.27172
-61.09134
-58.79417
-58.25838
-59.71189
-61.63046
-62.11627
-63.22360
-64.48310
-65.43667
-66.15652
-67.25906
-68.27858
-69.05144
-70.47944
-71.24383
-73.01708
-73.02126
-76.02514
-74.72928
-80.46854
-76.03157
-91.73076
-64.39666
-59.13842
-61.34903
-56.49380
-57.80243
-59.69372
-60.01112
-60.88450
-61.69359
-62.70898
-63.28811
-65.43013
-68.34060
-70.23049
-68.95316
-69.64291
-72.18594
-73.57075
-73.63551
-76.13027
-77.65835
-80.02385
-79.05406
-76.39718
-75.43190
-76.39180
-61.86690
-59.38670
-60.56467
-59.83018
-60.53329
-60.45788
-60.99457
-61.73093
-62.29345
-62.37975
-63.03001
-63.91765
-64.72398
-65.14376
-64.00946
-65.77654
-60.42908
-59.04175
-60.19407
-59.32703
-60.64727
-60.41702
-61.46766
-62.40838
-64.10705
-63.87224
-65.45403
-65.04122
-65.45994
-67.06629
-67.35559
-67.13729
-70.46399
-65.01590
-56.94643
-57.72822
-57.90287
-55.13000
-54.99817
-57.43747
-57.68764
-58.72263
-58.96347
-58.28526
-59.81679
-57.47863
-57.54683
-58.53189
-58.28200
-59.06684
-59.96935
-60.96744
-61.50123
-62.80677
-62.75816
-65.00938
-62.47442
-61.76433
-63.39016
-62.58729
-63.26742
-58.49757
-58.56217
-59.08380
-59.28429
-57.07013
-55.92080
-57.40575
-57.20948
-57.89757
-58.07480
-59.38927
-60.01247
-61.30781
-61.23398
-61.64837
-62.13511
-63.78381
-64.15034
-64.57281
-65.47298
-65.81016
-66.66435
-67.63757
-71.71932
-71.85626
-74.36787
-70.80517
-70.06451
-63.93152
-62.14462
-63.62252
-63.95591
-64.31342
-62.92914
-62.91060
-64.05876
-63.91023
-64.50993
-63.95822
-65.52858
-65.51923
-67.31811
-67.31194
-68.58385
-67.20243
-57.78523
-56.36234
-55.62161
-56.13294
-57.35672
-58.23166
-59.10129
-59.49146
-60.03528
-60.70950
-62.02440
-66.93986
-67.68872
-64.19076
-68.38610
-65.47197
-61.50397
-62.52167
-61.39921
-59.78762
-59.93502
-58.61893
-59.11269
-58.71530
-60.39540
-56.82522
-55.14519
-57.00191
-56.68241
-57.18004
-57.52282
-58.74971
-58.98767
-59.53298
-60.36306
-61.20423
-62.04117
-63.48008
-64.25522
-64.73216
-65.51219
-65.87752
-67.10706
-67.61697
-68.26623
-68.65014
-70.15348
-70.28413
-67.59817
-68.77791
-69.94190
-69.62724
-70.05656
-70.64176
-71.76255
-71.60879
-72.58092
-73.18854
-74.09746
-74.49926
-75.98021
-76.06193
-76.92221
-77.28537
-77.99156
-79.15505
-79.14758
-79.64524
-79.96568
-81.85735
-79.56203
-79.07932
-80.88471
-80.89349
-80.98527
-81.44906
-82.30337
-82.78891
-82.98770
-83.93445
-84.62317
-85.21577
-86.04500
-87.00223
-87.28033
-88.11477
-88.25297
-89.58480
-90.08098
-90.08184
-90.85729
-91.18328
-89.77272
-89.46583
-90.95648
-92.01458
-91.96729
-92.02014
-92.84012
-93.59563
-93.90601
-94.45850
-95.47105
-95.37350
-96.50826
-97.69610
-98.27107
-98.86661
-99.36165
-100.02308
-101.21301
-101.15432
-101.59983
-102.32089
-101.86157
-100.42174
-101.08691
-102.71881
-103.06582
-102.87411
-103.44727
-104.45443
-104.83152
-105.20054
-106.06818
-106.37855
-106.74807
-108.35561
-109.19308
-109.67087
-110.25810
-110.74359
-111.76243
-112.48234
-112.21923
-113.15506
-113.40171
-112.02093
-111.64413
-113.18432
-114.03379
-114.11976
-114.30445
-115.18559
-115.97924
-116.11813
-116.68885
-117.55559
-117.51464
-118.62637
-120.13637
-120.52464
-121.11868
-121.47971
-122.32763
-123.39071
-123.42761
-123.63122
-124.54630
-123.89155
-122.60271
-123.20259
-125.05810
-125.32203
-125.08005
-125.68614
-126.72975
-127.08852
-127.42969
-128.10288
-128.42078
-128.75098
-130.43663
-131.47667
-131.60309
-132.23969
-132.50709
-133.95480
-134.42596
-134.28974
-135.76148
-136.45449
-134.21729
-133.63701
-136.37414
-138.77739
-138.59373
-138.34799
-140.46445
-142.01870
-142.62062
-147.56295
-150.92798
-148.28663
-155.27336
-170.10836
-179.25580
-184.18798
-185.89497
-187.37876
-188.65552
-189.82645
-190.94752
-192.05827
-193.18892
-194.36640
-195.61608
-196.96597
-198.44817
-200.10521
-201.99565
-204.21156
-206.91011
-210.41126
