-85.29807
-75.07578
-73.62723
-69.33452
-71.02248
-73.54765
-75.24780
-75.66547
-76.15216
-76.12306
-77.12594
-78.07654
-78.84560
-79.47083
-79.74776
-80.78148
-80.65862
-82.18431
-81.05540
-84.54763
-74.15104
-70.96733
-69.22202
-68.54120
-68.33443
-68.91079
-70.35596
-70.90372
-72.36409
-73.18253
-74.67216
-75.65569
-77.70459
-78.67311
-80.42642
-80.68953
-82.22867
-82.38768
-83.96889
-83.38967
-70.28077
-65.70197
-65.38041
-65.32162
-66.27912
-66.13097
-67.47361
-69.42682
-70.96313
-72.69816
-74.20192
-75.39210
-76.80851
-77.68762
-78.31899
-79.40623
-80.72930
-82.94209
-83.45548
-86.73253
-76.72323
-76.63307
-68.50463
-66.55172
-66.92481
-66.54757
-67.47487
-68.22526
-70.43991
-71.56842
-74.23968
-75.46433
-78.46413
-80.58743
-83.81400
-84.84147
-88.19370
-89.01010
-92.60028
-94.28006
-77.43775
-74.35781
-78.72602
-78.83342
-79.42216
-77.57273
-80.45114
-78.49539
-85.25646
-74.48958
-66.59704
-66.39536
-66.88581
-67.48697
-67.87917
-70.44384
-71.74748
-74.29010
-76.46180
-81.71485
-75.05321
-71.42980
-68.20184
-67.10222
-67.77769
-67.40939
-68.25673
-68.98279
-70.61210
-71.98893
-72.10934
-69.13673
-69.02678
-68.94365
-69.91338
-71.34826
-71.71042
-73.65382
-73.48172
-76.58468
-75.04952
-75.39299
-70.96877
-64.96699
-64.66478
-65.15684
-65.72870
-66.21120
-68.44355
-70.15543
-71.85804
-74.76827
-76.80841
-78.40954
-79.01744
-80.10846
-80.77397
-81.39333
-82.56484
-81.98906
-85.19045
-77.31073
-71.41876
-75.29318
-78.79253
-80.22135
-79.69441
-79.13183
-80.12020
-80.13913
-80.71869
-81.00631
-82.09504
-82.68086
-83.04320
-83.86380
-83.44187
-84.85316
-84.02624
-87.21478
-83.53450
-93.22719
-72.88028
-68.42626
-71.15114
-71.92788
-73.16410
-71.75174
-72.66565
-73.18872
-74.90781
-75.58768
-75.99727
-76.45336
-77.86974
-78.63489
-79.54761
-79.67934
-81.61823
-81.28402
-84.46838
-82.51120
-91.08584
-74.59726
-70.66919
-73.85375
-68.84766
-69.86562
-72.76346
-76.14839
-76.94662
-76.80663
-77.02338
-78.02134
-79.77926
-80.69974
-81.69517
-82.20644
-82.39226
-83.58427
-83.50875
-85.53593
-83.62351
-88.66730
-79.04713
-74.89409
-72.50163
-68.39537
-69.44760
-70.15309
-72.08086
-71.37830
-70.81686
-72.00926
-72.95022
-74.87963
-76.00194
-77.08013
-78.09932
-78.83556
-80.11567
-80.22524
-81.86641
-80.89605
-83.99202
-80.45497
-78.58826
-70.14076
-64.78082
-64.72591
-64.43021
-65.78109
-66.83912
-68.00329
-69.00034
-70.22778
-71.73788
-72.80076
-75.41210
-76.21537
-78.40972
-78.93676
-81.37915
-81.17366
-84.91605
-83.81062
-90.12407
-77.56921
-73.19856
-78.62809
-67.00271
-65.02822
-65.53887
-65.13321
-65.97724
-66.68556
-68.79998
-69.92262
-72.45425
-73.67404
-76.59109
-78.62448
-81.93109
-82.83181
-86.58921
-87.03019
-92.37699
-90.62530
-106.36810
-83.69137
-75.57220
-77.47359
-76.02181
-75.48389
-75.80856
-77.06944
-77.61572
-78.46608
-79.50426
-80.94864
-81.23555
-82.77664
-83.33227
-84.94949
-85.16031
-87.22709
-86.71798
-89.56939
-88.28716
-92.12796
-88.85757
-99.18217
-83.29062
-73.41601
-73.96029
-72.03281
-71.96543
-71.75407
-72.19502
-73.22374
-73.64540
-74.73495
-75.21759
-76.35764
-76.82069
-77.95465
-78.09257
-79.13798
-79.30313
-80.11069
-80.37949
-81.14377
-81.88519
-82.50729
-83.50032
-84.62307
-89.22859
-76.76214
-75.74188
-73.23850
-70.29604
-71.64334
-71.82873
-73.84573
-73.03122
-73.33028
-74.58673
-75.70462
-77.48209
-79.06441
-80.93465
-82.03835
-84.09351
-84.59485
-84.76753
-85.51202
-86.48787
-86.50727
-88.51522
-89.83289
-88.25430
-91.69634
-84.44422
-73.58131
-75.75596
-74.99666
-70.15758
-69.84428
-69.34708
-70.82523
-71.90712
-72.88054
-73.83308
-75.37770
-76.85544
-77.94978
-79.41909
-78.40296
-78.91820
-78.70634
-80.00080
-80.70666
-82.18337
-82.51549
-84.34484
-82.90035
-83.91011
-84.69926
-82.68830
-80.02467
-72.10150
-71.74317
-72.83163
-70.61109
-70.25995
-71.04918
-72.21691
-72.88857
-72.58234
-73.02854
-73.91072
-75.63546
-77.96522
-78.24281
-79.70115
-80.17794
-81.03431
-81.58458
-82.36284
-82.18946
-82.23029
-83.14385
-81.54991
-79.83549
-80.91106
-81.32791
-80.68614
-81.31420
-73.58073
-72.44649
-74.40499
-77.83467
-79.13680
-77.30765
-76.97481
-81.22132
-76.00015
-75.41682
-78.43809
-74.52757
-96.94076
-75.40948
-78.12103
-79.56121
-74.54930
-93.15702
-76.95706
-76.95623
-88.37514
-86.33886
-86.40373
-73.92290
-80.24403
-88.02844
-74.35516
-83.42848
-76.17957
-77.51029
-76.72664
-78.86898
-74.99553
-88.75846
-87.55086
-75.86185
-81.53001
-76.10214
-78.55555
-74.89372
-82.02651
-75.46298
-74.62086
-76.51467
-75.08002
-75.05586
-77.98902
-76.25931
-75.73558
-74.33956
-75.36686
-95.62396
-87.43427
-103.84559
-91.04303
-100.96160
-89.14786
-123.62360
-92.53699
-96.41245
-82.84267
-65.90058
-67.11670
-69.74298
-70.74744
-71.23121
-69.63859
-70.01236
-72.61482
-74.87301
-76.20374
-74.88611
-69.73631
-70.58615
-72.64869
-72.39538
-74.73773
-68.91199
-66.05069
-68.29174
-69.46779
-70.62596
-69.86627
-68.07599
-69.59211
-74.05708
-75.60569
-76.90000
-73.15240
-69.25258
-70.80276
-72.07318
-72.51487
-73.93416
-66.85793
-64.98964
-65.39056
-65.60971
-67.41674
-68.51953
-69.28479
-69.88429
-71.68767
-72.29690
-75.51004
-69.67757
-67.86888
-69.31425
-69.43944
-70.21639
-70.66968
-71.75504
-71.71387
-73.02711
-73.44458
-75.22393
-72.22283
-70.53455
-72.92062
-69.96542
-69.65230
-70.86994
-69.10162
-69.30738
-70.27793
-70.21780
-71.83559
-67.70986
-65.05152
-68.08918
-69.37830
-70.13867
-69.58852
-67.40665
-69.49762
-73.27099
-74.59959
-75.76007
-71.87993
-69.26641
-71.04056
-71.98200
-74.76661
-74.63156
-67.42426
-67.41600
-70.95117
-71.74653
-73.03323
-68.89665
-65.47686
-67.68264
-70.49471
-71.66526
-72.26577
-69.37998
-68.53252
-71.18580
-71.78735
-73.92557
-70.89397
-65.14784
-66.42724
-67.40827
-67.87083
-68.92807
-69.41609
-69.42946
-71.25706
-72.72805
-73.69935
-73.27045
-68.07046
-68.05935
-67.75506
-68.89093
-70.09932
-71.26794
-72.13761
-72.84698
-74.74091
-75.13200
-78.34117
-64.63347
-62.06429
-63.56521
-63.61176
-65.48393
-66.13167
-67.00464
-68.28425
-69.81429
-70.23025
-72.35826
-65.64330
-64.08979
-67.04635
-67.55472
-68.91652
-68.41439
-68.65009
-70.25359
-72.82932
-73.80440
-76.86367
-69.42941
-63.96176
-65.87198
-67.47488
-68.11404
-69.37300
-68.52125
-68.52555
-68.61564
-67.77323
-71.10160
-69.31935
-63.42427
-63.31106
-66.12012
-68.37086
-68.79031
-69.69569
-68.58645
-69.51076
-68.92014
-72.13407
-69.91198
-66.88632
-67.16142
-67.45960
-69.28027
-69.55778
-71.19140
-70.73742
-72.64562
-73.10374
-75.25830
-73.64456
-66.35611
-63.64546
-64.91492
-67.20759
-71.34668
-73.30427
-71.99575
-74.35412
-75.32531
-76.91364
-78.02600
-65.27586
-62.24567
-63.85400
-63.85777
-65.06098
-68.17770
-70.84817
-71.61898
-72.57291
-73.53147
-72.96323
-67.90034
-68.63839
-70.19649
-69.93782
-71.58164
-69.60066
-71.69764
-75.40624
-78.74755
-78.14737
-78.72922
-67.31385
-62.49653
-65.87367
-67.14165
-69.49491
-70.99236
-68.71971
-68.59927
-71.38525
-70.77936
-71.29331
-62.90666
-59.84156
-61.49551
-62.45824
-64.72687
-64.62500
-66.59022
-66.71983
-67.70999
-69.03863
-74.58520
-68.84240
-67.06880
-69.76671
-69.98823
-70.82162
-70.63646
-71.21564
-70.50816
-72.70981
-72.25630
-73.98846
-68.98808
-65.82196
-65.09284
-66.09547
-67.64344
-69.27168
-71.15941
-71.47487
-72.49825
-72.60250
-75.38202
-70.24925
-63.14079
-62.35806
-63.56817
-64.16041
-65.81482
-66.59968
-67.86705
-69.19816
-70.50486
-72.39425
-70.74958
-64.84117
-64.00385
-67.50377
-69.23375
-70.96862
-70.96788
-71.37373
-73.90112
-76.00678
-77.06770
-75.87698
-67.00336
-65.40618
-67.89517
-69.06636
-71.72666
-70.19808
-69.00078
-69.32421
-71.82366
-72.63616
-69.91368
-64.25315
-63.07574
-62.99846
-63.44545
-67.99816
-70.74270
-68.30223
-67.50653
-69.28423
-71.10354
-69.87972
-67.21736
-67.06537
-68.04111
-69.07254
-68.80448
-70.02069
-70.16934
-71.18235
-71.62599
-72.59184
-74.22984
-67.90240
-64.41785
-64.39677
-66.20763
-70.87726
-72.19114
-73.77658
-72.66392
-76.97907
-76.71213
-80.76874
-69.00631
-60.44655
-62.28882
-64.57839
-66.60667
-68.21796
-69.47598
-71.50561
-72.76663
-72.32573
-73.79871
-68.65096
-67.24154
-71.16294
-69.66532
-70.39603
-69.64592
-69.74491
-70.42936
-71.76481
-72.71968
-74.09081
-71.06944
-66.40626
-65.11519
-65.45977
-69.55619
-70.38583
-68.91214
-68.31504
-68.83060
-70.09948
-72.21232
-69.71738
-61.08445
-59.68725
-61.22853
-63.75067
-64.14790
-63.76918
-65.62485
-67.74960
-69.15311
-70.51838
-67.73594
-64.53531
-64.56584
-65.15268
-67.81754
-66.80425
-66.62405
-67.10144
-68.75542
-69.49094
-71.21994
-70.27120
-66.51963
-66.03630
-65.86361
-67.01247
-67.82807
-69.93555
-69.55823
-69.20885
-68.43901
-70.46385
-71.56634
-63.41614
-61.03567
-62.26572
-63.99180
-64.61822
-64.97321
-65.80367
-67.73214
-68.73720
-72.97669
-67.39676
-60.81995
-62.28509
-63.90060
-63.71392
-63.61842
-63.62806
-64.46270
-65.19147
-65.25536
-65.13421
-65.71647
-63.36360
-65.50940
-69.58966
-72.05368
-72.94681
-74.44596
-76.49710
-77.96830
-81.73136
-80.03656
-84.43580
-59.03679
-57.09681
-60.34177
-61.83192
-66.19752
-69.46102
-75.72678
-73.90301
-77.66830
-73.77936
-94.68149
-68.31129
-60.47142
-60.19392
-60.59159
-61.62577
-61.31596
-61.90678
-62.40201
-62.61941
-62.85586
-63.03403
-64.00490
-62.41440
-61.50774
-62.21413
-63.34643
-62.61156
-62.98838
-65.11719
-61.37282
-60.09939
-60.55909
-60.51280
-59.76383
-60.14850
-61.27180
-62.16270
-62.50668
-63.13890
-64.06960
-63.59586
-63.50585
-63.79046
-61.51311
-59.11021
-59.41853
-59.92319
-60.30142
-61.24891
-62.88690
-62.41611
-62.64039
-61.82196
-61.24647
-61.86568
-60.53416
-60.69557
-60.31918
-61.40054
-63.35238
-63.23818
-62.26554
-61.05561
-62.92643
-63.92807
-63.09999
-61.46041
-61.40366
-62.71215
-61.68013
-61.41006
-60.89208
-61.63893
-61.83180
-61.31955
-61.74461
-61.74782
-62.39281
-62.02452
-62.01393
-62.20704
-62.15736
-62.53004
-62.95205
-62.15840
-61.21485
-62.04282
-62.30601
-62.35320
-62.49377
-62.19967
-62.36494
-62.71565
-62.91078
-63.58446
-62.32605
-61.83745
-62.62285
-62.45313
-60.87668
-57.59643
-57.30166
-58.94336
-60.54868
-62.24715
-64.23710
-65.53297
-67.45840
-69.37689
-70.81825
-70.00654
-61.53842
-60.95239
-62.67030
-63.14531
-64.35794
-64.03490
-64.47587
-64.67963
-64.98309
-64.92699
-65.13200
-63.18246
-62.70511
-61.84715
-63.56073
-67.54228
-72.14879
-73.87759
-75.65086
-75.08209
-85.13491
-71.27006
-58.91407
-58.89598
-60.86121
-64.75822
-67.89218
-70.91701
-72.71928
-74.24183
-73.34707
-75.27109
-72.14712
-61.08585
-61.00803
-61.37960
-61.78085
-62.03099
-61.98735
-62.01499
-62.36413
-62.51528
-62.53163
-62.80177
-62.76432
-63.11044
-61.82217
-62.12374
-63.05019
-63.07912
-62.13560
-64.62947
-62.78109
-59.84323
-60.03112
-59.68167
-59.61677
-60.44534
-61.32606
-61.57340
-62.03091
-62.21207
-63.14817
-61.80855
-61.39079
-62.52976
-61.60513
-61.24641
-61.58844
-62.35316
-62.47392
-61.90654
-62.13769
-62.69152
-63.10505
-62.89345
-62.65736
-60.68388
-60.02272
-60.83448
-60.37837
-61.94867
-62.76523
-63.19306
-63.84918
-63.18434
-63.06184
-63.28702
-61.43901
-59.79750
-59.49986
-59.48342
-60.45189
-60.27807
-63.03599
-65.05882
-67.53519
-65.68149
-59.28338
-58.44386
-58.25874
-59.66664
-60.86507
-61.80104
-63.00459
-61.62287
-63.14187
-63.61230
-62.89007
-62.15771
-60.19392
-60.35340
-60.63361
-60.31584
-60.84002
-60.80576
-62.32340
-63.54892
-63.22423
-61.94925
-61.88304
-62.07760
-59.36971
-59.22653
-59.61541
-60.31265
-61.66071
-61.45224
-61.08890
-61.54616
-63.31947
-63.24698
-62.37539
-62.26123
-62.88368
-63.96562
-64.24788
-63.74079
-62.81387
-62.68994
-63.07302
-64.32593
-65.19776
-65.44255
-62.90084
-62.10479
-65.22508
-69.79231
-73.58406
-76.12034
-77.67707
-79.78241
-82.59407
-80.76290
-86.65610
-60.86946
-58.27206
-60.66675
-62.25188
-66.86326
-70.43371
-74.93569
-73.91767
-76.24364
-77.97549
-80.54673
-62.68947
-60.18180
-61.14647
-61.00172
-61.80631
-62.25506
-63.06798
-62.80108
-63.17158
-63.01384
-63.22289
-61.82611
-61.38453
-61.52851
-62.45027
-62.35757
-62.31492
-62.64076
-62.59112
-63.14015
-62.77160
-62.87816
-62.97403
-61.52496
-61.24967
-62.01915
-61.85277
-62.63679
-62.92974
-63.48822
-63.35140
-63.78208
-63.55028
-60.03026
-58.97424
-59.66523
-60.03259
-60.24170
-60.91676
-62.54533
-62.98773
-62.27887
-62.47813
-63.36736
-62.75472
-61.04139
-61.27313
-61.96199
-63.08262
-63.11054
-62.54637
-60.78108
-61.35170
-63.64183
-63.11529
-61.97352
-60.03165
-61.86898
-62.26614
-61.44694
-61.29917
-61.65636
-62.63637
-62.33845
-61.41551
-61.57410
-62.69478
-61.32765
-62.04219
-62.82881
-62.85253
-63.67713
-63.92165
-64.61046
-64.80431
-64.68117
-64.77489
-65.10419
-64.96725
-64.87707
-64.61027
-65.71583
-68.13870
-70.69068
-72.72602
-74.28072
-75.09745
-76.52782
-70.10713
-60.84099
-58.59491
-59.19420
-61.41488
-62.87964
-64.34616
-65.42800
-68.25702
-71.11275
-72.58174
-70.66498
-60.60230
-60.60072
-61.62358
-61.73310
-62.65377
-62.50360
-63.69596
-63.05353
-62.60889
-62.21566
-62.35699
-61.44320
-60.86992
-60.79371
-61.36693
-62.13933
-61.98414
-61.96435
-61.75655
-62.60120
-61.83351
-61.16359
-59.89039
-59.14115
-59.66288
-61.38833
-64.67430
-67.49145
-71.08201
-73.40994
-73.79526
-63.31571
-60.45832
-61.14903
-61.65196
-62.24583
-62.65682
-63.24036
-62.38594
-62.98723
-62.36858
-63.01530
-62.61703
-62.53782
-62.89751
-62.27883
-62.35278
-62.26647
-63.93017
-66.66833
-69.85308
-71.92698
-78.28938
-74.75537
-109.65797
-63.29484
-57.79946
-60.36378
-61.60565
-63.35919
-64.30223
-67.16060
-69.16029
-70.90636
-71.78994
-75.92942
-64.17145
-60.74327
-61.75401
-62.02788
-63.53555
-64.83267
-64.68579
-64.45781
-64.33955
-64.19033
-65.16459
-64.50574
-62.75351
-63.49672
-64.33235
-62.88261
-63.69999
-63.60514
-63.94696
-63.80910
-64.08230
-64.19763
-64.49255
-62.69806
-62.80392
-63.93420
-64.24961
-65.00924
-64.57413
-65.22553
-64.27683
-63.51064
-62.61727
-63.58383
-63.37747
-62.42131
-62.91003
-63.84193
-64.23309
-63.74681
-64.02276
-64.35418
-64.80264
-65.70266
-66.48970
-66.21425
-65.71986
-66.11438
-67.04379
-66.95639
-65.76199
-66.06885
-66.58117
-66.93511
-66.73006
-66.68178
-65.16931
-63.92197
-65.12378
-64.58099
-65.36795
-65.50645
-65.16128
-67.24369
-72.98772
-76.10143
-75.88328
-72.44054
-68.59272
-72.40057
-73.02133
-74.68001
-74.13933
-74.41115
-74.44671
-75.83352
-75.14122
-78.23831
-71.49078
-66.21150
-67.59357
-66.95108
-68.15003
-67.68289
-69.00749
-68.96187
-72.13471
-70.16680
-75.32003
-64.01557
-58.53614
-61.44242
-61.54894
-62.92548
-63.47234
-64.11772
-64.42852
-66.06676
-66.23922
-66.88725
-66.43870
-61.45177
-61.79042
-63.33448
-63.42562
-63.13727
-63.67166
-64.71952
-65.95006
-68.43412
-70.76502
-71.26334
-64.47850
-65.10449
-66.31896
-65.95513
-66.30396
-63.13860
-62.80409
-63.40876
-65.57518
-65.66427
-67.01070
-59.96978
-57.93221
-61.52629
-63.02841
-64.28353
-65.06842
-66.32563
-67.41674
-69.24818
-71.22542
-75.29440
-71.02391
-71.61572
-77.22884
-76.02179
-78.72398
-77.18678
-78.36497
-78.25032
-79.27626
-80.10636
-77.89336
-68.57462
-64.26920
-63.77924
-63.27501
-64.69753
-65.11240
-65.58508
-65.31625
-65.97314
-65.47005
-67.49908
-61.85678
-59.46570
-63.61903
-64.76458
-66.06263
-66.63198
-68.82899
-69.52609
-71.25666
-72.36139
-77.41074
-66.10735
-62.47201
-62.39032
-62.21983
-63.73323
-64.02747
-66.15547
-65.60530
-66.40772
-66.57203
-67.70476
-65.47710
-65.10494
-65.85846
-65.32560
-65.68992
-66.09978
-65.60833
-66.55126
-67.96198
-68.41676
-69.82632
-64.08358
-63.41143
-63.31802
-63.68406
-65.84458
-66.33115
-68.79241
-69.91553
-71.64805
-71.02474
-72.45568
-71.89283
-68.58493
-71.98819
-73.69924
-73.32948
-73.55012
-73.84763
-74.36667
-74.48712
-76.17197
-77.14169
-73.38558
-65.82306
-64.50835
-64.73196
-65.37451
-66.31536
-67.25314
-66.49372
-68.23801
-68.41042
-68.54215
-70.01708
-59.35403
-59.17714
-62.56598
-63.24621
-64.63729
-64.76615
-66.83700
-68.54731
-69.36725
-70.76443
-72.38805
-66.00449
-65.22921
-65.65878
-65.97750
-66.52879
-67.76796
-68.99171
-69.95915
-71.77577
-72.48098
-71.63500
-64.07118
-64.53985
-64.82819
-64.68803
-66.57482
-64.78967
-65.14895
-66.02912
-68.52987
-67.51297
-71.25704
-61.93496
-58.69077
-62.49164
-63.66196
-65.37475
-65.53464
-66.21356
-67.04733
-67.91350
-68.62675
-68.10977
-62.54111
-61.69714
-61.48155
-61.63167
-63.98399
-64.37922
-64.72214
-64.15225
-65.46691
-66.15073
-68.78835
-68.33144
-64.78143
-63.39622
-63.28268
-65.74505
-67.52710
-64.66923
-65.14996
-68.25602
-68.94939
-70.82130
-64.84225
-59.03448
-59.09283
-60.12755
-61.74294
-62.20983
-58.99237
-57.82909
-59.26204
-62.50063
-67.21602
-64.45111
-56.19403
-54.75242
-56.00662
-57.05025
-57.86611
-58.61343
-59.46792
-60.14774
-60.85206
-60.87377
-63.20976
-58.51491
-56.46473
-57.85670
-56.98725
-56.70779
-57.55474
-58.22077
-58.13784
-58.26262
-62.38802
-62.94911
-59.53579
-59.09594
-58.37947
-59.16518
-59.90852
-61.16203
-60.38492
-60.44887
-61.79572
-62.47291
-63.92365
-65.04741
-61.98714
-61.00677
-66.55281
-70.01144
-72.65120
-71.04555
-73.28260
-73.56396
-74.10901
-74.71346
-62.81581
-59.12050
-58.47255
-59.27566
-60.78683
-61.92947
-61.77840
-62.99139
-63.72406
-61.92657
-62.22113
-59.53887
-58.89167
-59.06217
-59.46268
-61.71365
-64.23511
-64.98148
-65.06538
-67.39944
-67.50579
-71.20930
-61.85183
-57.43414
-57.17352
-56.71469
-56.99733
-57.23171
-58.46585
-59.20671
-59.18822
-59.01547
-59.23524
-59.86553
-60.03749
-59.45108
-59.38621
-59.37867
-60.47511
-61.57376
-60.05547
-59.73746
-60.53513
-63.28785
-58.83472
-56.23376
-57.94629
-58.79269
-59.71823
-59.76368
-60.41967
-61.08649
-61.26873
-61.58956
-61.89937
-61.26391
-60.10688
-59.09372
-59.32511
-60.33404
-60.25284
-60.53149
-60.78646
-60.69236
-60.75364
-60.53711
-61.44669
-61.50671
-60.88569
-61.81270
-63.80287
-64.20473
-66.02627
-67.78206
-68.85985
-68.18757
-72.62811
-64.78939
-56.64373
-57.22738
-57.76681
-59.82423
-62.45926
-65.20740
-66.35772
-68.06212
-69.49029
-71.40541
-70.11972
-60.91739
-59.11652
-58.14477
-59.53819
-59.82573
-60.58963
-61.66308
-61.69508
-61.85848
-61.90377
-61.50702
-61.44860
-61.03386
-59.86823
-61.22609
-62.91677
-63.28040
-62.31351
-62.84437
-62.45254
-62.64597
-63.20767
-61.41496
-61.60187
-62.81273
-64.01574
-65.71904
-66.59796
-62.00057
-57.94585
-59.01858
-60.13138
-61.38688
-62.58070
-59.87224
-59.26894
-60.19558
-60.50490
-60.07772
-61.13458
-62.34121
-62.37444
-62.44431
-62.11327
-62.14614
-61.57377
-61.78063
-64.08295
-66.58846
-67.47229
-67.96544
-67.44559
-69.53773
-67.59664
-70.49896
-62.87139
-56.66945
-57.32363
-58.79437
-59.93803
-59.87020
-61.90195
-63.80538
-65.38316
-65.55424
-67.36896
-63.25994
-59.05102
-58.75233
-59.05513
-60.38075
-60.64882
-62.77238
-63.71809
-63.65958
-63.92114
-64.40412
-64.43729
-62.70541
-62.44521
-62.73408
-62.02431
-62.27224
-63.43571
-62.09742
-62.27001
-62.66849
-62.22937
-63.12493
-58.78060
-58.44442
-60.18655
-60.44796
-62.54222
-64.11669
-66.42176
-67.19179
-68.71042
-71.29020
-73.98127
-64.17451
-60.35214
-61.41184
-61.10075
-59.83748
-59.30058
-60.19359
-60.93356
-62.21522
-62.22209
-63.03522
-65.84944
-62.50230
-59.93499
-61.01577
-62.06497
-62.99043
-63.76630
-62.53036
-62.84306
-63.48882
-63.63733
-61.94152
-61.63278
-61.89017
-62.42109
-63.32368
-63.77349
-62.93708
-62.80037
-60.73551
-57.99023
-59.34359
-58.42721
-58.65068
-59.90200
-59.61563
-60.13747
-62.54585
-67.74352
-70.70585
-73.34942
-74.00518
-75.04382
-76.15165
-75.50657
-75.65363
-77.00536
-76.13586
-78.76301
-78.75592
-74.70382
-76.41217
-76.33206
-83.46240
-70.36197
-64.26675
-64.57808
-64.51147
-65.20017
-66.43338
-68.39729
-69.43390
-71.19369
-71.69826
-73.15577
-73.62987
-74.85435
-73.81660
-72.77931
-74.05357
-73.71568
-75.64616
-76.69793
-77.63550
-77.98170
-77.81441
-74.03233
-68.94886
-65.14305
-64.53704
-65.74309
-66.71665
-68.54914
-70.05141
-70.07486
-71.96798
-73.40830
-74.33269
-69.80209
-66.51513
-64.27969
-64.04109
-65.73187
-66.00637
-67.63085
-68.45912
-69.38156
-70.22098
-72.66233
-69.34163
-65.01110
-65.46784
-65.48977
-66.45449
-67.70605
-68.82591
-69.86669
-69.83556
-71.03993
-71.39910
-70.42464
-68.06118
-68.01215
-68.00062
-67.47666
-64.25467
-62.46456
-63.58438
-64.16359
-65.57722
-67.22499
-64.32221
-63.16499
-64.26437
-65.12959
-66.24168
-66.44289
-67.41714
-67.79369
-69.75424
-72.39600
-76.08564
-77.92242
-77.37931
-76.92012
-76.27718
-78.12002
-78.32304
-79.38403
-78.95893
-78.34368
-79.13216
-80.49658
-74.27874
-69.75100
-67.33647
-66.00824
-66.55494
-67.91419
-68.86037
-69.70630
-69.69054
-71.08757
-71.29143
-70.34052
-67.92871
-64.97073
-64.94547
-66.12779
-67.44515
-68.91257
-71.16785
-70.87275
-72.22207
-75.76522
-79.98924
-73.77739
-66.80034
-65.85986
-66.04600
-67.44558
-68.71445
-67.76550
-69.01937
-69.58022
-70.09415
-70.89260
-68.26784
-66.61596
-67.81800
-68.56328
-67.48197
-67.09860
-62.79257
-61.97993
-64.29348
-65.24419
-66.68664
-64.96356
-63.94551
-63.49955
-64.23914
-67.29625
-69.29899
-70.51862
-70.66477
-72.45409
-74.18285
-75.48868
-75.12975
-75.17127
-75.17859
-73.60258
-73.73576
-73.72834
-74.02989
-74.01148
-75.16376
-77.01399
-75.71354
-70.93593
-67.25569
-65.61222
-66.14172
-67.34985
-68.82543
-69.01983
-69.73223
-70.71808
-70.94469
-72.76769
-68.00197
-64.63214
-65.49206
-65.98332
-65.53048
-67.11535
-68.32671
-69.11204
-72.79232
-74.82060
-77.61742
-80.47852
-70.83127
-69.23804
-70.93512
-71.16487
-72.22477
-72.08051
-72.75225
-72.78310
-73.54732
-76.01265
-72.80231
-69.01483
-67.81387
-67.70199
-69.23456
-67.92050
-67.73571
-68.43677
-69.23908
-69.86479
-71.09010
-70.13055
-63.89428
-64.91705
-65.34476
-65.18800
-66.60067
-66.68209
-68.68913
-69.62031
-70.98250
-71.58206
-77.14696
-71.08142
-66.91161
-66.99947
-68.31914
-69.77932
-70.12735
-69.92107
-70.06189
-70.67239
-72.39415
-71.23971
-67.21728
-67.50436
-68.73204
-68.61314
-68.01866
-70.34440
-70.85482
-72.21788
-72.06142
-72.31804
-72.02366
-67.55354
-66.30285
-64.25813
-64.50521
-66.12833
-67.49038
-70.24966
-71.60364
-72.61650
-71.57408
-73.96078
-69.65676
-65.46804
-66.67792
-66.67261
-66.75607
-67.50246
-68.78894
-70.51382
-71.25108
-71.48101
-72.42691
-67.90361
-65.25831
-65.30095
-64.89515
-65.40822
-66.37419
-66.58021
-66.55757
-67.39226
-68.31184
-71.01375
-69.33975
-68.39533
-67.29533
-65.66880
-66.78588
-66.89564
-68.31620
-68.26529
-67.95581
-71.73480
-77.63969
-78.90915
-75.81259
-74.38690
-74.61016
-74.86819
-74.20926
-74.95252
-75.53436
-76.90979
-75.98820
-77.58238
-72.70839
-70.52414
-68.78586
-67.72110
-68.54282
-67.97655
-68.94658
-69.10582
-70.09589
-68.13253
-69.09913
-67.95174
-64.39442
-62.92367
-62.62103
-63.55074
-65.12092
-66.11419
-66.88364
-68.02335
-68.93253
-69.39253
-73.56760
-71.17108
-64.88722
-65.08986
-65.51436
-66.66967
-68.26274
-69.01702
-69.35837
-70.20545
-70.59870
-71.06217
-70.74574
-66.34354
-63.80928
-65.54433
-67.42876
-65.75685
-66.74684
-68.08273
-68.64412
-69.24340
-70.47443
-66.45847
-61.47384
-61.75499
-61.98004
-62.84195
-64.44159
-65.39830
-66.61795
-68.06760
-69.34805
-70.22785
-70.28117
-61.66293
-59.93472
-60.49120
-60.85491
-61.18612
-62.26817
-64.00715
-66.08804
-66.90242
-65.89572
-64.44042
-62.00323
-63.20128
-63.52202
-64.39333
-66.22536
-70.43885
-71.34636
-71.18936
-72.24653
-71.11756
-66.52622
-60.67851
-59.60101
-63.07576
-65.94697
-66.55897
-67.58601
-68.51850
-69.50214
-70.57395
-72.28629
-66.49421
-65.34982
-66.19912
-66.59177
-68.91847
-70.27018
-70.97414
-70.53507
-70.84560
-72.38458
-72.81434
-75.30125
-68.34190
-63.99140
-65.52667
-69.14529
-71.66533
-72.62435
-71.21252
-71.99642
-72.30600
-73.25828
-72.98240
-68.36265
-67.63057
-66.94588
-66.13189
-67.49538
-68.54398
-61.05322
-59.70773
-61.82295
-61.93588
-65.97604
-67.09903
-62.52256
-62.70729
-66.13221
-67.87358
-68.81754
-68.79245
-69.25219
-69.26688
-70.09050
-71.29940
-65.74932
-61.97501
-64.44603
-69.70952
-70.56543
-69.09894
-69.52588
-70.25036
-69.77277
-69.51205
-68.91590
-64.42228
-60.99338
-61.62978
-63.01421
-63.26540
-63.21759
-64.02996
-64.48397
-65.89107
-69.17776
-66.72190
-63.17346
-66.20921
-67.96263
-68.82774
-68.28152
-64.00631
-65.50739
-65.87759
-67.52431
-67.99861
-69.74297
-65.39691
-63.77732
-66.21387
-66.53855
-68.52211
-67.39421
-68.36205
-68.91860
-70.47592
-69.85973
-70.21488
-63.81738
-61.69247
-63.15133
-63.10771
-63.79236
-66.26754
-68.06282
-68.24394
-69.11711
-70.47610
-74.37572
-61.70864
-58.70866
-60.06549
-62.23279
-65.30386
-67.89304
-72.61215
-75.60700
-80.49759
-80.55810
-81.43930
-65.50010
-61.16535
-62.57841
-63.06565
-63.64103
-63.45966
-63.45378
-63.53837
-69.70059
-73.03590
-73.67684
-69.22496
-58.07699
-57.65424
-58.33641
-59.52935
-60.37720
-61.03204
-61.80500
-61.63880
-65.19491
-67.16131
-68.71346
-60.70545
-59.09835
-59.89079
-62.50775
-65.13331
-65.28757
-64.15495
-62.76044
-64.16010
-63.59416
-63.93683
-60.29004
-58.81829
-59.18070
-59.75084
-59.96626
-61.67948
-61.88789
-62.05195
-61.57607
-61.75118
-63.52774
-57.98628
-57.37557
-58.26988
-58.33430
-59.86176
-59.20443
-58.72655
-61.68730
-62.82614
-62.20266
-62.36379
-60.60932
-58.34388
-57.02663
-56.94634
-57.33884
-59.46993
-61.00152
-65.02123
-67.36342
-69.56689
-68.72796
-63.44048
-59.87767
-57.81736
-59.74044
-60.10540
-61.32620
-63.49066
-65.69670
-65.33183
-63.73589
-68.23849
-62.60307
-58.42448
-57.61022
-58.95272
-59.66232
-60.53884
-62.46144
-63.61137
-63.59600
-60.91424
-64.35906
-60.27111
-58.83470
-57.79200
-58.99754
-61.30313
-59.74227
-61.88499
-60.79077
-62.72114
-62.10496
-62.55933
-61.01220
-60.11479
-60.70651
-60.49511
-61.13728
-61.58587
-62.45978
-60.40589
-59.70671
-60.59153
-60.71166
-61.02830
-61.07390
-60.53623
-59.88086
-60.20207
-60.98707
-61.53596
-61.00515
-58.72942
-59.41630
-60.84454
-60.56777
-60.69693
-61.94856
-61.04049
-62.51170
-62.67776
-64.27274
-63.77987
-60.59916
-61.18583
-60.90850
-59.63220
-58.65182
-60.82731
-63.10058
-64.35630
-64.79612
-64.77945
-63.99300
-63.82003
-61.66410
-61.35244
-59.75804
-58.41010
-58.50678
-58.62622
-57.53678
-56.11244
-55.69938
-56.46077
-57.12505
-56.22783
-58.46836
-59.72718
-59.23061
-58.88864
-61.54403
-62.43891
-62.82259
-66.91951
-65.78193
-64.49365
-65.37057
-67.41289
-65.10412
-62.45899
-62.80030
-64.08248
-65.46171
-66.20921
-62.23344
-60.76014
-61.52728
-62.22107
-63.28746
-64.57184
-61.92210
-61.42768
-61.89427
-62.01095
-62.56867
-63.65699
-67.23444
-61.30132
-58.93009
-62.55568
-66.47278
-64.31535
-64.31094
-67.43583
-68.60108
-69.60596
-68.60437
-69.48874
-68.85501
-69.04955
-70.69710
-70.58538
-67.07181
-59.90553
-58.35865
-60.04901
-60.41193
-60.12736
-61.39699
-63.49835
-62.88077
-64.01829
-69.29921
-68.39311
-61.04111
-58.51941
-60.00276
-60.03666
-60.47249
-61.17223
-61.44073
-62.78684
-61.81985
-64.21316
-63.45507
-60.11002
-58.87416
-59.82053
-60.97501
-61.41798
-63.02154
-63.33594
-63.26596
-62.72015
-63.60714
-64.12460
-63.00554
-62.07456
-61.89008
-63.18728
-63.52881
-64.00160
-63.11888
-59.65452
-59.61180
-58.77058
-60.27249
-63.05527
-62.71965
-63.57854
-62.62062
-62.94721
-63.19301
-62.82643
-60.34515
-58.76185
-60.18994
-61.21844
-60.92545
-61.20823
-62.80659
-64.37961
-63.86989
-63.96538
-63.63591
-63.85433
-63.80971
-63.16740
-63.22835
-61.00129
-60.89488
-62.72279
-63.46413
-63.15685
-63.45823
-63.95220
-61.88954
-61.57183
-61.94964
-64.62911
-62.32649
-60.31898
-59.68980
-58.88264
-59.92995
-60.54513
-61.67012
-61.12487
-62.82331
-64.98476
-63.68304
-58.73231
-59.67964
-59.19324
-59.69819
-62.81601
-60.89671
-63.58569
-60.60403
-61.77196
-64.14066
-62.73903
-61.31174
-60.10781
-59.37050
-58.49276
-58.46089
-60.50607
-65.49847
-61.48962
-60.78113
-62.96839
-63.61909
-64.29794
-62.36418
-62.01149
-62.33151
-63.47281
-63.52885
-64.41584
-62.53921
-56.99003
-56.84527
-58.14709
-59.16775
-61.12810
-62.34132
-64.64072
-65.77138
-67.60333
-68.28926
-69.45772
-69.53899
-70.58511
-70.15096
-66.76123
-61.92847
-59.20947
-59.17543
-60.59474
-60.16625
-60.19036
-60.17701
-58.34310
-60.68290
-63.84058
-63.69220
-60.43008
-59.65053
-60.58022
-62.21252
-64.19401
-63.85504
-65.06961
-64.47399
-64.87656
-67.30025
-62.71407
-59.34032
-59.86826
-59.74742
-60.47103
-61.11776
-61.28336
-63.34292
-63.43071
-61.71898
-61.97371
-63.10728
-61.74366
-60.63182
-59.82731
-59.77481
-61.20091
-63.17417
-63.98598
-58.58681
-56.06931
-56.92685
-58.92347
-59.77181
-58.58927
-57.88836
-58.99061
-61.00754
-60.61153
-61.47868
-57.96200
-55.87319
-58.20313
-60.81162
-62.30268
-60.67400
-60.62837
-61.86607
-64.22134
-64.07750
-65.15606
-65.13593
-63.39098
-61.93009
-59.41992
-59.50741
-59.04151
-61.21721
-62.80422
-65.83379
-62.68546
-63.19190
-62.79445
-59.02641
-61.22346
-63.63772
-61.67885
-61.46809
-62.68113
-60.52185
-62.31259
-62.01682
-61.96198
-63.15068
-66.62846
-64.97281
-66.73524
-63.61534
-59.34323
-58.87024
-60.03647
-62.21147
-62.47652
-63.38433
-61.70002
-61.33089
-61.77110
-62.93418
-62.81553
-62.03893
-60.35550
-61.75188
-63.51349
-64.42163
-64.93913
-63.18026
-59.12874
-60.24400
-62.20553
-64.40070
-61.36705
-57.11012
-58.63488
-59.58125
-60.58865
-62.41116
-63.35932
-59.37464
-58.08270
-59.01172
-59.24400
-57.77029
-58.61974
-61.54181
-61.89056
-60.64589
-61.50422
-61.70242
-60.68383
-60.85374
-60.63762
-60.88506
-60.66983
-60.29186
-59.33327
-59.48230
-59.73745
-59.81120
-60.04493
-60.49233
-60.72875
-61.04445
-61.71174
-63.17771
-61.61915
-59.28086
-59.24783
-60.53090
-61.01644
-61.14630
-60.09821
-57.47725
-60.48518
-62.86105
-58.28386
-59.33519
-62.66528
-63.75039
-64.76816
-64.80936
-65.90890
-65.31728
-67.81029
-70.53927
-65.86953
-62.95499
-59.88606
-59.76067
-61.80627
-62.32023
-62.96262
-63.70950
-61.50662
-59.33267
-60.57933
-63.22978
-64.75880
-62.57937
-60.47672
-61.64406
-62.50458
-63.54231
-64.21986
-61.15735
-57.88477
-57.51751
-58.39357
-59.27959
-59.85620
-60.80768
-62.21351
-64.24431
-63.95633
-63.22696
-63.29606
-58.47639
-57.63938
-57.24718
-58.43399
-58.37517
-57.88712
-59.64133
-59.92291
-61.32622
-61.87413
-61.89408
-60.24729
-60.44514
-61.90622
-62.21893
-59.26922
-58.44782
-60.04752
-61.13430
-61.58764
-62.21100
-62.68256
-63.96580
-62.90807
-63.84252
-63.26949
-57.57924
-56.98599
-58.18185
-59.64758
-60.79233
-61.15214
-62.11368
-62.72410
-64.01345
-64.49608
-65.13729
-58.78797
-56.98362
-58.73554
-58.72695
-59.82997
-61.05953
-62.93193
-60.32891
-59.98174
-62.11044
-64.76922
-60.27087
-56.97631
-58.42930
-59.32893
-59.88084
-60.64347
-61.19737
-62.55374
-62.49443
-61.81846
-62.90266
-60.58191
-57.16540
-55.80784
-56.22525
-56.30310
-57.02346
-58.97033
-62.57148
-64.83276
-65.91934
-66.60927
-65.51016
-61.36610
-58.85672
-59.65367
-60.60956
-59.52097
-59.58985
-58.80407
-57.53670
-58.72190
-60.16782
-62.50215
-60.38978
-58.67755
-59.38127
-60.38334
-62.73287
-65.92247
-64.46735
-63.96330
-64.87739
-66.69507
-61.83325
-57.66643
-58.34599
-58.67547
-58.51642
-58.92034
-59.34728
-59.35403
-59.79595
-60.31195
-59.03834
-58.64303
-57.80970
-57.03572
-58.57822
-59.02036
-58.96421
-59.77323
-59.96711
-58.36741
-58.88165
-60.10891
-59.96777
-58.76203
-58.12740
-58.72552
-59.60430
-60.52003
-61.45160
-61.51480
-57.75171
-56.99757
-58.57046
-59.59995
-60.94904
-62.48427
-63.68353
-64.28686
-64.61818
-64.77025
-64.94614
-64.64102
-64.71391
-64.46924
-65.33332
-63.22081
-59.42758
-59.09288
-59.91492
-60.19092
-60.64862
-60.29885
-58.11114
-58.50915
-61.22392
-61.85949
-59.22267
-57.86668
-59.26946
-60.85748
-62.81610
-64.29766
-65.77504
-64.09843
-62.70487
-63.68521
-62.25334
-59.58902
-58.68671
-58.99198
-58.13777
-58.81072
-59.01600
-59.07522
-59.72736
-59.78630
-62.10215
-61.39827
-59.91516
-58.89379
-60.66113
-61.23542
-59.09132
-59.40248
-59.94416
-58.88962
-58.36474
-59.42993
-62.45720
-63.39319
-58.46020
-57.95904
-58.16143
-59.00536
-60.08539
-60.00320
-59.58479
-57.34547
-57.38905
-58.19609
-59.57797
-61.64290
-62.67377
-63.81561
-64.69690
-65.09555
-65.64443
-66.75090
-65.26559
-65.98132
-68.21457
-69.91604
-63.87896
-59.68189
-59.92489
-60.15524
-59.86824
-60.94470
-61.58153
-58.10398
-58.84636
-60.52063
-61.76350
-61.58025
-59.48158
-60.41187
-61.23017
-63.37017
-65.36399
-67.00085
-66.19239
-62.93984
-64.27854
-63.13062
-59.49816
-60.23221
-60.65991
-60.99747
-61.91073
-62.94051
-63.52786
-60.99922
-59.68796
-59.79242
-59.78346
-60.88491
-59.02533
-59.45884
-62.37029
-58.76451
-59.63262
-60.78781
-59.45951
-58.28396
-57.81922
-59.15471
-58.59225
-58.56213
-58.81397
-59.69699
-60.43985
-61.52040
-62.21434
-61.81778
-62.28038
-63.28251
-65.32613
-62.75602
-57.70442
-57.01900
-58.95513
-59.80565
-60.54359
-60.15658
-58.80521
-57.64418
-57.16171
-57.61823
-59.33214
-60.04383
-61.20213
-61.76394
-61.96169
-63.20810
-63.10606
-62.41191
-61.51515
-61.08428
-61.23556
-59.55704
-56.62931
-56.41284
-57.56194
-58.54808
-58.63684
-59.48199
-59.25557
-59.26266
-58.86408
-59.30527
-59.46304
-56.92718
-56.41093
-56.38505
-56.63669
-55.86952
-57.51577
-58.07814
-58.04174
-58.52263
-58.96011
-58.88518
-56.92834
-57.11616
-56.99831
-57.16398
-57.46697
-58.95820
-58.05119
-57.69696
-59.07620
-61.16617
-59.92773
-57.65366
-56.33228
-56.51359
-57.77968
-57.98036
-59.67654
-58.73373
-58.23817
-58.83949
-58.39088
-57.58741
-56.59441
-55.49796
-54.77671
-53.82788
-55.59495
-57.27161
-59.30478
-62.45056
-65.43010
-68.35020
-69.31042
-65.79840
-59.45344
-58.79075
-58.66970
-61.19226
-60.76036
-59.66108
-58.35262
-58.44903
-60.34678
-61.66799
-61.61914
-59.07117
-58.25139
-58.77694
-62.15804
-64.40784
-66.77314
-64.69311
-63.25620
-65.88596
-64.46306
-60.39184
-58.80411
-58.54392
-58.29388
-58.34198
-58.32863
-59.10912
-59.98033
-59.90162
-59.45499
-59.58727
-59.86698
-58.51890
-58.70653
-59.50681
-60.36540
-60.56440
-60.72052
-60.99766
-59.60136
-60.98096
-61.09505
-62.06752
-59.38060
-57.49592
-58.65098
-59.97989
-60.91108
-60.60101
-60.65960
-56.91921
-56.75278
-58.48266
-58.96418
-57.86833
-57.77517
-59.70400
-59.34526
-59.78001
-60.73008
-61.54617
-60.43396
-61.50318
-61.13967
-60.76340
-60.50315
-58.86087
-60.80130
-63.77274
-65.15636
-69.02530
-68.22237
-60.11644
-61.00589
-66.25065
-66.34793
-60.00868
-56.97386
-57.76877
-57.65683
-58.94370
-59.96911
-60.68577
-61.76346
-61.00300
-63.47313
-63.74518
-60.09566
-60.00399
-58.78147
-59.32577
-61.03342
-62.09253
-65.60083
-65.61011
-66.10989
-66.36101
-66.05179
-63.14097
-59.93209
-59.33381
-59.81577
-60.02512
-61.21640
-61.83680
-58.98119
-57.77756
-59.65173
-61.15448
-60.18133
-60.24868
-60.98495
-61.13089
-61.51930
-61.59968
-61.56187
-58.87174
-56.70878
-57.25644
-57.75871
-59.61927
-58.74851
-58.35691
-60.76673
-62.08643
-61.79051
-61.62672
-62.48490
-63.38533
-63.15581
-63.26664
-64.27789
-59.20424
-58.65402
-59.51044
-60.17011
-63.03666
-63.79304
-60.27583
-60.09333
-64.73999
-68.35430
-69.03129
-61.64354
-57.16748
-57.29761
-57.78376
-58.24871
-61.68105
-65.12681
-63.95939
-61.89852
-64.37087
-61.59848
-58.05606
-57.86744
-59.42595
-61.08567
-61.90692
-63.69924
-62.62184
-60.88256
-60.63501
-60.77719
-60.66512
-60.34016
-60.62570
-61.27247
-61.90126
-62.75075
-64.71766
-64.67770
-59.59193
-57.92484
-58.75260
-58.60962
-58.17314
-58.48469
-58.63681
-60.53622
-63.42673
-66.35666
-66.48363
-65.08386
-66.44964
-66.08731
-61.89954
-57.17626
-57.85338
-58.61112
-59.03072
-60.23238
-58.40714
-58.71541
-58.15030
-57.79469
-57.14734
-57.35537
-59.24682
-59.19741
-60.58251
-61.07204
-61.21141
-62.31113
-61.71577
-61.97927
-60.17101
-59.99565
-61.97910
-59.59119
-58.77984
-59.38326
-59.05054
-59.84941
-59.69996
-60.89410
-60.85222
-60.32866
-60.28938
-59.70560
-58.48261
-55.45784
-55.34517
-56.94346
-57.57544
-59.17598
-60.47865
-60.17640
-62.08152
-63.14924
-65.28437
-60.54532
-56.57946
-57.41651
-57.99556
-58.86597
-60.35142
-61.54603
-61.77664
-62.59919
-61.86104
-62.05856
-59.50769
-56.80231
-57.48261
-57.89329
-58.89557
-59.27757
-59.71445
-61.29152
-62.15766
-60.56357
-61.41638
-60.86203
-56.29186
-55.61183
-54.69319
-55.85166
-57.66475
-57.98118
-61.18390
-64.07578
-66.17917
-68.85093
-63.26277
-58.23110
-58.44759
-58.33533
-58.94209
-59.32093
-60.31288
-60.86572
-60.72406
-60.69500
-60.11790
-59.43969
-57.29596
-56.73878
-56.76604
-58.05892
-58.89175
-61.42475
-63.02961
-62.73300
-60.57997
-60.17614
-62.64415
-57.36708
-56.84184
-57.11796
-57.31194
-58.35378
-58.02272
-59.74042
-59.24552
-59.06667
-59.08435
-57.94529
-56.98090
-57.90341
-58.37578
-58.35875
-59.33208
-58.93048
-57.46223
-56.92353
-57.18115
-56.84113
-56.26317
-56.44256
-57.91411
-57.75598
-58.03901
-58.54536
-58.26705
-59.00452
-57.64593
-57.25225
-58.45051
-58.91287
-58.33241
-59.16090
-59.41847
-59.35852
-59.69495
-59.49325
-59.91962
-58.85278
-58.86866
-58.83972
-58.95057
-58.65379
-58.48788
-59.13138
-59.26325
-58.46097
-58.50571
-58.47776
-58.78181
-59.09622
-59.77039
-60.64644
-58.30077
-57.70552
-58.73445
-59.47324
-58.87110
-58.72624
-58.60208
-59.62840
-59.82000
-59.02375
-60.53607
-58.77578
-58.13471
-59.45324
-59.35942
-60.19889
-59.29238
-61.04323
-62.17077
-60.70824
-60.95663
-60.36174
-59.21947
-58.72581
-59.67287
-60.64381
-60.69283
-57.99468
-58.09909
-59.12447
-58.60297
-59.15987
-58.84198
-57.90195
-58.82337
-57.81109
-57.54012
-60.73555
-59.35887
-58.38125
-59.46510
-56.93193
-57.03397
-60.69697
-58.95359
-57.98902
-61.25436
-63.59616
-64.76600
-65.89244
-66.71511
-67.51268
-67.53421
-67.77524
-69.41594
-68.64205
-60.88762
-58.02384
-58.09496
-58.21350
-58.82207
-59.18305
-60.03532
-59.63533
-59.47843
-60.44529
-60.21018
-59.76131
-58.23965
-58.03080
-58.96051
-59.48900
-59.87392
-60.15575
-62.26319
-62.02590
-61.46271
-64.38587
-60.91721
-56.83213
-57.17416
-57.70609
-58.54557
-59.36475
-59.65075
-59.81022
-60.04998
-60.11029
-59.71199
-59.85090
-59.12198
-59.95696
-59.69595
-60.16892
-60.45387
-58.80350
-58.28003
-58.35664
-58.67190
-58.31017
-58.74279
-58.55692
-59.42686
-59.89715
-59.03940
-58.27778
-57.63724
-58.37303
-57.33868
-57.13477
-57.87271
-58.35032
-59.12854
-60.29631
-61.16755
-60.81487
-60.11821
-60.13630
-61.18471
-60.59386
-59.89286
-59.86261
-59.70532
-58.75499
-58.78227
-59.35970
-59.62515
-59.41137
-58.81216
-58.29001
-58.30172
-58.32551
-59.03328
-59.36307
-58.06524
-58.36806
-57.56153
-57.07130
-56.91835
-57.98436
-59.18528
-58.51089
-60.47449
-63.09786
-58.44809
-56.00216
-56.62776
-55.59011
-57.69501
-57.97992
-57.95179
-58.19387
-58.17689
-59.64583
-59.24722
-59.33297
-57.57559
-58.15065
-58.35846
-58.44291
-58.44392
-59.11391
-60.06514
-60.02476
-58.54802
-58.81759
-59.12426
-58.85164
-59.11526
-57.45477
-57.64006
-57.75571
-58.48005
-59.68758
-58.77015
-57.15158
-58.09936
-58.84245
-59.80003
-60.27283
-61.94785
-64.71079
-65.13247
-66.02252
-66.44467
-66.69827
-66.81955
-67.52274
-67.67287
-63.33891
-58.99995
-58.71785
-58.93204
-59.89772
-59.40741
-59.88631
-58.94942
-57.61688
-59.36999
-59.72981
-58.93821
-57.41627
-57.00681
-58.72930
-61.35144
-63.32975
-64.76464
-64.30993
-62.59666
-63.29149
-59.56108
-56.18048
-57.50873
-57.92305
-57.65050
-58.54965
-58.54339
-58.95949
-58.80870
-59.02417
-59.77207
-59.70464
-59.01048
-58.12814
-58.90957
-57.88739
-57.09204
-58.22053
-59.93159
-59.98123
-56.84752
-56.01983
-55.78660
-56.61857
-57.26699
-56.56139
-56.71227
-58.14278
-60.16262
-61.04662
-60.89877
-55.96947
-54.73762
-56.33574
-57.52168
-58.93933
-58.01199
-58.26681
-59.39327
-59.93082
-59.97917
-60.64680
-59.75445
-60.05702
-60.17672
-58.80376
-57.93759
-57.94149
-59.37162
-59.48669
-58.61185
-57.78565
-59.49779
-57.97798
-56.86638
-57.76856
-57.41069
-58.21283
-60.40134
-58.60985
-58.49660
-59.46711
-59.01459
-59.69452
-59.06521
-59.96426
-63.02008
-65.33577
-60.23833
-58.92574
-58.21129
-59.59388
-61.27006
-61.15326
-61.26271
-61.09542
-61.09807
-61.34412
-62.22943
-61.19274
-59.89146
-59.00990
-60.50306
-61.27225
-61.43345
-61.67288
-60.04531
-58.27636
-59.88242
-60.58297
-60.27076
-57.56298
-57.18764
-58.46945
-58.55653
-59.07438
-59.76552
-59.28197
-57.05479
-56.65472
-56.94177
-57.54512
-56.57876
-57.26569
-58.83423
-58.88239
-58.38988
-59.04487
-59.10919
-59.36408
-59.44581
-58.84156
-59.05107
-58.34827
-57.97089
-57.94661
-58.35634
-58.91466
-59.28553
-58.84419
-58.44528
-58.25130
-59.45498
-60.44842
-58.39186
-57.62630
-58.17073
-58.15815
-59.83154
-60.35032
-60.12151
-58.50118
-57.29612
-59.19261
-58.57260
-57.07517
-57.87738
-59.52056
-60.22515
-61.09265
-60.93756
-60.37631
-60.01935
-59.69166
-58.92241
-59.56077
-59.08421
-57.57700
-58.48092
-59.53352
-59.76258
-59.82389
-60.46203
-59.09125
-59.07251
-60.15705
-60.82885
-60.69307
-58.97080
-58.69951
-59.97124
-60.17786
-60.96834
-61.56738
-58.54422
-57.66725
-59.36446
-59.55923
-58.53907
-58.89800
-59.54190
-60.31447
-61.05515
-61.36002
-62.21283
-60.56026
-58.45928
-59.01931
-59.81805
-59.88736
-59.27925
-59.63245
-60.17892
-59.91775
-60.58154
-60.74251
-60.29781
-60.11576
-60.81846
-62.78846
-60.21927
-57.35992
-58.23548
-59.01015
-59.20493
-59.95563
-60.77792
-61.39875
-61.39094
-60.22207
-61.42903
-59.81562
-55.40236
-55.52207
-57.45016
-58.60397
-59.29819
-60.80403
-60.67467
-60.52869
-60.26064
-60.45685
-60.26420
-57.00237
-57.35455
-58.52071
-58.99814
-59.49718
-60.38811
-60.38443
-61.25847
-60.91416
-61.93232
-61.32780
-58.04071
-58.05349
-58.64254
-60.04980
-60.00275
-59.45053
-60.19539
-61.32720
-59.74905
-60.18803
-61.36781
-60.00125
-57.04150
-55.87967
-55.88526
-56.58167
-57.26780
-59.32810
-63.57801
-64.37525
-66.25084
-65.78805
-61.92139
-59.03349
-59.84941
-61.36623
-61.60007
-61.72144
-61.80390
-59.07830
-58.30961
-60.51789
-61.33271
-59.56965
-58.31858
-58.70261
-59.67484
-60.40821
-62.49050
-64.67892
-63.12064
-62.51179
-65.30365
-62.21732
-57.97228
-57.93705
-58.63593
-59.12756
-58.65691
-60.00230
-60.80932
-60.18836
-60.53772
-62.10959
-61.93413
-59.12684
-58.36202
-58.80141
-58.90166
-60.17909
-59.87300
-58.46508
-57.81678
-57.77884
-59.54255
-61.41678
-60.15894
-57.53085
-57.85035
-58.63120
-59.62277
-59.77048
-60.25047
-60.51293
-58.22054
-58.63730
-59.30036
-59.17534
-59.12574
-59.67120
-60.63667
-60.76111
-61.32379
-61.44567
-62.07844
-61.82126
-61.73343
-61.40835
-62.52968
-59.83692
-57.94889
-59.64524
-59.90802
-59.57007
-60.98774
-61.08816
-57.40824
-58.51229
-61.41701
-59.30979
-56.53816
-57.25950
-59.48488
-60.91329
-61.22212
-61.67796
-63.09377
-61.46513
-60.70456
-62.08458
-60.72242
-57.67825
-58.58226
-59.11938
-58.79395
-59.66274
-61.00298
-61.68876
-60.73152
-60.73141
-62.31482
-62.83728
-59.37594
-59.01450
-60.03067
-59.79236
-60.56319
-61.11456
-61.10715
-58.82351
-58.47370
-61.15901
-62.75939
-59.81676
-57.33803
-57.21159
-57.93542
-59.03362
-60.16972
-61.49473
-59.88108
-57.10421
-57.15428
-58.28906
-59.20920
-60.69661
-60.80940
-61.97461
-63.33114
-62.41378
-63.18111
-63.96036
-63.06324
-64.06734
-65.41155
-64.98779
-60.15290
-56.47278
-57.93171
-59.73269
-60.23185
-63.49438
-60.29366
-58.14156
-59.87571
-61.92558
-60.78246
-58.90294
-59.48409
-60.31840
-61.49969
-62.29633
-62.77366
-63.01769
-62.53831
-62.22023
-65.02020
-61.20047
-58.17614
-59.84661
-61.02671
-62.57301
-63.45559
-64.25154
-62.54397
-58.97096
-58.32505
-58.41386
-59.15662
-59.66346
-58.33946
-60.08838
-60.72125
-58.95234
-60.95056
-60.54303
-58.72827
-58.17361
-58.94152
-59.96595
-57.84297
-57.72040
-58.91570
-59.54148
-58.85857
-60.49347
-61.25904
-60.01589
-61.54622
-64.92832
-64.22231
-58.27377
-56.42023
-57.41753
-59.44574
-59.97268
-59.83234
-60.13286
-59.86898
-58.90919
-59.28692
-59.64649
-58.94071
-59.76439
-61.69752
-61.70671
-62.35989
-62.49893
-62.27362
-61.37328
-59.01799
-59.41233
-59.70145
-59.03188
-56.48534
-56.27562
-57.27863
-57.51628
-59.13909
-59.93089
-60.30888
-60.82228
-60.26197
-61.69706
-58.34318
-55.06694
-54.80106
-56.47366
-57.68320
-56.75471
-57.82768
-57.90683
-59.09261
-58.34805
-60.84176
-58.34983
-55.57933
-56.12576
-56.79979
-58.46098
-58.45321
-58.84307
-56.93927
-57.26891
-58.15278
-60.11146
-58.82412
-56.84721
-56.04630
-56.24225
-57.93063
-58.22524
-57.89949
-57.03438
-57.55606
-58.06134
-58.39947
-58.67977
-56.70216
-55.10215
-54.13412
-54.37648
-56.46867
-57.92366
-60.50057
-63.22397
-65.51022
-68.34448
-66.42933
-60.28890
-58.64081
-59.20747
-60.56985
-61.46743
-60.48333
-59.60634
-57.79490
-58.84852
-60.78587
-62.75915
-60.39632
-58.66993
-59.14543
-59.98551
-63.47428
-65.08207
-66.43159
-63.65329
-62.24540
-65.29349
-62.11931
-57.59611
-58.24489
-60.19553
-60.08988
-60.19436
-60.33338
-60.79702
-60.46850
-61.44026
-61.63960
-61.06208
-58.89833
-59.28250
-60.56755
-60.26958
-61.37917
-61.31835
-62.41437
-59.03707
-58.80572
-61.10205
-62.26859
-61.58147
-58.96973
-59.33480
-59.67036
-61.15465
-61.81104
-62.30427
-60.48988
-58.07491
-58.15980
-58.57328
-59.12909
-57.77239
-57.46886
-57.99252
-58.55503
-58.74264
-59.59866
-59.90397
-59.50055
-61.06850
-61.05983
-61.52440
-60.55648
-59.97749
-60.92683
-61.68306
-63.46559
-63.53197
-60.70506
-58.46548
-59.69536
-61.34491
-59.40287
-57.43590
-56.54728
-57.18057
-57.94723
-58.94770
-59.37346
-59.83235
-58.97474
-57.88282
-59.73967
-60.19935
-59.46049
-58.75462
-59.22583
-59.84645
-59.90255
-61.51352
-62.26202
-62.70615
-62.30931
-62.09246
-61.30407
-59.15157
-58.96250
-59.16900
-59.38505
-59.98007
-61.67683
-61.17769
-59.41514
-59.29906
-63.20967
-63.35150
-59.23988
-59.47320
-61.02129
-61.54224
-61.01008
-62.04417
-61.29596
-58.49872
-56.81756
-57.14766
-57.57086
-58.91289
-58.10001
-58.66590
-60.62510
-60.07637
-61.06107
-61.30038
-61.68202
-62.35045
-62.62784
-63.03612
-61.46662
-58.78759
-59.37556
-60.73326
-60.92160
-63.11254
-62.14352
-59.29187
-60.25829
-62.93034
-64.24709
-60.20811
-58.07169
-58.98294
-59.65077
-58.98950
-59.57859
-60.30926
-61.26833
-59.88242
-60.22149
-63.82467
-59.83431
-57.94646
-58.65785
-60.23721
-61.14831
-62.05679
-63.32152
-61.25774
-59.27923
-58.55545
-58.34278
-59.19100
-59.16328
-60.23404
-61.80409
-62.04996
-62.76044
-63.43347
-61.61575
-59.14197
-59.26555
-60.32858
-59.13671
-59.24227
-59.72881
-59.73903
-62.77432
-64.64854
-66.44351
-65.14238
-65.20190
-66.92504
-64.25393
-59.93881
-58.35142
-58.40608
-58.47309
-59.69339
-59.16883
-57.81237
-58.35223
-58.97689
-58.91655
-59.10318
-60.20423
-60.89296
-60.53984
-61.62850
-63.09610
-64.17275
-63.52336
-62.50090
-61.20901
-59.62319
-60.62802
-60.61224
-58.14395
-58.57991
-58.60992
-59.33019
-60.33392
-61.12859
-61.45143
-60.87254
-60.51297
-61.30559
-61.56085
-56.73317
-55.67343
-56.59408
-57.25327
-57.28007
-57.95711
-58.37058
-58.64410
-60.34588
-60.83564
-60.87175
-57.07264
-55.48386
-56.61153
-57.56905
-58.33196
-59.20217
-60.02500
-59.54682
-60.18011
-61.31083
-61.95838
-58.38476
-56.96884
-57.51329
-58.23478
-59.84109
-60.24683
-62.23458
-60.25614
-60.47334
-62.43905
-66.50527
-61.49898
-56.23214
-56.94901
-58.56651
-61.53694
-64.49026
-69.45647
-71.90399
-72.69999
-74.22152
-74.57818
-76.53256
-66.32686
-63.17877
-65.56965
-66.12691
-67.95821
-68.77530
-70.43189
-71.92690
-77.17899
-81.39562
-78.99276
-67.93042
-62.19657
-65.05677
-66.25794
-68.46165
-71.44266
-72.51971
-71.69860
-72.27399
-72.25325
-75.82352
-66.76945
-66.54408
-64.95148
-60.08651
-62.37818
-63.70608
-63.98944
-63.81975
-66.47302
-66.05297
-69.88562
-62.49243
-60.53023
-64.85383
-63.16970
-64.15046
-67.30169
-73.77984
-71.34330
-72.35763
-72.50731
-74.77399
-71.87328
-65.57128
-65.25990
-66.37894
-65.10431
-65.88446
-66.05948
-66.38637
-67.29226
-66.12096
-70.21264
-66.92965
-60.84292
-61.74139
-63.18843
-63.93366
-65.63272
-64.89950
-66.86820
-67.27578
-68.54310
-69.59964
-71.09800
-61.06116
-61.25727
-68.49624
-70.93404
-75.96574
-72.15526
-78.09803
-79.33398
-82.08042
-81.50001
-77.86809
-61.38569
-59.68655
-61.78424
-62.65587
-64.10766
-64.21018
-64.91782
-65.14203
-69.75949
-70.38035
-72.03925
-66.11568
-63.68214
-65.75244
-69.04817
-70.23628
-69.75138
-70.68157
-69.41885
-71.17216
-69.91911
-71.85995
-70.37872
-59.43524
-59.61692
-63.09058
-63.57506
-64.70297
-64.82894
-68.05890
-68.73319
-70.49513
-70.66433
-75.29480
-68.67299
-66.82876
-67.70384
-67.18824
-66.78692
-66.96912
-67.25336
-68.45372
-68.99304
-64.99659
-65.96672
-67.97508
-72.62345
-59.72458
-57.93538
-63.49354
-65.61962
-67.98248
-67.03319
-68.82865
-70.12915
-69.93935
-69.53599
-70.31956
-72.60741
-70.55426
-62.98689
-62.68816
-64.25492
-64.33856
-69.03337
-75.88257
-76.58869
-76.48048
-77.53885
-78.21298
-79.61627
-80.45431
-71.58836
-59.94899
-59.63532
-60.81730
-61.45995
-65.14263
-64.85367
-67.85308
-68.27357
-69.17079
-68.63876
-69.31987
-70.41891
-72.85562
-63.79213
-58.81177
-60.32771
-61.01868
-62.78396
-63.87085
-64.88681
-65.99148
-66.50115
-67.90609
-68.88123
-69.30125
-69.80698
-69.77385
-64.93227
-64.47915
-66.34412
-69.45511
-75.79755
-75.52524
-78.58009
-78.25266
-79.12596
-78.44342
-82.53624
-80.74115
-85.90857
-76.62356
-64.38200
-65.41338
-66.90875
-67.56297
-69.48142
-70.02302
-72.15824
-72.02172
-73.05706
-73.39787
-72.42564
-71.64507
-71.70549
-71.87368
-72.51783
-72.44730
-72.79534
-73.62531
-77.34933
-79.65970
-82.69320
-86.18786
-86.24119
-85.80556
-85.92269
-87.74431
-89.08962
-93.11923
-94.54751
-96.63868
-97.00597
-102.12597
-102.85149
-107.63862
-102.77843
-103.22452
-101.88352
-106.74751
-107.04931
-106.67906
-105.55841
-118.98899
-112.54416
-126.75687
-115.14378
-135.06561
-114.45078
-147.85214
-116.49709
-130.56678
-115.53535
-122.38124
-119.41344
-132.99075
-142.72748
-115.89586
-111.67101
-102.99182
-95.06486
-77.36840
-70.29593
-76.01723
-68.52022
-63.05813
-66.05926
-68.08791
-67.91691
-68.98281
-71.54706
-73.14531
-75.51670
-77.76159
-78.55944
-80.11847
-81.35787
-85.26604
-83.76243
-88.34532
-85.76480
-101.14007
-77.79692
-72.55664
-72.95291
-76.96314
-73.49527
-67.14057
-69.22745
-74.21056
-76.59551
-76.19172
-78.07892
-80.29753
-80.00353
-81.44296
-81.41454
-83.91187
-84.23477
-88.54924
-86.12691
-90.86240
-87.99663
-101.86867
-79.54728
-76.65416
-78.25709
-66.36289
-65.36118
-66.33163
-68.74574
-73.40065
-73.58495
-74.50278
-73.40490
-74.37248
-74.81514
-76.65964
-78.08072
-79.66817
-80.62377
-81.61068
-83.00464
-82.81269
-85.72405
-83.71664
-90.11097
-80.95464
-73.82655
-74.04007
-74.91167
-69.45183
-65.81020
-68.27788
-72.90806
-74.35361
-74.58818
-76.63997
-78.15845
-78.31606
-79.21846
-80.35931
-80.80246
-81.96492
-83.13049
-84.85910
-85.27673
-89.34546
-87.43909
-93.43365
-86.92946
-109.63245
-75.85982
-72.76695
-74.64434
-64.85451
-65.87905
-69.31466
-69.28309
-69.84329
-71.70905
-73.65189
-74.87592
-77.92592
-78.55542
-81.16204
-76.98362
-76.81021
-79.48310
-80.52024
-80.99764
-83.00612
-86.09084
-87.31123
-89.54964
-85.94789
-90.11478
-82.15568
-73.75180
-74.09758
-75.39355
-74.72995
-75.56948
-75.63553
-76.13081
-76.87261
-77.39675
-77.56134
-77.99083
-78.73647
-79.18508
-80.61006
-78.24441
-82.61595
-69.42037
-67.16668
-68.47616
-67.31756
-68.79788
-68.37702
-69.53337
-70.22800
-71.95691
-71.69933
-73.45370
-72.95043
-73.44508
-75.05838
-75.38167
-75.11759
-78.80725
-72.80904
-65.63889
-67.27050
-66.54534
-62.59885
-62.48674
-65.44206
-65.52533
-66.67532
-66.89333
-66.14400
-67.89079
-65.50003
-65.61194
-66.54107
-66.15750
-66.83668
-67.80267
-68.79620
-69.34915
-70.63903
-70.59765
-72.88131
-70.39437
-69.91720
-71.40159
-70.53959
-70.59996
-69.58005
-71.30763
-71.36888
-73.23221
-67.33825
-65.66238
-67.41710
-66.84717
-67.58174
-67.84833
-69.30784
-69.91337
-71.13403
-71.45217
-72.38647
-72.88608
-75.18255
-75.42070
-75.34533
-76.17997
-76.47145
-76.99745
-77.78447
-80.29641
-80.81458
-83.49751
-81.04742
-78.51182
-75.31023
-76.00462
-77.17845
-77.86946
-78.27610
-78.08617
-77.73963
-79.16705
-78.87420
-80.01659
-79.01873
-81.00662
-80.15351
-83.13099
-81.76255
-84.53830
-80.32867
-67.40880
-65.92882
-65.16653
-65.67614
-66.83045
-67.69681
-68.57247
-69.00543
-69.56790
-70.23949
-71.58679
-76.80094
-81.70898
-79.74494
-84.82235
-80.46006
-76.37475
-77.95136
-75.45134
-73.11238
-73.67117
-71.78517
-72.83731
-71.35553
-74.28553
-67.56671
-64.74993
-66.81429
-66.26184
-66.85030
-67.22861
-68.66557
-69.15575
-69.96517
-70.75929
-71.71883
-72.46353
-74.39521
-75.14679
-75.08639
-76.09956
-76.28145
-77.63603
-78.42961
-79.51834
-79.88147
-81.64145
-81.51659
-77.44369
-78.51350
-79.65040
-79.05685
-79.64131
-80.28654
-81.63755
-81.63872
-82.75856
-83.20614
-84.15306
-84.43636
-86.38437
-85.96136
-86.65839
-87.08182
-87.71190
-89.22516
-89.58591
-90.61079
-90.82760
-93.39563
-89.95622
-88.85767
-90.79443
-90.57286
-90.61726
-91.26134
-92.25076
-93.03494
-93.35066
-94.33115
-94.89569
-95.41879
-96.37081
-97.44557
-97.07754
-97.98790
-98.03518
-99.45731
-100.39060
-100.84359
-101.89004
-102.12514
-100.22207
-99.35280
-100.83311
-101.92500
-101.65033
-101.78474
-102.77507
-103.69885
-104.22665
-104.76757
-105.81807
-105.60588
-106.90040
-108.19409
-108.43713
-108.62858
-109.34125
-109.79848
-111.31138
-111.68478
-112.59413
-113.26475
-112.35962
-110.49604
-110.81761
-112.63333
-112.89930
-112.54810
-113.28943
-114.45072
-115.03124
-115.47556
-116.39561
-116.86651
-117.14047
-118.78574
-119.54091
-119.52632
-120.15906
-120.60463
-121.56648
-122.73857
-122.84234
-124.29351
-124.08103
-122.31603
-121.45895
-122.95335
-123.90154
-123.80811
-123.99543
-124.99841
-125.89987
-126.25903
-126.88463
-127.81492
-127.98228
-128.81827
-130.22360
-130.33394
-130.75981
-131.19394
-131.94099
-133.18546
-133.46833
-134.22371
-135.35355
-134.44683
-132.46587
-132.75246
-134.79000
-135.01382
-134.63102
-135.21153
-136.39302
-137.27435
-137.81122
-138.04102
-138.74296
-139.07009
-140.33793
-141.44233
-141.27196
-142.47303
-142.70870
-143.48338
-144.73771
-145.06633
-145.87842
-145.76342
-144.21265
-142.54749
-145.32953
-147.77966
-146.88310
-146.51589
-148.10338
-150.25857
-150.97233
-157.25687
-157.75201
-155.27050
-162.80056
-177.89435
-186.83441
-192.16943
-194.46689
-196.71004
-198.91605
-201.21676
-203.72656
-206.59524
-210.07574
-214.73461
-222.54476
-236.44043
-221.15873
-216.80927
-214.55540
-213.25988
-212.53997
-212.22221
