-79.56095
-66.45245
-65.40792
-62.85965
-64.30558
-66.21351
-66.71372
-67.19777
-67.45644
-67.82673
-68.56437
-69.38773
-69.96245
-70.65218
-70.80546
-71.85332
-71.70402
-73.10240
-72.10840
-75.34579
-65.59245
-62.39852
-63.28478
-63.15255
-63.14267
-63.51521
-64.95369
-65.37917
-66.81007
-67.41089
-68.83000
-69.64265
-71.32538
-71.93715
-73.23036
-73.45152
-74.41810
-75.10099
-75.49001
-76.32108
-62.25845
-59.71588
-60.91925
-61.02798
-61.89914
-61.39226
-62.67352
-63.87155
-65.58646
-66.30863
-67.27454
-68.07435
-69.58082
-70.28505
-70.84420
-71.87273
-73.13322
-75.32925
-75.73801
-79.26476
-68.41598
-66.54737
-63.30135
-62.26596
-62.43621
-61.97450
-62.86120
-63.75416
-65.98103
-67.16650
-69.58335
-70.87352
-73.54074
-75.73068
-78.43560
-79.67935
-81.80431
-83.64931
-84.43157
-91.40115
-69.80016
-65.44492
-69.24583
-70.04517
-69.84006
-68.97989
-70.69280
-70.34516
-73.82537
-68.59239
-63.15126
-63.02452
-63.47002
-64.15009
-64.44141
-67.09222
-68.02994
-70.80944
-71.75215
-77.58889
-67.35724
-62.56089
-62.08894
-61.66796
-62.21193
-62.08295
-62.86751
-63.36665
-64.27880
-65.24239
-65.16868
-63.44230
-63.37803
-63.40820
-64.27850
-65.48471
-65.89643
-67.38182
-67.59609
-69.69560
-69.24201
-66.94985
-64.25401
-61.30711
-60.98716
-61.54473
-61.96535
-62.45686
-64.34242
-65.74339
-67.05898
-68.63479
-69.78153
-70.46550
-71.11360
-71.54805
-72.48959
-72.43791
-73.86189
-72.83887
-76.21762
-68.58141
-62.82198
-66.59839
-70.21683
-71.50061
-71.19541
-70.51400
-71.51732
-71.57113
-72.19583
-72.42529
-73.50440
-74.15770
-74.48350
-75.31188
-74.88947
-76.28867
-75.50662
-78.43440
-75.10039
-83.57782
-65.14149
-60.76420
-63.45427
-64.26104
-65.46463
-64.10223
-65.01611
-65.54609
-67.19787
-67.89102
-68.25586
-68.75425
-70.11896
-70.94485
-71.79379
-72.00698
-73.84510
-73.61571
-76.67372
-74.80695
-83.56323
-66.40937
-61.94091
-65.81365
-62.41490
-63.65737
-66.05210
-68.64391
-69.29952
-69.41113
-69.64414
-70.49780
-71.97826
-72.71862
-73.56858
-74.00870
-74.25226
-75.17742
-75.38673
-76.75396
-75.61101
-78.97976
-72.07364
-65.97860
-65.02179
-62.56785
-63.44261
-64.06706
-65.30661
-64.97501
-64.64856
-65.72099
-66.48896
-67.94761
-68.73288
-69.52175
-70.13502
-70.84538
-71.58641
-71.97204
-72.78248
-72.73618
-74.14778
-73.09130
-69.69560
-63.43642
-59.58148
-59.41419
-59.19560
-60.46788
-61.56142
-62.67934
-63.63348
-64.83797
-66.32454
-67.31529
-69.60448
-70.45443
-72.54444
-72.77012
-75.34862
-75.07943
-78.76923
-76.91197
-85.04191
-70.36722
-64.42743
-67.83561
-61.61401
-60.53655
-60.94266
-60.68807
-61.52937
-62.20974
-64.16237
-65.17099
-67.50275
-68.47510
-71.17386
-72.60467
-75.52573
-76.10071
-79.61527
-79.77799
-84.85967
-83.11439
-95.61158
-77.52799
-67.12183
-67.83610
-66.76049
-65.90234
-66.40980
-67.45015
-68.22111
-68.83056
-69.97564
-71.25058
-71.75377
-73.05837
-73.84939
-75.25041
-75.73013
-77.37123
-77.42333
-79.49007
-79.04171
-81.53822
-80.17297
-85.74136
-76.77440
-65.01056
-65.13464
-65.19012
-65.04165
-65.09644
-64.83931
-65.54179
-65.76947
-66.71858
-67.09470
-67.98851
-68.41689
-69.25219
-69.52133
-70.37517
-70.69656
-71.29192
-71.66520
-72.19548
-73.04822
-73.55892
-74.65231
-75.62766
-80.55126
-68.19839
-65.87032
-65.92528
-64.55668
-65.31814
-64.72018
-66.73027
-66.83458
-67.36186
-68.61825
-69.84455
-71.19489
-72.55684
-74.58239
-75.50285
-77.15126
-77.54554
-77.19961
-78.71528
-79.95701
-80.24008
-81.86781
-83.10160
-80.13756
-83.27656
-78.28894
-65.52586
-66.08578
-67.39136
-64.43959
-64.22072
-63.82708
-65.26249
-66.34266
-67.25306
-68.08958
-69.44125
-70.99629
-72.09624
-73.04183
-72.49465
-73.29600
-73.03446
-74.29057
-74.63514
-76.23956
-76.05911
-78.02852
-75.61781
-75.41116
-76.06584
-76.13941
-73.44439
-63.60688
-63.07016
-64.17523
-63.14494
-63.29191
-63.72791
-64.67884
-64.92326
-65.14311
-65.55744
-66.20945
-68.19466
-70.51962
-70.54425
-71.93211
-72.63337
-73.42222
-73.87794
-74.63799
-74.85029
-74.89948
-75.93359
-73.63589
-71.35420
-72.50997
-72.89137
-72.88968
-73.31135
-67.77426
-66.82099
-68.84341
-71.84000
-73.49216
-71.40902
-71.96595
-74.28551
-74.10513
-75.04998
-76.36587
-74.74033
-80.61990
-75.39747
-77.90347
-79.30483
-75.58288
-81.26590
-76.80441
-77.92858
-81.88972
-81.36723
-80.48644
-73.98378
-77.85069
-80.57761
-76.25248
-80.46768
-76.83255
-78.17441
-77.90900
-80.09708
-77.12393
-86.54129
-85.36767
-77.83245
-82.44390
-78.49514
-80.71462
-77.00918
-82.72144
-78.01034
-77.35511
-78.82152
-76.65627
-76.66368
-78.69720
-78.49154
-77.20339
-77.38128
-77.32063
-94.09584
-85.43398
-112.84602
-87.34311
-99.73132
-84.05978
-105.26963
-86.61906
-88.88131
-75.25764
-58.99456
-59.97498
-61.99710
-63.14335
-63.58901
-61.78647
-61.82432
-64.59030
-67.13098
-68.11603
-67.64019
-61.75696
-62.05887
-64.04067
-63.89467
-65.81165
-60.84544
-58.21163
-60.41660
-61.56566
-62.70665
-62.09140
-59.83233
-61.03456
-65.63253
-67.17464
-68.39529
-65.26708
-60.82839
-62.09830
-63.36200
-63.84745
-64.91375
-59.02655
-57.48881
-57.14714
-57.43708
-59.17401
-60.38508
-61.16473
-61.72130
-63.56947
-64.06195
-67.54236
-61.22145
-59.17120
-60.54359
-60.71808
-61.43595
-61.95339
-63.03019
-63.04345
-64.22524
-64.78322
-66.33255
-64.42454
-61.85456
-64.21666
-62.17980
-60.67835
-62.16972
-60.29269
-60.56099
-61.33018
-61.48930
-62.66129
-59.77975
-58.08718
-60.35940
-61.41560
-62.05622
-61.52976
-59.11146
-61.07142
-65.12198
-66.31132
-67.52430
-64.24745
-61.08925
-62.38642
-63.70892
-66.69268
-66.47854
-59.86436
-59.92357
-63.13082
-63.92069
-65.33535
-60.92138
-57.22260
-59.52830
-62.49621
-63.55630
-64.34698
-61.41371
-60.15293
-62.66211
-63.43870
-65.22779
-62.98055
-57.95033
-58.97968
-59.60907
-60.29763
-61.20064
-61.73099
-61.47526
-63.37378
-64.76533
-65.87129
-65.31820
-60.14763
-60.05585
-59.57209
-60.86378
-61.88402
-63.34674
-63.83255
-64.95073
-66.18762
-67.59043
-69.05288
-59.52540
-58.65333
-59.80626
-59.20316
-59.95378
-60.66032
-60.34932
-60.91147
-62.11499
-62.34669
-63.90864
-58.31112
-56.94738
-58.85383
-58.80423
-60.22841
-60.39420
-60.52740
-62.04363
-64.82881
-65.61126
-69.53154
-61.59894
-55.78945
-57.58052
-58.57501
-58.58913
-60.37304
-60.25387
-59.92098
-59.42689
-58.54131
-61.98918
-61.79005
-57.79114
-56.43460
-58.74108
-60.49099
-60.42697
-61.70770
-59.58722
-60.47898
-59.89638
-62.71345
-61.08879
-59.14161
-58.64107
-58.82680
-60.55511
-60.87792
-62.80574
-62.18179
-64.47143
-64.99310
-67.79262
-65.66295
-58.32669
-55.51009
-56.58181
-58.51186
-62.48294
-64.18267
-62.74623
-65.32602
-65.81088
-68.39084
-68.25418
-59.71507
-55.45310
-55.28697
-55.27523
-56.32969
-60.38700
-62.92009
-63.77952
-64.32528
-65.25050
-64.66939
-61.09803
-61.29907
-61.90866
-61.87852
-63.17763
-61.33611
-63.22154
-67.07214
-70.61051
-70.50659
-71.20744
-59.39287
-54.30090
-57.70027
-57.94452
-59.92583
-62.76508
-60.72491
-60.08317
-61.70444
-61.92371
-60.64536
-57.98582
-55.72294
-53.69106
-53.73383
-56.04122
-56.14862
-58.00839
-58.14836
-58.18295
-59.92408
-66.13876
-61.54491
-59.38894
-61.09715
-61.31829
-61.63056
-61.91454
-62.50021
-62.34606
-64.09127
-63.89029
-64.97460
-61.71717
-58.15926
-56.01788
-57.02214
-58.50992
-59.95218
-61.91791
-62.56614
-63.15412
-63.58845
-65.54058
-62.53270
-58.82670
-57.58669
-57.88162
-58.18336
-59.85383
-60.78655
-61.09058
-62.35050
-62.67956
-64.81568
-62.07706
-60.04910
-59.55069
-60.08775
-61.58779
-62.49639
-63.08587
-62.91253
-65.77256
-67.75554
-69.11568
-68.12041
-59.04424
-57.02214
-59.38315
-60.37271
-62.94111
-62.06242
-60.48482
-60.43925
-62.52307
-63.85755
-60.57480
-56.60460
-55.38681
-54.46508
-54.12775
-59.20503
-62.75634
-59.45584
-58.60366
-60.04730
-61.60932
-60.43353
-59.37961
-59.00774
-59.37046
-60.33735
-60.13264
-61.20916
-61.56843
-62.22692
-63.35515
-64.43515
-67.01359
-59.32944
-56.18713
-55.48194
-56.85698
-62.02597
-63.48466
-64.57337
-63.83598
-67.47641
-68.68954
-69.83763
-62.80060
-57.38009
-56.65585
-56.59882
-58.41980
-59.57727
-61.13156
-63.23628
-64.84023
-64.31874
-65.49758
-61.50380
-60.28157
-62.32934
-61.47245
-61.85536
-61.51955
-61.46773
-62.16106
-63.53536
-64.21324
-66.12648
-63.30074
-58.42511
-56.08416
-56.34533
-60.51157
-61.34428
-60.77073
-59.73347
-60.05518
-60.98628
-63.68184
-60.79330
-56.07800
-54.69175
-53.21824
-55.43215
-55.65902
-55.39963
-57.01683
-59.04565
-60.30171
-61.70603
-59.28725
-56.72093
-55.87257
-56.39837
-59.55362
-58.01484
-57.71791
-58.26703
-60.08893
-60.86896
-62.58790
-62.16601
-58.65772
-57.69149
-57.71778
-58.16842
-58.95295
-61.21228
-60.99637
-60.35510
-59.28128
-61.59983
-62.79929
-56.05777
-55.55188
-58.26143
-59.37005
-59.37030
-58.41822
-58.32428
-59.59104
-60.20821
-64.22114
-59.39562
-53.24613
-54.43192
-55.77960
-55.91813
-55.99665
-55.89913
-56.26904
-57.06377
-57.11413
-57.18147
-57.21469
-55.46659
-58.16769
-61.62372
-63.61164
-64.10809
-65.00878
-67.21575
-68.98509
-72.76278
-71.38588
-75.80008
-54.65858
-51.50246
-52.59637
-53.31792
-57.33935
-62.01214
-69.39476
-68.65257
-72.69843
-67.17530
-85.29112
-60.91331
-52.05722
-51.25123
-51.44781
-52.39643
-52.25970
-52.78142
-53.33335
-53.24242
-53.62610
-53.73601
-54.95920
-54.20454
-53.23842
-53.74901
-54.64071
-53.41624
-53.54539
-55.88766
-52.24115
-50.82552
-51.39660
-51.68760
-51.76257
-51.93661
-52.70114
-54.05096
-54.07835
-54.51580
-55.36505
-55.08197
-55.00667
-55.21312
-52.99375
-50.58425
-51.22226
-51.59919
-52.09382
-52.93003
-54.30870
-54.09717
-54.05546
-53.55074
-53.48198
-53.47563
-52.01911
-52.26680
-51.53016
-52.38724
-54.04120
-54.21528
-53.67666
-52.63401
-54.06283
-54.60678
-54.15618
-53.52799
-53.46735
-54.30961
-53.49595
-53.51039
-53.32864
-53.23055
-52.67219
-52.62806
-53.22901
-53.54665
-54.33920
-53.93062
-53.49682
-53.48831
-53.52165
-53.72091
-54.25342
-53.63216
-52.50701
-52.93892
-53.57543
-54.27792
-54.52705
-53.75457
-53.68819
-53.83705
-54.01121
-55.17415
-54.47788
-53.15969
-53.80373
-53.56087
-53.38493
-53.65285
-54.48231
-55.93166
-58.48065
-61.05845
-62.88192
-63.36411
-63.16871
-63.94983
-64.66917
-64.39720
-55.25518
-53.92044
-55.06632
-55.26107
-56.40702
-56.15968
-56.57347
-56.54886
-56.94822
-56.96404
-56.87855
-54.89204
-54.37390
-53.96503
-55.86908
-59.53026
-63.50095
-64.69678
-65.72484
-65.89947
-75.58849
-63.69220
-51.31020
-51.58085
-53.64585
-56.67816
-59.68310
-62.93559
-64.70224
-66.41221
-65.10853
-66.47918
-64.74615
-52.50218
-52.02921
-52.33298
-52.56114
-53.01508
-52.89972
-52.83824
-52.99086
-53.43014
-53.26600
-53.83636
-54.53144
-54.66822
-52.62116
-52.72453
-53.72714
-53.84709
-52.68716
-55.20761
-53.77482
-50.77896
-50.99944
-51.58374
-51.73288
-51.88044
-52.48545
-52.44532
-53.09515
-53.27740
-54.46971
-53.34250
-53.20294
-54.38915
-53.60098
-52.64756
-52.87056
-54.04632
-54.20936
-53.14550
-53.31992
-53.95265
-54.35815
-54.11717
-53.10371
-51.66667
-51.14173
-52.04867
-51.18734
-52.67230
-53.83832
-54.17339
-54.82589
-54.11977
-54.35046
-54.47897
-52.98738
-51.82946
-51.49306
-50.65117
-51.40533
-51.30073
-54.18365
-56.34850
-58.59047
-57.31110
-50.32587
-50.05981
-50.02534
-51.00273
-52.46360
-53.49993
-54.90540
-54.08052
-55.81027
-55.82696
-54.84919
-54.57726
-52.70648
-53.02366
-52.77427
-51.53390
-52.31802
-52.70126
-54.53047
-55.38054
-55.10737
-54.41495
-54.62862
-53.99109
-51.73107
-51.96090
-52.76517
-53.11430
-53.73766
-53.73254
-53.33511
-53.50544
-54.70023
-54.60360
-53.67675
-55.28137
-55.10453
-54.76910
-55.17112
-55.24408
-54.85663
-54.62151
-55.21005
-56.01966
-56.91094
-56.99570
-54.09663
-53.89714
-57.03475
-60.88874
-65.43700
-67.23167
-68.47095
-70.77927
-74.19708
-72.21291
-78.37433
-52.62568
-49.92528
-52.52598
-54.35392
-58.70645
-62.51083
-68.13786
-67.31238
-69.99149
-71.24450
-73.23214
-54.36189
-51.50360
-51.97876
-51.86432
-52.75661
-53.18440
-53.67899
-53.44731
-53.91060
-53.96927
-54.03220
-52.75843
-52.52138
-52.61903
-53.31856
-53.12158
-53.02934
-53.28812
-53.59288
-53.72699
-53.39820
-53.51120
-53.59316
-53.73384
-53.01549
-52.87569
-52.77156
-53.27770
-53.57711
-53.86694
-54.55641
-55.07028
-55.41142
-51.56995
-50.54193
-51.34140
-51.42472
-51.71178
-52.09740
-53.79525
-53.84506
-54.00365
-54.19963
-55.09860
-53.76904
-52.67373
-53.21431
-53.08819
-54.05259
-54.04548
-53.33877
-52.08364
-52.89569
-54.57652
-54.25515
-53.09013
-53.05701
-54.77407
-54.24532
-53.50277
-53.51406
-54.06554
-53.85655
-53.14378
-52.59865
-52.87968
-54.19876
-53.48223
-54.06705
-54.59995
-54.63379
-55.54192
-55.73876
-56.38066
-56.59800
-56.26470
-56.41087
-56.60405
-56.51262
-56.75280
-56.20807
-57.15393
-58.52062
-61.35695
-63.00817
-65.46527
-65.55270
-68.10486
-60.95524
-54.10411
-55.76249
-56.62281
-59.67279
-61.28011
-62.94633
-63.41358
-65.70361
-66.32235
-64.86810
-63.23606
-53.20508
-52.12157
-52.55970
-52.53212
-53.53114
-53.99514
-54.85624
-54.60356
-53.59607
-53.08117
-53.04954
-52.28317
-51.75489
-51.84896
-52.26184
-52.82904
-52.49737
-52.71540
-52.83430
-53.40176
-52.27765
-51.56172
-52.30109
-51.38420
-51.12664
-52.79268
-55.58730
-58.89583
-63.09902
-65.73449
-65.37950
-54.86252
-51.49279
-52.00592
-52.75550
-53.14051
-54.19249
-54.51914
-53.24527
-53.65893
-53.45438
-53.97632
-53.26773
-53.05603
-54.04175
-54.60525
-54.18418
-54.05504
-55.32327
-57.61938
-60.51403
-62.66791
-68.01114
-66.54120
-79.35921
-58.02548
-51.28556
-51.64687
-52.38918
-53.62254
-54.84604
-57.28722
-59.68019
-61.28041
-63.00140
-67.38521
-56.44215
-52.38841
-53.47792
-54.26816
-55.04477
-56.04093
-55.75494
-55.29607
-54.97991
-55.12306
-55.69483
-55.87438
-55.15868
-55.79481
-55.96384
-54.16930
-55.13325
-54.74229
-55.18563
-55.04061
-54.94753
-55.71173
-55.90789
-55.93057
-55.84917
-55.86860
-56.13295
-56.63269
-56.13205
-56.43018
-55.90866
-54.68176
-53.53107
-54.35056
-54.92648
-54.24265
-54.23217
-54.53947
-54.99357
-54.56859
-55.11914
-55.93162
-56.40808
-56.94928
-57.24897
-57.46445
-57.13423
-57.22996
-57.80052
-58.11489
-57.52299
-57.69739
-57.86316
-58.27556
-58.26038
-57.81148
-57.13609
-57.18589
-58.04292
-57.27803
-57.22132
-56.77559
-56.63169
-59.05322
-65.17508
-69.29736
-68.28022
-66.14092
-63.72073
-64.63223
-65.13804
-66.12936
-65.65148
-65.51358
-65.56104
-66.31407
-65.85279
-67.83607
-64.76321
-61.12221
-61.56196
-61.37570
-61.80596
-61.22254
-62.05561
-62.18804
-63.84170
-63.55876
-64.84559
-61.18926
-57.12987
-56.83306
-55.59228
-55.71449
-55.87040
-56.06448
-56.53274
-57.24382
-57.24226
-57.41410
-58.58516
-57.24020
-57.00813
-58.44426
-58.85746
-58.85443
-58.23423
-58.28802
-59.91813
-62.45586
-64.62618
-64.72560
-60.39510
-58.89639
-58.49296
-58.67625
-59.93131
-60.52489
-58.83589
-58.22312
-60.34779
-60.93766
-60.45616
-56.65243
-55.58851
-56.70025
-56.91432
-57.06957
-57.99895
-58.73850
-59.83532
-61.00210
-63.38983
-69.28964
-66.07054
-64.86086
-67.38534
-67.63156
-69.31001
-68.55734
-69.00584
-70.17216
-70.09628
-71.36488
-68.92591
-63.51596
-59.74727
-58.52882
-57.60563
-58.42227
-58.99249
-58.72973
-58.98931
-59.25630
-59.14600
-60.06041
-58.33739
-57.58819
-58.45628
-58.41879
-59.60044
-60.01150
-61.13290
-61.99327
-62.90611
-64.97177
-69.06012
-60.39560
-57.16481
-56.45104
-56.01226
-57.19685
-57.50913
-59.28308
-58.93659
-58.95356
-59.09384
-59.37207
-59.18138
-59.48467
-59.57207
-59.08847
-60.18784
-60.35918
-60.28335
-59.94859
-61.39364
-62.17938
-63.98649
-61.51949
-56.82601
-55.50160
-56.42600
-59.07902
-60.24643
-62.43202
-63.61908
-64.87183
-64.72713
-64.94442
-65.58400
-62.63633
-64.27959
-64.81998
-64.99367
-64.77630
-65.61233
-65.19581
-65.23042
-67.09992
-67.91764
-66.15081
-60.19470
-58.83383
-59.15744
-59.91914
-61.16783
-61.84828
-60.68429
-62.65444
-62.23523
-62.64924
-63.88605
-56.97399
-55.69143
-56.19424
-56.76510
-57.62889
-58.92266
-60.44681
-62.42524
-62.57309
-63.72465
-66.72177
-61.50696
-60.09740
-60.32240
-60.60450
-61.15398
-62.03604
-62.73286
-63.50462
-65.40416
-64.96640
-64.41928
-61.25137
-58.75771
-58.19492
-57.97693
-59.39804
-59.84869
-59.96819
-61.31234
-62.83154
-62.39328
-63.57983
-59.43602
-56.50987
-57.21970
-57.25470
-57.88943
-57.78933
-58.78476
-59.52128
-59.81722
-59.48073
-61.48959
-58.18115
-55.15346
-54.73518
-54.93140
-57.02442
-57.31745
-57.17252
-56.67156
-57.87188
-59.02348
-61.67102
-60.35855
-55.57128
-54.50133
-54.41967
-57.75927
-61.54942
-56.71949
-56.94767
-61.10098
-61.65522
-65.13835
-57.43401
-51.34364
-51.91973
-53.63253
-56.16570
-56.37909
-51.44747
-49.61291
-51.01106
-53.79840
-58.92480
-56.21326
-49.93164
-50.06024
-50.78931
-50.83404
-51.52883
-51.85086
-51.89615
-52.49221
-52.86690
-53.10054
-54.88329
-51.61503
-50.36547
-52.01264
-50.01034
-48.88768
-50.01851
-50.39039
-50.19069
-50.08411
-54.33516
-54.71015
-51.29948
-51.08702
-50.67783
-51.65017
-52.78653
-54.26498
-52.64339
-52.46249
-54.15234
-54.89588
-55.96423
-56.56570
-57.73711
-59.31755
-62.37226
-63.24701
-63.61493
-62.34522
-64.07886
-64.79006
-65.18940
-66.19596
-54.25660
-50.11705
-49.63314
-50.39071
-52.23149
-53.31749
-53.13834
-54.36512
-56.08986
-53.39507
-53.50731
-52.21930
-51.13602
-51.47090
-52.24399
-54.06406
-56.73803
-57.37402
-57.28017
-59.18869
-59.41606
-63.07563
-53.50778
-49.55578
-49.17161
-48.63157
-48.77889
-48.99029
-50.11335
-50.81898
-50.77039
-50.59091
-50.85609
-51.38833
-51.62269
-51.34589
-51.49194
-51.07017
-51.96961
-53.87831
-51.56370
-50.68305
-51.58478
-54.60744
-53.84065
-49.85695
-50.32435
-51.12792
-51.89302
-52.10916
-52.80199
-53.20805
-52.88425
-53.32712
-53.76795
-53.85134
-52.77123
-52.12559
-52.05181
-52.24897
-52.24007
-52.84528
-52.74961
-52.33616
-52.30969
-52.43711
-52.98127
-54.04422
-53.95490
-54.57460
-57.69562
-58.04082
-59.71076
-60.40785
-61.72195
-61.65836
-66.13692
-59.67744
-50.28190
-49.67662
-49.96198
-51.82699
-54.30514
-57.24419
-58.30799
-59.70485
-61.44787
-62.56157
-62.26022
-53.27505
-51.93283
-51.40280
-52.54017
-53.02386
-52.93922
-53.84928
-53.32739
-53.27176
-53.16523
-53.22481
-54.64648
-55.37563
-54.21381
-54.69777
-55.14467
-55.19182
-54.41249
-54.57049
-54.18799
-54.40690
-54.79326
-54.47482
-55.72242
-56.53248
-56.83456
-58.43219
-58.58815
-55.33852
-53.59098
-54.13281
-54.86287
-55.99211
-55.84538
-52.84249
-52.34678
-53.08592
-53.19736
-52.90107
-53.72689
-55.17062
-54.74543
-54.69225
-55.03369
-54.84316
-53.41928
-53.68801
-56.95854
-59.61427
-60.40616
-61.87639
-61.76763
-63.92303
-61.76241
-65.52034
-56.43809
-50.42878
-50.67446
-50.98144
-51.68749
-51.84088
-53.71243
-55.52425
-57.52507
-57.66218
-58.97097
-56.38987
-52.41433
-51.40208
-50.87918
-52.05484
-52.73968
-54.31924
-55.34485
-55.13155
-54.90299
-54.92061
-55.56543
-54.81501
-54.89285
-55.15202
-54.30308
-54.80331
-55.60834
-54.74654
-54.80213
-55.20193
-54.72850
-55.57567
-53.96861
-52.05886
-51.86791
-52.38724
-53.60602
-56.30709
-58.47824
-59.09838
-60.51236
-62.74936
-66.68608
-57.32136
-52.56838
-53.25882
-53.98701
-52.95062
-52.62364
-53.42161
-53.55210
-54.23067
-54.06029
-54.63184
-57.39890
-54.69445
-52.50435
-53.80581
-55.04326
-55.06449
-55.82492
-54.81263
-55.07763
-55.84807
-55.73133
-55.00211
-54.20523
-54.21633
-54.41488
-55.35651
-55.49456
-55.25883
-54.58546
-54.38113
-53.07594
-53.30221
-53.98554
-53.81390
-53.21625
-52.03498
-51.69324
-54.02436
-59.22424
-63.01568
-66.12861
-66.72538
-67.48636
-68.54061
-68.22624
-68.80733
-70.02189
-69.27872
-72.37672
-71.46165
-66.98443
-67.84081
-68.93036
-72.05541
-68.18777
-64.52687
-64.49150
-63.39188
-64.33462
-67.25469
-69.18758
-68.87285
-71.04641
-72.20417
-75.60031
-72.05381
-68.44439
-66.11409
-63.97497
-65.07118
-64.46422
-66.24899
-67.68673
-68.25509
-69.63228
-67.94700
-68.28711
-64.00726
-61.15522
-60.51040
-61.03820
-62.40583
-63.53645
-64.55918
-64.18156
-65.48027
-66.45284
-67.01605
-61.38803
-58.29096
-57.04656
-56.59951
-57.74257
-58.12385
-59.48680
-60.37724
-61.15938
-62.18781
-63.40018
-63.10279
-60.55567
-60.14870
-59.36691
-59.22021
-60.92374
-62.12535
-62.87375
-63.24285
-63.92157
-64.84125
-63.99282
-61.47611
-61.16781
-61.04383
-60.82999
-60.38134
-58.29124
-58.35580
-60.06503
-61.06632
-61.75132
-58.60899
-56.71878
-57.48357
-58.23989
-58.62492
-59.05768
-59.29468
-59.53202
-61.43362
-64.30672
-68.49300
-69.25050
-68.16477
-67.63503
-67.05580
-69.01569
-69.94986
-70.21795
-70.37939
-69.13621
-70.26361
-71.13747
-69.82290
-64.55141
-61.07504
-60.35398
-61.21485
-62.09879
-62.27211
-62.50452
-62.56509
-63.29226
-63.91974
-64.53661
-61.99986
-59.43932
-58.80086
-60.17769
-61.28556
-62.35853
-64.63300
-65.06012
-66.64183
-70.45622
-73.64994
-65.63979
-60.64422
-59.26729
-58.79362
-60.08342
-60.48161
-59.83184
-61.11172
-62.21639
-62.84821
-64.22873
-63.85123
-61.94139
-61.29205
-62.46684
-62.75241
-61.26612
-59.23780
-59.45139
-61.10310
-61.44814
-63.12248
-59.47819
-56.53679
-55.99441
-57.14382
-60.88013
-63.52446
-65.56507
-65.51682
-66.71158
-67.49380
-69.20871
-66.71365
-65.70197
-66.34971
-64.73343
-65.19628
-64.76421
-65.11616
-64.31098
-66.10310
-67.39376
-67.96148
-65.35522
-61.59348
-60.81390
-60.96277
-62.20035
-63.31636
-63.07516
-63.15070
-64.17355
-64.09672
-66.22400
-61.70150
-57.04897
-57.81518
-58.87375
-57.75789
-59.20940
-60.32716
-60.80381
-64.83629
-66.92699
-70.91145
-72.19001
-65.71184
-63.86518
-64.04974
-63.95654
-63.42133
-63.42278
-63.88994
-64.03140
-64.96028
-66.96768
-68.10965
-63.62145
-60.68105
-60.55311
-61.59491
-61.52402
-62.03408
-62.60472
-62.96699
-63.79652
-64.50127
-65.74272
-59.61667
-57.58581
-56.52503
-56.47583
-58.18432
-58.73333
-59.93467
-60.98603
-61.50934
-63.41806
-67.86936
-63.79074
-60.73116
-60.47472
-62.33285
-62.91330
-63.01778
-62.44952
-61.62530
-62.18410
-63.57096
-63.76755
-59.85253
-58.99192
-60.65920
-62.21199
-62.38234
-64.93153
-64.65116
-65.07775
-65.64396
-65.10585
-65.40498
-60.59825
-58.88702
-56.69555
-56.30572
-59.03781
-61.22237
-63.82067
-65.03706
-64.81995
-63.73676
-64.78554
-63.21801
-60.43517
-61.97049
-61.69760
-60.35420
-61.17211
-62.94114
-64.13585
-65.55909
-65.68432
-66.95403
-61.67407
-56.74225
-57.30462
-57.35575
-57.83463
-59.01776
-59.66419
-60.01508
-60.53284
-61.52813
-63.93715
-64.88832
-62.19644
-61.33405
-58.74421
-60.04596
-60.35793
-61.01431
-62.61036
-61.07772
-65.00649
-70.62723
-71.38826
-66.91195
-66.53754
-66.50877
-65.92709
-65.63591
-65.68113
-66.24809
-67.03374
-66.88160
-67.34966
-66.55268
-64.12960
-63.10671
-62.22553
-62.06847
-61.91072
-63.30818
-63.17861
-64.01698
-62.79333
-64.04631
-63.23996
-57.27191
-55.43863
-55.35264
-55.62640
-56.94152
-58.16175
-58.38436
-59.54567
-59.95360
-60.80259
-64.15863
-64.39796
-60.85042
-60.57906
-60.80033
-61.46702
-63.99536
-63.80976
-63.77421
-63.88777
-63.73825
-63.96124
-64.21677
-59.79582
-58.05848
-60.62506
-61.50615
-61.94605
-62.09170
-62.45878
-62.91861
-63.77714
-65.80571
-59.96044
-56.18522
-57.25981
-56.27518
-57.05534
-58.61129
-59.20879
-60.14684
-60.72275
-62.58930
-63.06994
-62.57147
-56.05432
-53.81265
-53.61567
-54.05728
-54.34750
-55.30050
-57.13916
-59.49309
-59.93611
-59.12775
-57.52875
-56.22343
-58.00655
-57.93700
-58.43860
-59.63590
-63.49895
-64.37800
-65.02900
-66.55847
-66.19223
-60.27779
-55.56817
-55.38479
-56.87482
-58.12222
-58.54531
-59.25261
-60.09493
-60.85110
-61.74690
-63.33140
-63.06707
-62.35478
-61.51458
-61.37146
-62.82367
-63.29793
-63.61411
-62.94570
-62.33852
-63.70388
-64.68120
-67.51380
-62.15504
-58.86563
-60.04149
-62.03935
-64.16544
-65.94494
-64.02368
-65.21707
-66.49471
-65.91349
-65.88028
-59.97281
-59.03205
-58.57716
-57.86637
-58.99241
-59.48069
-57.29201
-55.46626
-55.82903
-56.03007
-58.02996
-61.42151
-60.16621
-59.91064
-61.61448
-62.46320
-62.02602
-62.21932
-62.61003
-62.79646
-63.32798
-64.53203
-62.58783
-59.66459
-61.09074
-63.06483
-62.89527
-62.62052
-64.21033
-64.91320
-64.68697
-64.30693
-65.01589
-58.06031
-54.13941
-54.98608
-56.15704
-56.47321
-55.82502
-56.60995
-56.51719
-58.34915
-60.82866
-59.31852
-59.39902
-61.23383
-62.59107
-63.96503
-63.46544
-61.37351
-62.21819
-62.10385
-62.82958
-62.72286
-63.75723
-60.75581
-59.16630
-60.16964
-60.43204
-61.74449
-60.97774
-62.36161
-63.08231
-64.78205
-63.35478
-64.30497
-60.46232
-56.22821
-55.79028
-54.90275
-55.06734
-57.61938
-59.41880
-59.38405
-60.02132
-61.20129
-65.76505
-56.33741
-54.55738
-58.07767
-60.43052
-63.54956
-65.01737
-69.40574
-71.30363
-74.21302
-75.20157
-73.00138
-60.72200
-57.11859
-56.91596
-56.74983
-57.02201
-58.03053
-59.45160
-59.69280
-63.32275
-64.98317
-65.87518
-60.81093
-54.95664
-55.81517
-55.06627
-55.86364
-55.74429
-54.48739
-55.40185
-54.98518
-57.73287
-60.66140
-60.97560
-56.08166
-54.70783
-54.75481
-56.85083
-59.09987
-58.58570
-57.95926
-56.79933
-57.13027
-58.00188
-57.85850
-54.12741
-54.10941
-54.32737
-55.14979
-54.70741
-55.03288
-55.53768
-55.03525
-55.47088
-54.39110
-57.24943
-56.30755
-55.30333
-55.77622
-55.10791
-55.17582
-55.92897
-56.19912
-55.57109
-56.96415
-58.66824
-58.03903
-56.17470
-56.72255
-56.84975
-57.11172
-57.44030
-57.75852
-58.94088
-60.68588
-61.70697
-61.73935
-61.84479
-57.05701
-55.08252
-53.82031
-54.42664
-55.90628
-56.81263
-58.79683
-61.55831
-62.94621
-61.08317
-63.79717
-57.20900
-54.75385
-53.93145
-54.55397
-55.42468
-55.31955
-55.97663
-56.89298
-57.38432
-56.15465
-59.85205
-54.64321
-53.17803
-53.70915
-53.91836
-54.87871
-54.38932
-55.26264
-54.74055
-55.02360
-54.39142
-54.61699
-53.81121
-53.16230
-53.06498
-52.84881
-53.11053
-53.24402
-53.92066
-52.63390
-53.08279
-55.73925
-56.71335
-56.83563
-55.47826
-54.40943
-54.86610
-54.93208
-54.57010
-54.62325
-54.59786
-55.09807
-54.70673
-55.08616
-54.97418
-55.73019
-57.67895
-57.04174
-57.99427
-58.37672
-58.88867
-59.73016
-58.97614
-58.37898
-57.84838
-56.94369
-57.17898
-57.05775
-57.60624
-58.46574
-58.73570
-60.28664
-59.63197
-59.74080
-57.82344
-57.17846
-56.14005
-54.45190
-54.09238
-54.03681
-53.85744
-52.82028
-52.59010
-52.65062
-53.37644
-52.76599
-54.05690
-55.21827
-54.45566
-54.74992
-57.79193
-56.86900
-55.73575
-59.82067
-59.26930
-59.60476
-59.65542
-60.49355
-57.61822
-56.54478
-56.89791
-56.19708
-57.55355
-59.02805
-56.97058
-56.34393
-55.88308
-55.75416
-57.25419
-58.91341
-58.43806
-56.54431
-57.25543
-55.98077
-55.67508
-56.26925
-58.53232
-57.67290
-57.87672
-59.96668
-61.33592
-59.91294
-59.67743
-60.86709
-60.74842
-61.29189
-59.96571
-61.73495
-61.57735
-62.53173
-61.66663
-63.25006
-58.01120
-54.10947
-53.19030
-52.56999
-53.08223
-52.70653
-54.24058
-56.53907
-56.49359
-57.09318
-61.90529
-59.35410
-55.49392
-53.98627
-53.68648
-53.69115
-53.93416
-54.99857
-55.54882
-57.13003
-56.40446
-59.04393
-56.80787
-53.90259
-55.58356
-55.62536
-56.07415
-56.11685
-56.83524
-57.60084
-57.42182
-57.66327
-57.75744
-58.79386
-56.96027
-56.01654
-55.78494
-56.05153
-56.46132
-57.58298
-57.20375
-54.66190
-55.71357
-55.85361
-57.33839
-57.74947
-56.91976
-57.06728
-56.45526
-56.35133
-56.10434
-56.88731
-56.85837
-55.37865
-55.52812
-55.62143
-55.68816
-56.92753
-57.23056
-57.90957
-57.17278
-57.18062
-57.26961
-57.57871
-58.31963
-57.97128
-57.85831
-57.54916
-57.13027
-57.44520
-58.07448
-57.63532
-58.25292
-58.48127
-56.31175
-56.95230
-58.68248
-59.62207
-57.33316
-54.92254
-54.20391
-54.25580
-54.85301
-55.32801
-56.09845
-55.66954
-56.91062
-58.63368
-56.86078
-53.42218
-54.36618
-54.79870
-55.17598
-56.89438
-56.25249
-57.53347
-56.83360
-57.40819
-57.84658
-57.98311
-56.47493
-55.48959
-54.59696
-54.78346
-56.52218
-57.24542
-59.83218
-56.18516
-55.70934
-58.00756
-58.38539
-59.27828
-56.91607
-56.22386
-56.41124
-55.92235
-56.48033
-57.09020
-57.38021
-55.74491
-56.30251
-57.31162
-55.20949
-56.96838
-57.63136
-57.74023
-58.70126
-59.34980
-60.38914
-60.65061
-62.15772
-62.41571
-63.03920
-58.41127
-56.02170
-55.19180
-54.57559
-55.61554
-56.04871
-56.86050
-57.24476
-57.57182
-59.88163
-61.25823
-57.87457
-55.47552
-54.85732
-54.55910
-55.53733
-56.38079
-56.02210
-57.19127
-57.25655
-59.22881
-62.27023
-55.44687
-54.10699
-55.98607
-56.28402
-56.94682
-57.15372
-57.11750
-57.72176
-57.80839
-57.40475
-57.61951
-58.69658
-57.52097
-55.87843
-54.90294
-54.92500
-56.02333
-58.19405
-59.93522
-54.49326
-53.89324
-56.08432
-58.03217
-57.80294
-54.76444
-54.22480
-54.78430
-55.31133
-54.90390
-55.41403
-55.54709
-53.98042
-54.49589
-56.15767
-56.17605
-56.29831
-56.67561
-56.70364
-57.94395
-58.55092
-58.87643
-58.57448
-58.10611
-57.42905
-56.25537
-56.56664
-56.26090
-56.41525
-57.15357
-59.88104
-58.65145
-60.54087
-60.91454
-59.07405
-57.03352
-57.77995
-57.87085
-56.24664
-55.88452
-54.92381
-56.54404
-55.54902
-56.50769
-56.48875
-59.38292
-59.14473
-60.19621
-56.89096
-53.91970
-54.87562
-55.47540
-56.69616
-56.76144
-57.32714
-55.52022
-55.74901
-56.51873
-57.01893
-57.36835
-56.00914
-54.21592
-54.56893
-55.61273
-56.11566
-56.41051
-55.68524
-53.98771
-54.67967
-55.95166
-56.28416
-53.65065
-53.95632
-55.36454
-54.64748
-54.93095
-55.88637
-58.17140
-56.92090
-56.38568
-56.91573
-58.59303
-56.13022
-55.85027
-56.27837
-53.83390
-53.16060
-53.27760
-53.59645
-53.08489
-52.07912
-51.69196
-52.05571
-52.40109
-52.18637
-51.45865
-51.05011
-51.00205
-50.72538
-51.35140
-51.90689
-52.35857
-52.08900
-53.11888
-56.75147
-56.05897
-53.36140
-52.73073
-53.79132
-54.82279
-55.71544
-55.88028
-54.58764
-55.37429
-57.59196
-53.56855
-54.13549
-57.67922
-57.41300
-58.21714
-57.73317
-58.25270
-57.92566
-60.44472
-62.26041
-58.27852
-56.61735
-55.04190
-54.79609
-55.70369
-55.57863
-56.47262
-57.78308
-55.65947
-54.16496
-55.38518
-56.90069
-58.37747
-56.92354
-55.65036
-55.89163
-55.74905
-56.21502
-55.82231
-56.11855
-56.49575
-56.40585
-56.61566
-56.38676
-55.97313
-57.12065
-58.45215
-59.29648
-58.74471
-58.45767
-59.09752
-56.95234
-57.58977
-57.32637
-57.99007
-56.09346
-55.08124
-55.42243
-54.93072
-55.11454
-55.95235
-55.74651
-53.91040
-55.33812
-56.39311
-56.95483
-55.30092
-55.30950
-56.02079
-56.84811
-57.38940
-57.25634
-57.19389
-58.27398
-57.99931
-58.25228
-57.50516
-54.31366
-55.08549
-55.96515
-57.22636
-58.07157
-58.06661
-58.12777
-58.33134
-58.57329
-59.19412
-59.44739
-57.40030
-55.62987
-55.09242
-54.45742
-54.23535
-56.00294
-57.84819
-55.00942
-53.63436
-55.09728
-58.87139
-57.96090
-54.92693
-55.65504
-55.75748
-55.79247
-56.42804
-56.48894
-58.44436
-56.25741
-53.93299
-55.32963
-55.00768
-56.08010
-56.29771
-56.48960
-56.80596
-56.99082
-58.34879
-60.42451
-60.44895
-59.74934
-59.85237
-58.89395
-55.44384
-52.48445
-52.89458
-52.65115
-51.51425
-51.31978
-51.78535
-52.01563
-52.20965
-52.41720
-54.10074
-53.37325
-51.45396
-52.93742
-54.04178
-56.40179
-57.85751
-57.18701
-58.84425
-58.73246
-61.75972
-54.60505
-50.60400
-51.32506
-51.81180
-52.85581
-52.55925
-51.63170
-51.67879
-51.90167
-52.71014
-51.13558
-51.02096
-52.38357
-50.31120
-51.46581
-52.90730
-52.00677
-51.85754
-52.55412
-51.85730
-51.85101
-52.02018
-51.78526
-52.31034
-51.79077
-52.34333
-53.21402
-53.71475
-54.33380
-54.02407
-53.32493
-54.20679
-56.10400
-58.18469
-57.09020
-57.38759
-58.41140
-58.51955
-58.28026
-58.11680
-58.71940
-59.10431
-59.14385
-59.07024
-59.44703
-56.30041
-52.63749
-51.42085
-52.41667
-52.43851
-52.41448
-52.57757
-52.30691
-53.59888
-55.33916
-55.91155
-54.80430
-53.55334
-52.80165
-53.16006
-54.19113
-55.83534
-56.56912
-57.88639
-58.66078
-58.70206
-58.26284
-53.43251
-53.34733
-55.00408
-52.98411
-52.83014
-52.52246
-51.76839
-51.50727
-52.20696
-56.21371
-54.58857
-52.53230
-52.56582
-53.49581
-54.50268
-52.16447
-51.38180
-52.18611
-52.42247
-53.08177
-53.42016
-55.27269
-56.46980
-52.42401
-52.26801
-52.22963
-52.58730
-52.74482
-52.00918
-52.28719
-52.82302
-53.39251
-53.32217
-54.47379
-56.71006
-58.61446
-58.57336
-58.67804
-58.16660
-58.91833
-60.56525
-59.49266
-59.02279
-61.17982
-61.46222
-57.99583
-54.51036
-53.02934
-52.44443
-51.43199
-52.27368
-53.40272
-53.73285
-54.09488
-53.94305
-56.20127
-54.62749
-53.04138
-53.54104
-53.59624
-55.17999
-57.67763
-59.39631
-60.40257
-58.66967
-61.03063
-57.36172
-53.01811
-54.02179
-53.61608
-53.76353
-53.97324
-55.07563
-55.15225
-54.95977
-55.46790
-55.78336
-55.28835
-55.86268
-53.74282
-53.57535
-55.19829
-52.10367
-52.59845
-53.35663
-53.31748
-53.80457
-53.94685
-55.13953
-55.65140
-54.18259
-52.78848
-52.65148
-53.46425
-54.39669
-54.88050
-55.08802
-54.88207
-55.15224
-58.22863
-57.73697
-54.82021
-53.74848
-52.98544
-52.76574
-52.44989
-52.37847
-52.39663
-52.84427
-53.62989
-54.98394
-55.22600
-55.20478
-55.49093
-54.86983
-54.63217
-56.09973
-56.09009
-54.29670
-54.57369
-54.84305
-54.41504
-52.86068
-51.64021
-52.26008
-52.90833
-53.06465
-52.52370
-52.21700
-52.09700
-51.36733
-50.95214
-51.29010
-51.79759
-52.40757
-53.31882
-52.55933
-51.29076
-50.50937
-51.55768
-51.87522
-51.75061
-52.55024
-52.96929
-53.13434
-53.77444
-54.19364
-53.07690
-52.05585
-51.89864
-52.44815
-51.25054
-51.38493
-52.35759
-54.48349
-52.40855
-52.36419
-53.52725
-52.84216
-54.08093
-52.59154
-52.48553
-51.73379
-51.62944
-52.59029
-52.25807
-50.55189
-51.56244
-53.53232
-53.80639
-53.87407
-55.55381
-57.17885
-58.64542
-60.38489
-60.50893
-61.31278
-61.76777
-59.23625
-53.09542
-51.61443
-51.65411
-53.28127
-53.26722
-53.05538
-53.71525
-53.98598
-54.84200
-54.35248
-54.04773
-52.28092
-51.09060
-51.45522
-53.80189
-56.22145
-57.78194
-58.51092
-59.03584
-58.94529
-57.96228
-55.14706
-52.31079
-51.03205
-50.98491
-50.97602
-50.99053
-52.19699
-53.60390
-52.99633
-52.73446
-52.99686
-53.38135
-54.27425
-52.45496
-52.05542
-53.38422
-52.94551
-52.56176
-53.62728
-53.25890
-54.06036
-53.41765
-54.15549
-53.69916
-50.60426
-51.55189
-52.99749
-53.25656
-53.42055
-54.19805
-53.89447
-54.35305
-55.76669
-54.37499
-51.07491
-51.39807
-53.05474
-53.36146
-53.75474
-53.78258
-54.02325
-53.34092
-53.98530
-53.89839
-53.10108
-52.91347
-54.21609
-55.09491
-56.41467
-57.77632
-60.86120
-62.14833
-59.17193
-61.54073
-63.38229
-62.77432
-55.35134
-52.66552
-52.51295
-51.59786
-52.74858
-54.05284
-53.73217
-54.72882
-55.78277
-58.06707
-58.52115
-54.11090
-54.39974
-51.93127
-51.61594
-52.76860
-53.48525
-57.36314
-57.30787
-58.20609
-58.68598
-59.54342
-57.07673
-55.80944
-54.74272
-54.46325
-54.78896
-54.63932
-54.30742
-52.67952
-52.67673
-53.10991
-54.52943
-54.97057
-53.42412
-53.04553
-53.50733
-53.68121
-54.27298
-52.99062
-52.99426
-53.72853
-54.92065
-54.78449
-53.76563
-54.50966
-55.17421
-55.17237
-55.39571
-54.55661
-54.67040
-55.95201
-56.35474
-55.70865
-55.20443
-55.61679
-51.77203
-51.05637
-51.92694
-53.43711
-55.81919
-56.21675
-53.79567
-54.86776
-59.81207
-62.31078
-62.69315
-56.23172
-51.21124
-50.03406
-50.07346
-50.22951
-53.84025
-57.17762
-58.10491
-57.38207
-58.95062
-55.70167
-53.34227
-54.01819
-54.07461
-54.60342
-54.91924
-55.90116
-55.05670
-56.21575
-55.69897
-56.29290
-56.25193
-54.91841
-55.38397
-53.69746
-54.33747
-55.06252
-57.60046
-58.20336
-54.65694
-55.37995
-56.24707
-56.18759
-55.93645
-54.07231
-52.91868
-53.88848
-56.04712
-58.49887
-59.33398
-59.77239
-59.94247
-58.10854
-55.82800
-54.65314
-54.46652
-53.78791
-53.19069
-53.01476
-53.03873
-53.97166
-53.41492
-53.55542
-54.46356
-54.45446
-55.06134
-54.71537
-56.97011
-57.71359
-57.38549
-57.77760
-56.00730
-55.36958
-54.85753
-54.82064
-56.16459
-54.15505
-54.09265
-55.08562
-53.27605
-54.55326
-53.86946
-55.15148
-54.09100
-53.90332
-54.25234
-51.31272
-52.53044
-53.84353
-54.09253
-54.11715
-54.53537
-55.21633
-56.51337
-56.37985
-57.08693
-58.35784
-58.96937
-56.97195
-55.90322
-56.01917
-55.77920
-56.50593
-56.99250
-57.03143
-57.10700
-58.38124
-55.70063
-54.03315
-52.62947
-53.09089
-53.62984
-53.33641
-54.65048
-54.31414
-53.59804
-55.23681
-56.01772
-54.30345
-56.21396
-55.67225
-54.71458
-55.73610
-54.85387
-55.90126
-56.74769
-56.25707
-57.77341
-60.21934
-59.74890
-61.80583
-56.20717
-50.87261
-51.07597
-51.16081
-51.42686
-52.01337
-53.07602
-53.15168
-52.86366
-53.08354
-52.16001
-52.24637
-51.56780
-51.36733
-50.93848
-52.34241
-54.19826
-56.37490
-58.31175
-59.48932
-57.99893
-57.53987
-58.71035
-51.43124
-50.90626
-51.56588
-51.07997
-51.95458
-51.83901
-52.99049
-52.71274
-52.05779
-51.67951
-50.95392
-50.60980
-51.70477
-51.62370
-51.33537
-52.16337
-51.61942
-50.17842
-49.94275
-50.93530
-50.82908
-50.97252
-51.59784
-52.13016
-51.18289
-51.60119
-51.87776
-51.32460
-51.72749
-51.53119
-51.29142
-51.89610
-53.48417
-52.31670
-53.57291
-53.57452
-53.24817
-53.10521
-53.02783
-52.97364
-52.49237
-53.35368
-52.21270
-52.06994
-52.39653
-52.74098
-52.41650
-52.32680
-51.48457
-52.28289
-52.73753
-52.59362
-52.68617
-53.40837
-54.14172
-52.86357
-52.12484
-52.53088
-53.05187
-52.05377
-52.11291
-51.88268
-52.95463
-53.56692
-52.78177
-53.72458
-52.86583
-52.81057
-53.82734
-52.91562
-53.12006
-52.22618
-54.00654
-55.57243
-54.20097
-53.96201
-53.09036
-52.87834
-52.95952
-53.14541
-53.99570
-53.94403
-50.95527
-50.85285
-51.90752
-51.70069
-52.69739
-51.88526
-51.38473
-53.19108
-50.91668
-50.71994
-53.91026
-52.43272
-51.04785
-52.46520
-51.76096
-52.36808
-55.44830
-52.39595
-51.82975
-54.95409
-56.59517
-57.92388
-59.00156
-59.63036
-60.13328
-60.09233
-60.71197
-61.22923
-61.26353
-53.64249
-50.64024
-50.84955
-50.55072
-50.99931
-51.15650
-51.71858
-52.04648
-52.87718
-53.24479
-52.57503
-52.05996
-52.58780
-52.82175
-52.94468
-53.54378
-54.46580
-55.94584
-56.97743
-56.61131
-55.87644
-58.22070
-54.60825
-51.10157
-51.92832
-51.85294
-52.23519
-52.90353
-53.04215
-53.47553
-53.50077
-53.61289
-52.99851
-53.38581
-52.36917
-52.66772
-52.54312
-52.96652
-53.58748
-52.03492
-51.83855
-52.46540
-53.21483
-52.40788
-52.28715
-51.75178
-52.66474
-52.96081
-52.13593
-51.04373
-50.22734
-51.31453
-51.40629
-51.05309
-50.95672
-51.81605
-53.15650
-53.94402
-53.66438
-53.58964
-53.14501
-53.10357
-53.90856
-53.32688
-52.93514
-52.79636
-53.88518
-53.89020
-53.00604
-53.35712
-53.29931
-53.06708
-52.34664
-51.90949
-52.93107
-53.48803
-53.44464
-53.16479
-52.44078
-52.35423
-51.82204
-51.67256
-51.23616
-51.71547
-52.65804
-52.41691
-55.17802
-57.32407
-51.98529
-50.21807
-50.82750
-50.29223
-51.91274
-51.95930
-52.25066
-52.16594
-52.67343
-53.69100
-53.04682
-53.73321
-51.96926
-52.68514
-52.61310
-52.91529
-52.93444
-52.61711
-53.56080
-53.88130
-51.99144
-52.08755
-52.29241
-52.24879
-53.24165
-50.65284
-50.77993
-50.86518
-51.88532
-52.49182
-53.15398
-53.64024
-54.49487
-55.63123
-55.76735
-56.43238
-57.14662
-58.56612
-57.87431
-58.60134
-59.12341
-59.45924
-58.59488
-59.51393
-60.05905
-56.37119
-52.57082
-51.41906
-51.06526
-51.66862
-51.99622
-52.20316
-52.50298
-52.73397
-52.83280
-51.66093
-51.50608
-50.76569
-50.94861
-52.26515
-54.23306
-55.94409
-57.03548
-57.19588
-56.98997
-59.63926
-52.54796
-48.98011
-50.93296
-51.91887
-51.77413
-52.24193
-52.10972
-52.22272
-51.99441
-52.38698
-53.55226
-53.20694
-52.71198
-51.95713
-53.02826
-51.59276
-50.33731
-51.41220
-53.44696
-53.65368
-51.01547
-50.48897
-50.02860
-50.86489
-51.57041
-51.59817
-51.50447
-52.90538
-54.33913
-54.63043
-55.22012
-50.29627
-48.74876
-49.69338
-50.53425
-52.25420
-52.07549
-52.07812
-53.01944
-53.57269
-53.75049
-54.10151
-53.00028
-53.51191
-54.09206
-53.25012
-52.64446
-52.37894
-52.97940
-52.71254
-51.60666
-51.28062
-53.56579
-53.29197
-52.98407
-52.35597
-51.18419
-52.46601
-54.13960
-51.97064
-51.62912
-52.76887
-52.12592
-52.57862
-52.19896
-52.92112
-56.63253
-59.13272
-54.18770
-52.97137
-52.89299
-53.68999
-54.63195
-54.33106
-54.81862
-54.92170
-54.87110
-54.80709
-55.15590
-55.47911
-54.18917
-53.13583
-53.77752
-53.36826
-53.45891
-53.59265
-52.43291
-52.31671
-53.02821
-52.96270
-52.11828
-51.07788
-52.22052
-51.99522
-51.68145
-51.84246
-52.41548
-52.02192
-52.15538
-53.55233
-55.02415
-55.67748
-51.59378
-50.83781
-51.16539
-50.96149
-50.50783
-50.76298
-50.90207
-51.18494
-50.89301
-50.25608
-50.52896
-49.76838
-49.73465
-49.71236
-49.69413
-50.27955
-50.56212
-50.24404
-50.30956
-50.09322
-50.92712
-52.75519
-51.33530
-50.21769
-50.80959
-51.08242
-52.08586
-52.34063
-52.10869
-52.04555
-51.36271
-51.84300
-51.58063
-50.84399
-51.61716
-52.43637
-52.35407
-52.99672
-52.52777
-51.93768
-51.65795
-51.15830
-50.26530
-51.51832
-52.24560
-50.86781
-51.55907
-52.34728
-52.58329
-52.46913
-52.84542
-52.19998
-52.75349
-52.85187
-53.18030
-52.96520
-52.19132
-51.80326
-52.30413
-52.42341
-52.62492
-53.56392
-51.90729
-52.07788
-54.67065
-54.65845
-52.32844
-53.86738
-53.36458
-53.51296
-55.02205
-55.19973
-55.26952
-54.96256
-55.58505
-54.75750
-54.80028
-54.78269
-53.87129
-53.48111
-52.96685
-52.20208
-53.03403
-53.73417
-53.53439
-53.39455
-54.54107
-55.43371
-54.94195
-54.10034
-53.85603
-54.01497
-53.76610
-54.17047
-53.79575
-54.66873
-54.83870
-53.27610
-53.58864
-54.01866
-53.01871
-52.33912
-53.38758
-53.33019
-53.31734
-54.36448
-54.18146
-53.40086
-52.82558
-52.95591
-53.46630
-54.19075
-54.19266
-53.88851
-53.38319
-53.98504
-53.60336
-53.73881
-54.09453
-52.81199
-54.09204
-54.17418
-53.78319
-54.05615
-53.88717
-54.04775
-54.08535
-53.28285
-53.81114
-55.40193
-53.21287
-53.47605
-55.48078
-55.76973
-56.52479
-56.35893
-56.19562
-56.81303
-57.00016
-58.29400
-60.08030
-59.27207
-59.55229
-59.24513
-55.03606
-53.49812
-54.17256
-54.72555
-54.76346
-55.23588
-54.88780
-53.81615
-54.07861
-53.92182
-54.47099
-54.38791
-53.18913
-53.03616
-54.36032
-55.06341
-56.59875
-58.00605
-58.14052
-57.60061
-60.62217
-56.75260
-52.20411
-53.21653
-53.94187
-54.82504
-54.42745
-55.24234
-55.85820
-55.21365
-55.13896
-56.13172
-56.11074
-54.53007
-54.30823
-53.74508
-53.51593
-55.03778
-54.01855
-52.73533
-52.11965
-52.14409
-54.41438
-55.42332
-54.36709
-52.58815
-52.64494
-53.01223
-53.53676
-53.06408
-52.92561
-53.37712
-53.08847
-53.97652
-55.66466
-55.44971
-53.58654
-54.06985
-54.55584
-54.24300
-54.48369
-54.94242
-55.73251
-55.42240
-55.19937
-54.91397
-55.75335
-52.80614
-51.50692
-52.61362
-52.31832
-52.58524
-54.01702
-55.97066
-54.08636
-54.43942
-55.52253
-54.50230
-51.70711
-52.01313
-53.47017
-53.21543
-53.77145
-54.45979
-55.73435
-55.98513
-55.41529
-56.84123
-56.14018
-52.08767
-53.19406
-54.47902
-53.56309
-54.30909
-56.31538
-55.90986
-54.65270
-54.82016
-55.63739
-56.37480
-54.75417
-54.66125
-53.92817
-53.66410
-54.77337
-55.32516
-55.47093
-53.24029
-53.04413
-54.41800
-55.23069
-53.59351
-52.05077
-52.22107
-52.24486
-53.15935
-54.19146
-54.74330
-54.72317
-54.68556
-55.23530
-56.46302
-55.78044
-55.62133
-55.23524
-55.47581
-55.98838
-54.48621
-55.59460
-55.99870
-55.93771
-56.04390
-57.27956
-57.20558
-55.17118
-54.31089
-54.71258
-55.94431
-54.97075
-56.62983
-55.32811
-54.63390
-54.67799
-56.28377
-55.09714
-52.20411
-53.39253
-53.84301
-54.90830
-54.88602
-55.48861
-55.58337
-55.29573
-55.03865
-57.15777
-55.03143
-52.64521
-53.99225
-54.64707
-55.59026
-56.37322
-56.74000
-55.68735
-54.86206
-55.78784
-56.14737
-55.74731
-54.93714
-54.07802
-55.14134
-54.61617
-53.99230
-55.72432
-54.86926
-53.62841
-54.03907
-54.92559
-55.24111
-53.42775
-53.84969
-54.05214
-53.57718
-52.74742
-53.80232
-54.88787
-53.92845
-55.14051
-57.67591
-57.90490
-54.14989
-53.17572
-53.78036
-54.87125
-54.86027
-54.17253
-54.84955
-54.94262
-55.42922
-56.33431
-55.27859
-53.63491
-53.83717
-55.34836
-54.71650
-55.15177
-55.59815
-55.92772
-55.52611
-54.54361
-54.53841
-54.28431
-53.47269
-52.92180
-53.40489
-52.94531
-53.09896
-53.25408
-53.95844
-54.47219
-54.37789
-54.05958
-54.64749
-53.18316
-52.20360
-51.94599
-53.31935
-54.96755
-53.16729
-52.77936
-53.18915
-54.87512
-53.35335
-55.20486
-55.01123
-53.80604
-53.23696
-52.63208
-54.90192
-54.88032
-54.27819
-52.21119
-52.01297
-51.88754
-53.92305
-53.59770
-52.56802
-53.84689
-52.46478
-52.83833
-52.94709
-52.03267
-52.12619
-52.64767
-52.60952
-53.89380
-54.49275
-54.68492
-55.52241
-54.87058
-55.10173
-56.53011
-57.84435
-58.72434
-60.36740
-60.25050
-61.77239
-59.94284
-54.05553
-52.70409
-53.67131
-54.28865
-54.59330
-54.19593
-53.55097
-53.56721
-54.64287
-55.37476
-55.28936
-54.30319
-52.40135
-52.08105
-53.02847
-54.80487
-56.71804
-57.91060
-59.26299
-58.87731
-59.23309
-56.35270
-52.20925
-53.35673
-55.54597
-55.40949
-55.25856
-54.39091
-54.96771
-54.78518
-56.12907
-56.33794
-55.30129
-54.82423
-55.28013
-55.05339
-54.80241
-55.35368
-55.07875
-55.46951
-53.00363
-53.66380
-54.48894
-55.08891
-55.39501
-54.16309
-54.11492
-53.82362
-54.79296
-55.12825
-56.01149
-55.15650
-53.74891
-53.99308
-55.81849
-54.53330
-52.35558
-52.56246
-53.52334
-54.08971
-53.64860
-54.52625
-54.16568
-54.23300
-55.06186
-54.79992
-55.18138
-54.87527
-54.50485
-54.49107
-54.75799
-56.61824
-56.56321
-54.98754
-54.69149
-55.87010
-56.54653
-54.91544
-53.53764
-52.27151
-52.92327
-53.43443
-53.89093
-53.46711
-53.31777
-52.92946
-52.03592
-53.53819
-53.63444
-53.29447
-53.56439
-53.71332
-53.65486
-53.72862
-54.86067
-55.72827
-56.06669
-55.58276
-55.20232
-55.13232
-53.30343
-53.46465
-53.05611
-52.84186
-53.75045
-54.98746
-54.58045
-53.90996
-54.71941
-56.83069
-59.29849
-53.40354
-51.94227
-53.88329
-54.12420
-53.59248
-54.25962
-53.69386
-53.45850
-53.71470
-54.44774
-54.81581
-53.78931
-54.41447
-54.45663
-54.63611
-53.98804
-54.59725
-55.57258
-55.20684
-55.49992
-55.38505
-55.57962
-54.37410
-53.48723
-53.57138
-54.14451
-54.79557
-56.35873
-55.60108
-54.42404
-57.27741
-59.76557
-60.50559
-54.28695
-52.66591
-53.73298
-53.54747
-52.77988
-52.69836
-52.71532
-53.25708
-53.22928
-53.86256
-58.30702
-53.59032
-53.34131
-54.88011
-54.50863
-54.90388
-55.31931
-55.98073
-55.23435
-55.58116
-54.77572
-55.79757
-55.48061
-54.05575
-54.67087
-55.39500
-55.17377
-55.10187
-55.78192
-54.65638
-53.52026
-55.12085
-55.41335
-54.86584
-55.71430
-55.26488
-55.04353
-56.18571
-57.51269
-58.72668
-58.72674
-59.45965
-59.58274
-56.65538
-54.17376
-53.67461
-53.57203
-53.63428
-54.33098
-53.96010
-54.61308
-54.10121
-54.27315
-55.83839
-55.79241
-56.23893
-55.77462
-55.23682
-55.82457
-57.21740
-58.49453
-57.68216
-56.55128
-57.06421
-56.19367
-57.00434
-56.10256
-54.25440
-56.20681
-56.07045
-56.54391
-57.22901
-56.62929
-55.76767
-54.41825
-54.62638
-55.30107
-55.01341
-52.89783
-53.22632
-54.67114
-53.96821
-53.11421
-53.00989
-53.22971
-53.13519
-55.21350
-55.88956
-55.48050
-54.40017
-54.17700
-55.33468
-55.59127
-56.40777
-56.88081
-56.67661
-53.45364
-54.01655
-55.94138
-55.97799
-53.86220
-54.45802
-55.43521
-55.24951
-55.92277
-55.55911
-58.04779
-54.17863
-54.22374
-57.47867
-60.19610
-57.89449
-56.16562
-58.31376
-59.13945
-61.60154
-62.31161
-64.71801
-64.69739
-65.80102
-66.33798
-67.58825
-66.84148
-60.62815
-59.19508
-60.73697
-63.17712
-64.55513
-64.95683
-66.44942
-67.73035
-72.58688
-78.11249
-71.49684
-60.93875
-57.95137
-58.86134
-58.90338
-60.48133
-62.91705
-63.71117
-63.53580
-63.62354
-64.42250
-65.58298
-62.07976
-62.62848
-62.02863
-60.01589
-60.99671
-61.21354
-61.86809
-61.91266
-62.95723
-62.61023
-63.64915
-60.08701
-58.72756
-61.73250
-61.14711
-62.67744
-66.23788
-67.96788
-67.59973
-67.07667
-68.40163
-69.60454
-64.47434
-59.61079
-59.60467
-59.75955
-58.23132
-59.02651
-58.66025
-59.14644
-59.56849
-59.33272
-62.08128
-61.47061
-59.36103
-59.60404
-60.42130
-61.31343
-62.17516
-62.79925
-63.91548
-63.88624
-64.66120
-66.60407
-64.50636
-57.10740
-56.86348
-59.84022
-62.56508
-67.45385
-66.39306
-71.65311
-75.18143
-75.58736
-78.42178
-67.90209
-58.18810
-56.27034
-56.23951
-57.08311
-58.08417
-58.81827
-59.66529
-59.95674
-62.95195
-63.60742
-64.67293
-61.63451
-59.53791
-60.83249
-62.36690
-61.87616
-62.06230
-62.41509
-62.34776
-63.19681
-62.67033
-63.93478
-62.84154
-56.87339
-56.91555
-58.59342
-58.94651
-59.20273
-59.76637
-62.49412
-63.74030
-65.47417
-65.70422
-69.48728
-61.36940
-58.43123
-59.59422
-59.34298
-58.94054
-58.97074
-59.26350
-60.63209
-60.85025
-60.21565
-61.95638
-64.29035
-65.41471
-58.63723
-58.34843
-61.41008
-61.42951
-61.22379
-60.94660
-61.99068
-63.07332
-63.41333
-62.79035
-63.44145
-65.81183
-63.57616
-59.83602
-59.42745
-60.21827
-61.64836
-65.49905
-68.46176
-68.17099
-68.56712
-69.33142
-70.68604
-70.55350
-72.03543
-62.82682
-56.76865
-56.95539
-57.15173
-57.67613
-59.14940
-58.63483
-59.93319
-60.48505
-61.27073
-61.40409
-61.41841
-62.73752
-63.58804
-60.57669
-56.94492
-56.89887
-57.71940
-58.99500
-59.90887
-60.82321
-61.95019
-61.76654
-62.14196
-63.21993
-63.39060
-63.31935
-62.72525
-60.32818
-59.47382
-60.56136
-63.64140
-67.66161
-67.98239
-69.80106
-70.82347
-70.73112
-71.10478
-72.50589
-72.67014
-74.15467
-71.15401
-63.20656
-60.89642
-60.17455
-60.83812
-61.97506
-62.45807
-63.73675
-63.93948
-64.59894
-65.19869
-64.21667
-63.77151
-63.71444
-64.01423
-64.44648
-64.60712
-64.68496
-65.57518
-68.84042
-71.37466
-74.18005
-77.44765
-78.22525
-78.10145
-78.53651
-80.15775
-81.75396
-85.34034
-87.49956
-88.73682
-89.67394
-93.73911
-95.80592
-98.85348
-96.23306
-95.40708
-95.10751
-98.37509
-100.15143
-99.99183
-101.42042
-107.14946
-108.68661
-109.64174
-115.42628
-110.56249
-115.29053
-109.35119
-147.52366
-109.88086
-127.07750
-105.83066
-114.57720
-106.12655
-107.88146
-102.04778
-100.34596
-94.59402
-88.02471
-72.10227
-61.68588
-64.74505
-60.10236
-55.84707
-58.75573
-60.59124
-60.54409
-61.53281
-64.11069
-65.57854
-67.86913
-70.02893
-71.16943
-72.60119
-74.03674
-77.86228
-76.53017
-81.19364
-78.46669
-96.29653
-70.17015
-63.04727
-63.38562
-66.91187
-65.29932
-60.43345
-62.55232
-66.44671
-67.90951
-68.32468
-69.57719
-71.08732
-71.34178
-72.96502
-73.01240
-75.44965
-76.00227
-79.59912
-78.01706
-82.37859
-80.08115
-90.54680
-72.66572
-68.22373
-68.79241
-60.20940
-59.43334
-60.31410
-62.48070
-66.10825
-65.97908
-66.63391
-66.12221
-66.83033
-67.21542
-68.35788
-69.46267
-70.45309
-71.46740
-72.23671
-73.58953
-73.66972
-75.97950
-74.97419
-79.19055
-73.85556
-65.21241
-64.80584
-65.18437
-61.31345
-58.99211
-61.20105
-64.64793
-65.50334
-66.31075
-67.86198
-69.04475
-69.59606
-70.52989
-71.70012
-72.26665
-73.66276
-74.46937
-76.36639
-76.40958
-79.98799
-78.26234
-84.22974
-79.29120
-98.04815
-68.30466
-63.55287
-65.20712
-57.54156
-58.64018
-61.74772
-61.71809
-62.36725
-63.94666
-65.70747
-66.53009
-69.21619
-70.83574
-73.15030
-69.76434
-69.76670
-72.41874
-73.48464
-73.89987
-75.93837
-78.72722
-80.10257
-82.08181
-79.07974
-80.48366
-75.56626
-65.41119
-64.38389
-65.53998
-64.89554
-65.62484
-65.62618
-66.09221
-66.85318
-67.36193
-67.51775
-68.02604
-68.96283
-69.46546
-70.45299
-68.56560
-71.85615
-61.92031
-59.65759
-60.91589
-59.83339
-61.27820
-60.91258
-62.02439
-62.78951
-64.48648
-64.26481
-65.95473
-65.54391
-65.96420
-67.59438
-67.87829
-67.67706
-71.13168
-65.62427
-58.07359
-59.40813
-58.95293
-55.42190
-55.29778
-58.00732
-58.19187
-59.29032
-59.62438
-58.80712
-60.40201
-58.01383
-58.09726
-59.06383
-58.70717
-59.43254
-60.35741
-61.36467
-61.89508
-63.21517
-63.16317
-65.43566
-62.94213
-62.38367
-63.92509
-63.10753
-63.39503
-61.45172
-62.65779
-62.67285
-64.09882
-59.24597
-57.57179
-59.29239
-58.79852
-59.53535
-59.77571
-61.20494
-61.83079
-63.03745
-63.26166
-64.08346
-64.59960
-66.69455
-67.03875
-67.02193
-67.95123
-68.15883
-68.88203
-69.78937
-72.72137
-72.93817
-75.75344
-72.99703
-70.81318
-67.72322
-67.12178
-67.97765
-68.64656
-68.97557
-68.33128
-67.98766
-69.38335
-69.02321
-70.04802
-69.12377
-71.20579
-70.62985
-72.95631
-72.22817
-74.33497
-71.29025
-59.25060
-57.72641
-56.94495
-57.45207
-58.64657
-59.55602
-60.42477
-60.83255
-61.36805
-62.04498
-63.38124
-68.58788
-72.47137
-69.73119
-74.45535
-70.77410
-66.72311
-67.65337
-66.38895
-64.10345
-64.23582
-62.63489
-63.23344
-62.25563
-64.66161
-59.16624
-56.66977
-58.69260
-58.19028
-58.76981
-59.13063
-60.48610
-60.91022
-61.62622
-62.43749
-63.38007
-64.18701
-65.90454
-66.70987
-66.78508
-67.76522
-68.06222
-69.32647
-70.07275
-70.94953
-71.28303
-72.97568
-72.88473
-69.30393
-70.37151
-71.55672
-71.02512
-71.61250
-72.21147
-73.49980
-73.43655
-74.49781
-74.99469
-75.93580
-76.26480
-78.06426
-77.83001
-78.47722
-78.98818
-79.64059
-81.08211
-81.31866
-82.10883
-82.37794
-84.71207
-81.64025
-80.74990
-82.63408
-82.48026
-82.56589
-83.19560
-84.10361
-84.80652
-85.05568
-86.00863
-86.61486
-87.18026
-88.07627
-89.16325
-88.93982
-89.81519
-89.99568
-91.36541
-92.19379
-92.43295
-93.34399
-93.76115
-92.08661
-91.22291
-92.71447
-93.77499
-93.56797
-93.72761
-94.66868
-95.52005
-95.97293
-96.49227
-97.53645
-97.43038
-98.61959
-99.87175
-100.22457
-100.46441
-101.21789
-101.74552
-103.17575
-103.44001
-104.04296
-104.77681
-104.25037
-102.41596
-102.71305
-104.53527
-104.75798
-104.50836
-105.20065
-106.32642
-106.81927
-107.22272
-108.13466
-108.56994
-108.90189
-110.49141
-111.32857
-111.35706
-112.00351
-112.55954
-113.53061
-114.63180
-114.53989
-115.74994
-115.84166
-114.28593
-113.40186
-114.88049
-115.83813
-115.73919
-115.98358
-116.93711
-117.83189
-118.10557
-118.73417
-119.67414
-119.77429
-120.71092
-122.24083
-122.34539
-122.74133
-123.34371
-123.96529
-125.28421
-125.58539
-125.97720
-127.02656
-126.30082
-124.54027
-124.74231
-126.73775
-126.88111
-126.60100
-127.27375
-128.39523
-128.86307
-129.48125
-130.02394
-130.49496
-130.89029
-132.36587
-133.32417
-132.99624
-134.04715
-134.32848
-135.65773
-136.43761
-136.54496
-137.83281
-138.24221
-136.06672
-134.79840
-137.74904
-140.32261
-139.77346
-139.56631
-141.53523
-143.44257
-144.03676
-149.41892
-152.11770
-149.43559
-156.97123
-171.31199
-181.76716
-187.17539
-188.96708
-190.51719
-191.82079
-192.98317
-194.06127
-195.09511
-196.11439
-197.14448
-198.20717
-199.32425
-200.51703
-201.81015
-203.23152
-204.81809
-206.61906
-208.70974
