-92.72150
-77.91218
-78.14983
-78.67859
-79.09352
-79.31311
-78.86158
-79.26011
-79.50972
-80.15195
-80.60579
-81.32173
-81.70972
-82.39503
-82.54426
-83.47331
-83.40137
-84.59849
-83.90561
-86.36903
-78.91083
-76.27984
-79.98408
-81.41107
-82.25321
-81.76108
-82.64513
-82.87360
-83.80208
-84.08927
-85.06024
-85.70944
-86.68423
-86.94836
-87.76648
-87.88457
-88.52608
-89.25374
-89.37991
-90.16053
-78.45954
-77.35392
-79.44975
-79.96180
-80.70246
-79.69411
-81.03662
-81.49824
-83.39365
-83.52044
-84.40751
-84.93599
-86.51049
-87.06516
-87.62387
-88.66461
-89.69761
-92.32537
-91.77902
-97.64675
-76.83672
-73.50999
-76.52338
-78.05783
-76.78095
-74.72510
-75.65313
-77.29568
-79.95491
-81.17002
-82.13659
-83.26128
-85.03011
-86.58354
-88.63943
-89.89179
-90.64597
-93.29777
-92.68457
-100.24657
-80.67392
-76.34990
-79.68870
-80.92281
-80.14808
-80.04994
-80.97109
-81.77432
-83.13524
-82.63822
-82.69058
-82.95244
-83.29261
-83.75901
-83.81808
-85.24645
-84.97150
-86.71454
-85.42127
-89.60951
-80.22142
-75.64271
-76.88376
-76.85272
-77.23843
-77.40122
-78.10628
-78.29163
-78.53345
-79.25135
-79.31461
-79.50383
-79.79725
-80.25564
-80.66180
-81.37479
-81.67355
-82.38156
-82.96547
-83.92871
-84.61469
-78.74437
-77.74710
-79.25409
-78.94998
-79.40947
-78.84790
-79.21744
-79.59866
-80.21743
-80.81597
-81.35984
-82.07404
-82.42394
-83.10823
-83.27305
-84.29644
-84.10714
-85.42570
-84.60383
-87.27493
-81.46578
-76.64950
-80.28450
-83.69522
-84.78272
-84.65541
-84.06892
-85.02265
-85.09016
-85.75844
-85.97269
-87.00455
-87.59593
-88.02244
-88.70646
-88.51579
-89.57870
-89.26930
-91.34461
-89.18238
-94.54647
-81.29965
-77.51249
-80.16847
-80.96733
-82.11032
-80.85390
-81.74491
-82.30038
-83.89447
-84.62248
-84.97054
-85.50479
-86.82789
-87.64665
-88.49668
-88.68250
-90.56582
-90.17366
-93.54636
-91.08309
-102.74698
-80.74820
-75.72195
-80.61556
-80.67830
-82.55602
-82.69236
-83.61382
-84.08798
-84.54631
-84.69686
-85.51415
-86.58546
-87.29435
-87.84113
-88.40026
-88.45789
-89.34180
-89.58107
-90.76529
-89.83171
-92.91006
-85.58091
-77.33570
-78.48410
-78.61863
-79.05929
-78.90576
-78.76396
-78.96620
-79.25229
-79.88872
-80.43048
-81.06961
-81.66619
-82.12172
-82.50356
-83.17987
-83.51073
-84.20533
-84.26658
-85.17378
-85.03942
-86.16419
-77.50055
-75.64317
-75.32551
-75.13315
-75.42911
-75.20652
-76.16364
-77.62852
-78.63683
-78.67363
-80.25918
-81.34981
-82.22613
-82.57245
-85.13157
-84.85227
-87.67515
-86.76689
-92.34544
-87.22187
-118.78718
-76.93245
-70.33595
-73.31109
-71.77697
-72.08087
-72.40149
-72.92234
-73.90612
-74.22128
-74.61448
-75.29087
-76.40520
-77.04504
-78.86350
-79.97655
-82.22756
-82.94624
-86.00533
-86.39083
-91.09008
-89.67439
-100.00159
-85.50817
-75.50001
-76.05352
-75.10372
-74.09566
-74.71236
-75.65245
-76.56117
-76.98421
-78.27371
-79.38312
-80.06701
-81.07308
-82.14819
-83.23066
-84.00553
-85.28761
-85.88492
-87.21035
-87.52025
-89.16704
-88.86039
-92.01521
-87.64412
-76.67922
-76.76117
-78.05254
-77.94527
-78.13802
-77.37119
-77.94462
-77.97697
-78.89533
-79.15121
-79.99960
-80.28714
-81.06435
-81.28204
-82.17332
-82.43967
-83.05978
-83.34748
-83.87874
-84.71052
-85.20338
-86.33694
-87.14030
-92.81928
-76.26793
-72.90056
-75.84523
-78.15039
-76.29098
-73.81130
-74.83310
-77.23021
-79.69954
-79.86358
-81.88867
-82.24396
-82.24506
-84.63282
-86.23275
-86.12227
-86.71892
-86.50648
-88.14498
-89.99356
-91.64205
-91.18097
-92.42769
-88.05669
-91.16606
-88.46128
-76.66105
-76.47153
-79.42648
-79.24231
-78.77713
-79.16867
-80.03518
-81.25741
-81.70196
-82.10030
-82.92787
-84.79825
-86.04519
-85.62027
-86.31630
-87.54261
-87.74704
-88.12884
-88.10764
-89.27553
-88.88649
-90.51892
-87.56467
-86.38682
-87.21625
-88.69035
-86.41610
-76.73321
-76.25400
-77.33182
-77.15239
-77.59484
-77.88259
-78.57996
-78.55072
-79.23131
-79.56580
-80.12382
-82.23689
-84.54610
-84.39288
-85.64951
-86.42481
-87.26217
-87.64739
-88.31741
-88.82513
-88.88316
-90.01401
-87.12364
-84.58767
-85.86657
-86.15489
-86.66489
-87.06460
-85.72102
-86.11301
-87.29042
-89.17533
-90.06152
-90.30606
-91.58616
-93.51013
-93.14386
-93.91517
-95.01784
-93.99616
-97.50205
-94.67309
-96.15473
-97.37672
-94.97775
-96.00019
-93.98606
-95.49228
-96.65907
-97.06034
-95.68674
-93.88135
-95.34402
-97.72038
-94.52592
-96.75866
-96.16131
-97.01273
-98.21522
-98.36590
-97.92152
-102.10718
-100.75675
-96.93359
-100.62165
-96.86909
-100.53841
-96.81658
-100.14030
-96.29060
-97.17721
-97.67479
-96.31459
-96.35058
-98.32109
-97.08538
-96.58322
-96.63988
-97.31868
-105.50516
-102.34742
-114.81985
-100.43246
-113.54016
-92.71311
-97.60180
-96.32822
-120.47818
-89.21169
-75.24575
-73.90160
-76.46621
-77.14127
-77.34140
-77.81272
-76.20984
-80.42392
-82.70723
-84.51832
-83.07275
-74.85237
-74.73319
-76.39561
-76.54280
-77.50838
-75.00733
-73.87745
-75.80998
-76.81249
-77.98229
-77.75766
-74.14972
-74.84537
-79.52765
-80.60881
-82.41435
-78.42108
-73.48308
-74.69167
-75.76268
-76.29544
-76.83137
-73.32032
-71.87400
-71.40181
-72.45014
-73.50410
-75.66465
-76.46176
-77.08160
-79.02990
-79.27582
-83.29304
-74.86261
-72.39054
-73.76246
-73.94722
-74.61723
-75.13142
-76.18744
-76.25076
-77.41622
-77.92402
-79.61679
-76.61311
-73.06542
-76.00585
-74.61760
-72.33014
-74.14474
-72.61892
-73.04621
-73.61542
-73.98359
-74.65327
-73.81982
-72.72511
-72.88495
-74.78498
-74.39577
-75.01232
-73.48807
-75.05984
-79.76085
-80.11193
-82.30666
-77.66753
-74.07104
-74.89585
-76.63649
-80.36796
-80.49328
-75.23353
-74.33046
-76.61001
-77.42175
-78.96170
-75.04962
-71.53641
-74.14853
-77.33520
-78.60420
-79.27506
-75.59657
-73.61505
-76.25462
-76.77406
-78.42414
-76.85827
-72.89719
-72.28137
-73.92886
-74.84269
-75.42780
-77.52659
-76.31691
-78.63284
-79.41067
-81.48240
-80.01556
-75.59036
-74.97145
-75.17392
-76.13147
-77.66907
-78.38815
-79.33910
-79.73952
-81.86523
-82.08967
-85.08744
-71.62855
-68.46273
-70.46120
-70.45174
-71.49326
-72.34886
-72.70857
-72.38509
-74.93420
-73.05849
-79.24617
-62.47548
-59.76712
-60.03777
-57.82471
-60.33860
-59.58568
-59.51670
-59.77593
-59.16073
-60.94840
-63.01651
-62.65998
-62.12937
-61.61687
-61.65565
-61.45619
-63.53668
-65.36303
-61.93307
-61.91645
-61.85366
-66.73833
-70.49658
-61.31359
-60.42469
-61.49753
-61.85989
-65.16988
-67.37610
-62.54975
-63.62121
-64.47959
-66.03191
-64.59864
-53.64562
-50.50578
-50.74197
-51.73041
-52.60388
-52.93422
-53.87406
-54.90719
-56.73624
-59.10465
-60.90241
-59.73134
-60.44514
-60.68404
-59.30124
-61.55114
-61.95607
-63.10301
-64.82306
-66.12953
-69.02378
-71.66562
-63.91713
-58.58421
-58.12453
-58.38512
-57.59565
-60.90347
-67.07126
-68.94745
-69.79890
-70.29174
-73.30835
-57.77825
-55.25877
-56.80516
-57.79049
-58.95571
-57.73706
-59.59288
-61.05088
-63.32242
-64.92453
-68.40780
-62.36574
-57.92580
-63.33148
-62.98744
-63.06362
-64.40444
-63.88483
-62.80448
-64.24020
-64.45521
-63.49396
-63.14296
-59.75381
-58.39460
-57.98580
-60.79355
-62.72625
-65.50465
-61.55296
-62.34883
-62.47345
-82.20877
-56.04840
-50.11108
-51.93160
-51.48325
-52.26109
-51.80739
-52.69129
-52.26372
-53.18326
-52.77739
-53.21370
-53.20616
-53.53412
-54.20003
-53.26558
-54.39587
-54.24045
-55.33414
-56.06236
-55.89184
-56.01616
-56.63477
-55.48647
-53.05645
-52.32374
-54.69756
-56.00601
-55.09714
-55.05112
-55.73988
-56.60230
-58.75702
-56.76742
-58.11371
-55.40389
-52.36768
-54.39535
-54.76385
-56.68212
-57.21570
-58.63502
-61.67518
-65.21706
-66.22474
-67.38807
-63.00149
-59.50038
-62.14746
-63.22264
-64.27626
-64.76566
-63.44511
-62.60666
-65.31082
-65.68082
-65.42044
-59.96280
-58.02397
-59.44486
-60.09927
-64.32522
-65.98219
-63.52409
-61.90437
-63.90028
-63.00053
-64.78803
-56.99518
-52.58531
-52.94381
-52.66717
-53.52689
-53.93514
-53.90094
-53.91725
-55.34280
-57.25109
-58.42699
-58.05755
-57.34958
-56.95882
-58.71808
-61.27203
-61.35455
-62.36866
-62.14140
-65.94255
-65.73247
-67.02595
-64.08422
-60.05374
-60.13123
-59.97521
-61.68565
-59.83539
-62.68214
-64.73639
-70.48292
-66.71931
-73.56661
-59.88997
-48.60336
-48.86681
-51.29062
-52.62879
-53.46965
-53.20962
-53.13794
-53.26808
-53.64913
-54.66597
-55.15684
-54.81330
-55.45817
-55.48552
-56.38631
-56.51609
-56.91915
-57.00519
-57.26693
-57.76054
-58.05283
-58.50107
-56.04645
-57.50580
-57.23787
-56.07185
-57.47912
-59.84504
-60.26593
-60.19411
-60.99451
-60.30954
-60.31924
-51.31345
-51.01752
-53.89464
-52.15823
-52.02762
-53.20028
-53.76826
-53.67499
-54.02568
-53.39783
-54.44232
-53.96478
-54.90270
-55.22193
-54.83519
-54.73355
-54.96329
-54.93311
-54.51297
-55.71867
-55.91330
-56.60646
-54.42134
-55.61799
-55.56166
-54.62428
-55.13594
-55.48572
-56.93966
-55.18025
-55.77780
-56.93367
-57.66907
-52.74676
-50.51726
-50.73969
-51.14345
-52.02426
-52.30631
-53.55584
-54.35268
-55.53126
-57.11241
-58.19278
-60.78721
-62.19838
-61.77129
-64.98475
-63.87865
-65.13500
-65.32939
-66.69338
-69.01208
-69.47578
-76.45477
-62.76301
-58.35266
-59.73095
-59.57801
-62.19924
-67.78639
-73.45589
-75.25916
-78.97954
-73.32668
-80.00168
-61.89930
-52.02840
-51.31212
-51.27067
-51.83765
-52.56726
-52.61770
-53.16379
-54.47231
-56.18497
-56.55131
-58.58309
-57.93706
-57.82324
-57.51517
-58.18119
-58.92157
-58.82208
-61.16483
-60.02269
-58.74997
-59.71780
-58.92862
-57.86585
-58.12545
-58.88271
-61.00530
-60.09522
-60.84679
-61.73127
-61.04213
-60.17360
-60.81501
-58.80326
-55.15539
-54.15544
-54.84750
-56.59904
-57.15904
-58.50369
-58.81521
-59.86478
-60.65134
-61.52206
-61.50506
-58.51047
-58.89433
-59.89292
-59.97657
-61.23223
-60.75838
-60.93757
-60.66459
-62.38543
-62.26785
-62.69688
-60.74594
-59.43730
-60.34513
-61.35798
-61.07432
-61.48312
-61.42814
-60.48421
-61.75351
-61.28210
-64.17392
-51.87731
-50.55856
-51.71575
-51.16671
-52.04060
-52.02599
-52.89069
-52.48635
-52.99300
-52.73717
-53.18277
-52.84285
-54.44212
-53.95432
-54.40652
-54.43821
-54.84102
-56.10312
-55.84108
-55.68866
-55.68458
-56.47059
-54.36736
-52.14526
-52.78360
-55.10667
-55.56317
-54.77111
-55.19318
-56.32367
-56.97990
-57.05092
-56.54785
-57.82779
-52.92313
-52.73178
-53.63389
-54.57583
-56.20621
-55.98359
-57.51275
-57.84064
-59.47436
-59.09831
-59.53118
-58.42108
-59.16811
-59.57555
-60.80745
-63.69485
-64.86460
-64.93132
-67.15987
-66.95350
-74.45114
-68.64342
-57.31679
-57.48165
-60.09538
-63.49390
-64.72202
-66.34486
-68.22891
-71.55799
-70.90116
-71.96000
-70.61950
-54.77777
-52.08923
-52.47686
-52.76087
-53.27377
-52.72718
-53.41864
-54.07370
-55.35089
-56.86508
-57.89888
-58.49111
-56.66743
-54.98509
-56.69594
-58.88969
-59.67134
-58.83251
-60.70272
-62.02630
-59.03551
-59.60076
-58.99231
-57.74579
-58.41996
-57.90483
-56.77318
-58.37998
-60.15214
-60.53714
-59.30410
-58.19835
-61.75409
-53.32156
-48.78519
-50.24606
-52.30768
-53.70735
-53.64784
-53.59041
-53.43305
-53.77514
-54.89510
-55.36726
-54.78528
-55.45306
-56.30231
-55.55112
-56.83137
-57.14210
-57.27725
-57.19139
-57.33106
-57.85104
-58.60913
-56.65393
-55.54032
-58.43038
-56.99133
-56.62094
-57.42442
-60.19179
-59.92968
-61.30496
-60.27025
-58.07691
-55.83688
-51.25218
-52.90981
-54.15387
-53.46877
-54.39540
-54.93816
-54.41561
-54.96335
-55.05325
-54.54158
-54.41266
-55.41748
-55.85373
-54.59573
-55.75366
-55.94180
-56.21680
-55.58635
-56.16360
-56.26391
-56.27613
-55.94656
-54.77676
-55.74480
-54.89668
-55.31023
-56.50438
-57.89921
-57.46075
-55.07255
-56.38768
-57.89488
-58.24501
-57.14935
-53.35360
-53.26224
-55.65346
-56.66308
-56.65972
-56.23004
-57.46877
-58.13042
-59.32533
-60.66330
-59.04506
-58.62645
-61.35205
-63.59597
-64.77094
-66.89541
-65.79187
-67.87890
-69.80159
-71.13110
-78.49871
-60.27472
-57.23326
-59.75660
-60.33631
-64.25316
-68.31755
-73.81990
-75.05868
-76.75221
-75.01635
-75.23647
-57.35037
-51.61418
-52.26724
-52.60741
-52.96413
-53.41238
-53.90554
-54.41286
-55.09932
-56.03055
-57.01293
-56.46861
-56.14976
-57.53396
-56.79346
-57.62652
-57.97781
-58.33054
-59.77882
-60.47235
-60.99581
-61.24554
-60.54365
-58.17896
-58.45789
-58.46183
-58.42067
-58.46362
-59.22421
-59.69331
-60.48587
-60.17261
-61.41305
-57.83094
-54.82185
-55.87185
-55.11316
-56.51204
-57.79908
-58.95895
-59.86930
-60.11020
-61.00238
-62.84684
-60.78021
-58.60499
-60.19792
-60.65785
-61.35426
-61.17534
-60.37763
-60.02340
-61.23316
-62.76153
-62.47371
-61.28568
-59.54016
-59.69893
-61.12640
-61.11662
-60.97804
-62.69085
-61.78928
-61.36974
-61.16112
-61.89457
-61.59782
-52.77822
-50.27820
-50.82526
-51.72968
-52.39359
-52.43923
-53.25765
-53.47232
-53.79662
-53.72463
-54.20388
-54.21326
-55.88531
-56.10370
-56.98972
-55.71784
-57.28655
-58.90131
-57.59781
-60.08176
-57.86700
-59.94314
-54.67324
-51.81021
-51.79081
-52.10886
-53.03395
-53.00135
-53.56845
-54.29256
-55.03574
-56.06039
-53.93509
-52.82167
-50.76970
-49.10185
-51.32856
-52.82214
-55.93022
-56.32110
-55.85634
-55.60281
-56.18513
-57.38143
-57.45170
-56.60830
-55.50745
-56.62058
-57.37704
-57.21438
-57.10544
-58.06458
-58.88629
-58.34492
-57.59281
-59.12545
-57.30354
-56.36603
-58.48189
-62.51132
-64.39580
-65.20881
-66.56979
-71.15789
-61.72508
-58.67109
-57.98818
-53.55756
-52.62590
-53.00673
-52.77379
-53.05090
-53.23815
-53.33089
-54.51518
-55.64265
-56.68271
-57.66457
-58.43021
-55.52826
-55.35909
-58.53848
-61.24807
-64.08569
-63.08879
-67.03577
-69.83204
-75.30475
-63.20962
-55.38981
-55.29413
-55.66607
-57.24145
-57.72765
-60.37013
-62.18944
-65.13108
-65.97541
-74.35663
-59.87232
-50.35272
-51.65941
-51.94517
-52.28286
-53.16314
-52.73343
-52.94080
-52.70283
-53.20129
-53.25010
-53.58150
-53.37041
-53.91725
-54.56472
-53.85133
-53.27004
-53.56526
-53.84835
-53.82990
-54.00638
-54.62089
-55.04616
-53.27947
-50.95573
-53.04193
-55.04746
-53.99000
-53.90898
-54.62043
-55.33562
-54.40718
-54.06200
-54.99343
-57.09159
-54.21197
-52.54957
-53.76667
-55.31656
-55.60203
-56.00637
-58.00602
-58.22568
-57.60925
-57.54448
-55.56335
-50.46399
-49.05338
-49.28065
-50.03506
-50.80129
-50.77929
-51.16168
-51.92403
-52.70654
-53.02355
-53.37649
-53.62424
-53.42444
-54.17541
-55.84067
-56.04883
-58.28206
-59.16917
-65.26470
-63.30889
-68.79591
-55.69291
-50.63051
-52.34679
-52.17302
-53.55999
-52.22406
-53.12459
-52.28270
-51.88565
-52.27186
-53.07007
-53.87149
-54.70444
-54.97175
-54.91308
-54.96713
-53.78938
-54.77247
-54.03173
-54.71741
-54.01922
-54.15908
-54.14088
-53.37951
-54.85864
-54.47577
-54.48019
-54.92392
-54.84074
-54.68344
-56.04991
-57.24854
-59.73817
-60.07523
-54.44289
-54.75773
-54.86820
-54.68909
-56.79201
-56.94824
-56.43549
-56.91582
-57.99673
-57.67134
-57.91574
-57.80235
-57.45858
-57.92330
-58.76511
-59.76674
-59.96516
-59.71808
-59.84631
-60.15875
-59.94879
-60.45072
-60.12855
-58.20063
-58.63776
-57.95593
-56.89466
-57.25980
-58.15187
-58.09149
-60.25932
-61.05119
-64.95569
-55.74695
-49.22855
-49.55379
-50.41814
-51.74197
-51.60741
-52.02121
-52.82032
-53.14860
-53.73904
-54.02546
-54.82523
-55.62694
-55.81965
-55.88008
-56.72425
-56.29340
-57.15619
-57.89192
-59.48048
-60.06857
-63.69497
-57.65955
-52.39255
-52.66435
-53.71430
-54.86861
-54.81706
-56.17029
-57.62847
-59.85516
-61.24531
-63.86757
-63.59225
-55.59755
-53.45167
-53.47540
-53.67655
-54.97119
-55.93292
-56.21229
-56.85131
-57.99965
-57.96292
-58.06096
-58.10248
-58.54363
-58.34751
-58.22192
-58.87587
-58.88785
-59.44807
-59.40716
-59.81986
-59.32663
-59.52535
-57.81804
-58.08126
-59.74996
-61.68571
-63.77766
-65.79426
-65.51226
-66.57167
-64.15475
-63.18994
-61.45454
-53.10580
-50.98649
-50.25817
-51.34388
-53.88588
-54.73349
-54.62848
-55.39466
-56.69122
-56.93880
-57.78096
-58.40010
-58.61850
-58.46324
-57.99487
-57.84207
-58.35477
-58.08826
-57.89139
-58.19916
-58.53977
-59.11830
-58.25865
-57.60609
-58.90968
-60.04815
-60.79548
-62.07049
-63.39923
-65.06941
-66.68326
-66.20421
-74.47791
-56.53039
-54.67423
-57.36392
-55.41910
-57.71314
-57.76601
-57.78969
-58.24528
-60.36369
-60.12335
-59.36869
-60.27578
-59.81207
-59.79881
-60.18664
-60.29905
-60.26383
-61.52928
-61.72181
-62.31380
-62.15259
-61.58504
-61.73276
-58.89031
-59.22985
-59.84739
-59.18548
-58.85373
-59.57741
-59.01291
-59.95855
-59.52932
-63.27509
-58.12852
-50.98007
-51.75652
-52.30944
-53.03746
-53.79247
-54.45628
-55.89173
-55.65100
-55.51269
-56.09200
-56.32168
-56.54383
-55.91446
-55.75280
-56.82377
-56.66253
-56.90202
-57.04659
-57.15737
-57.29912
-57.06627
-56.77803
-56.97416
-56.65961
-57.05506
-57.61179
-57.46567
-57.31177
-57.34152
-57.38814
-57.09303
-57.19012
-56.62592
-55.31430
-55.46166
-56.09191
-57.51030
-58.16728
-57.57359
-58.36291
-58.67309
-59.36832
-59.35492
-59.18013
-59.18522
-58.05862
-59.45162
-60.21491
-60.06582
-59.94445
-60.53795
-61.13237
-61.43925
-62.06690
-61.75393
-61.81306
-61.46387
-60.89404
-60.86208
-62.08037
-62.66275
-61.48810
-62.45368
-65.29896
-65.15535
-70.15295
-56.06263
-51.31548
-51.64741
-51.91833
-52.78795
-52.56221
-52.76527
-52.96110
-53.46681
-54.34598
-54.95842
-55.57131
-56.24886
-56.88321
-57.24998
-58.29463
-59.05661
-59.41118
-60.09570
-60.81119
-59.95375
-59.63404
-59.43698
-58.38102
-60.41297
-60.36385
-60.62139
-62.11171
-61.43525
-61.23095
-63.01980
-62.96476
-69.68477
-58.84758
-54.02493
-56.64212
-55.10627
-55.05630
-55.93202
-56.31611
-56.47440
-57.59425
-58.06348
-59.18488
-59.47414
-58.22735
-58.29712
-59.64172
-59.62262
-59.40651
-61.07539
-59.78007
-59.57891
-60.20552
-61.67644
-60.92614
-58.43508
-58.44896
-59.06441
-59.05179
-58.18243
-57.74609
-57.65483
-57.70353
-58.19151
-59.49878
-58.86397
-53.10149
-53.00080
-54.02746
-54.67630
-55.19232
-53.93475
-54.82408
-55.93726
-57.51339
-57.90116
-58.70460
-56.23970
-55.74732
-57.13139
-58.98292
-59.11438
-60.29001
-61.83471
-62.25788
-63.19040
-62.65730
-62.61822
-57.57258
-57.22958
-57.49863
-58.60734
-57.82468
-57.07971
-57.16494
-57.00197
-57.30867
-56.51717
-58.75069
-54.59243
-53.82545
-55.30627
-54.49610
-55.02372
-55.31359
-55.83053
-55.76598
-56.31868
-56.16057
-56.59684
-57.13795
-57.70522
-58.63104
-58.29901
-58.21852
-57.82920
-57.88167
-58.20417
-58.17218
-58.57158
-58.49999
-58.14574
-58.33244
-58.46489
-57.05330
-56.05132
-55.40135
-54.27306
-54.40242
-55.99236
-56.81747
-58.81833
-57.40464
-53.19445
-51.67319
-51.51904
-52.32447
-53.27372
-54.16578
-54.89444
-55.16131
-55.06269
-55.24338
-55.56903
-56.22243
-56.98655
-58.02680
-59.63205
-60.73050
-61.02107
-61.77040
-64.06990
-64.00844
-64.03319
-61.61316
-57.51069
-58.19580
-58.38706
-58.60753
-58.96273
-59.71005
-60.06503
-62.17199
-62.50733
-64.26001
-61.63809
-53.56204
-55.08544
-55.59438
-54.43042
-54.75609
-54.77349
-55.12937
-55.53945
-56.08150
-56.17763
-57.13724
-57.22942
-57.28181
-57.26681
-57.81186
-58.28097
-58.33645
-58.45741
-58.46193
-59.13203
-59.11790
-59.09670
-58.30840
-55.66945
-55.39712
-55.41876
-56.45753
-57.37352
-57.28141
-58.35176
-62.39118
-62.50691
-68.22245
-54.13341
-49.42311
-50.66913
-49.85172
-51.16316
-51.20940
-52.00233
-52.80941
-53.18349
-53.50631
-54.19247
-54.82452
-54.73076
-55.27172
-56.41167
-57.17552
-56.54031
-56.69764
-56.51509
-57.64819
-57.66256
-57.26755
-56.79927
-58.51777
-57.77391
-56.40639
-56.49881
-56.74158
-58.32601
-56.98561
-58.07449
-58.15565
-60.56997
-56.09302
-49.73737
-50.60534
-51.62432
-52.12555
-53.72741
-55.28932
-57.70246
-58.38624
-60.28574
-61.34926
-64.09959
-65.49115
-68.49792
-70.00585
-72.77192
-75.75137
-78.06281
-76.14305
-74.56969
-77.83368
-76.60436
-79.86062
-70.44387
-74.83272
-71.11779
-76.88236
-74.10238
-87.46769
-74.81688
-92.17180
-73.97686
-90.93148
-65.13732
-50.87887
-51.50403
-52.18581
-52.82172
-53.01440
-53.70531
-54.27494
-54.48756
-55.84424
-55.18695
-55.82730
-55.32587
-55.35932
-55.27050
-54.78777
-54.21651
-54.01372
-54.13528
-53.34125
-53.65107
-53.85140
-53.99400
-53.75227
-54.10411
-54.94495
-55.01176
-55.55395
-56.04606
-55.68681
-56.20650
-58.72887
-60.00308
-65.02606
-56.51626
-54.79544
-55.52698
-54.47569
-55.58819
-56.39852
-56.54619
-56.16037
-57.38567
-57.51925
-57.84406
-57.26564
-57.34963
-57.77049
-59.20459
-59.95317
-60.35539
-60.12333
-60.28734
-60.62937
-61.13509
-60.76012
-60.92101
-59.14961
-58.78737
-58.33728
-57.40864
-56.55116
-55.68161
-56.68243
-58.86343
-60.39260
-61.29431
-58.55126
-50.20286
-49.04459
-50.09108
-50.75203
-51.86146
-51.49768
-52.49207
-53.14474
-53.69128
-53.55612
-54.09811
-54.75984
-55.49959
-55.87344
-56.03191
-56.21489
-56.61368
-57.25087
-58.44875
-59.48283
-61.61268
-60.51170
-52.82974
-51.65015
-53.02760
-53.95346
-54.43410
-55.42089
-57.20684
-58.42642
-60.70321
-61.71309
-65.18160
-56.97592
-53.03759
-53.32539
-53.73670
-54.60649
-55.13083
-56.21253
-56.55324
-57.34543
-57.73544
-58.02837
-58.41474
-58.72899
-59.18299
-58.62853
-58.74567
-58.79436
-59.77258
-60.46788
-60.05971
-59.42867
-60.34077
-58.77055
-58.57926
-59.97541
-61.29843
-63.24697
-65.58845
-66.17107
-66.55390
-66.61962
-62.41677
-63.93751
-55.03332
-51.18250
-50.65400
-50.97323
-53.41680
-54.66117
-54.36642
-54.64469
-55.82063
-56.20740
-56.81055
-57.55030
-58.05091
-57.84260
-57.22270
-57.32661
-57.97451
-58.18375
-57.44895
-57.79231
-58.51428
-58.90384
-58.70261
-58.64103
-60.26128
-60.63598
-61.92403
-61.06853
-62.14342
-63.32165
-69.08777
-67.75823
-85.98356
-60.63270
-54.25765
-56.92977
-54.81355
-55.36097
-55.96503
-56.61468
-56.42452
-57.94481
-58.53615
-58.51246
-59.28940
-59.45861
-59.71995
-59.85059
-60.41084
-60.32275
-61.12809
-61.21210
-61.85235
-61.69940
-61.69580
-61.48764
-59.90423
-59.51978
-58.91039
-59.23598
-59.50653
-58.66683
-59.02793
-59.32894
-58.93585
-58.10522
-59.07545
-52.16957
-51.45889
-53.92509
-53.65768
-55.28937
-54.06331
-55.27867
-56.44857
-55.75319
-56.51199
-56.53101
-56.28102
-56.69393
-56.94772
-57.48121
-57.43619
-57.67175
-57.68179
-57.38984
-57.79260
-57.68443
-57.44194
-57.64316
-57.99353
-56.78028
-57.35787
-57.60245
-57.11045
-57.33472
-57.07536
-57.65123
-57.35377
-57.66629
-55.67716
-55.04050
-55.96189
-56.54324
-57.94487
-57.89252
-58.39907
-58.35722
-58.76248
-59.55048
-59.62204
-59.87974
-58.87149
-59.94026
-61.24440
-61.33949
-61.53262
-61.63838
-61.29859
-61.39774
-61.85075
-61.98943
-64.03723
-65.04379
-65.96684
-62.62596
-63.90328
-65.07211
-66.15164
-66.92514
-68.90172
-68.74945
-84.43461
-61.34454
-51.49017
-51.09389
-51.38952
-52.40436
-52.51625
-52.39889
-52.61538
-52.87646
-53.70868
-54.11179
-55.26464
-56.43113
-57.96297
-58.07709
-58.97677
-60.57811
-62.24911
-62.27404
-62.27815
-62.85802
-63.06194
-61.99936
-59.00382
-60.79382
-60.31038
-59.67724
-60.70124
-61.31727
-60.38892
-62.16585
-61.87640
-65.88896
-63.68304
-54.52431
-56.88268
-56.12585
-55.40505
-57.45693
-57.52040
-56.87066
-56.88873
-57.67508
-58.24665
-59.37971
-59.51321
-59.35802
-59.37720
-61.10858
-61.85101
-63.04709
-63.03244
-63.38229
-63.31541
-63.54163
-62.97240
-62.53342
-63.02103
-61.41355
-60.38685
-59.35710
-57.61037
-56.51516
-56.00386
-57.40499
-57.93885
-60.10068
-54.24070
-52.41030
-54.38392
-54.18350
-55.97546
-55.18147
-56.46989
-57.87536
-59.33400
-59.98673
-59.76385
-59.36999
-58.71690
-59.40660
-60.09886
-60.32419
-59.76409
-61.82456
-61.85587
-62.73123
-62.73711
-63.56275
-61.23793
-58.61645
-60.34107
-60.57692
-60.28454
-59.22360
-58.69463
-58.45810
-60.03179
-59.72315
-63.03109
-57.44387
-53.10002
-54.87401
-53.86777
-53.95080
-54.85444
-55.92243
-55.78292
-55.70872
-56.72521
-57.09207
-57.40868
-58.05857
-58.25456
-58.44006
-59.62697
-59.43887
-59.74340
-60.40738
-60.98360
-61.31622
-60.86024
-61.18913
-60.17868
-60.39941
-60.72863
-59.35077
-61.25998
-61.61029
-59.80601
-59.28271
-57.99128
-58.09787
-58.50589
-54.89941
-52.13298
-51.82276
-52.37567
-52.71336
-53.59581
-55.08975
-55.42095
-55.24280
-55.78469
-56.79908
-58.58995
-59.73351
-60.14614
-60.39729
-60.77816
-61.82720
-63.54092
-63.78226
-64.68008
-64.73605
-65.44946
-61.27134
-60.46829
-60.18884
-59.27309
-60.13594
-60.09476
-61.01580
-61.69435
-64.07758
-63.10367
-67.26717
-55.24357
-54.17137
-56.91675
-54.60170
-55.50596
-56.02204
-56.04237
-55.32240
-55.94702
-55.83807
-56.41557
-56.75451
-58.15068
-57.81094
-58.75522
-59.39922
-59.21144
-59.40273
-59.57899
-60.64023
-60.05015
-60.35892
-59.45779
-58.68942
-58.11965
-56.72842
-55.53787
-55.28805
-54.55006
-54.38783
-55.56249
-55.98444
-58.34171
-53.96762
-50.09320
-52.32809
-51.14369
-51.44239
-56.17944
-59.70447
-62.78541
-62.24616
-65.11147
-65.17735
-63.27579
-61.01994
-60.38067
-60.85517
-61.61115
-61.72980
-64.81995
-65.77611
-60.20844
-60.64788
-64.28530
-66.51593
-62.20731
-63.67231
-65.32490
-65.18877
-65.88841
-64.29121
-65.78834
-65.68361
-67.98552
-70.96269
-69.17174
-65.01294
-64.32466
-64.85546
-66.85598
-68.79711
-67.49993
-67.60787
-66.52786
-66.24442
-66.82874
-66.17531
-61.76257
-63.21104
-65.20856
-65.64919
-65.54801
-64.17104
-65.12906
-63.66565
-64.83653
-63.03667
-67.09750
-62.57903
-61.47907
-62.96127
-66.51712
-67.24324
-68.24204
-64.63165
-57.88135
-56.57872
-61.21225
-62.43524
-50.41396
-50.63538
-49.42691
-49.51903
-51.46258
-49.44616
-50.33843
-48.97269
-49.73420
-49.41715
-49.38605
-49.72968
-50.66872
-57.31647
-60.83556
-63.11667
-64.43247
-63.56248
-65.84104
-65.37352
-57.41521
-55.65342
-53.27747
-53.07658
-55.37589
-53.68764
-58.39413
-61.90146
-60.67756
-61.12198
-60.86154
-60.53867
-59.75434
-55.97779
-52.02914
-51.70698
-52.29538
-51.18109
-50.87032
-49.98636
-49.83795
-49.59049
-49.96611
-52.93940
-56.53138
-56.76670
-53.41207
-53.12058
-52.62868
-52.09429
-52.78666
-52.34237
-51.50244
-52.47304
-52.50403
-52.42310
-56.61232
-59.21253
-58.82573
-60.76873
-56.29373
-58.07674
-56.18593
-55.62426
-55.11770
-58.87295
-55.35820
-49.25470
-49.60596
-47.18463
-46.93577
-47.39193
-47.22841
-46.42586
-46.80941
-46.36811
-46.60581
-46.64512
-48.71108
-48.27887
-46.78648
-50.32611
-50.97414
-55.02461
-57.40750
-62.06502
-56.59688
-50.68783
-49.66840
-49.08804
-49.73069
-52.05508
-54.41500
-57.82804
-60.40696
-57.09814
-58.25868
-55.32809
-51.87092
-51.17117
-51.65943
-50.84278
-51.99258
-51.06493
-50.71720
-50.35487
-50.13650
-50.08248
-46.94867
-46.55870
-47.53366
-51.98746
-51.52460
-48.83579
-48.93227
-48.80784
-49.03293
-48.52756
-49.86112
-50.23376
-49.73758
-49.79815
-49.47817
-51.31099
-54.50761
-55.39175
-55.30729
-54.09214
-52.88226
-53.05043
-51.71920
-49.98595
-50.29205
-51.41241
-52.47225
-50.10535
-50.14611
-50.41328
-51.42469
-52.91864
-50.62398
-50.66187
-50.20462
-49.66644
-49.06852
-51.28707
-53.36682
-55.98666
-59.62205
-60.13781
-62.76178
-58.96648
-62.15496
-53.22482
-49.49832
-49.57616
-49.87737
-52.64357
-54.13918
-56.44498
-59.16047
-60.49583
-61.66789
-62.90450
-56.57930
-54.71387
-52.84525
-50.45616
-48.73293
-48.60827
-48.62089
-47.68870
-47.24159
-46.64841
-46.79773
-48.54584
-50.09259
-52.49108
-53.65413
-50.38012
-49.84728
-49.05816
-49.75825
-48.96521
-49.55209
-51.40646
-50.37277
-50.35181
-50.34169
-50.25456
-53.24755
-54.03084
-53.01436
-54.01971
-54.51764
-52.96320
-53.75156
-53.95210
-53.57139
-54.97561
-48.75692
-48.23472
-47.39658
-47.55894
-47.38870
-47.59120
-48.47693
-48.42765
-50.07825
-49.22210
-51.20974
-49.44092
-50.08742
-55.19037
-57.49772
-57.56317
-57.13920
-63.02383
-51.27574
-47.78574
-50.09157
-47.57118
-47.85153
-49.02007
-51.72304
-57.06914
-59.85804
-62.71676
-62.60185
-62.81138
-60.27535
-57.14807
-54.57815
-54.12182
-52.04481
-51.83434
-50.16749
-49.28622
-49.38375
-48.42083
-48.59710
-49.51563
-47.67173
-47.34784
-51.41599
-51.76112
-50.79884
-51.22011
-51.26090
-50.58222
-49.92177
-50.49592
-51.87590
-50.61902
-50.33660
-49.44463
-50.77619
-53.55661
-53.49759
-52.78852
-51.41955
-50.39594
-50.58709
-52.64450
-50.51853
-52.95012
-50.58300
-50.08562
-50.25163
-47.09359
-48.55601
-50.42131
-50.03015
-51.03289
-52.13109
-51.29909
-51.28647
-50.83367
-51.65707
-55.36899
-60.88323
-62.29322
-65.34245
-64.96697
-68.11717
-61.95589
-60.78477
-56.08371
-55.13211
-53.28856
-52.96707
-55.11558
-54.31653
-59.29572
-62.60608
-63.48032
-61.63329
-61.29133
-60.09830
-59.34192
-53.76224
-50.08908
-49.99683
-50.38201
-50.21626
-50.47675
-50.33910
-50.67868
-50.47520
-52.32383
-56.38050
-57.40494
-55.40846
-54.58313
-55.73657
-55.63480
-55.60096
-55.62469
-54.02437
-54.51201
-54.87045
-53.58020
-55.04111
-58.08665
-64.38346
-62.22725
-62.81860
-62.15407
-65.92987
-60.90357
-55.44228
-57.91237
-64.40264
-52.30472
-49.38869
-49.98952
-46.82768
-46.32015
-47.23921
-46.80316
-46.64696
-46.92277
-46.21422
-46.83583
-46.34882
-48.39806
-47.08499
-47.53177
-50.54245
-51.03235
-55.34900
-57.99285
-63.80890
-53.40354
-48.52017
-50.72941
-50.49853
-49.18159
-52.96573
-55.55462
-60.74968
-59.68152
-58.38216
-58.69298
-53.68809
-51.91863
-51.12659
-51.18432
-50.76490
-51.14464
-49.96536
-49.60053
-49.47862
-50.22920
-49.36409
-46.57697
-46.74356
-47.05485
-50.22682
-51.69899
-50.85773
-51.17929
-50.98156
-51.33603
-51.51246
-52.85790
-52.97020
-52.89699
-52.20587
-55.09284
-55.42721
-56.00014
-55.07239
-53.96143
-54.56204
-53.87603
-54.18275
-55.34105
-52.46279
-52.02763
-53.81274
-50.42193
-50.93436
-50.56338
-50.64712
-49.31870
-48.46604
-48.39073
-48.13974
-48.22915
-47.43981
-50.02925
-53.93782
-53.22736
-53.61825
-52.74201
-51.90724
-53.12038
-51.46698
-54.45747
-56.54261
-58.67758
-57.18854
-56.86347
-58.80068
-58.98441
-60.10601
-60.02060
-61.23324
-61.15054
-62.15044
-55.42756
-53.91085
-52.80863
-51.86912
-49.41475
-49.60132
-49.22578
-48.68889
-49.04460
-49.41833
-49.90466
-48.86279
-48.31522
-49.20730
-54.06224
-50.83291
-49.37270
-49.46034
-48.98633
-49.12174
-49.42205
-50.23013
-49.24053
-49.34919
-49.02929
-50.28309
-53.80025
-54.01580
-52.94303
-51.81572
-51.30274
-50.97606
-51.98755
-51.40472
-52.70168
-51.63494
-48.76553
-52.36601
-49.80526
-46.48662
-47.64910
-47.69613
-46.89779
-47.75907
-48.48414
-49.10547
-47.32037
-49.31482
-48.89431
-48.57378
-50.68188
-46.72420
-47.56951
-48.05923
-48.17801
-48.33051
-48.10007
-47.48984
-48.55012
-52.49542
-51.99187
-49.99226
-49.23820
-48.47741
-47.61018
-47.65392
-47.69737
-47.33742
-46.92301
-49.85417
-52.12719
-52.87686
-51.14005
-50.56210
-50.77701
-49.27539
-49.39903
-49.85017
-55.11938
-56.38435
-55.69131
-55.61766
-54.82410
-54.49824
-53.78406
-53.67935
-54.17362
-52.68352
-52.47057
-53.33045
-53.68958
-52.85274
-52.21791
-53.63211
-54.29798
-54.80676
-52.95935
-52.90957
-52.47480
-54.35129
-56.33069
-62.26283
-51.48980
-49.62974
-55.79936
-55.17746
-53.66777
-52.30741
-51.24081
-51.33954
-52.63289
-51.57729
-52.14802
-50.44651
-51.52595
-50.19668
-50.08670
-55.75640
-56.85072
-57.93386
-55.81368
-55.52065
-55.01224
-54.92343
-54.37606
-52.13918
-56.05584
-54.99564
-56.14710
-59.21153
-61.62026
-60.44705
-57.82862
-59.57617
-60.09534
-58.97346
-52.21113
-53.14093
-51.94261
-52.15991
-52.26770
-50.47064
-50.38202
-49.46937
-49.84061
-49.46370
-50.23009
-52.68111
-54.98705
-54.71415
-54.44473
-54.54221
-55.14828
-55.39345
-54.55988
-54.86410
-55.96484
-58.12273
-57.38285
-57.66745
-57.16075
-56.80103
-56.94645
-57.08702
-56.50351
-56.62553
-55.77220
-57.87420
-61.71073
-49.75822
-50.22153
-50.59371
-49.03128
-53.84055
-55.22981
-55.21785
-54.64305
-56.24407
-54.91078
-55.04770
-56.32215
-54.81377
-53.89330
-56.07703
-59.44697
-60.23937
-59.32274
-56.69398
-58.12138
-59.28937
-58.82929
-55.99360
-55.51433
-55.57294
-56.05588
-58.11473
-59.02337
-59.68149
-60.47452
-62.01683
-62.53757
-63.48480
-55.77770
-51.53601
-50.26473
-49.93928
-49.23405
-48.65914
-49.67283
-49.86672
-49.76483
-49.56072
-50.91307
-54.28546
-52.80075
-51.19174
-51.92753
-52.34003
-50.94933
-51.13539
-50.75166
-51.37102
-51.65959
-52.59362
-57.69876
-55.23402
-56.76920
-55.40557
-54.45484
-53.72658
-53.85987
-53.30985
-52.82203
-53.57172
-54.33653
-52.68675
-49.06325
-51.50683
-53.28224
-56.23092
-55.24125
-52.71573
-53.33217
-54.73178
-54.41305
-52.24497
-50.72567
-51.70082
-50.90449
-49.61486
-55.36184
-57.92112
-58.29496
-59.12725
-57.78745
-54.62541
-53.12611
-52.86009
-50.49832
-52.89971
-55.10025
-54.87073
-57.25052
-60.37161
-64.85190
-61.42442
-59.09275
-59.72923
-58.99475
-52.22553
-48.11811
-47.33278
-46.76304
-46.71144
-47.71491
-47.81020
-47.93495
-48.68696
-48.95984
-50.23896
-49.46527
-50.13256
-52.71738
-52.22686
-53.13905
-52.69724
-52.81179
-52.14791
-52.66428
-52.88771
-52.18213
-51.83608
-53.08093
-57.34236
-56.83153
-55.39282
-54.59604
-55.26707
-54.75470
-54.17311
-53.28820
-59.79042
-52.32975
-50.02000
-51.99886
-49.87694
-51.52793
-51.18270
-51.66507
-51.31267
-52.58352
-52.51482
-52.52052
-51.88148
-52.34182
-51.93094
-51.06996
-51.37908
-51.19765
-53.14889
-55.04683
-57.33982
-58.05831
-57.61745
-54.70095
-55.54562
-56.25107
-56.27862
-57.02687
-56.57848
-55.02087
-55.56143
-55.42321
-55.83976
-56.00763
-54.93682
-53.83107
-53.54815
-56.31350
-56.73803
-57.71884
-59.36073
-58.71487
-55.30533
-56.10178
-58.42088
-58.36359
-56.85917
-58.21976
-58.27303
-58.73628
-58.21680
-58.59457
-59.15809
-57.01347
-58.13837
-58.51937
-58.14103
-53.12101
-52.92176
-54.58383
-54.99724
-55.29719
-54.96155
-55.51894
-54.77425
-56.19067
-58.51243
-59.04366
-57.43727
-53.04703
-52.43405
-52.09900
-50.76287
-49.84510
-49.31354
-48.99517
-48.47193
-47.90640
-48.13783
-47.41679
-49.24924
-52.19655
-51.27923
-52.03624
-52.48552
-57.05074
-57.88135
-60.53092
-54.80264
-51.13046
-48.72581
-50.94820
-56.86246
-54.70401
-58.49165
-59.25113
-62.63826
-59.31835
-57.86024
-55.86530
-55.25325
-53.11501
-50.32548
-48.53960
-48.34352
-48.38701
-47.68077
-47.56203
-47.05926
-47.47510
-47.49940
-49.44219
-51.11767
-51.02044
-51.49483
-50.84472
-50.11693
-50.20640
-49.96228
-50.45282
-50.49114
-50.35273
-49.92926
-50.41776
-55.54888
-56.31588
-56.29724
-57.49241
-57.30312
-58.80234
-56.96828
-56.39164
-56.43619
-58.17919
-53.18857
-50.40861
-50.34226
-48.07240
-48.90268
-48.98419
-48.21525
-48.78238
-48.72977
-49.74099
-49.21313
-49.68085
-49.86923
-50.73557
-49.80186
-51.25024
-57.57279
-61.40732
-66.16784
-59.65366
-59.03579
-57.80848
-55.62262
-52.33995
-53.94112
-57.32078
-58.49474
-60.51225
-62.82262
-61.64371
-59.07912
-57.08144
-62.26956
-56.55415
-49.81585
-51.13882
-51.40099
-51.42069
-51.28493
-51.10100
-50.01367
-49.70485
-49.35097
-48.88864
-50.60728
-52.99329
-53.44349
-53.66062
-53.06455
-52.63387
-51.56918
-53.71466
-54.13569
-55.06646
-56.42845
-57.02998
-59.29286
-57.09392
-57.61717
-56.19140
-56.92846
-57.37049
-56.80144
-55.31039
-57.48186
-57.99044
-65.22723
-51.20236
-48.96766
-49.87075
-49.58436
-50.45732
-49.06650
-51.02865
-48.33009
-50.05697
-49.28884
-48.21561
-49.18317
-48.98275
-50.14071
-51.09871
-51.53233
-52.69038
-55.75760
-52.56932
-50.96202
-50.90786
-50.52927
-54.21283
-55.84705
-57.43578
-58.47592
-56.05832
-57.51867
-58.83368
-61.21658
-57.40416
-56.11258
-57.24687
-54.89763
-51.63628
-49.52324
-47.59249
-46.84284
-47.16112
-46.71175
-47.29532
-48.22291
-48.32452
-47.53459
-49.65749
-53.74026
-50.82983
-50.30321
-50.83806
-50.33767
-49.98435
-49.82586
-50.95963
-50.72091
-50.68741
-50.27736
-50.24692
-54.01197
-55.97462
-54.96180
-54.05865
-52.88460
-52.12000
-54.04982
-51.94923
-51.55261
-53.72536
-52.03655
-52.55567
-49.73236
-49.70669
-49.61117
-49.62897
-50.79046
-51.27481
-54.30749
-53.35520
-53.59917
-52.32769
-51.68239
-51.60681
-51.13410
-57.50052
-61.14036
-61.30794
-57.52317
-56.32126
-58.13959
-55.88956
-53.74224
-53.69033
-59.36718
-58.92863
-60.43963
-59.73230
-59.76721
-59.93485
-59.01695
-58.76444
-57.51945
-57.52835
-57.41016
-59.93792
-57.21809
-57.86707
-59.50719
-59.02891
-60.43009
-62.31054
-62.14620
-63.67663
-59.60543
-56.43294
-60.39694
-59.71905
-59.97161
-61.42534
-57.75438
-60.98911
-61.56206
-57.81314
-59.25385
-56.01575
-55.89731
-58.59369
-56.20639
-57.03771
-59.04720
-54.45641
-55.70373
-57.45605
-53.02314
-56.83349
-56.92802
-51.54589
-50.88079
-52.09916
-51.66224
-50.26918
-50.68170
-50.31069
-50.40668
-50.61463
-50.51490
-50.98442
-51.25709
-55.50437
-60.37254
-61.13174
-62.73955
-61.56273
-59.86753
-61.84973
-60.61602
-56.02988
-55.49822
-53.37450
-55.12918
-55.71343
-55.56061
-60.53253
-61.51895
-60.63820
-61.88383
-60.57759
-59.81016
-58.00626
-54.07882
-52.78258
-52.41259
-52.23768
-51.85993
-51.18757
-50.50433
-50.34729
-50.29678
-52.11174
-55.81682
-58.41059
-55.85911
-54.70458
-55.34130
-55.53704
-56.21044
-56.57633
-54.11558
-54.69373
-56.05755
-54.98980
-56.92778
-60.65081
-62.97208
-60.94504
-61.14563
-62.40051
-65.53831
-61.84126
-58.28711
-58.36626
-64.80160
-54.04579
-50.29755
-50.95752
-48.74451
-48.12101
-48.22066
-47.92082
-47.54246
-48.10568
-47.56327
-47.36920
-47.38786
-49.28135
-48.09148
-47.98661
-51.39783
-53.01396
-58.28341
-59.73186
-62.33574
-53.07274
-50.45862
-49.60574
-49.16052
-50.74375
-51.51765
-56.71223
-59.42832
-60.04077
-58.04686
-58.53858
-54.38395
-51.98282
-52.09078
-51.37519
-51.92870
-52.76384
-51.51184
-51.95931
-51.64120
-51.38096
-51.07365
-47.64361
-46.31407
-48.18459
-52.88293
-51.21881
-49.30489
-49.58995
-49.53944
-49.58479
-49.63335
-50.59381
-50.75836
-50.15027
-49.59558
-49.64961
-53.37923
-56.19881
-54.85694
-53.05366
-51.43942
-51.23072
-52.89358
-51.31845
-50.84178
-51.22535
-51.56297
-51.85665
-49.65500
-50.96635
-49.91616
-50.11149
-49.64580
-48.91754
-48.89534
-48.51710
-47.64658
-49.24605
-51.92907
-52.12960
-56.45613
-57.49528
-60.28049
-59.52095
-59.31025
-59.15667
-51.74939
-49.94652
-50.92348
-50.75676
-53.64791
-54.97255
-57.02073
-61.78937
-62.15160
-62.85855
-60.34534
-58.73886
-55.14480
-55.50868
-51.88281
-48.47270
-48.39914
-48.34235
-48.07266
-46.99032
-46.78609
-47.13375
-50.39693
-56.10845
-53.51473
-51.25231
-51.73213
-50.54191
-50.10770
-50.15490
-49.87049
-51.34462
-51.07619
-50.80301
-51.08492
-50.40292
-51.20911
-54.03376
-55.18520
-55.40326
-57.79432
-56.67756
-56.34167
-57.64372
-54.98404
-54.68348
-51.96888
-49.18835
-48.66723
-48.18131
-47.25823
-47.47740
-48.53505
-48.20430
-48.55092
-48.65477
-48.46029
-47.90764
-47.50049
-49.43948
-52.28854
-57.84668
-58.82621
-60.55144
-59.82599
-51.77478
-51.32114
-48.85021
-48.19657
-49.37731
-49.97641
-54.33526
-57.78800
-60.43348
-59.87916
-59.60381
-60.16206
-59.53624
-57.47219
-56.25248
-55.15179
-52.67471
-51.58510
-50.08700
-50.01700
-49.84958
-49.60982
-48.70796
-50.37778
-49.61506
-50.19765
-52.55993
-50.02182
-51.56813
-50.77228
-50.84600
-49.66825
-49.50456
-49.86778
-50.37043
-50.84016
-50.21523
-50.70168
-52.55845
-55.63067
-56.13408
-55.87870
-53.02830
-53.25900
-55.29211
-55.20876
-53.47478
-55.03371
-52.04674
-49.04861
-48.76847
-47.28238
-50.12918
-49.43894
-48.55244
-51.23482
-49.77781
-50.42561
-49.66026
-50.28202
-51.88019
-56.15492
-58.98551
-61.56646
-62.68441
-62.36186
-63.83779
-62.58090
-59.28014
-55.45832
-55.68642
-53.31924
-56.18914
-55.38514
-56.91580
-59.96587
-59.76335
-61.23824
-61.36254
-58.80145
-62.20333
-58.72697
-53.43750
-51.75305
-51.21800
-52.08513
-51.24963
-51.92134
-51.70109
-51.34475
-51.17664
-54.62323
-56.72511
-57.34369
-55.44557
-54.36294
-55.21541
-55.17398
-56.10852
-55.83516
-55.36046
-55.41550
-55.35532
-55.69916
-54.94519
-58.59552
-61.76161
-60.43876
-61.29746
-62.96856
-62.27074
-59.24233
-56.97078
-58.65745
-60.38418
-50.82329
-50.99193
-49.18937
-48.93739
-49.67673
-48.84279
-47.94476
-47.38231
-47.64082
-47.19267
-47.19919
-48.02782
-49.07997
-46.94502
-49.47050
-52.69787
-55.94583
-59.49848
-60.35824
-62.21571
-53.05320
-50.55413
-52.81617
-50.56120
-50.92819
-53.39206
-56.51599
-59.15264
-57.05502
-57.97142
-56.61722
-53.13988
-52.30036
-52.05432
-52.11944
-53.41751
-51.94311
-50.88782
-50.79685
-50.11839
-50.20203
-51.17017
-48.51173
-47.54548
-49.85810
-54.68421
-54.05525
-52.98318
-52.91439
-52.81808
-52.48395
-52.84354
-53.18095
-53.57707
-53.09641
-53.46528
-57.31121
-56.05759
-55.49334
-54.91559
-58.55322
-54.13662
-52.14748
-54.17817
-56.53472
-53.69809
-52.70433
-52.97635
-50.45211
-51.18730
-51.50821
-50.81004
-50.09313
-49.80437
-49.88998
-49.82054
-50.05016
-49.37793
-49.70830
-54.06185
-53.74309
-54.63274
-54.67435
-52.39608
-53.13781
-55.71415
-58.72953
-59.53501
-60.76183
-58.44691
-58.59842
-58.95596
-59.76318
-60.99717
-59.86798
-60.08073
-62.13510
-58.42303
-54.63283
-55.05723
-54.13790
-52.79270
-51.47072
-50.02975
-50.42191
-50.07584
-49.70885
-50.26960
-50.36430
-50.21036
-49.46370
-51.14794
-53.89822
-51.03029
-50.39709
-50.51183
-50.08527
-49.93732
-50.76987
-51.06495
-50.07015
-50.31476
-49.78487
-52.85699
-54.72569
-55.36180
-55.93448
-55.34420
-55.75450
-54.39273
-53.50809
-54.77234
-58.80413
-51.70900
-50.44800
-51.76825
-48.76290
-48.10713
-49.32084
-48.09751
-48.15236
-48.59126
-49.04164
-48.60484
-48.20199
-52.31653
-49.15882
-49.85764
-50.20373
-47.48414
-48.55578
-48.58659
-48.53026
-48.45660
-48.44613
-48.23599
-50.96687
-53.28664
-51.69635
-50.74092
-50.29320
-49.11982
-48.80583
-48.66441
-48.03943
-47.87289
-47.72806
-50.89655
-53.83818
-53.05359
-51.72369
-51.68258
-51.28136
-51.15038
-50.88253
-52.81000
-56.22067
-56.21915
-57.25214
-55.85382
-55.65010
-54.58334
-54.61255
-53.66177
-54.48761
-54.55445
-53.81360
-53.88460
-55.12013
-53.39314
-53.39931
-54.38143
-54.30367
-54.76159
-53.54338
-52.07588
-53.46242
-53.87311
-54.43160
-58.41109
-50.63285
-52.27416
-56.33047
-56.20265
-54.21147
-52.31820
-51.65645
-52.14914
-51.48819
-50.37386
-50.66865
-50.24584
-51.75930
-50.21042
-51.80576
-56.47246
-58.43530
-58.09471
-55.87078
-55.84846
-55.23906
-55.49768
-53.90925
-53.15442
-56.67755
-55.72911
-58.00107
-58.89415
-60.61283
-60.63385
-62.58747
-61.92994
-64.57275
-56.64544
-51.25835
-52.12131
-50.35442
-50.96555
-49.61301
-48.81188
-48.61543
-48.93808
-48.59138
-49.65019
-50.85116
-52.16883
-54.27353
-52.67408
-52.70402
-52.18754
-53.85691
-53.67846
-53.18072
-54.14025
-56.37575
-59.01790
-57.12936
-56.99951
-55.11494
-53.69428
-53.31088
-52.76233
-52.65722
-53.84239
-52.03646
-59.20434
-55.77256
-49.14995
-51.56509
-49.30126
-51.29506
-53.66047
-56.35193
-55.56059
-54.91403
-56.77181
-53.88918
-55.45838
-55.43184
-54.06613
-54.59229
-60.19559
-61.69568
-62.32045
-60.46470
-57.40135
-58.93306
-58.93985
-58.08697
-55.40896
-54.22819
-54.65240
-55.57264
-59.42733
-62.40449
-60.49390
-59.76916
-60.96146
-59.69873
-59.30755
-53.66823
-50.63352
-49.96080
-50.45864
-50.58064
-50.14678
-50.40151
-50.14604
-50.59598
-49.53496
-51.81627
-54.90691
-53.50723
-52.98289
-53.26896
-52.57872
-51.00508
-51.02221
-50.78715
-51.42278
-51.45462
-54.52758
-57.46659
-55.58201
-58.11011
-56.74653
-58.16742
-57.87830
-57.95649
-55.37558
-54.72436
-55.12199
-56.24639
-52.29966
-49.36849
-51.28865
-52.70317
-56.88448
-53.47187
-52.25567
-50.96438
-51.59467
-51.25081
-48.98885
-49.68245
-50.86559
-50.31475
-50.14470
-56.16447
-60.25824
-60.81358
-61.34251
-56.42404
-53.18913
-52.46733
-52.15920
-51.71663
-53.71530
-57.37369
-59.27125
-60.18560
-61.82518
-61.91409
-59.19771
-57.06638
-56.81759
-55.96425
-50.16953
-47.42020
-47.41636
-47.12107
-46.87445
-46.94601
-47.06305
-48.45799
-48.67283
-48.27248
-48.64211
-48.60126
-51.88043
-51.84094
-51.55991
-52.46878
-51.98264
-52.25041
-51.83106
-52.85281
-51.82157
-51.27741
-52.09488
-56.28719
-59.54165
-56.54396
-55.12045
-54.77348
-54.84287
-54.75833
-54.52477
-56.90123
-58.32251
-51.73109
-51.96048
-52.59264
-51.84686
-53.04437
-53.05392
-52.40100
-51.37225
-52.85310
-52.25889
-51.65577
-51.07350
-51.91972
-51.84081
-51.92431
-51.98332
-51.82836
-53.78598
-53.88086
-57.31424
-58.38955
-56.50886
-53.61942
-55.31667
-56.97234
-55.98080
-57.26431
-54.57993
-55.31337
-56.09572
-55.26649
-55.51290
-55.46793
-54.34669
-53.05770
-54.64084
-55.92926
-56.98565
-59.16686
-56.05949
-57.13064
-59.12642
-58.28552
-60.36032
-58.00310
-57.36797
-59.56792
-57.02009
-57.94520
-60.85979
-60.48349
-61.97177
-58.93651
-53.52789
-56.24710
-57.46063
-52.93233
-54.20482
-53.81127
-54.74363
-55.24534
-53.63323
-55.18878
-55.54964
-54.35660
-57.36566
-59.98692
-54.99077
-52.85476
-52.12525
-50.68457
-50.25673
-49.00606
-48.44765
-48.01331
-47.70392
-47.42908
-47.42904
-48.68473
-48.44652
-49.69829
-51.73970
-51.59629
-54.20002
-56.53493
-58.45556
-59.42628
-52.57486
-50.21646
-48.19938
-51.64044
-55.46894
-55.25925
-59.50973
-60.39588
-62.83360
-58.61435
-59.93483
-58.65030
-57.10064
-53.41004
-49.30005
-46.95338
-46.60076
-46.18470
-46.71822
-46.94586
-47.31691
-47.78523
-48.53785
-51.27344
-49.87179
-50.33964
-50.72823
-50.59741
-50.33484
-50.06539
-49.72194
-50.68968
-50.82913
-50.18668
-49.39052
-51.54014
-56.92624
-55.28879
-55.33927
-54.20161
-55.16305
-55.71548
-54.72030
-54.95371
-57.03232
-55.22130
-50.96956
-49.81017
-50.14668
-48.26479
-49.73809
-49.24668
-48.41156
-49.43245
-48.86737
-49.65598
-48.46286
-50.17910
-50.28662
-50.60039
-49.86254
-54.22825
-62.11353
-64.78556
-60.83349
-57.12860
-59.40514
-57.46762
-55.69267
-53.16511
-55.54533
-58.44963
-60.76856
-59.22232
-61.12273
-60.47807
-62.45109
-60.15883
-63.39090
-54.05782
-50.41198
-52.48813
-50.70746
-50.68822
-51.15662
-50.67621
-49.70160
-49.57370
-49.37914
-49.56176
-51.81634
-53.57269
-53.05407
-53.15761
-52.92248
-52.21132
-51.86910
-54.51352
-53.98965
-56.48403
-57.73468
-59.66694
-59.03079
-58.91481
-59.58829
-58.98499
-59.00566
-59.29254
-58.02578
-57.37512
-57.26212
-59.39200
-60.78759
-49.85101
-50.32755
-49.94346
-49.79515
-48.78469
-48.73215
-49.78173
-48.76995
-50.66055
-49.52291
-49.58124
-49.73478
-50.52498
-50.76958
-49.82563
-51.11609
-53.66123
-55.86139
-52.18054
-50.95339
-50.25048
-50.80103
-55.43289
-57.09415
-60.07863
-58.72714
-58.58729
-60.38015
-57.97987
-58.40909
-58.23721
-59.04131
-58.16352
-53.89394
-51.99020
-48.30991
-47.08939
-47.10935
-46.98782
-47.30066
-47.30200
-48.75018
-48.62111
-47.86323
-52.07610
-55.01154
-51.59201
-51.87724
-51.08165
-50.47142
-50.15464
-49.92694
-50.51292
-50.33729
-51.00510
-50.64012
-51.49537
-54.90859
-55.73229
-54.53179
-53.10078
-52.65367
-52.81578
-54.15016
-51.11022
-52.34582
-53.52225
-51.90358
-51.74145
-49.89839
-51.30293
-50.80130
-49.86946
-50.08531
-51.21749
-52.03354
-50.75718
-51.39074
-50.40637
-50.14496
-50.66073
-52.22237
-59.36172
-58.66417
-57.82083
-55.07148
-54.73290
-57.56128
-55.62848
-54.46655
-55.89495
-58.19144
-59.67015
-61.70866
-59.79350
-60.06424
-59.45785
-60.00716
-60.04476
-60.64956
-58.45258
-57.64867
-59.74183
-58.24624
-58.46189
-60.62785
-62.35728
-56.96910
-55.83386
-59.33230
-60.93941
-57.39824
-57.89236
-60.74653
-59.63416
-61.60884
-61.72934
-61.66799
-57.33811
-57.13141
-59.85500
-59.47508
-55.53016
-55.09715
-59.58369
-58.92864
-58.37659
-58.34115
-60.98601
-56.65784
-56.75091
-61.44060
-61.57561
-56.48871
-51.13078
-52.12833
-53.02840
-53.29450
-53.65104
-53.73321
-54.19607
-54.17036
-54.58022
-54.65384
-54.92400
-55.03966
-57.81962
-59.71538
-61.05167
-63.35265
-64.93137
-66.87457
-67.62314
-70.42603
-72.33033
-73.33701
-66.12596
-65.97951
-66.04171
-67.02479
-66.93134
-68.97132
-69.00874
-70.76756
-70.06812
-72.07679
-67.91652
-51.73447
-49.20364
-50.49837
-51.38970
-52.07084
-52.47883
-53.00306
-53.66903
-54.73859
-54.99263
-55.29054
-55.67808
-56.60798
-56.58260
-57.80243
-59.46208
-61.30148
-63.08081
-64.49199
-66.45241
-67.25816
-68.41065
-65.03787
-64.45985
-65.15328
-64.22726
-63.57120
-63.98535
-63.78173
-63.47917
-64.37698
-65.75017
-75.07746
-55.73105
-50.32366
-52.24847
-53.99543
-53.89008
-55.29525
-55.70152
-55.70530
-56.26675
-57.21775
-57.95572
-57.67646
-59.02255
-59.09331
-60.96214
-62.66499
-64.41549
-66.39442
-67.40377
-68.66444
-70.73340
-73.07637
-72.38737
-65.84156
-65.14339
-64.75107
-65.38219
-66.52837
-69.23014
-69.85221
-73.83971
-70.80054
-81.26978
-61.41879
-49.52775
-48.95004
-50.38033
-51.35278
-51.79445
-51.98125
-52.55144
-52.53983
-53.59472
-54.02874
-54.50589
-54.68865
-55.98487
-56.98803
-55.64022
-56.60783
-57.78733
-58.62890
-59.70006
-60.50031
-62.10416
-63.40336
-66.60329
-66.24610
-65.47422
-65.59900
-66.90178
-65.79870
-68.00959
-67.78910
-69.93464
-68.19689
-69.48582
-68.09233
-80.10346
-59.88006
-50.17064
-51.00026
-52.49284
-52.58877
-52.73027
-52.85020
-53.12273
-54.02834
-54.27070
-53.97069
-54.21399
-54.04887
-54.51935
-54.86144
-55.31750
-54.95219
-55.36563
-55.56608
-55.76693
-55.66202
-55.72749
-55.86535
-55.93840
-55.84571
-55.91484
-56.18370
-56.94756
-57.74547
-57.32972
-57.45196
-57.41341
-59.54773
-60.68409
-63.12451
-63.58901
-66.06518
-65.93456
-70.67845
-63.25908
-50.78681
-49.97693
-51.11689
-50.99668
-52.04643
-51.94545
-52.57309
-53.56637
-53.39852
-53.75097
-54.18633
-54.22899
-54.85752
-54.76583
-55.26144
-55.51247
-55.92343
-56.60221
-56.69381
-57.16819
-57.50402
-57.35014
-57.69584
-58.06954
-58.06671
-58.32069
-58.69178
-58.75881
-58.18184
-58.87445
-58.81867
-59.00362
-59.60906
-58.93108
-59.46013
-59.42427
-59.52768
-59.45904
-59.81762
-60.03148
-59.82993
-60.19176
-60.08635
-60.42328
-60.37997
-60.28043
-60.57347
-61.74965
-63.64450
-64.98979
-66.98810
-68.78467
-70.09924
-72.22857
-73.29142
-75.13430
-77.72522
-80.34465
-83.17159
-88.25560
-90.58970
-96.08482
-96.33395
-94.11970
-93.93381
-97.79269
-94.29409
-101.72331
-99.94550
-100.17708
-97.07592
-100.18042
-100.76499
-102.04235
-97.87127
-98.49904
-118.14671
-97.13522
-118.55121
-97.48588
-112.90398
-96.28445
-107.35707
-93.57756
-97.31944
-90.22946
-86.95277
-74.12389
-64.83031
-66.04179
-65.96642
-66.50492
-66.37016
-67.99165
-69.64572
-70.33261
-71.91513
-73.79440
-74.88114
-76.25302
-79.74687
-80.85807
-82.94407
-86.68957
-88.27322
-91.47705
-90.84585
-116.41529
-76.78979
-69.24863
-70.25787
-72.71423
-74.54653
-73.87196
-75.25864
-74.98176
-75.39842
-76.19300
-77.16360
-77.72987
-78.72996
-80.18267
-80.75763
-82.73889
-83.71745
-86.28751
-86.06730
-89.80291
-88.13788
-95.41662
-82.04982
-77.76304
-77.93828
-76.32515
-75.91912
-75.71306
-76.11956
-76.44128
-76.54673
-76.53282
-76.89491
-77.04551
-77.66016
-78.07514
-79.24817
-79.60427
-80.81524
-81.22487
-82.72127
-82.84025
-84.96722
-84.30528
-87.93469
-83.13547
-73.36499
-73.43749
-72.98988
-71.52534
-71.92981
-72.82632
-74.01829
-74.38989
-75.64815
-76.71716
-77.62375
-78.38580
-79.60813
-80.57178
-81.43424
-82.76807
-83.64315
-85.32372
-85.39923
-88.12886
-86.90640
-92.79547
-88.02522
-99.37194
-74.63934
-69.07574
-71.98808
-69.78929
-70.49805
-70.84245
-71.48666
-72.40175
-72.84153
-73.26602
-73.95888
-75.57473
-79.46365
-80.64348
-83.24716
-86.00146
-88.45799
-91.29742
-90.24829
-93.77253
-90.77527
-95.54902
-88.90271
-88.23508
-84.03854
-101.58838
-70.54499
-66.62955
-67.88982
-67.04263
-67.70612
-67.63031
-68.12058
-68.86694
-69.39768
-69.46245
-70.17128
-70.96192
-72.04223
-72.05161
-71.48776
-72.14198
-72.17838
-72.33888
-74.33079
-73.38897
-74.91120
-75.80954
-75.79981
-79.48439
-81.46998
-81.02213
-80.73435
-80.39776
-80.92127
-81.48331
-83.19314
-81.25934
-84.14822
-79.86076
-70.49953
-70.05044
-71.83932
-71.69186
-71.61498
-73.38351
-73.60172
-74.10736
-74.51726
-74.68335
-75.60722
-73.90164
-73.83064
-75.14823
-75.18176
-76.33720
-77.11807
-78.24546
-78.52400
-80.13012
-79.77189
-82.40780
-79.15085
-77.95822
-79.49513
-79.36640
-80.96232
-67.26944
-66.40856
-67.14352
-66.57989
-67.16374
-66.71846
-67.75846
-68.07833
-68.73554
-68.60616
-70.00139
-70.21775
-71.77134
-71.13763
-70.66192
-71.08141
-72.11909
-72.59774
-73.91887
-74.11577
-75.31283
-75.81212
-77.10218
-86.49698
-86.26142
-85.79004
-80.07272
-87.29616
-69.35805
-66.05542
-68.06476
-68.03697
-68.70722
-66.72808
-67.10455
-67.88337
-68.08231
-68.20747
-68.18667
-69.10004
-69.74937
-70.95147
-71.65531
-71.92072
-72.90792
-72.23596
-71.72389
-71.57115
-71.98831
-73.49702
-73.81440
-74.28764
-74.99299
-75.05233
-76.42220
-76.24182
-77.95593
-69.64860
-66.07532
-69.15367
-68.52982
-67.02159
-67.90260
-67.21684
-67.25662
-67.36894
-67.16176
-67.68146
-68.15261
-69.65604
-68.90971
-68.85602
-69.94647
-70.67085
-70.63223
-70.64846
-71.44779
-71.70307
-72.50488
-73.06305
-72.87301
-73.53957
-74.98114
-76.09479
-77.79522
-77.92066
-77.92870
-78.88167
-79.25719
-79.58263
-80.25022
-81.38230
-82.29197
-81.23766
-82.15604
-83.51747
-83.68318
-83.42989
-83.99352
-84.61090
-84.87365
-85.84243
-85.35128
-85.14739
-86.69121
-87.90913
-88.93335
-90.14082
-89.47608
-90.43218
-90.79281
-90.83800
-90.99061
-91.72468
-92.98313
-92.55896
-92.26146
-93.75042
-94.40623
-94.12551
-94.38918
-95.24926
-95.51643
-96.12467
-96.53311
-95.63238
-96.63809
-98.33361
-99.13524
-100.64310
-100.76779
-100.86035
-101.80824
-101.73635
-101.59781
-102.39322
-102.64379
-101.49417
-102.80575
-103.55857
-105.07492
-105.38076
-105.09084
-105.85049
-106.51010
-106.82255
-107.54502
-107.47777
-105.62967
-108.10047
-109.63701
-110.85162
-111.99872
-111.39094
-112.58695
-112.72547
-112.58968
-112.75027
-113.99169
-113.06901
-113.07706
-114.37985
-115.26592
-116.64063
-116.15471
-116.63749
-117.44410
-117.80910
-118.02276
-118.97038
-117.34674
-117.65163
-120.55802
-121.02035
-122.91813
-122.64226
-123.09900
-123.68204
-123.75756
-123.49440
-124.61491
-124.96410
-123.51811
-124.99180
-125.84894
-127.21109
-127.73987
-127.46662
-128.36920
-128.91161
-128.80903
-129.57866
-129.73459
-128.13961
-130.23033
-131.99919
-132.91462
-134.20540
-133.45937
-134.30787
-134.78173
-134.60075
-135.02295
-136.43867
-135.43695
-135.38350
-136.57183
-137.73447
-138.73669
-138.47311
-139.02738
-139.41907
-140.04348
-139.92660
-141.08688
-139.74375
-139.36676
-142.17063
-142.66400
-144.89505
-143.93777
-143.72482
-144.48881
-145.32545
-144.94102
-146.07237
-147.33095
-144.33340
-145.57252
-146.44186
-146.94566
-148.97363
-148.51473
-150.83321
-151.48910
-151.38900
-158.73204
-160.21520
-157.81677
-157.95106
-169.73127
-184.36544
-197.97393
-220.96340
-199.43476
-195.14743
-193.05535
-191.88561
-191.23694
-190.93554
-190.89317
-191.06140
-191.41312
-191.93448
-192.62090
-193.47578
-194.51044
-195.74610
-197.21764
