-87.75458
-65.37824
-61.45423
-65.15329
-64.51340
-67.03131
-67.23329
-67.46128
-66.61810
-66.32010
-65.98705
-66.11386
-66.96876
-67.62416
-66.96337
-65.07611
-65.64448
-66.91874
-67.21743
-67.73994
-68.14715
-66.70056
-66.74175
-66.74595
-66.37386
-67.19972
-67.09486
-66.21673
-62.15041
-60.60637
-60.58063
-60.59572
-62.86833
-63.36915
-63.12121
-62.07277
-62.39769
-63.63231
-64.39167
-65.19969
-64.87390
-63.32507
-62.78844
-64.66954
-64.86031
-63.97789
-64.07625
-63.77278
-64.10640
-64.69099
-65.20491
-65.75997
-65.13595
-65.69570
-61.67750
-59.84478
-61.00918
-61.82998
-62.83822
-63.38683
-64.60845
-64.69274
-64.49173
-63.84313
-64.69963
-64.16263
-66.09741
-63.72633
-59.91151
-61.08820
-61.91573
-63.94912
-62.65584
-61.77932
-62.81785
-63.72131
-64.47725
-63.21846
-62.98965
-63.60895
-64.14336
-61.11356
-59.18806
-59.91773
-60.16515
-60.13875
-60.56996
-61.08404
-61.35773
-60.43878
-60.53747
-61.61319
-62.16860
-62.46190
-60.72149
-59.24675
-60.02438
-60.35338
-60.33405
-60.72767
-60.61061
-60.94090
-61.12836
-61.42170
-61.15021
-61.30759
-61.70190
-60.92139
-61.69557
-62.68215
-63.02370
-63.25189
-62.67048
-62.45034
-62.47072
-63.04616
-63.19711
-63.25975
-63.68392
-63.82947
-63.34474
-62.93450
-63.26718
-63.13235
-64.06293
-63.88956
-64.10073
-64.54336
-64.62168
-64.38507
-65.22526
-65.35008
-66.08825
-64.09814
-59.12851
-59.60467
-59.86777
-61.71810
-62.64376
-61.20117
-61.48137
-62.10516
-64.07658
-63.80321
-62.04075
-61.62698
-62.29586
-61.08638
-62.22111
-63.29400
-63.28362
-63.41036
-63.72676
-63.41120
-64.21463
-65.23248
-65.34755
-65.41789
-65.27705
-65.61710
-60.88602
-59.21376
-60.79585
-61.60909
-62.34061
-62.71857
-62.76549
-63.02608
-63.18229
-64.05127
-64.45638
-64.12761
-64.68541
-63.21719
-61.62348
-62.02807
-61.29590
-62.34846
-63.28698
-62.86718
-62.87278
-62.35669
-63.16796
-64.57875
-65.16847
-64.62005
-63.60299
-60.09987
-58.69551
-59.75138
-59.94808
-60.04259
-60.88625
-61.40818
-61.23093
-60.42710
-60.52349
-61.45461
-62.19720
-62.53317
-60.34311
-59.46634
-60.63149
-60.79462
-60.80289
-60.60653
-60.42017
-60.71106
-61.03192
-61.76907
-61.47751
-61.39972
-61.91016
-61.25016
-62.15271
-61.77157
-60.74693
-59.93755
-58.53903
-57.57366
-56.47429
-56.15087
-56.02261
-56.20071
-56.26099
-56.38111
-56.57431
-56.96244
-57.19416
-57.02887
-56.59546
-56.84527
-56.90611
-56.75544
-57.25627
-57.50056
-57.81480
-57.65325
-58.17355
-57.70362
-57.36207
-57.57394
-58.02926
-58.21117
-58.01665
-58.50594
-58.19786
-58.49937
-59.01572
-59.52678
-59.81776
-59.06586
-58.83227
-58.37810
-58.22787
-58.51874
-58.68273
-58.76543
-58.79693
-58.58268
-58.67848
-59.54280
-60.07575
-60.28710
-59.30391
-58.32133
-56.69806
-55.87586
-55.73304
-55.64292
-55.11014
-54.12736
-53.62403
-53.62072
-53.41146
-52.70615
-52.46603
-52.59245
-53.35464
-53.05113
-52.67892
-52.66637
-52.63085
-52.57041
-52.30910
-51.99880
-52.10165
-52.23779
-52.47546
-52.64508
-52.07792
-52.50337
-52.77231
-53.48098
-53.87825
-54.53811
-55.57905
-56.29967
-57.66445
-56.64668
-56.75301
-55.88671
-55.31951
-55.00599
-53.14012
-52.50242
-51.65222
-52.03187
-52.42422
-52.21299
-52.77565
-53.32599
-53.80908
-54.90809
-56.43796
-56.48603
-56.34143
-56.00603
-55.37153
-54.34858
-54.26276
-53.83957
-53.46713
-54.56225
-55.00158
-54.08456
-53.05439
-53.07601
-52.64268
-52.95773
-53.61921
-53.85192
-54.34174
-53.83534
-54.12154
-54.07667
-53.90121
-53.19091
-54.30288
-55.14048
-55.19003
-56.16663
-55.48073
-55.63985
-55.20079
-54.65298
-54.14996
-54.22156
-52.94525
-53.44636
-53.53262
-53.62306
-54.34752
-54.05331
-55.29086
-55.38861
-56.06142
-56.29301
-56.37749
-56.08307
-57.09688
-56.89543
-56.02484
-54.86348
-54.27704
-54.65559
-54.59571
-55.63870
-55.20527
-55.35525
-54.99608
-54.01866
-53.64041
-52.90647
-53.15838
-52.71138
-52.27016
-52.96598
-52.98665
-53.58908
-53.01037
-53.68516
-54.41741
-53.65835
-53.64671
-52.17546
-52.84833
-53.28043
-52.90217
-53.04165
-52.84517
-53.86926
-54.77110
-55.66179
-55.92679
-56.75885
-56.75475
-56.70890
-56.61585
-55.80899
-55.86941
-55.80144
-56.21584
-55.36777
-55.49912
-56.45951
-56.43463
-56.29792
-57.34151
-57.75363
-57.20240
-57.53878
-57.36595
-56.89537
-56.35050
-55.54324
-55.88247
-55.78139
-54.85315
-55.07497
-55.24353
-54.79030
-55.55248
-55.29317
-54.60334
-54.63041
-54.20295
-55.11188
-54.79562
-54.99287
-54.93931
-55.20742
-54.44373
-55.00970
-55.31582
-55.54089
-56.60084
-55.20686
-54.84138
-54.27575
-54.70832
-54.44053
-54.73734
-54.43252
-55.01193
-55.35105
-56.19076
-57.12105
-56.91757
-57.14040
-56.88172
-56.88656
-56.42575
-56.22519
-55.56344
-54.62779
-54.29612
-54.27275
-54.32637
-54.63700
-54.50535
-54.47999
-54.82035
-55.32748
-54.77062
-55.35828
-55.42903
-55.85609
-56.42224
-55.36943
-54.82446
-54.63734
-54.87521
-55.76520
-55.76098
-55.81776
-54.66274
-53.28511
-52.41165
-51.73487
-51.62492
-51.41251
-51.59254
-51.27364
-51.75293
-51.65628
-52.48211
-52.13138
-51.83382
-52.12089
-52.18754
-52.69130
-52.62564
-53.27385
-53.13752
-53.32183
-52.91009
-52.84359
-52.51136
-52.93748
-52.77256
-52.44315
-52.72978
-52.59417
-52.57002
-51.57858
-51.35576
-51.41564
-51.79157
-52.35695
-51.95329
-52.37225
-52.08817
-51.36749
-51.85771
-52.23091
-52.84689
-53.12416
-53.93638
-54.36336
-54.83004
-54.94629
-53.56655
-53.39999
-52.98702
-52.64784
-52.00395
-51.41352
-51.42783
-51.28314
-51.27530
-51.56433
-52.22964
-52.82175
-53.65456
-54.33759
-54.27962
-54.44603
-54.56557
-54.08084
-53.30469
-52.49579
-52.59684
-51.83061
-51.36903
-51.34458
-51.54037
-51.79081
-52.15651
-52.39907
-52.67899
-53.80414
-55.16717
-55.55302
-56.12823
-56.21978
-52.89952
-54.72379
-55.37605
-53.83523
-53.68435
-53.64141
-54.10382
-55.48162
-57.75456
-55.81077
-54.01771
-52.53187
-52.32247
-52.52675
-52.68480
-53.44851
-53.51254
-53.69148
-54.47070
-55.30943
-55.76729
-54.78013
-55.62375
-56.22424
-56.45363
-55.33132
-54.77846
-54.92553
-54.63918
-56.18341
-55.84219
-56.00555
-56.20640
-56.43900
-57.08102
-56.18358
-55.92037
-55.35374
-54.93101
-54.70436
-53.96987
-53.67880
-55.11308
-55.09516
-56.19840
-56.99350
-55.99849
-55.72913
-54.53131
-54.89146
-54.24272
-54.60801
-53.97108
-54.32883
-51.53481
-51.25122
-52.29402
-52.75898
-52.67416
-50.70257
-52.30880
-52.80777
-51.87255
-50.03436
-51.72620
-51.71726
-52.87887
-50.22315
-46.93605
-50.35620
-54.67434
-50.77486
-50.73373
-54.88953
-51.03251
-52.29452
-52.43890
-54.50569
-52.70429
-52.05937
-52.01428
-48.65942
-49.85413
-50.20558
-55.70075
-53.18667
-51.67455
-54.50633
-54.59238
-49.26542
-49.27382
-51.88537
-51.95017
-52.61167
-47.75348
-50.65228
-53.27828
-55.57274
-56.84791
-52.71750
-54.06244
-54.28878
-50.72823
-49.51392
-51.56156
-51.83636
-55.18849
-50.11078
-49.03909
-53.08760
-52.97441
-55.84276
-53.44248
-50.86850
-50.27750
-49.29604
-50.71483
-51.72983
-51.19660
-53.29743
-50.07760
-50.16575
-53.92304
-54.70108
-54.00004
-51.84707
-52.27131
-52.89882
-53.60760
-54.60258
-54.54075
-52.44103
-54.87266
-51.27225
-48.76520
-51.72939
-53.87401
-56.11549
-57.67510
-57.57732
-55.25112
-52.65849
-50.25926
-52.19147
-51.45211
-52.36090
-53.65765
-47.91216
-50.51623
-54.69177
-56.12444
-55.52016
-52.42727
-53.95846
-53.48937
-50.11297
-51.54774
-51.31397
-51.48986
-55.01066
-48.31666
-48.95335
-52.19077
-52.83415
-54.39680
-56.25208
-55.79670
-52.15410
-51.80283
-51.56795
-50.71741
-51.78627
-52.80478
-50.21240
-49.06978
-52.96276
-52.82140
-49.58660
-51.07237
-52.54372
-52.32312
-51.10782
-51.18556
-51.65783
-51.33562
-52.34540
-51.73726
-49.29755
-53.15443
-54.93769
-52.12481
-53.64280
-55.32048
-55.20938
-52.76898
-48.76528
-48.95867
-49.77563
-50.00855
-50.93184
-48.75458
-51.28044
-52.16015
-52.35380
-52.50985
-51.05902
-52.84388
-51.94826
-49.49979
-51.16444
-50.98378
-52.22060
-53.21884
-49.07428
-50.97023
-53.48910
-53.36373
-52.17400
-51.58863
-50.77837
-51.71525
-53.67797
-52.66983
-48.73809
-49.70701
-53.05870
-49.29093
-49.94865
-52.56348
-54.67966
-55.43367
-55.69454
-55.06733
-53.56440
-50.91794
-49.74923
-50.98310
-50.59289
-53.44182
-51.13161
-48.73987
-53.20509
-52.91398
-52.98846
-51.95301
-51.68674
-53.54182
-50.32530
-49.51718
-51.25500
-50.94442
-53.02224
-52.60979
-47.57855
-51.94562
-54.80823
-53.29626
-53.83316
-51.93082
-54.72435
-52.69324
-50.68296
-52.31388
-51.80479
-52.36734
-52.15730
-48.92684
-51.49219
-54.47760
-53.83324
-51.84740
-50.37892
-50.25785
-49.54504
-50.23734
-50.23381
-50.78857
-50.56225
-51.84293
-49.83731
-50.80524
-54.01014
-53.32565
-54.21390
-54.76062
-53.56830
-48.06113
-50.45819
-54.01749
-55.42645
-54.37293
-53.96586
-50.18800
-48.80661
-56.05972
-55.58686
-54.15094
-50.54070
-52.20409
-53.20874
-51.37629
-51.64594
-52.51268
-52.63562
-54.48019
-50.98173
-47.46798
-52.55808
-53.86998
-54.56293
-53.24986
-53.16714
-53.38153
-51.97092
-52.22408
-51.39928
-52.69923
-52.89945
-53.14580
-48.38719
-49.27606
-53.97894
-54.42156
-53.95231
-53.20965
-54.05395
-51.21700
-51.40306
-52.98394
-53.34983
-52.67958
-54.64377
-48.87500
-48.29698
-56.90460
-53.94151
-52.93650
-51.85792
-53.25635
-53.62193
-51.58103
-51.33571
-51.82647
-52.78894
-54.87665
-49.83650
-47.44648
-53.55112
-54.20343
-54.49996
-51.97107
-53.88667
-53.96502
-51.29951
-52.12967
-52.64154
-53.29478
-54.97394
-52.19907
-47.41430
-51.23692
-53.78460
-55.55971
-53.55691
-53.57416
-54.62573
-52.29988
-51.90835
-52.92163
-52.60593
-53.94322
-55.08811
-48.17515
-49.68291
-52.54195
-51.91761
-53.18028
-52.10575
-51.91264
-52.99380
-54.49825
-52.60240
-48.47503
-51.52236
-53.53939
-49.35379
-50.03605
-54.18715
-54.83316
-56.03496
-54.98569
-54.08006
-54.33051
-52.31646
-53.76446
-49.22012
-49.76882
-54.76986
-50.17666
-49.95260
-55.28682
-53.94813
-54.24636
-51.24527
-51.68709
-53.14003
-51.90588
-51.87228
-51.50280
-53.47198
-54.64280
-51.14943
-47.63945
-50.94223
-53.17029
-54.47418
-52.80930
-52.70884
-52.66770
-51.39773
-51.87692
-53.73616
-53.73479
-54.01319
-53.62519
-46.68974
-50.97646
-56.39404
-53.52894
-54.31339
-53.21795
-54.18580
-50.79393
-50.05615
-50.10585
-50.19418
-52.23359
-52.66349
-49.01699
-49.66894
-52.47712
-53.96444
-55.04318
-52.75178
-54.73388
-52.12507
-51.21471
-51.27164
-51.82362
-52.25341
-54.20331
-50.63800
-48.04788
-54.21019
-54.90564
-54.29285
-53.12665
-54.62272
-52.40678
-50.64064
-50.29952
-51.23886
-51.55278
-54.31342
-50.98204
-48.00117
-53.96150
-55.24212
-55.22659
-51.83877
-52.26611
-53.26516
-55.08066
-54.82768
-55.08346
-51.56497
-52.19564
-52.39156
-47.39481
-49.21200
-53.34742
-53.73354
-51.67835
-50.15952
-49.90180
-51.53154
-51.07555
-52.43566
-52.35227
-52.55784
-52.64408
-52.97491
-53.00632
-54.82745
-50.99867
-47.84363
-53.38589
-50.51436
-48.20829
-52.76952
-56.18620
-55.62316
-54.01027
-57.42205
-50.03035
-47.13056
-50.81797
-51.63026
-51.96894
-50.76919
-51.75773
-52.82289
-49.99573
-50.24399
-52.06959
-52.21077
-54.37200
-49.75755
-48.99657
-52.67401
-53.39012
-53.04783
-52.22779
-52.39129
-52.57234
-53.76896
-52.08533
-49.57759
-48.47874
-52.87297
-51.23953
-48.65604
-51.71648
-52.27163
-52.72527
-53.74462
-52.44212
-52.09268
-50.98323
-49.16073
-50.63600
-50.68232
-53.17847
-52.97570
-48.90495
-51.70126
-56.61049
-54.29414
-52.53127
-52.95042
-53.91471
-53.21573
-53.56586
-51.46101
-48.43501
-51.18653
-53.26830
-48.86298
-49.15472
-52.73012
-52.34701
-52.87050
-51.72667
-52.16002
-53.36984
-51.01380
-52.38266
-53.21196
-52.69976
-54.78268
-49.94794
-48.48251
-53.02252
-55.27866
-55.84136
-55.15702
-54.60123
-54.69407
-51.06960
-49.09663
-51.34119
-51.12809
-53.84569
-52.52141
-48.13012
-50.57731
-54.15818
-53.07239
-49.53857
-49.94732
-51.06435
-50.46050
-51.64795
-52.45790
-51.91021
-52.51926
-51.44219
-48.97703
-52.39684
-53.45074
-49.40437
-49.48399
-53.04103
-52.42923
-53.62417
-56.98578
-55.96881
-56.55029
-55.37137
-57.20061
-48.57338
-48.39043
-53.28030
-52.68873
-53.44577
-52.45399
-52.83912
-56.67350
-52.86202
-50.30589
-51.79976
-49.88786
-53.01993
-50.84906
-49.20929
-52.04313
-52.30354
-52.31995
-50.94288
-51.06868
-52.07715
-50.22449
-50.54701
-52.62976
-50.86619
-54.81494
-50.80530
-47.92473
-52.10720
-54.17208
-53.21810
-52.38637
-52.01367
-52.33546
-53.16464
-53.58332
-50.60110
-47.41471
-52.49617
-50.97474
-48.49244
-51.68381
-52.63350
-54.01656
-54.38254
-54.23193
-52.49953
-51.33407
-49.74744
-50.47683
-50.70015
-51.68369
-53.22865
-48.96500
-49.87675
-54.20529
-52.34279
-52.75088
-50.83011
-52.38610
-52.12819
-49.44852
-51.55423
-51.70928
-51.32049
-54.93935
-49.29255
-47.74670
-53.99623
-53.65485
-53.66729
-50.69570
-51.31113
-52.66004
-50.27664
-50.63705
-52.13849
-51.86327
-53.41759
-50.80970
-48.60859
-52.37293
-53.35637
-54.01779
-55.16901
-54.33421
-53.23234
-52.02112
-51.24285
-52.24038
-51.90173
-52.55293
-51.51072
-49.24949
-51.36684
-53.90325
-53.90604
-54.31219
-53.05358
-54.56254
-52.85378
-50.32904
-50.94868
-49.86820
-51.52519
-52.77327
-49.10992
-51.73626
-58.07690
-52.99825
-51.59866
-50.95254
-51.87727
-52.61628
-50.42795
-51.44516
-52.52518
-52.11501
-55.33933
-48.54882
-48.79784
-54.56263
-52.50017
-53.82680
-52.22159
-52.37448
-51.45977
-51.45796
-51.59961
-53.03488
-52.61429
-53.40805
-50.73603
-47.87664
-51.22688
-52.70821
-53.91430
-52.46558
-53.51249
-52.68228
-49.53227
-50.24120
-51.11983
-51.05597
-52.42996
-52.05604
-48.38414
-51.85492
-55.58153
-53.56830
-53.80727
-53.09145
-54.42040
-51.42735
-52.87702
-52.28216
-47.69289
-51.46189
-55.64697
-48.58796
-49.49361
-53.15372
-54.39541
-55.24539
-53.78428
-56.57490
-52.00993
-51.13565
-51.70839
-52.42422
-52.35980
-55.52986
-49.93077
-48.44019
-56.45829
-54.88754
-56.55398
-54.95045
-58.08713
-51.50956
-49.41424
-50.52395
-51.23708
-51.01385
-53.14956
-51.07834
-47.90557
-52.30959
-53.58129
-53.53400
-51.33561
-51.45050
-48.94689
-51.16071
-54.85508
-53.26629
-53.57013
-53.19187
-50.89176
-49.54682
-51.94705
-52.86821
-52.62477
-53.14732
-52.31132
-52.66479
-53.79186
-55.85643
-52.52801
-47.82510
-51.20173
-51.77202
-48.60657
-52.56139
-55.60823
-53.50575
-52.46900
-51.73114
-52.60284
-53.76146
-52.69359
-53.89212
-54.05624
-53.43530
-54.79206
-47.87956
-49.57184
-54.72784
-53.41851
-53.26223
-51.73326
-52.97940
-51.94524
-50.50462
-51.36841
-51.73572
-51.31574
-53.82452
-49.40963
-48.13671
-51.45357
-52.68809
-54.39889
-52.70760
-53.85617
-53.28925
-51.04546
-51.77912
-51.44232
-51.58611
-52.71998
-51.73916
-46.97838
-51.33132
-55.62337
-53.81903
-53.42594
-53.21400
-53.87458
-50.50146
-51.17736
-52.21384
-52.85270
-53.95448
-53.27305
-46.89832
-50.97803
-55.81695
-54.95809
-55.03066
-53.48016
-54.05531
-50.22306
-50.14606
-50.79712
-51.56289
-53.36317
-54.16485
-48.69304
-49.06304
-53.57967
-55.07861
-51.95743
-51.14821
-52.07979
-52.44965
-55.02536
-53.87700
-48.95909
-49.11515
-55.51589
-48.94851
-47.80918
-51.44580
-52.53752
-55.21236
-54.87520
-53.41356
-47.68108
-48.64405
-52.40738
-52.88205
-50.92031
-51.68323
-50.62230
-48.38660
-54.38355
-52.39250
-51.67633
-53.17724
-52.77770
-53.25653
-53.77298
-53.80116
-54.93053
-55.28151
-57.22861
-54.72687
-48.20952
-49.70800
-51.70690
-52.45393
-52.16611
-50.45317
-51.04308
-49.95658
-48.31199
-49.99862
-50.06916
-52.33033
-52.55333
-48.70177
-51.59599
-52.97915
-53.44772
-51.45218
-52.87584
-52.06047
-52.52093
-52.67044
-49.27703
-50.58115
-49.86425
-52.27776
-49.40700
-49.37237
-53.52359
-52.05024
-52.45545
-51.42152
-51.44034
-51.74268
-49.91269
-49.48353
-50.64437
-50.28472
-52.09860
-49.93971
-48.52335
-54.30297
-53.02115
-51.98881
-51.12648
-50.98405
-52.26209
-52.76343
-53.25599
-53.70211
-52.94613
-54.64820
-52.93594
-48.57257
-53.31851
-55.03569
-56.35153
-53.31952
-53.77872
-51.02213
-49.54827
-54.50991
-56.03680
-57.16283
-55.23712
-52.95721
-48.34802
-49.74744
-53.63548
-56.58640
-55.99662
-55.47260
-53.61762
-51.66303
-49.15552
-49.18214
-48.90895
-49.52439
-54.07729
-49.35767
-49.44846
-51.13137
-52.09504
-53.07179
-50.81308
-52.30693
-52.86126
-51.53059
-51.86348
-51.17203
-51.39106
-52.77476
-50.39873
-49.99727
-53.84270
-54.29302
-54.57491
-55.27219
-53.03456
-54.37454
-53.49791
-50.79242
-53.33847
-52.48883
-54.46171
-52.48698
-48.23598
-52.38258
-54.64268
-54.23252
-56.48863
-57.59056
-54.11984
-51.90039
-50.07947
-49.76487
-50.38372
-50.96980
-52.25782
-48.17470
-50.02780
-52.50236
-51.50081
-52.59162
-50.79782
-51.58981
-51.55003
-51.28932
-52.20726
-50.03895
-49.80687
-52.39523
-48.84345
-50.89811
-53.25644
-52.93662
-53.50981
-54.50329
-54.26068
-53.02592
-53.83571
-51.09648
-53.09781
-52.10649
-55.35008
-51.14248
-49.18850
-52.44066
-53.05597
-54.07737
-52.83509
-53.41450
-53.62970
-51.83555
-50.76072
-52.52670
-51.60123
-55.06054
-51.28804
-46.93670
-50.70151
-53.37587
-53.93148
-53.75803
-51.94772
-53.24133
-51.03739
-49.49934
-52.08169
-51.11353
-52.94176
-53.61816
-48.08819
-50.22430
-53.92359
-54.21813
-53.59522
-50.24548
-52.80421
-52.28536
-50.53985
-51.33521
-48.54882
-51.12700
-54.07751
-49.85557
-50.87852
-54.12553
-55.23603
-53.22403
-52.76631
-52.84044
-51.34777
-51.55825
-52.79285
-52.22150
-52.50707
-53.12422
-50.02130
-50.78765
-53.17746
-54.84038
-54.83631
-53.88901
-54.50951
-55.04351
-54.04802
-52.45921
-52.84691
-52.36866
-54.85948
-51.57808
-48.75914
-52.72739
-53.70802
-53.42241
-51.65798
-52.04634
-52.18332
-50.64867
-51.43170
-50.86582
-52.57278
-53.30077
-53.16253
-49.33966
-52.06138
-54.30222
-53.47935
-53.98654
-52.16946
-53.70383
-51.78568
-52.08665
-52.84849
-54.37995
-52.63245
-53.38036
-49.89392
-49.14985
-51.46494
-52.52614
-53.52031
-51.86261
-54.11641
-52.16449
-51.45786
-51.97531
-52.36502
-52.68480
-55.22278
-50.08170
-48.78394
-54.83736
-54.20933
-54.84471
-53.04006
-53.83884
-52.42195
-51.46653
-52.08732
-51.64010
-51.73695
-53.43463
-51.17902
-48.86170
-53.03278
-53.31903
-55.51404
-53.93511
-55.89526
-53.82269
-50.54991
-52.13683
-52.46188
-53.12325
-53.50448
-53.57286
-48.21775
-50.21682
-54.23998
-55.11609
-54.22101
-55.69273
-55.39523
-50.32405
-51.44612
-52.02159
-51.81013
-51.40989
-53.08011
-48.81826
-48.96255
-53.42266
-55.53898
-54.72248
-53.04567
-51.15702
-48.73900
-50.86252
-52.35629
-54.67156
-55.08678
-58.30850
-49.92967
-48.66747
-53.11666
-52.59048
-53.22621
-53.08892
-52.66545
-49.79698
-50.60303
-51.39967
-52.91378
-51.03982
-51.83645
-50.26659
-48.81719
-52.68943
-53.26171
-55.10457
-52.43524
-53.81844
-52.01465
-50.28182
-52.59462
-53.22541
-53.14900
-53.75781
-53.79608
-48.04017
-51.17846
-56.25384
-54.28032
-54.00892
-53.86575
-53.30515
-50.81183
-51.80418
-52.45362
-52.76889
-51.51368
-54.12189
-49.51614
-50.00631
-54.18665
-54.56392
-55.69281
-53.14655
-54.42831
-51.17045
-51.86664
-52.15525
-53.08206
-52.79734
-54.85106
-50.86164
-48.32617
-53.47006
-55.10968
-54.88898
-53.46857
-55.15547
-51.95398
-50.89531
-53.31348
-52.00909
-50.27312
-55.37205
-52.08068
-47.86749
-53.32291
-53.97059
-52.93913
-53.69388
-54.28712
-54.87532
-54.30184
-54.14180
-54.06723
-54.72211
-54.47518
-55.04604
-54.84063
-54.95450
-54.68467
-54.82906
-54.74602
-55.15448
-54.89390
-54.67713
-54.99529
-54.85971
-54.93483
-55.08567
-54.98557
-48.24281
-50.68586
-55.43734
-55.49856
-57.92147
-56.76469
-56.66352
-54.50506
-52.80478
-51.43688
-53.34275
-52.32981
-57.40724
-49.09162
-51.66510
-56.23245
-50.72225
-51.64423
-50.34870
-51.49819
-48.13466
-50.84940
-54.37233
-53.62532
-52.30014
-53.34219
-49.23755
-49.43102
-54.76460
-56.33983
-57.13247
-52.90141
-51.39222
-51.23376
-53.71472
-56.46505
-57.79737
-51.31112
-51.94200
-51.48261
-48.78859
-52.96374
-56.19116
-58.26368
-57.55514
-59.06774
-56.24665
-51.02624
-51.66256
-53.13428
-52.03452
-52.59230
-51.63039
-48.11997
-51.32961
-57.86776
-60.79859
-63.00900
-60.35928
-60.95789
-53.38643
-48.81616
-49.67052
-49.78930
-49.64372
-51.57976
-48.70010
-50.56641
-55.32124
-57.64036
-60.20598
-58.34680
-58.82702
-55.75061
-53.08870
-52.29450
-54.13872
-53.90399
-53.76331
-49.30785
-48.85704
-53.72951
-56.48236
-55.17365
-51.21510
-51.70289
-56.07486
-59.48077
-60.45818
-58.16010
-50.62912
-51.26912
-49.81249
-48.01599
-52.94113
-55.43825
-57.63673
-56.25451
-57.07191
-56.59308
-52.13502
-49.31828
-50.18374
-52.48521
-51.70814
-50.46935
-48.38687
-52.11661
-56.57574
-57.63675
-54.74821
-52.18743
-54.08040
-57.37073
-58.07271
-60.19751
-53.22775
-48.39218
-50.94567
-48.35724
-50.19531
-54.78349
-56.63217
-57.40489
-54.75097
-59.53892
-52.90215
-50.89774
-52.52217
-53.42863
-53.76689
-52.02791
-49.71022
-49.51589
-54.95971
-57.00140
-56.31642
-52.49261
-51.14560
-51.78436
-52.61748
-56.89188
-55.65698
-52.86723
-51.52497
-49.13699
-48.40006
-52.71619
-57.58320
-56.78327
-54.44806
-57.73124
-56.73156
-50.62393
-49.02459
-50.36189
-50.08626
-50.84236
-49.98015
-47.69408
-52.41806
-57.33294
-59.17561
-60.14971
-58.69146
-58.63357
-52.04149
-48.64551
-50.23835
-51.64104
-50.65701
-51.36700
-48.73833
-49.93319
-56.01085
-58.49537
-60.60755
-58.39593
-58.90064
-52.99953
-48.36690
-48.01811
-50.78133
-53.25089
-53.30038
-50.39597
-49.86182
-54.60276
-58.55145
-54.21257
-51.07771
-50.96860
-52.28158
-56.96680
-57.12219
-56.86030
-51.47970
-51.54968
-49.82975
-48.44123
-53.24839
-55.08293
-57.96946
-51.64132
-50.02825
-50.76010
-55.60185
-55.94851
-51.82725
-51.09331
-52.71609
-52.54887
-49.17597
-53.91735
-55.23237
-57.94247
-54.14935
-52.53970
-55.84230
-57.97239
-59.05707
-59.06942
-53.32271
-48.84062
-49.70411
-47.86304
-49.72629
-55.88659
-57.09635
-51.86217
-51.29809
-51.73382
-54.40736
-52.41519
-51.50630
-52.71271
-51.69643
-53.74680
-48.76044
-51.05094
-55.82844
-58.49046
-57.20203
-52.45805
-52.36165
-53.03646
-55.01787
-58.27059
-54.33392
-50.72139
-54.15931
-49.70469
-48.40088
-53.28817
-57.11479
-56.36707
-53.68026
-58.34563
-55.44312
-51.09120
-53.24930
-54.45342
-53.77762
-55.77224
-52.31323
-47.96127
-51.66889
-55.94870
-58.32776
-59.68096
-59.42106
-58.35361
-50.71858
-51.70989
-53.37827
-50.87187
-52.60131
-54.83699
-48.97524
-50.42189
-54.40845
-58.19090
-59.71786
-59.54148
-60.19793
-50.68189
-52.84414
-55.01850
-53.15405
-53.75611
-53.98955
-48.95203
-49.44916
-55.59702
-57.86388
-55.04342
-52.72391
-53.32102
-53.48173
-53.89701
-57.71450
-55.86099
-50.18622
-54.87275
-49.34815
-48.66784
-54.57280
-56.15035
-55.33249
-53.34300
-61.68581
-54.91684
-52.07077
-54.37993
-54.80666
-52.74360
-55.71202
-51.83533
-48.44183
-52.68132
-55.76982
-56.56854
-53.79602
-51.48496
-50.73122
-52.75786
-53.62480
-57.19388
-54.32776
-51.95433
-52.40281
-48.53073
-51.87762
-56.35892
-57.38034
-57.17792
-56.31753
-58.22053
-52.48130
-50.32314
-51.90686
-53.48535
-54.16662
-53.56128
-49.01900
-50.34362
-55.73857
-59.87101
-54.72371
-51.41217
-53.25167
-54.33273
-58.01056
-58.91388
-54.56695
-50.71572
-54.45469
-49.40158
-48.59208
-54.05664
-56.66832
-60.23422
-57.60115
-59.72099
-53.26734
-52.13046
-52.55237
-52.31451
-52.70673
-54.44049
-52.24423
-48.23651
-52.51610
-56.17721
-58.72835
-59.12079
-59.05549
-55.49056
-50.90957
-52.67106
-53.90727
-54.52005
-53.92909
-55.07467
-48.62201
-50.73561
-57.44084
-59.59545
-61.05126
-60.01657
-60.14742
-50.28221
-50.95725
-52.82141
-54.30036
-54.17654
-54.95273
-49.44151
-49.61129
-56.10934
-57.14509
-56.07002
-53.34299
-56.62568
-58.04821
-58.66697
-60.03726
-54.43882
-51.85702
-56.13758
-48.90676
-48.65718
-54.34144
-56.76904
-57.67339
-55.54638
-61.98336
-53.85223
-50.12631
-51.20137
-52.94711
-52.89782
-55.40057
-51.25571
-48.67754
-53.03001
-56.35441
-56.69340
-53.97329
-52.78944
-52.92289
-53.91732
-56.17891
-58.05367
-50.61227
-50.51260
-51.65065
-48.84006
-51.70373
-56.49655
-62.78034
-58.70270
-62.22646
-60.32927
-49.72715
-49.66702
-51.49981
-52.96994
-54.91691
-52.60630
-49.04974
-52.00521
-56.67655
-56.63158
-54.82157
-49.93034
-53.83096
-53.20759
-51.74727
-52.57695
-52.76089
-53.46285
-52.42953
-50.19243
-50.42804
-55.41395
-56.61787
-58.36081
-58.67262
-61.02173
-53.32866
-50.32474
-52.40371
-52.84063
-52.68738
-53.94173
-50.59617
-49.41030
-54.62468
-58.29818
-60.25647
-60.19423
-60.28043
-58.01082
-50.82398
-48.81043
-50.19261
-49.29305
-50.58165
-49.92700
-48.66594
-52.82015
-57.16995
-59.46337
-58.04094
-58.11116
-58.72624
-54.02446
-50.64086
-51.29864
-53.49705
-53.84572
-52.65727
-48.79593
-50.82243
-56.36537
-56.53322
-53.48438
-51.87135
-54.46121
-59.07701
-60.32135
-61.42728
-54.88854
-49.99638
-51.76376
-48.54775
-49.98023
-54.93042
-58.32697
-58.91389
-58.01583
-60.85334
-57.36418
-53.26929
-50.66535
-48.69934
-49.43032
-57.04953
-49.74393
-48.96717
-53.45333
-56.29324
-57.11185
-54.47074
-52.68157
-54.27699
-57.32832
-59.84568
-60.51185
-49.92088
-49.56009
-50.61241
-48.19709
-53.04049
-55.48647
-48.92739
-50.60149
-54.25212
-57.16032
-51.79136
-50.42108
-52.49780
-53.15324
-52.94814
-51.63533
-48.79393
-50.87015
-57.11282
-57.04859
-54.14802
-50.09313
-51.19594
-51.16321
-55.35576
-58.15350
-54.60459
-52.56614
-51.22897
-48.28696
-49.80868
-55.43044
-58.15117
-55.45581
-56.31428
-57.89081
-54.35154
-51.51051
-50.20423
-52.12770
-50.74517
-52.46483
-49.28047
-49.40304
-55.16894
-57.93281
-60.97378
-58.68043
-59.42811
-56.04458
-50.00200
-48.01932
-50.03379
-50.14672
-50.37210
-50.55407
-48.70017
-52.98772
-57.83437
-59.38327
-59.41461
-57.91482
-57.92796
-51.40668
-49.11167
-50.48699
-52.34349
-53.53689
-52.03173
-49.24472
-51.11083
-57.40547
-57.96031
-52.53202
-50.46652
-51.06425
-55.54435
-59.31065
-58.58852
-54.02650
-51.12846
-52.02326
-48.15076
-50.88391
-55.81385
-57.09768
-57.20487
-52.10204
-51.36825
-52.86129
-57.90715
-52.04042
-49.34487
-51.02519
-56.87989
-50.71671
-49.49184
-53.52755
-54.80160
-54.84259
-52.31430
-53.37063
-49.48641
-52.44712
-55.85318
-58.83096
-55.75532
-51.48542
-50.15706
-48.36042
-54.73304
-55.06859
-48.86498
-51.36395
-55.42955
-56.05721
-56.08059
-51.92207
-52.26935
-52.02173
-54.12866
-51.20688
-48.83934
-53.64031
-57.29074
-58.87564
-53.85956
-52.85153
-54.47759
-56.03872
-57.93946
-59.37401
-52.56781
-52.06096
-53.94505
-48.23380
-50.38018
-55.73856
-57.98288
-55.11519
-55.76316
-60.81397
-51.98121
-50.69755
-53.26684
-53.12432
-53.63237
-54.67836
-49.22558
-48.87998
-54.83458
-57.78011
-62.21630
-59.78379
-62.17377
-54.65302
-51.55828
-53.99862
-51.50458
-50.28925
-54.86750
-51.55636
-48.88205
-52.76971
-55.45909
-62.28987
-58.43174
-63.07324
-54.49384
-51.39332
-54.18794
-54.37568
-53.32030
-54.93399
-52.97012
-48.99583
-52.59929
-56.27281
-58.40247
-56.15197
-54.84934
-54.33325
-54.79793
-54.37886
-59.32448
-52.51633
-52.50044
-54.66978
-47.87568
-51.18277
-55.86271
-58.34141
-54.92910
-56.04620
-61.40654
-52.04463
-53.46675
-54.04587
-48.16256
-51.74385
-55.46563
-48.84226
-49.89440
-54.91911
-55.76346
-54.77705
-53.40868
-51.12901
-51.60570
-52.42082
-54.74191
-57.01494
-51.03576
-51.26800
-50.48158
-48.93135
-55.76601
-52.74681
-48.61718
-50.92144
-55.15029
-58.88334
-53.59943
-50.29547
-51.13320
-52.64817
-54.14587
-50.69060
-48.43248
-52.77809
-57.70060
-58.14187
-52.02093
-51.89253
-53.43766
-54.99315
-58.01459
-56.61413
-51.98825
-52.67920
-53.48602
-48.12970
-51.71388
-54.93700
-58.39553
-58.38484
-59.00584
-57.43703
-52.30507
-54.41864
-53.02936
-53.31878
-53.58584
-56.28103
-50.39538
-49.66838
-55.93749
-59.16606
-61.27757
-59.44773
-63.85162
-51.66076
-52.21455
-53.88507
-53.64589
-53.97090
-54.17917
-51.64238
-48.31912
-54.48563
-57.16661
-60.87954
-57.75287
-61.03508
-54.62739
-50.06351
-53.52897
-55.19364
-54.64657
-55.57784
-52.66459
-48.18764
-52.47770
-57.06394
-56.84516
-54.26132
-53.25926
-57.15888
-58.41902
-59.05475
-58.92881
-51.77156
-53.53582
-54.56493
-48.37498
-51.53434
-55.64561
-60.41357
-57.95210
-59.84968
-60.25091
-51.63092
-52.38138
-54.80579
-53.54291
-54.24809
-53.85335
-48.99445
-50.78409
-54.96851
-58.31011
-55.57076
-54.26606
-51.86833
-49.27404
-53.27599
-57.34495
-57.77936
-50.74959
-50.10635
-50.03575
-48.39245
-56.36788
-52.90827
-48.66705
-52.71200
-58.39395
-55.36153
-50.69511
-51.14382
-51.87092
-53.49737
-52.90941
-49.45304
-49.17555
-54.08308
-56.67742
-56.84003
-52.87921
-51.31659
-52.56846
-53.05587
-53.25632
-53.22187
-54.62639
-56.46094
-59.03279
-59.90225
-62.18815
-60.60982
-60.56639
-59.46559
-59.92700
-60.61382
-61.41419
-60.05060
-60.71648
-59.88593
-59.89023
-60.14676
-58.39072
-59.41117
-60.17122
-60.61740
-61.75006
-62.03221
-61.04349
-62.46793
-61.56935
-61.11307
-59.79785
-60.27476
-59.69975
-61.01367
-60.22789
-59.39078
-59.95935
-60.11165
-61.59290
-60.58522
-60.93044
-60.09372
-60.45528
-60.47410
-62.35858
-62.28303
-60.00560
-58.92706
-58.02093
-59.16855
-57.89437
-58.23380
-58.99390
-58.27463
-58.43042
-58.18565
-57.50061
-57.10816
-59.13419
-57.85819
-57.00217
-58.64394
-59.14405
-56.68151
-56.84593
-59.41575
-57.26838
-56.88582
-58.44534
-59.40334
-57.50243
-57.86811
-58.84679
-57.08217
-58.47614
-60.13352
-59.30755
-60.03603
-60.38559
-60.27786
-60.81415
-60.43407
-59.67946
-60.25766
-59.85223
-59.85316
-61.56151
-59.87164
-59.09184
-60.06913
-60.59852
-58.62774
-57.76895
-57.95354
-57.45255
-58.16383
-59.63092
-60.89953
-61.15088
-58.25392
-56.45023
-56.49002
-56.97759
-58.06541
-58.29481
-58.35469
-59.09100
-59.98554
-59.22925
-60.10940
-61.47415
-60.13292
-59.66715
-60.61374
-60.67812
-60.68186
-60.62889
-60.64141
-60.98517
-61.36714
-63.24260
-61.58693
-61.29695
-61.29958
-60.63096
-60.54691
-59.32512
-60.35189
-61.05359
-61.38852
-61.39344
-61.82130
-61.49484
-60.43342
-60.87826
-60.86411
-60.42660
-60.75706
-60.41522
-59.17187
-58.89603
-58.53738
-59.62860
-59.56034
-59.55819
-59.65069
-59.46596
-59.82748
-58.73863
-58.51610
-59.17685
-59.39545
-56.68260
-56.57517
-58.10071
-57.61183
-56.59076
-57.03787
-57.61963
-56.68451
-57.67078
-58.41676
-56.44252
-56.47857
-58.46999
-56.93596
-58.17314
-59.31946
-58.67978
-59.56453
-59.91948
-59.89159
-59.13333
-60.07303
-59.64267
-60.26699
-61.28487
-59.80956
-60.20060
-58.89954
-59.09652
-60.97671
-59.39483
-58.97677
-59.46685
-59.87986
-59.94599
-60.29252
-60.09140
-60.23968
-59.03645
-61.77494
-61.13540
-61.57569
-60.68545
-60.76956
-62.06892
-61.56029
-62.48467
-60.53033
-61.26303
-60.56551
-62.73436
-59.82170
-65.67712
-50.60479
-47.89251
-55.03328
-59.06340
-61.44345
-59.24627
-60.56326
-59.40579
-60.05135
-59.25095
-60.01294
-60.38004
-60.59460
-62.06510
-62.30864
-63.07355
-62.75546
-63.16600
-63.41334
-64.01372
-63.52772
-63.84801
-63.40229
-63.68513
-64.61764
-65.99559
-63.54726
-62.76146
-62.94850
-63.23640
-63.24786
-62.89977
-63.08771
-63.25724
-63.55069
-63.71587
-62.70290
-63.14818
-63.06701
-62.39613
-63.16829
-63.52832
-63.25953
-62.67485
-63.00674
-62.18448
-64.46214
-62.54870
-65.08837
-61.62288
-49.17039
-49.47502
-60.06743
-51.05114
-48.27287
-54.16719
-59.92670
-60.71280
-59.36991
-59.29804
-59.43588
-61.15698
-61.28878
-61.60390
-61.28931
-60.00990
-61.01099
-60.28395
-59.33449
-59.63148
-59.59233
-60.60076
-61.48600
-60.06467
-59.40763
-59.49255
-60.54648
-61.00763
-60.10377
-60.13200
-59.40911
-60.37130
-60.28503
-60.64803
-62.26967
-61.32551
-61.65215
-62.11115
-61.45427
-62.54803
-62.54348
-61.70059
-62.27133
-61.52527
-62.55635
-62.70633
-62.73135
-62.05189
-61.03627
-61.70490
-61.57445
-61.78396
-59.31402
-48.94454
-50.20129
-57.04206
-51.57951
-48.14978
-49.56869
-57.85539
-58.42857
-58.76930
-53.45767
-54.18329
-56.07012
-54.32692
-56.05690
-55.52586
-56.52775
-56.32760
-56.84491
-59.68523
-54.25942
-49.94530
-49.34409
-52.57960
-59.09985
-58.47709
-57.91184
-51.01350
-50.14171
-51.22363
-54.64750
-57.76215
-58.28583
-55.27446
-53.86849
-55.61922
-52.86890
-53.83982
-54.54894
-55.45433
-52.23740
-53.99279
-60.51443
-57.12631
-52.70091
-54.37909
-50.81799
-51.23637
-54.69381
-53.16488
-53.48559
-53.76872
-53.50660
-51.14600
-52.29704
-53.34137
-56.16766
-49.07021
-49.24571
-56.40314
-59.86158
-60.58529
-58.76985
-57.91539
-50.23611
-51.65626
-53.89350
-48.99300
-49.53741
-55.74654
-57.97005
-58.28172
-56.32517
-54.57157
-54.78787
-53.22329
-54.22914
-48.86353
-48.63048
-56.40860
-60.52802
-59.11990
-61.12435
-55.20013
-48.21685
-51.04285
-50.52519
-47.54320
-50.58734
-54.51149
-55.74328
-60.07361
-60.77255
-56.46974
-53.05873
-58.83784
-56.42871
-49.74419
-54.58432
-54.08433
-57.02929
-58.82340
-58.61939
-54.07112
-52.47094
-51.51440
-54.82408
-52.73952
-51.60984
-54.91531
-49.37816
-50.42216
-49.74644
-53.84154
-58.09026
-59.28206
-53.77474
-52.81702
-52.33480
-54.45634
-54.58072
-51.67394
-53.90587
-49.60489
-48.61720
-51.55939
-54.10523
-54.65471
-52.35364
-51.47331
-54.57690
-50.76615
-52.97089
-53.78234
-52.17237
-53.63101
-50.97431
-48.95208
-50.25911
-54.07717
-52.17760
-52.10779
-52.67943
-53.50709
-53.95896
-51.65383
-53.90511
-51.84385
-54.13202
-52.39679
-48.88524
-50.97414
-54.07178
-53.04454
-54.18443
-57.12509
-51.92539
-52.86685
-49.13068
-50.53751
-51.90840
-55.61909
-52.18817
-49.93840
-50.45034
-51.24520
-50.97345
-47.98902
-52.99024
-53.57089
-53.99191
-50.87956
-52.56060
-51.58508
-54.21658
-54.59589
-50.02531
-49.65478
-49.42577
-54.34113
-53.76967
-57.47261
-56.09818
-56.28615
-51.67109
-52.28981
-55.14436
-49.87322
-54.54089
-50.40368
-48.19491
-49.54241
-50.29618
-50.55296
-50.71559
-51.53771
-51.02478
-50.52274
-50.27698
-50.13149
-49.81368
-51.28690
-50.39731
-50.05831
-49.96527
-50.64950
-51.82940
-53.23635
-52.54156
-53.24752
-54.02539
-52.23777
-49.66569
-51.29212
-56.97239
-50.71964
-50.97841
-51.47152
-50.49513
-53.02442
-50.87743
-50.60645
-52.45847
-50.95096
-49.65585
-50.60929
-50.15751
-52.35922
-52.28114
-51.45322
-51.01970
-50.23842
-55.15308
-54.36971
-57.86006
-54.09922
-53.01518
-53.54185
-52.60799
-51.95522
-49.60667
-55.31352
-50.67239
-48.80482
-52.08083
-52.85805
-52.07400
-51.96072
-51.34153
-50.65290
-48.84931
-49.37821
-50.86151
-50.46583
-53.41362
-51.23225
-50.80806
-49.92024
-51.07822
-52.93568
-55.07343
-54.27104
-51.00097
-55.84030
-52.43262
-51.99376
-52.95533
-52.79718
-51.71343
-48.89463
-50.56100
-53.03369
-54.83798
-54.85661
-52.52789
-50.95732
-50.87497
-50.07589
-51.33920
-51.13480
-53.73514
-52.36076
-50.81269
-50.64401
-51.11656
-53.45511
-51.56242
-51.89998
-52.92678
-53.40633
-51.03126
-53.80960
-49.98621
-49.51261
-53.62408
-48.92797
-48.91576
-51.56552
-52.85749
-53.96105
-50.89289
-50.20444
-51.05450
-51.04365
-52.22480
-50.54575
-50.32718
-51.96814
-51.11923
-50.21004
-51.91716
-52.49345
-54.15132
-52.88085
-53.30317
-56.30726
-50.37241
-49.67566
-50.68395
-51.28156
-55.61624
-53.50471
-50.85161
-50.69176
-50.67430
-53.00040
-52.34022
-52.85385
-53.46901
-52.95545
-52.36061
-51.48590
-53.18111
-51.88984
-51.12900
-49.52896
-49.75777
-50.76100
-52.30751
-53.07681
-53.16607
-53.08464
-52.08564
-50.95984
-51.23031
-54.02916
-52.04348
-53.14779
-50.19104
-48.83758
-51.90605
-52.96675
-53.38933
-52.07356
-52.93195
-52.57384
-51.23982
-52.86933
-51.19006
-50.85339
-52.41137
-52.46888
-48.43899
-51.29943
-54.04674
-52.59240
-54.89875
-51.90293
-52.75380
-49.52700
-53.90009
-53.13210
-51.41702
-54.04160
-50.75452
-48.66225
-50.05113
-52.62042
-48.92042
-49.05818
-53.15132
-54.44892
-51.26259
-51.74281
-52.79586
-51.88678
-53.22579
-53.32056
-49.40080
-49.43822
-50.90106
-52.52595
-50.94280
-52.58063
-54.53060
-51.40362
-52.50238
-51.44021
-52.62603
-56.54311
-53.12163
-50.55918
-48.56153
-49.56441
-54.04598
-53.09821
-52.50376
-53.06298
-55.39989
-52.73486
-50.83237
-49.35452
-49.55870
-51.58038
-50.40637
-50.50805
-51.15126
-51.33441
-50.95154
-53.06806
-52.27067
-52.88807
-52.59360
-50.65501
-50.62074
-50.45746
-50.82022
-50.47043
-52.18777
-49.96283
-53.32350
-54.40754
-51.67054
-51.72707
-52.85522
-52.93876
-50.29416
-52.68448
-52.20344
-52.09755
-51.98413
-49.91998
-49.17430
-54.32837
-55.39130
-52.83287
-53.48691
-53.62068
-50.88158
-52.11632
-52.03462
-51.07360
-54.01424
-52.83382
-49.21795
-49.33416
-54.45127
-52.85948
-52.59747
-51.14494
-53.74941
-52.07501
-50.02047
-50.83301
-50.91553
-52.27495
-54.22327
-50.23929
-48.00101
-49.75782
-50.84627
-54.91949
-53.46308
-53.82864
-51.71463
-51.49903
-51.27403
-52.12135
-53.14072
-53.04136
-52.34092
-49.29739
-50.08345
-51.58318
-54.08988
-51.64727
-54.23682
-54.69476
-50.03615
-52.23464
-51.38397
-51.54117
-56.01503
-53.61362
-48.50176
-48.41970
-54.97103
-53.62003
-50.56770
-52.66883
-53.87323
-53.18166
-55.68272
-54.10382
-48.08411
-47.15855
-50.37480
-51.43122
-48.90772
-52.50315
-53.04186
-50.12650
-49.80117
-51.90302
-52.63369
-52.00074
-52.59691
-49.60283
-52.43415
-52.57604
-49.07282
-48.12729
-50.15592
-52.20185
-53.88211
-55.35715
-52.60915
-52.85571
-53.32970
-55.77590
-50.93050
-49.35963
-54.36139
-51.58269
-47.84073
-50.78985
-53.13249
-49.79923
-51.33458
-55.02632
-56.32055
-50.24253
-49.84502
-52.74086
-54.14274
-54.28144
-49.81064
-50.86293
-49.65944
-51.73419
-53.30907
-50.68310
-51.14522
-52.61771
-53.95113
-51.85946
-53.82199
-52.58176
-52.00511
-50.48182
-49.53561
-49.84531
-51.71186
-55.18467
-56.46224
-56.37476
-52.02519
-51.58142
-49.97899
-50.45718
-50.54199
-50.88048
-50.98277
-50.58895
-52.30813
-51.39498
-55.30467
-51.98022
-50.95487
-54.60422
-53.07116
-51.17918
-51.64859
-55.06481
-54.37432
-55.87358
-51.88914
-47.96610
-49.61301
-51.62643
-49.75866
-51.11180
-53.98579
-54.62940
-53.95395
-49.99968
-50.94058
-51.52373
-53.83693
-52.81889
-48.91403
-48.55567
-51.93398
-55.26559
-55.20020
-55.88556
-56.53264
-54.86420
-49.40353
-56.23446
-52.22087
-51.99081
-54.81640
-49.04960
-49.89925
-50.72096
-52.27887
-50.74232
-52.15637
-52.83737
-51.86799
-50.69512
-50.42225
-49.42574
-51.38273
-52.32765
-50.68277
-50.60206
-50.34590
-51.30728
-52.64357
-53.36518
-51.37736
-53.75565
-54.08405
-51.27484
-51.72078
-55.29588
-53.14294
-51.64576
-51.70526
-49.83877
-53.20735
-55.08112
-53.84895
-55.02488
-54.82020
-55.01806
-51.91912
-52.15625
-51.71085
-53.61983
-52.95258
-48.88513
-50.89289
-52.38093
-53.50895
-52.31648
-51.17897
-52.58265
-52.75248
-51.03938
-53.51097
-55.33423
-57.25092
-53.01922
-50.41006
-50.37934
-50.83823
-53.88838
-52.74895
-53.64758
-51.09826
-53.61722
-50.39554
-50.61242
-51.44610
-51.25863
-54.76634
-50.31559
-50.94300
-50.37852
-51.41589
-55.13875
-53.35410
-51.30047
-52.94215
-50.64084
-51.98087
-51.07822
-54.20994
-56.25625
-51.50672
-51.01157
-49.61168
-53.49410
-53.83142
-54.63462
-54.13482
-55.30745
-52.09555
-51.29373
-52.23678
-52.10365
-55.46563
-53.59746
-49.27743
-49.79477
-54.65347
-56.47901
-57.50188
-54.76449
-58.72282
-52.85405
-52.33382
-53.51943
-48.68513
-51.24034
-51.95012
-49.66655
-49.99948
-51.38052
-53.73155
-53.63375
-50.06194
-50.33806
-51.40347
-52.15466
-51.75192
-49.86464
-51.54440
-52.38733
-50.99278
-51.27374
-51.76163
-51.86147
-54.75710
-52.99822
-52.68864
-53.60824
-52.44194
-54.03521
-55.59817
-56.36079
-54.30731
-50.91019
-49.63341
-52.47414
-54.22353
-51.23521
-51.64915
-53.80332
-52.92871
-51.95996
-51.18611
-52.60132
-51.94964
-53.80381
-51.29854
-49.46557
-52.61164
-52.53176
-52.57083
-52.59090
-54.43530
-53.16296
-54.72843
-53.52974
-53.71948
-54.13713
-53.49786
-53.23968
-50.48458
-50.27479
-50.63199
-53.28997
-52.39411
-52.60185
-53.73554
-52.38980
-52.58007
-53.13259
-51.63893
-50.99868
-53.38832
-50.65360
-48.87124
-52.63159
-53.79947
-54.53498
-54.27712
-54.37981
-51.77924
-52.10724
-55.20738
-50.49490
-53.10663
-54.14027
-49.97469
-49.32561
-50.37775
-50.59262
-48.77390
-51.37712
-55.30950
-52.54227
-52.16219
-52.46031
-53.86752
-54.12834
-55.71851
-51.19092
-47.67037
-49.52270
-53.04757
-52.99496
-51.54504
-54.71136
-53.06441
-52.66897
-52.26641
-50.88657
-54.73942
-55.15611
-51.03898
-50.13181
-49.38054
-52.21327
-56.39692
-52.39396
-50.22526
-52.25305
-54.31230
-54.46605
-52.51387
-49.86046
-50.07193
-50.85669
-50.93738
-51.75538
-53.55969
-52.32398
-52.89584
-53.28623
-52.64172
-52.86997
-51.46324
-51.10356
-51.06221
-51.08407
-51.86516
-51.76874
-51.66014
-53.26319
-55.38913
-53.56363
-52.71213
-53.79828
-53.39783
-51.02549
-51.25450
-52.69893
-51.73432
-52.17709
-51.69753
-50.92794
-51.61133
-52.28860
-53.52894
-53.29059
-55.19329
-53.13552
-50.58940
-53.61227
-51.84523
-53.06071
-55.08741
-53.22475
-49.09769
-51.39444
-55.51866
-54.33877
-54.54114
-53.17909
-54.67746
-51.29936
-51.08533
-51.01379
-51.75751
-54.13111
-54.48637
-49.57630
-49.81694
-51.29972
-52.00678
-55.35876
-53.04096
-52.99999
-52.13876
-53.00345
-53.05942
-53.24424
-54.66215
-53.77254
-50.89179
-48.90809
-51.98999
-56.44573
-53.07028
-52.50469
-55.53315
-52.21691
-51.20808
-52.95563
-51.01826
-52.91553
-55.92218
-50.19923
-48.77926
-50.48238
-54.05876
-53.49712
-51.81696
-55.25821
-53.97377
-54.97390
-54.85414
-52.00700
-47.53683
-49.53511
-53.06760
-50.30563
-52.37180
-53.69666
-53.72538
-51.19101
-52.31192
-53.28248
-51.87009
-52.81227
-50.76660
-48.99226
-50.10397
-51.87993
-49.75324
-47.96613
-51.82027
-53.50254
-54.56042
-53.24279
-51.31852
-52.59604
-53.99725
-55.03390
-49.51829
-51.62647
-55.48107
-49.05646
-49.23543
-53.63581
-50.93654
-49.65707
-51.69646
-51.85396
-51.86996
-49.62209
-50.30558
-51.55942
-51.73053
-52.30339
-50.26233
-51.14292
-50.00095
-50.02431
-50.64719
-49.95512
-51.02946
-52.64453
-51.06300
-51.64345
-52.34454
-50.43637
-53.10407
-51.99857
-49.69825
-51.00975
-54.39946
-53.80877
-51.65375
-52.07385
-53.35138
-56.37832
-56.19133
-54.92825
-52.64190
-52.31040
-53.10900
-50.14581
-52.01336
-54.62111
-50.87190
-50.87226
-53.75281
-52.83360
-50.42220
-49.96988
-51.82117
-52.80046
-53.18846
-52.69647
-49.97886
-49.32151
-51.29422
-51.45685
-50.63952
-52.85156
-54.54668
-54.26758
-50.58386
-49.78744
-51.25121
-53.66701
-55.24677
-51.65889
-49.88592
-50.45633
-54.24812
-55.72555
-55.59947
-54.02184
-54.68821
-51.34279
-49.79704
-52.35105
-52.11725
-55.77564
-51.24782
-49.58191
-50.29415
-50.52205
-53.73944
-54.12238
-51.87646
-51.60715
-52.43942
-51.84724
-50.72265
-50.53010
-51.68959
-51.26608
-50.61655
-50.88229
-51.18801
-51.29549
-53.96444
-53.98466
-53.36086
-53.46382
-53.64613
-50.08065
-52.50385
-55.48000
-50.94726
-49.83755
-49.56325
-52.19402
-52.78952
-52.76117
-53.98596
-54.43364
-51.53124
-50.75509
-51.68734
-51.58164
-51.54563
-53.09632
-50.24718
-50.11406
-51.37878
-53.02325
-53.53145
-51.64003
-52.71111
-54.60621
-51.40686
-52.17888
-53.96033
-50.49150
-53.73575
-50.95359
-50.71770
-50.49035
-54.73028
-56.71768
-54.61884
-55.43024
-54.00985
-50.18933
-49.37037
-51.70637
-50.23425
-54.81081
-52.36219
-50.85788
-50.65586
-51.80961
-55.46205
-54.98997
-52.70028
-55.84235
-54.12297
-51.53904
-52.97920
-52.95873
-57.77036
-55.04943
-49.79108
-48.93500
-52.92954
-54.87710
-56.00746
-57.65773
-55.50932
-55.71869
-51.32868
-51.85135
-52.55703
-52.01262
-54.08426
-51.74402
-49.92291
-50.21447
-52.69854
-51.94653
-51.13313
-53.21302
-53.80548
-50.37673
-53.22178
-49.85207
-49.03597
-53.09806
-50.08694
-49.44971
-51.18584
-53.64669
-53.36437
-53.21452
-50.24368
-51.14148
-51.34076
-51.75423
-50.89544
-51.03001
-52.77733
-52.14515
-50.86438
-51.17565
-51.43455
-52.64722
-55.55295
-53.72135
-54.94253
-55.85761
-55.65346
-55.26814
-57.13799
-54.74033
-51.95993
-49.60023
-51.11014
-51.03853
-51.61308
-52.23630
-51.89406
-53.85975
-53.04130
-52.22216
-51.82830
-53.52319
-54.36544
-53.36503
-50.41194
-49.92102
-50.67730
-52.79346
-52.65008
-53.33584
-53.54522
-55.16959
-53.38572
-51.68211
-54.06398
-53.29846
-53.79903
-51.63411
-49.34199
-51.55561
-54.47387
-54.28786
-53.08287
-53.88187
-53.44993
-50.98081
-53.19034
-51.86873
-51.55719
-52.50659
-52.81509
-49.30634
-51.60989
-54.70001
-53.06255
-55.51935
-52.55456
-53.05205
-50.57770
-53.66452
-52.72444
-51.17343
-54.73700
-51.67442
-49.64720
-49.17916
-50.23085
-49.72284
-48.96286
-54.20064
-55.42619
-52.49600
-53.10199
-53.16347
-55.60188
-56.04324
-55.18145
-49.93134
-48.75612
-50.92009
-54.45643
-52.89528
-53.30216
-54.52787
-52.56590
-53.59540
-51.58151
-53.13057
-55.91731
-54.58382
-50.62984
-49.82105
-51.59487
-53.02696
-54.65860
-53.84476
-51.46842
-51.54035
-50.82589
-51.33074
-50.05344
-50.60018
-53.13228
-51.91263
-51.64417
-49.94177
-50.86715
-52.80573
-53.10517
-52.46922
-53.42080
-53.57687
-52.53852
-52.85321
-52.48183
-54.72620
-53.34021
-49.77028
-51.53161
-52.10194
-53.93854
-52.43892
-51.79322
-54.25109
-53.32533
-52.49864
-52.68402
-54.91591
-53.50610
-53.23992
-50.80114
-49.94263
-51.66525
-53.53221
-53.41579
-52.87235
-54.58736
-52.52443
-51.88557
-55.72419
-53.47044
-53.60095
-55.44574
-50.96591
-49.44759
-52.77103
-54.33063
-52.86193
-54.10800
-53.87705
-53.97918
-53.06994
-53.73432
-52.43352
-53.25214
-54.61639
-51.47086
-50.42947
-51.06092
-52.00529
-54.03486
-54.94459
-54.07110
-54.92663
-53.87027
-54.21178
-54.59562
-56.09354
-56.07012
-54.30330
-50.45109
-50.19172
-54.89314
-56.58715
-53.71783
-55.37228
-56.68179
-51.51992
-52.72248
-52.18722
-52.11196
-55.83465
-54.35698
-49.48337
-50.26431
-55.04242
-55.83862
-51.43934
-52.76820
-55.59239
-54.79631
-57.07285
-54.58289
-50.05492
-47.59951
-52.68821
-50.99721
-49.84424
-54.55058
-54.44762
-54.11576
-52.45496
-53.22262
-52.50623
-52.15181
-51.92883
-49.84331
-49.94672
-50.14076
-49.99348
-49.17344
-50.52251
-53.66250
-53.48954
-51.58696
-52.01248
-54.34509
-52.65796
-53.60183
-51.81307
-49.79600
-52.31414
-52.31089
-49.91581
-51.94309
-54.04575
-51.73197
-50.28110
-51.80609
-52.87873
-49.72243
-49.13984
-50.05458
-50.58439
-51.04724
-50.26877
-51.64467
-51.60913
-51.21087
-51.84207
-50.63704
-51.53669
-52.87695
-53.72900
-53.44565
-55.25063
-55.63558
-52.20358
-52.09742
-50.99352
-50.37515
-52.54082
-53.75898
-55.30875
-54.88395
-52.56959
-52.58408
-51.15236
-50.77867
-51.01228
-51.38171
-52.05037
-50.89967
-52.53061
-52.72576
-56.64880
-53.56554
-52.62661
-57.25471
-55.81740
-54.98276
-52.15111
-53.84438
-52.06679
-53.86331
-54.24071
-51.03126
-51.82983
-52.41888
-51.54772
-51.84035
-53.92647
-54.15233
-52.12734
-49.47891
-51.35882
-51.94861
-54.50653
-54.60320
-49.86854
-51.72917
-52.60725
-53.35862
-55.39156
-52.56492
-52.88438
-54.16646
-51.17895
-52.23515
-53.19926
-53.18535
-53.85793
-52.67580
-51.89019
-52.43641
-54.85814
-54.64066
-56.06275
-52.77139
-52.94970
-53.63952
-51.63283
-52.41305
-55.10455
-55.87025
-51.12525
-51.16324
-51.04343
-51.29830
-54.21865
-54.88178
-52.36804
-52.74182
-53.31509
-52.17230
-52.45541
-51.74902
-54.49986
-53.80992
-51.07818
-51.67959
-53.32375
-55.28113
-54.68241
-52.32666
-51.11825
-51.45909
-49.92689
-50.49347
-50.87071
-51.93488
-52.79973
-51.23351
-52.29212
-51.64463
-52.00981
-51.91241
-51.10486
-51.88256
-52.18779
-51.18905
-54.58493
-55.16079
-53.68075
-52.98467
-50.25121
-50.71971
-50.67302
-52.34413
-54.35162
-54.48853
-53.41479
-53.74027
-51.11225
-51.04940
-51.77373
-51.55367
-55.37328
-51.97649
-51.13111
-51.53887
-53.43494
-54.91616
-50.28300
-51.30346
-54.11408
-50.17454
-50.06402
-50.76436
-53.07434
-54.81178
-51.99681
-52.05402
-51.39963
-55.28887
-56.66470
-55.92741
-55.70325
-56.02451
-52.01349
-50.56799
-52.58568
-51.92984
-52.47191
-52.82982
-53.40306
-50.89879
-53.70082
-56.15931
-52.08534
-53.01152
-54.27912
-52.41617
-53.14589
-52.80227
-52.74176
-55.55786
-56.37129
-52.96258
-50.94509
-50.85547
-51.04078
-53.40744
-50.41208
-50.57023
-51.98641
-52.96523
-53.76823
-51.85160
-54.51124
-56.50175
-54.44805
-52.04639
-54.53708
-56.03648
-53.72081
-55.70860
-58.21384
-56.10829
-50.18100
-50.26042
-51.83783
-51.38052
-55.58375
-52.61378
-51.16102
-50.70803
-52.58523
-53.73346
-50.88446
-52.66861
-53.45112
-52.22695
-51.97758
-53.41746
-52.63430
-54.15628
-53.34317
-51.62664
-50.36122
-51.80717
-52.78764
-51.50991
-53.61536
-53.48682
-52.69228
-53.12864
-55.44644
-53.34548
-54.08830
-53.81105
-50.34930
-51.82820
-55.60871
-55.39745
-53.73808
-53.37099
-54.80509
-52.32612
-51.30946
-52.63541
-51.85482
-53.22757
-54.35667
-52.33076
-50.75714
-51.22659
-51.52393
-55.65741
-54.29482
-53.33023
-54.76312
-54.93363
-53.04857
-52.11926
-54.34150
-54.92408
-52.25403
-50.30772
-55.76767
-55.33968
-54.78587
-53.36960
-54.23991
-54.77887
-54.80757
-55.25881
-52.87808
-53.11602
-54.85566
-54.15911
-51.50555
-50.85165
-52.50629
-54.37843
-52.56548
-55.80341
-51.53548
-52.30250
-51.57597
-52.02325
-55.91420
-53.65140
-54.67542
-51.17371
-50.79249
-52.65413
-54.78991
-51.89939
-51.18506
-54.48365
-54.87468
-55.50888
-55.36418
-52.76170
-56.47485
-58.51452
-51.50754
-50.16930
-51.04444
-51.13150
-52.69640
-52.69775
-51.92863
-53.84833
-51.14538
-50.61294
-51.14829
-51.67397
-54.51036
-54.88935
-52.13939
-51.54698
-53.34344
-53.31475
-54.36522
-54.08372
-53.25783
-53.06098
-54.64271
-54.59248
-54.22873
-54.68762
-53.11986
-50.51166
-51.29741
-54.55061
-53.64631
-53.42512
-54.43652
-54.41155
-54.57213
-53.87567
-51.60182
-53.28005
-54.26116
-52.93399
-51.36541
-51.31849
-52.33843
-53.00062
-53.95347
-53.51857
-54.17150
-52.46303
-51.58135
-51.76422
-53.16778
-53.76444
-54.30561
-52.65431
-50.24657
-51.20352
-52.76372
-54.56765
-52.94010
-53.55290
-52.22700
-52.86856
-55.90755
-54.62961
-54.55212
-54.97394
-54.43194
-53.21420
-52.05774
-52.47951
-56.55363
-54.65990
-55.87923
-52.54357
-52.11377
-54.60046
-52.31845
-53.62143
-54.51487
-53.28322
-51.07617
-52.96164
-56.22983
-57.15623
-56.46203
-56.13743
-54.04050
-55.00830
-53.21450
-52.74379
-54.96177
-52.40371
-54.64307
-52.68414
-51.06777
-55.59263
-55.61320
-54.60041
-54.19718
-52.38364
-53.50675
-53.14362
-53.16666
-52.93064
-52.81964
-53.59055
-52.12834
-50.97786
-53.59092
-54.53012
-52.92061
-56.17278
-54.08145
-55.48706
-56.37597
-53.10015
-54.63284
-55.34531
-56.07204
-55.18912
-54.13640
-53.08469
-54.95568
-54.28785
-51.69942
-51.66514
-52.08650
-54.08458
-53.09519
-52.85803
-54.24505
-56.61233
-56.12103
-53.63444
-54.68726
-57.86241
-57.01153
-54.93136
-55.31577
-55.50353
-57.27540
-58.34560
-56.13945
-54.30368
-54.62645
-57.04457
-58.25590
-56.26319
-56.23769
-56.63028
-57.10308
-59.24114
-59.03563
-57.47203
-56.02072
-55.49638
-57.09422
-58.29078
-58.61214
-57.99551
-56.21164
-57.24148
-58.57845
-57.61731
-57.11896
-56.74272
-56.47025
-57.37581
-58.56625
-60.12321
-58.56021
-57.38992
-58.58741
-59.69190
-60.13510
-60.37739
-59.48128
-57.68497
-59.41176
-61.23125
-60.30559
-60.59275
-57.68412
-56.93814
-59.07595
-57.78620
-56.99349
-57.86878
-58.29067
-56.70291
-57.62016
-58.57294
-57.59923
-57.49443
-60.61263
-58.71673
-57.31997
-56.91792
-58.51623
-56.48929
-52.60802
-53.23041
-53.17023
-55.30955
-54.27159
-53.44010
-53.94564
-53.92577
-53.69761
-54.50484
-53.84195
-53.89053
-53.82513
-54.09822
-54.57235
-54.15846
-55.19497
-54.27702
-54.78253
-54.54312
-55.06544
-54.91816
-54.56675
-54.70079
-54.22835
-54.99501
-55.09667
-52.80835
-53.43725
-53.03895
-53.54783
-54.65188
-54.06617
-53.99982
-53.81533
-54.03628
-53.54666
-54.14762
-54.22852
-54.60447
-54.37533
-54.59712
-54.60303
-53.89855
-54.16750
-54.51090
-53.95962
-54.44615
-54.68274
-54.87423
-55.55945
-55.66287
-55.30813
-55.42721
-55.66618
-55.24509
-55.06366
-55.07247
-55.28741
-55.59127
-55.32919
-54.59723
-54.71413
-54.16110
-54.27591
-54.32104
-54.10686
-54.53320
-54.24608
-53.77732
-54.42467
-54.56156
-55.34595
-56.21462
-55.49534
-55.60130
-55.69818
-55.42879
-55.54824
-56.73980
-56.76272
-55.83191
-55.69297
-56.46264
-55.88310
-55.91832
-57.32298
-56.35236
-55.76669
-57.57795
-57.24589
-55.50222
-56.86584
-58.76427
-57.64032
-57.91631
-59.09317
-58.98403
-57.80865
-59.52915
-59.81536
-58.75105
-59.28634
-58.45575
-59.16711
-52.01680
-51.03005
-53.17053
-52.91731
-54.05220
-53.05395
-53.97062
-53.85254
-53.54996
-53.64385
-53.86906
-53.26041
-53.41309
-54.03543
-53.31009
-53.43512
-53.61965
-54.43930
-53.62028
-53.77916
-53.68163
-54.09366
-53.77686
-54.06795
-53.22341
-54.41848
-54.78926
-51.86997
-53.08032
-52.85147
-52.87402
-52.29827
-52.65024
-52.96531
-52.40325
-52.29969
-52.73555
-52.74476
-52.60131
-53.02460
-52.87812
-53.12574
-52.52638
-52.57433
-52.51506
-52.72019
-52.87079
-52.96635
-52.87621
-52.64167
-52.89640
-52.97068
-52.89709
-52.89605
-53.36296
-53.56315
-53.72576
-53.78382
-53.41648
-53.78206
-53.62543
-53.33095
-53.36651
-53.57396
-53.79008
-53.63229
-53.56964
-53.91265
-53.27728
-53.11849
-53.35819
-53.53169
-53.79639
-53.57286
-53.83972
-53.69362
-53.86778
-54.02529
-54.13367
-54.21860
-54.61933
-54.32002
-54.93900
-55.41633
-55.01965
-54.99827
-54.86605
-55.34093
-54.94856
-54.83773
-55.32719
-54.95010
-55.05068
-54.43358
-54.26302
-54.79988
-54.61914
-55.02953
-55.68478
-56.03724
-55.68541
-55.88613
-55.97289
-57.01076
-56.40647
-56.78094
-53.04031
-51.22524
-52.39382
-52.08963
-54.05288
-52.16019
-53.39662
-53.51012
-52.67877
-55.00202
-52.98597
-54.01509
-53.08541
-53.32868
-53.59155
-53.69849
-53.78945
-53.58390
-53.65049
-53.50183
-54.52359
-52.71901
-55.05662
-53.36043
-53.16760
-54.56962
-53.44089
-55.63512
-55.19497
-53.69209
-52.71868
-53.36802
-53.72937
-52.95070
-53.07440
-53.35682
-52.73847
-53.02209
-53.33719
-52.95407
-52.81490
-53.14069
-53.35028
-53.31934
-53.30785
-53.05308
-53.16342
-53.12383
-53.30489
-53.27889
-53.37099
-53.31544
-52.99763
-52.99670
-52.69026
-53.07627
-53.01795
-53.03413
-53.24729
-52.91113
-53.25167
-53.61611
-53.45649
-53.60102
-53.77367
-53.60804
-53.27451
-53.16782
-53.19608
-53.02742
-53.22042
-53.47381
-53.72057
-53.69915
-54.07648
-54.06194
-54.48609
-54.37696
-53.97976
-54.40914
-54.56087
-54.81696
-55.07636
-54.96301
-54.68601
-55.02789
-55.11149
-55.24064
-55.12992
-54.82005
-54.81942
-55.05811
-55.08780
-55.15584
-55.16730
-54.80732
-55.13327
-55.28844
-55.25382
-55.31588
-55.33727
-55.23120
-55.60196
-55.57474
-55.74148
-54.77730
-52.06463
-51.83586
-51.78057
-51.90926
-51.27215
-51.10920
-50.87167
-51.72508
-51.30456
-50.78946
-54.71293
-51.98353
-50.33626
-51.16445
-52.83416
-51.93129
-51.39763
-51.43443
-52.54727
-57.05894
-51.28415
-51.45803
-54.84628
-52.99553
-52.55524
-52.33137
-53.36539
-53.81774
-54.65183
-56.08328
-55.25552
-54.39019
-53.63429
-53.53910
-53.74795
-53.97776
-54.24970
-54.28168
-54.46225
-54.45243
-54.15356
-55.16478
-55.25669
-54.46810
-54.77571
-54.46909
-54.73744
-54.86997
-54.59060
-54.43602
-55.04635
-55.06225
-55.26028
-55.66349
-55.53178
-55.68754
-55.48859
-55.77596
-55.73377
-55.86930
-55.84464
-55.87613
-55.46589
-55.50985
-55.51095
-55.83418
-56.27194
-56.12732
-56.53892
-55.88039
-56.19520
-56.30986
-55.83845
-56.70590
-56.24252
-55.72473
-55.92836
-55.68848
-55.98470
-56.74880
-57.96167
-57.55905
-57.12354
-58.10378
-58.09842
-58.56300
-59.41671
-58.16796
-57.99875
-58.94491
-58.28330
-57.54868
-58.72887
-58.85386
-58.09935
-59.72098
-60.42021
-58.68781
-60.07461
-60.12318
-59.68142
-59.51832
-60.03087
-58.86216
-58.09842
-58.58311
-53.19452
-52.80685
-53.54611
-53.88789
-53.64435
-53.03724
-54.08015
-53.33630
-53.34221
-53.65020
-53.66320
-53.41602
-53.50290
-53.65534
-53.63354
-53.93384
-54.12104
-54.37410
-53.98278
-54.06010
-54.43541
-53.88295
-54.40614
-53.80763
-55.05686
-58.60795
-55.72096
-51.80981
-52.64093
-53.19787
-52.69871
-53.29981
-52.92201
-53.34082
-53.02022
-53.21520
-53.17429
-52.63444
-52.69748
-53.29576
-53.35217
-53.30916
-53.36328
-53.39539
-53.48660
-53.37233
-53.38960
-53.55541
-53.43518
-53.46133
-53.59837
-53.55416
-53.65972
-53.71441
-53.83535
-54.47567
-54.28749
-53.48296
-53.82565
-53.93567
-53.92597
-53.98303
-53.78086
-54.12202
-55.14894
-55.12159
-55.72234
-56.61149
-56.43125
-56.28942
-56.02026
-55.98072
-57.18554
-57.59571
-57.60462
-57.75203
-57.43676
-57.46615
-56.28810
-56.45237
-57.57372
-58.29011
-57.99304
-57.28834
-58.15451
-57.97956
-57.69042
-58.46060
-57.58740
-57.13627
-58.53294
-58.82236
-56.92361
-58.15138
-59.21677
-58.86947
-59.54394
-61.44160
-58.88572
-59.36110
-58.90527
-57.09453
-60.14369
-59.99321
-62.02805
-55.09954
-52.00234
-52.21106
-53.05974
-53.94638
-53.77129
-55.52783
-54.99323
-54.17930
-53.74527
-54.04266
-53.49480
-53.74266
-54.11917
-53.77760
-53.92630
-54.37178
-54.76982
-53.91595
-54.89196
-54.45782
-54.00624
-54.46255
-54.41957
-54.30717
-54.79562
-54.46463
-54.19417
-55.08447
-53.77517
-53.13605
-52.53500
-52.73820
-53.05271
-53.00041
-52.97810
-52.98802
-53.37561
-53.42683
-53.11017
-53.23762
-53.23682
-52.99611
-53.47873
-53.23305
-53.12991
-53.27463
-53.31227
-53.24847
-53.05460
-53.08605
-53.20757
-53.32188
-53.51071
-53.72299
-53.90812
-53.73626
-53.69723
-53.42061
-53.29713
-53.45697
-53.66646
-53.39048
-53.43771
-53.50555
-53.39556
-53.65778
-53.90905
-54.55515
-54.77352
-54.33302
-54.11809
-54.92380
-55.16311
-55.20419
-55.55320
-55.43649
-55.73850
-55.76854
-55.26825
-55.69406
-55.75292
-56.42507
-56.55438
-56.19676
-56.28358
-55.93770
-55.74074
-55.51574
-55.73762
-56.16716
-55.88812
-55.46067
-56.02574
-56.16594
-56.36886
-55.56965
-55.56847
-56.47158
-56.94112
-56.61131
-56.97354
-56.91804
-57.11397
-56.59099
-57.35521
-56.14221
-52.42327
-52.88111
-54.41268
-55.63388
-53.55154
-54.59183
-54.58865
-54.00583
-54.42520
-53.37703
-54.96332
-53.79997
-54.75483
-54.12025
-54.51996
-54.41809
-53.53883
-54.80654
-53.80820
-55.33141
-53.57238
-55.00302
-55.79035
-53.43008
-55.35352
-54.45389
-54.12486
-52.35045
-52.75445
-53.15055
-52.54118
-53.62080
-53.24176
-53.90286
-53.84889
-53.88238
-54.00745
-53.51848
-53.50780
-53.51922
-53.38155
-53.81411
-53.34853
-53.27061
-53.02208
-53.18913
-52.93337
-52.75100
-53.12979
-53.02456
-53.13998
-52.88906
-52.74226
-53.18477
-53.64793
-53.36519
-53.51661
-53.73455
-54.14369
-53.77343
-53.81492
-53.42621
-53.81027
-53.75713
-54.09050
-53.95554
-54.44924
-53.87613
-53.91217
-54.58328
-54.52925
-54.16561
-53.87917
-54.17728
-54.39100
-54.86632
-53.66774
-55.35277
-48.58742
-48.93861
-52.96681
-54.26850
-56.80832
-55.25408
-56.57579
-54.94972
-55.40523
-54.96264
-55.05309
-54.63943
-54.89143
-54.61095
-55.20614
-55.63382
-56.47722
-56.50872
-56.13405
-56.50644
-53.44121
-53.36551
-53.41016
-54.44098
-55.86399
-56.11602
-53.19477
-48.61956
-50.62315
-54.55525
-53.65896
-52.77954
-52.66603
-52.33484
-53.21988
-52.07494
-55.05682
-58.35853
-52.68923
-53.31652
-52.70256
-54.02415
-53.42166
-55.85309
-53.36822
-56.99799
-52.48233
-50.03378
-56.73082
-54.82817
-57.12343
-52.70659
-53.45791
-48.20947
-48.66796
-55.08435
-52.30240
-51.28822
-51.09789
-51.50996
-51.79608
-52.30565
-51.31152
-51.04431
-50.88816
-51.60848
-52.04990
-51.97795
-51.19301
-51.30012
-51.37017
-51.69531
-52.35397
-51.77771
-51.21646
-51.57532
-52.33417
-52.09862
-53.31785
-51.06448
-50.12113
-51.79602
-52.13966
-53.92488
-53.88250
-53.45625
-53.19102
-52.72792
-53.00687
-53.30221
-53.80815
-53.34766
-53.16810
-53.54106
-53.97218
-54.08040
-55.04912
-54.22240
-53.46483
-53.76053
-54.33751
-55.14742
-54.66810
-54.85107
-53.87561
-54.75777
-50.59740
-50.43642
-55.58873
-55.81611
-55.90740
-54.81493
-56.03580
-55.80510
-56.64943
-56.40685
-56.29340
-56.10739
-55.92676
-56.67239
-56.77823
-56.43174
-56.68245
-56.44982
-55.77999
-57.01049
-56.62393
-57.48231
-56.77682
-58.79816
-55.61513
-57.78532
-52.37345
-48.40129
-52.37127
-51.30699
-50.48673
-51.69404
-52.12933
-52.71418
-52.58614
-53.02618
-50.02193
-48.23343
-52.52950
-53.65353
-51.71464
-52.25614
-52.63524
-54.08962
-52.95528
-52.06371
-50.09329
-49.45155
-53.21784
-51.45026
-50.81064
-53.63060
-53.41050
-49.48835
-49.20554
-53.15351
-52.15005
-52.27840
-53.11757
-54.01723
-53.76931
-54.23374
-53.47776
-53.58199
-54.29260
-54.67644
-55.06629
-55.08193
-55.44425
-54.88149
-55.12731
-54.25446
-54.11357
-54.18881
-54.35776
-53.88369
-54.48330
-53.01750
-53.49016
-49.86635
-49.91956
-52.61820
-51.12082
-51.91448
-51.44410
-51.39174
-51.33937
-51.74083
-51.75511
-51.67579
-51.19560
-51.33148
-51.66879
-53.10366
-53.33430
-52.77205
-52.87280
-52.54168
-52.90371
-52.81523
-53.75226
-54.06408
-54.40571
-54.35482
-54.42644
-54.07459
-49.63871
-50.53710
-55.76527
-55.33139
-56.56837
-56.00266
-55.76668
-56.51540
-56.75010
-56.44515
-56.71214
-56.21111
-56.00755
-56.26930
-56.49250
-56.44118
-55.95090
-56.11055
-56.13823
-56.24655
-55.79236
-56.46001
-56.61197
-56.98817
-55.87303
-57.32770
-51.82150
-47.90127
-50.82409
-52.08141
-51.69712
-52.10246
-51.49596
-52.23736
-51.22211
-51.13306
-49.92781
-49.53435
-50.91398
-51.73659
-52.65644
-51.93010
-50.73314
-50.41475
-50.34491
-50.62762
-49.13259
-49.14743
-51.67789
-50.75465
-50.11045
-50.24118
-50.91131
-49.12702
-51.15007
-54.18159
-52.00271
-52.06929
-51.85805
-51.78192
-51.70160
-51.94628
-51.86307
-52.04500
-51.76787
-51.81516
-51.93330
-51.82847
-51.69990
-51.66923
-51.85215
-52.00110
-51.78608
-52.14282
-52.34553
-52.18907
-52.13846
-52.25269
-51.95574
-50.30961
-49.35908
-53.06757
-53.92215
-51.16223
-51.98046
-52.06532
-52.57857
-52.61599
-52.41043
-52.18697
-52.20833
-52.24524
-52.48473
-53.15254
-53.61253
-53.45690
-53.25693
-53.09468
-53.45156
-53.53183
-53.50023
-53.63166
-53.56639
-53.17812
-53.50603
-52.66119
-49.18600
-51.15177
-54.34656
-54.05647
-54.29610
-53.56164
-53.99675
-54.35016
-54.01781
-53.59903
-54.38316
-53.76712
-53.68406
-53.92481
-54.75251
-54.95748
-55.21804
-54.45043
-55.26989
-54.70748
-55.30405
-55.29969
-55.20367
-55.55602
-54.99200
-58.56365
-51.06254
-49.09310
-50.41397
-52.71314
-52.85674
-52.12939
-52.45668
-51.81997
-51.96526
-52.35958
-50.47572
-49.68632
-54.72116
-52.29196
-51.42685
-51.81438
-52.23261
-54.11672
-52.70893
-54.58819
-50.63034
-50.37675
-53.76906
-52.55167
-52.18595
-52.40252
-52.71871
-49.22486
-51.25719
-51.71015
-51.95212
-53.88407
-52.03629
-52.93166
-51.51027
-52.39501
-51.64994
-52.20001
-51.93286
-52.10562
-52.32175
-52.91152
-53.40887
-52.64329
-52.50818
-52.04933
-52.22428
-52.07560
-52.76016
-52.01491
-52.47287
-52.50531
-53.28799
-49.24631
-48.78673
-51.91233
-51.37113
-53.07656
-52.55923
-52.94220
-53.34757
-53.69133
-54.10861
-54.02389
-53.78483
-54.15960
-53.88617
-53.65255
-54.91767
-53.63077
-54.22429
-53.84263
-54.68188
-54.49227
-55.12439
-55.14577
-56.22177
-54.83423
-55.91121
-53.14927
-48.73709
-52.47741
-53.12551
-55.13988
-56.59332
-55.26697
-56.15619
-54.75438
-56.57491
-52.48297
-48.82193
-52.44560
-53.77321
-54.09051
-57.05400
-55.50749
-55.96585
-54.93311
-55.61751
-55.22669
-55.83803
-55.35179
-56.01522
-55.59669
-55.81517
-55.80414
-50.08511
-48.30394
-50.47836
-51.18340
-51.17449
-51.86621
-51.48340
-51.84987
-51.34187
-52.00587
-50.03127
-50.43937
-52.42306
-51.85694
-51.15797
-50.47329
-51.77508
-51.47910
-51.93450
-55.08896
-52.14321
-49.84102
-52.34209
-50.73756
-50.63719
-51.87311
-50.25799
-50.32237
-51.57827
-52.58279
-52.75963
-53.79215
-56.69911
-55.26535
-53.02023
-52.96911
-52.79298
-52.52483
-51.75929
-52.46676
-52.05122
-51.76654
-52.85749
-53.95576
-54.31524
-54.19067
-54.88419
-54.64829
-51.10047
-51.81410
-53.91243
-54.97676
-54.99746
-49.57584
-49.43507
-51.78673
-53.38316
-56.10809
-57.65659
-56.13865
-54.60221
-53.23319
-51.73319
-51.29999
-51.90465
-53.99752
-54.35828
-53.37837
-51.27348
-51.69558
-52.06687
-50.81225
-51.06769
-50.95603
-51.53680
-51.57775
-53.25521
-53.57437
-57.89215
-52.37471
-49.52615
-53.37452
-53.80210
-58.89984
-59.18599
-59.44038
-56.83224
-56.86737
-55.65259
-54.29646
-55.69677
-54.86528
-54.94107
-55.78611
-56.98775
-56.92849
-58.81517
-59.35583
-60.17744
-56.17064
-53.37198
-53.06926
-54.76210
-55.35145
-54.94903
-54.38156
-50.29738
-48.61294
-52.30498
-53.56982
-56.04213
-56.02042
-54.78307
-55.11504
-55.28698
-58.46284
-49.71086
-51.30613
-53.69608
-55.08407
-56.39444
-52.97908
-55.06671
-53.75326
-56.03657
-56.24930
-50.45149
-51.41826
-56.41370
-55.18047
-55.08875
-54.44808
-50.97907
-48.37651
-51.66286
-55.02338
-53.36889
-52.87928
-52.69936
-53.56104
-53.97357
-54.10592
-55.44063
-53.30503
-49.85039
-50.78682
-51.72621
-51.10696
-53.49998
-53.18931
-50.91201
-52.58850
-52.96026
-52.59311
-52.28354
-54.09645
-53.43293
-53.19019
-52.38631
-49.42394
-50.90222
-53.07299
-55.65870
-56.85630
-57.04856
-57.16509
-56.39033
-54.25961
-54.73663
-56.39625
-53.84294
-51.67489
-50.77871
-55.62342
-53.60057
-52.79063
-56.62392
-55.03226
-55.78247
-56.10796
-60.00816
-58.99571
-59.05344
-57.07566
-58.70240
-51.98746
-49.74605
-53.28935
-54.29465
-57.49277
-55.05362
-57.84021
-55.25137
-55.37441
-56.73773
-54.65412
-56.17172
-56.75469
-56.04979
-55.68084
-54.58031
-55.36478
-55.85541
-54.56562
-55.63835
-54.89233
-54.23625
-54.40291
-55.47365
-54.78430
-55.30818
-53.87245
-49.93149
-49.49238
-53.05404
-50.89301
-54.81385
-55.41505
-53.48407
-55.64722
-57.29524
-53.76718
-48.58568
-53.12525
-53.72315
-51.42031
-53.40156
-56.51580
-57.32772
-55.41928
-54.62718
-54.44470
-48.83807
-52.74489
-56.97831
-55.31401
-53.70972
-55.29362
-50.60413
-48.87076
-55.24366
-52.91810
-56.03558
-55.44606
-54.25552
-52.03559
-54.80791
-54.73913
-55.15098
-52.70532
-53.28453
-52.81307
-52.73000
-55.27402
-54.73334
-54.91693
-53.82130
-55.05615
-54.78224
-54.11573
-52.21921
-53.65080
-52.21794
-53.90028
-52.27039
-49.73263
-49.62533
-52.42793
-54.60269
-55.67146
-56.25410
-54.56253
-53.67231
-53.49832
-53.43820
-52.77640
-54.03643
-54.82046
-54.12297
-54.04308
-55.63919
-55.80248
-54.71805
-54.11213
-54.16908
-54.05283
-55.07616
-56.43531
-56.64480
-54.95674
-57.11023
-49.85145
-48.91208
-53.92787
-54.94057
-58.31690
-58.00431
-57.71119
-57.72021
-58.32087
-56.68991
-55.83442
-55.71535
-56.50474
-55.94031
-56.21900
-57.46621
-57.59583
-57.65221
-56.48592
-57.43397
-54.52343
-53.37288
-55.05611
-55.82294
-55.57412
-56.82654
-55.10066
-49.35800
-49.42347
-52.22010
-52.30047
-53.61019
-55.18667
-56.68094
-53.42701
-57.01881
-53.77896
-48.67526
-52.79875
-54.05424
-52.51408
-55.69719
-55.12331
-57.17324
-57.95066
-56.82973
-56.28602
-50.45187
-54.43513
-56.82319
-55.86040
-55.16588
-55.84761
-49.56785
-48.49730
-53.75311
-55.05309
-54.50657
-52.04772
-54.73837
-53.48597
-54.46202
-53.70319
-56.52876
-54.12306
-54.24695
-54.87658
-54.66821
-56.20521
-55.50526
-55.20526
-54.26242
-55.09906
-53.38371
-53.51283
-52.67949
-54.04363
-53.66585
-54.80201
-52.67694
-49.00675
-50.33201
-53.40433
-54.18970
-57.62272
-55.38783
-55.31101
-53.79246
-53.69888
-53.85681
-53.40617
-55.13890
-56.23663
-55.07245
-52.93109
-56.61738
-55.56181
-56.14566
-55.74893
-55.93222
-56.23797
-57.08433
-57.15758
-59.63423
-57.34916
-55.55220
-50.26278
-48.87132
-52.42476
-54.54182
-58.93481
-57.41501
-57.52289
-55.56124
-58.55244
-55.82149
-53.67619
-57.08357
-57.49848
-56.39031
-56.93776
-56.71672
-57.61310
-57.31675
-58.68100
-57.31251
-56.15359
-57.95090
-58.06978
-59.58122
-55.13133
-55.82219
-54.83164
-47.97793
-48.70318
-51.92722
-51.41848
-54.28041
-53.22258
-54.89693
-50.96943
-51.40378
-50.54839
-48.20120
-51.14338
-50.94355
-51.48935
-52.19232
-51.79934
-52.92270
-52.58695
-53.11024
-52.01685
-50.22097
-54.61543
-54.29282
-53.79028
-52.90486
-52.08849
-49.55568
-49.35272
-51.70405
-52.22794
-54.69890
-55.57839
-52.93210
-52.66921
-54.39270
-55.53102
-49.45465
-47.13341
-51.22494
-53.85196
-52.40949
-52.44249
-56.31258
-54.11833
-52.57551
-53.43593
-55.93707
-50.84274
-50.71555
-52.51400
-51.31182
-51.76194
-49.60844
-48.76912
-50.07190
-53.16290
-55.40002
-55.87093
-53.11940
-51.07648
-49.92050
-49.76729
-49.68574
-50.86387
-53.54260
-55.59894
-57.44967
-52.86914
-49.66286
-50.98117
-50.36746
-50.54262
-50.51114
-50.55139
-50.78545
-52.41014
-52.51184
-52.43915
-52.68410
-48.54455
-49.82386
-50.82710
-51.96481
-56.79321
-57.79979
-55.19144
-52.95944
-54.07535
-54.27914
-54.12781
-55.22036
-57.33514
-56.59268
-55.12367
-55.93721
-54.72097
-54.36791
-56.26261
-56.05315
-53.44176
-53.94269
-53.69786
-54.18160
-53.61978
-52.88592
-51.07707
-48.55712
-49.96222
-51.68439
-52.31672
-54.64660
-54.36427
-54.71729
-54.21831
-52.88800
-50.96766
-47.59507
-49.95573
-51.04601
-51.19699
-53.57711
-54.35475
-53.64973
-51.84791
-53.42601
-52.94012
-52.52004
-52.46882
-53.67865
-52.13779
-51.61967
-53.75736
-48.74791
-49.57660
-52.46895
-52.02271
-52.88013
-50.87232
-51.45463
-50.70278
-51.20825
-52.50818
-49.00165
-48.37880
-51.39822
-54.44113
-54.20148
-53.48320
-53.17056
-50.50137
-50.26972
-50.94197
-53.33597
-52.64374
-52.95175
-55.79025
-53.27249
-56.92802
-51.44352
-48.12058
-49.11978
-49.89886
-51.21410
-51.23938
-50.87374
-50.90200
-51.69439
-50.36462
-50.81690
-49.98008
-50.46838
-54.75778
-53.93848
-51.58378
-53.60272
-54.47586
-51.53045
-51.99229
-51.61012
-52.48050
-54.49082
-55.24904
-54.85669
-53.52908
-51.97548
-49.04123
-48.51685
-50.72759
-54.10241
-55.71355
-52.90271
-53.97442
-55.14594
-57.43291
-56.64890
-53.66548
-55.93788
-53.58180
-52.94964
-53.29391
-53.14448
-53.84028
-53.60607
-52.74822
-53.56785
-52.59971
-52.95881
-55.09812
-55.17953
-53.53185
-54.36585
-51.95453
-46.77902
-49.47395
-51.24112
-50.99030
-55.89621
-51.95776
-51.70326
-56.40161
-55.59454
-50.51699
-47.41371
-49.74223
-52.72123
-54.91435
-54.59508
-51.85372
-51.86534
-52.63515
-55.00924
-53.01881
-53.01093
-51.80269
-54.20378
-56.22659
-56.90319
-57.64161
-48.34132
-47.62786
-47.67120
-50.66539
-54.78322
-52.94732
-55.12616
-50.48768
-51.37678
-52.00279
-47.66032
-49.06119
-51.23435
-52.81601
-54.38694
-52.21042
-52.63211
-50.65187
-51.20659
-51.85163
-51.16416
-50.59113
-50.58611
-51.07006
-50.58618
-52.90338
-49.39252
-47.31602
-49.94705
-51.07884
-52.09457
-55.94650
-51.37322
-51.56330
-51.64732
-51.49347
-51.67972
-51.09707
-52.48646
-53.82816
-53.44576
-50.83836
-55.10599
-53.05084
-52.44863
-53.75566
-53.80379
-52.88418
-53.76211
-54.41261
-53.59664
-53.93105
-51.17475
-48.00149
-47.84346
-52.83803
-53.58578
-53.94846
-54.55831
-53.86675
-54.35705
-52.69137
-52.05328
-52.64181
-53.07004
-53.15625
-53.04635
-54.06601
-53.94383
-54.96968
-54.43071
-54.53921
-55.67680
-54.30912
-53.94283
-55.29238
-48.95694
-48.23894
-55.97687
-50.79806
-46.53488
-47.76877
-51.32798
-52.81692
-53.57037
-53.62794
-54.92016
-53.64757
-54.33119
-50.60184
-48.54572
-52.78573
-53.62029
-51.97566
-51.28558
-51.77589
-52.16319
-54.76681
-54.71655
-51.87836
-53.19198
-54.89937
-54.25581
-54.04964
-53.00482
-50.42077
-47.79073
-48.94576
-52.08743
-55.71806
-52.79741
-50.81984
-51.66203
-52.36675
-52.26642
-50.35246
-49.25738
-50.42293
-53.09871
-53.98204
-54.29367
-52.22031
-54.60558
-52.68151
-54.69712
-55.56000
-51.88947
-51.57258
-51.14433
-51.53351
-53.75979
-52.63001
-49.48090
-48.30894
-49.35848
-53.87637
-55.37960
-54.89585
-53.75457
-54.66897
-52.07480
-54.13767
-48.54388
-48.71605
-54.15428
-51.62370
-53.09154
-53.08749
-53.23446
-52.09147
-52.45521
-52.38185
-53.88478
-54.70807
-52.36020
-55.39112
-56.69460
-54.87655
-53.23613
-47.24810
-47.15162
-51.21961
-55.87536
-55.11408
-53.86420
-53.05902
-54.37209
-54.25538
-54.32296
-56.60779
-56.24695
-56.68657
-55.77823
-57.09468
-58.15815
-51.91686
-46.31365
-48.20538
-53.40219
-57.04991
-57.90560
-57.49353
-49.51636
-47.31800
-50.50262
-55.08841
-55.04096
-54.18574
-53.38483
-52.40707
-54.22833
-53.67615
-55.08439
-55.19615
-55.43065
-52.89493
-51.05597
-52.83360
-55.95184
-52.67432
-54.14494
-51.55714
-52.35246
-55.08791
-52.77018
-53.77552
-51.74681
-51.37173
-51.28587
-52.56200
-53.51548
-52.62811
-50.82506
-50.63423
-51.27608
-53.71250
-51.79817
-50.71662
-51.28260
-50.48217
-52.35242
-53.34525
-54.47045
-51.61172
-50.29345
-51.21560
-50.30425
-50.81054
-52.61910
-53.51884
-52.14958
-52.89781
-50.13664
-50.99231
-51.15855
-50.62719
-55.57957
-49.80547
-48.56163
-50.14869
-49.82329
-55.24979
-52.97565
-49.61378
-53.89472
-52.37932
-50.83380
-50.64049
-50.70027
-53.09246
-52.25015
-49.06816
-50.97950
-51.93928
-51.28128
-51.24046
-52.59910
-52.80305
-49.97124
-53.15499
-51.00398
-53.61774
-55.63108
-53.91794
-53.74904
-50.78714
-51.06298
-55.10264
-56.55954
-50.07587
-52.20006
-52.93044
-52.13201
-51.16898
-51.63001
-52.05479
-51.66933
-52.08593
-53.04398
-51.84051
-50.16910
-52.26727
-51.62836
-54.17821
-55.28491
-54.40307
-49.07514
-52.71080
-51.12583
-48.94500
-52.04714
-51.30876
-51.06792
-50.54840
-53.33923
-53.18993
-54.87436
-51.40341
-52.34852
-52.34736
-54.84676
-52.91448
-50.05967
-50.72490
-48.96699
-50.46382
-50.63215
-50.40689
-53.85021
-57.04982
-54.62684
-51.01433
-50.44731
-50.66377
-52.13335
-53.11929
-51.30275
-51.80482
-49.72431
-49.84498
-50.07660
-56.03909
-55.08232
-56.47545
-52.66479
-50.55155
-54.25313
-52.24090
-53.18458
-50.44443
-53.19088
-50.17633
-50.58504
-51.49856
-52.74542
-58.77354
-51.86742
-49.67273
-50.55059
-48.05788
-52.30591
-52.96395
-48.21153
-49.30448
-49.06778
-50.45596
-49.75344
-50.44510
-49.40298
-49.09835
-50.21098
-50.95490
-50.77480
-51.73690
-50.93047
-51.90657
-56.93625
-52.32176
-51.60557
-50.97852
-51.08689
-56.80303
-51.02305
-47.58890
-49.73785
-49.40439
-50.91107
-50.68341
-49.76331
-54.94778
-54.58238
-51.44609
-50.78766
-51.69614
-54.12136
-53.69178
-50.99042
-49.23247
-50.42653
-50.49905
-52.36293
-52.85345
-50.89724
-51.37796
-50.66355
-50.71024
-51.01993
-52.78420
-55.58142
-52.44043
-52.06816
-50.24896
-50.16053
-51.18869
-49.35633
-53.08601
-53.75745
-50.92400
-50.64599
-51.02255
-51.43891
-54.31789
-55.38634
-51.81413
-50.43042
-54.42687
-53.42888
-51.66953
-51.96687
-51.15086
-50.00795
-49.87573
-51.88958
-51.70962
-55.50090
-54.73733
-56.41715
-54.83997
-52.29130
-50.96033
-51.68818
-52.81538
-54.09358
-51.17021
-48.90857
-49.84851
-49.29651
-51.65759
-50.97489
-52.46373
-52.19211
-51.26767
-52.53159
-53.46842
-49.25847
-51.18136
-49.89064
-49.37171
-51.86479
-49.64502
-50.74788
-50.91172
-53.20085
-53.15207
-51.73224
-49.06885
-51.87818
-50.34502
-50.58864
-51.29716
-48.88296
-48.75843
-49.71456
-54.66299
-52.14570
-51.67625
-49.64187
-49.03648
-49.91538
-49.87455
-49.60353
-49.36281
-53.14706
-50.26661
-50.97535
-53.72200
-50.89133
-51.45920
-52.55295
-49.54010
-49.05038
-49.90296
-49.86991
-51.80415
-49.94930
-50.23055
-49.24969
-49.78421
-51.47896
-51.96844
-53.58419
-52.78723
-51.21086
-50.32872
-50.41749
-51.71227
-53.25428
-50.32532
-50.52397
-50.76320
-48.22077
-49.25261
-51.71494
-56.13263
-52.90185
-51.74122
-51.23968
-51.12578
-51.99697
-49.54482
-53.00390
-51.89997
-52.24693
-49.78864
-50.13090
-50.06722
-49.48813
-52.81226
-53.67837
-54.85642
-52.16984
-51.52780
-53.57912
-51.56862
-48.49506
-49.61931
-49.03997
-50.74747
-52.99130
-52.70954
-53.90780
-58.16654
-59.83425
-53.14875
-50.65690
-50.65268
-50.78828
-50.04968
-51.30125
-50.60309
-50.81624
-52.52283
-49.63006
-51.64663
-51.20939
-51.14120
-52.86496
-51.48402
-53.01884
-53.90814
-51.88834
-51.42584
-53.33849
-51.29482
-50.93702
-50.44423
-51.50086
-54.18192
-51.85278
-51.80528
-54.08130
-54.06406
-50.88707
-49.63132
-52.40917
-49.46754
-50.02197
-50.59483
-49.30968
-51.27797
-51.07941
-50.97137
-50.08248
-49.77177
-51.04155
-51.06579
-50.25323
-50.95287
-50.30390
-50.09207
-48.85195
-50.19505
-50.37788
-51.43959
-50.66181
-48.99293
-50.81258
-53.01109
-51.83458
-50.94418
-52.09173
-50.46327
-50.22770
-48.52911
-49.97574
-50.67662
-51.87103
-52.23594
-51.64947
-51.44251
-51.71239
-52.49348
-51.94509
-51.17607
-53.32546
-52.19361
-49.08758
-51.24690
-49.62806
-52.67207
-54.35321
-52.33814
-51.87939
-50.44819
-49.68117
-52.01438
-50.06786
-50.88014
-51.73448
-48.88459
-52.24310
-52.44668
-53.12303
-51.68050
-51.93290
-51.55486
-51.44406
-52.70752
-54.03823
-50.74042
-51.55022
-53.41496
-50.25546
-50.32519
-51.51466
-53.30489
-52.47084
-53.65257
-52.13110
-54.13605
-51.26420
-51.14861
-53.57418
-51.60635
-55.99044
-51.99808
-49.27554
-51.86450
-54.61565
-54.66912
-53.30512
-51.77554
-54.05059
-55.16570
-53.86707
-54.91254
-49.09215
-49.77409
-52.11331
-49.56264
-49.67629
-49.28425
-53.38841
-53.90896
-53.22312
-52.37801
-49.79345
-52.68208
-50.78566
-51.48737
-55.55046
-50.01152
-49.29926
-52.38987
-51.79777
-52.68492
-49.87845
-50.90691
-52.24890
-49.93521
-50.17124
-49.77835
-50.61868
-50.71358
-55.89673
-49.69469
-49.53289
-54.28794
-48.81370
-50.64039
-52.67017
-49.06083
-50.11584
-52.91442
-50.14071
-54.31881
-54.83083
-50.64894
-48.72644
-48.27274
-50.09145
-53.45509
-54.56260
-53.21931
-54.17120
-53.07008
-54.56926
-54.42409
-55.83351
-50.30808
-50.78866
-51.54851
-51.15510
-51.16704
-50.94247
-54.41653
-54.25963
-55.82209
-56.35062
-51.96131
-49.18942
-54.96930
-50.75645
-51.00499
-52.18973
-51.30848
-51.40865
-50.51706
-55.90398
-54.88822
-51.89028
-52.18203
-54.32121
-55.35288
-57.10728
-52.71673
-52.72858
-51.45354
-50.37470
-52.42202
-51.40296
-52.39730
-58.29538
-56.33086
-52.66507
-53.13662
-53.03642
-53.93769
-54.03765
-51.59754
-53.30078
-52.61273
-50.13555
-50.64424
-52.84270
-56.38391
-53.49336
-57.24726
-52.37465
-50.53272
-53.34674
-53.25357
-51.66786
-50.63883
-50.72456
-50.36566
-50.11148
-50.08211
-50.36211
-50.56877
-54.99177
-56.09637
-51.54380
-50.09514
-51.94019
-48.12374
-48.92489
-49.54536
-49.61876
-50.90052
-52.45485
-54.86831
-50.68690
-51.66510
-53.09394
-51.26913
-51.50690
-52.19133
-51.51583
-55.08837
-53.07979
-51.81779
-51.05686
-49.82810
-52.99402
-57.76751
-50.45462
-48.52693
-50.66598
-51.33068
-53.93121
-51.55848
-51.68897
-52.84901
-52.11423
-50.57883
-49.60140
-53.69554
-54.68688
-52.58919
-51.12740
-50.37010
-51.52923
-50.81027
-52.58461
-51.08622
-50.90907
-51.39739
-50.69986
-51.55758
-51.11099
-53.58516
-54.15554
-54.74809
-52.54854
-50.32105
-50.76268
-49.37278
-50.64246
-55.24319
-53.51663
-50.96368
-51.07225
-51.59921
-56.48519
-52.46151
-50.52679
-53.66403
-53.67041
-52.42976
-52.02716
-53.04281
-52.96954
-56.17261
-52.21036
-50.64295
-50.83132
-51.70727
-53.53754
-53.09936
-50.55615
-52.35560
-56.16258
-56.49152
-55.06218
-49.84643
-51.13702
-49.78930
-51.65105
-49.41927
-50.96097
-53.06762
-49.79677
-53.17218
-50.99030
-52.27026
-54.03508
-52.21527
-50.57494
-51.34033
-49.27648
-50.74609
-52.59992
-51.47911
-51.37135
-51.55377
-53.07926
-52.88696
-52.23646
-53.01019
-53.01159
-51.39507
-54.56520
-50.92648
-50.58644
-49.35074
-50.94868
-54.31120
-49.96534
-51.63123
-50.22344
-50.46471
-50.92290
-50.40384
-49.96566
-50.03857
-50.73168
-48.79071
-51.76590
-51.88981
-51.44717
-54.27045
-49.85312
-48.86938
-50.47691
-50.69808
-54.82392
-51.81723
-52.40967
-54.32260
-49.41241
-52.87240
-52.58097
-53.07469
-54.45192
-52.27054
-51.34899
-51.38440
-51.69474
-52.31489
-50.99565
-49.06407
-51.65302
-50.22541
-49.62731
-50.27207
-51.64042
-52.80183
-54.40319
-54.99515
-52.51223
-53.65826
-50.99770
-52.50339
-53.71230
-53.49061
-53.18674
-49.88475
-52.65056
-53.02003
-50.90174
-51.48103
-54.50997
-55.90728
-52.30696
-53.77531
-57.12620
-51.96324
-50.37209
-50.95729
-49.98286
-51.97759
-54.93612
-51.88848
-52.26392
-58.02160
-54.49640
-52.68667
-50.50525
-51.19340
-52.56576
-52.18197
-50.63510
-50.95184
-51.83727
-49.33570
-53.64970
-55.04235
-52.85424
-51.16003
-52.14789
-53.01859
-54.64270
-52.16555
-51.16574
-54.16623
-50.14345
-50.50481
-49.81893
-50.74750
-53.60730
-52.38144
-51.74562
-51.66843
-51.99380
-50.02231
-50.22409
-52.76973
-51.09889
-49.97687
-49.41362
-52.02574
-54.62639
-51.99313
-51.50867
-50.91910
-51.45303
-50.89785
-51.50894
-50.47453
-50.43653
-51.16730
-51.09345
-53.01333
-50.49643
-50.27871
-51.42991
-53.29714
-51.32813
-49.59075
-52.17944
-53.92695
-51.67047
-52.51248
-51.79075
-51.01890
-51.05274
-49.21105
-51.71243
-53.59634
-53.61906
-51.53498
-51.72721
-53.10040
-53.02065
-53.12111
-53.52635
-51.19138
-54.19347
-51.81556
-51.17586
-52.11344
-50.91878
-54.13606
-51.60419
-50.35192
-52.17311
-56.49535
-53.71547
-54.44301
-53.18248
-52.46187
-52.88191
-50.50005
-50.26803
-54.22100
-56.07188
-55.32703
-54.82844
-53.78510
-54.04791
-55.49037
-53.31315
-50.64216
-53.05732
-53.83477
-52.28836
-50.52532
-51.05126
-52.79521
-52.66494
-53.41804
-54.85008
-52.60918
-51.01658
-51.81095
-51.94498
-51.74647
-51.99136
-48.69383
-50.55968
-52.42390
-51.06679
-49.91446
-50.73905
-53.76395
-50.36979
-49.86590
-51.13687
-52.98826
-54.69523
-53.82095
-52.68754
-50.48258
-51.13985
-54.26378
-54.57415
-54.93694
-54.43101
-52.37540
-50.24084
-53.48368
-50.33533
-51.76149
-56.32760
-49.47484
-49.94344
-49.83767
-50.37870
-51.30437
-50.26197
-51.84515
-50.96805
-50.34336
-50.46633
-51.01555
-51.92552
-54.05359
-53.92092
-49.36011
-53.55882
-52.32653
-49.64841
-54.79420
-52.01142
-48.70417
-52.48884
-51.48305
-50.65885
-57.50294
-53.43766
-50.57323
-48.94953
-49.29689
-51.97443
-55.65666
-54.06367
-53.39831
-54.07942
-53.80232
-52.97282
-53.77648
-53.12898
-51.20282
-51.88529
-50.93364
-51.17998
-51.30735
-53.06191
-52.06209
-54.28964
-55.86932
-54.17838
-50.01414
-53.01973
-53.58408
-49.32812
-52.14260
-52.25539
-51.72555
-50.40412
-52.93719
-54.67811
-54.50079
-52.03144
-51.05340
-54.81516
-54.77395
-50.96784
-53.55181
-54.59822
-52.61871
-51.64845
-51.72165
-51.26913
-51.57062
-55.40506
-52.44171
-52.01902
-54.32549
-53.81839
-53.09941
-52.74710
-52.74069
-54.03664
-50.64167
-52.82916
-51.53584
-52.00094
-52.92236
-51.50213
-52.86177
-51.96097
-54.88729
-53.44332
-51.54550
-49.72728
-50.94835
-49.63077
-50.51639
-50.83252
-51.08729
-52.42059
-50.57106
-52.91272
-53.87287
-49.33581
-50.42477
-52.57868
-48.95794
-49.40025
-49.44375
-51.04266
-51.59888
-55.32476
-56.30884
-50.23427
-51.15726
-52.67353
-51.32365
-52.14529
-51.43801
-54.54931
-59.50999
-53.00535
-51.65334
-50.61373
-49.92453
-56.03172
-53.29845
-47.52565
-50.18648
-50.54002
-51.69763
-52.25876
-49.87663
-52.50135
-52.40658
-51.59723
-50.75875
-51.70657
-55.12287
-56.13598
-55.67670
-51.82735
-51.66310
-52.13333
-52.67761
-52.75103
-50.92939
-51.01562
-50.25789
-50.80435
-50.40563
-52.85076
-57.02197
-53.37955
-53.01900
-52.10071
-51.05615
-50.58857
-50.71222
-54.70787
-54.68488
-51.88011
-51.50081
-53.30701
-52.65211
-52.86075
-55.22334
-53.12712
-51.03712
-54.66836
-56.50319
-52.59721
-53.25295
-54.35550
-53.99591
-49.99185
-51.03315
-51.22841
-54.82604
-55.36433
-53.77471
-54.39621
-51.09039
-51.22993
-52.67321
-54.03891
-52.42908
-51.25705
-51.23947
-54.79826
-51.26920
-51.66645
-51.10959
-53.36382
-52.07911
-50.51260
-53.68520
-52.94824
-50.69674
-51.36271
-51.75221
-50.16670
-53.04731
-49.45226
-50.48424
-52.12915
-53.35174
-53.82594
-51.69150
-49.88523
-52.84600
-50.77564
-50.46288
-52.45681
-48.68159
-49.16502
-50.87571
-54.46542
-52.46233
-53.16513
-51.01323
-50.17871
-51.61516
-51.37927
-50.19565
-50.08632
-53.26867
-51.18680
-51.00885
-51.72707
-50.03585
-51.64269
-53.99780
-49.89963
-49.44931
-50.20891
-51.03309
-54.51866
-51.99171
-51.64242
-50.65558
-50.01056
-52.37462
-53.46095
-53.31859
-54.08168
-51.97104
-52.36239
-52.03941
-52.56397
-55.83248
-50.53061
-51.79942
-52.36010
-49.63752
-51.06600
-53.12531
-53.47518
-53.13388
-54.80265
-53.90839
-52.38113
-52.57119
-51.96736
-53.92709
-53.30211
-54.27255
-50.10925
-50.96869
-53.78249
-52.03985
-56.13867
-51.22250
-51.60832
-52.14567
-56.64790
-53.99685
-50.84683
-52.07967
-53.53754
-52.14919
-50.16290
-51.77439
-51.76248
-55.80985
-54.34655
-53.92622
-53.37145
-51.91664
-51.50498
-53.22697
-52.46251
-51.36949
-50.29689
-49.99999
-50.47420
-50.26346
-51.98140
-51.63485
-52.43697
-52.29807
-52.06654
-53.55718
-53.13487
-51.91802
-52.58670
-51.77634
-50.97804
-51.28574
-50.26757
-52.21562
-53.56162
-53.22651
-51.88598
-52.08569
-53.61178
-50.59930
-54.50637
-51.27514
-51.60604
-50.54183
-49.95607
-55.28848
-54.03378
-51.93896
-50.49218
-52.51834
-50.03131
-52.04479
-51.98272
-50.83078
-51.84478
-53.95618
-52.29256
-51.28311
-51.65647
-51.16363
-53.99757
-54.21481
-50.25542
-51.06542
-53.74380
-51.94812
-51.91099
-51.64661
-51.36399
-50.29354
-50.91040
-49.39678
-51.44981
-54.12757
-53.98313
-52.71364
-51.55660
-52.34530
-51.72802
-52.16213
-50.62258
-50.67103
-51.64786
-48.71324
-50.50856
-54.37319
-55.32953
-53.64479
-51.31537
-52.55528
-51.78162
-51.25006
-52.88599
-53.02395
-50.45423
-53.03411
-50.59322
-50.79969
-51.46592
-51.61851
-53.45606
-52.54237
-51.33592
-51.14919
-51.81365
-50.41276
-53.18064
-50.22434
-53.10563
-51.72420
-48.91811
-49.00520
-51.52866
-52.75365
-52.25058
-52.92461
-50.63006
-51.41522
-49.90012
-52.85101
-50.01852
-52.18378
-50.89475
-49.64289
-56.64422
-54.84547
-50.33790
-50.00229
-52.03652
-51.33007
-50.28277
-51.24365
-55.81210
-53.70122
-53.27493
-53.85358
-51.17517
-49.99909
-51.71934
-54.42517
-53.26848
-52.45988
-51.52923
-49.59003
-51.29038
-49.86140
-49.50035
-52.69328
-49.98067
-48.58118
-50.65797
-50.57250
-55.49030
-55.15124
-51.96946
-52.56163
-52.12135
-52.64537
-52.98619
-53.24029
-54.49402
-52.91987
-48.88498
-51.44538
-51.65394
-51.95173
-50.67693
-55.58178
-52.23727
-51.68251
-53.05756
-51.31321
-53.43971
-48.98397
-50.20159
-49.28827
-51.34972
-52.58860
-52.25428
-51.21237
-52.77449
-56.20848
-53.73128
-53.40269
-52.63850
-53.30445
-50.45034
-50.44341
-49.82868
-49.06429
-50.16831
-50.11583
-53.28006
-53.23539
-53.22740
-55.18251
-53.45978
-50.76334
-51.36822
-52.08889
-55.53219
-54.49524
-49.65759
-50.92170
-51.18117
-55.00502
-54.49589
-49.38149
-51.81500
-54.44768
-51.66262
-54.98500
-54.50545
-51.02827
-50.42918
-51.22245
-50.78808
-49.14285
-52.32323
-55.44726
-56.17417
-54.93184
-49.62413
-48.89000
-51.96545
-53.58805
-50.75736
-50.88471
-50.12697
-51.59506
-55.82941
-53.12651
-54.22954
-51.95496
-52.31982
-50.73273
-52.23149
-54.43968
-50.75778
-50.96273
-53.67037
-49.76566
-48.91484
-51.00721
-50.96282
-56.22057
-55.00627
-54.96263
-52.13944
-53.63006
-52.05228
-51.58325
-51.93999
-50.54895
-52.71836
-49.59046
-50.34530
-52.40028
-52.65574
-51.38238
-52.38267
-52.18536
-50.34656
-49.74724
-49.89034
-50.71081
-51.69004
-50.49778
-49.30482
-49.48430
-51.12913
-54.67435
-49.91472
-51.38955
-53.75704
-52.05023
-53.85361
-50.74476
-50.38513
-52.59119
-53.61350
-49.27064
-48.36149
-50.39033
-52.30287
-52.43767
-51.29856
-52.05447
-51.40306
-56.09874
-52.96105
-50.95686
-51.72230
-52.55071
-51.24574
-49.90472
-55.19134
-53.05413
-51.59807
-51.34247
-50.49549
-50.60871
-52.65262
-51.15224
-50.66243
-50.72189
-51.76628
-50.76967
-49.01302
-49.34238
-49.19659
-52.94994
-51.92328
-53.16776
-52.29457
-54.39978
-53.22530
-52.97736
-53.75727
-51.44904
-52.40313
-50.16171
-49.90866
-49.41580
-50.29116
-53.03713
-57.15307
-54.32026
-51.96122
-51.17150
-51.76216
-52.22213
-54.02563
-51.61761
-49.89022
-51.58299
-50.23077
-49.75952
-52.08534
-53.53256
-51.20529
-50.14880
-49.79539
-50.74080
-53.09285
-50.22060
-49.88911
-50.68214
-48.04156
-49.93417
-49.50880
-52.75897
-50.94787
-49.15716
-51.23299
-53.29454
-54.33278
-50.58124
-51.53795
-51.97480
-50.88582
-49.22844
-53.21825
-52.60065
-51.91325
-57.71620
-53.19778
-49.83853
-50.99894
-51.02693
-51.38989
-50.06557
-50.49110
-50.94443
-50.72351
-52.10043
-52.40964
-51.72378
-50.39046
-51.16961
-50.51048
-52.72907
-50.85817
-50.92648
-50.20151
-49.55945
-50.30830
-48.39229
-51.25500
-49.86037
-50.30297
-52.59456
-51.28598
-52.94774
-50.17141
-50.43207
-50.91862
-54.23097
-53.53342
-49.30364
-50.18894
-48.20756
-53.22383
-53.99947
-51.31641
-54.07333
-51.19980
-51.36554
-55.91718
-49.59899
-50.68986
-51.98286
-48.92352
-51.53019
-48.30047
-52.97892
-52.41923
-52.05953
-54.37279
-52.01956
-52.35464
-53.38253
-53.68292
-52.04300
-51.37843
-52.86366
-52.61129
-49.46737
-51.24325
-51.80711
-55.94163
-56.11391
-56.81534
-51.28912
-49.79961
-51.10448
-53.37248
-55.19210
-52.42716
-52.34711
-50.35127
-49.65614
-52.31882
-56.22272
-52.27547
-52.70079
-53.61997
-53.71226
-51.58835
-51.70794
-51.73521
-51.36482
-51.26566
-52.83604
-55.20066
-51.44968
-51.50356
-52.16608
-50.09422
-51.91014
-50.41457
-50.19798
-54.30902
-53.83672
-53.64466
-48.55910
-50.46499
-56.28223
-55.98494
-55.06491
-50.78074
-49.84092
-50.37548
-55.59219
-53.96721
-51.93410
-55.54869
-53.59022
-54.90694
-54.11464
-50.46932
-51.68084
-53.17966
-51.88170
-54.20370
-50.70003
-51.25180
-49.64275
-51.68508
-56.07545
-50.51128
-51.44449
-52.60210
-57.08345
-51.80699
-49.51482
-50.59392
-52.56021
-52.33468
-51.90285
-51.07742
-51.97303
-53.58308
-52.51587
-52.00579
-51.79130
-53.67827
-54.87832
-57.47120
-55.00062
-51.92959
-50.11431
-51.37075
-54.12791
-54.65306
-52.95534
-55.11194
-55.72609
-55.25046
-52.63576
-49.77254
-49.72520
-50.74099
-53.75817
-53.51767
-56.41838
-56.98321
-52.90860
-51.76658
-52.96848
-52.79316
-50.76193
-52.67570
-54.39877
-53.12785
-52.93154
-54.20871
-57.41568
-60.00794
-54.06799
-52.38257
-53.07628
-52.86723
-57.58442
-53.29324
-53.66210
-52.94867
-52.25624
-55.99703
-52.51458
-53.35915
-54.22197
-55.17240
-54.77378
-56.59362
-55.12566
-54.34295
-54.70769
-55.63528
-59.30988
-57.94001
-55.88705
-52.83867
-54.38641
-58.56614
-60.68040
-57.05073
-54.69914
-52.23746
-54.40370
-58.85233
-57.54614
-57.99838
-56.26689
-54.65054
-56.04934
-57.48426
-55.66655
-56.97173
-57.69299
-55.60971
-57.61090
-62.52598
-56.15801
-53.51715
-56.26863
-60.72420
-62.78092
-65.03150
-59.93171
-54.76571
-55.19980
-60.04464
-63.33399
-60.07544
-59.87734
-59.03046
-59.30106
-59.08804
-62.80367
-59.72827
-56.75741
-60.52594
-63.26803
-62.21442
-63.48336
-63.45017
-58.10010
-58.39868
-62.71772
-66.54946
-64.21352
-64.84347
-61.96052
-58.96677
-60.05805
-67.01195
-66.59443
-60.50605
-63.87638
-65.48001
-62.31297
-65.71780
-69.65625
-62.35378
-62.32239
-66.85305
-67.94891
-65.51540
-70.12646
-67.81630
-62.11827
-63.88937
-70.01031
-69.96966
-69.24847
-74.38939
-67.68101
-66.68586
-69.57273
-71.45148
-67.00438
-67.89364
-73.30315
-69.61866
-69.05352
-73.06995
-72.16237
-67.80426
-71.00947
-75.18770
-71.82393
-70.85101
-72.95307
-71.56066
-70.37455
-73.97935
-74.12356
-72.80553
-74.92806
-78.35872
-74.61790
-73.27335
-78.15976
-75.49937
-75.61462
-76.57340
-78.43059
-78.30065
-78.66533
-79.94776
-76.06247
-78.60367
-80.19136
-80.90856
-78.09058
-79.41690
-80.36086
-80.22134
-83.02571
-81.81870
-83.71478
-82.55267
-81.64380
-80.84881
-82.37090
-84.40274
-84.37314
-85.19571
-85.35204
-85.07422
-84.17286
-84.47243
-84.96817
-84.94130
-83.31969
-84.42366
-85.73352
-84.79856
-86.02246
-86.92253
-86.75477
-86.66316
-85.99024
-85.75123
-87.22750
-88.86142
-89.53642
-88.29887
-88.36436
-89.30789
-89.70540
-90.23161
-89.15125
-89.91778
-89.78815
-89.28949
-89.75637
-89.22330
-90.59908
-92.66591
-91.88402
-90.20758
-89.99673
-90.39607
-91.96714
-93.09716
-93.76640
-93.12888
-92.63540
-91.84689
-91.85950
-92.58948
-92.11513
-92.59291
-92.25478
-93.41262
-93.35964
-91.92753
-93.39625
-95.25688
-94.92964
-94.75659
-93.52846
-93.77762
-95.89777
-96.93797
-98.40234
-97.46944
-96.75280
-96.90309
-97.37693
-98.43334
-99.10115
-99.55372
-99.07657
-101.14597
-100.14969
-99.82355
-103.04809
-104.93241
-104.40402
-103.87455
-104.86404
-105.32042
-107.96231
-109.35835
-111.25197
-111.92401
-110.78008
-109.84177
-110.55748
-112.14781
-113.67292
-113.21128
-113.32025
-115.15626
-113.53322
-114.66718
-117.26090
-118.47907
-118.40924
-118.61768
-119.60430
-122.37852
-124.72011
-125.84691
-127.16428
-128.34451
-128.34151
-128.04812
-129.99419
-130.14386
-131.57608
-130.93559
-129.45438
-128.11180
-128.49960
-134.07725
-133.16060
-137.41456
-141.80605
-143.27795
-146.56262
-143.33985
-142.71101
-137.71645
-136.80607
-138.00958
-141.43938
-141.20974
-152.30337
-171.22437
-187.62041
-190.90691
-182.73672
-180.50453
-179.16019
-178.34693
-177.88756
-177.69405
-177.71726
-177.92882
-178.31295
-178.86266
-179.57794
-180.46562
-181.54013
-182.82605
-184.36302
-186.21592
-188.49691
-191.42109
-195.48227
-202.32318
-225.15075
-202.24280
-197.18851
-194.50030
-192.84859
-191.80274
