-83.87206
-58.59086
-56.19737
-59.88927
-58.04325
-60.03379
-60.05391
-61.43153
-61.32483
-60.89466
-60.17096
-60.30813
-60.68819
-61.47424
-60.20436
-58.32735
-58.89670
-59.86706
-60.23434
-61.24617
-61.77209
-60.29042
-60.23610
-60.02979
-59.55890
-60.07332
-60.66884
-59.36175
-55.96958
-54.99409
-55.90530
-55.97662
-57.85818
-58.45720
-58.13799
-58.12954
-58.45454
-58.89747
-59.31860
-60.09936
-59.55816
-57.42804
-57.15921
-58.83996
-59.57019
-59.35502
-59.14507
-58.75881
-58.47300
-59.25602
-60.40849
-61.55600
-60.49170
-60.06790
-55.52660
-54.85369
-56.15096
-56.79915
-58.05266
-58.59391
-59.95500
-59.84246
-60.75816
-60.42512
-61.12383
-59.52182
-60.84132
-57.55233
-55.59759
-56.36582
-56.50779
-58.68705
-57.48461
-57.85630
-58.44825
-59.20354
-59.81896
-59.04784
-59.02098
-59.23068
-58.84627
-56.81595
-55.60178
-55.91798
-56.47705
-56.35195
-57.09693
-58.12043
-58.17588
-57.64696
-57.33804
-58.13955
-59.34302
-59.20583
-56.64489
-56.38829
-56.91711
-56.87153
-57.15294
-57.18879
-57.35915
-57.56184
-58.17951
-58.16735
-57.98970
-57.91828
-58.43153
-55.86348
-56.15170
-58.77263
-58.90624
-59.08882
-58.29111
-58.11643
-57.95909
-58.41764
-58.48594
-58.50398
-58.86898
-59.89136
-58.03035
-57.17954
-58.15219
-58.16701
-59.35360
-59.35902
-59.32249
-59.75230
-59.29708
-58.84140
-60.05937
-59.69593
-61.53560
-57.99307
-54.56338
-55.57504
-55.67806
-57.23155
-57.52967
-56.67718
-56.73377
-58.38424
-59.43432
-59.89550
-58.97035
-58.10689
-57.80738
-56.32939
-57.27517
-57.86274
-58.52278
-58.65334
-58.96559
-58.21758
-58.58071
-59.41599
-60.83872
-60.57131
-60.22182
-60.21140
-55.52083
-54.98460
-55.98801
-56.87396
-57.89406
-57.91198
-57.83740
-58.28131
-58.66212
-60.28816
-60.69369
-59.73325
-60.24834
-57.38139
-55.87388
-56.68928
-56.69623
-57.74270
-58.50051
-57.83841
-57.86451
-58.11138
-58.90429
-59.83072
-60.24554
-60.30071
-59.07886
-56.22025
-55.82129
-56.24065
-56.38143
-56.39624
-57.54701
-58.27489
-57.83753
-57.42815
-57.06078
-57.95931
-59.24471
-58.79377
-56.60276
-56.98747
-57.31890
-57.54965
-57.58811
-57.30470
-56.86706
-57.14452
-57.71372
-58.29019
-58.36864
-58.50901
-58.58248
-56.90900
-57.91952
-57.88315
-57.54266
-57.17089
-57.28628
-57.55233
-56.11192
-55.66176
-55.05474
-54.89435
-55.16481
-55.07683
-54.91694
-54.92957
-55.43504
-55.74670
-54.96927
-55.36288
-55.19906
-55.12511
-55.37433
-55.05504
-55.70616
-55.89711
-57.17484
-56.10674
-55.86887
-56.14171
-56.23620
-57.34068
-56.62216
-57.53258
-57.06517
-56.54778
-56.10805
-56.38792
-56.20837
-55.72106
-54.91730
-53.88375
-54.63270
-55.07916
-55.44525
-55.04982
-55.18796
-55.28765
-55.51159
-56.43195
-57.24876
-57.00910
-56.73076
-56.43333
-54.75430
-53.91186
-54.27618
-55.05027
-55.62822
-55.65391
-55.37735
-56.29008
-56.48253
-55.48007
-55.38063
-54.95033
-55.61536
-54.79550
-54.03699
-54.18487
-53.60960
-55.37669
-55.12593
-54.27806
-54.03716
-54.43374
-54.95107
-55.70647
-56.90504
-55.96066
-56.63850
-56.14364
-54.69001
-54.62954
-55.51951
-55.72047
-55.51588
-56.46544
-58.54538
-57.38121
-57.33929
-57.61378
-56.25684
-55.83029
-54.52526
-55.16684
-55.78737
-56.12584
-55.75269
-56.16447
-55.99261
-56.66661
-57.22880
-56.60142
-56.70942
-56.08019
-56.70321
-54.78487
-55.95441
-56.84294
-56.19161
-57.16356
-56.39187
-55.62005
-55.57365
-55.68040
-54.90295
-54.68447
-54.92132
-54.49546
-53.61527
-53.70606
-53.95153
-54.00648
-53.93793
-54.13728
-54.77522
-54.50799
-54.29732
-54.89639
-54.57377
-54.79806
-55.13087
-54.28448
-53.93426
-54.16592
-54.05704
-53.83344
-53.63932
-53.67202
-53.46178
-53.46211
-53.76741
-53.61479
-53.83936
-54.24706
-54.10201
-53.66483
-54.07702
-54.72885
-55.56085
-54.71318
-55.47265
-55.34855
-55.27689
-56.05180
-55.45734
-56.23585
-55.88642
-54.78139
-53.32753
-53.05374
-53.43080
-54.61303
-53.98491
-54.17582
-54.23105
-55.13994
-55.62324
-55.09808
-56.23627
-55.30498
-54.65293
-52.97597
-53.55921
-54.52906
-55.24948
-55.32956
-54.95742
-55.60710
-55.46829
-56.10188
-55.66834
-55.12808
-55.24470
-55.95501
-56.05268
-55.45874
-55.30268
-55.21867
-55.65868
-54.97874
-55.70683
-56.84740
-56.25537
-56.33180
-56.60802
-56.55541
-56.85539
-57.31930
-56.11991
-56.44053
-56.87339
-56.21833
-57.27569
-57.33929
-56.36512
-56.27495
-56.01945
-56.12565
-56.19352
-56.19547
-56.10393
-56.27099
-56.78804
-57.32914
-57.24068
-56.84445
-56.05550
-56.54770
-55.78764
-54.78650
-54.84369
-54.82903
-55.12984
-53.67321
-53.84466
-53.73930
-53.81954
-54.72106
-54.86033
-54.85323
-54.81280
-54.77644
-54.94753
-55.41222
-55.02444
-55.13114
-54.58467
-53.54554
-54.12432
-54.83369
-55.08155
-54.99660
-54.73829
-54.76517
-54.27054
-54.41325
-54.59707
-54.89542
-55.38609
-55.71394
-54.36442
-53.62769
-53.58104
-54.00050
-54.41506
-54.23028
-55.13711
-55.64121
-55.41738
-55.34147
-55.24875
-54.98054
-55.05773
-54.63037
-54.07788
-54.15867
-54.71290
-55.44543
-56.22398
-55.88530
-56.68932
-55.79867
-56.02371
-56.13223
-55.62920
-55.76570
-55.54861
-54.04672
-53.22855
-54.13924
-53.68785
-54.92285
-54.74629
-56.05035
-55.67966
-56.12230
-56.30812
-56.06538
-56.91014
-55.63698
-55.34039
-54.34823
-54.95816
-54.51841
-55.54813
-56.09234
-55.44402
-56.26338
-55.69770
-55.36951
-55.73367
-55.41820
-55.84644
-55.25433
-55.18194
-55.46578
-55.71343
-56.13403
-55.48868
-55.53395
-55.28563
-55.64562
-55.28841
-55.67817
-55.03211
-55.74768
-55.16365
-54.37832
-56.15252
-56.00082
-56.52282
-56.54046
-56.70826
-56.21533
-56.37768
-55.55323
-54.91831
-54.36104
-54.90887
-55.34658
-54.11232
-54.45708
-54.84311
-55.37775
-55.03627
-54.77291
-54.27860
-54.81253
-54.97000
-55.33743
-56.03558
-55.71760
-55.33052
-54.61477
-54.39888
-54.43020
-54.33078
-54.68207
-54.56145
-55.16352
-56.06292
-54.96733
-54.94202
-54.90119
-55.40213
-55.11465
-54.61763
-55.28393
-55.59157
-55.18566
-55.30012
-55.66339
-55.59535
-55.50503
-55.65812
-56.59930
-57.42850
-55.77066
-54.79885
-54.09625
-53.15859
-54.15043
-54.16232
-54.89063
-55.72498
-56.20103
-56.61512
-57.21934
-56.67955
-55.68356
-54.90016
-55.11935
-55.42764
-53.27029
-54.83293
-54.75968
-55.14684
-56.24988
-55.51717
-55.85564
-55.53260
-57.12699
-56.43518
-56.58667
-56.62772
-57.52134
-54.79431
-53.40220
-53.98209
-53.65802
-53.90201
-53.60016
-55.03168
-54.57739
-54.71966
-54.32763
-55.39422
-55.76992
-54.97382
-52.80999
-52.52259
-54.88952
-55.48601
-54.75215
-55.00926
-55.11375
-52.84558
-54.30273
-53.77231
-54.65897
-54.56522
-55.29367
-54.37505
-53.11956
-55.06556
-54.59958
-55.63415
-54.52063
-55.04432
-54.48231
-54.38614
-53.48010
-53.13903
-53.00371
-52.96634
-52.78964
-52.06244
-53.86232
-53.95809
-54.34875
-54.82045
-54.72498
-54.44051
-55.25148
-54.06716
-53.45090
-53.54440
-52.88766
-53.71511
-53.52350
-54.16109
-54.80872
-54.40958
-54.73207
-55.41022
-54.03296
-53.75164
-54.02124
-53.44505
-52.93577
-52.39098
-52.77643
-52.22893
-53.97885
-55.33232
-54.42674
-54.85779
-54.11345
-53.41758
-53.71074
-53.61416
-54.74119
-54.93177
-53.22414
-54.12340
-52.99921
-52.57128
-53.17892
-53.23107
-53.65671
-54.36566
-56.02178
-55.23103
-54.72533
-53.63478
-54.31130
-53.56020
-54.27416
-54.76371
-52.43524
-54.11277
-53.88044
-54.97523
-54.96816
-53.74703
-52.69936
-52.42309
-53.23266
-53.92368
-52.91948
-52.39897
-53.64399
-52.04816
-53.80249
-55.67368
-55.44524
-54.68898
-54.52006
-55.16431
-54.53641
-54.76962
-54.83644
-54.22248
-53.88627
-53.38881
-53.04288
-53.67401
-54.15013
-53.23801
-53.07775
-54.06515
-54.32076
-54.24077
-53.87755
-53.71052
-53.72771
-53.69860
-53.84105
-53.46559
-53.99417
-56.23065
-55.28827
-54.94427
-55.01172
-55.14729
-55.26776
-54.55299
-54.02556
-53.78231
-53.39610
-52.78457
-52.76418
-53.31130
-54.83625
-53.66798
-53.83136
-54.72235
-53.91794
-54.08043
-54.70462
-54.36931
-53.88932
-53.38603
-53.92887
-53.81604
-52.38258
-54.19778
-54.00459
-53.80290
-54.31665
-53.91690
-53.88594
-52.62198
-52.98741
-52.59078
-52.29661
-53.74516
-54.46672
-52.67256
-53.94198
-55.33983
-54.36241
-55.18530
-54.84760
-54.32587
-53.67188
-53.90304
-53.51935
-53.95569
-53.51811
-53.87628
-52.88413
-52.54601
-54.16098
-53.19590
-54.39577
-53.73525
-53.97750
-54.36181
-53.24677
-52.89465
-53.48076
-52.51383
-52.93602
-52.87181
-51.83133
-55.43795
-54.37786
-53.91040
-55.01672
-54.41184
-54.41485
-54.16148
-54.50699
-55.28799
-54.11041
-54.99787
-54.55285
-52.29990
-54.42395
-55.06082
-55.08722
-54.41777
-53.82156
-53.92082
-54.20428
-54.45215
-53.94570
-53.62265
-53.81266
-54.11023
-53.31118
-54.58636
-54.36919
-53.35924
-53.39518
-53.84504
-53.31874
-52.61818
-54.11247
-54.81156
-54.69328
-54.07775
-53.90040
-52.30729
-53.99833
-57.04432
-56.16885
-56.19837
-54.57262
-55.14943
-54.47431
-53.92788
-54.15220
-54.48069
-54.31308
-54.09385
-52.33975
-51.95104
-54.73923
-53.93249
-54.11724
-54.95869
-55.07928
-54.42899
-55.02507
-55.09757
-54.95435
-55.01387
-54.57779
-54.00554
-52.35805
-53.36296
-54.83341
-55.03859
-54.30465
-54.60122
-54.01069
-53.57864
-53.44404
-53.82704
-54.18068
-54.65108
-55.00554
-52.20463
-53.09988
-55.33119
-54.52386
-54.21123
-54.13214
-54.39290
-54.43057
-54.14680
-53.39860
-53.03211
-53.43836
-54.15866
-52.48049
-51.78340
-53.40931
-52.81114
-53.18966
-53.09389
-54.41340
-54.17636
-53.82151
-53.72789
-53.44657
-53.49389
-53.65084
-53.33036
-51.78619
-53.76429
-53.29365
-54.13059
-53.93038
-54.60469
-54.36118
-54.31219
-54.89554
-54.85528
-54.57734
-54.94093
-54.78285
-52.20331
-55.36815
-55.80868
-55.01326
-54.23382
-54.57852
-54.49360
-53.47024
-55.17153
-53.60039
-52.96983
-55.13969
-53.51690
-52.63778
-53.64393
-53.74155
-53.63979
-54.30519
-54.55165
-53.67808
-53.62256
-54.71283
-54.52450
-53.27666
-54.88513
-55.31900
-52.67083
-54.05807
-56.96378
-54.68684
-55.28826
-54.83755
-54.34792
-54.31815
-54.48216
-54.96774
-53.92657
-54.43028
-56.03090
-53.29914
-52.34809
-54.02279
-54.32134
-55.37130
-55.00949
-55.19224
-54.76433
-54.45426
-54.16063
-55.25667
-55.32555
-55.06635
-53.74258
-51.60154
-53.34283
-53.87329
-53.00260
-54.35511
-54.74101
-55.02723
-54.22173
-53.23310
-53.16705
-53.13396
-54.46898
-53.69197
-52.47095
-53.72803
-54.84429
-55.27674
-56.22961
-54.77436
-54.40821
-54.03668
-53.43910
-53.22101
-53.09566
-53.06563
-53.13836
-52.24721
-52.31843
-53.55445
-53.63204
-53.42787
-54.37612
-55.32677
-53.61661
-53.29629
-52.39146
-52.91148
-52.71168
-53.66785
-52.57438
-53.47638
-56.24558
-54.91067
-55.52519
-54.40690
-54.36121
-53.47596
-53.48982
-53.33647
-53.61702
-52.79819
-53.42298
-52.47298
-51.84827
-54.62532
-55.19387
-53.91742
-53.20023
-53.94054
-53.33973
-54.29216
-54.44005
-54.32992
-54.55348
-54.63712
-54.80262
-53.20576
-53.41304
-54.15375
-52.63621
-53.19692
-57.10502
-53.75852
-52.86987
-54.33943
-53.96698
-54.60786
-54.01751
-55.26274
-52.83650
-52.82354
-54.45781
-54.97862
-55.80013
-54.89221
-55.15651
-54.42693
-54.34426
-54.39699
-53.53547
-53.02976
-53.44360
-52.01686
-53.18860
-55.05579
-53.40896
-54.16825
-54.16257
-54.10526
-54.30844
-54.04262
-53.71886
-52.41648
-53.33660
-55.61530
-54.38757
-53.32393
-54.96323
-54.23744
-53.69712
-54.85601
-54.32125
-54.24237
-54.35840
-53.90963
-54.56238
-54.09174
-55.13180
-54.50004
-52.95711
-56.51387
-57.43924
-55.98925
-55.17342
-55.14720
-52.14779
-51.15237
-52.62172
-51.75450
-52.18630
-53.88454
-54.04773
-52.54240
-53.10846
-53.14900
-53.42470
-53.47262
-53.43723
-53.81509
-53.71071
-53.79500
-54.59497
-55.54618
-54.52569
-55.21179
-53.11107
-53.18760
-53.99251
-53.17555
-53.63916
-54.12541
-53.47633
-52.41990
-53.10562
-52.72750
-53.32630
-53.40351
-53.96848
-53.50080
-52.58692
-54.21306
-54.31043
-53.76451
-52.85275
-53.12044
-52.92145
-53.44080
-54.83785
-53.06100
-52.29002
-53.93142
-54.21636
-53.38575
-56.26331
-55.70312
-53.87395
-54.94178
-56.64531
-53.93399
-53.13662
-55.12469
-54.19814
-53.58268
-54.30827
-54.43018
-51.96488
-53.58370
-54.50526
-53.18310
-53.45506
-54.40328
-54.54932
-54.06507
-53.49807
-53.83114
-53.95875
-52.89663
-53.56643
-52.92459
-53.94704
-55.00143
-55.31171
-54.49940
-53.59049
-53.48330
-53.79959
-54.48375
-54.67917
-54.20154
-53.35900
-54.96613
-52.69680
-52.46268
-54.88896
-54.52517
-54.78041
-54.26883
-54.33365
-54.53362
-54.24731
-54.06412
-52.89720
-52.69283
-56.34677
-54.59264
-53.31889
-56.11113
-56.29583
-56.66367
-56.24557
-55.75633
-54.39946
-54.21900
-54.39317
-55.01539
-54.81975
-54.92967
-54.45518
-53.05819
-55.04009
-55.54875
-55.27330
-55.25828
-54.69722
-54.24507
-54.68534
-54.66169
-55.03024
-54.82738
-53.49830
-55.44206
-52.53640
-53.39800
-56.81618
-55.13023
-54.73733
-54.34369
-54.31221
-52.25636
-53.09359
-53.74381
-53.91384
-53.90382
-53.66506
-52.92229
-52.30260
-54.86908
-54.93523
-52.21775
-53.07087
-55.14151
-53.75374
-52.80327
-52.74631
-54.05636
-54.36494
-55.10642
-54.25843
-53.20186
-54.79366
-54.04671
-53.76063
-53.81013
-53.45473
-53.99782
-54.52689
-54.88844
-54.34250
-53.82031
-54.57764
-54.76533
-53.05468
-54.70914
-55.34917
-54.53378
-54.09057
-53.71737
-54.04878
-54.47736
-54.65943
-54.59126
-54.04363
-54.18651
-56.11576
-52.21290
-53.51702
-54.79540
-54.05463
-54.34670
-55.21268
-53.99564
-51.30879
-52.44444
-52.38680
-53.22384
-53.45429
-54.20308
-52.56642
-52.50957
-53.91643
-53.21379
-53.23385
-53.04635
-53.37050
-53.22866
-53.26364
-53.55645
-54.02560
-53.71279
-54.41044
-53.76328
-52.83498
-54.51646
-54.41120
-53.96315
-54.16042
-54.35664
-54.20636
-53.66168
-54.80692
-53.84601
-52.62722
-54.62212
-54.77898
-52.32706
-53.32949
-54.15627
-53.94788
-54.57908
-54.66133
-55.05590
-54.24183
-54.47586
-54.46847
-54.38788
-53.95984
-54.60054
-52.89674
-53.47448
-55.30849
-53.93205
-54.87336
-55.10385
-55.53292
-53.94372
-53.79556
-53.65716
-54.05748
-53.98618
-54.77262
-53.46324
-53.15171
-54.98553
-55.01556
-55.48253
-54.87091
-55.12653
-53.66411
-55.45252
-56.25573
-55.76439
-56.01155
-55.83710
-54.17234
-53.72285
-54.41030
-53.89006
-55.27424
-54.39932
-52.55410
-52.55815
-52.82972
-53.39905
-53.11116
-52.65241
-54.87302
-53.89263
-53.01397
-54.95682
-54.54443
-54.24158
-53.96577
-54.68296
-54.14003
-54.47581
-54.56514
-54.50448
-55.17356
-55.55614
-55.80470
-51.62589
-53.18750
-54.51078
-54.28834
-54.03847
-53.99299
-54.98625
-54.21162
-53.72407
-53.46813
-54.21542
-53.82844
-54.61618
-52.43200
-53.44525
-55.63487
-54.39960
-55.07435
-55.08544
-55.19632
-54.74659
-54.57093
-54.99854
-54.26178
-53.40007
-54.59135
-53.37556
-52.05902
-55.53278
-56.04336
-55.56933
-55.19349
-54.72028
-54.05773
-53.70536
-53.36245
-54.14803
-53.94022
-54.40480
-54.61469
-51.43689
-54.35256
-54.99699
-54.48988
-53.97876
-54.38477
-54.15487
-53.45318
-53.80090
-53.27615
-53.66709
-54.01951
-54.02836
-52.21106
-54.62371
-57.02315
-55.52536
-52.94875
-53.19979
-53.21439
-52.17412
-53.61096
-53.25916
-52.00043
-52.81755
-53.90995
-51.30114
-51.72436
-52.69481
-53.02947
-53.53656
-53.96688
-55.09713
-52.08682
-53.45162
-54.02733
-53.45468
-53.05186
-53.58989
-53.40139
-52.96898
-54.93759
-52.78087
-52.05097
-52.25012
-52.79186
-51.96288
-52.47327
-52.35294
-52.86124
-53.46553
-56.37538
-55.88542
-52.94880
-55.86616
-55.85183
-56.46042
-55.83830
-54.73164
-54.25435
-54.24513
-53.81733
-54.33725
-53.89643
-55.08291
-54.55542
-53.04079
-55.84602
-54.82351
-54.52939
-54.46308
-55.19428
-54.69444
-55.04276
-55.34599
-53.79814
-54.09522
-53.80890
-54.22192
-52.94947
-54.82104
-55.82331
-55.33729
-55.32250
-54.41813
-54.41492
-53.41391
-54.23684
-53.33678
-53.84754
-53.28416
-54.04048
-53.32896
-53.90197
-57.74590
-56.16391
-55.17165
-54.80833
-54.42704
-51.46087
-52.13085
-52.46652
-53.06119
-52.69908
-53.28685
-53.44411
-52.10419
-54.18466
-53.32846
-53.65874
-53.34663
-53.91467
-53.13855
-53.47550
-55.26903
-56.14237
-56.04319
-55.45926
-54.25230
-52.13966
-54.11404
-54.93261
-54.96864
-55.56397
-55.47657
-53.33367
-52.17186
-53.07227
-52.83151
-52.78475
-53.60146
-54.26914
-52.52679
-52.08217
-52.82053
-52.81624
-52.90311
-52.94655
-53.28057
-52.99262
-53.80796
-54.61043
-52.55529
-51.26761
-51.80063
-52.52353
-53.45047
-53.63211
-53.91918
-54.52741
-55.42800
-53.14862
-52.35841
-53.20404
-52.45530
-54.16328
-53.86645
-54.40959
-53.27095
-52.86821
-54.32119
-53.98092
-54.36475
-54.92560
-55.32485
-53.76521
-53.20360
-53.67161
-52.65743
-52.53067
-53.41103
-52.72029
-52.16292
-53.14110
-53.99763
-54.12321
-55.01578
-53.98443
-53.45983
-53.48855
-53.93139
-54.09471
-53.85315
-54.11705
-54.31008
-52.95078
-53.71762
-53.43380
-52.72981
-53.42688
-53.14191
-53.65550
-53.27201
-54.32208
-53.82329
-54.19714
-53.29476
-54.07736
-53.16648
-52.89547
-54.24642
-53.41371
-53.67931
-53.61316
-54.00546
-53.77053
-54.65690
-53.53777
-54.17692
-53.59435
-54.67068
-52.79441
-51.69074
-53.68114
-53.13703
-53.74455
-53.60692
-54.16489
-53.40231
-53.61636
-52.99289
-54.02577
-54.04265
-54.41956
-54.05849
-52.12061
-53.87316
-53.56281
-55.27359
-56.04304
-54.63925
-54.90843
-53.75007
-53.84009
-53.40863
-52.60835
-54.73526
-55.16747
-53.03887
-52.52452
-52.98466
-53.56866
-53.39558
-53.55245
-53.82876
-53.98713
-53.73527
-54.33873
-54.50577
-53.82107
-54.25438
-53.14109
-53.75505
-53.81365
-53.02059
-53.46948
-53.52331
-53.74880
-54.01290
-54.52582
-53.63897
-52.32812
-52.95370
-54.30348
-52.90661
-53.43740
-54.23672
-53.55922
-53.89218
-53.40885
-53.92935
-53.44872
-53.39474
-54.04291
-53.46213
-53.56363
-53.93001
-54.05693
-53.11598
-53.44393
-53.60094
-53.70170
-54.03968
-53.46660
-53.45158
-53.06635
-52.63175
-53.09755
-53.59666
-53.19254
-53.28185
-52.72475
-52.84499
-52.93793
-53.13766
-53.44597
-53.14369
-52.90579
-53.32562
-54.04070
-54.11654
-54.30232
-54.62954
-56.26435
-53.93997
-52.98234
-53.06345
-53.16900
-55.52949
-54.70760
-52.94875
-52.56956
-53.38437
-54.73640
-54.63160
-53.47982
-53.32373
-52.56738
-53.38271
-54.11309
-52.66409
-53.04039
-54.26383
-55.80491
-53.85097
-52.25073
-52.97831
-53.68701
-54.46460
-54.59335
-53.63605
-52.39687
-53.50848
-54.07662
-53.35605
-52.53309
-53.29765
-53.61001
-53.38984
-53.85405
-54.30390
-54.33911
-53.87209
-54.49452
-52.55336
-53.71075
-54.58603
-54.19376
-55.02043
-54.68561
-52.59199
-52.53724
-52.98280
-52.97445
-53.66940
-53.02207
-53.87405
-53.03959
-53.13921
-52.94394
-52.63622
-52.90755
-52.61943
-52.32685
-52.75553
-53.11078
-52.42549
-52.50695
-52.95682
-52.75675
-52.49041
-52.87564
-54.20836
-54.61650
-54.59111
-54.45314
-55.11178
-54.85330
-54.38730
-54.83896
-54.24199
-54.43527
-54.37827
-54.56868
-52.75782
-54.54331
-54.96357
-54.68571
-54.75749
-54.19045
-54.31430
-53.31462
-54.20263
-54.24698
-54.36848
-53.68992
-54.05062
-52.81149
-53.97817
-54.63912
-54.50913
-55.57081
-54.93887
-54.62291
-53.43962
-53.72197
-53.99532
-53.80003
-53.57476
-54.43906
-53.18664
-53.21596
-54.47691
-54.55561
-55.23621
-54.50986
-54.32721
-53.66610
-53.80663
-54.34020
-54.12773
-54.15501
-55.50951
-54.44252
-53.17817
-56.60210
-54.45671
-52.14403
-52.82964
-53.75599
-55.22090
-54.71965
-53.43136
-53.44331
-53.57118
-54.05574
-55.08994
-54.02454
-54.22517
-53.81190
-53.78318
-54.20332
-54.66947
-54.68991
-54.81288
-55.50958
-55.40748
-54.70090
-55.16174
-55.22483
-52.88403
-54.48884
-54.53831
-54.56810
-54.36801
-54.33165
-53.88139
-53.77420
-54.58728
-54.57716
-55.03872
-54.34927
-55.05583
-52.87673
-55.76637
-56.60782
-54.65564
-54.08324
-54.02498
-53.97792
-52.65533
-53.53032
-53.90636
-54.55420
-53.97307
-54.50864
-52.94232
-53.89249
-54.93736
-54.34168
-54.01254
-53.67912
-54.36695
-54.20943
-54.85497
-54.65969
-54.60432
-53.41268
-54.62453
-53.86025
-53.48044
-54.90415
-54.68754
-54.68489
-53.91305
-54.21688
-53.22603
-52.99749
-53.27930
-54.11956
-54.15139
-54.49437
-53.70688
-52.69482
-54.69898
-56.65596
-59.16395
-57.29474
-55.76802
-55.50615
-54.31783
-53.39512
-53.57321
-53.73323
-53.92626
-53.97399
-52.85375
-53.71373
-54.44591
-55.38491
-55.23024
-54.60615
-54.61429
-53.64018
-53.82375
-54.39382
-54.50103
-54.12231
-54.41441
-52.45915
-53.81826
-56.33176
-55.95392
-55.75360
-54.39918
-54.59361
-55.13184
-56.25483
-55.87593
-56.04662
-54.42776
-56.12409
-53.78955
-53.65396
-57.70877
-54.44092
-54.66272
-54.71355
-54.44497
-54.12354
-54.33557
-53.51915
-54.43091
-53.96636
-54.49436
-54.87299
-53.21578
-57.14660
-57.45323
-56.26786
-55.33565
-55.52230
-56.03225
-56.72611
-56.32216
-55.73842
-54.17617
-53.77872
-54.67971
-52.92201
-55.78872
-57.31637
-56.86540
-56.30642
-54.97021
-54.39327
-53.66338
-54.09955
-54.15804
-54.39742
-54.18933
-53.95389
-53.52745
-55.57196
-58.34379
-57.06933
-57.47041
-56.29519
-55.25778
-54.27865
-54.45055
-54.83421
-53.80969
-54.38310
-54.52836
-52.87235
-53.41709
-56.24567
-55.91427
-55.33202
-54.23040
-54.62005
-53.85809
-53.13202
-53.53130
-54.24453
-54.08780
-54.96484
-53.61183
-52.43076
-57.71315
-57.84442
-56.41927
-55.72158
-55.87424
-55.58413
-54.35447
-52.77436
-52.90405
-54.04656
-53.61825
-53.52687
-52.62456
-54.68892
-55.72084
-55.50730
-55.83282
-56.38743
-54.97182
-53.14911
-52.59176
-52.25932
-53.29714
-54.21017
-54.78075
-53.67242
-54.97464
-56.58698
-56.50050
-55.19061
-54.82816
-55.10494
-55.40105
-56.39796
-54.60422
-54.33079
-53.87399
-54.48196
-53.13276
-53.31937
-54.74109
-53.65198
-53.52103
-53.64671
-54.56605
-54.69449
-55.78952
-55.94800
-55.26508
-54.90583
-55.84924
-54.38948
-53.72027
-56.39722
-55.69292
-55.73521
-55.17444
-55.03328
-56.05634
-56.65866
-56.02696
-55.09587
-53.69687
-53.28804
-53.70189
-52.75654
-56.48010
-59.09261
-56.55425
-54.80317
-54.93063
-55.44143
-57.01217
-56.28783
-55.76694
-56.26174
-56.36259
-57.43168
-53.58005
-56.71566
-58.46343
-57.36757
-56.45316
-55.39043
-55.54208
-54.46146
-55.41344
-54.59260
-53.66453
-53.64457
-55.48593
-53.17855
-54.11635
-56.37978
-54.73700
-54.17229
-53.61811
-54.41040
-54.31017
-53.98449
-53.72202
-54.14659
-53.97651
-54.52205
-52.94176
-53.13304
-55.88158
-55.48645
-55.68508
-55.04998
-54.95060
-54.81566
-53.61211
-53.39231
-53.51736
-53.13803
-54.95942
-55.03861
-53.60215
-55.76493
-55.16899
-54.51052
-54.59930
-55.28077
-54.71437
-53.23111
-54.38911
-54.65767
-54.28742
-54.55530
-54.16548
-52.50100
-55.28140
-57.16360
-56.36559
-55.20907
-54.49800
-54.72278
-54.75001
-55.88712
-55.85257
-54.75850
-53.43163
-54.99306
-52.51290
-54.28318
-56.88185
-54.19677
-53.84318
-54.05716
-55.58180
-55.74505
-55.75357
-55.52644
-54.29870
-53.88083
-55.38512
-53.38934
-53.11627
-55.26710
-55.53724
-55.64842
-55.28286
-54.97086
-54.51914
-55.51808
-56.03149
-53.83886
-53.79920
-54.66818
-53.79249
-53.40637
-55.22731
-55.19918
-54.32643
-54.28954
-54.69438
-54.16038
-53.07159
-53.72685
-54.52243
-54.63899
-54.11054
-54.30262
-53.04643
-55.45782
-56.36799
-56.50276
-56.24253
-54.37706
-55.67173
-56.43931
-57.14575
-55.58821
-54.29587
-53.57457
-54.50914
-52.96075
-54.15569
-55.53035
-54.16619
-54.95335
-54.69289
-53.92843
-53.25627
-53.54354
-53.76488
-54.38279
-54.06785
-54.72171
-53.36356
-53.80362
-56.64784
-55.48822
-55.29048
-55.08221
-55.03761
-53.94506
-53.37835
-53.71433
-54.12078
-54.31916
-54.38832
-54.55032
-53.25201
-54.57527
-55.34250
-55.50230
-55.91161
-55.84394
-54.34418
-53.37900
-53.67003
-53.70471
-54.54831
-54.53941
-54.78972
-53.29371
-54.47790
-55.45043
-54.53585
-53.80256
-54.46152
-55.69405
-55.90607
-55.74210
-54.61926
-53.66340
-53.74849
-55.60844
-52.56513
-53.89114
-56.00236
-54.71929
-55.22154
-55.40305
-55.70909
-53.59407
-54.06831
-54.78621
-54.56156
-54.44481
-55.37328
-54.15198
-54.15729
-56.03761
-55.01271
-54.35599
-54.49101
-56.14146
-55.03279
-55.19197
-55.90981
-55.62662
-54.63066
-55.40097
-55.09758
-53.63164
-55.54014
-55.97759
-57.77333
-58.76644
-59.93022
-58.07591
-54.65366
-54.33734
-55.55422
-55.70790
-56.58048
-55.44721
-53.13475
-57.22124
-58.46233
-56.03987
-55.14359
-54.89149
-55.79739
-55.62695
-55.48639
-54.75173
-54.37568
-53.57708
-53.91885
-53.54015
-54.86401
-56.43020
-54.44210
-54.03522
-54.43331
-54.46249
-53.34427
-53.39718
-53.71709
-53.46193
-53.83474
-54.23430
-53.27780
-54.30959
-56.30416
-56.38812
-55.33481
-55.46409
-55.30683
-55.01422
-54.54202
-53.29295
-54.25892
-53.74968
-54.63022
-53.73295
-52.43433
-53.05311
-53.88692
-54.70830
-53.59319
-53.75831
-54.56602
-54.81729
-54.22227
-54.58223
-54.01964
-54.38356
-54.41114
-53.10005
-56.48677
-57.47371
-55.57141
-54.70150
-54.82849
-55.41023
-56.24514
-55.91067
-55.34023
-54.77501
-53.59821
-54.19251
-52.63035
-54.57939
-55.85179
-55.28812
-55.72693
-56.14848
-55.67797
-54.96315
-55.74375
-54.72990
-53.22312
-55.00915
-58.07603
-53.26481
-54.10967
-54.74174
-54.38835
-56.24690
-55.88871
-55.79346
-55.89092
-55.07725
-55.49302
-56.98181
-54.58018
-54.43852
-54.47009
-53.53538
-57.00216
-56.16122
-52.60248
-54.52551
-54.25321
-54.65154
-54.43391
-53.52026
-54.71268
-54.27014
-54.79745
-54.30454
-53.19865
-55.44030
-55.81465
-55.80205
-56.41246
-55.69487
-56.05516
-55.98295
-55.46137
-53.55558
-52.62910
-53.84104
-54.12364
-52.38306
-53.98487
-54.71409
-54.78022
-54.96808
-56.24767
-53.54431
-52.47623
-53.43607
-52.48805
-53.46029
-53.12043
-54.60156
-53.12258
-53.27835
-55.13467
-54.69783
-55.23802
-54.74802
-54.47078
-54.22919
-54.30098
-53.33406
-52.88525
-53.03891
-53.24617
-52.91416
-52.74680
-54.27084
-54.08108
-54.50530
-55.18659
-55.24179
-53.81905
-53.06810
-52.48613
-53.11015
-54.37107
-54.09659
-53.78708
-53.39239
-54.74437
-54.76815
-55.73258
-55.38649
-54.49103
-53.87594
-55.27819
-55.64989
-55.04661
-54.37788
-54.21123
-54.19337
-52.36771
-53.89927
-54.75550
-54.87129
-54.23420
-54.39145
-54.65675
-55.04177
-56.12028
-54.64074
-53.04467
-53.98179
-55.95824
-53.34303
-53.54100
-55.17779
-55.29986
-55.06610
-54.95499
-54.60121
-53.64403
-55.35356
-55.19239
-55.13973
-55.41625
-55.20380
-53.95529
-53.05454
-55.73403
-54.19475
-53.17339
-56.14680
-56.02844
-55.45357
-56.54466
-55.94237
-55.90813
-55.31495
-56.09706
-54.51731
-53.29888
-56.16749
-55.48960
-54.97925
-54.13459
-54.73399
-55.19636
-55.18658
-55.21782
-54.73059
-53.82140
-54.26537
-54.89315
-52.85915
-55.47685
-55.83477
-54.29783
-53.77455
-54.22574
-54.45160
-53.75324
-54.26165
-55.27581
-54.40446
-54.70230
-54.87895
-52.46134
-54.15215
-54.79545
-55.44373
-56.32852
-56.07009
-55.38604
-53.39551
-53.73968
-55.18296
-54.27073
-53.58395
-55.84427
-54.09642
-53.12311
-54.23300
-54.17234
-54.75437
-54.98567
-55.98780
-54.44149
-54.28345
-55.52251
-55.02526
-54.54318
-54.56073
-53.85110
-53.60244
-54.86525
-54.66681
-54.70527
-55.23715
-55.30678
-54.99664
-55.51611
-54.95148
-55.94912
-54.44069
-54.03618
-54.05256
-52.57433
-55.53868
-56.28165
-56.01944
-56.08651
-56.66892
-55.90656
-54.31629
-55.75227
-54.90638
-52.90134
-55.55443
-55.13444
-52.09642
-53.80391
-55.92102
-56.01858
-56.10916
-56.25689
-55.62385
-55.77288
-55.87236
-55.85264
-55.45953
-54.83757
-53.61624
-52.64662
-53.30407
-54.94686
-53.30617
-52.83782
-54.78282
-54.87189
-55.63074
-55.50849
-54.60189
-53.91463
-53.41501
-54.71355
-53.61373
-53.10546
-55.82254
-55.60713
-55.50266
-54.02717
-54.33053
-54.46421
-54.94093
-54.83309
-53.98469
-53.76514
-54.28067
-54.14653
-52.84711
-54.90416
-54.10410
-54.85245
-54.81273
-54.86698
-53.86864
-53.16545
-54.98210
-54.92949
-54.19171
-53.93020
-55.00585
-53.67401
-54.67115
-56.42786
-56.71721
-55.36204
-55.89970
-56.91290
-53.55829
-54.89122
-55.98961
-55.52210
-54.84202
-54.26497
-53.15024
-52.53509
-53.53400
-53.79630
-54.37200
-53.93239
-54.19268
-53.36582
-53.38537
-53.78072
-55.10878
-55.29771
-55.40508
-54.31167
-53.40419
-55.41740
-55.04147
-55.84955
-55.68086
-55.88108
-55.03477
-54.60011
-55.83620
-55.59098
-54.37740
-56.05088
-55.75381
-53.14193
-54.15109
-54.17567
-55.15460
-54.78980
-55.51464
-55.66197
-54.21724
-55.16144
-55.96634
-55.82838
-55.80920
-55.28007
-53.48120
-55.02549
-56.16137
-56.40651
-55.72605
-56.09934
-54.66102
-53.39424
-55.35286
-55.81814
-56.10525
-54.77529
-55.13731
-53.78662
-53.65722
-56.49134
-54.07649
-53.11008
-56.31047
-56.81397
-54.83420
-54.71420
-56.08151
-56.16704
-55.70067
-55.58992
-53.19514
-53.63818
-55.39122
-56.14299
-55.17555
-53.80575
-54.83155
-55.20299
-54.93433
-55.30702
-56.25943
-56.52494
-57.23669
-57.88043
-58.06586
-57.92491
-57.86267
-57.05371
-56.46422
-56.98745
-58.08893
-59.27641
-58.06930
-57.90471
-56.93757
-56.80877
-56.92442
-55.16812
-55.79210
-56.89279
-56.54608
-57.85250
-58.77089
-58.23360
-59.61255
-59.86842
-59.12033
-58.85136
-58.47932
-58.39135
-58.88395
-58.42834
-57.50156
-58.10107
-58.41928
-59.54593
-59.60257
-59.69423
-59.53441
-57.89341
-57.58511
-59.35465
-59.68739
-57.54360
-56.45556
-55.70920
-56.11461
-56.09247
-56.52187
-56.02274
-56.16115
-56.60659
-56.30105
-57.03327
-57.59473
-58.30552
-56.67456
-56.96634
-57.87311
-58.52600
-58.60061
-58.53598
-58.57063
-56.55394
-56.77118
-58.68051
-59.13539
-57.73505
-58.52355
-57.90622
-55.48762
-56.31464
-57.45811
-57.81154
-58.35757
-57.71729
-57.69988
-58.58292
-58.48707
-58.03653
-59.18702
-58.51115
-58.68872
-59.15814
-59.08921
-58.71039
-58.26668
-59.47775
-57.85947
-57.11246
-57.12151
-56.61563
-57.07762
-58.65183
-59.77410
-60.04395
-56.04167
-53.91240
-54.79562
-55.48314
-56.88644
-57.03390
-57.04197
-57.55419
-57.89562
-57.46133
-57.52472
-58.81021
-58.50589
-57.92143
-58.22174
-58.31532
-59.03608
-58.34296
-58.38468
-58.66156
-58.81277
-60.84362
-59.22619
-58.90936
-58.42191
-58.37379
-57.67522
-55.70569
-57.04692
-57.35680
-57.06770
-57.88399
-58.46813
-58.73966
-58.37621
-58.48698
-59.01302
-59.64381
-59.70462
-58.85438
-57.25929
-57.39582
-57.54425
-57.84722
-59.17187
-59.52510
-58.64333
-57.94445
-58.51288
-58.46794
-58.65474
-59.61370
-59.28348
-54.79031
-54.23335
-54.89187
-54.91677
-56.32090
-55.78841
-55.72549
-56.65261
-57.92880
-56.84968
-56.60852
-57.12098
-57.58619
-56.72931
-56.88136
-57.39553
-57.80910
-58.60642
-57.85217
-57.59178
-56.80666
-58.10658
-59.18141
-58.52769
-58.03225
-57.93683
-57.25174
-55.05461
-55.88429
-57.36127
-55.72791
-55.75913
-55.96488
-56.29990
-57.51424
-57.96815
-58.85085
-59.44398
-58.16153
-58.54876
-58.79819
-59.11737
-57.95027
-58.00681
-59.27429
-59.88602
-58.77487
-57.60011
-57.81997
-57.94853
-59.13505
-57.53467
-59.30278
-54.16372
-53.50401
-57.44818
-57.44188
-57.58624
-56.55615
-56.78623
-55.99538
-56.50414
-56.34438
-57.06039
-57.20332
-57.70556
-58.71109
-59.29380
-60.57127
-59.46158
-59.81239
-59.81489
-59.27189
-59.77040
-59.45277
-59.32437
-60.24419
-60.89764
-61.72331
-58.76912
-57.40254
-59.87657
-59.60719
-58.74148
-58.04252
-58.41097
-59.26567
-60.05630
-59.49696
-57.51989
-58.90896
-59.45688
-59.55010
-58.96330
-59.94496
-60.66161
-60.60794
-60.01571
-58.96748
-61.65862
-59.77448
-60.28834
-59.45951
-53.86766
-55.34569
-57.87675
-53.47001
-53.70648
-54.53748
-55.24029
-56.83519
-56.65048
-57.15815
-56.73979
-58.41303
-58.99768
-57.98684
-58.23670
-57.74792
-58.35127
-58.14262
-56.85936
-58.00435
-57.39491
-58.43505
-60.05223
-57.97617
-56.26007
-56.23421
-57.44078
-58.62506
-59.60807
-57.57495
-56.47210
-58.20790
-57.67738
-57.70895
-59.01577
-58.04036
-58.79480
-58.44414
-58.48440
-59.52920
-59.90995
-59.36406
-59.36473
-58.54146
-58.94046
-59.61014
-59.39811
-59.38938
-58.28546
-57.76323
-58.71627
-59.83138
-57.79429
-53.63356
-55.97469
-58.36453
-53.20238
-53.76344
-54.38863
-56.58547
-57.34903
-56.05823
-54.58373
-54.91527
-55.64464
-54.94047
-55.54212
-55.54669
-56.72075
-55.91411
-57.22168
-57.50429
-55.27969
-55.25834
-56.28713
-57.85929
-59.51017
-58.77401
-57.61455
-54.76147
-55.72857
-57.09714
-56.18234
-55.38390
-55.61252
-55.39742
-55.38212
-56.34956
-54.76608
-55.28838
-56.34323
-57.05872
-55.28219
-56.46636
-58.30600
-57.10256
-56.23440
-57.54933
-55.57842
-54.96903
-56.63517
-55.98186
-55.57523
-56.03206
-56.65365
-55.82200
-56.66571
-56.44711
-57.37333
-53.62526
-54.43980
-57.09177
-57.47010
-58.56900
-57.76079
-58.03264
-54.37068
-56.61698
-56.31632
-52.93514
-54.83935
-57.48638
-57.47120
-59.19446
-58.52656
-57.85021
-55.99628
-53.93245
-55.58437
-53.48615
-54.65878
-58.31273
-58.48377
-59.27585
-59.62436
-56.57028
-53.50651
-56.80506
-54.95291
-52.25250
-54.76464
-56.16063
-56.40895
-58.45121
-58.37364
-55.68284
-54.88405
-58.98005
-56.74208
-54.34584
-57.56644
-57.43380
-58.23367
-58.41921
-58.48088
-55.40092
-54.49905
-54.71773
-56.23528
-54.61307
-55.00299
-55.08924
-52.79582
-55.98968
-54.70134
-54.70237
-55.95840
-56.88987
-55.55160
-54.60948
-54.44503
-55.65074
-54.93612
-54.57519
-55.53197
-53.21835
-53.87136
-55.48971
-56.57061
-56.46595
-55.34528
-54.62482
-55.98548
-55.30068
-55.40141
-56.01956
-54.62929
-55.04518
-53.63149
-53.60653
-55.24971
-56.47543
-55.80520
-54.49444
-54.57304
-54.62216
-54.99053
-54.40839
-54.95648
-54.25245
-55.82235
-53.82483
-52.95889
-56.00243
-56.48084
-56.08195
-56.70535
-57.30729
-54.88713
-55.69278
-54.46056
-55.10718
-55.08619
-55.97679
-54.92124
-53.44782
-55.89241
-55.36949
-53.61787
-53.82367
-56.60484
-55.71711
-55.60092
-54.78456
-55.85378
-55.26218
-55.47113
-55.70157
-52.96854
-54.30291
-54.26760
-55.83829
-56.13555
-56.54461
-55.77438
-54.83756
-54.36638
-54.79508
-55.37682
-53.77794
-55.85765
-52.90064
-53.10154
-53.67973
-52.71349
-52.77512
-52.85101
-54.13452
-54.01058
-54.90323
-54.60742
-54.30214
-54.30016
-55.96117
-53.77596
-52.89531
-53.60975
-53.46001
-53.92072
-53.51778
-54.01278
-53.92791
-54.89285
-54.79029
-54.70089
-55.42343
-57.31808
-54.31713
-53.67182
-55.89451
-54.83004
-56.05859
-55.70366
-55.84827
-55.81169
-55.50360
-55.35369
-54.76608
-53.73384
-55.18221
-54.65509
-53.61764
-55.24604
-54.84281
-56.69811
-56.94756
-56.52607
-55.46536
-55.25340
-55.63505
-55.77975
-55.07022
-54.43979
-55.93033
-53.36600
-52.94461
-54.06900
-54.19472
-55.11691
-55.89194
-55.24077
-53.88999
-53.82526
-54.01759
-54.40982
-54.42914
-55.23288
-53.88061
-53.39313
-53.99735
-53.98857
-54.61727
-55.55475
-55.18400
-54.08898
-55.44438
-54.35855
-55.42670
-55.27469
-55.44975
-54.59145
-52.46260
-54.17748
-55.09284
-55.84159
-55.69392
-55.21812
-54.74495
-54.74104
-54.72473
-54.78553
-53.99764
-54.31755
-53.49060
-53.71227
-54.53890
-54.42656
-55.27786
-54.77797
-56.16441
-55.09524
-53.32858
-54.70793
-55.57607
-53.63686
-54.43878
-55.57965
-52.98164
-53.86571
-56.16964
-54.15301
-54.45258
-54.91730
-54.71156
-54.79004
-55.13094
-55.45158
-54.00902
-54.33668
-55.69732
-54.27928
-54.70573
-56.38644
-55.96811
-56.65117
-56.43828
-55.73638
-55.64159
-54.75029
-54.55340
-55.23680
-55.29644
-57.37187
-55.26168
-54.61516
-55.89489
-55.94971
-56.43760
-55.99177
-56.62221
-56.06232
-55.05871
-54.47676
-54.90735
-54.79870
-54.99622
-53.79077
-52.59189
-54.11706
-54.74175
-55.06364
-56.07316
-56.04492
-55.69767
-55.08652
-54.26815
-54.73130
-55.54556
-54.83779
-54.89277
-52.68964
-52.34150
-53.23178
-54.05354
-55.67285
-55.36261
-55.38218
-54.68058
-55.25921
-55.33749
-54.33839
-54.46208
-55.27238
-54.00739
-53.48270
-55.57804
-55.84998
-55.92476
-56.38505
-55.39416
-54.83154
-53.90191
-55.52727
-55.72196
-54.80369
-56.03257
-53.38245
-52.65620
-54.85270
-54.62742
-53.13275
-54.54164
-56.34831
-55.27591
-55.41774
-55.21916
-55.89366
-54.22703
-54.62683
-54.38719
-52.31915
-54.56212
-53.78867
-53.78033
-53.59334
-54.87524
-54.89910
-54.08892
-55.22634
-54.68665
-55.10864
-55.50591
-54.67604
-52.62536
-52.82327
-52.65585
-52.73369
-52.59457
-52.90583
-53.33189
-53.53687
-54.59494
-53.95486
-53.11695
-54.85084
-55.53315
-53.33161
-54.15185
-54.23390
-53.89816
-53.75393
-53.74396
-53.47274
-53.66034
-54.83965
-54.65058
-55.26109
-55.20786
-55.68419
-54.50338
-55.01333
-55.32918
-56.02307
-55.63261
-54.58541
-55.78459
-54.90201
-54.89122
-53.84105
-54.32864
-53.90236
-54.84528
-54.06304
-53.10999
-54.47244
-54.34202
-54.71525
-54.82524
-55.31558
-54.43899
-54.56430
-54.41113
-54.24842
-54.30000
-55.44208
-55.16747
-52.66331
-53.34523
-54.79235
-55.51493
-55.51694
-54.48414
-54.56326
-54.46281
-53.64444
-53.85293
-53.25432
-53.32157
-54.86273
-52.61275
-52.08104
-53.18481
-53.88167
-55.38726
-55.87669
-55.69056
-54.49360
-54.62240
-54.33761
-54.40467
-53.94114
-54.18106
-53.29357
-53.49332
-54.94269
-55.15873
-55.97268
-54.46209
-55.77407
-55.03034
-54.18253
-54.93062
-54.31466
-53.65491
-53.85410
-53.18692
-52.70806
-54.41271
-55.84081
-54.90505
-53.93392
-54.99037
-54.22505
-53.50035
-53.93372
-53.37530
-52.56564
-53.43222
-53.65739
-53.36076
-54.15128
-54.98913
-54.32567
-53.51024
-53.99740
-53.76742
-53.52439
-54.19260
-53.70651
-53.22746
-55.17385
-54.94938
-53.35858
-53.44779
-54.43998
-54.51357
-54.95101
-55.47642
-54.00195
-53.81459
-54.13184
-53.86605
-53.24253
-53.71514
-55.63459
-53.55764
-52.48870
-53.94986
-54.33661
-54.17078
-54.29349
-55.38420
-54.57368
-54.34883
-54.29724
-54.20249
-54.65797
-55.08166
-53.86584
-53.55568
-54.47197
-55.74463
-55.90716
-54.81958
-55.58745
-53.46622
-52.97822
-52.39433
-52.65778
-52.40083
-52.40802
-52.35551
-51.65262
-52.29547
-52.16354
-53.15571
-54.02518
-55.16747
-53.82482
-53.76611
-53.59323
-53.65079
-53.40019
-52.83332
-52.97797
-52.33699
-54.09908
-53.94623
-54.79456
-54.61023
-54.54981
-54.92902
-53.70694
-54.32369
-54.42756
-55.32889
-54.98345
-55.31753
-53.00667
-51.51024
-52.15750
-52.37685
-52.97619
-54.01887
-53.96067
-54.17447
-54.81889
-53.76542
-54.59368
-53.90587
-53.83440
-52.22135
-52.04920
-53.01909
-53.05945
-53.90585
-53.64074
-53.91202
-54.21512
-55.04739
-53.93785
-55.03284
-53.76917
-53.23820
-53.34030
-51.82581
-52.68250
-52.19765
-52.69891
-52.61477
-52.88298
-53.26860
-53.89440
-54.97987
-53.67285
-53.49505
-53.66245
-53.42855
-52.90034
-53.03842
-52.94294
-53.49919
-53.79602
-52.94154
-52.87669
-52.99152
-52.95198
-52.53085
-52.76653
-53.25442
-52.80058
-52.87569
-54.06196
-53.56833
-53.52883
-53.78206
-53.50407
-54.17759
-54.39265
-54.09377
-53.74201
-53.74395
-53.13645
-53.57128
-53.31459
-52.88929
-53.34055
-53.51008
-54.02141
-54.29668
-54.09720
-53.59677
-53.98354
-53.83469
-54.06329
-54.12878
-54.12108
-53.39326
-53.19552
-53.61952
-53.80129
-54.70480
-55.30211
-55.69987
-54.60880
-55.23979
-54.74768
-55.36389
-55.27542
-55.21833
-56.11579
-53.95853
-54.18697
-53.98991
-53.90361
-54.36686
-54.33421
-53.58172
-53.73924
-53.39318
-53.59895
-53.61347
-53.76922
-54.57873
-53.49527
-54.41372
-54.12402
-55.17251
-55.93732
-55.78128
-55.70670
-54.71791
-53.91084
-53.01555
-53.07759
-52.48300
-53.04369
-52.90130
-52.55259
-53.15817
-53.75583
-55.05919
-55.43524
-54.85129
-55.25575
-54.89256
-55.12824
-54.62531
-53.33802
-55.44733
-54.50424
-52.53196
-52.70474
-52.61953
-53.35926
-52.85401
-52.38273
-53.03998
-53.87692
-53.86575
-53.32909
-53.20523
-53.94449
-54.29231
-53.09468
-53.92968
-54.23457
-54.05538
-54.90469
-54.67267
-53.60643
-54.17734
-53.66853
-53.89841
-54.43107
-53.65169
-53.80206
-52.89511
-53.59498
-54.37529
-54.00627
-53.05594
-53.21173
-53.00161
-53.59228
-53.99624
-53.92932
-53.66317
-52.59470
-53.41996
-52.38395
-53.02107
-53.99851
-53.95415
-54.01573
-54.26753
-54.21072
-52.71924
-53.49230
-52.87636
-53.08178
-52.99171
-53.02697
-52.92268
-52.56907
-52.98261
-52.58698
-52.95557
-52.24869
-52.26656
-52.40513
-53.07402
-53.84640
-53.99145
-53.00445
-52.60516
-52.09058
-52.49796
-52.97565
-53.05176
-53.66922
-53.96751
-54.12196
-53.47781
-53.23583
-53.42176
-55.18345
-54.63711
-54.65023
-53.87556
-51.94107
-52.41315
-53.15053
-52.99987
-53.02820
-54.12415
-54.65349
-53.43443
-53.02447
-53.23828
-53.56952
-52.69684
-52.87215
-52.49821
-51.97161
-53.15546
-54.00805
-53.50759
-53.84692
-55.12936
-54.24607
-54.75118
-53.67210
-53.41512
-54.18077
-54.15209
-52.84872
-52.01307
-52.31211
-52.97505
-53.89837
-54.36077
-54.60298
-53.84992
-53.70634
-54.20705
-53.68454
-53.77992
-54.90969
-53.84164
-53.77387
-53.93339
-54.13401
-54.10617
-53.82106
-54.17295
-54.12786
-53.73949
-53.22378
-54.11084
-53.96198
-53.72506
-53.90139
-53.02390
-52.94848
-53.18223
-53.59867
-53.96691
-53.84370
-54.07440
-54.02115
-53.18278
-53.23657
-53.13720
-53.28615
-52.97055
-52.59738
-52.91969
-52.56422
-52.76280
-52.90138
-53.51278
-54.37294
-53.27422
-52.39168
-53.19886
-52.85724
-52.78539
-53.68183
-53.45992
-52.74471
-53.67528
-54.44358
-54.27499
-54.14485
-53.65971
-53.52801
-53.41008
-53.60636
-53.32951
-53.35585
-53.91579
-53.31837
-53.18004
-54.18788
-53.82479
-53.70964
-54.03713
-55.16185
-53.53805
-51.11039
-51.81377
-52.75929
-52.29825
-52.92651
-52.53503
-51.79183
-53.05185
-53.92072
-54.51486
-53.16092
-52.19884
-52.35833
-52.50967
-52.77485
-52.98389
-52.84836
-52.85156
-54.02158
-52.19188
-52.14270
-52.85328
-52.78613
-53.86287
-53.68328
-53.97556
-52.47679
-52.63716
-52.62256
-52.33781
-52.42845
-53.28278
-54.14335
-53.95207
-54.43771
-53.97876
-54.42044
-54.11661
-54.46833
-54.38124
-54.11554
-53.83660
-53.11120
-53.41103
-54.01384
-53.19880
-53.64044
-54.16523
-53.81315
-53.55872
-53.90748
-54.08457
-52.83587
-52.80250
-53.14222
-53.20184
-52.60612
-53.44043
-53.36740
-51.98425
-53.59846
-54.60326
-53.84176
-53.56017
-54.04030
-54.38422
-53.26700
-53.72359
-52.95852
-52.88922
-53.63932
-53.31908
-53.00882
-53.86411
-53.48846
-53.11372
-53.11536
-52.19709
-52.17377
-52.21265
-53.35814
-53.23551
-52.74349
-52.18358
-52.99874
-52.79838
-53.01340
-53.42518
-52.93540
-53.42303
-53.28639
-52.96214
-53.79577
-56.33135
-56.05587
-54.82515
-53.87823
-54.66247
-53.19089
-52.54650
-54.48828
-54.30953
-53.62995
-53.74036
-54.50247
-54.16576
-54.05983
-54.04440
-53.78049
-53.73414
-53.55716
-53.18546
-53.15963
-53.11287
-53.33427
-53.26731
-53.26690
-53.93418
-53.02544
-54.18361
-53.66367
-53.11078
-53.79566
-53.00781
-54.00543
-53.46532
-53.27870
-53.97812
-54.52709
-54.48800
-54.94565
-54.67654
-54.52848
-54.02117
-53.75795
-54.62128
-53.61081
-54.70712
-53.62417
-53.87253
-54.89480
-53.88241
-53.92875
-53.57727
-53.69332
-53.74529
-55.04703
-54.72384
-54.10885
-54.74026
-55.32754
-53.81154
-53.56033
-54.06335
-53.72931
-53.82883
-53.29118
-54.47920
-53.09848
-51.79792
-52.78525
-53.15403
-53.21936
-53.57085
-52.60234
-52.58106
-53.92839
-53.81728
-53.45448
-53.77445
-53.95832
-54.02091
-53.80512
-53.20284
-53.42691
-53.48447
-54.09135
-52.95331
-52.37821
-53.61648
-53.59516
-53.09316
-52.99108
-53.35568
-53.42571
-53.83155
-53.20677
-54.23776
-54.15346
-53.34104
-53.74980
-53.17108
-53.78023
-53.37347
-54.65114
-55.15538
-55.50345
-55.50640
-55.04515
-54.45091
-53.93517
-54.67420
-54.06571
-54.93328
-54.15330
-54.54204
-55.56645
-55.22909
-55.69686
-55.27780
-54.26040
-54.02263
-54.02286
-54.29348
-55.06813
-55.47145
-55.73435
-54.46888
-52.97201
-53.35332
-54.15064
-54.59943
-54.96442
-55.09268
-54.46798
-54.36913
-53.67154
-53.94602
-54.48215
-54.30024
-55.03972
-52.32038
-52.02003
-52.66193
-53.43820
-54.29461
-54.08945
-54.14859
-53.80687
-53.94815
-53.87225
-53.27744
-54.30267
-54.64894
-53.00198
-53.37638
-53.74033
-53.69527
-53.66429
-53.59817
-53.68653
-54.41436
-54.37520
-54.40554
-53.47789
-54.32388
-54.17486
-53.29804
-54.51413
-54.65439
-53.86167
-53.28642
-53.52436
-53.09496
-53.52974
-54.63882
-54.74290
-54.39247
-55.28695
-54.83822
-52.88986
-52.05649
-52.69762
-52.85775
-53.45667
-53.18643
-53.01805
-54.07620
-53.87735
-53.55467
-53.62168
-53.24678
-53.64712
-53.50186
-52.87790
-53.98073
-53.91793
-53.61288
-54.12789
-54.20093
-53.69092
-53.95688
-53.33071
-53.35751
-53.64118
-53.89549
-53.55657
-52.58700
-52.13409
-51.89706
-52.50488
-53.45162
-53.62931
-53.59267
-53.62767
-52.98942
-53.86667
-53.69147
-53.71840
-53.81750
-53.11400
-53.52524
-53.80808
-53.64396
-53.75594
-54.10452
-54.01902
-53.96724
-53.66318
-53.75755
-53.78666
-53.05429
-53.37581
-52.77605
-53.01754
-53.06931
-52.92766
-53.43289
-52.91283
-55.39448
-53.88583
-53.50039
-53.91776
-53.54980
-54.03014
-53.63380
-53.64358
-52.07069
-52.82635
-53.23706
-54.34003
-54.27159
-53.66870
-53.58950
-53.82865
-54.31077
-53.58922
-53.79889
-54.20721
-54.75841
-52.92490
-52.61414
-52.91191
-52.74873
-52.46643
-53.18463
-53.15912
-52.57924
-53.53637
-53.18362
-53.41319
-52.85834
-53.10574
-53.20318
-53.96528
-53.88318
-53.45918
-54.58397
-53.65987
-54.36547
-53.95116
-53.69228
-54.31314
-54.41159
-53.98758
-54.64428
-53.64986
-53.24027
-54.07794
-53.48197
-54.53281
-53.76483
-53.94068
-53.82120
-54.00027
-53.74509
-53.19712
-54.28704
-54.20776
-53.05209
-52.53789
-53.01672
-53.79289
-54.23592
-53.86277
-54.72637
-54.27536
-54.01031
-54.25127
-54.44251
-54.13233
-54.41776
-54.76130
-53.55675
-54.22610
-54.44837
-54.38738
-54.19972
-54.64900
-54.41333
-53.98510
-54.00297
-54.52881
-54.79144
-54.42832
-55.36181
-53.43354
-53.32152
-54.52243
-55.07914
-55.19895
-55.08220
-55.22371
-55.05687
-54.90545
-54.31290
-55.12159
-54.52743
-54.01410
-53.88001
-53.43134
-54.02169
-54.30597
-55.53767
-54.50116
-54.36518
-54.88359
-53.82651
-54.48756
-53.53953
-53.34963
-54.42567
-54.14458
-53.25165
-53.87908
-55.28422
-56.06645
-54.67254
-55.17735
-54.88636
-53.76759
-54.88811
-54.13622
-52.90068
-53.26454
-54.49617
-53.39120
-53.33034
-53.27485
-53.31681
-53.90235
-53.51458
-53.55185
-53.85352
-53.92055
-53.44332
-53.18937
-53.83327
-53.37416
-51.97645
-52.58003
-53.60182
-53.54449
-53.45520
-53.14284
-53.65232
-53.40850
-52.52340
-53.63740
-53.94181
-53.59267
-54.23481
-53.43195
-52.55451
-53.16209
-54.44359
-53.32751
-52.90449
-53.73389
-52.93628
-53.40657
-53.36746
-52.74548
-52.56890
-52.93667
-53.04359
-53.33748
-53.45154
-53.05607
-53.25847
-52.73445
-52.79160
-52.72625
-52.84807
-53.35159
-53.84222
-53.55645
-53.10187
-52.93390
-53.40955
-53.59830
-52.60486
-53.28082
-53.18595
-53.84580
-54.12313
-53.76504
-54.42189
-54.16483
-54.24389
-53.38504
-53.58794
-53.01704
-54.14164
-54.81617
-53.89205
-53.41067
-53.61751
-55.28376
-54.53973
-54.23682
-54.00664
-54.13337
-53.17183
-52.97986
-53.41755
-53.17270
-53.17987
-53.65087
-53.51772
-54.14414
-54.24021
-54.10268
-54.10911
-52.75584
-53.53377
-53.05331
-53.70810
-53.39576
-53.34096
-54.43566
-54.84999
-54.68611
-53.95223
-54.70179
-53.49296
-53.42767
-53.79699
-54.26569
-53.65091
-52.99424
-53.31903
-53.14260
-52.20664
-51.93224
-52.57070
-52.04531
-53.55697
-53.80225
-53.36678
-53.55064
-53.78209
-54.18712
-53.76883
-54.80153
-53.85939
-53.76568
-53.33480
-53.81460
-53.43914
-54.09952
-53.21784
-50.51571
-52.65850
-52.86239
-52.61290
-52.65337
-52.76167
-53.19329
-53.61619
-53.63017
-52.95763
-53.68103
-53.08054
-53.35051
-53.08346
-52.58638
-52.56477
-52.04322
-52.47878
-52.57221
-52.81709
-53.47407
-53.10011
-52.72440
-52.84042
-52.90761
-53.52468
-52.97381
-53.03510
-53.75550
-52.95683
-53.07281
-53.06409
-53.19556
-52.83088
-53.04644
-52.83730
-53.14801
-53.08502
-53.28568
-53.85838
-53.85154
-54.11740
-52.86438
-52.55099
-52.67359
-53.09151
-52.69714
-53.96531
-54.11889
-54.06847
-54.28409
-53.68786
-54.03214
-53.87383
-53.40240
-52.74791
-52.97117
-53.13733
-53.40490
-53.07154
-53.22733
-52.92523
-53.80281
-55.56216
-54.53009
-52.89073
-52.50960
-52.41171
-52.24745
-53.24858
-53.62710
-54.21777
-53.31445
-52.39927
-52.86988
-53.57056
-54.30186
-53.74514
-54.13681
-53.46434
-53.48198
-53.67315
-53.27072
-53.34951
-52.93026
-53.74408
-53.09705
-52.50204
-52.72120
-53.48297
-53.69391
-53.24680
-53.45751
-54.05704
-54.26634
-54.39216
-54.60778
-54.01530
-53.48274
-53.10454
-53.54292
-53.33522
-53.16258
-52.88940
-53.47861
-54.12750
-54.21821
-53.48091
-53.81855
-54.36439
-53.69706
-54.08612
-52.50844
-53.34045
-53.98320
-53.03842
-53.32658
-53.07632
-53.52719
-53.48139
-53.30444
-53.57007
-53.30308
-52.76956
-53.31995
-53.13732
-52.88997
-53.04174
-53.24117
-53.76054
-52.93590
-53.03215
-52.97683
-52.66925
-52.86546
-53.44614
-53.67624
-53.92949
-54.18962
-53.34047
-53.18363
-53.16548
-53.59190
-54.69326
-54.32605
-53.63476
-53.39642
-52.83696
-52.91745
-53.32276
-54.00874
-54.23027
-54.27463
-54.82493
-54.65912
-53.18931
-53.40945
-54.08217
-54.34782
-55.31191
-55.29528
-54.34478
-53.89677
-54.26398
-54.49913
-53.68584
-53.31534
-54.90043
-54.55015
-54.86829
-54.50192
-53.90674
-53.89138
-54.10343
-54.98860
-54.37579
-54.12393
-54.28769
-54.13788
-54.29903
-54.64700
-54.64590
-54.23046
-54.19403
-55.29209
-53.74392
-54.20991
-54.09074
-53.82245
-54.87512
-54.66240
-54.16169
-51.71785
-51.78537
-52.77728
-53.69327
-54.21071
-53.79384
-53.71233
-53.46369
-53.30200
-53.51001
-53.43918
-54.13093
-55.14546
-53.52118
-53.90017
-53.60431
-53.40338
-54.39264
-53.28632
-53.65733
-54.56309
-53.43458
-53.60158
-54.50655
-53.78846
-54.01701
-53.39252
-53.06775
-53.32213
-53.16053
-53.20104
-53.98857
-54.69008
-53.76689
-53.57345
-54.06376
-54.09090
-53.90578
-54.42938
-53.98782
-53.67259
-54.47580
-54.67330
-54.86731
-54.93041
-55.36635
-54.72582
-54.28081
-54.31747
-53.32823
-54.21615
-54.27896
-53.50578
-53.69574
-53.92863
-53.64458
-54.10144
-54.47423
-53.89371
-53.65518
-53.43278
-53.72982
-53.76233
-55.03950
-54.89403
-54.04422
-53.31960
-53.34219
-53.94957
-54.24176
-54.18458
-53.77480
-53.33963
-50.93121
-51.04194
-52.38311
-52.85329
-53.25382
-53.30120
-53.51085
-53.59704
-53.53721
-54.67853
-55.15315
-54.40874
-54.43504
-52.20575
-52.32881
-53.72176
-53.44204
-53.14438
-53.53128
-54.26900
-53.71223
-54.32005
-55.27463
-55.08050
-55.06598
-54.73010
-53.39082
-53.57753
-53.94405
-53.92621
-54.05699
-54.51098
-54.25503
-53.35205
-53.73616
-53.75420
-53.62990
-52.24622
-52.28609
-52.37521
-52.56192
-53.47664
-53.67091
-53.90376
-53.85926
-53.76597
-53.86029
-54.70098
-54.33805
-54.28674
-53.47463
-53.56044
-53.29809
-53.19381
-53.17323
-53.40437
-53.75509
-54.23239
-54.53516
-52.00982
-52.21294
-53.12307
-53.84252
-54.83852
-55.01781
-54.62543
-54.15841
-54.73316
-54.72436
-54.51808
-54.18644
-53.64496
-53.92624
-53.68361
-54.13730
-54.98641
-55.17760
-55.31193
-55.49227
-55.28840
-54.73060
-55.39814
-55.50815
-55.33137
-55.51176
-55.01345
-54.51310
-54.46062
-55.04917
-55.79044
-55.32804
-55.77075
-55.34454
-55.52417
-55.40419
-54.53579
-54.95116
-55.50455
-55.90141
-55.28293
-55.32363
-56.12099
-55.91931
-54.72016
-54.76014
-55.29554
-55.67065
-56.58003
-57.01007
-55.71016
-55.18848
-54.92095
-54.94536
-55.44349
-56.10792
-56.52558
-56.48709
-56.55741
-56.51222
-56.83809
-56.24508
-56.47271
-56.73580
-57.09117
-56.22170
-55.34265
-55.35068
-54.82174
-54.86902
-55.96554
-56.82260
-56.14009
-55.12229
-55.16919
-56.34527
-56.20612
-56.36223
-55.91128
-55.99536
-55.66947
-54.68490
-55.13704
-55.52746
-56.19961
-56.23561
-54.93769
-54.92855
-55.57877
-55.38043
-56.45571
-55.91492
-56.16278
-56.50647
-55.71882
-56.24077
-56.05769
-55.83765
-55.52464
-55.05820
-55.59169
-55.56857
-55.46080
-55.61561
-55.91057
-56.58459
-54.86767
-54.21285
-54.16118
-53.98176
-53.53036
-53.37932
-54.28767
-54.01877
-54.50641
-55.31116
-55.26441
-55.40194
-55.33441
-55.58347
-56.02195
-55.92249
-56.19887
-56.30350
-55.80065
-56.71366
-57.06305
-55.38420
-54.77911
-55.53334
-55.61893
-55.39215
-55.59220
-55.54151
-55.69187
-56.23888
-56.46175
-56.27012
-55.63927
-55.50855
-56.06472
-56.27335
-55.94334
-56.04551
-56.13800
-55.63598
-56.20118
-56.83408
-57.57079
-55.94772
-55.25371
-55.73574
-55.45407
-56.59479
-57.06942
-57.37078
-57.35045
-57.02437
-56.37342
-55.20484
-54.69336
-55.48674
-55.51634
-55.16158
-55.72234
-56.07412
-56.18370
-56.77978
-55.71781
-54.91159
-56.21212
-55.40079
-55.14535
-55.87950
-56.43078
-56.41772
-56.71018
-57.25304
-56.13038
-55.83532
-56.23911
-56.95123
-57.08745
-56.21863
-55.61931
-55.86374
-54.72501
-55.16985
-55.45419
-53.78600
-54.33471
-54.72886
-54.98881
-55.26709
-55.74453
-55.94103
-55.54859
-55.56380
-56.03303
-56.06623
-55.50776
-55.34206
-56.00227
-56.91421
-56.26882
-56.03167
-55.36319
-55.16711
-54.93473
-54.92286
-54.89308
-55.59735
-55.15679
-54.64942
-55.65817
-54.72895
-55.00083
-55.10490
-55.58811
-56.04011
-55.80149
-55.38047
-55.85607
-56.44256
-56.53222
-56.20284
-56.41020
-58.12971
-56.88595
-56.81228
-56.36569
-56.63363
-56.56491
-56.38638
-56.15342
-54.83596
-56.10823
-55.41290
-55.15813
-55.14638
-55.72183
-56.45587
-55.81581
-56.33945
-56.25462
-56.00772
-56.42560
-56.38943
-56.13744
-57.48415
-57.13116
-56.85221
-56.96391
-57.57452
-56.26820
-55.66954
-55.77034
-55.39725
-55.82609
-55.58307
-56.07613
-56.19081
-56.55190
-55.79207
-55.54059
-55.42555
-55.95321
-55.83085
-56.07386
-56.74981
-56.19078
-56.59205
-56.59842
-56.87115
-56.38883
-56.35064
-56.80277
-56.93289
-56.80921
-56.57488
-56.84914
-56.42416
-56.14126
-56.08261
-56.80350
-57.42170
-56.80621
-56.44030
-56.88566
-57.34638
-56.89062
-57.50322
-56.48868
-56.19342
-56.28539
-55.63043
-55.72426
-55.28925
-55.17592
-54.68016
-54.90889
-55.87946
-56.42807
-57.01872
-56.68197
-56.05464
-55.68551
-55.39853
-55.63550
-55.38746
-55.37563
-55.82415
-56.07085
-56.20949
-56.37448
-55.78284
-56.24789
-56.68734
-55.67164
-56.22638
-56.30246
-56.05833
-56.02799
-56.03522
-56.31056
-56.52449
-57.20507
-56.52730
-56.60971
-57.71036
-57.83500
-57.37454
-56.37683
-56.18665
-56.23874
-56.49900
-56.77500
-56.38950
-56.38026
-56.48009
-56.97007
-57.27870
-57.64519
-57.24125
-56.95636
-56.96196
-56.27398
-56.19291
-56.32394
-56.51186
-56.11385
-56.12767
-56.23497
-56.79355
-57.09312
-56.82699
-57.23624
-57.94099
-58.09824
-57.58024
-57.36919
-56.40958
-55.58063
-56.14059
-56.84428
-56.95201
-56.47723
-56.54400
-56.97868
-56.20419
-55.29434
-54.77915
-55.35363
-56.25039
-56.17259
-55.85076
-56.01770
-56.40308
-57.04485
-57.45155
-57.23259
-57.36539
-57.83062
-58.57014
-58.93517
-58.44869
-58.29444
-57.42681
-57.34504
-57.41647
-57.82670
-57.85604
-57.36456
-56.77403
-56.25916
-57.55677
-57.47979
-56.26458
-55.55777
-55.74527
-56.29488
-56.78654
-55.71575
-55.70603
-55.60270
-55.92613
-55.87051
-56.02845
-57.60672
-56.57671
-55.07411
-55.23553
-55.89673
-55.45755
-55.71828
-55.21071
-56.04647
-56.59228
-55.93399
-56.05002
-57.42415
-56.81876
-56.78990
-54.36693
-53.09761
-54.53520
-54.77590
-55.78658
-54.86920
-55.20544
-55.52017
-54.88529
-54.59257
-55.40151
-56.61506
-57.33195
-56.20223
-54.99173
-54.40854
-54.97245
-55.79980
-55.91553
-56.06809
-56.36813
-57.68217
-56.69888
-55.71617
-55.24000
-55.37004
-55.93661
-56.21555
-56.49334
-57.17742
-56.02574
-55.38073
-55.36905
-55.31226
-56.13171
-56.65932
-57.27691
-56.70656
-56.55884
-56.24347
-55.51518
-56.00321
-56.54934
-57.27126
-56.43217
-55.59711
-55.02647
-54.58198
-55.62646
-55.51770
-55.31832
-55.35482
-54.95429
-53.74324
-53.65309
-54.40272
-54.86616
-55.01412
-54.87148
-55.21603
-55.58674
-56.49280
-55.91771
-55.13821
-55.12583
-55.28369
-55.12503
-54.99374
-55.07787
-55.17278
-55.65123
-56.33901
-56.12313
-55.76043
-55.68811
-55.99672
-56.96914
-56.56951
-55.26453
-55.26238
-55.76080
-54.81104
-54.52290
-55.01113
-55.74314
-56.50111
-56.56485
-55.80557
-55.27051
-55.34519
-55.83451
-56.19396
-56.31492
-55.99664
-56.32542
-56.65538
-56.14917
-55.08432
-54.52886
-55.01997
-55.55989
-56.49521
-56.41505
-56.01663
-55.99333
-57.28340
-55.61473
-53.88200
-53.49017
-53.56692
-53.82358
-53.79687
-53.99506
-53.43939
-53.92151
-54.19363
-54.64064
-54.67270
-54.60740
-54.80948
-54.79008
-55.11307
-54.93538
-54.92298
-54.84025
-54.90753
-55.30443
-55.73745
-55.62192
-55.35677
-55.67591
-55.11357
-55.02091
-55.03212
-54.54258
-54.93186
-56.38398
-56.35998
-55.12507
-55.25977
-55.07207
-55.19742
-55.12879
-54.70755
-54.61542
-55.79547
-56.00880
-56.03915
-56.61332
-55.97272
-55.57775
-55.12152
-55.39015
-55.46664
-56.73930
-56.87432
-56.80164
-56.36299
-56.26004
-54.22694
-52.41016
-53.65018
-54.20197
-55.11496
-55.02042
-55.13487
-55.68905
-56.14385
-55.94967
-55.67349
-55.97769
-56.28297
-56.27867
-56.03614
-55.95682
-56.07409
-56.41590
-56.54187
-57.08523
-55.66745
-55.87150
-55.44335
-55.62635
-56.97603
-56.84496
-58.29909
-56.52619
-55.25516
-55.48708
-55.67082
-56.05233
-55.93274
-56.63312
-56.13424
-55.67624
-55.80865
-55.68137
-55.42102
-55.24917
-56.09168
-56.72801
-56.07641
-56.12973
-56.26166
-56.44057
-56.20723
-56.03435
-56.31928
-55.52225
-55.77103
-55.68926
-56.39903
-54.96995
-54.78269
-55.98722
-55.36295
-55.61898
-55.16005
-55.12531
-55.11676
-55.58028
-55.34389
-55.06271
-55.38335
-55.73952
-54.82172
-54.94264
-56.05976
-56.01723
-56.59772
-56.38793
-56.11741
-55.94344
-55.89562
-56.59614
-56.54395
-56.38886
-56.16484
-55.87817
-56.51804
-57.20563
-57.16565
-56.27326
-56.35221
-56.27240
-56.00580
-55.49913
-56.35829
-56.64866
-56.41866
-56.25831
-55.60822
-55.09743
-54.32934
-55.90609
-56.20956
-55.05745
-54.73969
-55.23062
-55.83582
-56.33891
-56.39341
-56.80928
-56.68913
-56.45182
-54.26819
-53.48904
-54.62588
-54.54018
-55.24383
-54.38548
-54.36119
-54.85897
-54.80468
-54.81236
-55.10885
-55.72424
-56.11569
-55.47934
-55.19100
-55.91887
-55.88349
-54.87488
-54.49369
-54.77986
-55.73581
-56.25202
-55.99060
-55.94435
-55.29086
-55.07316
-54.65765
-54.78063
-54.99115
-55.89431
-56.07191
-56.65264
-56.24829
-55.51483
-55.99665
-55.99015
-56.65414
-55.60895
-55.61835
-55.75170
-56.18848
-55.87128
-56.37001
-56.87290
-55.04324
-55.62622
-55.41639
-55.65128
-55.27530
-56.81161
-57.68927
-55.41436
-55.62749
-54.67968
-54.21819
-54.00373
-53.28945
-53.31437
-53.85257
-53.73838
-53.56712
-54.13667
-54.84034
-55.40610
-55.23910
-54.75566
-55.23119
-55.13785
-55.77252
-56.07072
-56.39360
-56.31497
-55.75275
-56.73914
-55.62788
-55.46899
-55.94035
-56.90243
-57.22694
-55.68706
-55.04073
-55.29907
-55.96265
-55.95395
-56.03819
-57.16906
-56.04841
-55.91780
-56.68296
-56.25623
-56.20755
-57.17341
-58.52883
-57.99697
-57.36968
-55.19246
-55.11099
-55.72792
-56.99267
-56.14114
-55.05952
-54.78535
-55.94961
-56.21557
-55.11700
-55.84024
-51.99874
-52.52730
-54.08596
-54.35526
-55.48137
-55.17104
-55.42979
-55.28557
-55.67457
-55.80999
-55.67441
-55.71050
-55.84143
-55.38886
-55.74024
-55.86312
-57.55476
-57.50897
-57.90930
-58.19092
-56.03260
-56.29796
-56.21170
-57.01364
-57.59922
-57.26266
-54.12253
-52.81344
-55.70587
-55.87539
-55.40224
-55.66739
-56.05858
-55.48195
-55.79883
-55.37384
-56.05681
-57.31034
-56.16880
-56.43474
-55.25966
-55.49243
-55.60007
-56.40677
-55.68738
-57.03030
-53.89288
-54.09068
-57.97263
-57.17324
-56.60066
-55.75997
-56.51955
-51.80449
-53.19070
-57.97339
-57.36813
-55.33948
-54.92201
-55.53986
-55.85446
-56.83946
-56.20693
-56.60214
-56.08549
-55.82067
-56.11573
-56.55403
-55.84718
-56.12491
-56.26352
-56.32421
-56.12286
-55.92562
-55.93886
-56.04793
-56.36305
-55.37401
-56.05284
-53.85858
-53.20798
-54.46272
-54.49752
-55.80044
-55.84738
-56.13960
-55.72553
-56.39305
-56.59486
-55.47885
-55.07092
-54.62182
-55.36716
-55.11270
-55.69606
-55.95733
-56.44308
-56.34437
-55.71081
-56.44665
-57.36392
-58.24839
-57.15878
-57.08993
-55.13168
-54.80870
-53.40412
-53.86159
-55.71755
-54.66028
-56.26577
-56.33842
-55.34018
-55.10110
-56.07468
-55.45539
-55.61904
-55.98572
-56.17809
-55.06662
-55.73565
-56.10844
-54.89865
-55.14420
-56.12419
-56.61812
-54.93957
-55.82232
-56.66219
-58.31955
-56.98492
-57.32293
-53.50714
-52.32176
-56.16716
-55.73169
-55.08024
-55.59618
-55.88188
-55.24581
-56.12942
-55.57843
-53.81694
-52.91907
-55.57243
-55.70646
-54.86816
-55.89172
-54.90304
-55.93673
-55.64393
-55.94770
-55.32022
-54.25856
-55.64981
-56.02327
-55.56672
-57.01325
-57.23426
-53.61337
-53.62207
-55.59310
-55.98474
-55.27864
-54.62531
-55.29551
-55.44544
-57.12927
-56.88987
-56.88183
-57.52319
-58.45107
-56.74095
-56.06693
-57.65653
-58.09063
-58.05739
-55.71822
-55.79068
-56.33123
-56.97440
-57.11400
-57.50968
-56.17654
-56.40877
-53.61631
-53.54304
-56.73269
-55.77108
-56.13994
-55.78939
-55.94202
-55.71636
-55.92891
-55.47404
-56.29074
-55.98205
-56.19536
-54.96501
-55.13779
-56.97104
-56.36486
-56.31132
-55.57502
-55.91572
-55.80564
-57.40501
-57.49147
-57.73204
-57.14662
-57.06529
-55.99304
-52.96325
-54.23152
-54.85917
-54.78734
-55.84494
-56.63232
-56.23890
-56.15740
-57.35669
-56.02520
-57.31834
-57.79411
-56.24685
-55.65083
-56.91925
-57.19853
-55.40323
-55.95010
-57.04443
-55.30759
-54.90587
-56.89266
-58.49185
-58.76969
-57.84561
-56.84228
-52.97750
-52.55151
-55.63385
-56.38594
-55.84106
-55.86761
-55.41907
-55.22933
-55.18738
-55.20854
-54.00060
-54.17751
-55.74037
-55.57904
-55.78539
-55.45762
-55.05213
-54.69297
-55.30619
-55.88069
-53.47095
-53.96299
-55.17776
-54.52119
-53.88982
-53.60548
-54.02751
-52.50164
-53.98811
-54.76416
-54.29318
-54.99677
-55.57288
-55.74891
-55.18618
-55.79859
-56.40450
-56.86579
-55.95445
-56.15529
-56.71410
-56.51292
-56.66698
-56.12141
-55.60357
-55.46374
-54.86040
-55.78822
-55.96893
-56.45481
-56.20289
-56.56242
-57.10769
-53.72518
-53.99693
-56.68275
-56.57752
-56.30410
-56.70359
-56.75285
-56.79160
-56.89073
-57.26520
-56.72353
-56.52825
-56.26530
-55.95190
-56.40803
-56.83128
-57.93093
-57.17244
-55.72426
-55.69616
-55.71793
-56.11005
-56.75918
-57.70770
-56.77936
-56.49160
-54.76315
-52.88935
-55.14228
-56.34434
-56.62572
-55.95046
-55.82814
-56.96895
-56.89606
-56.02277
-54.86945
-54.96540
-56.64347
-55.47584
-54.67164
-56.53763
-56.45579
-57.49385
-56.66860
-56.94467
-56.25392
-56.83063
-56.72337
-56.94213
-57.51178
-57.05762
-56.75363
-52.03954
-52.99567
-55.02133
-55.29773
-56.45649
-56.14587
-56.25802
-55.59954
-55.20334
-55.61416
-54.66046
-54.20490
-56.26168
-55.54726
-55.34163
-55.71956
-56.09015
-56.64817
-55.64734
-57.51933
-54.69445
-54.59021
-57.43404
-56.41364
-56.10158
-56.50940
-54.98380
-52.03704
-54.18433
-54.45237
-54.79756
-54.93703
-54.73926
-55.87288
-55.41932
-56.28645
-55.82829
-56.32148
-55.84217
-56.08426
-54.58460
-55.42470
-55.91270
-55.75607
-55.21942
-55.46595
-55.49745
-55.12080
-56.07931
-55.46034
-56.40039
-56.26240
-56.61531
-52.22339
-53.48416
-56.29116
-55.10003
-56.17985
-55.40738
-55.65406
-55.46104
-56.26108
-56.33122
-56.25314
-55.62844
-56.55073
-55.95791
-55.55627
-56.61185
-56.36998
-56.06404
-55.35378
-55.97363
-56.58040
-55.69204
-56.11494
-56.89630
-55.63583
-56.96873
-54.08356
-52.15195
-55.53459
-55.00989
-54.22155
-55.18199
-55.96958
-56.33180
-55.53737
-56.89707
-53.64524
-52.22831
-55.23655
-56.47194
-56.40812
-56.55398
-56.48573
-56.09183
-56.02879
-56.92448
-56.50189
-56.06348
-56.36506
-56.61557
-57.12561
-58.12910
-56.64568
-52.38506
-52.70516
-54.52433
-53.50484
-53.38468
-53.22482
-53.14186
-53.76649
-53.48825
-54.00375
-53.15197
-53.39919
-54.87144
-53.53321
-53.68376
-52.88112
-53.80471
-53.22192
-53.42452
-54.78693
-53.61467
-53.67639
-54.08836
-53.94980
-53.49818
-54.20578
-52.70253
-53.12403
-54.14660
-54.08211
-54.15852
-53.49723
-53.92638
-54.45609
-54.70917
-55.23669
-54.64781
-54.05857
-55.20580
-54.06338
-52.78715
-53.77911
-54.14532
-54.59536
-54.77326
-54.49830
-54.63176
-55.03288
-54.63501
-53.64797
-53.12533
-53.46843
-53.96286
-51.91841
-53.59378
-54.65317
-53.35208
-54.81418
-55.93336
-55.47322
-54.84937
-55.39679
-55.06762
-55.32884
-55.13653
-55.73720
-54.52018
-54.68463
-55.51346
-54.83495
-55.64309
-55.45745
-54.76229
-54.51433
-54.75991
-55.61474
-56.96611
-55.60255
-55.98366
-53.05353
-52.79353
-55.48560
-54.61071
-55.93694
-56.21208
-56.21650
-55.41120
-55.51160
-55.64256
-54.57456
-53.84985
-54.03000
-54.19218
-54.59042
-55.25926
-56.39266
-56.16960
-55.85734
-56.36350
-54.19758
-54.38267
-54.65946
-54.87971
-54.66718
-54.38637
-54.21718
-52.15215
-53.48169
-55.55008
-54.34891
-55.59313
-54.82235
-55.17207
-55.84123
-57.23253
-56.95079
-52.95486
-54.67802
-54.97910
-54.09941
-55.03736
-55.42431
-57.18044
-56.17064
-55.70448
-55.23410
-53.46257
-54.95521
-55.84694
-55.28018
-55.15242
-56.30236
-53.76738
-52.10210
-54.06850
-54.75051
-54.39223
-53.05994
-53.98225
-54.01875
-54.26985
-54.35983
-53.40353
-54.24900
-54.35522
-54.09692
-53.64285
-53.56014
-55.20607
-55.83089
-54.66898
-55.10157
-53.93241
-54.20905
-54.84507
-55.31183
-55.24863
-55.93578
-54.94116
-52.25049
-53.58651
-53.76116
-54.19010
-54.90433
-55.35988
-56.23175
-57.74885
-57.41099
-56.70569
-55.00727
-54.97158
-55.72405
-52.83156
-53.53070
-54.07505
-54.60522
-54.34035
-54.63516
-55.22251
-55.19666
-56.79425
-56.95611
-56.94098
-57.13210
-57.37827
-52.59677
-52.89694
-56.28946
-55.09470
-55.90332
-56.89715
-56.47547
-55.62213
-56.76951
-55.96924
-53.43861
-53.80269
-56.09070
-53.55450
-52.58143
-53.93254
-54.59313
-54.46130
-55.14518
-55.89173
-53.39119
-53.74828
-54.68021
-54.82113
-54.70859
-55.30863
-53.81576
-52.34504
-54.54209
-55.87726
-53.87271
-54.71022
-54.83586
-54.17676
-54.69799
-54.71057
-54.21333
-52.59059
-55.05445
-54.60827
-52.36352
-54.25457
-55.30855
-55.75326
-54.72396
-55.65657
-55.40494
-52.62649
-54.72130
-56.05325
-55.84191
-54.34815
-54.44592
-52.18700
-52.26629
-55.16373
-54.24015
-54.61345
-54.06346
-55.06750
-54.45776
-55.22199
-54.89476
-54.55650
-55.36487
-55.62074
-54.97001
-53.90298
-55.42552
-57.22767
-56.16161
-55.99989
-56.12183
-55.01887
-55.54814
-54.78442
-54.87869
-54.88994
-55.82025
-54.50579
-52.68280
-54.69894
-56.19576
-55.62932
-55.16128
-55.26452
-55.51105
-56.35362
-56.80261
-56.56099
-56.51597
-56.31152
-57.20986
-55.21175
-55.06658
-56.93912
-57.23105
-56.68565
-55.81879
-55.47213
-55.07946
-55.81944
-56.69370
-57.38745
-57.50209
-56.51192
-52.17602
-52.99647
-56.07254
-55.24850
-56.54464
-57.40040
-56.59742
-55.80533
-56.73877
-55.89332
-55.54777
-56.56276
-57.02246
-55.61326
-56.32754
-57.06127
-57.11245
-56.89344
-56.40384
-56.21770
-54.15913
-54.83576
-55.09612
-55.06583
-55.00807
-55.03569
-53.51648
-51.85069
-53.90130
-54.52052
-53.85890
-54.73572
-55.25161
-55.67506
-54.95836
-57.14283
-54.72825
-52.67043
-55.69964
-55.79823
-54.40592
-56.20327
-56.84662
-56.83247
-56.64840
-56.71899
-56.76516
-54.16418
-57.04254
-56.61523
-55.75141
-56.48767
-57.51233
-52.75784
-52.60005
-56.33010
-54.97080
-55.90789
-54.88233
-55.43392
-55.02946
-55.64135
-55.25109
-55.47276
-54.88448
-55.22224
-54.18902
-54.51795
-55.60622
-56.23998
-56.70868
-56.74749
-56.80126
-54.47510
-55.36523
-55.02396
-56.49288
-55.56367
-56.84526
-54.45573
-52.24938
-55.26573
-55.69914
-54.78795
-55.79360
-55.80864
-55.39304
-55.54392
-55.11597
-56.51007
-56.72883
-57.79813
-57.26005
-54.84346
-55.23520
-56.72438
-56.22078
-56.56288
-55.64257
-55.38231
-56.13459
-55.78551
-56.31202
-56.90946
-57.54664
-55.93453
-51.96336
-53.00670
-55.46465
-54.85849
-56.69921
-56.04937
-55.99856
-54.98111
-56.71970
-55.89584
-53.70763
-55.55242
-55.98895
-56.49320
-56.27653
-55.56985
-55.41311
-55.90509
-56.26087
-54.88220
-54.97728
-56.51441
-57.37643
-58.06209
-56.40070
-56.79434
-54.48456
-51.78872
-54.62232
-54.83263
-53.82540
-55.91489
-55.74201
-56.77089
-55.12758
-54.97889
-54.56206
-52.53309
-54.59933
-54.29087
-52.92857
-54.25164
-54.17552
-54.55742
-54.35053
-54.70650
-53.98840
-53.61201
-55.35953
-55.13919
-55.02981
-54.83009
-54.18888
-51.63340
-52.91748
-53.78880
-53.56597
-54.51134
-53.66006
-53.65854
-53.40181
-53.57164
-52.94612
-51.71276
-52.34704
-54.64027
-53.87722
-52.97243
-53.09245
-53.59818
-53.98584
-53.87037
-54.37777
-54.82078
-54.68679
-55.24931
-55.01834
-54.04362
-54.45723
-53.10657
-52.42767
-53.49525
-53.46404
-54.11741
-55.01173
-55.53196
-55.07683
-55.16640
-54.94147
-54.48636
-53.85828
-54.36860
-54.79044
-54.40814
-54.61087
-52.98055
-53.63213
-53.62201
-53.52656
-54.09376
-54.50584
-53.96934
-54.79602
-54.95354
-55.72706
-55.31541
-51.43749
-53.62986
-54.59924
-53.51439
-54.36284
-55.14835
-54.83871
-53.89162
-55.46628
-54.68947
-53.11259
-54.45543
-55.93749
-54.13376
-53.96315
-53.98047
-53.62515
-53.72580
-54.30053
-55.16792
-53.95002
-54.59116
-55.63064
-54.90690
-54.82044
-54.41541
-52.49277
-51.98948
-53.36759
-53.20244
-52.88017
-54.34884
-54.90721
-55.62709
-55.18770
-54.44889
-52.61671
-52.19540
-54.28016
-53.96444
-53.93565
-53.93134
-54.57682
-54.35632
-53.83469
-54.15607
-53.93410
-53.54573
-53.69889
-53.81992
-53.93098
-54.48479
-53.78345
-52.05626
-52.63544
-52.92041
-51.50529
-51.86516
-52.45323
-53.28429
-52.99230
-53.98817
-53.93714
-51.77212
-53.11795
-54.24978
-54.70124
-55.26012
-54.59151
-54.89678
-53.88867
-54.86589
-53.53957
-53.41694
-54.55140
-55.01083
-55.96466
-55.50230
-57.73385
-52.97623
-52.36215
-53.79446
-53.42328
-54.43285
-54.77877
-54.71542
-55.17993
-55.78364
-54.67777
-54.21943
-53.47383
-54.59109
-53.84394
-53.18916
-53.96136
-54.17160
-54.34473
-53.59610
-53.34789
-53.22537
-53.56539
-54.39219
-55.24633
-54.72083
-54.99209
-53.24783
-51.21992
-54.09527
-54.59712
-53.60682
-54.11242
-53.31387
-53.22825
-53.15304
-54.49368
-53.47198
-53.06979
-55.92748
-54.86723
-52.77742
-53.37682
-53.81812
-54.01685
-54.02477
-55.09028
-55.01263
-53.50925
-54.15764
-55.75832
-55.52021
-54.19171
-54.05036
-52.31349
-51.57840
-52.97164
-52.12599
-51.78278
-53.81766
-53.49823
-53.77534
-54.46410
-54.85293
-53.36614
-52.63958
-54.60238
-53.28911
-53.40916
-53.87301
-53.35347
-54.60377
-55.16201
-54.09342
-53.78566
-54.44665
-53.51060
-53.79672
-53.83880
-55.03957
-55.10566
-51.78963
-53.52326
-53.61613
-53.48693
-55.07361
-55.59058
-55.98295
-54.10278
-54.76948
-53.17580
-51.88573
-54.28108
-55.40642
-55.13403
-55.56165
-55.01575
-55.68287
-54.81546
-54.96827
-54.56841
-54.26481
-54.10062
-53.38462
-53.83274
-53.60063
-54.94999
-52.74536
-52.44653
-55.41344
-54.32934
-53.77647
-54.68141
-54.28357
-54.24816
-53.69621
-54.04209
-54.71607
-54.66933
-55.04875
-55.40665
-54.49729
-54.44988
-55.66229
-54.87696
-54.91492
-55.56062
-55.35901
-55.38019
-55.59978
-54.97345
-54.34855
-54.64041
-52.61524
-51.35826
-53.09214
-53.83587
-54.30082
-53.94113
-54.70423
-54.25791
-55.44686
-55.24943
-53.81082
-54.74585
-55.28035
-54.97149
-53.84498
-54.76321
-54.28882
-55.69001
-54.82717
-55.41270
-55.09298
-54.04010
-55.24443
-55.40413
-53.10492
-54.23888
-57.18501
-52.26543
-52.22363
-53.03898
-52.26518
-52.97899
-53.69134
-54.42727
-54.49991
-54.05277
-54.38204
-53.12832
-52.93334
-55.04563
-53.71119
-52.40249
-53.52926
-53.70069
-54.00243
-55.42665
-55.33648
-53.63873
-53.42898
-54.18769
-54.91171
-54.71153
-55.38483
-53.42670
-51.58392
-53.27734
-53.36994
-54.58369
-54.26636
-53.27859
-52.99798
-53.19866
-53.83712
-53.41579
-52.50683
-54.49408
-54.56133
-54.32687
-55.37474
-54.23758
-55.52073
-53.61564
-55.39771
-54.65244
-53.63145
-53.82979
-53.74155
-54.42166
-55.59851
-55.72218
-52.71443
-53.29045
-54.26257
-54.14877
-54.75749
-54.97682
-55.24727
-55.58422
-54.03513
-55.29338
-52.33002
-53.00728
-55.44869
-53.21533
-53.99628
-54.37287
-55.36928
-54.23158
-53.97050
-54.63171
-55.11174
-56.12423
-54.69871
-55.62710
-55.88966
-57.08807
-53.24685
-50.89270
-53.55264
-54.81913
-56.63487
-55.25767
-55.43440
-53.81078
-54.92917
-55.08281
-54.08064
-55.13915
-55.77033
-55.50520
-54.04310
-55.16922
-55.50625
-53.45425
-52.28703
-53.95095
-54.43720
-55.65971
-56.48447
-56.34822
-53.54621
-53.61130
-54.60512
-54.84811
-54.76781
-54.73939
-54.12598
-54.28549
-55.51608
-55.14013
-55.58917
-55.84949
-56.76365
-54.50435
-54.23140
-54.49803
-54.61821
-55.00354
-55.94586
-55.20796
-54.17441
-54.52841
-54.56290
-53.21342
-53.18359
-53.56532
-53.56622
-53.87825
-54.19761
-55.03728
-53.70802
-54.48788
-55.08161
-55.16426
-54.22253
-54.27829
-54.78974
-54.68674
-55.00067
-55.28822
-55.17166
-54.04642
-54.14196
-53.65453
-53.76660
-54.27021
-54.87972
-55.53496
-56.16321
-55.59395
-54.24080
-55.91796
-55.67673
-54.68860
-55.51057
-54.80129
-54.14791
-53.84305
-54.77658
-55.83014
-55.14426
-54.66777
-55.25046
-54.75554
-55.00370
-55.18239
-54.01736
-54.41789
-54.91492
-53.07813
-53.01670
-53.65545
-52.94147
-53.29698
-54.01045
-54.19204
-54.17891
-55.17418
-54.39972
-55.72010
-56.68831
-56.70391
-54.80417
-52.80676
-54.15043
-55.35456
-55.90310
-54.56472
-55.22659
-55.51051
-55.57611
-55.20136
-55.43264
-54.00156
-53.63538
-53.49573
-52.98342
-54.23546
-52.96212
-53.40749
-53.60862
-54.11983
-54.17054
-54.67387
-53.67372
-54.62838
-54.94354
-53.67748
-54.54167
-53.16473
-53.49831
-54.95210
-55.08371
-54.29637
-54.30456
-53.45100
-53.93691
-54.49752
-55.40521
-54.03008
-53.20508
-54.47264
-53.32689
-53.10178
-53.59048
-53.95765
-54.22014
-54.85279
-54.08548
-53.16534
-53.85992
-53.37430
-53.93306
-54.60639
-54.34795
-53.54824
-53.10760
-54.17078
-53.63766
-54.92392
-54.45404
-54.78366
-53.97593
-53.53266
-55.16015
-54.16651
-53.63805
-54.05852
-54.53062
-52.99594
-53.35299
-53.81028
-54.22194
-54.23425
-54.24643
-53.60720
-53.72867
-53.94458
-55.05260
-55.18384
-53.50952
-54.50136
-53.01411
-53.20634
-54.18671
-54.32035
-54.21908
-54.15582
-53.92605
-53.69932
-53.72359
-53.52090
-54.18836
-54.17658
-55.37892
-52.94537
-52.57612
-54.03144
-53.50196
-55.38148
-54.12155
-53.47594
-54.39368
-54.41625
-54.75460
-54.65520
-53.52363
-54.54235
-54.04713
-53.09088
-54.26457
-53.81637
-53.98815
-54.23547
-54.46785
-54.28770
-55.19588
-55.23996
-55.01454
-54.88943
-55.14749
-53.27429
-52.16800
-53.67205
-54.03695
-54.53292
-54.91173
-54.43200
-54.08240
-53.74803
-53.64803
-54.63803
-53.90104
-54.69180
-54.47788
-53.43977
-53.94323
-54.58577
-54.53205
-54.44273
-54.80341
-54.07461
-54.05260
-55.81787
-55.08044
-54.36345
-55.10779
-53.90448
-53.75858
-53.43974
-52.87106
-52.87469
-54.69435
-56.09327
-55.53590
-53.67389
-52.97728
-52.84787
-53.35980
-53.59096
-53.96313
-53.07103
-53.06012
-54.21511
-53.27306
-53.68687
-54.06553
-55.78319
-55.40089
-55.03195
-55.21919
-55.30233
-53.83760
-55.16494
-54.23015
-52.88675
-54.24914
-53.98955
-54.15466
-54.84852
-55.84792
-54.21093
-53.96324
-53.38504
-54.84368
-54.57723
-54.15814
-54.58052
-53.35199
-53.56005
-54.13617
-55.30291
-55.66150
-55.85469
-54.29136
-53.66346
-54.05348
-54.44962
-54.36367
-54.30248
-55.12751
-53.52353
-54.40976
-55.86504
-55.14727
-54.88562
-55.42362
-54.51525
-53.77636
-54.49369
-54.61493
-55.67583
-55.43932
-55.89378
-53.41906
-53.37222
-54.49559
-54.47438
-55.43527
-55.32380
-55.03496
-54.38212
-54.94524
-56.01287
-55.98845
-54.07435
-55.61298
-54.70727
-53.03669
-54.31861
-55.16643
-56.19219
-55.28800
-55.23721
-54.13958
-53.90419
-54.03464
-53.88109
-55.14666
-55.16705
-55.43582
-53.55059
-53.54753
-53.75992
-53.69661
-53.98599
-54.15843
-53.68604
-53.35723
-54.35074
-54.25623
-54.09543
-53.43691
-54.20965
-53.33827
-54.09894
-55.75118
-55.18901
-54.92744
-55.69136
-55.36623
-53.63836
-54.24653
-54.30610
-54.06953
-54.22956
-54.82560
-53.56684
-53.39045
-54.28188
-53.48473
-53.32254
-53.39101
-53.98053
-54.17324
-54.78719
-55.09731
-55.05386
-54.60839
-54.94233
-54.44873
-54.41965
-54.76486
-54.15977
-54.74352
-56.01717
-55.02735
-53.54459
-55.37222
-54.61694
-54.43015
-54.42215
-55.49509
-54.61266
-52.78059
-53.66981
-53.36000
-53.66179
-53.65467
-53.87089
-53.33702
-53.34074
-54.13694
-54.08990
-53.70901
-54.26815
-53.73229
-52.80515
-53.53589
-53.49091
-53.44527
-53.57748
-53.72568
-53.59334
-54.22020
-55.81952
-55.47178
-55.53219
-56.21129
-55.19993
-53.54217
-52.99502
-54.09030
-54.98676
-55.11608
-55.26970
-54.80518
-54.17760
-54.45202
-54.83904
-54.80068
-54.06394
-55.47978
-54.75398
-53.45751
-55.37230
-55.02495
-55.26124
-55.51387
-54.66999
-54.53622
-54.52048
-54.17021
-55.24054
-54.22636
-54.14005
-54.69867
-53.89655
-55.16800
-54.91833
-55.53356
-55.15615
-54.77566
-54.18155
-54.43612
-55.35391
-55.02546
-53.61120
-53.93098
-55.18986
-53.09754
-54.05971
-55.00460
-54.82135
-54.94531
-54.72835
-53.85741
-54.16521
-53.90140
-54.16698
-55.51001
-55.36306
-56.60706
-53.56144
-52.43487
-52.69443
-52.88343
-53.07123
-53.47014
-54.50952
-54.88672
-55.32553
-54.74616
-55.32096
-54.00104
-54.06739
-54.42205
-53.81990
-54.59586
-54.29676
-54.59884
-54.25937
-54.37304
-54.17416
-54.25376
-55.35930
-54.59793
-54.40249
-55.37524
-54.83833
-53.16542
-53.78507
-54.54567
-54.36546
-54.07915
-54.75691
-54.59335
-54.14094
-54.63746
-54.82991
-54.76896
-55.32714
-55.93772
-53.22484
-53.59979
-54.60381
-53.80351
-54.51162
-54.86086
-53.88935
-55.07258
-56.07563
-55.44697
-56.94190
-56.17457
-55.31865
-53.57322
-53.17588
-53.91733
-54.29250
-54.63327
-55.18472
-55.45958
-54.70834
-55.65951
-55.27100
-55.11026
-53.77352
-53.83444
-53.60715
-53.46240
-54.46058
-53.75771
-53.33172
-53.04375
-53.96336
-53.55620
-52.96514
-52.51011
-53.38510
-53.29011
-53.00545
-53.36809
-53.57881
-54.70855
-54.61981
-55.14787
-55.03002
-53.50810
-53.13756
-54.43023
-54.75837
-54.43834
-53.69439
-54.01665
-53.60790
-52.50501
-53.03656
-53.07592
-53.33932
-53.54675
-53.37770
-53.12198
-53.46349
-53.92969
-53.92375
-54.18944
-54.13715
-54.66552
-54.08539
-54.01813
-53.83924
-54.28519
-54.21736
-53.19091
-54.32628
-53.73739
-53.42416
-54.38106
-53.73328
-53.45043
-53.87558
-52.88836
-53.43737
-53.51396
-54.22470
-54.45042
-54.06497
-54.92647
-54.35982
-54.27104
-53.71229
-54.18271
-53.55918
-54.20019
-53.85539
-53.04842
-54.42325
-54.82927
-53.95810
-53.36794
-53.06737
-52.98366
-53.58877
-53.44955
-54.41088
-53.87478
-54.33207
-54.44159
-52.43545
-53.21377
-53.36541
-53.77752
-55.23183
-53.75332
-53.71749
-54.31436
-54.49419
-55.67076
-55.01259
-54.70271
-54.77706
-53.61276
-53.28743
-53.91210
-54.75132
-55.39644
-55.56804
-54.57544
-54.83143
-55.61683
-54.98343
-54.51418
-55.07876
-55.20515
-53.42096
-53.71429
-54.61297
-53.54606
-52.16416
-52.67864
-53.48938
-53.28744
-53.84085
-53.91336
-53.49647
-53.71029
-54.13548
-53.53541
-53.39089
-54.66250
-54.36765
-55.30253
-54.65726
-53.60105
-54.55270
-54.02061
-54.38872
-54.71660
-54.67773
-53.65731
-54.43596
-53.47194
-53.64710
-54.61178
-54.70448
-55.77030
-55.27399
-54.34642
-54.23138
-53.98468
-54.20928
-55.46133
-54.01594
-54.31312
-53.03200
-53.99903
-53.24065
-52.70673
-54.08444
-54.22591
-55.90836
-54.79983
-55.22868
-55.45344
-54.57179
-54.80538
-55.07696
-52.79772
-52.46477
-54.21548
-54.51944
-54.05501
-55.07068
-54.87296
-53.93534
-54.39335
-54.90710
-55.04221
-55.06121
-56.51224
-54.17095
-54.05927
-54.78708
-53.89270
-54.52341
-53.63247
-54.03564
-53.57587
-54.08286
-54.41159
-54.00930
-54.63213
-54.83579
-54.42108
-53.50445
-54.97313
-55.14311
-54.65285
-54.67619
-53.83758
-53.26749
-54.24676
-55.04570
-56.40848
-55.10126
-55.79008
-55.12042
-52.62652
-54.95426
-55.28886
-55.58925
-55.91305
-55.41072
-54.86853
-54.91391
-54.97986
-55.06223
-54.07161
-54.12038
-55.44009
-53.54387
-53.67233
-55.29871
-53.26817
-51.66197
-53.59485
-54.44360
-51.93436
-51.28442
-52.11461
-53.21159
-53.27663
-53.65970
-53.91034
-52.68700
-53.58366
-54.37797
-54.71254
-54.86221
-54.94553
-54.24298
-54.23144
-54.23350
-53.95955
-53.90516
-53.86529
-53.63234
-53.38113
-54.67623
-54.36204
-53.52196
-53.29263
-54.41887
-53.58168
-54.15323
-54.36680
-54.25716
-54.77646
-54.95190
-54.56730
-53.27760
-54.52961
-53.59296
-54.55161
-54.34238
-54.02996
-53.91818
-53.51280
-54.75817
-54.96241
-54.22109
-54.58187
-55.36544
-53.51574
-53.82347
-53.86807
-53.95119
-54.13897
-54.25187
-53.73577
-53.58296
-54.46724
-53.59857
-53.72884
-54.47976
-54.15760
-53.21353
-52.56159
-52.38388
-52.84276
-53.07373
-53.63331
-54.22981
-53.89667
-53.78200
-53.83731
-54.20296
-54.45212
-54.43755
-54.00213
-54.48878
-54.53817
-54.70616
-54.87028
-55.06553
-55.52199
-54.43371
-55.54357
-56.19495
-55.26388
-54.90161
-54.86139
-54.63149
-53.56547
-54.39293
-54.95130
-55.69809
-55.86967
-54.55718
-55.06156
-55.21591
-55.70555
-54.79182
-54.63001
-54.53241
-54.91098
-54.22042
-54.33134
-55.62551
-54.33313
-55.05135
-54.99766
-53.60756
-54.48061
-55.09143
-54.60533
-54.85032
-54.60751
-54.91596
-54.04950
-53.54259
-53.61254
-54.53870
-53.70556
-53.84577
-54.28230
-54.30525
-55.15410
-54.91560
-54.95592
-54.67451
-56.28522
-55.82468
-54.93260
-55.21924
-54.42909
-54.14315
-55.38611
-56.24553
-55.33248
-54.85902
-54.60815
-54.54085
-55.01101
-55.23094
-54.95241
-52.90600
-53.08121
-53.47937
-53.15492
-53.06986
-52.99091
-53.76246
-53.81671
-53.87681
-54.10443
-53.88922
-54.24255
-54.63054
-53.87728
-54.12602
-54.22212
-54.70204
-55.21761
-55.84433
-55.53951
-54.46677
-54.65029
-55.52412
-54.72481
-54.48829
-54.86898
-53.51881
-52.96721
-53.74097
-53.74465
-53.95676
-54.56923
-54.53286
-54.98669
-55.33376
-55.48530
-54.88038
-54.30867
-55.27017
-55.02076
-53.98268
-54.74157
-54.15106
-54.06708
-54.80180
-54.82692
-53.54193
-53.98822
-54.40222
-54.85974
-55.83495
-54.93681
-54.34403
-53.38937
-54.19153
-55.39369
-55.90455
-55.13359
-54.82142
-55.53579
-55.96730
-54.90464
-54.81595
-54.99408
-53.91643
-53.44263
-52.57532
-52.86197
-54.00785
-51.70181
-50.33027
-52.01149
-53.62116
-53.97449
-53.40543
-53.74377
-53.52942
-52.82263
-53.31570
-53.35972
-53.53761
-54.12297
-54.10705
-54.11997
-53.40591
-53.02037
-53.20920
-54.10104
-54.24246
-53.56678
-53.92413
-54.42959
-53.49201
-52.72335
-53.19822
-53.27077
-53.67960
-53.06617
-53.37136
-53.78432
-54.03840
-53.55571
-53.34476
-53.32948
-53.40471
-54.15576
-53.08986
-54.49244
-54.20018
-53.68056
-53.33420
-53.12994
-54.24506
-54.00665
-54.66157
-54.17398
-53.68997
-54.18116
-54.38633
-53.61055
-53.08185
-53.62099
-53.36373
-53.47712
-53.86258
-54.06852
-54.91218
-54.35200
-54.53161
-54.50192
-54.03589
-54.56968
-53.98194
-53.73709
-53.89027
-53.18197
-53.33598
-53.65005
-53.99729
-54.25561
-53.71701
-53.81042
-54.36894
-54.94845
-54.98145
-53.65263
-53.25101
-54.08058
-54.08823
-54.83028
-53.79898
-53.03282
-54.04846
-53.70134
-54.29898
-54.57549
-53.95842
-54.98827
-53.87865
-53.63260
-54.65980
-54.42774
-54.38361
-54.28449
-54.82149
-54.80411
-54.92816
-54.91123
-54.40350
-53.74977
-54.80623
-53.98241
-52.25300
-53.55326
-53.32609
-52.31741
-53.11253
-52.83697
-52.75427
-53.65534
-53.08093
-53.43229
-52.67496
-52.17809
-53.29763
-53.58322
-53.54254
-53.92233
-54.04091
-54.59898
-55.26659
-54.16028
-53.56694
-53.66276
-54.42032
-54.35226
-54.11745
-53.44520
-52.77845
-52.64885
-52.73917
-52.98997
-54.79612
-54.95317
-53.95407
-53.88774
-53.24870
-53.48392
-53.96607
-54.64533
-54.74705
-54.18884
-53.15068
-53.92222
-53.58319
-53.60656
-54.02395
-55.13739
-55.23218
-54.25161
-55.40845
-54.84891
-54.25413
-55.51773
-55.07050
-53.99723
-55.13309
-54.23312
-54.32197
-54.88977
-54.33044
-54.35166
-54.64207
-53.92404
-54.65977
-54.19799
-54.28553
-55.21370
-53.22086
-53.47674
-53.54408
-53.26435
-53.67336
-55.12216
-54.14033
-53.65903
-54.78316
-55.37086
-54.89465
-54.39711
-55.32602
-53.90661
-54.56376
-55.40795
-54.51025
-53.97260
-54.56344
-53.60423
-53.23865
-53.74761
-54.86118
-56.36415
-55.70717
-55.37004
-53.26476
-53.76525
-55.55012
-55.86447
-54.88122
-54.77435
-54.70220
-55.13065
-54.84849
-56.34820
-56.41634
-54.16286
-56.05779
-55.17578
-53.35305
-54.62443
-56.18009
-53.57330
-52.29988
-53.01192
-52.70533
-51.30629
-51.59324
-52.67542
-53.34906
-53.04599
-53.21697
-52.99665
-53.30134
-54.61391
-54.47031
-55.00981
-54.83051
-54.34634
-54.27828
-56.20289
-56.00440
-54.55908
-54.85173
-54.67547
-53.00278
-53.35014
-54.13704
-53.26208
-53.31116
-53.41045
-53.18209
-53.58842
-54.00073
-54.29983
-54.72870
-53.78270
-54.00788
-53.85057
-53.32797
-53.97623
-53.91367
-53.49839
-53.48517
-53.79905
-54.22882
-54.46163
-55.74081
-55.52454
-54.87199
-55.05582
-54.58474
-54.26419
-54.62109
-55.01039
-55.12096
-55.26851
-55.19896
-54.56632
-54.54325
-54.82181
-54.08942
-54.73078
-54.31685
-54.16495
-53.13013
-53.71711
-54.50715
-54.41493
-54.68563
-53.69033
-54.24279
-54.00229
-54.80323
-54.66644
-54.37185
-54.91857
-55.21373
-54.22180
-53.62673
-54.03412
-54.19788
-54.55565
-55.39910
-54.48917
-54.29566
-55.27109
-55.20741
-55.04577
-54.53621
-55.05311
-53.70375
-53.99441
-54.61371
-54.91231
-55.49203
-55.77362
-55.31733
-54.75896
-55.45425
-55.01353
-55.57068
-54.99450
-54.74591
-54.62050
-53.30930
-54.72019
-55.71344
-55.73909
-56.11908
-55.62365
-55.46167
-55.09701
-55.15693
-55.71337
-55.29169
-53.96264
-54.58143
-54.25430
-54.54367
-55.19427
-55.04917
-53.92240
-54.28856
-54.16891
-54.52445
-55.36756
-53.90342
-54.69807
-54.35246
-55.11319
-53.39659
-54.10517
-54.52671
-54.53658
-55.18057
-54.89598
-54.74270
-53.62193
-54.76772
-54.72040
-55.64537
-54.88040
-55.82765
-53.81749
-52.74480
-54.52217
-54.52352
-53.60424
-53.77226
-54.43432
-53.99270
-54.12422
-53.68104
-53.93658
-54.03976
-55.26926
-54.69782
-53.99166
-54.17944
-54.44077
-55.55150
-54.94774
-55.35362
-54.93722
-54.39454
-55.77710
-54.98920
-55.61410
-56.28290
-55.19174
-53.91742
-54.58384
-54.67511
-54.60106
-55.39196
-55.32096
-55.42720
-55.25421
-55.51802
-55.83685
-55.47683
-55.80886
-55.64721
-53.27922
-54.66681
-54.24309
-54.30878
-54.28688
-55.21858
-54.25774
-53.90394
-55.23124
-55.24129
-56.04204
-54.56172
-54.89181
-53.10194
-53.78892
-54.97360
-54.90661
-54.06502
-55.18021
-55.56517
-54.77929
-55.43905
-55.04235
-54.65149
-53.83630
-54.23089
-53.30499
-52.71605
-53.94880
-53.52073
-51.83170
-51.64920
-53.30395
-53.71260
-53.37260
-54.51082
-54.21760
-54.00826
-55.05162
-54.61685
-53.02072
-53.80477
-53.93483
-54.16337
-54.54174
-53.23012
-52.99221
-54.25247
-53.60528
-53.59241
-54.62423
-54.64432
-54.75865
-52.94695
-53.17577
-53.22329
-54.08850
-54.26405
-54.09203
-54.14026
-53.30358
-53.75047
-54.33763
-54.89601
-54.36679
-54.41916
-53.44942
-53.53512
-54.62989
-54.11723
-52.53021
-52.43049
-53.07200
-53.38897
-53.58293
-53.66721
-53.47997
-53.51304
-55.12758
-52.95812
-52.47011
-53.40260
-53.96776
-56.17995
-56.63941
-55.98059
-54.85282
-55.87975
-55.44217
-55.26087
-55.18770
-54.34803
-54.52323
-53.03432
-53.51962
-53.78357
-53.81172
-54.47744
-54.90868
-54.78822
-54.27100
-54.20786
-54.56500
-55.53194
-55.85149
-55.42912
-53.50855
-53.57258
-54.06544
-54.75909
-53.60089
-53.74620
-54.55957
-54.40473
-55.13461
-54.29375
-54.45114
-54.57637
-55.06143
-52.65375
-53.23698
-54.30687
-54.40157
-54.69241
-53.88514
-54.81122
-54.91644
-56.85547
-55.91243
-54.45448
-54.56770
-55.38313
-53.12805
-52.15589
-53.93744
-53.19271
-52.22526
-53.17792
-54.28665
-54.03045
-54.75821
-54.64079
-54.68406
-53.29783
-54.03735
-54.05670
-53.00130
-53.91911
-53.80494
-54.89870
-55.15410
-55.12761
-54.96789
-55.91265
-54.99975
-55.65498
-56.17304
-56.01579
-55.49801
-52.89398
-53.37368
-54.24999
-54.33215
-54.80128
-55.89673
-54.72994
-54.51765
-54.89931
-54.85837
-54.94652
-55.69326
-54.59640
-53.11696
-53.07296
-52.75156
-53.50211
-53.58451
-54.02374
-54.86746
-54.60141
-54.68955
-54.96818
-55.41426
-55.18885
-55.03467
-54.58150
-53.86229
-54.57806
-53.93370
-54.74276
-54.53786
-54.14328
-55.14148
-56.00173
-56.28487
-55.70275
-55.73802
-56.70356
-54.99871
-53.00642
-55.03982
-55.08473
-53.63731
-54.43756
-55.76179
-54.23705
-55.27673
-54.44790
-53.74885
-54.46605
-54.72101
-55.06445
-53.65781
-54.51080
-54.91279
-54.92172
-54.45503
-54.71581
-54.14984
-54.64603
-54.83446
-55.91454
-56.23452
-55.86200
-55.80776
-52.07933
-52.94155
-53.82617
-53.26090
-54.27803
-54.44089
-55.21686
-54.59195
-55.43567
-55.72132
-52.97615
-52.99346
-53.94488
-53.75148
-53.27594
-53.56627
-54.32042
-54.23689
-54.78798
-54.26742
-53.60938
-54.30753
-53.74572
-55.13930
-55.25086
-54.38949
-54.22109
-53.25264
-55.12053
-54.96474
-54.64551
-55.12303
-54.89260
-54.36631
-55.64342
-55.62617
-55.71503
-55.65061
-56.24602
-56.04597
-53.32765
-54.82716
-54.97343
-55.04894
-55.11710
-56.14495
-54.19699
-53.99565
-55.57688
-55.84091
-55.46654
-53.88545
-54.57025
-52.90524
-51.86080
-52.41029
-52.45105
-53.15672
-54.99767
-55.19223
-55.29850
-55.09884
-54.23975
-52.03389
-52.63608
-53.88223
-54.72573
-55.48632
-53.98964
-54.11087
-53.78009
-54.52157
-54.13383
-53.38668
-53.56285
-54.26634
-54.56146
-54.63022
-53.93231
-53.77826
-54.58888
-55.33648
-55.36613
-52.57143
-53.01242
-54.11873
-53.90663
-53.60738
-53.77329
-54.47097
-52.89477
-53.24319
-53.66890
-52.99851
-53.78612
-54.35342
-54.20034
-55.18703
-54.59428
-54.37037
-54.25198
-54.65667
-53.98315
-53.16107
-54.25578
-53.35936
-54.26979
-54.00815
-53.88753
-54.28011
-54.09298
-55.21537
-54.40761
-53.73425
-55.20564
-55.84380
-55.22850
-54.86764
-54.74715
-55.62409
-54.41002
-54.35669
-53.90550
-52.74423
-53.83985
-54.28360
-54.25810
-54.88499
-55.47641
-54.93073
-54.50811
-54.24884
-53.52538
-53.55659
-54.71205
-54.90926
-55.54098
-56.16082
-56.64723
-56.76747
-55.62629
-56.01842
-55.28087
-54.65028
-54.17816
-53.85973
-53.86936
-54.68234
-54.90883
-53.84426
-54.69142
-55.80776
-53.99071
-54.04771
-54.43856
-53.75696
-55.33751
-54.69670
-54.76732
-55.04991
-55.29149
-56.12602
-55.81795
-56.23998
-56.21861
-56.81623
-57.14141
-57.59279
-56.95543
-57.08476
-57.45365
-57.91038
-59.78802
-59.92296
-58.51471
-57.53458
-58.06564
-58.39174
-58.17868
-57.82139
-57.92889
-56.41918
-58.17333
-58.94493
-57.61386
-59.92203
-59.73506
-59.18573
-59.08082
-59.46107
-60.16293
-60.76208
-60.39166
-59.69199
-59.32340
-60.33822
-59.73422
-58.43337
-59.67358
-62.08066
-62.78783
-62.84845
-62.41645
-59.92174
-60.27674
-63.11293
-64.68564
-63.75252
-63.83459
-62.97545
-62.84275
-62.91996
-63.48066
-63.33968
-62.10955
-63.86157
-65.20909
-65.29356
-65.52638
-65.12350
-63.04183
-63.94361
-65.99105
-65.74271
-64.80606
-65.44571
-65.52034
-64.07877
-65.24557
-67.22098
-67.91676
-65.82069
-66.96283
-68.76924
-67.05842
-68.11042
-68.56361
-66.43529
-66.57228
-68.47377
-69.01668
-68.83874
-69.63776
-69.33079
-67.20178
-68.51755
-71.05129
-70.22864
-70.75207
-71.02374
-70.56154
-69.14395
-70.19164
-72.36413
-71.13922
-71.33326
-71.55515
-70.78952
-71.06374
-72.48854
-72.15013
-71.93539
-72.42628
-73.09486
-71.70948
-71.07037
-71.43733
-71.47123
-71.39557
-72.11085
-74.14300
-72.60697
-72.49760
-74.49069
-74.44841
-73.88445
-75.33052
-74.75491
-75.04795
-76.36359
-76.77739
-77.45457
-76.39014
-76.93345
-76.10843
-76.26597
-76.95322
-76.36847
-75.36331
-75.59463
-76.29490
-75.93736
-77.69852
-80.25763
-79.84099
-78.13418
-76.58658
-75.87354
-78.24284
-79.01138
-79.37168
-80.37985
-81.04529
-80.47540
-78.65583
-78.79531
-80.06398
-80.59743
-77.91708
-79.06854
-80.03888
-78.65875
-80.87828
-82.21505
-80.95308
-80.49035
-79.94871
-80.42536
-81.88307
-83.27791
-84.25966
-82.97491
-82.98799
-83.48286
-83.64545
-84.53217
-84.12087
-85.00265
-83.68740
-83.01104
-83.67682
-83.25954
-85.37621
-87.66173
-85.96539
-83.90259
-84.36187
-84.90095
-86.67342
-87.16931
-88.07239
-88.35752
-87.71517
-86.24838
-85.71492
-87.13735
-86.84163
-87.86029
-86.38987
-87.92427
-87.35749
-86.07402
-89.19859
-89.90154
-89.01666
-88.65689
-88.44484
-88.48448
-89.89356
-91.22917
-93.43983
-93.06408
-92.36868
-91.58995
-91.79186
-93.06241
-93.53672
-93.99280
-93.42232
-95.64158
-94.23655
-93.83849
-97.37139
-100.17766
-98.62085
-97.86034
-98.73762
-99.23861
-101.93698
-103.07696
-105.56428
-106.17350
-104.89549
-103.92510
-104.59610
-106.47902
-107.66430
-107.03557
-107.31181
-109.03272
-107.19440
-108.35397
-111.57465
-112.84431
-112.36413
-112.27211
-113.62095
-116.67411
-120.70015
-121.15031
-124.21958
-124.41612
-124.25752
-123.48351
-124.38957
-125.26769
-128.03582
-132.12952
-131.37473
-133.30454
-133.42622
-137.67774
-136.02138
-140.95253
-139.69381
-142.62859
-141.17832
-142.30485
-139.74762
-138.38781
-137.84165
-137.88234
-139.32636
-140.98223
-148.03417
-162.07910
-180.51992
-168.41966
-169.88298
-169.70080
-169.72968
-169.91945
-170.26925
-170.77336
-171.42959
-172.24016
-173.21257
-174.36078
-175.70773
-177.28974
-179.16536
-181.43403
-184.28124
-188.11310
-194.14305
-213.07383
-197.82008
-191.84259
-188.87450
-187.09222
-185.96899
-185.27945
-184.90709
-184.78506
