-95.46211
-61.65348
-60.23332
-63.90141
-62.14252
-64.34355
-65.18099
-67.15115
-67.26579
-65.86808
-65.76177
-66.48444
-66.53157
-67.33628
-62.82521
-61.25410
-62.73423
-63.04412
-62.82751
-64.51952
-65.33548
-64.55563
-64.73469
-64.57791
-64.82444
-64.70790
-66.70981
-64.42576
-63.03989
-63.91435
-65.18216
-65.70485
-65.58165
-64.93877
-64.75934
-66.65947
-66.74816
-67.57875
-66.70422
-67.57456
-65.47203
-62.64739
-64.25339
-64.84359
-65.42434
-65.30918
-65.96192
-66.24121
-65.16650
-66.27775
-67.17668
-67.42780
-68.38162
-66.65937
-63.17503
-64.03352
-65.25720
-65.78691
-66.61488
-66.61068
-66.82677
-67.24036
-67.44535
-68.26261
-68.52078
-67.87682
-69.23637
-63.95082
-63.77990
-65.54822
-64.92603
-65.96559
-65.83516
-67.03790
-67.46963
-67.55542
-67.71997
-68.51623
-67.76106
-67.87348
-65.13439
-63.73908
-65.80775
-65.78507
-66.87291
-66.86122
-67.46165
-68.49735
-67.61781
-67.21492
-67.71748
-67.50969
-68.86943
-66.19408
-62.40722
-64.77038
-65.96899
-67.52946
-67.44836
-67.77846
-68.03683
-67.67510
-68.23327
-68.58489
-68.39533
-68.39464
-69.09426
-60.91538
-61.17109
-63.88526
-63.19398
-64.14441
-64.62975
-65.67915
-66.42052
-65.25694
-65.14377
-64.68587
-65.75222
-67.22149
-61.82260
-61.27828
-63.00437
-62.79081
-63.02558
-64.63498
-64.15648
-64.24303
-64.50355
-64.76385
-66.44905
-65.79377
-66.56460
-64.11568
-63.65055
-64.71273
-64.23365
-65.77123
-65.42899
-65.95311
-65.52388
-66.16398
-66.90390
-66.69042
-67.42463
-67.65495
-64.48578
-62.35072
-64.08829
-63.99529
-65.46273
-65.65577
-65.26542
-65.79433
-65.51477
-66.08908
-67.34809
-66.87818
-67.44831
-65.87008
-63.63440
-65.21756
-65.89194
-66.80943
-67.11275
-66.81360
-66.45036
-67.72560
-67.37750
-69.10556
-69.05474
-67.31795
-67.50590
-63.59015
-63.88861
-65.43814
-64.99620
-66.29453
-66.50916
-66.16682
-66.52731
-67.29269
-67.40296
-68.16618
-67.76976
-68.25625
-66.46355
-63.65356
-65.35922
-66.12373
-66.98359
-66.59021
-67.22030
-68.30050
-67.71637
-67.99949
-68.15428
-67.61454
-70.05032
-66.42146
-62.31774
-65.58030
-66.47602
-67.73944
-67.96258
-68.39495
-68.15641
-69.01167
-69.03621
-68.66296
-69.69842
-70.41138
-68.44473
-60.63053
-61.60860
-63.58470
-63.03910
-63.92519
-64.11838
-66.04730
-65.83013
-64.52522
-64.82276
-65.11743
-65.66832
-64.98770
-62.60700
-61.77545
-62.47526
-62.26952
-61.70198
-63.20179
-62.91176
-63.44064
-63.81995
-63.30979
-63.81182
-63.70502
-64.41198
-63.35098
-63.07280
-63.62471
-63.48825
-64.15442
-64.05430
-63.68102
-63.62403
-64.29373
-64.31299
-64.85347
-64.61272
-64.21363
-63.46792
-62.29209
-62.87760
-63.41209
-64.04529
-63.59290
-63.62691
-63.76753
-64.19783
-65.37675
-65.09140
-64.43359
-65.34669
-64.75497
-63.24226
-63.51180
-64.17757
-64.95833
-65.37431
-65.73587
-65.19133
-65.63966
-65.75002
-66.01463
-66.50503
-66.25903
-66.20573
-63.97630
-64.70643
-64.97727
-64.83672
-66.46905
-66.40553
-66.79734
-66.26233
-65.98708
-65.74676
-66.52155
-66.75931
-66.03643
-65.07935
-65.21264
-64.93915
-64.40494
-66.09537
-66.18147
-65.50806
-66.38488
-67.88410
-67.12104
-68.57628
-68.16207
-67.54787
-66.29060
-64.58265
-66.08503
-66.47363
-68.09424
-66.89687
-67.48277
-67.19477
-67.24604
-67.00133
-66.66894
-66.81688
-67.05442
-66.99470
-61.59891
-63.04709
-64.33694
-63.62566
-64.83272
-65.01175
-66.22497
-66.03617
-65.46529
-65.55486
-65.31529
-65.27470
-64.57496
-62.46469
-62.22057
-62.39555
-62.67446
-62.62260
-63.52550
-63.78756
-63.63747
-63.88859
-63.89394
-63.34966
-63.67002
-64.29420
-62.89332
-63.52541
-63.97795
-64.22848
-64.24306
-64.28363
-64.39773
-64.32300
-64.81777
-64.40670
-65.29695
-64.40412
-64.82473
-63.95723
-62.82127
-63.51578
-63.40184
-64.78102
-64.31950
-65.11432
-64.40094
-64.47831
-64.90907
-65.18904
-65.97398
-66.41695
-65.28980
-63.37512
-64.12815
-64.12600
-65.88947
-65.82568
-65.21838
-65.27473
-66.82222
-66.57699
-66.75777
-66.09888
-65.97990
-65.61002
-63.15437
-64.72500
-65.34592
-65.43725
-65.79972
-65.63351
-65.49087
-66.70837
-66.20790
-66.52976
-65.13857
-64.54210
-65.52196
-64.28456
-64.83189
-65.36167
-65.94430
-65.82529
-65.19347
-65.69347
-66.81672
-66.20053
-67.39940
-68.10486
-67.01655
-67.90303
-65.65345
-65.05462
-66.46211
-66.95095
-67.08943
-67.21738
-67.77747
-66.98981
-68.48673
-68.32775
-68.75686
-68.23112
-68.43839
-66.59947
-62.22914
-63.51998
-64.44155
-64.27348
-65.20539
-65.54883
-66.22964
-65.66093
-65.02957
-65.63210
-64.66329
-65.36761
-64.58371
-61.96907
-61.94676
-62.84351
-63.24242
-62.92208
-63.97013
-63.29580
-63.74625
-64.54896
-64.49665
-64.12405
-64.60414
-64.65252
-62.47143
-63.32516
-63.73565
-64.11178
-64.31023
-64.04886
-64.62037
-64.63947
-64.99033
-64.57614
-64.76621
-65.24466
-65.24206
-63.53142
-63.21190
-64.48251
-64.83805
-65.34985
-64.89979
-65.55009
-65.71436
-65.00250
-65.46454
-65.90587
-65.89770
-66.79381
-65.28155
-64.12969
-65.40032
-65.91176
-66.35495
-66.37383
-66.15720
-66.69587
-66.76772
-66.00029
-67.09595
-66.91015
-66.73541
-65.06523
-63.13789
-64.36961
-65.10353
-65.23728
-65.75133
-66.05372
-66.81622
-66.72312
-66.57351
-66.69012
-66.73112
-67.06748
-66.05836
-64.60313
-64.57946
-65.29074
-65.59721
-66.84119
-66.25798
-67.09768
-67.76491
-67.50100
-68.03068
-68.04955
-67.73243
-67.94164
-65.35835
-64.22222
-67.00092
-66.69680
-67.54096
-67.14565
-67.16910
-67.44928
-68.29983
-67.41399
-68.26337
-67.56582
-68.39279
-65.68433
-61.47604
-63.96946
-64.25923
-64.17941
-64.66557
-65.44985
-66.01159
-65.42459
-64.97676
-65.60381
-64.93011
-65.67787
-65.43695
-62.92637
-62.80212
-63.56205
-63.47188
-63.35084
-63.72482
-62.83858
-64.05411
-63.47460
-63.88397
-63.89053
-63.80565
-64.41434
-62.67616
-63.27749
-64.63968
-64.21469
-64.70128
-65.34951
-64.61482
-64.37427
-63.74639
-64.43034
-65.33536
-65.76651
-65.03341
-62.58286
-62.64463
-63.86402
-63.93754
-64.92189
-64.40531
-63.99981
-64.04295
-64.70677
-65.39924
-65.99969
-65.76240
-65.07243
-63.69892
-63.56342
-64.93131
-63.97544
-65.02720
-64.74579
-64.79610
-64.81939
-65.61417
-66.47257
-66.59799
-64.95018
-65.52972
-64.55739
-62.16542
-64.61330
-63.88911
-63.88651
-64.63645
-64.38206
-65.06581
-64.47062
-65.10902
-64.89366
-63.39801
-65.56239
-63.82278
-61.35031
-63.70589
-64.29769
-62.88322
-63.46968
-64.67382
-63.68641
-62.54923
-64.79530
-63.73815
-62.58211
-64.92150
-64.76232
-63.05482
-65.33536
-66.00237
-62.06874
-62.66930
-63.15012
-60.38414
-59.05854
-60.81911
-61.98571
-59.79547
-60.43600
-62.91680
-60.95479
-61.68391
-61.91631
-61.82503
-61.00030
-61.99088
-62.63973
-59.31657
-60.34910
-62.88374
-62.17848
-60.96813
-63.11673
-61.56660
-60.82144
-60.02591
-60.09767
-60.02381
-60.31749
-62.36971
-59.96825
-60.31865
-62.99910
-62.50351
-61.20770
-62.24908
-62.01939
-62.81871
-64.04221
-63.05970
-62.09634
-61.60895
-63.25467
-61.76945
-61.88493
-64.02076
-62.32569
-61.63441
-63.13036
-63.51555
-62.29946
-63.18438
-61.87334
-61.60910
-62.10977
-62.15120
-62.23423
-60.34553
-60.32924
-61.68436
-61.27834
-62.17831
-62.79799
-62.24920
-63.80850
-61.91870
-62.77431
-62.57002
-62.09268
-62.63984
-60.21426
-62.03327
-63.54791
-62.83077
-63.57122
-64.46800
-63.47439
-64.39010
-64.10754
-62.92296
-62.97607
-62.97565
-63.35859
-59.89594
-61.01209
-63.51706
-62.51905
-62.90282
-63.93260
-64.28808
-64.34444
-65.07994
-63.08527
-61.76156
-62.07504
-64.12739
-61.04020
-59.88330
-62.13329
-62.59286
-63.58021
-63.35524
-63.03887
-62.58859
-64.55224
-63.17443
-63.98758
-65.68159
-64.63389
-63.32974
-61.63770
-63.02800
-63.38829
-64.09670
-64.64104
-65.09440
-61.84543
-62.15812
-62.22245
-61.53575
-62.33352
-63.17493
-62.03898
-59.86305
-61.29730
-63.69608
-63.63762
-63.06345
-64.17919
-61.51934
-60.41637
-60.14915
-60.85208
-61.19319
-61.65538
-62.72344
-60.05124
-59.50257
-62.32082
-61.72745
-60.96248
-62.40632
-62.31576
-62.94520
-64.04937
-62.99276
-61.96419
-62.56306
-62.80557
-61.63660
-60.93125
-62.87705
-61.68691
-62.32561
-63.92348
-61.86422
-62.03148
-62.72179
-62.74867
-62.69667
-62.67199
-63.08489
-61.07792
-59.95591
-62.68372
-63.14324
-62.12777
-62.68070
-62.52432
-62.12029
-63.41669
-63.06816
-63.06076
-63.16390
-63.26355
-62.93565
-61.33825
-63.67653
-64.94980
-62.53460
-62.86715
-63.70275
-61.67831
-62.90975
-62.74416
-62.29121
-62.56470
-63.66365
-63.18253
-61.32894
-63.56232
-64.57492
-63.94124
-61.88457
-64.17471
-62.20973
-62.60020
-62.84737
-61.57656
-62.25265
-61.83156
-63.96665
-62.19239
-63.13937
-63.76967
-63.50453
-63.44155
-64.87616
-63.80925
-62.92504
-63.50370
-62.85598
-63.56743
-63.58232
-63.72737
-63.71019
-64.97788
-64.11592
-63.26839
-62.31981
-62.36695
-63.34879
-61.84247
-61.90881
-61.68518
-61.38151
-61.64661
-64.09966
-61.92172
-59.36035
-61.22809
-62.22114
-61.43753
-61.78847
-62.87224
-61.53435
-61.94163
-60.70797
-61.07253
-60.96138
-62.34304
-62.21845
-59.64507
-61.10903
-63.12855
-61.13749
-59.77614
-61.52236
-60.81871
-63.33755
-62.69953
-62.08858
-62.45644
-62.23332
-63.48290
-60.74226
-61.74234
-64.64022
-61.90377
-60.73857
-63.86633
-62.87264
-62.32100
-63.53921
-62.41298
-63.05056
-61.89969
-63.38338
-61.72471
-59.67429
-62.99974
-63.73296
-61.94610
-63.06070
-63.43189
-62.86124
-63.78498
-62.44645
-62.82733
-62.12345
-63.10923
-62.02675
-60.18054
-63.16059
-64.03090
-60.57959
-60.88940
-63.21623
-63.02658
-64.36254
-63.42751
-62.51897
-62.45147
-64.00157
-62.75675
-59.70069
-61.73790
-64.79972
-62.37563
-62.48306
-64.35898
-63.95164
-64.83021
-65.92294
-63.66605
-62.27753
-62.97160
-64.94410
-61.26887
-60.54232
-62.32606
-61.33413
-64.85299
-64.72079
-62.53580
-63.18786
-64.26307
-63.53000
-64.33930
-64.03950
-65.18384
-62.81619
-62.14764
-63.82519
-63.40414
-66.17026
-66.58561
-64.80272
-60.35642
-60.79687
-61.65470
-61.32983
-61.82728
-63.67116
-61.78146
-59.88157
-61.31572
-61.83888
-60.56813
-61.86352
-63.34884
-61.57853
-61.81947
-60.84535
-61.58395
-61.24961
-63.26850
-62.12755
-59.41556
-61.78203
-63.57025
-61.15134
-60.91514
-62.89011
-62.38646
-64.33564
-63.98354
-62.73829
-62.06455
-62.45742
-63.27674
-60.70403
-62.43651
-64.98013
-62.87073
-62.57972
-63.99464
-61.81245
-62.18067
-63.97445
-62.15323
-62.64102
-62.85136
-63.00638
-60.17349
-59.33401
-62.80488
-62.78086
-61.42514
-62.93573
-61.87400
-62.48672
-63.53122
-62.56461
-63.09351
-62.19362
-63.29885
-60.89421
-60.07099
-63.63245
-63.52005
-59.74740
-60.37065
-61.80990
-62.35502
-66.16450
-63.59100
-63.42767
-62.88350
-63.87032
-61.49814
-58.77099
-60.92370
-61.06768
-60.77489
-61.82315
-62.17626
-62.04234
-64.44252
-65.75068
-63.09703
-58.65280
-59.51588
-61.99768
-60.50408
-61.71421
-62.09556
-62.41903
-61.79780
-62.28870
-61.65055
-59.73865
-61.17461
-62.15023
-63.59359
-65.52413
-63.72384
-62.94851
-64.27224
-62.92661
-61.64299
-61.03832
-61.97293
-61.34973
-61.06899
-62.58493
-62.14094
-62.72289
-63.17681
-64.86258
-61.78051
-60.62891
-64.07918
-63.86481
-60.92822
-62.66661
-63.01213
-61.43156
-61.88272
-61.45251
-61.46089
-61.63954
-63.21145
-61.27035
-59.83794
-62.02343
-62.47300
-62.45943
-65.45413
-64.11486
-64.09132
-65.04952
-64.52713
-63.92071
-61.65167
-63.27532
-63.84769
-61.68355
-63.29833
-64.71847
-61.87436
-61.83733
-63.50957
-62.04729
-63.62375
-63.74636
-63.88785
-64.44917
-63.73161
-64.20947
-58.91489
-58.80809
-60.76827
-60.93325
-62.88224
-62.36362
-60.77672
-62.17636
-62.12943
-60.64266
-61.21899
-60.79985
-62.24063
-60.69580
-59.11826
-61.00887
-61.08501
-60.63266
-62.76974
-62.69019
-63.30514
-65.30282
-63.95335
-63.60793
-63.63459
-64.74951
-61.99660
-59.74118
-62.37599
-63.60665
-61.74008
-62.48059
-62.43170
-62.87842
-64.48995
-62.67050
-60.74311
-61.05642
-62.92806
-61.81161
-60.00051
-61.01453
-62.30890
-61.60161
-60.66338
-61.52004
-63.13507
-65.78022
-64.79871
-63.84692
-66.39938
-66.11832
-65.52198
-61.51356
-59.88142
-60.46421
-60.38433
-60.51029
-61.44124
-60.48127
-62.04417
-63.78531
-61.59108
-61.20012
-60.90272
-62.69014
-60.79351
-59.82717
-61.74330
-62.49271
-61.89561
-62.92704
-62.63854
-63.10858
-62.63452
-60.85888
-61.40669
-60.12204
-60.27124
-60.62656
-60.59534
-62.77178
-64.57808
-62.01978
-62.48494
-63.60825
-63.16680
-65.61119
-65.23461
-63.78887
-63.10060
-64.40757
-63.86943
-60.83958
-62.91494
-63.91194
-63.29118
-65.46736
-65.13090
-63.87575
-65.45192
-64.28056
-64.08063
-64.78785
-64.59911
-64.78191
-60.15889
-61.49654
-65.53795
-63.34192
-62.31744
-63.92532
-63.29988
-65.30128
-65.21234
-63.50791
-64.96600
-64.23712
-64.97516
-61.99646
-62.59845
-67.03753
-65.43320
-62.98218
-65.02431
-65.53714
-66.51838
-68.09225
-65.84317
-65.13618
-64.46237
-67.90344
-63.16105
-60.55692
-63.03350
-63.24877
-61.53999
-62.58584
-62.65400
-61.48091
-63.82565
-63.01120
-62.95830
-61.38243
-62.19023
-62.30652
-59.87061
-60.79941
-61.39871
-61.70522
-62.01214
-62.66985
-62.55025
-63.95860
-63.61237
-62.96590
-62.77047
-62.40955
-62.94073
-61.00632
-61.28474
-62.04816
-61.86444
-62.93722
-62.42827
-61.85037
-63.74241
-63.14156
-62.43518
-63.31060
-62.90181
-62.75621
-60.30565
-61.11370
-64.25415
-63.02992
-61.77820
-62.94778
-62.91806
-64.06493
-63.92184
-61.70228
-61.21710
-60.99125
-62.10156
-60.72293
-59.80115
-62.75536
-62.64622
-59.98898
-61.20341
-61.05849
-62.83659
-63.98841
-62.56355
-62.55038
-62.00590
-62.69756
-61.79340
-61.06390
-63.00132
-63.57282
-61.24118
-61.64826
-62.14522
-61.97877
-63.63637
-63.29605
-61.98002
-61.06372
-61.39303
-62.72826
-60.40674
-60.89412
-62.13789
-61.80245
-62.87376
-62.76783
-61.81905
-63.86351
-62.70686
-62.02521
-63.28559
-62.09777
-63.33845
-61.61882
-62.54247
-63.84437
-62.69745
-61.12564
-61.60072
-61.60060
-63.16291
-63.27629
-61.56975
-61.57452
-60.49269
-61.30870
-58.77212
-59.96252
-62.45853
-61.48572
-60.87354
-61.26184
-61.69066
-63.23148
-64.23669
-61.52611
-61.25197
-61.20247
-61.24289
-62.11393
-63.59077
-62.18825
-60.15155
-60.66927
-60.99815
-60.60466
-60.75724
-62.32799
-61.76947
-61.61154
-63.61427
-63.20437
-62.49343
-61.20555
-61.51723
-60.85414
-62.22598
-64.15295
-62.64562
-61.62400
-62.67045
-62.79947
-62.00365
-62.01963
-62.22338
-64.22062
-61.08071
-60.78796
-62.67522
-60.93639
-60.70725
-63.59994
-63.20261
-63.49395
-62.99693
-61.45110
-60.78297
-60.81041
-62.54098
-59.99020
-59.30215
-61.84165
-62.51542
-60.71990
-61.78202
-61.97427
-63.42190
-65.78924
-63.55612
-62.20141
-61.86054
-63.95773
-61.64912
-60.51645
-63.68288
-64.43897
-61.67687
-62.44484
-63.96486
-62.58160
-65.61037
-64.80974
-64.04819
-63.79571
-63.20950
-62.22309
-59.38683
-61.27709
-63.24459
-61.52206
-61.19939
-63.31616
-63.45771
-64.92863
-64.56900
-64.29646
-63.72803
-63.53988
-63.78077
-60.14330
-62.11476
-65.57329
-62.53057
-60.43563
-63.23431
-63.20203
-64.67703
-67.24330
-66.33504
-64.57657
-62.63405
-65.32478
-60.42176
-58.93456
-61.59654
-61.03949
-61.16709
-62.35492
-60.82892
-60.94611
-62.10421
-60.64591
-60.85363
-60.85945
-61.53843
-63.26284
-62.92083
-60.97984
-59.60830
-60.30877
-61.32436
-61.12602
-60.88760
-62.67871
-61.35623
-61.18048
-61.95775
-62.40204
-61.58555
-59.84069
-60.97304
-61.11157
-60.97722
-61.18332
-63.16114
-62.75479
-64.24591
-64.35677
-64.42445
-63.77210
-63.59844
-63.66785
-60.01271
-62.68296
-65.07351
-62.70600
-62.29159
-64.53248
-64.43415
-65.48622
-65.10239
-63.71018
-62.48818
-62.71579
-63.98520
-61.27878
-61.68954
-65.03360
-63.63080
-62.86740
-65.38457
-64.55510
-66.61498
-68.69469
-66.36474
-63.81651
-63.56121
-65.71667
-63.06342
-62.59600
-66.44610
-65.98911
-64.15448
-65.12070
-66.58007
-63.94124
-65.45198
-64.76530
-65.41595
-64.58087
-65.69227
-62.87378
-57.59749
-59.52079
-59.07306
-59.35559
-60.20454
-60.71409
-60.91379
-62.28870
-62.09993
-61.00953
-61.22850
-61.18397
-60.84044
-59.38936
-60.01661
-60.26155
-60.60193
-60.70671
-62.69493
-62.94242
-64.32996
-64.37568
-63.27280
-63.05016
-63.13679
-64.48910
-61.06751
-61.26750
-63.77684
-62.65732
-62.33016
-62.01094
-61.07381
-61.01888
-61.00163
-60.41495
-59.70142
-60.54288
-61.84005
-61.03503
-59.47223
-61.40455
-61.25368
-58.58611
-59.41526
-59.68993
-61.18166
-62.72540
-59.93442
-60.85276
-63.04789
-64.89412
-60.91999
-57.19677
-59.00424
-59.80020
-60.46081
-61.52755
-61.25470
-61.26596
-63.38584
-62.07829
-61.04100
-61.60617
-61.88537
-61.75715
-59.18582
-60.46668
-62.42681
-61.70126
-61.52223
-63.67382
-62.82931
-62.96639
-62.04595
-60.76608
-60.41404
-60.92960
-62.21847
-58.48528
-58.70203
-59.87224
-59.96550
-61.96440
-62.19226
-60.79479
-61.89496
-62.90248
-61.31648
-60.60964
-60.58789
-61.13690
-60.16390
-60.76535
-61.76554
-61.04481
-59.98696
-61.04453
-61.34068
-61.90718
-63.49304
-61.78812
-61.04884
-60.96283
-62.19075
-59.83821
-59.11785
-62.07284
-63.97545
-61.36927
-61.20289
-61.15965
-61.33665
-63.92009
-61.28091
-60.78696
-61.02239
-61.64305
-61.77621
-60.75806
-63.31297
-63.50739
-61.02462
-61.67423
-61.48984
-61.65971
-63.72681
-62.53855
-62.01029
-63.54309
-64.68579
-66.23713
-61.81292
-60.57357
-60.97461
-61.20398
-62.41037
-61.12737
-59.74861
-59.16331
-59.76854
-58.71863
-58.93651
-59.58334
-59.17292
-59.67505
-59.87797
-60.25901
-59.58777
-58.30619
-59.51086
-59.87912
-60.48908
-60.98181
-59.75894
-59.59591
-60.28576
-61.39521
-59.74711
-58.28628
-59.13438
-60.51805
-60.46895
-60.32057
-59.86832
-61.54699
-63.15452
-61.52896
-61.08086
-60.85390
-61.90110
-60.77691
-59.41185
-60.42041
-61.53175
-60.65174
-59.69313
-61.68080
-59.68056
-59.10972
-60.27270
-59.95105
-59.42446
-59.66385
-60.83950
-59.18696
-59.65207
-61.32844
-60.84906
-60.23553
-61.58364
-61.68576
-63.16618
-62.82122
-61.33820
-60.34548
-60.28574
-63.06284
-60.70990
-60.60528
-62.14030
-61.84664
-61.37981
-61.98486
-61.21803
-61.82132
-62.27201
-60.66234
-61.41942
-60.80202
-60.79542
-59.80257
-60.17843
-60.89180
-61.07572
-60.79476
-61.49205
-61.75654
-61.75532
-64.06361
-61.26435
-60.82852
-61.15496
-62.24534
-60.90042
-59.54748
-60.72503
-61.68243
-60.94497
-60.65921
-60.82118
-60.75579
-63.62272
-61.28632
-61.45239
-60.80565
-60.92718
-60.65166
-58.40306
-60.64545
-61.66599
-59.89476
-60.18040
-60.68755
-59.78724
-62.50062
-62.35596
-60.97293
-60.63162
-60.70289
-59.47105
-59.72829
-61.02603
-59.95788
-59.79621
-59.10665
-60.37979
-58.61724
-60.53877
-62.40309
-60.71968
-60.99661
-61.19984
-62.02528
-59.73510
-60.08061
-59.67910
-59.26469
-59.73802
-60.02616
-59.54120
-60.72847
-61.39985
-59.95366
-60.02862
-59.79199
-60.00509
-59.30024
-59.33286
-60.32408
-60.59331
-59.09275
-59.91099
-60.72514
-60.85263
-61.69339
-60.40205
-60.68320
-59.48645
-59.36939
-59.67185
-58.82535
-59.93089
-60.39948
-59.94802
-60.86764
-62.85479
-62.23519
-63.06674
-62.69709
-60.82513
-60.26366
-60.68586
-60.29889
-58.82160
-60.28946
-60.98460
-61.38771
-60.50009
-61.42122
-60.29356
-59.97431
-62.54738
-61.38807
-59.62214
-60.13479
-63.50681
-60.17791
-59.27328
-61.80427
-61.79761
-61.62793
-62.92935
-62.21882
-63.18015
-64.06207
-63.65131
-62.49936
-61.01477
-61.66518
-61.99411
-62.49888
-61.76105
-60.22932
-60.51792
-61.32826
-61.34138
-61.56292
-61.19784
-61.67382
-61.45573
-61.72450
-61.65560
-61.92944
-63.09715
-61.78724
-60.62069
-61.64139
-61.63481
-61.32406
-62.67745
-62.51265
-60.80471
-60.93518
-58.86972
-58.85144
-60.05687
-58.76451
-58.85442
-59.41990
-60.01425
-59.65363
-60.10573
-59.78555
-61.91092
-60.99169
-60.14154
-59.04934
-59.11940
-60.14194
-60.27704
-64.10920
-62.81768
-60.72675
-59.79186
-61.62491
-61.57329
-61.99638
-64.55418
-62.58377
-61.58963
-61.31309
-61.65385
-63.15956
-61.70584
-62.01487
-61.11581
-60.89586
-63.32176
-62.13008
-62.84349
-65.27172
-63.64766
-61.56262
-61.37778
-62.20191
-62.66613
-61.74238
-63.46088
-64.20415
-63.24519
-62.38901
-62.98782
-63.06822
-66.29857
-63.27799
-61.32793
-63.21209
-61.94354
-60.89854
-57.83347
-59.02867
-61.89020
-61.17367
-62.04130
-61.81782
-60.81026
-63.45983
-62.58198
-62.14328
-59.69140
-60.12553
-62.18848
-60.98992
-60.83067
-61.36249
-62.78506
-62.16327
-62.85967
-62.08912
-62.36698
-62.77153
-63.24705
-61.83224
-63.49197
-63.57972
-62.56350
-61.84758
-64.26091
-62.41843
-57.76445
-61.54740
-62.82429
-64.31482
-67.37333
-65.51571
-63.91126
-62.62983
-65.09724
-61.35779
-58.44630
-60.74606
-62.89655
-63.00069
-64.00158
-64.12940
-61.58182
-63.06757
-65.37135
-63.48182
-63.37270
-65.49619
-66.31483
-63.83913
-64.00524
-65.00846
-61.24115
-61.06939
-63.90145
-63.38493
-66.21554
-65.26765
-65.13545
-65.12797
-64.22407
-63.82226
-59.80915
-59.56926
-63.06687
-62.79150
-61.13523
-62.38253
-63.27662
-67.15414
-70.16481
-67.31343
-63.99364
-64.58446
-66.79374
-65.62720
-64.44373
-64.80184
-63.45054
-62.06673
-64.78624
-64.63733
-64.29225
-68.34818
-67.90475
-65.91779
-64.10190
-63.34319
-63.59853
-63.09827
-64.84136
-64.68072
-63.58145
-63.61982
-64.60089
-64.16992
-68.02536
-68.82723
-66.55283
-64.35145
-64.82119
-64.11220
-58.38756
-59.74727
-61.49028
-61.16491
-63.10397
-64.04189
-63.59418
-64.24009
-65.94229
-62.74960
-57.88424
-59.59214
-62.52816
-60.87646
-62.31243
-63.84179
-63.96317
-63.98557
-65.19422
-63.85909
-61.64582
-62.28852
-63.38211
-62.75956
-63.29153
-62.93486
-63.65907
-63.23400
-63.68093
-62.61782
-60.32807
-62.78456
-64.27946
-65.80162
-67.60053
-67.30805
-64.82563
-63.18581
-66.17914
-65.02361
-60.96590
-61.24835
-64.29692
-64.26400
-65.66736
-65.98693
-63.12257
-62.83144
-64.04996
-63.67487
-62.82903
-63.73687
-64.01241
-63.67873
-64.49471
-65.44917
-60.41976
-59.75220
-63.34490
-62.53791
-62.77665
-64.52459
-65.30754
-62.70898
-62.65133
-63.68648
-59.14494
-59.02277
-62.89609
-63.04627
-61.57113
-61.14554
-61.41670
-64.85973
-66.43656
-64.88819
-64.61265
-63.90529
-64.33466
-64.99573
-64.77376
-64.87511
-62.30259
-61.21716
-64.10825
-63.49684
-65.71309
-67.58450
-65.39831
-63.04957
-62.00201
-64.15876
-61.93208
-61.51007
-62.55516
-62.06051
-62.34249
-62.61818
-62.42260
-62.86074
-67.57533
-65.78559
-63.67874
-62.60531
-62.93075
-62.35040
-60.28179
-62.47744
-62.39131
-61.04828
-61.37268
-63.26825
-63.11267
-66.13020
-64.96872
-63.93032
-62.57111
-61.58266
-63.41819
-58.76289
-59.41802
-61.54869
-60.26151
-61.33343
-62.83614
-62.50508
-64.40589
-66.51396
-64.04497
-62.43802
-63.02734
-64.37967
-61.89831
-62.14245
-63.85842
-61.67483
-62.00000
-64.67450
-63.82794
-65.94840
-68.62543
-66.64464
-65.09554
-63.13664
-66.04764
-60.93192
-57.65611
-60.38592
-61.26202
-58.86174
-59.94244
-61.33378
-61.66057
-63.12967
-62.77677
-63.10117
-62.70992
-63.66590
-64.03273
-64.04096
-64.98004
-64.28047
-59.22917
-60.44722
-64.09247
-62.90877
-65.14975
-63.71933
-64.72159
-63.75800
-64.14316
-64.36756
-58.38990
-59.37406
-62.97947
-62.22587
-62.45878
-62.02509
-62.27958
-65.46675
-66.74301
-65.27570
-65.31459
-64.47033
-64.86054
-65.57203
-65.54817
-64.73436
-62.31307
-62.80694
-66.12837
-63.75975
-65.63959
-69.33287
-66.08455
-63.80956
-63.65223
-65.55412
-61.99170
-62.36076
-65.11433
-64.47394
-63.66675
-64.04376
-63.80085
-64.80262
-69.82325
-67.31473
-64.56910
-62.53831
-63.94307
-62.62830
-61.70254
-63.68313
-63.20294
-62.35840
-62.10922
-63.88559
-63.47362
-66.07879
-64.95521
-64.32133
-64.57756
-64.38512
-64.18887
-61.32576
-61.53631
-63.30148
-61.68105
-61.48172
-62.69081
-62.07657
-65.83975
-65.89421
-64.20156
-63.39755
-63.08309
-63.19000
-63.22760
-63.48664
-65.33640
-62.58531
-61.87020
-64.65280
-63.51414
-67.09635
-68.38433
-66.92462
-62.85106
-61.72347
-65.24499
-60.64594
-58.98253
-63.94612
-63.19878
-61.71312
-62.50757
-63.07614
-64.30224
-65.97898
-65.65503
-63.63431
-63.88708
-64.65647
-64.51038
-62.64174
-64.64158
-64.26976
-63.09085
-64.85672
-65.40953
-64.89542
-62.36750
-62.71736
-62.48021
-60.10216
-64.59212
-64.66146
-58.78189
-60.81032
-63.61750
-62.96595
-61.47212
-61.01786
-61.92253
-63.09191
-64.47531
-64.56843
-63.40273
-62.42071
-64.27923
-63.56136
-63.58717
-64.54596
-63.68665
-63.21245
-63.45163
-62.64331
-63.99664
-64.19606
-62.29592
-61.55021
-61.01086
-62.82172
-58.69583
-58.31240
-59.58957
-58.98830
-59.91629
-60.93203
-60.92887
-62.42060
-64.22360
-62.11778
-61.67057
-60.62355
-61.09696
-59.21209
-58.97163
-61.59161
-63.03462
-62.55411
-62.57521
-61.72229
-62.45982
-62.04306
-61.45208
-59.38583
-58.09268
-60.85960
-61.55740
-62.06371
-61.21909
-62.71561
-62.12825
-61.29753
-62.24053
-61.61306
-60.89529
-62.69559
-61.92279
-61.33402
-62.13787
-61.35847
-61.40583
-61.92427
-63.51102
-59.41866
-59.49556
-62.53558
-63.16707
-64.35732
-62.94164
-63.03176
-62.17596
-61.65276
-63.64438
-59.52636
-59.97459
-62.87651
-62.95267
-64.34776
-64.07795
-62.88156
-61.30814
-63.22224
-63.39312
-62.87589
-62.34419
-62.83315
-64.55207
-63.58988
-63.56353
-62.54404
-60.02558
-62.05397
-62.87068
-62.49564
-65.41892
-63.51755
-63.14307
-63.74033
-65.30908
-61.37562
-58.59843
-60.38036
-61.95552
-62.39427
-62.50936
-62.76847
-63.13728
-64.76924
-64.22521
-62.39721
-61.76484
-64.03815
-64.98863
-62.21281
-63.27184
-62.53909
-60.99204
-62.30391
-64.29189
-64.01580
-62.85957
-62.09160
-61.21657
-60.86276
-61.28389
-63.23138
-60.16734
-59.75223
-61.29053
-60.27888
-61.78175
-62.35796
-62.00240
-63.21528
-62.32370
-62.31492
-62.44820
-60.47139
-61.85534
-60.76379
-59.84946
-62.70130
-62.44901
-60.81673
-62.82846
-63.47771
-62.61155
-61.98125
-61.70346
-59.30917
-57.51063
-59.75757
-59.87394
-58.86512
-59.44623
-60.51088
-59.80920
-59.56285
-59.56673
-59.38843
-60.14884
-60.74475
-60.18530
-62.25879
-64.31580
-63.00303
-60.94800
-60.24547
-61.99625
-60.00592
-61.17657
-62.96782
-62.93647
-63.04541
-61.93025
-60.96373
-60.34565
-60.63642
-60.77436
-60.47639
-60.77401
-61.67033
-62.12962
-62.22766
-63.19866
-63.14810
-60.68307
-61.36587
-62.27828
-62.90250
-62.98213
-63.02723
-63.49788
-64.22280
-65.12017
-62.46427
-59.70413
-61.07592
-63.86746
-62.44944
-61.28608
-60.84027
-62.21437
-62.99633
-63.48608
-61.47758
-59.40943
-60.52441
-60.41645
-60.19339
-61.23357
-61.91423
-63.56914
-64.61334
-62.79458
-61.02876
-61.19024
-62.08313
-63.09365
-62.81492
-63.12841
-63.07040
-60.68501
-61.13125
-61.23646
-62.73383
-65.80146
-63.60987
-62.86304
-61.45524
-61.72511
-61.71105
-59.18740
-59.85557
-61.64855
-60.88595
-60.22715
-61.03195
-60.69122
-62.65653
-63.65532
-61.25082
-60.57005
-60.61380
-61.47670
-59.83066
-59.66372
-61.73211
-62.07905
-62.13686
-62.93775
-62.72420
-62.74124
-62.77587
-62.01311
-61.17522
-60.95704
-62.28828
-61.80860
-61.67438
-62.16862
-63.24023
-61.58321
-61.66856
-62.89826
-59.94549
-59.80836
-60.56371
-59.78618
-59.99138
-61.08963
-60.54553
-60.02771
-60.12434
-60.58111
-57.70705
-59.11250
-61.73281
-61.94438
-64.85093
-63.37778
-63.22738
-60.09387
-60.39871
-61.13943
-59.63213
-60.65746
-63.13672
-62.92347
-62.83977
-62.97758
-60.05320
-59.74328
-60.94369
-61.38479
-60.94096
-61.29984
-62.78726
-62.89168
-61.97554
-63.90355
-62.74097
-60.98525
-64.03191
-63.90997
-63.02012
-62.74596
-61.70853
-63.18105
-64.36727
-64.33376
-61.38752
-59.44010
-61.27796
-63.22213
-62.96170
-64.04543
-64.24553
-63.85091
-64.49568
-63.65678
-62.54425
-62.61515
-63.58229
-64.00215
-62.47753
-62.95521
-63.45523
-61.67815
-64.07084
-64.48453
-63.10714
-63.61160
-62.11657
-61.30762
-61.13900
-62.28600
-62.01274
-59.59294
-60.94131
-61.28835
-61.34662
-61.97325
-61.82545
-63.31169
-64.28917
-63.65862
-61.89212
-61.16876
-60.64580
-62.13572
-59.65108
-59.84711
-62.31379
-62.98892
-62.41293
-62.27538
-62.92539
-61.89625
-62.83937
-61.65838
-62.30393
-61.36873
-62.52892
-61.79037
-59.66058
-60.70784
-59.93639
-59.60766
-60.95829
-62.34501
-62.66312
-63.76986
-63.11934
-62.59453
-61.89524
-62.82843
-62.30126
-59.31420
-59.87865
-60.43655
-60.16978
-62.04915
-62.17294
-62.52322
-64.26231
-62.81091
-61.55544
-61.40981
-62.31183
-62.41185
-60.25427
-59.67454
-60.66588
-59.87894
-60.41273
-61.49271
-62.19979
-64.15217
-63.15308
-62.46508
-61.59829
-61.52948
-62.71931
-61.43062
-61.51836
-63.04111
-62.21993
-61.34219
-63.48052
-63.21581
-61.88695
-62.19209
-61.07236
-62.70131
-63.41335
-63.41946
-61.41341
-59.47842
-61.68981
-63.05080
-61.37989
-61.41931
-61.68022
-61.45484
-62.86912
-61.75471
-62.54161
-62.88812
-62.80393
-64.49512
-63.42301
-62.84456
-63.50625
-63.76719
-63.81186
-66.04709
-64.89928
-64.11693
-64.17911
-65.13635
-64.18095
-64.34498
-64.66509
-64.23468
-65.28323
-60.77939
-62.04405
-63.11383
-64.28752
-61.96326
-58.80725
-62.28832
-61.74237
-59.20122
-61.06072
-63.37139
-64.39300
-64.92068
-65.14855
-62.43954
-60.14274
-63.51400
-64.53694
-65.55605
-64.62108
-65.38905
-64.72862
-64.72383
-67.04386
-63.43848
-61.84263
-67.27961
-62.19705
-57.21268
-60.58695
-60.59714
-62.15929
-63.73446
-65.67167
-59.70483
-58.64259
-62.09883
-62.87685
-63.49104
-65.70512
-65.12429
-57.94918
-61.13466
-64.59130
-61.48337
-62.43174
-66.15859
-67.25205
-67.60780
-67.09974
-67.05150
-66.15204
-66.09059
-67.80841
-66.08643
-64.45419
-69.58628
-61.08561
-57.00462
-63.00221
-61.56417
-58.06608
-61.79831
-64.14451
-58.12832
-60.52052
-64.04782
-64.80155
-64.73190
-65.80554
-61.89372
-58.67545
-61.87462
-62.82000
-63.15035
-63.01672
-63.97959
-65.01824
-67.39442
-63.18106
-61.83916
-59.95073
-58.70020
-57.81119
-57.42078
-60.45636
-61.75654
-63.90099
-68.90907
-67.40751
-68.68286
-66.78988
-69.69700
-64.35381
-55.41554
-57.46498
-58.74968
-57.75388
-58.76680
-58.46528
-63.74459
-66.44504
-70.08100
-64.75466
-56.12659
-59.89211
-62.95809
-64.31105
-70.14396
-69.95879
-68.36492
-61.24129
-65.64533
-60.73037
-58.74745
-61.86362
-62.15832
-60.81360
-62.18731
-67.45660
-59.35961
-58.23041
-62.30252
-59.84662
-59.80441
-61.88222
-64.76390
-66.99873
-66.50488
-67.71418
-58.62856
-59.72508
-65.46905
-61.81719
-60.62858
-65.65837
-63.30201
-58.68407
-63.34693
-63.25630
-59.99860
-61.32550
-64.84341
-61.02466
-59.54147
-65.11548
-62.98299
-60.68541
-63.29290
-64.27058
-65.46834
-63.35872
-65.60796
-65.33314
-65.95885
-65.56322
-66.06557
-65.34380
-66.97526
-66.69260
-56.08943
-57.41778
-60.45848
-57.18272
-58.41363
-61.55909
-59.74151
-59.66082
-63.22904
-62.64775
-59.75070
-62.88535
-64.29837
-65.25203
-65.86105
-67.09661
-62.29909
-58.72287
-62.07061
-65.34386
-64.97326
-63.27796
-66.43247
-64.91256
-64.25461
-61.75200
-60.79147
-60.50212
-60.04788
-58.05661
-60.55307
-65.23717
-63.61544
-66.12458
-64.52325
-64.58950
-61.18550
-61.14697
-64.46988
-62.41196
-60.69270
-62.01844
-62.87293
-61.52658
-63.21948
-65.16778
-65.70559
-64.36315
-66.49584
-61.94140
-56.66741
-59.43767
-60.49734
-60.75424
-63.81033
-66.80005
-61.23771
-59.36011
-65.13034
-60.25558
-58.87924
-62.09914
-63.09011
-64.72144
-65.04987
-64.20917
-64.11736
-64.73747
-64.84568
-64.19555
-62.19956
-64.36019
-62.52707
-61.68359
-64.08992
-63.54073
-66.17854
-63.75192
-64.04599
-60.39310
-60.16263
-63.48678
-61.53137
-62.12453
-64.61612
-62.33638
-60.35463
-62.97274
-63.60017
-60.22036
-59.40920
-63.24252
-60.88120
-59.38983
-62.47585
-63.33807
-62.45257
-62.63031
-62.46752
-60.54475
-60.94281
-63.57374
-65.16122
-64.53742
-65.18858
-61.28092
-58.95803
-63.48101
-63.45906
-58.33521
-59.53212
-62.41439
-59.33068
-60.28095
-63.68571
-61.16468
-59.27791
-62.63562
-60.77597
-57.68617
-59.34175
-60.40940
-60.06119
-59.15876
-62.18326
-63.64039
-63.34634
-64.00542
-63.02175
-63.36971
-63.13007
-61.26201
-60.50623
-61.59265
-60.88551
-59.15642
-62.22085
-65.81601
-64.78269
-63.98868
-63.73257
-64.35968
-61.98452
-60.81952
-59.95978
-59.91217
-59.83952
-61.05735
-60.85717
-59.10610
-60.92518
-61.05837
-62.29064
-66.10355
-63.81919
-63.96112
-63.88146
-64.60608
-62.55778
-62.26506
-63.73998
-64.68159
-62.62827
-61.50738
-63.02534
-60.56570
-61.33747
-60.62171
-60.77100
-60.93275
-62.49389
-62.37814
-61.23488
-63.77120
-62.92783
-62.33840
-63.29956
-65.47983
-62.58911
-58.06974
-59.96414
-60.86421
-59.88085
-61.82887
-62.80671
-62.17553
-60.52864
-60.58520
-58.72373
-59.24453
-58.49670
-56.85700
-57.36000
-58.51756
-58.97541
-59.54175
-61.41980
-59.65856
-58.75227
-60.39959
-60.24218
-58.69399
-59.00947
-58.99348
-59.26328
-59.73267
-59.41400
-60.41255
-59.27461
-59.01630
-60.37396
-58.46740
-58.26648
-58.42158
-58.08276
-60.02572
-62.28544
-60.91391
-58.72542
-61.17193
-61.30355
-58.55254
-58.64378
-58.96543
-58.67462
-59.71801
-62.16754
-60.17028
-59.50545
-62.52792
-62.66720
-62.24046
-60.25645
-59.36043
-59.26893
-57.35692
-58.29965
-58.92616
-57.95336
-58.76719
-59.36119
-58.63359
-59.10149
-58.96230
-58.82626
-57.78678
-58.23219
-59.33067
-58.39476
-59.09817
-59.54634
-59.71008
-59.24718
-60.85686
-60.34160
-59.41467
-60.29244
-59.63289
-59.50845
-60.06614
-60.83766
-60.07579
-59.80194
-60.95966
-61.03251
-59.75800
-61.15952
-62.01966
-60.52801
-62.02946
-62.22011
-61.33450
-61.44057
-62.13906
-60.94184
-60.11214
-61.75968
-62.41469
-61.93162
-62.94763
-63.19029
-60.97748
-61.25853
-61.39729
-61.40201
-61.74534
-62.37751
-61.83891
-61.12907
-63.12408
-63.83920
-62.94910
-61.98365
-62.84950
-62.68994
-62.92054
-64.21107
-62.45455
-63.33180
-64.69481
-63.75840
-61.11651
-61.74365
-64.18179
-62.87160
-62.28951
-64.19796
-63.03456
-61.26911
-62.67131
-62.44289
-62.01754
-62.62035
-63.57603
-60.24948
-60.46633
-64.45562
-63.88527
-62.13575
-63.89280
-64.93868
-62.56194
-63.34349
-63.26173
-62.81227
-62.88468
-64.88197
-63.33343
-60.85382
-62.19032
-62.60411
-63.94179
-64.66525
-64.40247
-61.06901
-61.20026
-64.00284
-63.44690
-63.46722
-63.36624
-63.95255
-60.85716
-61.74434
-63.05379
-63.88494
-64.07561
-64.33779
-62.85240
-60.30948
-61.42937
-62.30680
-62.33641
-63.15023
-64.05972
-60.54343
-61.24531
-62.82870
-62.82633
-62.12249
-65.29512
-63.70978
-59.80773
-61.33737
-61.34392
-61.34037
-61.87486
-61.93947
-60.44551
-60.90781
-62.92132
-63.44388
-61.69168
-63.03710
-62.36124
-60.64234
-62.94116
-62.29404
-61.64457
-61.99249
-63.34683
-61.99367
-62.08204
-65.04911
-64.34246
-63.11426
-63.72288
-63.71682
-61.17875
-61.73575
-61.88129
-62.34095
-62.18008
-62.70750
-62.16850
-60.61397
-62.89667
-63.69571
-62.89137
-62.74973
-63.96841
-62.97646
-63.17315
-63.79764
-63.22787
-63.03207
-63.19279
-62.96233
-61.27417
-63.40796
-66.58364
-62.11349
-60.71492
-61.90559
-62.24559
-63.63795
-62.89027
-62.92266
-62.84283
-62.29100
-63.59685
-60.07326
-59.97356
-63.62763
-62.34565
-63.34488
-63.25152
-62.60053
-64.04161
-64.03572
-63.62841
-60.05255
-58.76162
-61.88824
-60.95994
-60.42110
-62.06399
-62.27376
-62.33978
-61.69851
-62.81917
-59.97968
-60.33390
-61.18231
-60.14140
-60.33701
-61.47523
-59.67070
-57.45813
-60.22629
-60.90710
-61.28519
-61.37547
-61.06449
-60.45937
-60.02282
-60.70601
-61.52558
-60.56225
-61.59310
-61.81511
-59.93766
-61.24537
-61.52704
-61.40123
-61.00723
-62.79202
-60.37971
-59.50031
-61.28004
-60.26238
-60.31152
-61.64177
-61.21949
-60.00045
-60.87087
-62.34850
-61.80832
-60.56768
-62.01148
-61.73656
-61.68238
-62.39039
-61.97148
-62.24752
-62.08756
-63.00538
-61.03346
-61.19146
-63.78981
-62.58971
-61.34592
-63.30756
-63.40006
-60.67699
-62.18863
-61.76115
-62.28588
-62.75329
-62.14800
-61.52452
-61.34662
-63.26599
-62.55457
-61.97212
-61.00453
-62.18238
-62.20447
-63.29683
-63.50097
-62.19947
-63.47739
-63.37022
-61.51670
-59.67565
-61.41569
-63.26903
-61.79206
-62.30604
-64.06630
-61.98707
-62.01430
-63.34293
-62.50951
-62.10552
-62.82990
-63.08617
-60.33393
-61.47199
-64.76509
-63.88509
-62.79050
-62.90015
-63.98671
-62.13425
-61.46909
-61.86484
-61.92140
-61.86545
-64.11895
-62.23890
-60.65926
-62.96420
-62.50745
-62.72301
-63.73282
-62.92270
-60.35210
-61.86365
-62.54298
-62.96043
-62.89447
-63.35204
-62.69759
-61.19554
-62.36660
-62.39850
-63.91477
-63.86918
-65.40241
-61.66326
-60.28177
-62.33358
-61.65715
-61.25751
-62.51477
-62.76415
-60.60706
-61.51185
-62.31392
-61.25768
-62.21516
-64.20562
-62.02599
-59.68186
-60.07740
-60.70590
-60.52342
-60.90243
-60.62178
-59.96479
-61.39181
-62.72894
-62.47117
-61.39248
-62.43240
-61.94758
-61.69301
-63.38600
-62.32705
-61.92531
-62.03212
-63.39224
-60.93558
-60.78970
-63.56897
-63.43367
-62.34993
-62.67697
-62.62866
-60.70861
-60.97939
-61.06453
-60.94063
-60.76226
-61.21654
-60.94967
-60.30956
-62.15689
-63.52318
-61.76791
-61.33627
-61.18828
-61.32980
-63.22831
-63.14310
-61.76661
-61.87869
-62.58027
-61.70470
-61.33613
-63.63502
-65.19060
-61.83675
-60.60141
-60.80147
-61.27551
-63.53568
-63.22386
-62.21982
-62.75606
-64.46662
-62.44841
-58.90340
-59.84423
-60.56461
-61.26785
-63.15671
-62.32508
-61.81424
-61.68237
-63.19055
-62.27267
-58.90851
-59.28027
-61.39820
-59.81280
-60.76245
-61.39803
-60.71568
-62.10650
-62.82223
-61.61035
-60.26619
-62.88097
-62.10000
-61.59780
-61.47554
-62.63422
-61.77089
-59.73870
-61.97519
-61.30834
-62.50105
-63.25508
-62.83003
-60.68281
-60.93414
-61.54572
-59.98105
-61.25670
-61.15560
-61.08760
-60.08197
-62.25600
-63.21466
-61.76567
-62.18922
-63.26147
-61.86859
-59.24968
-60.26642
-61.05916
-60.20660
-61.34066
-62.55675
-58.85415
-59.86522
-61.34533
-61.74672
-61.92211
-62.51786
-62.38446
-61.02020
-62.16233
-61.08658
-61.91868
-61.65580
-62.29675
-60.37488
-62.01196
-64.40776
-63.33752
-63.43696
-63.75981
-62.95618
-60.40650
-62.24268
-62.27135
-62.54090
-63.08249
-63.73075
-61.24107
-61.18803
-63.81880
-63.22367
-62.31234
-62.79011
-63.91210
-61.93595
-63.35022
-63.20643
-63.63780
-63.65340
-63.77748
-62.80410
-61.00802
-63.16254
-64.63980
-63.75030
-64.23935
-66.07048
-62.61835
-63.29395
-63.72198
-62.72879
-62.56432
-63.49337
-62.74670
-59.98639
-62.90761
-65.16546
-62.58941
-60.36129
-60.39790
-60.81278
-59.19422
-58.70539
-59.33035
-60.28958
-60.49918
-61.62576
-59.90310
-60.33234
-61.42404
-58.51150
-59.21315
-58.82023
-58.91256
-60.04285
-59.59493
-59.40947
-59.20013
-58.70753
-60.68683
-58.98216
-57.80776
-59.01856
-58.88115
-59.68089
-59.17048
-59.71688
-59.64480
-60.31028
-59.68889
-59.07072
-58.98082
-59.46011
-58.99648
-58.43742
-60.47390
-60.72675
-60.37482
-60.68586
-61.08515
-60.79302
-60.06636
-59.20127
-59.35938
-60.13232
-60.19769
-60.27305
-59.36775
-59.70031
-61.62145
-60.61833
-60.71730
-60.83197
-60.71288
-61.20797
-60.63984
-60.82586
-60.27054
-60.58381
-61.30698
-60.03734
-60.02839
-61.85734
-60.92220
-61.30938
-62.10010
-60.29074
-61.01245
-61.73249
-62.98502
-62.20437
-60.57169
-61.14339
-61.14328
-62.53024
-62.70124
-62.36467
-62.87620
-62.45925
-61.85903
-62.85162
-63.38830
-61.42063
-62.81777
-61.79161
-60.98353
-62.57395
-61.06069
-61.03742
-62.93565
-64.00942
-63.51649
-63.87703
-61.67988
-62.47949
-62.74983
-62.28584
-62.28995
-63.39143
-61.96048
-56.20134
-56.04264
-56.19820
-58.01911
-59.55216
-57.68158
-58.99227
-59.83464
-59.67679
-59.34158
-59.01567
-60.12512
-60.18028
-58.77279
-59.55290
-59.91189
-59.39060
-59.07771
-57.69417
-57.73237
-58.81351
-58.53222
-58.79748
-58.91191
-58.86245
-59.97218
-59.79027
-59.62673
-59.83438
-59.87404
-60.27929
-60.53823
-60.32709
-60.12031
-60.83759
-59.79538
-59.56429
-59.37180
-59.10012
-58.70661
-57.95037
-58.90772
-59.02068
-58.87538
-59.66311
-59.45276
-59.84689
-60.08421
-59.13355
-59.88781
-59.52359
-59.87947
-58.74331
-57.84099
-57.83158
-58.04264
-59.94228
-59.41745
-60.11848
-60.13330
-60.79879
-60.85174
-59.78449
-60.01177
-60.71642
-60.29869
-59.59188
-60.64709
-60.37349
-60.27556
-60.57988
-61.39218
-59.59751
-59.81345
-60.88010
-60.53099
-59.12235
-60.18902
-60.61380
-59.22567
-61.21457
-61.78557
-61.65625
-60.02683
-61.28138
-60.81506
-61.50791
-62.93300
-62.54310
-62.54214
-63.24042
-62.25106
-59.58157
-60.00448
-61.05026
-61.99088
-60.75959
-60.74846
-61.12320
-61.65537
-62.03517
-61.92418
-61.22691
-60.70771
-62.62184
-61.20447
-59.54392
-62.99870
-62.31940
-61.40677
-61.91415
-60.17786
-60.19361
-61.27132
-62.48097
-62.85425
-61.19626
-62.02910
-62.45560
-59.76477
-59.88973
-61.42412
-60.79755
-61.94269
-63.58300
-56.49779
-55.92617
-57.87794
-57.71273
-59.36110
-60.60982
-60.01483
-59.80812
-59.84884
-59.26009
-60.28420
-60.53796
-60.48769
-60.45392
-59.90949
-60.17788
-59.30873
-58.92237
-60.57691
-59.69476
-59.22489
-58.84121
-60.03742
-60.54178
-59.47194
-60.05154
-59.91352
-58.97048
-58.41972
-58.71947
-57.84598
-57.68074
-58.68785
-57.13555
-56.54498
-57.01731
-57.24413
-57.97748
-57.85078
-57.92628
-58.61863
-59.14263
-57.96491
-58.08359
-58.36719
-57.67647
-57.68186
-57.75117
-58.63190
-59.42306
-58.95943
-58.52472
-59.19547
-59.58027
-60.27104
-59.77169
-58.79142
-59.85637
-58.46708
-59.47599
-58.60534
-58.16560
-60.06583
-59.35106
-59.67959
-59.40049
-59.33016
-59.55787
-58.90799
-58.85894
-60.25165
-59.04789
-59.59150
-59.40877
-58.88225
-59.32517
-60.52594
-60.40346
-59.96338
-60.61815
-60.73318
-60.39783
-60.10510
-59.48933
-59.07478
-60.37399
-59.08293
-59.09572
-59.63421
-59.78838
-60.05529
-61.63534
-60.23391
-59.46585
-59.78170
-59.10137
-59.73036
-60.17227
-61.09271
-61.94431
-59.26315
-60.16475
-59.72378
-59.35044
-62.60273
-59.94910
-58.97557
-62.16391
-65.67465
-60.60251
-60.22829
-59.92393
-59.39045
-57.48932
-56.77582
-57.45011
-58.26249
-60.59904
-59.28727
-58.01054
-57.37565
-57.15670
-57.25899
-57.72332
-58.38773
-60.91331
-61.14363
-59.99687
-62.24251
-60.14967
-57.51703
-58.56121
-59.03048
-60.69703
-60.81121
-60.94156
-60.65608
-59.96216
-60.36240
-58.64437
-57.59295
-57.99814
-58.20739
-59.25450
-59.26540
-58.73331
-60.24322
-60.74064
-59.32226
-58.15242
-58.63052
-59.09751
-59.11625
-59.52278
-60.81140
-60.94422
-59.66142
-58.94008
-59.44584
-56.74441
-57.07758
-58.33633
-58.15669
-58.96919
-58.15451
-58.62582
-58.60326
-60.02508
-59.99415
-59.17986
-59.73808
-59.83374
-60.60317
-60.60290
-59.80541
-59.50232
-59.62417
-60.09680
-59.50459
-58.33402
-59.06840
-59.69248
-60.23301
-59.51596
-58.47874
-58.12860
-57.94889
-58.29945
-57.27016
-57.68059
-57.93585
-58.21032
-58.23303
-57.45187
-58.91039
-59.89173
-58.79899
-59.08220
-58.43491
-59.07911
-60.38374
-58.89558
-59.05339
-59.20912
-60.06973
-59.34198
-58.30968
-58.02904
-58.81155
-60.86739
-60.69886
-59.76549
-59.10280
-59.92659
-60.02017
-60.41827
-60.42504
-59.38305
-59.39540
-59.15369
-58.79491
-59.76154
-60.08178
-59.68779
-60.09785
-60.41899
-61.27035
-60.59812
-60.77456
-59.82042
-59.68082
-59.20276
-57.31025
-57.76501
-58.65660
-59.00041
-59.74880
-60.06322
-60.31281
-60.37045
-58.04165
-58.55738
-59.64673
-58.47707
-59.50827
-56.66127
-56.37296
-59.16892
-58.43640
-58.78430
-59.39969
-59.45392
-59.63933
-61.03746
-60.50366
-60.26164
-59.04370
-59.36549
-60.17879
-59.23680
-59.77698
-59.91121
-60.28829
-60.43600
-60.51687
-60.91467
-60.16079
-59.45999
-60.51067
-59.41190
-58.63426
-59.17030
-59.18006
-58.29513
-59.45814
-60.66975
-59.77907
-59.31019
-59.74607
-60.64967
-60.18761
-60.37014
-61.13826
-60.30203
-59.55199
-59.40843
-58.98617
-60.06944
-60.20914
-60.33693
-60.63921
-60.39180
-60.32733
-60.62681
-60.31659
-60.74633
-60.80316
-59.62504
-59.97183
-59.81532
-60.98315
-59.82138
-60.33959
-60.55736
-60.46021
-59.31763
-57.54908
-58.90096
-60.38572
-60.11181
-60.56288
-60.07861
-58.35621
-60.50980
-57.97436
-56.98918
-57.97325
-58.51030
-58.94004
-60.42710
-59.74747
-59.50341
-57.73939
-55.88186
-57.83070
-57.72529
-58.17018
-58.35013
-58.56739
-59.57960
-59.15320
-57.62928
-59.48459
-58.74742
-58.56274
-59.01995
-59.08377
-59.81269
-58.28598
-58.07364
-58.71796
-58.12701
-58.51569
-59.22222
-58.17266
-59.71948
-59.15099
-59.27030
-57.95694
-58.17687
-59.82140
-57.62488
-58.65981
-59.44913
-58.45872
-58.31042
-58.80833
-58.81734
-58.23130
-59.55916
-59.36247
-59.18258
-59.17607
-58.83923
-58.62721
-59.01853
-60.07153
-59.51729
-59.18216
-59.60570
-59.55669
-58.00706
-60.05665
-59.62862
-58.50068
-59.92135
-59.18101
-59.07511
-57.71412
-58.05581
-59.73096
-59.55226
-60.20222
-60.24590
-59.69925
-60.04448
-58.81277
-58.40484
-60.12050
-59.36108
-57.51572
-57.33909
-57.99895
-58.57665
-58.59811
-59.61885
-59.02056
-58.54575
-59.08765
-59.39900
-60.14035
-59.71790
-59.85420
-59.93475
-58.99388
-59.41247
-60.23503
-59.55682
-59.64605
-59.22902
-59.18345
-59.08701
-58.95517
-58.45071
-59.12676
-58.98914
-60.10154
-60.20305
-58.90908
-59.07386
-57.58806
-58.63617
-60.33181
-60.24870
-59.49270
-60.29792
-60.56837
-60.20927
-59.72933
-59.16659
-56.16044
-57.70752
-58.69855
-58.08361
-58.98590
-58.70771
-59.40780
-57.81050
-59.55046
-59.09216
-58.23966
-58.22490
-59.72584
-59.68381
-59.48795
-57.56260
-57.00901
-58.28138
-58.48628
-59.32066
-58.44023
-59.56393
-59.85179
-58.81260
-59.28556
-58.24629
-55.67239
-56.04379
-57.50115
-58.51081
-58.07051
-57.96881
-58.09316
-58.35845
-58.74343
-59.13773
-58.83956
-58.56029
-58.52481
-58.75518
-58.38718
-57.37537
-57.76075
-59.14360
-59.29360
-58.76786
-58.52564
-57.89582
-59.18872
-57.91217
-57.80553
-58.31448
-57.69906
-57.67677
-58.02861
-59.55103
-61.58440
-59.15688
-60.14690
-60.98725
-60.10841
-61.58373
-59.63431
-59.41648
-58.82873
-59.57008
-58.85778
-58.91902
-60.00718
-61.45488
-59.49381
-58.93547
-60.08218
-60.27064
-59.95260
-59.81007
-59.83477
-58.55417
-60.48225
-59.62270
-59.29362
-60.35112
-60.29573
-60.37555
-61.27783
-61.52791
-60.63682
-57.84041
-58.74347
-58.74249
-59.05273
-59.45964
-59.40487
-59.35668
-58.58685
-59.53236
-57.17174
-59.06175
-60.99098
-60.86701
-60.31644
-62.46452
-60.74958
-59.42985
-60.64166
-61.14345
-57.83891
-56.72659
-58.99702
-59.06339
-60.54057
-60.69085
-60.54811
-59.20056
-60.22565
-58.43628
-58.47021
-58.82201
-60.04595
-59.52015
-58.67430
-60.56107
-61.01744
-61.68246
-59.95880
-61.66439
-58.74015
-57.89037
-59.38421
-59.89756
-58.60769
-59.66831
-60.11317
-57.85027
-58.55859
-59.74519
-60.44619
-59.14496
-59.67752
-58.33155
-58.83787
-59.24467
-57.71332
-57.58537
-57.83228
-58.85246
-59.09165
-59.04013
-59.11843
-59.59423
-59.31725
-60.07669
-59.99168
-58.72986
-58.89889
-58.08705
-59.22888
-60.97712
-60.50076
-58.99874
-56.75360
-56.83878
-57.41648
-58.61911
-59.14438
-57.88216
-58.68884
-59.25199
-58.69304
-58.76430
-59.14778
-59.07582
-58.14946
-56.91973
-57.67785
-59.10737
-58.85147
-60.56978
-59.17923
-59.63883
-61.56866
-59.92616
-59.22208
-58.23578
-58.31451
-59.44328
-58.41073
-57.35628
-58.14238
-57.73382
-58.30451
-58.85960
-58.74453
-58.46907
-58.24112
-56.80151
-57.05686
-57.72213
-57.75600
-58.18550
-56.50061
-57.50504
-57.08326
-55.85244
-56.84470
-56.94433
-57.94097
-58.59650
-59.32865
-59.63025
-58.19056
-59.07845
-58.21958
-56.92407
-58.09541
-57.71772
-58.06872
-59.34000
-57.44625
-58.00394
-59.26040
-58.59881
-58.36283
-57.75738
-58.29060
-58.66952
-57.71718
-58.64757
-59.84018
-59.22676
-57.92711
-57.65063
-59.06935
-59.47297
-58.99977
-59.18817
-58.78042
-58.47417
-58.49532
-57.25319
-57.49802
-57.36973
-57.33930
-57.33070
-57.09419
-58.15306
-60.19683
-59.67574
-58.60444
-58.55520
-57.32010
-58.37907
-58.68770
-58.48436
-59.38716
-59.08385
-58.94666
-59.58424
-58.51623
-59.10903
-60.06589
-59.22111
-59.31048
-58.80023
-59.24457
-58.02736
-57.92366
-58.91674
-58.62571
-58.88480
-58.29919
-58.41314
-58.53967
-60.17857
-59.42261
-57.63004
-59.24180
-58.53761
-57.97708
-58.55723
-59.92961
-60.07680
-59.22901
-60.25417
-60.04624
-59.25101
-59.14943
-60.66459
-59.41926
-58.08139
-57.70708
-56.06236
-55.77749
-56.86073
-57.83682
-58.43774
-59.10229
-58.89232
-58.47430
-58.00545
-57.97249
-58.25481
-58.04473
-58.85798
-60.07257
-59.12359
-59.10689
-58.78520
-58.34928
-58.43296
-59.00437
-58.34596
-57.38018
-59.38932
-57.77930
-57.34399
-58.41102
-56.57917
-55.77574
-56.70050
-57.34473
-57.72616
-57.91168
-58.15703
-57.43686
-56.76414
-57.27417
-57.17716
-56.99189
-57.43961
-58.60857
-57.19701
-57.43961
-57.76394
-56.83141
-57.10700
-58.43473
-58.95280
-58.16819
-58.88174
-59.63325
-58.35675
-58.55362
-59.05176
-57.63717
-57.52910
-57.86484
-58.68178
-58.03054
-58.63163
-57.71419
-56.92215
-57.31296
-56.26575
-56.08612
-56.61187
-57.26814
-56.75037
-56.85165
-57.19077
-57.44019
-57.69661
-57.82451
-57.93332
-56.98708
-57.71243
-57.48797
-57.02348
-57.27068
-56.94451
-58.30295
-57.43177
-57.17412
-57.46744
-58.18601
-57.87079
-58.11582
-58.24931
-59.11899
-59.90831
-58.23772
-60.30439
-59.42390
-59.31517
-58.20060
-57.81514
-58.84245
-57.92506
-57.90738
-58.59221
-58.31191
-59.07812
-60.46966
-57.87204
-56.90808
-57.21727
-58.13612
-58.14281
-58.18650
-58.60603
-58.70354
-58.51116
-58.19034
-58.29759
-55.38712
-55.74786
-57.61434
-56.98142
-57.73395
-58.72100
-59.21233
-58.15924
-58.33721
-57.70486
-58.03232
-58.59663
-57.73994
-58.49078
-59.34029
-59.82718
-59.93743
-59.34818
-58.61725
-59.26494
-59.29565
-58.68852
-58.96926
-60.05726
-59.67194
-59.66404
-58.31393
-56.50836
-56.83849
-56.53796
-56.63094
-57.17885
-57.62895
-57.71093
-57.17782
-58.11938
-57.76532
-57.16030
-57.61607
-56.57309
-56.88279
-58.04116
-57.67078
-57.37061
-57.99077
-57.14604
-56.71003
-57.89042
-57.97287
-58.44982
-58.47757
-58.88593
-59.55303
-58.75829
-58.62344
-58.72679
-58.38828
-57.91035
-58.77838
-58.07907
-57.02059
-57.46013
-59.17624
-58.79458
-57.41004
-58.28984
-57.37322
-57.80597
-58.01596
-57.68622
-58.01248
-57.12882
-57.23147
-56.68650
-57.00765
-58.28611
-57.74130
-57.85836
-58.35137
-58.53017
-57.17317
-56.51867
-57.24408
-56.96434
-57.16286
-57.71126
-56.84030
-56.88080
-58.01322
-57.67674
-57.62592
-58.33366
-58.64767
-57.90608
-57.95466
-58.23594
-58.35993
-58.04439
-59.02968
-58.31646
-57.71057
-57.80977
-57.86962
-58.73063
-59.04110
-58.29755
-56.33119
-57.52237
-57.11022
-56.96101
-57.08414
-57.20401
-57.62930
-56.80839
-57.86588
-57.93282
-58.27053
-59.40747
-57.79351
-56.67441
-57.28397
-57.50867
-57.03729
-56.49841
-57.05196
-57.34252
-57.55503
-57.33925
-57.31426
-59.09198
-58.36526
-58.11967
-57.46633
-56.90341
-58.39222
-58.28835
-57.83418
-57.32244
-58.05677
-58.93764
-57.96813
-57.77687
-58.58500
-58.15058
-59.04580
-57.82549
-57.32602
-58.40722
-57.59072
-57.42741
-57.32953
-56.89143
-57.41160
-58.04849
-57.10078
-57.51596
-57.87261
-58.20216
-59.01887
-58.67961
-58.10022
-58.95567
-58.19240
-58.57694
-58.37258
-58.02578
-59.10427
-59.88419
-59.15240
-58.68134
-59.83095
-58.26716
-58.08633
-58.25430
-59.17223
-59.43305
-59.27013
-59.39157
-59.11785
-60.06309
-59.67611
-58.08690
-58.09123
-58.55809
-59.86261
-59.55507
-59.33025
-60.02394
-59.79493
-60.40945
-59.76199
-59.35203
-59.40459
-58.99558
-58.05200
-59.14963
-60.09570
-59.55358
-59.39880
-60.17056
-60.03807
-60.02557
-60.16138
-60.12319
-60.47610
-60.64839
-60.83963
-60.24203
-60.54756
-60.50353
-60.46289
-60.20606
-59.46702
-59.02892
-60.28679
-61.29483
-60.35946
-59.54623
-60.02693
-60.07497
-59.52839
-60.31109
-60.03438
-59.84083
-59.87322
-60.53569
-61.05871
-60.48301
-61.29079
-60.90712
-60.91062
-62.55838
-62.06808
-62.24419
-62.19341
-61.57223
-61.60827
-61.71472
-60.51950
-58.34447
-59.41330
-59.50381
-60.84767
-62.00829
-60.83547
-62.02870
-62.21259
-62.19505
-62.28629
-62.87380
-62.41498
-62.82467
-62.18121
-62.43032
-62.05412
-62.65837
-63.25567
-62.16977
-61.95056
-62.54855
-62.73541
-62.46387
-63.05739
-63.21868
-63.79829
-63.42822
-63.64347
-62.65878
-63.68737
-63.15664
-63.14193
-62.63356
-62.28806
-63.02671
-63.21573
-62.91674
-62.17763
-62.94024
-61.53694
-62.00578
-61.66345
-61.69137
-62.15575
-61.70992
-61.78412
-62.05921
-62.47089
-62.29119
-62.65268
-61.28586
-62.15727
-61.04322
-58.58487
-59.55672
-59.97862
-61.22858
-60.71126
-60.94987
-62.14499
-61.01100
-60.99869
-60.54310
-60.81966
-61.47666
-62.40804
-62.60860
-61.74894
-61.79625
-61.59227
-61.83643
-61.73293
-60.64675
-61.71272
-62.38661
-62.44214
-61.95449
-61.94538
-61.75947
-60.79388
-62.02335
-62.32158
-61.94783
-62.80709
-62.96001
-63.70194
-62.88182
-62.84570
-62.99434
-61.49427
-62.47665
-62.93351
-63.04523
-63.26128
-63.37862
-63.10120
-63.29520
-63.32212
-63.41680
-63.91553
-63.98257
-64.57071
-64.62458
-63.72168
-64.90063
-62.29126
-60.28307
-61.98488
-61.59882
-61.88586
-62.96075
-64.23748
-63.92157
-64.15495
-64.50936
-64.30506
-64.65932
-65.19203
-65.14005
-65.41051
-65.47991
-65.75852
-64.63832
-64.34395
-64.89525
-63.15275
-63.84237
-63.94781
-64.65139
-64.97921
-65.73260
-65.24700
-65.80123
-66.18581
-65.87608
-66.65984
-66.39288
-66.67075
-66.27718
-65.71109
-65.15501
-64.36178
-64.22626
-64.87123
-64.14493
-63.52684
-63.84343
-64.62153
-63.61194
-63.97246
-63.99754
-63.66059
-63.96845
-65.00409
-64.43507
-63.74233
-64.08828
-64.41344
-60.97718
-59.07912
-61.58004
-62.16122
-62.73758
-62.54006
-61.66562
-61.44482
-62.54665
-62.88413
-61.38983
-61.52550
-62.38945
-62.75194
-62.63224
-63.08757
-63.85199
-62.41345
-61.81382
-61.99400
-61.33704
-62.26550
-62.66949
-62.75128
-62.51881
-62.64730
-62.44046
-61.24823
-62.84551
-62.97057
-61.52288
-61.56169
-61.09717
-62.02250
-61.62788
-61.71792
-62.45429
-61.86186
-62.38365
-63.18532
-63.45904
-62.45291
-61.65685
-62.46167
-63.43176
-62.52461
-62.86142
-63.26518
-63.32881
-63.95351
-63.12904
-63.38604
-64.07805
-61.35328
-59.31861
-60.51012
-62.58507
-62.23007
-61.98201
-62.71000
-62.65799
-62.72708
-63.45835
-63.09094
-62.78404
-64.17736
-64.53012
-64.28944
-65.36067
-65.36031
-64.50024
-64.57738
-64.51783
-64.31201
-64.87945
-65.09908
-64.54291
-64.71967
-65.47388
-65.88099
-65.68862
-66.27384
-65.36080
-63.60921
-63.82959
-64.31916
-63.98501
-63.96523
-64.72807
-64.23968
-63.46115
-63.86131
-63.23289
-62.77549
-63.34620
-63.92940
-64.05938
-63.59912
-63.71930
-63.29149
-63.10841
-63.09674
-63.40614
-64.26235
-64.04915
-65.28979
-62.58470
-61.14713
-62.52059
-62.04201
-62.23784
-61.81662
-62.42140
-62.58035
-62.90264
-63.88508
-63.60297
-63.78846
-63.52925
-63.44844
-63.78005
-62.75650
-62.53137
-62.25389
-62.20337
-62.44042
-61.43635
-61.10151
-60.65057
-61.93775
-61.60314
-61.93984
-62.07439
-60.96567
-62.13321
-62.01292
-61.96747
-61.85781
-61.78273
-62.62707
-62.31069
-63.13356
-63.06831
-62.18463
-62.84943
-63.25635
-63.13579
-63.56566
-63.46304
-62.46112
-62.82550
-63.17602
-64.33630
-63.79296
-64.72903
-64.12243
-62.43442
-63.73445
-64.85337
-59.91293
-58.36329
-60.43764
-60.45584
-61.34219
-61.32568
-61.86038
-62.41558
-62.83641
-62.97915
-62.27674
-61.93835
-63.65229
-60.93035
-59.18018
-60.75691
-62.00700
-62.26320
-61.52569
-61.62047
-61.24175
-61.82316
-61.98775
-63.16624
-62.83623
-63.29151
-63.30608
-61.10064
-61.05547
-62.08265
-62.01237
-62.49557
-63.65747
-63.87632
-64.43286
-63.32170
-63.98885
-63.86279
-64.60490
-63.49377
-59.83028
-60.74182
-61.45929
-61.80515
-61.58050
-61.58819
-63.04642
-62.88096
-64.05390
-63.30197
-63.65753
-64.51118
-64.66708
-60.02381
-58.40975
-60.20492
-60.44390
-61.77458
-61.48706
-62.29636
-62.17881
-62.81509
-62.33571
-61.69003
-61.44716
-61.33909
-61.45799
-59.98914
-60.58993
-60.74368
-61.14288
-61.44374
-62.09458
-61.26965
-60.81767
-62.09457
-63.17188
-62.05844
-62.31100
-62.10075
-60.27657
-61.50299
-61.79004
-61.65220
-62.21283
-62.06555
-62.25064
-62.10634
-62.12235
-62.96024
-61.60220
-62.05729
-62.78092
-61.24984
-61.95056
-61.49741
-61.12397
-62.60993
-63.53890
-63.04242
-61.56492
-62.78358
-63.48535
-62.16918
-64.05850
-64.98927
-59.25272
-58.55483
-60.11230
-60.30151
-61.57046
-61.86277
-62.65148
-61.65826
-60.83273
-61.56106
-62.04524
-61.15756
-62.32764
-59.43949
-58.30135
-60.03948
-60.37277
-60.28767
-60.42124
-61.48799
-61.53697
-61.74823
-60.73700
-61.46384
-62.44736
-63.47850
-61.78049
-60.38591
-61.38717
-60.69977
-61.57143
-62.40086
-62.00535
-62.62259
-62.76662
-62.55734
-62.59399
-62.60400
-62.91678
-63.23924
-60.07638
-59.80259
-61.17410
-60.90275
-61.33039
-61.16082
-61.28676
-61.10629
-62.13082
-61.22345
-60.57666
-62.38802
-62.91561
-59.01728
-58.33091
-59.62146
-59.35434
-59.47664
-58.78007
-59.06223
-60.51623
-60.55949
-60.10980
-60.07631
-60.76570
-61.76683
-60.84182
-61.20938
-60.94883
-60.59688
-58.94780
-60.67706
-61.42858
-59.48412
-60.73101
-61.20692
-61.79806
-61.32766
-61.21949
-61.05517
-60.20572
-59.80758
-60.93694
-61.70712
-61.73223
-60.11945
-60.61528
-63.37636
-63.04643
-62.53564
-62.28951
-62.70324
-62.71892
-59.76152
-59.90985
-61.42899
-61.38804
-60.88981
-61.10742
-62.38840
-62.33325
-62.00962
-61.75964
-62.47419
-63.45970
-63.35878
-58.93365
-58.86252
-59.89373
-59.88984
-60.36472
-60.97983
-61.11862
-60.46169
-61.63663
-61.67087
-62.04506
-60.76166
-61.45391
-59.85047
-58.97401
-60.76104
-60.95429
-60.82930
-61.15071
-61.20542
-60.49265
-61.30738
-61.40889
-61.70506
-62.13235
-62.10326
-61.03125
-59.47257
-60.32787
-61.03275
-61.09196
-61.37464
-61.36731
-62.66929
-62.51436
-62.33446
-63.00193
-62.25622
-63.00652
-61.57504
-59.44343
-60.05869
-60.47579
-61.36539
-61.19630
-60.69927
-61.16664
-60.52584
-60.86924
-61.81415
-61.62120
-61.70666
-61.27684
-59.67992
-59.43166
-60.06557
-59.63425
-59.37383
-59.60664
-60.14743
-60.20078
-60.17778
-60.58501
-59.76674
-61.23951
-61.32946
-59.40021
-59.65791
-60.18653
-59.84667
-59.78833
-59.79881
-59.77460
-61.45921
-61.67387
-60.91623
-60.63967
-60.92508
-61.23815
-61.35612
-61.78115
-61.63974
-62.05467
-61.32361
-61.29556
-61.16493
-61.53978
-62.28995
-61.19455
-62.34957
-61.78642
-61.34235
-60.95947
-61.13509
-61.11342
-60.35490
-61.76117
-60.28288
-60.97736
-61.50900
-61.35654
-62.44427
-62.83949
-62.48381
-61.50850
-61.03923
-59.96669
-60.19597
-61.17017
-61.18753
-60.33396
-61.37579
-60.80317
-61.36674
-62.27779
-61.47242
-61.69392
-61.97187
-61.80226
-59.51122
-59.19311
-59.09269
-60.62614
-61.69872
-60.74863
-61.56976
-60.96790
-61.67663
-62.57846
-62.95530
-62.45201
-62.61215
-61.71193
-60.70712
-61.12326
-61.99232
-62.72646
-62.04156
-63.54523
-62.40312
-62.70121
-63.23794
-62.83209
-61.85632
-62.93172
-63.54190
-60.90758
-61.16793
-61.22768
-61.84844
-61.82652
-61.76171
-61.79733
-62.04499
-61.99555
-62.65784
-62.03896
-61.34526
-61.20809
-61.27263
-60.85707
-59.44489
-59.06281
-58.97821
-59.65945
-60.45617
-62.46614
-62.09153
-61.38175
-61.02502
-61.51194
-61.89115
-59.67624
-58.67591
-58.62799
-59.24948
-59.44266
-60.22832
-60.79092
-60.79224
-61.81947
-61.43275
-62.35062
-61.66642
-60.27344
-61.21574
-62.11892
-61.91950
-59.82636
-60.91962
-61.48158
-61.46031
-61.49647
-61.14121
-62.49623
-60.62774
-61.04686
-62.22715
-59.90412
-59.09421
-60.31744
-60.07633
-59.73078
-60.56608
-59.75347
-62.07266
-62.96278
-61.57629
-61.76196
-61.65706
-62.52449
-61.38042
-63.00785
-61.54777
-61.60726
-63.86985
-62.90484
-64.66127
-64.69304
-63.92019
-64.85216
-65.45586
-65.06454
-65.42055
-65.31579
-64.18249
-64.18105
-66.02184
-65.82897
-64.79820
-65.17438
-65.43793
-65.50276
-65.31240
-65.38919
-65.26935
-65.29546
-65.77606
-65.86220
-64.60577
-63.28417
-64.15474
-63.99426
-64.41809
-65.34062
-65.29874
-65.33179
-65.13123
-65.48789
-65.16610
-65.31286
-64.91733
-64.34604
-64.70657
-64.91584
-65.43127
-65.30689
-66.07975
-66.06275
-65.09974
-65.43386
-65.46426
-65.51469
-64.89165
-64.50761
-63.31383
-62.29700
-61.74699
-63.13957
-64.23091
-64.20222
-63.43902
-63.74201
-64.02278
-64.22131
-64.35955
-64.26203
-65.12292
-62.47738
-63.29340
-63.68553
-62.59748
-63.56681
-64.19073
-63.99035
-63.72702
-63.87544
-63.94700
-64.20027
-63.69159
-62.16883
-62.31659
-62.54660
-61.87313
-62.45073
-62.81744
-63.00393
-62.73167
-62.55423
-63.74411
-63.21890
-64.28014
-64.96945
-63.25290
-62.37941
-61.00186
-63.09889
-63.37720
-63.36381
-64.76573
-63.98783
-66.33469
-64.37525
-62.92307
-65.08504
-64.52525
-63.76203
-63.94837
-65.42322
-65.34129
-65.20386
-65.99343
-65.18035
-64.75993
-65.20750
-65.20237
-66.00452
-67.07668
-65.80855
-67.01276
-67.19110
-65.83934
-64.57261
-64.97169
-66.40409
-66.56591
-66.21436
-66.65529
-66.48857
-66.13662
-67.09600
-67.44704
-67.25289
-66.64673
-66.56074
-65.62098
-65.46284
-65.92611
-66.74937
-67.57763
-67.40707
-67.59445
-67.71404
-67.10326
-67.07036
-67.11995
-67.73668
-65.24203
-64.55295
-66.30192
-65.63192
-65.88389
-65.68528
-65.86279
-66.27992
-65.96332
-66.50110
-66.71930
-65.67620
-67.17426
-65.79446
-64.62427
-63.02167
-61.34483
-63.60388
-63.98238
-64.60479
-64.24783
-64.33013
-65.29491
-65.25766
-65.79390
-65.24209
-65.36486
-62.35148
-62.03462
-62.99588
-62.85259
-63.88885
-62.98549
-63.38218
-63.29125
-63.49206
-64.64308
-64.92147
-65.16719
-63.63392
-63.78163
-63.27533
-62.60409
-63.07399
-63.59805
-64.68542
-63.90334
-64.25298
-65.02882
-65.03579
-65.22333
-64.34296
-64.74012
-63.33197
-60.46524
-62.18030
-63.51978
-63.46482
-64.87209
-64.56453
-65.61099
-62.47598
-62.65980
-65.00304
-64.03430
-63.20290
-64.19033
-64.88046
-62.71891
-62.95698
-63.32319
-63.47641
-64.15965
-65.69937
-65.97434
-66.06483
-65.19940
-64.61147
-65.44217
-64.88201
-65.26206
-64.48031
-65.88438
-67.12443
-66.09492
-65.69680
-65.64513
-65.19930
-64.76386
-67.09861
-66.24167
-66.20519
-65.41830
-65.79365
-66.27332
-64.08595
-64.94744
-65.31130
-65.35498
-66.22544
-66.21066
-65.88694
-66.41605
-66.95049
-66.89177
-65.68029
-64.34319
-62.64026
-63.16219
-65.04192
-65.31753
-64.26295
-65.02164
-65.10744
-65.69558
-65.41254
-64.87045
-65.28119
-65.50414
-64.29994
-61.89926
-61.58732
-61.13513
-62.86490
-62.38408
-62.63529
-63.52777
-62.91167
-62.51712
-62.88590
-62.92757
-64.54851
-62.26392
-59.90647
-61.95797
-61.86738
-61.76175
-62.85630
-63.32968
-60.63559
-60.87057
-61.54953
-62.35843
-61.98796
-62.57697
-62.19814
-60.96871
-62.60920
-61.30165
-61.59942
-62.45907
-63.77626
-63.27590
-64.06043
-63.97367
-63.13486
-66.21158
-65.56664
-63.36999
-61.97085
-60.82733
-61.00120
-62.35906
-63.22189
-62.38345
-61.54437
-64.34295
-64.22166
-61.73660
-62.42563
-63.81742
-63.56060
-62.27017
-63.28131
-62.31555
-62.49823
-63.60090
-63.69970
-65.40392
-65.14836
-65.00900
-64.95861
-64.90946
-64.26278
-63.91271
-64.02229
-63.08194
-62.94557
-65.00551
-65.82098
-65.68453
-64.94110
-64.60221
-65.25971
-64.78170
-65.44840
-65.14200
-65.13121
-64.68373
-65.39262
-65.26811
-63.77843
-64.20632
-64.39713
-64.46226
-64.53306
-64.18070
-64.71964
-65.46938
-65.20837
-65.34874
-65.62363
-63.92588
-61.00391
-61.35796
-60.86841
-61.19550
-62.57423
-62.25476
-62.73057
-61.85186
-62.93705
-63.44147
-62.96175
-63.68811
-62.42221
-61.02135
-60.57703
-59.72190
-59.99584
-61.17609
-61.45174
-61.12145
-61.21142
-62.48869
-62.89813
-60.57611
-59.48563
-60.57237
-62.07907
-61.00014
-60.07360
-62.10713
-61.40588
-60.67273
-60.40676
-59.47507
-60.76704
-61.49798
-61.37577
-61.74712
-61.89063
-62.40588
-62.84474
-61.63742
-61.37105
-62.06895
-62.08220
-62.02607
-61.64499
-63.15681
-62.54223
-60.48858
-60.81376
-60.28958
-61.14451
-62.89611
-62.90480
-62.85980
-61.80606
-62.21405
-62.32985
-62.43044
-63.68206
-63.09118
-63.92209
-64.61770
-63.60063
-64.03298
-62.53315
-61.70616
-61.57738
-62.21005
-62.16052
-61.05186
-62.63482
-63.06449
-63.39938
-62.28669
-61.45998
-62.45361
-62.71906
-62.27542
-63.02965
-62.74791
-62.18659
-62.62123
-62.93132
-61.77597
-61.19911
-63.80482
-63.29494
-62.96503
-63.06880
-63.03568
-64.19270
-64.85112
-63.41569
-60.95933
-60.07203
-61.55601
-63.02044
-63.61815
-63.99889
-64.39421
-64.15513
-63.61979
-64.53668
-61.41644
-61.44464
-63.36448
-63.71699
-64.14461
-64.25554
-64.92697
-63.78386
-64.27468
-65.06966
-64.87991
-64.15642
-64.01047
-62.06893
-61.58912
-61.38593
-61.18107
-63.16500
-62.52084
-62.59763
-62.57165
-62.94828
-62.60976
-62.31635
-62.80446
-63.07067
-63.44895
-61.95107
-61.85511
-62.18009
-61.97456
-62.19577
-61.87611
-60.52662
-60.37592
-61.63659
-61.36890
-61.47125
-62.65389
-62.34381
-62.40208
-62.29317
-61.49348
-61.33830
-60.74832
-61.29068
-61.93399
-61.78602
-61.84225
-62.24645
-64.28909
-63.28204
-62.32704
-60.78311
-59.56255
-61.64684
-61.98530
-62.43499
-61.34356
-60.64547
-63.71016
-63.20253
-62.52872
-61.08700
-60.92922
-62.08976
-63.16286
-64.48718
-63.03450
-63.09950
-62.71879
-63.10515
-63.93153
-63.54084
-63.27165
-63.67238
-61.88515
-61.78659
-64.25033
-64.23598
-63.27914
-63.22436
-63.81008
-63.91672
-64.22767
-64.12539
-62.09385
-61.46314
-63.06336
-63.80086
-64.65187
-65.35161
-65.13741
-65.50270
-65.35137
-64.07840
-62.30195
-62.04536
-63.09019
-62.66950
-63.70855
-64.11643
-62.90823
-62.04675
-62.83423
-64.12334
-61.20706
-60.69190
-63.06332
-63.84863
-63.26412
-63.75147
-64.06377
-63.60304
-63.57727
-63.84814
-62.73369
-63.97925
-64.74124
-61.78959
-61.40332
-61.57801
-61.40710
-62.27385
-63.87034
-63.19131
-62.86531
-63.19789
-63.63478
-61.88372
-61.65018
-63.47666
-61.34234
-61.06960
-61.67669
-61.74783
-62.15978
-62.04715
-62.00004
-61.18335
-61.16920
-61.53202
-61.85616
-62.47858
-62.78200
-61.81725
-62.17172
-62.79219
-60.41834
-59.91794
-59.78127
-61.27580
-61.55869
-61.93314
-61.43974
-61.31122
-63.47489
-62.44666
-61.39187
-59.80870
-58.03782
-58.25577
-58.69403
-59.31047
-60.83350
-61.83558
-64.70843
-61.25255
-60.37385
-61.41304
-61.59528
-59.82293
-61.44451
-62.79480
-61.76830
-61.93345
-61.25630
-61.93157
-61.83736
-62.90431
-62.63301
-62.99650
-60.01006
-60.74910
-61.97912
-62.42352
-61.17827
-61.49395
-63.44056
-62.50113
-63.28309
-61.54028
-60.33039
-61.60146
-63.15686
-62.63216
-63.52144
-62.74829
-63.18971
-64.81997
-64.72424
-63.50305
-60.48081
-60.35489
-61.82024
-62.34256
-63.52350
-63.08446
-63.92195
-64.00529
-63.99094
-63.02357
-59.80905
-60.86310
-63.14497
-63.18744
-63.00525
-63.45173
-64.13926
-62.60902
-62.76113
-63.89414
-63.09119
-63.10948
-62.83448
-61.88155
-60.62284
-59.56785
-60.31850
-60.96256
-61.65406
-60.84891
-61.17438
-62.50498
-62.02596
-62.60598
-62.59470
-62.78788
-60.78432
-60.31660
-61.40237
-61.25823
-61.13197
-60.40558
-60.42856
-60.28003
-60.53823
-61.20088
-60.25265
-61.38621
-61.48976
-60.26725
-61.54479
-61.43697
-60.32662
-60.01362
-60.45206
-60.40710
-59.75851
-60.62322
-60.90010
-61.70292
-63.47874
-63.39326
-60.66688
-58.25377
-59.33308
-61.13127
-60.78808
-59.94529
-60.06618
-61.66635
-62.93328
-61.24809
-60.06296
-60.03998
-60.22850
-61.21181
-64.23283
-63.64601
-61.38349
-61.71688
-61.98926
-61.68278
-62.67378
-62.64440
-62.69654
-63.80718
-60.56015
-60.76808
-62.04858
-62.69087
-62.53375
-61.19585
-62.31964
-62.84388
-63.44825
-62.86698
-61.06541
-61.52494
-63.08504
-63.35906
-64.23663
-64.45680
-62.71745
-62.71455
-63.43265
-61.47771
-60.18632
-61.99484
-62.29655
-62.04453
-63.71293
-62.18894
-63.42210
-63.48447
-64.38250
-62.95386
-59.44496
-60.44998
-60.78520
-60.65895
-61.37736
-61.95089
-61.92071
-62.54569
-61.11643
-61.61846
-61.64155
-62.50928
-63.34013
-60.16995
-60.19430
-59.93657
-59.61296
-60.05513
-60.14286
-60.54442
-60.06844
-60.87548
-61.21766
-61.17069
-60.56619
-61.28625
-61.11695
-58.94027
-59.66261
-59.25038
-60.02092
-60.25991
-60.74507
-59.70669
-60.24832
-62.12582
-61.97508
-61.03602
-60.29773
-61.76557
-63.26439
-63.57080
-61.22870
-60.96939
-60.58410
-60.94501
-61.20622
-62.78705
-61.78008
-61.98166
-63.90181
-61.82335
-61.76929
-60.42417
-59.78957
-61.39824
-60.60566
-60.41745
-60.72698
-60.19938
-60.79539
-59.04121
-58.64282
-60.61859
-60.22522
-59.79983
-60.91288
-61.09185
-60.38810
-61.36312
-61.35744
-60.81432
-60.33155
-59.15344
-60.02209
-60.74436
-62.30483
-61.79893
-61.06774
-60.81860
-60.98250
-61.24474
-60.79759
-60.51018
-61.95118
-61.36311
-59.60016
-62.06100
-62.41042
-61.98318
-61.51720
-61.28151
-62.96311
-64.90332
-63.36717
-61.46931
-59.42521
-60.12691
-63.55572
-63.21756
-63.83615
-64.51816
-64.24496
-63.41984
-63.23152
-61.37583
-58.80902
-61.24251
-62.29972
-61.53714
-61.83713
-62.72290
-63.72036
-63.42067
-63.45781
-62.12922
-61.91396
-62.11614
-62.90192
-61.58684
-61.08587
-60.43943
-60.73609
-61.01403
-61.09745
-61.53985
-62.51322
-62.94605
-62.43358
-61.36421
-61.65065
-63.42392
-61.60200
-61.63059
-62.26030
-62.09440
-61.75691
-62.65762
-61.67545
-60.30821
-60.65232
-62.45630
-61.60592
-61.87161
-62.29584
-60.43883
-61.76031
-61.60859
-60.32988
-60.17309
-60.30098
-61.33108
-62.16053
-62.61224
-61.63307
-61.86990
-64.73128
-64.14271
-61.20310
-58.78049
-60.30057
-61.18366
-61.19376
-61.59916
-61.40472
-60.34805
-60.21532
-62.78064
-61.25137
-60.86111
-61.71802
-62.06264
-62.15034
-62.50478
-62.16006
-61.57085
-62.02831
-63.24994
-63.22394
-63.03526
-63.60953
-62.71155
-63.23763
-63.74530
-63.24427
-62.19577
-62.29898
-62.91816
-63.73709
-63.32844
-63.93499
-62.54460
-60.13891
-61.98654
-63.10668
-63.23018
-64.28628
-63.89295
-63.56937
-64.35124
-64.75177
-62.88373
-61.17946
-62.88704
-63.56881
-62.71010
-63.65064
-63.92761
-62.72387
-63.19081
-65.94165
-62.45504
-60.13205
-61.90638
-62.45750
-62.20008
-62.92865
-63.70160
-63.63155
-63.65413
-64.53234
-64.21837
-62.94583
-63.53770
-62.42447
-60.78585
-62.09097
-61.44325
-61.09575
-61.70180
-62.16854
-61.96424
-61.40289
-61.75684
-61.87553
-60.70200
-61.85035
-63.20813
-60.98763
-62.66554
-63.25967
-62.00024
-61.79549
-62.88802
-61.03998
-59.28716
-61.31772
-61.90687
-61.90261
-61.82850
-61.05293
-60.93552
-63.03596
-61.59707
-60.56296
-60.30950
-60.18838
-61.82829
-62.22853
-63.24434
-61.73642
-62.95458
-63.22370
-62.54771
-59.64021
-57.28660
-58.08558
-58.53205
-61.93446
-61.78896
-60.51321
-61.21748
-60.82461
-62.44993
-61.53023
-60.75139
-60.89998
-61.01651
-62.66732
-62.61639
-62.08838
-61.49606
-62.00583
-62.91351
-62.12255
-63.84915
-63.82853
-62.58892
-62.39592
-62.06933
-62.40384
-60.26073
-60.40974
-61.95168
-62.29554
-62.58083
-63.11425
-61.38296
-60.09347
-62.17140
-61.63373
-62.02153
-63.22195
-62.67097
-62.85899
-64.12641
-64.71286
-61.77212
-59.85344
-61.04627
-62.57933
-62.82803
-62.94210
-63.63344
-64.87659
-63.28031
-64.81568
-60.91493
-59.13180
-62.07818
-62.11822
-62.94348
-62.05745
-62.68094
-62.46302
-62.49972
-63.47870
-63.31624
-63.48628
-63.65670
-62.55265
-60.97787
-60.99986
-60.52113
-61.15959
-61.59692
-61.62326
-60.88229
-62.58655
-63.26593
-62.17237
-61.64879
-61.83247
-62.23127
-59.54569
-59.99037
-62.05353
-63.05827
-62.71746
-63.78015
-60.69702
-59.11554
-62.42324
-62.92294
-63.25947
-64.25846
-62.38377
-61.03048
-63.67690
-62.56090
-60.30641
-60.19615
-60.76498
-62.94652
-62.31872
-62.83274
-62.23318
-61.83358
-63.28416
-63.37821
-60.44083
-58.55918
-61.36152
-61.12645
-61.08109
-63.04512
-61.93523
-60.40562
-60.44362
-60.83418
-61.00516
-60.93030
-61.10652
-62.75617
-62.95949
-62.73250
-61.46532
-62.40607
-62.73704
-63.04824
-61.71320
-62.04709
-63.08892
-62.08399
-62.33832
-61.57560
-62.14686
-61.16834
-61.12964
-61.43892
-61.45713
-61.98519
-62.13583
-60.12546
-59.34017
-60.62306
-61.93968
-62.59379
-62.84483
-63.07320
-62.65676
-64.56352
-63.81634
-60.53150
-59.46283
-61.16814
-62.74306
-62.64772
-62.67068
-62.69075
-65.49917
-65.03958
-64.30536
-60.80630
-58.60733
-60.62242
-60.72636
-61.05810
-61.55164
-62.02538
-62.05501
-62.20987
-63.37468
-62.05676
-61.96435
-62.61957
-60.12936
-60.07817
-59.79885
-59.54881
-60.41698
-61.25566
-61.47577
-59.77548
-58.78580
-59.52727
-58.68007
-57.72861
-59.56965
-59.05800
-58.17249
-59.27246
-59.50591
-60.78888
-63.78693
-61.38563
-59.73211
-58.56500
-59.05612
-60.49630
-62.71934
-62.49158
-61.78871
-61.12711
-60.05343
-60.92186
-58.92495
-58.93194
-59.81818
-60.25328
-60.97783
-63.39529
-61.18303
-59.74759
-61.62951
-61.50582
-59.87782
-60.48873
-61.52809
-60.34392
-58.54035
-59.71330
-59.82830
-58.72429
-61.62614
-61.70369
-62.08904
-62.02872
-63.43028
-58.86262
-56.65265
-57.82141
-57.20860
-57.68422
-58.17825
-58.61344
-58.51478
-59.35597
-59.47844
-59.25390
-58.86284
-59.19559
-59.11359
-59.14886
-60.43751
-60.54020
-59.82780
-59.67393
-60.17658
-59.06565
-60.93897
-61.78359
-61.03937
-62.06796
-61.39204
-62.91508
-62.49681
-62.91347
-63.22271
-60.88662
-61.04118
-62.78652
-61.01329
-61.05858
-62.88156
-63.04885
-62.97468
-62.33238
-62.88903
-60.45196
-60.22706
-61.12636
-61.74451
-61.70191
-61.87322
-62.31522
-62.74568
-62.92920
-63.05653
-62.87884
-61.83119
-62.73457
-59.90347
-60.28792
-62.36491
-61.82425
-62.07539
-62.41178
-61.84923
-61.24957
-61.98482
-62.49981
-61.19388
-61.06328
-62.76047
-61.42096
-60.70982
-61.68123
-61.78181
-61.31298
-61.67303
-61.10356
-59.43637
-60.83775
-63.16516
-61.31605
-61.79476
-63.72139
-61.00794
-59.38445
-61.98856
-62.14029
-60.26492
-60.28705
-61.23549
-60.71048
-59.93623
-60.78297
-59.58019
-58.74373
-60.19126
-61.79188
-59.63155
-59.63383
-59.99843
-59.76331
-60.48290
-59.90594
-59.60419
-59.43852
-60.26609
-61.58564
-60.55890
-61.37612
-63.50355
-60.30762
-61.02542
-63.20937
-62.15344
-61.73779
-61.99002
-61.57459
-61.60148
-62.63901
-62.93874
-61.97285
-62.17863
-64.14695
-62.22018
-62.81649
-63.23191
-62.42105
-62.48977
-61.38137
-62.27713
-61.24546
-62.16783
-64.21393
-62.72222
-62.62154
-63.75947
-63.61408
-61.39166
-62.85428
-63.62785
-61.69204
-62.70873
-64.37838
-62.71958
-62.35927
-62.23870
-62.43921
-62.31191
-62.70077
-62.15255
-59.44461
-62.01722
-62.85068
-62.86156
-63.15080
-63.50793
-63.81094
-62.64217
-64.42933
-63.53595
-63.04230
-62.90010
-62.54752
-60.32077
-61.02158
-63.00022
-61.68547
-62.00693
-62.00636
-63.27433
-63.61439
-63.14741
-63.14400
-61.96202
-62.52699
-65.61255
-62.26443
-61.69006
-62.44270
-61.20373
-61.60148
-61.32379
-62.44520
-60.58909
-61.87672
-63.39019
-62.77084
-63.04762
-63.24465
-62.10102
-59.80873
-60.66014
-61.81617
-62.37843
-61.82479
-61.83858
-62.19722
-62.45723
-62.02947
-60.81221
-59.58558
-61.40086
-61.05158
-59.20045
-60.65571
-60.42137
-61.08658
-60.50623
-61.83721
-60.96482
-59.02702
-60.91676
-61.74240
-60.30364
-60.93173
-62.07909
-61.03846
-62.63794
-62.07028
-61.92854
-61.10557
-62.07966
-62.44881
-62.10456
-63.77535
-62.58357
-61.20896
-61.82594
-63.92121
-61.83728
-61.39465
-62.29642
-62.15820
-62.71742
-63.29250
-62.22978
-60.48053
-61.67445
-63.59025
-62.85333
-62.99089
-63.13288
-62.91065
-62.11260
-64.49467
-63.25636
-60.26869
-61.96313
-63.01322
-62.74383
-63.44759
-63.24305
-63.06577
-63.49037
-64.25037
-61.80753
-59.40598
-61.55023
-62.47413
-62.10142
-61.72075
-61.97329
-62.93681
-62.03233
-62.67415
-63.59446
-62.01607
-62.53530
-63.25181
-61.87922
-61.56002
-60.02202
-59.68115
-59.68046
-60.81401
-61.56671
-60.80340
-62.29126
-61.35728
-61.22410
-61.67513
-61.32403
-60.50663
-61.39815
-61.55001
-60.48623
-59.59657
-59.98214
-61.02034
-59.62801
-59.79692
-60.01341
-61.19866
-59.39926
-60.21848
-59.85213
-59.49249
-60.84596
-60.16477
-61.30353
-61.14356
-61.34785
-59.78573
-59.96847
-61.14985
-59.31025
-59.07802
-62.68475
-61.29617
-60.36990
-60.51172
-59.50214
-59.95575
-58.80893
-59.67953
-60.12799
-59.92258
-61.09355
-61.32040
-60.58876
-61.72963
-62.72074
-60.88368
-61.09566
-61.26911
-61.49453
-61.36913
-62.52654
-62.56161
-61.49864
-63.19216
-61.94691
-60.64289
-61.90414
-62.69786
-61.04813
-62.11338
-61.44968
-61.12859
-61.41084
-61.78756
-61.14851
-59.01146
-61.14863
-61.24590
-62.85445
-63.49900
-62.34530
-62.03598
-61.61647
-62.35623
-61.42120
-60.86930
-61.76786
-62.50510
-61.45360
-62.63273
-61.89885
-62.42904
-62.21854
-62.90235
-61.98721
-59.93274
-62.00103
-61.24834
-61.82220
-61.93050
-62.52532
-63.04238
-61.87220
-61.88876
-62.67340
-62.29845
-62.81922
-62.20720
-59.18169
-60.28741
-60.64668
-60.40525
-60.38406
-60.32367
-59.75688
-60.32973
-60.81673
-59.90477
-59.91706
-60.30996
-61.11986
-60.28933
-61.55900
-62.33642
-61.23951
-59.56254
-60.09314
-59.92081
-59.67573
-62.25432
-62.36720
-61.38107
-61.83008
-61.91526
-60.70667
-59.86745
-59.93278
-59.34805
-60.49819
-60.78373
-60.22250
-60.60897
-59.08197
-59.65825
-58.05342
-58.17995
-59.70991
-60.78763
-61.39992
-61.72201
-61.10988
-60.14380
-60.82380
-60.55146
-59.77557
-58.94768
-60.07856
-60.14117
-60.00607
-60.00975
-58.55732
-58.05816
-59.91841
-59.21059
-59.02450
-60.15013
-60.09070
-60.35800
-59.83635
-59.98795
-59.32503
-58.71614
-61.24146
-61.21330
-59.41007
-60.91127
-61.33849
-61.48993
-61.01805
-61.38765
-59.96943
-59.70469
-61.96858
-60.55781
-60.13304
-59.98565
-61.22568
-61.84562
-61.14945
-62.68223
-61.44570
-59.67097
-61.91004
-62.08746
-60.87751
-61.73773
-61.89984
-62.25159
-61.48025
-63.04753
-61.50516
-62.13456
-62.76705
-61.41709
-62.41821
-62.88789
-62.84739
-62.02697
-61.83752
-62.20865
-61.44034
-59.04847
-61.53687
-61.61293
-60.79421
-62.69384
-61.88788
-59.27524
-59.22038
-60.68732
-60.35956
-60.65895
-62.21353
-60.56065
-57.73785
-61.77185
-62.69199
-60.31310
-60.98190
-60.97355
-59.62338
-58.01513
-59.72219
-58.99062
-58.93729
-62.38775
-63.80874
-60.92335
-60.18459
-63.76294
-59.54245
-56.89837
-57.20028
-58.24588
-58.00254
-59.17271
-61.77502
-57.86768
-57.91114
-58.84556
-59.48456
-59.78623
-62.04522
-60.26564
-57.27066
-58.03156
-58.40599
-59.55855
-59.40302
-60.54205
-59.62045
-59.28657
-59.51804
-58.61808
-58.47729
-59.63704
-58.79381
-58.34675
-60.68513
-61.06278
-60.48458
-60.12710
-61.11118
-60.94648
-60.61948
-61.32523
-60.48836
-58.14724
-59.83342
-60.23758
-59.83992
-62.11559
-62.22025
-60.37561
-59.47361
-61.41399
-59.27435
-58.36218
-61.03826
-61.55031
-62.09090
-63.56576
-63.59016
-62.32206
-61.39149
-62.46827
-60.12282
-59.86697
-61.81612
-60.66374
-59.79502
-61.95676
-62.49544
-61.00406
-61.14401
-62.47993
-60.56621
-60.25170
-62.47417
-61.30739
-61.98067
-62.03242
-62.86596
-60.34982
-61.35619
-62.89183
-61.75833
-61.29321
-63.71849
-61.56925
-58.05946
-60.65939
-60.81317
-59.70699
-60.03571
-61.00416
-60.51350
-61.48294
-64.05959
-61.40719
-59.15908
-62.63649
-62.59797
-61.75503
-62.18197
-61.69351
-59.65094
-58.59431
-60.96831
-60.50512
-60.29505
-62.66518
-61.69227
-58.97456
-59.61138
-60.94914
-58.36970
-58.61471
-59.78775
-58.74773
-58.16757
-59.83535
-61.44857
-56.45999
-57.08627
-58.45290
-58.28403
-58.75679
-61.30391
-59.28522
-57.31543
-59.51127
-59.76446
-59.47262
-58.68974
-59.13071
-59.13895
-59.85493
-59.23163
-59.19342
-59.29557
-60.38388
-58.48610
-59.78003
-61.13816
-60.74719
-61.23637
-60.52911
-61.22785
-59.31910
-60.59446
-61.79632
-59.97630
-58.56425
-59.72083
-59.88134
-60.26909
-61.18202
-61.27078
-60.73125
-59.81337
-62.09224
-61.00508
-59.29901
-61.42009
-61.66249
-61.77052
-61.83124
-61.53911
-59.85599
-60.79379
-63.51395
-59.72242
-59.59610
-61.84360
-61.81111
-62.18617
-63.25235
-62.60586
-64.03687
-64.23326
-64.12276
-60.84156
-59.73485
-61.23097
-60.72137
-60.64706
-60.78580
-62.68400
-61.73050
-61.58228
-61.87813
-62.01489
-62.74797
-63.12680
-60.77130
-59.58827
-60.40262
-60.19372
-59.00323
-59.58099
-60.82395
-60.38737
-60.91651
-62.17452
-60.52866
-59.98459
-63.17263
-61.35914
-59.64613
-60.27084
-62.09405
-59.25417
-58.57489
-61.18927
-59.22695
-58.98848
-60.46371
-60.59317
-58.03722
-58.44833
-59.94759
-58.10192
-59.23233
-58.57751
-57.95784
-58.64919
-59.91568
-58.01023
-57.33167
-59.61723
-58.23658
-56.98358
-57.48178
-61.95851
-59.28017
-57.47280
-57.06759
-57.74211
-57.94722
-57.08881
-58.35380
-58.33461
-59.22386
-58.73286
-59.46720
-58.89770
-59.78144
-59.23729
-58.49012
-60.00692
-59.07400
-58.52208
-59.59155
-60.47320
-60.38140
-59.80825
-60.12406
-60.20004
-59.14235
-60.84442
-59.34740
-59.61341
-60.69479
-59.43220
-59.92627
-59.57709
-60.54576
-59.34883
-59.33421
-60.46952
-60.71685
-60.37781
-59.97821
-60.59175
-60.08783
-60.78427
-60.09856
-59.19541
-59.82424
-60.21292
-60.06008
-61.04203
-62.36668
-61.50164
-60.59602
-61.61301
-62.51409
-59.73076
-60.00334
-60.92967
-60.57616
-59.94346
-60.25903
-62.24963
-60.70347
-60.62177
-60.92175
-62.69709
-62.56996
-62.52730
-59.52237
-57.45724
-59.19712
-58.78316
-57.47967
-58.32113
-59.54588
-59.32212
-59.26283
-59.94587
-59.54381
-57.67677
-59.31208
-58.05757
-58.64810
-59.20506
-58.77756
-58.52423
-58.58610
-61.65447
-59.59752
-58.44424
-58.41525
-56.24650
-56.07922
-58.10020
-58.23692
-58.40228
-58.74452
-59.46973
-57.27548
-56.41357
-58.01326
-58.56494
-58.41006
-58.74984
-59.53569
-59.39616
-59.25279
-59.67885
-58.35821
-58.21678
-58.91512
-58.94981
-58.72401
-58.55354
-58.47904
-57.24326
-58.66902
-59.09494
-58.70539
-58.96247
-58.97741
-58.03774
-58.37220
-59.73952
-58.34820
-59.00363
-60.70711
-60.87625
-60.22341
-60.21777
-61.88899
-59.55530
-57.88407
-59.96676
-59.75385
-59.07092
-60.37856
-59.67300
-59.07848
-59.56194
-60.50491
-58.95752
-59.42022
-61.88688
-59.31541
-60.57912
-61.21496
-60.12981
-60.62657
-61.69871
-63.41233
-59.53865
-58.77767
-61.24702
-60.47631
-61.48784
-61.99479
-62.31814
-61.48716
-61.17504
-61.85512
-59.38711
-60.95375
-60.42447
-60.93116
-61.32923
-60.56422
-61.76510
-61.48607
-60.20756
-60.43410
-60.15735
-59.28203
-60.70789
-60.08929
-61.94385
-62.01891
-60.45675
-59.33470
-60.37374
-60.84958
-60.50076
-60.45608
-61.27764
-59.70137
-59.37460
-61.86450
-59.74354
-60.20510
-60.28923
-60.40680
-58.01548
-58.45458
-61.09499
-58.95340
-59.58201
-61.81393
-59.65019
-58.42356
-60.13542
-60.16996
-56.28609
-57.63795
-58.91298
-57.22198
-57.78634
-59.53438
-58.61646
-56.38274
-57.56611
-57.59120
-58.49874
-59.67970
-60.96299
-57.53427
-57.35143
-58.26970
-58.41192
-58.51003
-58.74255
-60.29646
-59.87957
-60.25407
-59.48315
-59.66114
-59.48493
-59.90913
-58.16221
-58.55549
-60.30655
-59.56702
-59.24955
-60.93234
-60.07102
-59.92917
-61.23592
-60.92488
-58.26977
-57.40269
-60.03703
-59.61695
-60.90295
-60.67605
-61.10652
-60.62731
-60.14667
-61.93382
-58.48748
-59.79634
-64.05773
-61.91251
-61.40854
-63.07772
-63.45667
-61.46296
-63.25350
-62.47202
-58.66850
-58.60768
-61.85729
-60.67069
-60.01204
-62.01944
-61.75130
-61.24703
-61.12604
-61.30195
-58.04948
-60.42399
-60.93097
-60.80020
-60.69185
-61.43418
-61.47929
-60.08957
-61.13834
-60.44749
-61.28964
-61.21165
-62.01949
-58.73990
-59.38291
-60.49422
-60.19886
-59.95378
-60.55389
-59.95714
-59.30172
-60.51782
-61.51313
-59.09818
-59.28652
-62.15286
-60.89817
-61.02204
-62.17073
-61.86671
-57.43985
-59.00280
-60.90926
-58.63265
-59.52308
-61.92978
-59.79112
-57.72914
-59.49769
-59.58623
-58.07459
-58.85698
-59.20556
-59.05110
-57.88024
-59.83639
-58.08493
-56.50397
-57.86785
-57.90399
-58.01612
-58.71673
-60.44240
-56.14838
-57.20464
-58.65222
-58.14260
-57.60708
-57.56586
-57.21780
-57.45291
-59.70201
-60.03437
-58.42979
-57.65128
-58.66111
-57.52504
-59.14090
-59.80551
-59.75048
-59.89173
-60.03379
-59.47115
-59.87817
-60.37478
-60.32836
-59.03432
-59.32728
-60.43639
-59.93472
-61.07864
-60.04865
-59.95610
-59.21359
-60.42862
-60.57766
-58.13141
-59.45034
-60.98070
-60.77429
-61.68668
-62.07767
-61.39312
-60.53050
-62.92269
-61.80184
-57.67155
-58.12438
-60.45539
-60.54417
-61.48659
-62.40251
-62.26329
-62.51030
-63.57876
-62.42022
-58.36873
-59.64842
-59.90444
-59.45341
-60.79150
-61.08169
-61.15799
-60.37740
-61.08579
-61.04671
-60.43065
-61.09005
-61.02208
-59.81265
-60.44359
-61.33526
-60.16168
-59.18094
-60.76422
-60.38524
-59.35743
-60.48213
-60.95648
-58.70381
-60.74165
-61.95037
-59.53290
-59.51130
-60.35391
-60.35201
-57.09716
-58.26275
-59.61256
-57.97423
-58.60583
-60.69762
-58.06182
-57.05485
-59.11782
-57.85775
-58.72376
-59.25635
-58.72035
-58.32921
-59.24908
-61.31613
-57.67673
-58.24405
-59.25180
-59.62913
-58.60815
-59.35027
-61.15396
-56.96457
-57.44233
-57.93646
-57.91016
-57.70698
-58.47165
-58.41412
-57.83245
-58.09337
-57.93511
-58.17199
-58.75001
-59.21128
-58.74475
-59.86106
-59.59822
-59.88104
-60.16662
-60.09584
-59.52247
-58.88149
-59.12856
-60.91263
-61.26616
-59.84740
-60.09464
-58.83730
-59.84063
-61.11240
-61.33998
-60.35251
-59.75043
-59.33005
-58.79581
-58.94614
-58.94406
-60.48397
-59.79118
-60.51781
-59.76371
-60.07996
-61.78107
-59.62306
-58.40491
-59.57165
-60.14735
-59.40682
-60.57427
-60.76507
-61.02759
-60.17336
-60.41996
-60.04478
-59.72309
-61.59803
-60.91914
-61.28806
-60.73419
-62.29205
-60.11373
-57.38905
-57.90511
-58.55888
-59.27246
-58.69590
-60.86348
-57.28380
-57.58035
-59.50651
-56.89187
-56.90585
-57.65071
-59.58693
-60.09892
-61.69952
-59.62229
-57.43612
-58.68088
-59.03117
-58.28028
-59.40280
-60.07193
-58.93654
-57.84881
-59.90587
-60.78793
-56.94657
-57.04421
-58.58523
-56.83075
-57.21555
-59.14010
-58.24710
-58.89099
-59.60886
-58.66448
-56.45104
-57.41824
-59.78929
-58.67353
-57.99100
-58.40343
-58.11538
-57.82469
-59.11771
-58.21865
-58.67916
-60.30401
-59.85270
-59.72410
-60.00572
-59.83466
-58.50557
-57.93606
-59.74673
-60.19046
-59.89847
-59.92068
-59.76928
-58.90610
-59.55777
-59.94685
-59.03825
-60.51053
-60.26182
-60.58932
-60.72656
-61.61789
-60.22560
-58.19904
-59.06162
-59.35551
-58.81169
-61.37304
-61.40310
-59.46837
-59.14036
-60.58526
-60.89060
-58.80265
-60.63225
-59.72007
-60.63456
-61.52757
-61.24108
-61.87047
-62.02332
-62.40394
-60.11609
-57.93693
-59.09410
-60.09032
-59.42999
-61.09212
-60.84512
-61.97582
-61.00929
-62.04282
-60.91089
-58.99449
-61.05705
-61.03185
-60.35336
-60.22191
-61.99307
-60.40818
-59.71629
-61.70485
-62.14195
-61.78737
-64.03505
-62.72248
-59.98418
-60.93381
-61.23620
-61.41104
-61.96476
-62.46024
-61.03033
-60.80497
-62.66537
-61.91146
-59.17072
-62.25100
-63.00071
-61.49238
-61.73456
-62.01927
-61.51914
-58.10137
-59.95607
-59.58104
-58.26556
-59.74969
-61.78941
-59.33898
-58.35592
-59.81862
-58.22160
-58.01754
-57.82732
-57.83985
-57.58016
-59.13067
-61.25190
-58.00583
-58.60436
-60.14314
-58.10819
-58.60655
-61.85767
-59.96278
-57.10585
-59.17573
-59.06114
-57.19124
-58.26046
-59.33660
-59.11290
-60.84058
-61.95704
-61.60297
-59.88652
-60.27210
-59.70576
-58.66361
-60.45358
-60.16916
-59.99177
-60.17849
-60.84954
-61.15728
-61.65111
-60.91543
-59.89373
-58.11846
-59.69025
-62.11473
-61.75720
-62.33125
-61.04035
-62.02010
-60.45272
-62.09120
-60.14593
-56.73825
-58.89059
-59.05452
-59.37617
-61.45942
-61.22420
-60.34506
-61.06625
-62.29623
-59.77009
-58.00507
-59.62580
-60.05228
-60.25985
-62.13434
-61.92248
-62.65881
-62.30187
-62.64190
-60.32853
-59.97433
-62.65553
-61.37576
-60.65648
-61.33760
-61.64383
-58.95740
-60.26832
-62.40660
-62.41324
-61.64701
-62.51412
-61.58213
-59.47038
-61.31115
-61.34225
-60.51688
-61.05959
-61.28081
-62.36282
-63.10886
-63.25772
-63.05291
-59.04233
-61.72273
-61.53227
-60.64129
-62.45389
-61.30106
-59.57789
-57.90327
-60.67021
-59.95716
-58.03750
-59.81954
-61.64591
-59.27960
-59.38752
-60.34959
-59.11110
-59.13355
-59.68897
-59.68334
-58.20511
-59.02588
-61.50928
-58.97864
-57.59865
-58.96942
-59.83168
-60.32089
-62.76153
-59.31740
-56.82020
-58.11606
-58.85457
-58.99789
-58.07105
-58.21470
-58.12243
-60.06324
-60.90906
-60.45228
-60.24770
-60.66771
-60.51793
-59.64397
-60.60912
-60.81559
-61.57655
-60.10966
-59.60071
-59.86812
-61.54488
-61.92658
-59.93395
-58.67012
-60.50492
-61.21267
-61.10679
-62.78426
-61.53591
-61.92862
-60.61866
-62.32856
-59.73796
-57.86061
-60.34786
-59.92158
-60.82974
-62.21201
-60.78426
-60.45824
-61.15139
-62.08711
-60.28458
-57.46253
-58.66771
-60.43618
-60.89195
-61.41197
-60.90730
-60.48391
-60.76611
-63.06579
-60.25686
-58.83558
-60.19824
-60.79795
-61.72749
-61.45723
-62.30589
-59.95563
-60.30099
-63.37341
-64.35942
-63.78622
-64.86474
-62.41859
-59.60390
-60.50554
-61.84816
-62.36351
-61.89752
-61.90480
-61.82174
-62.89112
-66.31938
-61.86507
-55.80059
-57.44446
-58.51191
-59.01708
-60.56441
-59.21415
-58.26902
-57.04119
-58.36212
-57.96407
-56.36862
-56.79581
-59.58665
-58.04633
-57.53042
-59.23649
-58.88184
-59.88187
-58.39430
-57.98017
-58.02438
-59.07378
-59.28674
-59.25023
-59.92255
-59.57136
-59.79908
-59.42714
-60.33091
-59.29321
-59.29440
-58.20792
-57.74041
-56.88442
-57.52345
-58.76133
-57.62803
-58.08341
-58.85695
-58.53685
-57.39119
-58.02611
-58.05801
-57.67439
-58.36886
-58.25965
-58.19330
-60.75912
-61.78518
-61.20205
-59.40289
-61.17676
-59.87566
-57.77102
-59.46859
-58.85151
-60.00746
-61.81176
-62.88608
-62.69261
-62.35776
-63.06692
-59.16875
-57.16465
-57.91656
-57.23922
-57.55432
-58.64240
-61.46914
-59.62105
-57.77994
-58.87476
-57.93131
-59.11827
-59.53000
-58.78577
-57.04331
-57.08290
-58.20603
-56.72539
-57.25256
-57.60898
-57.51207
-57.51707
-58.16501
-58.91321
-59.75052
-60.68411
-61.60569
-60.94982
-61.17337
-61.70677
-56.88705
-57.05573
-58.59196
-57.50508
-58.24636
-61.13879
-61.50363
-60.95407
-60.99697
-60.83622
-58.08887
-56.35746
-58.60140
-58.01728
-58.50120
-59.71639
-59.72908
-60.19300
-59.39715
-59.95217
-58.33946
-58.06627
-61.15047
-58.25065
-56.13824
-56.81876
-56.90736
-56.54518
-58.49250
-58.70157
-56.28002
-57.20606
-58.90166
-58.02647
-58.09739
-59.39593
-59.06724
-59.02003
-60.24495
-61.14904
-56.73185
-57.75180
-59.40844
-58.33564
-59.04057
-59.79751
-59.63365
-56.70930
-58.14271
-58.64386
-56.87933
-56.31518
-56.76638
-56.54584
-56.62106
-57.42452
-57.49765
-58.31594
-59.16611
-59.29879
-59.58307
-58.98571
-59.20975
-60.17698
-60.45298
-60.72087
-60.04762
-60.37771
-60.12727
-60.57908
-62.34553
-62.47488
-62.21879
-63.19928
-63.17774
-61.23726
-61.52024
-62.64410
-62.26855
-64.17106
-64.42838
-62.69476
-62.14808
-63.82428
-64.80113
-64.88025
-65.78747
-63.30074
-63.01961
-64.12810
-64.43644
-65.78230
-66.05985
-66.26301
-67.76175
-68.09694
-68.92072
-68.56743
-67.36769
-67.35423
-68.34153
-67.99597
-68.36911
-69.39305
-68.14948
-68.70167
-71.01817
-70.70944
-70.02861
-70.67179
-70.06731
-71.29122
-72.84128
-72.11401
-71.44656
-70.91230
-70.82856
-70.84449
-72.08283
-73.08356
-72.66475
-73.15816
-73.64063
-74.21603
-74.69340
-75.26962
-75.20672
-74.69375
-74.77992
-75.21393
-75.35547
-75.99062
-76.98864
-76.58179
-76.94136
-77.04999
-76.53615
-78.21204
-78.47699
-78.37565
-78.42448
-78.13863
-78.33495
-78.81634
-79.23285
-78.70741
-79.06686
-79.43715
-81.16178
-79.55635
-79.57274
-81.03550
-81.76594
-80.88524
-80.77330
-81.02721
-81.07308
-81.72780
-81.68458
-82.84801
-81.36601
-82.00507
-82.74103
-82.44997
-82.41630
-83.05898
-82.58895
-83.12749
-84.27859
-82.18467
-80.75243
-83.22628
-83.48219
-82.24283
-83.80383
-83.99545
-84.39252
-84.93362
-86.26417
-86.32747
-85.45450
-87.02021
-87.28841
-86.26494
-87.37301
-86.00740
-85.54674
-86.11443
-87.02512
-85.60916
-86.28902
-90.01875
-87.78449
-86.48311
-87.15889
-86.66482
-87.84919
-89.30001
-89.23457
-88.92918
-88.68014
-90.67549
-89.18970
-88.89584
-91.43163
-92.19199
-88.31853
-89.85628
-91.30471
-87.82509
-89.33654
-91.19412
-89.94399
-88.77604
-89.43630
-90.29825
-91.41188
-91.95357
-92.54648
-91.50038
-91.80821
-93.36462
-93.79330
-94.91381
-94.80520
-95.31371
-93.01000
-93.32128
-93.83846
-92.46181
-93.90850
-95.43512
-93.97841
-92.33895
-94.08421
-94.93880
-95.69919
-95.93864
-97.00215
-96.65827
-96.34092
-96.88347
-96.06847
-97.84035
-97.31775
-98.34525
-97.24752
-98.18307
-97.48003
-95.69590
-98.80101
-99.93709
-97.36600
-97.43759
-99.69727
-98.94503
-98.60992
-99.84094
-102.53585
-101.37889
-101.52628
-102.07317
-101.85140
-102.83166
-103.16116
-104.30090
-104.18894
-106.22547
-104.35620
-102.26215
-105.66530
-109.70133
-106.71578
-105.64146
-107.28830
-107.34739
-108.04872
-109.92122
-112.65570
-112.34900
-111.92640
-112.08236
-112.17556
-114.91055
-114.86629
-114.86295
-115.77213
-117.19853
-115.76272
-115.11819
-117.74493
-118.56532
-117.77134
-118.18184
-119.40808
-120.82897
-122.00504
-122.29200
-123.90396
-123.59928
-124.44509
-124.33809
-124.57062
-125.01961
-125.51625
-125.17164
-126.05970
-127.41191
-126.61645
-128.47433
-130.49645
-131.71370
-131.76646
-132.38367
-132.03294
-132.07528
-131.39967
-130.46662
-128.52338
-128.51909
-129.66732
-131.98703
-139.44568
-153.64215
-164.17819
-165.49112
-175.33235
-175.17656
-175.62762
-176.12868
-176.76655
-177.56052
-178.52805
-179.69204
-181.08692
-182.76699
-184.82288
-187.41967
-190.90573
-196.24575
-209.14587
-202.94597
-195.73716
-192.36216
-190.34838
-189.06552
-188.25708
-187.79470
-187.60654
-187.65019
-187.90055
-188.34422
