-105.10113
-85.69301
-88.15348
-76.08789
-68.01077
-68.72723
-70.35606
-72.69523
-76.73812
-81.68302
-80.83897
-76.38609
-73.57636
-75.37227
-80.36889
-79.61766
-75.95600
-73.20453
-71.31572
-69.98413
-69.50975
-69.41546
-69.64460
-70.52346
-71.89776
-73.84213
-75.67532
-73.71760
-72.23747
-71.50079
-71.47553
-71.59809
-72.86665
-72.78881
-70.81950
-70.94050
-72.37656
-74.82784
-76.52033
-76.39592
-76.90727
-77.45546
-75.55744
-74.30831
-73.41470
-72.46903
-72.42739
-71.94313
-71.80166
-72.45422
-73.37813
-74.91173
-76.07362
-77.55926
-76.87991
-75.47425
-74.89554
-74.04242
-73.87555
-74.18569
-74.68553
-74.83194
-74.59500
-74.24457
-74.37997
-74.25261
-73.88102
-73.96785
-74.43504
-74.91930
-75.25726
-75.26751
-75.11007
-75.70171
-75.80801
-76.11635
-76.95967
-77.75015
-78.88178
-80.16909
-81.63694
-81.31182
-80.15889
-79.12474
-78.72506
-78.49826
-78.87575
-79.28859
-79.05371
-78.96563
-78.65235
-78.36273
-77.97277
-77.46192
-77.08891
-77.53276
-78.12885
-78.48081
-79.19777
-79.45188
-79.64767
-80.13591
-80.65580
-80.91198
-81.62136
-82.55099
-84.03533
-84.89060
-84.97841
-84.17470
-83.11296
-83.05449
-82.60674
-83.16198
-83.15211
-83.31741
-82.66746
-82.67716
-81.68016
-81.30855
-80.49503
-80.50615
-80.48257
-81.99891
-81.90445
-84.14758
-81.29112
-70.62081
-67.59261
-67.17900
-67.44837
-67.89263
-68.66162
-70.28957
-72.55619
-73.31858
-71.24265
-69.98626
-69.44242
-69.56625
-69.98176
-71.14802
-72.92061
-75.41033
-79.39300
-83.80577
-82.30187
-77.88866
-75.72360
-77.77734
-82.85062
-81.13038
-77.84697
-74.79889
-73.32741
-71.50679
-69.06309
-68.82801
-69.69964
-71.09835
-72.90832
-75.54405
-76.43937
-74.43205
-72.95808
-72.00327
-71.56849
-71.44452
-71.95672
-72.84733
-74.06408
-74.96103
-73.10750
-72.06052
-71.93889
-71.21201
-70.99178
-70.96432
-71.41984
-71.62712
-71.85669
-72.36119
-72.87050
-73.48136
-73.75799
-74.22373
-75.59401
-76.72518
-78.41436
-79.45780
-78.36609
-77.11303
-76.72561
-76.28260
-75.98104
-76.07421
-75.82045
-76.36484
-76.30835
-76.09098
-75.44275
-74.89443
-74.36069
-74.44381
-75.01691
-75.92075
-76.47662
-76.59723
-77.21165
-77.28350
-77.99515
-78.25884
-78.77522
-79.68325
-80.96216
-81.60399
-82.49237
-82.62630
-81.41849
-81.11555
-80.71265
-80.75416
-80.64504
-80.89163
-80.61415
-79.96722
-79.24331
-78.95868
-78.66910
-78.34933
-78.31708
-78.94567
-79.36467
-79.73432
-80.30704
-80.67397
-82.22059
-84.64578
-87.15068
-89.79416
-92.67886
-92.89134
-91.15080
-88.30524
-89.98904
-91.61711
-94.61757
-92.84792
-92.99832
-88.01321
-89.03734
-80.29448
-74.09050
-77.89904
-81.80080
-78.62000
-74.05933
-72.87345
-76.55169
-79.57398
-77.10670
-73.96185
-71.62645
-69.82377
-68.97807
-68.48955
-68.65810
-69.22520
-70.28457
-71.68857
-74.01000
-74.29439
-72.15175
-71.20086
-70.70527
-70.75407
-71.25483
-72.63325
-74.26450
-77.28015
-80.83664
-87.17180
-79.70584
-74.57771
-74.65260
-73.70474
-72.60704
-70.96033
-70.17384
-69.54284
-69.24316
-69.34419
-69.68219
-70.14100
-71.44911
-72.71176
-74.40182
-77.04467
-77.36508
-75.44684
-73.81062
-72.35102
-71.54975
-71.72132
-71.45968
-71.20724
-71.07516
-71.38061
-70.88070
-70.12615
-69.69882
-69.92008
-70.51747
-71.27402
-71.52705
-71.66028
-71.92176
-72.26819
-72.98178
-74.17230
-75.15094
-75.51968
-76.61854
-77.75730
-78.24314
-78.52625
-78.79558
-78.03842
-77.79130
-77.29807
-77.30430
-76.97491
-76.37523
-75.86163
-75.35057
-74.98250
-74.47654
-74.21267
-73.97923
-73.94355
-74.34322
-74.72754
-75.21012
-76.09952
-76.90371
-77.63079
-78.27885
-78.92972
-79.82246
-81.06123
-81.97226
-82.04352
-82.83692
-82.91712
-82.41310
-82.08121
-81.88496
-81.52541
-81.10579
-80.83007
-80.17353
-79.47358
-78.82917
-78.50970
-77.63025
-77.12065
-77.01481
-77.56387
-77.98180
-79.05784
-80.24360
-86.12450
-90.13501
-104.85222
-95.19358
-97.77418
-80.66781
-67.48607
-68.45785
-68.94176
-66.10970
-64.91731
-63.91795
-63.61175
-63.11731
-63.10226
-63.42643
-64.35225
-65.69694
-67.53970
-69.31506
-71.64797
-72.57979
-72.54705
-72.99924
-71.21950
-69.58103
-68.65767
-67.98061
-67.71350
-67.62876
-68.17199
-68.90184
-69.44800
-71.02795
-72.63796
-75.09439
-74.56042
-73.05259
-70.42507
-68.56278
-68.15184
-67.60037
-67.59552
-67.41476
-67.74195
-67.47458
-67.59566
-67.74516
-67.98129
-68.25734
-68.26634
-68.26040
-68.37025
-68.78697
-69.22271
-70.10943
-70.53937
-71.20350
-72.35262
-73.20178
-74.51301
-75.96600
-77.34502
-77.83053
-76.61293
-75.71265
-74.85945
-74.63915
-74.15235
-73.86137
-73.73152
-74.00997
-73.69236
-73.69916
-74.20242
-73.51744
-73.18937
-73.45581
-73.81363
-73.81467
-74.19659
-74.89684
-75.48459
-75.65190
-75.95999
-76.91556
-77.58273
-78.88944
-80.15107
-81.32561
-82.13853
-81.35899
-80.23954
-79.49378
-78.93162
-79.23999
-78.98795
-78.88307
-79.15306
-78.69077
-78.62398
-77.93160
-77.69150
-76.99064
-77.29514
-77.88994
-78.83286
-78.97865
-79.58153
-79.53911
-80.40462
-80.16917
-81.12721
-81.68502
-82.88497
-83.88381
-85.15213
-85.85903
-85.11386
-84.58362
-83.48348
-83.95324
-82.61080
-84.35276
-82.14824
-84.88789
-81.32446
-84.57474
-79.84048
-88.06011
-80.50138
-68.33444
-61.00770
-59.57795
-62.51863
-62.36037
-64.47753
-65.59795
-65.39478
-64.64466
-63.98270
-64.05380
-63.51482
-64.07472
-65.38073
-65.49736
-67.09351
-67.14657
-65.28046
-66.46105
-66.82746
-68.41816
-69.00709
-70.34939
-68.64159
-67.76118
-67.96361
-67.93039
-67.09993
-67.87516
-69.04722
-69.91190
-70.17071
-62.75822
-61.66515
-61.96088
-61.95970
-63.33609
-65.06834
-66.45099
-67.63016
-70.07721
-70.09375
-68.94251
-66.88711
-66.66943
-65.70868
-65.76670
-65.36659
-64.71536
-65.30066
-65.94763
-67.40859
-68.22106
-69.41575
-68.44304
-66.57992
-67.34550
-68.39135
-68.55636
-67.88648
-67.94151
-67.95986
-68.31775
-68.73556
-68.70465
-70.06987
-70.77721
-71.18218
-70.72110
-71.13794
-69.79680
-68.01583
-68.11836
-68.74965
-70.09966
-71.16600
-71.75126
-71.91961
-71.45894
-71.06970
-71.00055
-70.89107
-69.50410
-69.17534
-69.62290
-69.64019
-69.75306
-69.50320
-70.32983
-70.99481
-70.28836
-70.00648
-71.34297
-71.61257
-71.16121
-71.16654
-72.47500
-72.32253
-72.00077
-72.24346
-74.00386
-72.70897
-69.27031
-70.58812
-71.79805
-73.96457
-73.40643
-74.65554
-75.29345
-75.05800
-74.78064
-74.91911
-75.49743
-75.14456
-75.05515
-75.92506
-76.76829
-75.56179
-74.61345
-74.65165
-74.62554
-73.66930
-75.51712
-73.88145
-78.48776
-62.00532
-60.37982
-65.36697
-65.11434
-67.33546
-65.69285
-65.25092
-64.89381
-62.48958
-63.09976
-64.85749
-63.90624
-65.11736
-65.32478
-67.98380
-69.04910
-70.00635
-70.84603
-70.60796
-69.27695
-69.51970
-67.57718
-70.30068
-64.03670
-55.13807
-54.33400
-55.21746
-56.65847
-58.57498
-61.31375
-64.05633
-59.73630
-56.37787
-57.28060
-59.29188
-58.70661
-57.70615
-58.66265
-59.31191
-57.66614
-56.96251
-57.88406
-58.33547
-57.99309
-58.03369
-57.60987
-58.67231
-56.74187
-55.62532
-56.60920
-57.29781
-59.60414
-61.26045
-63.22822
-63.05557
-60.87223
-60.13671
-60.20500
-59.24496
-57.05622
-57.20193
-57.81144
-58.04253
-59.45248
-60.59548
-62.85406
-64.69224
-65.87859
-64.90796
-65.47779
-65.40684
-62.98491
-64.94972
-66.80751
-68.33579
-75.31859
-75.36824
-71.80849
-65.59398
-60.73127
-61.02120
-60.36845
-60.87748
-62.58231
-62.52068
-63.15021
-61.01631
-59.69338
-60.51693
-60.96147
-59.52608
-58.37250
-58.75756
-59.51339
-57.71411
-56.20875
-56.87924
-57.23292
-58.85722
-60.43293
-61.67653
-62.28577
-59.41264
-59.14212
-59.57478
-59.33627
-59.13523
-59.33824
-60.39754
-59.94401
-57.68219
-60.16235
-62.32073
-62.28814
-63.78788
-63.47914
-65.03445
-62.72467
-64.07060
-64.84368
-65.25298
-63.91287
-61.65373
-63.03408
-64.16483
-60.29413
-59.04048
-60.99341
-61.00618
-61.09309
-59.44959
-59.15979
-60.63660
-59.42650
-59.21568
-61.59528
-62.91565
-64.97325
-65.97684
-68.02751
-68.70025
-66.37867
-65.55814
-65.93723
-65.33596
-63.63728
-64.64982
-66.30606
-66.86829
-67.11716
-68.01499
-67.58717
-66.71512
-65.39635
-66.01126
-66.02308
-65.46521
-64.93372
-63.54140
-63.65540
-64.51363
-65.28176
-66.14451
-67.90530
-66.41496
-64.62092
-64.76989
-65.43243
-64.15450
-63.78887
-65.22144
-65.87637
-64.75394
-64.29367
-65.72121
-65.71205
-65.78393
-65.26624
-65.62835
-66.08135
-65.58227
-65.34872
-66.19622
-66.51404
-66.68341
-67.07071
-68.30416
-69.56548
-65.83569
-65.83745
-67.93027
-67.20094
-66.02095
-66.79617
-68.17144
-67.38213
-67.80185
-70.08596
-69.81782
-70.41472
-71.39833
-70.56066
-71.93674
-70.77223
-69.11920
-70.63589
-70.49491
-69.10104
-68.65092
-68.40386
-69.07637
-68.09695
-66.91502
-66.73958
-67.25068
-67.91357
-68.43457
-69.23719
-69.97566
-67.98307
-67.29666
-68.98701
-69.34095
-68.96397
-68.49206
-69.52195
-70.19941
-68.17687
-66.37577
-67.89219
-68.70586
-70.22773
-70.90932
-71.51601
-71.62278
-66.91478
-67.85257
-68.62679
-69.68833
-70.96182
-70.39760
-72.47949
-72.54345
-71.30214
-73.28046
-75.34149
-73.27489
-72.85322
-72.71042
-75.89679
-68.85130
-65.10227
-60.94014
-58.44416
-61.46799
-62.28847
-61.56239
-63.11526
-65.09960
-64.33245
-66.15004
-68.10059
-68.06775
-69.13080
-68.42885
-69.19661
-60.97030
-57.28256
-57.40321
-58.54230
-60.02796
-61.32442
-62.82358
-62.78398
-61.19146
-60.28534
-61.72861
-62.94685
-61.83329
-62.22730
-63.04332
-62.41631
-60.32550
-60.68512
-61.66556
-61.86978
-62.29092
-61.58277
-61.99214
-61.41893
-59.16166
-58.68794
-59.65160
-59.74639
-60.46430
-60.57823
-63.57760
-58.66608
-55.45774
-54.49038
-53.55551
-54.49197
-54.71680
-55.70866
-57.09425
-58.57850
-60.84287
-60.91416
-60.57333
-62.45502
-62.03838
-62.19692
-62.65536
-62.10041
-61.49699
-63.50811
-64.01037
-64.10991
-64.47542
-66.42618
-67.02405
-62.72853
-61.69857
-62.46287
-61.93814
-63.95825
-62.98295
-63.04678
-60.70724
-51.96098
-50.62843
-54.01101
-58.47906
-59.54182
-58.58075
-59.35815
-58.82129
-56.19990
-56.04896
-58.82338
-60.07246
-60.85666
-61.78762
-61.47588
-61.03810
-61.30986
-61.73651
-61.49277
-61.49539
-61.67233
-60.47105
-61.85833
-58.47480
-56.64409
-57.55062
-57.01446
-57.90436
-57.02491
-58.00102
-59.64545
-59.71257
-59.34637
-59.57081
-60.26121
-59.70469
-61.58743
-63.76138
-66.30974
-64.85437
-66.59208
-70.42351
-67.50222
-61.89104
-60.70689
-64.67770
-63.56505
-61.15324
-60.88816
-62.65100
-63.34015
-64.11350
-64.61001
-66.16626
-63.51845
-58.47059
-59.48018
-63.09106
-64.83855
-64.98305
-66.13361
-67.45331
-65.35385
-61.86374
-61.35839
-63.17971
-62.67254
-62.37028
-62.76069
-63.77036
-59.81656
-58.16932
-60.70264
-63.02286
-65.75523
-66.73558
-66.81282
-65.83280
-64.80061
-63.81690
-63.59334
-64.57769
-65.48367
-65.80848
-66.30270
-66.29163
-65.60048
-66.71529
-67.51481
-66.40849
-67.12372
-67.20158
-66.78276
-65.58642
-63.84116
-64.23283
-64.96047
-66.82446
-67.64246
-69.00271
-70.69420
-69.12787
-68.15910
-68.95260
-69.40613
-69.98794
-69.78496
-69.10357
-68.71133
-67.93490
-69.59308
-69.56916
-69.29504
-67.99539
-67.42043
-67.80789
-67.93258
-69.39155
-69.06065
-69.26833
-70.29276
-70.01044
-70.24259
-70.85392
-69.26152
-67.72635
-68.04833
-68.23591
-68.91346
-69.35664
-70.49572
-70.23128
-68.92963
-69.02319
-69.25973
-69.92754
-69.73070
-69.71661
-68.75258
-69.50468
-68.17601
-68.64467
-70.03946
-69.78904
-70.34069
-69.54087
-69.81471
-69.52030
-70.69280
-70.48384
-71.07960
-70.53810
-69.30415
-69.44166
-70.26901
-69.79588
-68.41590
-70.11138
-71.31517
-70.52866
-69.94914
-70.80202
-70.12053
-70.03467
-69.08814
-68.08872
-68.79934
-68.78868
-69.72345
-68.84457
-71.13241
-68.81046
-64.26540
-64.96208
-64.88892
-64.66021
-64.80030
-63.82508
-62.84821
-62.18555
-62.67236
-63.97283
-64.97454
-65.35478
-65.97430
-66.64808
-66.10661
-64.97848
-63.67771
-62.03838
-61.58527
-62.18097
-62.94165
-64.26366
-65.39820
-65.63701
-66.45642
-67.41539
-67.31143
-67.23810
-66.49250
-65.70441
-65.37344
-63.17841
-62.74322
-63.21144
-62.97554
-64.09307
-64.77616
-65.51961
-66.19541
-66.55687
-66.53772
-65.55748
-65.11537
-65.65278
-65.83248
-66.54371
-66.42199
-65.95974
-67.08506
-67.22405
-67.11222
-67.33881
-67.82803
-68.07828
-68.40105
-68.62871
-68.22722
-68.08332
-68.39527
-68.28799
-68.71712
-68.10147
-66.88077
-68.44623
-68.75052
-67.76159
-68.20974
-68.38617
-68.97381
-69.58710
-69.62055
-69.20036
-68.53995
-67.61727
-67.41079
-67.33618
-67.91187
-68.31934
-67.08627
-67.34109
-67.06729
-66.78211
-67.17935
-67.36241
-68.01720
-67.85842
-65.77895
-66.62356
-67.49826
-67.13164
-68.94017
-69.03294
-70.13086
-68.41690
-67.53010
-68.10236
-67.17570
-67.32891
-67.90472
-68.10340
-67.65080
-67.08417
-67.41436
-67.30011
-68.13665
-69.01423
-69.37716
-69.04698
-69.28366
-67.88502
-66.05043
-66.93358
-66.61825
-66.97211
-66.57582
-67.10096
-67.89381
-68.51967
-68.82518
-69.15118
-68.57234
-68.46905
-69.37289
-70.05747
-70.35918
-64.97199
-63.77204
-65.20740
-65.44570
-66.80473
-67.58832
-67.96969
-68.14293
-66.97828
-66.29118
-66.39942
-66.88830
-66.73296
-66.52802
-66.72787
-66.62951
-63.50447
-62.33443
-63.03095
-63.47159
-64.21679
-64.72178
-65.30872
-65.88493
-66.12715
-65.12497
-64.76823
-64.74480
-64.89179
-65.15897
-65.87784
-64.56467
-65.17937
-66.63227
-65.58755
-65.64664
-65.26041
-65.14890
-64.87538
-65.09103
-65.20420
-65.44085
-65.62411
-65.40920
-65.56065
-66.36692
-66.63672
-66.22045
-67.88683
-68.61705
-68.11952
-68.94201
-68.95109
-69.36757
-66.95222
-65.79401
-67.10747
-65.53204
-65.15706
-65.00915
-65.75133
-66.89390
-66.21052
-67.05457
-68.16367
-67.43286
-67.63693
-67.84312
-67.51524
-68.16702
-67.15065
-67.14037
-68.22200
-68.02931
-67.52944
-69.35177
-70.90743
-71.39802
-69.03384
-68.10284
-68.94670
-68.28659
-68.23993
-68.30902
-69.21317
-68.64352
-67.97785
-68.09388
-68.24872
-68.21507
-68.70955
-68.40727
-69.37660
-68.62574
-68.29133
-70.18056
-69.60069
-69.51062
-69.74681
-71.35634
-72.89639
-70.97390
-68.08093
-69.82094
-71.96684
-69.79996
-68.93349
-69.91298
-71.11553
-68.38426
-68.77818
-71.83838
-71.66349
-71.47732
-70.54448
-71.34855
-71.55620
-69.57703
-69.14748
-69.31843
-70.24787
-70.11855
-70.82003
-71.42660
-70.69118
-67.82103
-63.20722
-61.54813
-63.13133
-65.21372
-66.05220
-66.81205
-66.82452
-65.92667
-65.39146
-65.80768
-65.34575
-65.92288
-66.49866
-68.41925
-66.16434
-63.71297
-65.21264
-65.64480
-67.61914
-68.32704
-69.56099
-69.37534
-66.79187
-65.41727
-65.07784
-65.07673
-64.55295
-64.99465
-65.43464
-65.12004
-64.84653
-66.32282
-68.32274
-68.39802
-67.92931
-66.93300
-66.57460
-66.98524
-66.87628
-67.16358
-67.70971
-67.62521
-68.17625
-67.85724
-67.63184
-67.38818
-65.28766
-67.42416
-68.26673
-67.98397
-68.81215
-68.03804
-68.78006
-69.31078
-69.35950
-70.14309
-71.76151
-70.85086
-70.90878
-70.13338
-70.52316
-68.80305
-68.33766
-70.79827
-71.18455
-69.84580
-69.68311
-69.76265
-69.43348
-67.73101
-64.70666
-65.30291
-65.33367
-65.70774
-66.25568
-66.30188
-66.73295
-65.90783
-67.87064
-69.28125
-68.88967
-68.18487
-67.87256
-68.31711
-68.83760
-64.96060
-61.68553
-61.40334
-62.05720
-63.03788
-63.85427
-65.03009
-64.85429
-63.44335
-62.53011
-63.03553
-63.38070
-62.83049
-62.53478
-63.11499
-62.92107
-61.99588
-61.99702
-63.06954
-63.11883
-62.85772
-63.02203
-62.77489
-63.40864
-62.11035
-62.12527
-62.77251
-63.35787
-64.67288
-64.91228
-65.05941
-64.68132
-64.75920
-64.82796
-64.96648
-64.01963
-62.79512
-62.73360
-63.13229
-63.23643
-65.45285
-66.09603
-64.51156
-64.83575
-64.66888
-64.20418
-63.55098
-63.12807
-62.43109
-63.47877
-63.15269
-62.77441
-63.84323
-64.16442
-63.75076
-63.05866
-62.85310
-63.04255
-61.59773
-60.83751
-61.74064
-61.28079
-64.02464
-61.13297
-59.12175
-59.91534
-59.23038
-59.29128
-59.48530
-60.19909
-59.52435
-59.12921
-59.85420
-59.95102
-59.88807
-60.22166
-60.23726
-60.43508
-60.21945
-60.12812
-60.08115
-60.66837
-60.22742
-60.65517
-60.73445
-62.49277
-64.21935
-61.97856
-62.55735
-61.52823
-61.21767
-61.81885
-62.65735
-62.07021
-62.32727
-62.51504
-62.46217
-62.05115
-60.62137
-62.11505
-63.00347
-62.27977
-61.06252
-62.34229
-62.73628
-62.25505
-62.32598
-62.57727
-63.06774
-62.97148
-64.93060
-65.74529
-65.97636
-64.36591
-63.83246
-64.84106
-65.62518
-64.54780
-63.43863
-65.01476
-65.43250
-64.31689
-63.25540
-64.08749
-63.93165
-64.64119
-64.92194
-64.83999
-65.05851
-63.05875
-64.29393
-64.54673
-64.06695
-61.25076
-61.16750
-62.19346
-61.47345
-61.61061
-61.13115
-61.07036
-61.05707
-61.02291
-61.10554
-61.91710
-61.69478
-61.36894
-61.69911
-62.10111
-61.28579
-62.81483
-64.61912
-65.87860
-64.92835
-63.99577
-66.07908
-66.05515
-65.36956
-65.35485
-64.43799
-65.41354
-63.75340
-63.72094
-65.55240
-68.89153
-69.68991
-62.96669
-63.66241
-63.19940
-63.13064
-62.95051
-63.10116
-63.35025
-63.42949
-63.49265
-63.46626
-63.44824
-62.06475
-62.71228
-63.45277
-63.21707
-62.54137
-62.96990
-63.52371
-63.25379
-62.61731
-63.17650
-63.84189
-63.90290
-63.69656
-64.07301
-65.12683
-64.26135
-62.77447
-64.43387
-65.23315
-64.08056
-63.51019
-64.74027
-64.87851
-64.99239
-65.25232
-65.34591
-65.71424
-64.68665
-64.78473
-65.31517
-65.59287
-63.94672
-64.14412
-65.53510
-65.62380
-63.25793
-64.22273
-67.76467
-67.83241
-66.46714
-66.43148
-68.42791
-67.55033
-67.06570
-66.64916
-67.93887
-67.88302
-64.72335
-66.04576
-68.61653
-67.47776
-64.30364
-66.15472
-67.81739
-67.29775
-68.12907
-68.00938
-69.03346
-67.95982
-66.92583
-65.59667
-66.60865
-65.51708
-64.47116
-66.06848
-67.16270
-65.19752
-64.29324
-65.05970
-65.28400
-63.79655
-63.54699
-64.83913
-65.50909
-64.69011
-64.84665
-68.51482
-69.86274
-66.18981
-66.86954
-70.12418
-71.28247
-67.13886
-65.23497
-69.95306
-69.84829
-69.78263
-68.96900
-69.83157
-69.09396
-68.31515
-68.34861
-69.29070
-69.33407
-66.88852
-68.40752
-70.55327
-69.24420
-66.24761
-70.32422
-77.68864
-72.34310
-68.17778
-71.26338
-75.19608
-71.12388
-72.18588
-71.52415
-75.32866
-69.92942
-66.99914
-71.29744
-76.73697
-70.65640
-61.48694
-61.84068
-62.06283
-61.75946
-61.94086
-61.66085
-62.02847
-61.73503
-62.05030
-61.91551
-62.32305
-61.37473
-61.70017
-61.98155
-62.17996
-61.08811
-61.19562
-62.12491
-61.86339
-61.71018
-61.68215
-62.09277
-61.76296
-61.91910
-61.88911
-61.81233
-61.47532
-60.62443
-61.31607
-62.64721
-62.41618
-61.24281
-62.02384
-62.42170
-61.72532
-62.04157
-61.90859
-62.70164
-62.36475
-62.71605
-62.61023
-63.09092
-61.95270
-61.30410
-62.13380
-62.22576
-65.96422
-64.32162
-64.23497
-65.57688
-63.40851
-63.24668
-64.75994
-64.45404
-64.55440
-64.86381
-64.49743
-65.50387
-63.68299
-63.62068
-64.89753
-64.97973
-62.82942
-63.61057
-65.28029
-64.87553
-65.11194
-65.06859
-64.88204
-69.74600
-72.55490
-66.98242
-68.76617
-67.46398
-66.16570
-67.15771
-68.32458
-67.57602
-64.13144
-65.50756
-68.78717
-65.51024
-64.26083
-65.63227
-66.36854
-66.03829
-67.95746
-68.89340
-71.75293
-68.28378
-64.88659
-66.93632
-68.10778
-65.59304
-65.70492
-70.62442
-68.80410
-69.16648
-69.06182
-69.98692
-70.65557
-69.59983
-67.52211
-67.67425
-69.06855
-66.46304
-66.82869
-69.47962
-69.42432
-66.86993
-67.58168
-70.83944
-70.18105
-67.55298
-68.01761
-71.46458
-71.81777
-71.15195
-69.41836
-72.05367
-70.52025
-65.79908
-69.38110
-71.80323
-71.38522
-63.92459
-63.12767
-64.41716
-63.90432
-64.48183
-63.89452
-64.27409
-63.65429
-64.08140
-63.93436
-64.50657
-63.67400
-63.28915
-64.17363
-64.48498
-63.26514
-63.30606
-64.36542
-64.42681
-63.91622
-63.62263
-64.48387
-64.32300
-64.20871
-63.51613
-63.39496
-63.89576
-61.94933
-62.99313
-64.58734
-63.92819
-62.90103
-63.39344
-64.34869
-63.41066
-64.45051
-64.07749
-64.71540
-64.23286
-63.93239
-64.19603
-64.64970
-63.96443
-63.20887
-63.87148
-64.72626
-64.44565
-61.16120
-60.88024
-61.39835
-61.00818
-60.75136
-61.07906
-61.19722
-60.97431
-61.13979
-60.62715
-61.30359
-60.47905
-60.20439
-61.15704
-61.29203
-60.34621
-59.85147
-61.12811
-60.71190
-61.26047
-61.08802
-61.56383
-60.99056
-62.95396
-67.23906
-66.58282
-68.08921
-65.93608
-64.91830
-65.94143
-67.58247
-66.41911
-66.89359
-68.20099
-66.81162
-65.60915
-67.09746
-66.76564
-66.34807
-64.28366
-60.57776
-60.01571
-60.00819
-60.31592
-61.73986
-64.17105
-62.68644
-59.60667
-60.14108
-61.80668
-63.34164
-63.56318
-64.48103
-68.11712
-69.74185
-69.26587
-70.16360
-74.14703
-68.45213
-66.29216
-65.25168
-64.61827
-62.61843
-60.57074
-62.47216
-62.83322
-62.44013
-64.17892
-67.02402
-67.45516
-66.12526
-65.10300
-65.25422
-66.07771
-63.75298
-64.18938
-66.07631
-64.89520
-63.74168
-65.65484
-66.72240
-65.19436
-66.10707
-65.39812
-64.52280
-64.03315
-63.36625
-62.57948
-63.86549
-64.04479
-63.87430
-64.65996
-65.46052
-64.49241
-63.30712
-63.57285
-64.12046
-62.15796
-61.64611
-62.67575
-62.52854
-65.70070
-61.99278
-60.54454
-60.91101
-59.44502
-58.82440
-58.91405
-59.75763
-59.61278
-59.71878
-60.60538
-60.60037
-60.60060
-60.26466
-59.95249
-60.20028
-59.50956
-59.02538
-59.37881
-60.37082
-60.44598
-61.92526
-62.25694
-64.68315
-63.82114
-60.13588
-60.76759
-60.49895
-60.25794
-61.09800
-61.82324
-61.52679
-61.55157
-61.05634
-61.31186
-60.80738
-60.66081
-61.63488
-62.33241
-61.26190
-60.33528
-62.28558
-62.06561
-61.68937
-61.43810
-62.32059
-62.05034
-62.53729
-64.43893
-64.60041
-65.31914
-62.74066
-61.83446
-63.39446
-64.40031
-63.28683
-63.04188
-64.85317
-64.88878
-63.62296
-63.19177
-64.17482
-64.56672
-64.83317
-64.90678
-65.95474
-66.54001
-63.03326
-63.43537
-64.50199
-64.47806
-61.38971
-61.29663
-62.32549
-62.09402
-62.52402
-61.67321
-61.66087
-61.26366
-62.78939
-63.52086
-63.82180
-62.99795
-62.82080
-63.22007
-64.07975
-62.74802
-63.37757
-66.68624
-66.77873
-64.96845
-63.98756
-66.47891
-65.87780
-65.48636
-65.04774
-64.66075
-65.80557
-63.58669
-63.63195
-64.81546
-67.91012
-67.70426
-63.55895
-64.30877
-63.55783
-63.49610
-62.67942
-62.79572
-63.01222
-63.43229
-64.22251
-63.86486
-62.89744
-61.51890
-62.22323
-63.58258
-63.72348
-62.53920
-62.63881
-62.61212
-62.27954
-62.13316
-63.78701
-64.11214
-63.24829
-63.46390
-63.62448
-64.63706
-63.30298
-62.80432
-64.79282
-65.44710
-64.10891
-63.09004
-63.96299
-64.23963
-64.14108
-63.86100
-63.91186
-64.08930
-63.58502
-63.91680
-65.15338
-66.44608
-65.12348
-65.89420
-68.60671
-68.54160
-65.63562
-63.89869
-66.40768
-66.71483
-65.01675
-66.27488
-68.30156
-67.31373
-66.63387
-66.69409
-67.51071
-67.26522
-64.34046
-66.26285
-69.16050
-67.69849
-64.31461
-64.43161
-65.58358
-65.25512
-65.42892
-65.74983
-66.46029
-65.99780
-64.11794
-63.47375
-63.84043
-62.77701
-62.40398
-62.97782
-63.98515
-62.96927
-62.55518
-63.45874
-63.76486
-62.41737
-61.95125
-62.89339
-63.51894
-62.66491
-63.09426
-67.43066
-68.84570
-65.06176
-65.42609
-69.07741
-70.27268
-65.27563
-65.82988
-69.79675
-68.88171
-69.01075
-67.50554
-67.19584
-65.90554
-65.43886
-66.14731
-68.45376
-69.24136
-67.80198
-69.18334
-70.19217
-67.16176
-64.81616
-67.45851
-72.21992
-69.29981
-67.43627
-69.42225
-71.60447
-69.03845
-70.42569
-70.41281
-74.63357
-69.14397
-66.39389
-71.39288
-76.49883
-69.23142
-60.69827
-61.53750
-61.90342
-61.82723
-61.92195
-61.79639
-62.12131
-61.21970
-60.22317
-60.18299
-60.26579
-59.60097
-59.70656
-60.31930
-60.27975
-60.19948
-61.50004
-61.90042
-61.93834
-61.20281
-61.78077
-61.95560
-61.86983
-62.31936
-62.49859
-62.59192
-61.83665
-60.69615
-61.48432
-62.66158
-61.66973
-61.04175
-61.84153
-61.94151
-62.19774
-61.59738
-61.59795
-62.55735
-61.33891
-62.02462
-62.25473
-63.23106
-62.11384
-61.80619
-61.94893
-62.57598
-66.03026
-63.32581
-63.77803
-64.89710
-62.74417
-62.64959
-64.17528
-63.65374
-63.56745
-63.68937
-64.35154
-64.44323
-63.03967
-63.49257
-64.72628
-64.14422
-61.45818
-62.94403
-64.76271
-64.33534
-64.11648
-64.40090
-64.60405
-69.63346
-69.18365
-65.22300
-67.32846
-65.64070
-64.71799
-65.65544
-67.79686
-66.73655
-62.79783
-62.01904
-63.09035
-62.01270
-61.33042
-62.45041
-62.88444
-62.54660
-63.70059
-63.59674
-64.65655
-62.66713
-63.02047
-65.48123
-67.11928
-65.44181
-62.37451
-64.11816
-63.47726
-63.59510
-62.71262
-62.76977
-62.29738
-63.65731
-65.98157
-67.66418
-67.82810
-65.11421
-65.46362
-65.91700
-66.01843
-64.88290
-65.64807
-67.77579
-66.94464
-64.62732
-66.23764
-68.23949
-66.69630
-68.56113
-67.70978
-68.75202
-67.38213
-64.19078
-66.62857
-68.08361
-67.35053
-62.90618
-63.73997
-63.96840
-63.39935
-63.59689
-63.37446
-63.73038
-63.62472
-65.19056
-65.31739
-66.28933
-64.27472
-64.30349
-65.96927
-65.82190
-63.80282
-63.80655
-65.22223
-66.08014
-64.72528
-65.72348
-68.16148
-67.27463
-64.78383
-61.99218
-62.96197
-63.29871
-61.95075
-62.57287
-63.64823
-63.44796
-61.89978
-62.43353
-63.65005
-63.26448
-63.78620
-63.38789
-63.83821
-63.89155
-62.78428
-62.77602
-64.38532
-63.65178
-62.98581
-64.23983
-64.86333
-63.76987
-62.44963
-63.32693
-63.80092
-62.40265
-61.98055
-63.44676
-63.75923
-63.62482
-63.61065
-63.10886
-63.97524
-62.06136
-61.93806
-63.37554
-63.55812
-62.24303
-61.96491
-63.64467
-63.13745
-63.79856
-63.26970
-63.87920
-63.46432
-65.32944
-67.12113
-67.37504
-66.65133
-64.57127
-65.90180
-67.72192
-67.39797
-65.31590
-65.74636
-67.20466
-65.74087
-63.68474
-66.10206
-67.27490
-66.76953
-62.83053
-60.76456
-61.73553
-61.81156
-62.22740
-64.48947
-67.63211
-65.25778
-61.85405
-62.48809
-64.35405
-65.16801
-63.96464
-63.60902
-64.81893
-64.18529
-63.48813
-63.31539
-64.72298
-63.26538
-63.42795
-64.35261
-64.26492
-63.36819
-61.44157
-62.89599
-63.29087
-62.96764
-64.57568
-66.53699
-66.30299
-65.30713
-64.95983
-64.99716
-64.99737
-62.28324
-62.16620
-62.95107
-63.81788
-62.90589
-61.74871
-62.76285
-63.10684
-63.47720
-63.62723
-64.27306
-64.31480
-64.58520
-64.66196
-64.76739
-64.83467
-64.78509
-64.56351
-64.29641
-64.23334
-63.80084
-63.24241
-63.23365
-63.72039
-63.65344
-64.10392
-63.98238
-64.25183
-65.95270
-65.82468
-65.65973
-64.69850
-64.32085
-63.97698
-64.61169
-63.75362
-61.02874
-61.16456
-61.54598
-61.79997
-62.86864
-63.73102
-64.71057
-64.95125
-63.63296
-63.88303
-63.97672
-63.90278
-63.25125
-62.86187
-62.64873
-63.52545
-64.61069
-64.48440
-64.73497
-64.35849
-64.57215
-64.03042
-64.30900
-64.50435
-65.25994
-66.79743
-67.50421
-67.74429
-66.99946
-65.51323
-64.43890
-63.43703
-63.23698
-63.36109
-63.50917
-63.74791
-64.30291
-64.57244
-65.06800
-66.13082
-65.85544
-66.34826
-66.41438
-66.71869
-66.69042
-66.94536
-65.66554
-63.94055
-63.64014
-63.43722
-63.49172
-63.48006
-63.38046
-63.64763
-64.10560
-64.12507
-64.15475
-64.16667
-64.45197
-64.30015
-64.18298
-63.98131
-63.82894
-64.06903
-63.87661
-63.87843
-63.89962
-63.74849
-63.59187
-63.22059
-63.28276
-63.81009
-64.45463
-65.10494
-65.64422
-65.51574
-64.63633
-63.61437
-63.09569
-63.06889
-63.25054
-63.21314
-63.45242
-63.65866
-63.79331
-63.91430
-63.39553
-63.39076
-63.46516
-63.96421
-64.63648
-65.12402
-64.87527
-66.44314
-67.46885
-66.91089
-67.81874
-69.12886
-69.64337
-69.03109
-68.34968
-67.98913
-68.36686
-68.39894
-68.58335
-68.34659
-68.91462
-68.65523
-69.80942
-66.98806
-64.84881
-65.53068
-65.89363
-66.47278
-66.83141
-66.81924
-66.84379
-67.20082
-67.20545
-67.33060
-67.50595
-67.72715
-68.05622
-68.23673
-69.43380
-75.00786
-74.83554
-73.41710
-72.40670
-72.29361
-72.31484
-73.12423
-73.32874
-69.58262
-69.53163
-70.21567
-70.99035
-71.92708
-71.84645
-72.10359
-69.64130
-67.28751
-67.44335
-67.21233
-67.52471
-67.88129
-68.35689
-68.67085
-69.76382
-71.04606
-71.19096
-71.54874
-71.69737
-72.01622
-71.51739
-71.46364
-70.71671
-70.55382
-70.72997
-70.15780
-70.42548
-70.49424
-70.63130
-70.50214
-69.01111
-67.82476
-67.07549
-66.88028
-67.09346
-67.59464
-68.43885
-69.02062
-68.33326
-68.09132
-67.65628
-67.72854
-68.14424
-68.98455
-70.07825
-71.22098
-71.23561
-71.14735
-74.38175
-74.28244
-73.89418
-73.98253
-74.45771
-75.26491
-75.02445
-74.32571
-74.74183
-74.12729
-73.45509
-73.45099
-74.41082
-75.84110
-76.50866
-76.26563
-75.41534
-75.19567
-75.16716
-75.59854
-76.34568
-77.80316
-78.72643
-83.02000
-85.98696
-85.77423
-85.75035
-86.11851
-83.64090
-83.53722
-81.40689
-90.30479
-88.43246
-91.52280
-84.54327
-117.20910
-75.01936
-63.93669
-63.24920
-63.44555
-63.61042
-63.52929
-63.43464
-63.01448
-62.91310
-62.53917
-62.30638
-62.21710
-62.38581
-62.44567
-62.87571
-63.18942
-62.91137
-62.76684
-62.28800
-62.39858
-62.50097
-62.51671
-62.82892
-63.15180
-62.44947
-63.63947
-65.05247
-65.35530
-64.98072
-64.76915
-65.39998
-65.07672
-62.92834
-62.45216
-63.16144
-63.70074
-63.90218
-63.78948
-64.02544
-63.27152
-62.49970
-61.76692
-61.71011
-61.95233
-62.14338
-61.94026
-62.37596
-62.54717
-63.01277
-65.00191
-65.77305
-64.51253
-64.04312
-63.64703
-64.00922
-63.22104
-62.65264
-63.57000
-62.16729
-61.91405
-62.11570
-61.72576
-62.45523
-62.90135
-63.01395
-64.18510
-63.90034
-63.93810
-63.84958
-62.96201
-62.07688
-61.26499
-61.75273
-61.55268
-61.95307
-63.22902
-64.30269
-63.93378
-63.43123
-64.51266
-64.38569
-64.66909
-66.46666
-67.68713
-68.17476
-68.12465
-67.16745
-65.55272
-64.94395
-64.87482
-64.58704
-66.37457
-67.92611
-68.62684
-69.41575
-67.72646
-67.92229
-67.26636
-65.95104
-66.88491
-68.46194
-69.92206
-68.17459
-65.35037
-65.11918
-64.73714
-64.09921
-64.26218
-64.77262
-66.82122
-68.47858
-69.15003
-71.50935
-72.75167
-70.85349
-68.76726
-66.77768
-66.33307
-66.25393
-66.36164
-66.26021
-65.41033
-64.74977
-64.86792
-65.31009
-66.45524
-67.96122
-67.70395
-67.32271
-66.53091
-66.63027
-67.56539
-68.72645
-70.01001
-70.32648
-70.63258
-71.46421
-70.17946
-69.76538
-69.86698
-70.16639
-67.54907
-64.71874
-64.08438
-64.04448
-64.40918
-64.34559
-63.96442
-63.53855
-65.51828
-67.76435
-68.20229
-68.29744
-67.20168
-66.57356
-66.78371
-66.40830
-67.96017
-68.29632
-67.93895
-68.61094
-68.12467
-69.05382
-69.53872
-69.30488
-69.65241
-69.29164
-68.62894
-68.56126
-68.56588
-68.77255
-67.76413
-68.27491
-66.89944
-66.24088
-66.73166
-67.04745
-67.30464
-67.65510
-69.30753
-69.97895
-70.09361
-69.90736
-69.64012
-69.27783
-69.35844
-69.05684
-69.10926
-69.47266
-70.65193
-70.89805
-71.23816
-70.94067
-70.70655
-69.97203
-69.71641
-70.61159
-72.04129
-73.89038
-73.69287
-74.62949
-74.26105
-73.73020
-73.15121
-70.46938
-68.98150
-69.07693
-68.43699
-67.63212
-67.42005
-68.49606
-68.79856
-69.64663
-71.66985
-72.52392
-72.56109
-73.12765
-74.17783
-73.98886
-74.25488
-69.73239
-67.60414
-67.87327
-67.94851
-68.39409
-68.69039
-69.03615
-68.97365
-68.02074
-68.34763
-69.52503
-69.91016
-70.76091
-71.09659
-72.67542
-68.55840
-65.78448
-66.85892
-67.91132
-68.84607
-69.84436
-70.78759
-71.86569
-71.29194
-69.26118
-68.97279
-68.85362
-69.57276
-70.35655
-71.54178
-72.45377
-71.66751
-72.06166
-72.54902
-72.99650
-71.45527
-70.98332
-71.75831
-72.35672
-74.37769
-75.63597
-77.14119
-78.46450
-81.81762
-85.55343
-84.74047
-82.45054
-76.88085
-75.01194
-74.96463
-74.09145
-73.40774
-73.07076
-73.40770
-73.23001
-71.32426
-70.71029
-71.78479
-72.56014
-73.09398
-74.15651
-75.23569
-74.65969
-73.22798
-73.48614
-74.55801
-74.26353
-73.12346
-72.81743
-74.19313
-73.73636
-72.02315
-72.80114
-73.41245
-73.83381
-74.63367
-74.60325
-75.10280
-73.73358
-72.48611
-73.01998
-73.45028
-73.56843
-73.55822
-73.70887
-73.90062
-73.18769
-73.35262
-74.73424
-76.04804
-77.82488
-78.85195
-78.57868
-78.97379
-78.20154
-78.20524
-78.73124
-79.07793
-80.69195
-80.86492
-80.67667
-80.14190
-78.85706
-78.83934
-79.06566
-79.15230
-79.55101
-79.38972
-78.97906
-78.86916
-78.93909
-79.11847
-79.91318
-79.66253
-79.24948
-80.07879
-81.02061
-81.04691
-80.62288
-81.57804
-83.14301
-83.58532
-83.51162
-84.97086
-85.41251
-85.27946
-85.69488
-85.19976
-84.51246
-82.97453
-83.09732
-83.00189
-83.07810
-82.79343
-82.94542
-82.70964
-82.85796
-82.94633
-83.14657
-84.36133
-83.21241
-77.69231
-79.40344
-81.14660
-81.53301
-84.29872
-86.30996
-90.86940
-87.07034
-88.53078
-86.47796
-89.93823
-84.54200
-87.27412
-81.45384
-85.20668
-77.25068
-75.50663
-78.00457
-75.18533
-76.04132
-74.61697
-76.26964
-75.55174
-76.14903
-75.94493
-77.75830
-77.30628
-79.53095
-79.73604
-81.90259
-84.54756
-84.30363
-87.23391
-82.58929
-82.32438
-80.35590
-83.51096
-84.54823
-85.09646
-84.87593
-82.37828
-81.98868
-80.34840
-79.29671
-78.24949
-77.46926
-77.24860
-76.61936
-77.16721
-77.35357
-77.68712
-78.00739
-79.01008
-79.95520
-81.91714
-83.26049
-85.37201
-85.91529
-88.04439
-87.32395
-86.04804
-85.80995
-83.65103
-86.02124
-86.14162
-88.62178
-87.10297
-86.46265
-85.60786
-84.20069
-83.61060
-81.93745
-81.18437
-80.52405
-80.34497
-79.98354
-80.28452
-80.92264
-81.91069
-82.23491
-83.06495
-84.42315
-85.79600
-87.94314
-89.03415
-91.57892
-90.29730
-89.98294
-87.93293
-87.51981
-87.69311
-89.43222
-91.40503
-90.52382
-90.79944
-88.27937
-88.12335
-86.38666
-85.62243
-84.78072
-84.06250
-83.73540
-83.24912
-83.29592
-83.93097
-84.87959
-85.79992
-86.47905
-87.37373
-89.32747
-90.25937
-92.78637
-93.15939
-94.02311
-92.69401
-91.03563
-90.67209
-90.32475
-92.13938
-92.54254
-94.12157
-93.25593
-92.01076
-90.72651
-89.23082
-88.96559
-87.90055
-87.38653
-86.85226
-86.57209
-86.18167
-86.77872
-87.45738
-88.03945
-88.77589
-89.72413
-90.76213
-91.50793
-93.13595
-92.78854
-93.25512
-92.05012
-91.50659
-90.65645
-91.17864
-91.40875
-90.85291
-91.21534
-90.88816
-90.70444
-89.36090
-89.33400
-89.00018
-88.84335
-88.62279
-88.09966
-87.66952
-87.19845
-87.56957
-88.23779
-88.75409
-88.43489
-87.28348
-86.89833
-87.72941
-87.30280
-87.01735
-87.59048
-87.50295
-88.66934
-88.73065
-87.88765
-87.58275
-86.45742
-86.45419
-86.85374
-86.70264
-86.72829
-85.15739
-84.11154
-84.91914
-85.36869
-85.35116
-84.86315
-84.23919
-84.07249
-84.33132
-84.96130
-84.66879
-83.92549
-83.72507
-83.65976
-83.74080
-84.07352
-83.97294
-83.48457
-83.66952
-83.80529
-83.51522
-82.36538
-82.70635
-82.64196
-81.67357
-82.11301
-81.51251
-81.88045
-81.56472
-81.72035
-82.17532
-81.56796
-80.81170
-80.22734
-80.67110
-80.81730
-79.50037
-78.22962
-78.24063
-78.78144
-80.65628
-80.47575
-79.22882
-78.36249
-77.73878
-77.69116
-77.79724
-77.51716
-77.56278
-78.07111
-78.00423
-78.12816
-77.96617
-77.61668
-77.08293
-76.72591
-77.07580
-77.29012
-76.80268
-76.86352
-77.35281
-78.78387
-78.89729
-77.81677
-77.00483
-76.47265
-75.40091
-75.24529
-74.36386
-73.04416
-71.21135
-71.46504
-73.07669
-72.05891
-72.61962
-72.61617
-72.49859
-73.48092
-72.31772
-70.25097
-71.98664
-72.82585
-72.72032
-71.52707
-71.18649
-70.36505
-70.87523
-67.59814
-66.01810
-69.65193
-68.07159
-69.54774
-69.41236
-69.15174
-68.05936
-68.31619
-69.13821
-69.39123
-69.89412
-66.36537
-67.51081
-70.71831
-69.11623
-67.38023
-69.32138
-72.58222
-70.60349
-66.79908
-69.31836
-72.15669
-71.95933
-69.90156
-67.41959
-69.54147
-67.79554
-65.15323
-67.17429
-70.23642
-67.49800
-65.62469
-69.47505
-70.49546
-70.30628
-70.53987
-69.81194
-70.71511
-69.63571
-70.00631
-70.92040
-72.14474
-68.01772
-68.24624
-71.71068
-72.88288
-69.94660
-67.34224
-70.97251
-70.58727
-67.53477
-67.73434
-71.55764
-70.19597
-69.89827
-70.39030
-70.57241
-71.95113
-65.62112
-67.57662
-72.64263
-71.52615
-66.25795
-68.45332
-74.76756
-72.24185
-73.67927
-72.76862
-74.52503
-75.17871
-74.75178
-70.96146
-73.60233
-70.32407
-68.58312
-71.55729
-73.88286
-69.81095
-66.18708
-70.31134
-72.87354
-69.05680
-68.09166
-72.33685
-73.99978
-71.15952
-72.25797
-72.15466
-75.66451
-68.44231
-67.06336
-72.49390
-74.61709
-68.43250
-66.50512
-73.09495
-71.59829
-73.32336
-72.09903
-73.06546
-73.27380
-72.02578
-70.78707
-73.01521
-73.42980
-68.21244
-70.76095
-73.91366
-72.85141
-68.70536
-70.66552
-77.18767
-72.89326
-68.56283
-72.06109
-77.45414
-73.32991
-74.99355
-73.30903
-78.68460
-71.88647
-67.35626
-72.87086
-78.81878
-74.25572
-66.52928
-71.76673
-73.26911
-72.41212
-72.80912
-73.26206
-74.42810
-72.06126
-73.29462
-73.10250
-75.74987
-69.55628
-69.56994
-74.86152
-75.04000
-70.24001
-70.67924
-74.98739
-77.18645
-69.92105
-71.45533
-77.25081
-76.31750
-72.57014
-69.55483
-73.85874
-72.36063
-68.11985
-70.03989
-75.17643
-72.45877
-67.04087
-69.57988
-74.45386
-72.60970
-74.43700
-72.00579
-74.88761
-72.78719
-70.96257
-72.11592
-76.26084
-71.95802
-69.22622
-73.65409
-76.63435
-73.27224
-66.92067
-70.93177
-73.87706
-69.85709
-69.34229
-73.08357
-73.57327
-71.94002
-72.36232
-72.15078
-76.92230
-67.68623
-68.15888
-73.91588
-76.35622
-68.07230
-68.16248
-76.96288
-74.03226
-76.54706
-74.55030
-77.45807
-76.86563
-75.69982
-71.10784
-72.42634
-71.99253
-68.30150
-70.03473
-74.74309
-71.93110
-69.45923
-72.59517
-75.61622
-71.39700
-68.13466
-70.76102
-73.33535
-71.77273
-67.67033
-67.82433
-71.83247
-68.02820
-66.47141
-71.76040
-75.20054
-69.91378
-65.40045
-70.13120
-71.03403
-69.69363
-69.83041
-70.57110
-71.81836
-70.06296
-70.62313
-71.24246
-73.41128
-68.73599
-70.07326
-74.96755
-75.06818
-69.16549
-69.82483
-76.04219
-74.41585
-68.68408
-69.56541
-75.41925
-71.90938
-72.40367
-71.97852
-75.15163
-73.29611
-67.06074
-70.14613
-77.76156
-73.89295
-66.57204
-69.22159
-72.31140
-70.72348
-71.59207
-71.45850
-74.36297
-71.53802
-72.47763
-72.70408
-76.64943
-70.80849
-67.92897
-72.71113
-75.76548
-70.77683
-67.68683
-73.13454
-74.24834
-69.96984
-70.48118
-74.00384
-75.07676
-71.57030
-69.57699
-72.77799
-75.12135
-67.89560
-68.64863
-74.46083
-75.49004
-67.15687
-67.94193
-76.40552
-72.18224
-74.77327
-73.20186
-74.85657
-74.37477
-70.83428
-70.94443
-75.69981
-73.66740
-68.58269
-72.17197
-77.59936
-75.32686
-68.31598
-69.51168
-75.42907
-69.85746
-67.66072
-72.48860
-74.84361
-72.46992
-73.03346
-71.93741
-77.30489
-69.85841
-66.96324
-72.85795
-76.38798
-69.46154
-67.45294
-74.96676
-76.11910
-75.71291
-74.72159
-77.45223
-78.58114
-75.83904
-71.77559
-72.92323
-73.62060
-68.57875
-71.57913
-75.47062
-73.81741
-67.07920
-66.77262
-74.03586
-71.63047
-68.06702
-69.99405
-73.91963
-71.65038
-71.53814
-70.57633
-74.41242
-71.71691
-65.90235
-70.49781
-76.50460
-73.31925
-66.17710
-70.43470
-73.91216
-71.55444
-72.45059
-71.67605
-74.12492
-71.88285
-69.89476
-70.09138
-74.69233
-69.26989
-68.36886
-72.00508
-73.91817
-68.80684
-67.50287
-72.62043
-73.51277
-68.56974
-67.83737
-73.12545
-73.15249
-71.94493
-70.23731
-71.48974
-72.79943
-66.48875
-68.69584
-72.43306
-74.01494
-67.01151
-67.65642
-74.99965
-72.52862
-74.46915
-71.81060
-75.74951
-73.08251
-73.46399
-72.94720
-77.50154
-73.66755
-68.28928
-72.82929
-78.41336
-73.18097
-68.95249
-73.58896
-79.32414
-72.91073
-70.02100
-76.30322
-79.09152
-75.19050
-71.10057
-69.76141
-74.44428
-67.46092
-66.54754
-72.46403
-73.04257
-68.04435
-67.31817
-74.14842
-72.82653
-73.20031
-73.26105
-74.39447
-74.24694
-72.16903
-69.55121
-73.81861
-76.06449
-69.24875
-71.93392
-76.60674
-78.32459
-68.27687
-68.91192
-77.26983
-72.66484
-67.94298
-71.36407
-77.79230
-75.73298
-75.69325
-71.17022
-76.40065
-71.39974
-66.19808
-69.83390
-74.99608
-70.38354
-65.48274
-72.63738
-75.94664
-74.19971
-73.66224
-73.97464
-77.46531
-73.71271
-73.64892
-73.54019
-80.53704
-70.31975
-68.14752
-73.86267
-78.47631
-71.99220
-70.19371
-74.30081
-74.97096
-68.89655
-69.69072
-73.86153
-74.94847
-68.19307
-61.58917
-61.78821
-62.48727
-62.32183
-64.45860
-69.27361
-69.90056
-63.56772
-63.29479
-65.69238
-66.79141
-66.11194
-64.79059
-66.69255
-66.20315
-64.53788
-63.72654
-65.35731
-64.75082
-63.91278
-64.75616
-65.42472
-64.55393
-61.87595
-62.55513
-63.79304
-63.20153
-63.89339
-67.08353
-67.81148
-66.72630
-66.01967
-66.06076
-66.80915
-64.09863
-62.32449
-63.32961
-64.48816
-62.85401
-65.11384
-69.68974
-67.35322
-67.71100
-66.82359
-65.70253
-64.37237
-63.49791
-62.37704
-63.20059
-63.82679
-63.75313
-64.44630
-65.35024
-64.78356
-63.81272
-64.46004
-65.12953
-64.06614
-62.53850
-63.84123
-62.97633
-65.76461
-62.25178
-59.55316
-60.46046
-59.57902
-58.82700
-58.73215
-59.42945
-59.60329
-59.59565
-59.55507
-59.62455
-59.32021
-59.66279
-60.03689
-60.59887
-61.05399
-61.94787
-61.97478
-62.65670
-61.93897
-62.65975
-62.62353
-63.27067
-64.20027
-60.65865
-61.52379
-62.00413
-60.89806
-61.55105
-62.45595
-62.06682
-62.18968
-61.35801
-61.52564
-61.54171
-61.25654
-62.30749
-62.76688
-62.29862
-60.90336
-62.01570
-62.39634
-62.36824
-62.67959
-62.83725
-62.54847
-62.41636
-64.49675
-64.96258
-65.29119
-63.91290
-62.47116
-63.87289
-65.05470
-63.94629
-63.15191
-64.57503
-64.71877
-63.61484
-63.57339
-65.15275
-65.15460
-65.35289
-66.02310
-65.77236
-67.26629
-63.38658
-63.24537
-65.17617
-65.98405
-62.62114
-61.16742
-62.36297
-61.66587
-62.33434
-61.87459
-61.84381
-60.94663
-62.48416
-63.78578
-63.19188
-63.61655
-63.69323
-63.78560
-64.29195
-63.61219
-63.23625
-65.70536
-66.97510
-65.88503
-64.13737
-65.02013
-66.13375
-65.61438
-65.98866
-65.65754
-66.83020
-64.02337
-62.32912
-63.48294
-65.02709
-67.57175
-63.42965
-62.84549
-63.50417
-63.72200
-63.98572
-63.37129
-62.87965
-62.14755
-62.70059
-63.47731
-64.35773
-63.29761
-62.66426
-63.02415
-62.52122
-62.20957
-62.77759
-63.95040
-63.91312
-62.65490
-62.63078
-63.13226
-62.83560
-63.53886
-63.61408
-64.59112
-64.29930
-62.62050
-63.83956
-64.52187
-63.58311
-62.13351
-63.78357
-64.49974
-64.26659
-63.04800
-62.33717
-62.83242
-62.27243
-62.95019
-63.54559
-63.84074
-62.94240
-61.95449
-62.84937
-62.74794
-62.23438
-63.53357
-64.80558
-66.18375
-65.40301
-65.35780
-67.25919
-66.69562
-66.35178
-66.33269
-66.18846
-66.78342
-64.44897
-64.86656
-67.07111
-67.60339
-63.28601
-63.98395
-66.99484
-65.44668
-66.29727
-67.22996
-68.26525
-67.86604
-64.07515
-61.79968
-62.22612
-61.53710
-61.44582
-61.97256
-63.53591
-63.33497
-63.28847
-64.68486
-65.71240
-64.88347
-64.09983
-65.04055
-64.75913
-63.19281
-64.93215
-67.72053
-69.63111
-66.15708
-65.73590
-69.88273
-69.82148
-68.16939
-65.37011
-67.37106
-66.98920
-66.52185
-65.73632
-66.83062
-66.45841
-65.68751
-66.29275
-68.48872
-68.92789
-65.66068
-65.82338
-67.10085
-67.28409
-66.14131
-68.08844
-71.49917
-70.73773
-66.25268
-68.00427
-72.02334
-69.55519
-70.70777
-70.02325
-73.79335
-70.91599
-66.02022
-69.75325
-75.80075
-72.32611
-61.99631
-61.30031
-62.22886
-61.63561
-62.01516
-61.65193
-62.22338
-61.73029
-60.56673
-60.23463
-60.28174
-59.77123
-60.13827
-60.34170
-60.43026
-59.97506
-61.07263
-61.98021
-62.01486
-61.73619
-61.68107
-62.14686
-61.82244
-61.99621
-62.32019
-62.27923
-61.72055
-61.02870
-61.47029
-62.47352
-62.22296
-60.62941
-61.42851
-62.26757
-61.81013
-62.34126
-61.84417
-62.41957
-61.81094
-61.87781
-62.00739
-63.03788
-62.25770
-61.33635
-61.94573
-61.89709
-64.93069
-63.90276
-63.51189
-65.28916
-63.24697
-62.38747
-64.28807
-64.26627
-64.19497
-64.36624
-64.18367
-65.19847
-63.18005
-62.51765
-63.51799
-64.56633
-62.99127
-63.00718
-64.51942
-65.17213
-64.82184
-64.80012
-63.60984
-65.88629
-71.41984
-66.48871
-67.84827
-67.07007
-65.44805
-66.36808
-66.79378
-66.23430
-62.69912
-61.76430
-63.36433
-62.59832
-61.46562
-62.48455
-63.20534
-62.40406
-63.18726
-62.87530
-64.03313
-63.54826
-63.12097
-66.17643
-67.67099
-66.93253
-63.01826
-64.41789
-65.02758
-65.02932
-64.68708
-65.12507
-64.95884
-65.06446
-66.30556
-67.14459
-68.29722
-64.44676
-63.85773
-66.65041
-68.37253
-65.66809
-65.61692
-68.23829
-67.84167
-64.68465
-64.61272
-66.76648
-66.87409
-68.72206
-69.91358
-70.24587
-71.04857
-65.23374
-65.80461
-68.70239
-69.54123
-64.34411
-63.14624
-64.79030
-63.67797
-63.86601
-63.61478
-64.11047
-63.76512
-65.38062
-66.34634
-66.93485
-65.57405
-64.74848
-65.43367
-66.21886
-64.79668
-64.73475
-66.52304
-67.54114
-66.11189
-65.51844
-67.51297
-67.15291
-65.46134
-63.38318
-64.01559
-64.03752
-62.13877
-62.28252
-63.86585
-63.90577
-62.48166
-62.57324
-64.33906
-63.97281
-64.28840
-63.74350
-63.84927
-64.23688
-63.32021
-63.29186
-64.34986
-64.44391
-62.67578
-63.66346
-64.76757
-64.22079
-62.65389
-62.54600
-63.97722
-63.23761
-62.57650
-63.24823
-63.77233
-63.57949
-63.09529
-62.67346
-64.00926
-62.74660
-61.85818
-63.43627
-64.04086
-62.62660
-61.39072
-63.11872
-63.01021
-63.29305
-63.20008
-63.79355
-63.56191
-64.54132
-67.19268
-66.99735
-67.64202
-64.88229
-64.98901
-67.89035
-68.27265
-66.41097
-66.75235
-68.34515
-68.17556
-65.17528
-66.28879
-67.97799
-68.06962
-64.94243
-60.79998
-61.29171
-61.81173
-61.96633
-64.12128
-67.17073
-66.08358
-62.27804
-62.60842
-63.80934
-64.44950
-63.68396
-63.63223
-65.86334
-65.49587
-63.94042
-63.12681
-64.41212
-63.18050
-62.86845
-63.48380
-64.10225
-64.00641
-61.27446
-61.82415
-63.01968
-61.69371
-62.21775
-63.98670
-64.90676
-63.84422
-64.22280
-64.52973
-63.94750
-62.04063
-61.80525
-62.96918
-63.82758
-61.81304
-58.25394
-58.54067
-58.82250
-60.08418
-60.48373
-61.33493
-60.49528
-60.35199
-61.93609
-63.23860
-64.02485
-62.28279
-62.29854
-62.38371
-63.75896
-61.82941
-60.23689
-60.17708
-59.67207
-59.16923
-60.10831
-61.27421
-64.05397
-61.08428
-59.46713
-60.02306
-59.30173
-58.85181
-57.86171
-58.27082
-57.58727
-57.88588
-58.08564
-59.40115
-59.99348
-60.23686
-60.13794
-60.06499
-59.93063
-59.81522
-62.25850
-60.80217
-60.09547
-61.00356
-63.11387
-64.51366
-61.88165
-59.75623
-59.93082
-59.47361
-60.01405
-61.18189
-61.15057
-60.81826
-60.53334
-61.35662
-60.74393
-60.01637
-59.32200
-61.08069
-62.28800
-61.22016
-60.45871
-61.04200
-61.23568
-61.70542
-61.82623
-61.39879
-62.59279
-61.83087
-61.18023
-61.48685
-62.48597
-62.20004
-62.10678
-62.68634
-62.76088
-61.76216
-61.22213
-62.15032
-62.31189
-61.50915
-61.52720
-62.58885
-64.05827
-63.48095
-62.65099
-63.38902
-63.59469
-62.13848
-63.13636
-64.44551
-63.38639
-61.33098
-60.46467
-60.77389
-60.32648
-60.25024
-60.25384
-61.09602
-60.88143
-61.57127
-61.85195
-63.14708
-63.09128
-62.30895
-62.42944
-62.68319
-63.32466
-60.91273
-61.41149
-62.19795
-61.94161
-62.21760
-62.92754
-62.58835
-62.01401
-62.26011
-61.72826
-64.02011
-63.02132
-62.66158
-64.67864
-67.46097
-66.24212
-61.29096
-61.82164
-61.70871
-61.56512
-61.55093
-62.11732
-62.27579
-62.41523
-62.26109
-61.53820
-61.46731
-60.48424
-60.73713
-61.86311
-62.54335
-61.85765
-61.98948
-62.66152
-61.87072
-61.20834
-61.62620
-61.47832
-61.87549
-60.56666
-60.27681
-62.17560
-61.78601
-61.17144
-62.42779
-62.98333
-61.56812
-61.24534
-62.69166
-62.00050
-61.41443
-61.88770
-62.47091
-63.09869
-62.29165
-63.34386
-65.03692
-64.66471
-62.97723
-62.93974
-63.30047
-62.66200
-61.15341
-60.47025
-62.07893
-62.85672
-62.29233
-63.20021
-65.29316
-64.72459
-64.01236
-63.80268
-64.46500
-64.79383
-62.62023
-64.03685
-66.68466
-66.08774
-63.18802
-64.06803
-65.47100
-64.40247
-64.54120
-64.00082
-65.08541
-64.89221
-63.86576
-64.20279
-63.52325
-62.21740
-61.95786
-61.96286
-62.71569
-62.46589
-61.93614
-62.14926
-61.86428
-61.23657
-61.59771
-62.06970
-63.02048
-61.99746
-61.89421
-64.73178
-66.61210
-64.40170
-64.22116
-66.93227
-68.06197
-64.06135
-62.30098
-63.92028
-64.01903
-65.49476
-64.83787
-65.79381
-65.32502
-65.32262
-64.84352
-65.36356
-65.65892
-64.36323
-66.30298
-68.23366
-68.49385
-64.75290
-64.97336
-67.15779
-66.77043
-66.03409
-66.76324
-68.42314
-67.43295
-68.62368
-68.45853
-71.29653
-68.43061
-65.77614
-68.94317
-71.85090
-69.27560
-59.49218
-60.66829
-62.35782
-59.12793
-59.78642
-61.36127
-62.87963
-61.91636
-60.28777
-59.75453
-59.36203
-59.49930
-59.87465
-59.30708
-60.35919
-59.41569
-59.60712
-60.57855
-62.03488
-61.14491
-59.58186
-62.15060
-61.42138
-60.69260
-59.82467
-59.57052
-59.66747
-58.81439
-59.22719
-60.63656
-62.78345
-60.90190
-59.21688
-60.62960
-62.27857
-61.49043
-60.69317
-60.97832
-60.30037
-60.29777
-60.81705
-62.93334
-62.84940
-60.96918
-60.14571
-60.43875
-62.35892
-60.08991
-61.66764
-63.31646
-60.86107
-60.24605
-61.50250
-62.33825
-62.29788
-61.86403
-60.77065
-61.73617
-61.19738
-62.68903
-65.25745
-65.01809
-62.50782
-62.81669
-62.79788
-61.18111
-62.10416
-64.02124
-62.23510
-64.00207
-65.23654
-61.86767
-63.61276
-63.60863
-62.69622
-62.68513
-63.33184
-62.96109
-60.94678
-60.94851
-62.42123
-61.19969
-60.86150
-61.75301
-62.18145
-61.68473
-61.23558
-61.51492
-64.90531
-63.56551
-61.85620
-63.82974
-65.47568
-64.46267
-61.11082
-62.84416
-63.30025
-63.12410
-61.64245
-62.23340
-62.75857
-63.32998
-64.64838
-66.73238
-66.73834
-63.77680
-63.25083
-61.41475
-63.01988
-62.21902
-61.22890
-62.80135
-63.57263
-63.37771
-64.40473
-64.20726
-62.98103
-63.87741
-64.48306
-66.03233
-65.26700
-63.75637
-64.39611
-64.87670
-64.51397
-60.76013
-61.48196
-62.32444
-61.73546
-62.19878
-61.78871
-62.14858
-61.98080
-63.74093
-63.64834
-64.72524
-63.91476
-63.16638
-65.01902
-66.06582
-63.86956
-61.93250
-62.77328
-63.40305
-62.02144
-62.40049
-64.53638
-65.55768
-65.53645
-62.77700
-62.35575
-62.78316
-61.01409
-61.27548
-62.85811
-62.82695
-61.04232
-60.95630
-61.84912
-61.95074
-62.53807
-61.80713
-63.00604
-63.26772
-62.35483
-62.32917
-63.09243
-62.52202
-61.88900
-62.37881
-62.74580
-62.47317
-61.21351
-62.19095
-62.64411
-62.14707
-61.62853
-62.25875
-62.81496
-62.82705
-63.10814
-62.58462
-63.89804
-62.11667
-61.24006
-62.66179
-63.09328
-61.72279
-60.85996
-63.09535
-62.63585
-62.15982
-62.11997
-62.03837
-62.31541
-63.21335
-63.54977
-64.00571
-64.84006
-62.39286
-63.46507
-67.26086
-64.93832
-62.28681
-61.91289
-63.63289
-64.16329
-63.31758
-65.13116
-66.09260
-65.89826
-62.21250
-59.74102
-60.70901
-61.49786
-61.93466
-63.45354
-64.57003
-63.93729
-61.82187
-63.21727
-65.35630
-66.17000
-65.26699
-64.57751
-65.33181
-64.07409
-62.15589
-61.87251
-63.72851
-62.02727
-61.80994
-63.22204
-63.45067
-62.19497
-60.49271
-61.04384
-61.65802
-61.14557
-62.43063
-64.26522
-64.99258
-64.48188
-63.98287
-64.41614
-65.26363
-61.99988
-61.43449
-62.38508
-63.69067
-60.87389
-58.13455
-59.31088
-59.31561
-61.27313
-61.89774
-63.39416
-62.25938
-62.14048
-64.17788
-66.82311
-65.78930
-62.91144
-61.90292
-62.89005
-64.29528
-60.66372
-59.58711
-59.55130
-59.06292
-58.66239
-59.45864
-60.42922
-63.85800
-59.94804
-58.43960
-59.51064
-58.48432
-58.33964
-58.05985
-58.66677
-58.40709
-58.17036
-59.04690
-59.30113
-60.25999
-60.58550
-60.03619
-60.88960
-60.18481
-60.78795
-60.63906
-60.80887
-59.72342
-61.05935
-63.45343
-64.56414
-62.07256
-59.18149
-59.79560
-59.51862
-59.69930
-60.47311
-61.27067
-60.34331
-59.84825
-58.93145
-59.61087
-59.74273
-59.80392
-61.19904
-61.55203
-60.62202
-59.86173
-60.87816
-61.09610
-61.41134
-61.07135
-60.87569
-61.67459
-62.06132
-61.63052
-62.23638
-62.57436
-62.34569
-62.52842
-63.04813
-63.57851
-62.72826
-62.69526
-64.25985
-64.27639
-62.67483
-63.65101
-65.20979
-64.51224
-63.26679
-61.60574
-63.00617
-63.30523
-61.94862
-63.35045
-63.68815
-63.75804
-61.09131
-59.91577
-60.53191
-60.80373
-61.18173
-61.14794
-61.11577
-60.81408
-60.95570
-61.80722
-63.00153
-61.90536
-61.09710
-62.31400
-63.66748
-62.87973
-61.97689
-63.70983
-65.14512
-63.20781
-63.03729
-64.50604
-64.41312
-63.06927
-62.18871
-62.42590
-62.62797
-60.73438
-61.25205
-61.84004
-64.91703
-64.30814
-60.15585
-60.86541
-60.68937
-60.82766
-60.80940
-61.93623
-61.63034
-61.25112
-60.65974
-60.66510
-60.77584
-60.25868
-60.98100
-62.14075
-62.38219
-60.97615
-60.48603
-61.64372
-61.88993
-61.49556
-62.39409
-62.30604
-62.14241
-60.07768
-59.84218
-61.09165
-60.63926
-60.64881
-61.65348
-61.65750
-61.51836
-60.60749
-63.10691
-63.42567
-61.57344
-61.13919
-60.81306
-60.85051
-60.58816
-63.60130
-65.45178
-67.14037
-64.17335
-63.33882
-64.33079
-63.33659
-61.98123
-60.93800
-61.85820
-62.71690
-62.06086
-62.20157
-63.41789
-63.00710
-63.87238
-63.69375
-63.68228
-63.78605
-62.18972
-63.11487
-64.43315
-64.16716
-62.53278
-62.88959
-64.84558
-64.52620
-64.74136
-64.37910
-65.50845
-64.05186
-61.55530
-63.17179
-62.61860
-61.70766
-61.44840
-61.61782
-62.41194
-61.73846
-62.20443
-63.63226
-64.46590
-62.09523
-61.99030
-62.64769
-63.35307
-62.95403
-62.56695
-65.14333
-65.94990
-64.26334
-64.08688
-66.47207
-68.40629
-63.49305
-62.24307
-64.77260
-64.41175
-64.79023
-64.48889
-65.78623
-64.72933
-64.10901
-64.57242
-65.27413
-64.90672
-64.03051
-65.33186
-66.73847
-65.69244
-63.41273
-65.88239
-68.74537
-67.50280
-65.50771
-67.39156
-69.52327
-68.01103
-68.61950
-68.07649
-71.04735
-67.37081
-65.81366
-68.97077
-73.59919
-66.55283
-58.94077
-59.47030
-59.80812
-60.20688
-59.93490
-60.18634
-63.53853
-60.79125
-58.99725
-59.71328
-59.85985
-59.19973
-58.98338
-59.60068
-59.47138
-59.53957
-60.15789
-60.40648
-61.36987
-61.50386
-61.98540
-62.94315
-62.00289
-61.20459
-60.22410
-59.60220
-60.46602
-61.12892
-62.58353
-62.65120
-62.12900
-61.65202
-60.24450
-58.92078
-59.20696
-60.32632
-60.46340
-60.74480
-60.02953
-59.91182
-60.20131
-62.18319
-61.64604
-59.98996
-60.49007
-62.88634
-62.99655
-60.41306
-63.08076
-64.49413
-62.50136
-62.72714
-65.11167
-65.89117
-63.85750
-61.12439
-61.37396
-62.10851
-61.14195
-61.46437
-62.10822
-62.42866
-61.80111
-63.91830
-63.21323
-62.32665
-64.06425
-64.45588
-64.66739
-67.26377
-64.36119
-61.87545
-63.19762
-62.55115
-62.35893
-62.90829
-64.27898
-63.79143
-61.50253
-61.57440
-62.09694
-61.33039
-61.51836
-61.98006
-61.94320
-61.74474
-63.20013
-64.06873
-65.62853
-63.78306
-63.06847
-66.01993
-66.48633
-63.83620
-62.05039
-63.80226
-64.60424
-65.61878
-65.06713
-64.98051
-64.11472
-63.03869
-62.91146
-65.04366
-66.18567
-63.94013
-64.22882
-65.15695
-65.62323
-63.04352
-63.02482
-65.30058
-63.93999
-62.78700
-63.79422
-66.09856
-65.74181
-65.85018
-65.26490
-66.93871
-65.89494
-63.83922
-67.13496
-69.49664
-67.10603
-60.96593
-61.67233
-62.18423
-61.57002
-61.53816
-62.00779
-62.55900
-62.11988
-64.44963
-65.99924
-66.26860
-63.91024
-63.63301
-64.08514
-63.72594
-62.52818
-63.21128
-63.65609
-63.00395
-61.71884
-61.37860
-62.38732
-63.08106
-62.38233
-61.17865
-61.30956
-61.46570
-61.06058
-61.42740
-62.47947
-62.08376
-60.72272
-61.16582
-61.84775
-61.44692
-61.17662
-60.54083
-61.08718
-61.17320
-60.50910
-60.96656
-61.84295
-60.66516
-60.92319
-61.82578
-61.92885
-61.08791
-60.24360
-60.77494
-61.21766
-60.48804
-60.46781
-61.24090
-61.14787
-61.20584
-60.89434
-61.06342
-61.35278
-60.66448
-60.79762
-61.85643
-61.42968
-59.26900
-59.34813
-61.41595
-61.13597
-61.93096
-61.64213
-61.97512
-62.19037
-62.60629
-64.32557
-64.84456
-64.82447
-62.88737
-63.38810
-64.46712
-64.10175
-62.77954
-62.63333
-63.28388
-62.33425
-61.93441
-63.69949
-64.86739
-64.54186
-60.98622
-59.27773
-60.03998
-58.96703
-59.83367
-62.61741
-63.75996
-62.57399
-60.83433
-61.78843
-62.35106
-61.93377
-61.36811
-62.60063
-64.12257
-62.83916
-61.95199
-61.92279
-62.46202
-61.63512
-62.18854
-63.14575
-64.05785
-62.05954
-60.35532
-61.42886
-61.33248
-61.92047
-62.91149
-63.88765
-64.11928
-63.88241
-63.77165
-64.05614
-64.51058
-62.34550
-62.35479
-62.69621
-62.66505
-62.74350
-62.41713
-62.67476
-62.34273
-62.50054
-62.44962
-62.84623
-63.08976
-63.51585
-63.83158
-63.93417
-63.71318
-63.73666
-63.97504
-63.97600
-64.38955
-63.55697
-63.09494
-63.54475
-63.84948
-63.44968
-63.56225
-63.67834
-64.07924
-65.62230
-66.06249
-66.14463
-65.64374
-64.96008
-64.65388
-65.29922
-64.30458
-62.28851
-62.38823
-62.26344
-62.27222
-62.60936
-62.69128
-62.90465
-62.59942
-62.26479
-62.24809
-62.63468
-62.52166
-62.35178
-62.44345
-63.46350
-66.37680
-67.86502
-68.18533
-68.14156
-67.78035
-67.98179
-67.75297
-67.28624
-65.88631
-65.22384
-65.24510
-65.03904
-65.01352
-65.29222
-65.62113
-65.64709
-65.48968
-66.16071
-67.30093
-67.98731
-69.09753
-69.76307
-70.79639
-69.15816
-66.47063
-66.37842
-66.41134
-66.38508
-66.60480
-66.06506
-66.57810
-64.60472
-62.89217
-63.40051
-63.51093
-64.11484
-64.35937
-64.63892
-64.64865
-64.53159
-64.35128
-64.31944
-64.48323
-64.90135
-65.12346
-64.83709
-64.91170
-63.97022
-63.25664
-63.13773
-63.25989
-63.75333
-64.26386
-64.46882
-64.14105
-63.37722
-63.19933
-63.33589
-63.65581
-64.22796
-64.58730
-64.93031
-64.93691
-65.00655
-64.72325
-64.24149
-63.86040
-63.44252
-63.20253
-63.35387
-63.58006
-63.47653
-63.28443
-63.27238
-63.70017
-63.85955
-64.28153
-63.79223
-65.56331
-68.55254
-68.90656
-70.47097
-71.05717
-71.75151
-71.00998
-69.79138
-69.72567
-70.25371
-69.80671
-69.84346
-69.51965
-69.43893
-69.36593
-69.07883
-67.30191
-66.03390
-66.11254
-66.00600
-66.47841
-67.03235
-67.61249
-67.66191
-68.06702
-67.34510
-67.68760
-68.24875
-68.16690
-69.41536
-69.34405
-71.09143
-73.61424
-73.81369
-74.77979
-74.40200
-74.68341
-74.63323
-74.16892
-73.59199
-73.02388
-72.32410
-72.11490
-71.72948
-71.34535
-71.65644
-72.20575
-70.63631
-69.18276
-69.20704
-68.87131
-69.01654
-68.52650
-68.49855
-68.18510
-70.24407
-72.27188
-72.13798
-72.62826
-72.25777
-72.06828
-71.68058
-72.11621
-70.94635
-70.06857
-70.43884
-70.50447
-70.22527
-70.36739
-70.51006
-70.38788
-69.59687
-68.51605
-67.69370
-67.21671
-67.04127
-67.20230
-67.83373
-68.88750
-69.20397
-69.07579
-68.68763
-68.39846
-68.30716
-68.70096
-69.16695
-70.06983
-70.24449
-70.31152
-73.06800
-73.26798
-72.99749
-72.86490
-72.80411
-73.16409
-73.69548
-74.25125
-74.83814
-75.08808
-74.80443
-74.62819
-74.14798
-74.12085
-74.34306
-74.80065
-75.19478
-75.66732
-76.08982
-76.22871
-76.44430
-75.45965
-73.51125
-74.79584
-76.14353
-75.95864
-76.26152
-76.58122
-76.22557
-77.08610
-78.13734
-84.31793
-87.34303
-88.40856
-88.32788
-91.42360
-82.46183
-69.82900
-68.65445
-70.44687
-73.29063
-74.09603
-71.89695
-70.69156
-70.07809
-70.05539
-70.39104
-71.66098
-73.24386
-76.07901
-79.27263
-85.25391
-79.37538
-75.73466
-75.24655
-75.50912
-75.72655
-73.85187
-72.78283
-71.78637
-71.12671
-71.05041
-70.90846
-71.02512
-71.46372
-72.49673
-74.05976
-75.78856
-76.52291
-75.40561
-73.98554
-73.21070
-73.10594
-73.16131
-74.08058
-74.23753
-74.81943
-76.17007
-77.24253
-77.87863
-77.78234
-77.14573
-77.57723
-75.51466
-73.70165
-74.12063
-73.83848
-73.91925
-73.99270
-74.48380
-75.11464
-75.77417
-76.56769
-77.75332
-78.93421
-79.86104
-79.36720
-78.46489
-77.83338
-77.45301
-77.41341
-77.29574
-77.23726
-77.26780
-76.83583
-76.35283
-75.72295
-75.35338
-75.16339
-75.08128
-75.68932
-76.27852
-76.88098
-77.38761
-77.84933
-76.11059
-76.74512
-77.89981
-78.39787
-80.01693
-80.98341
-82.17664
-82.29691
-83.01519
-82.13496
-81.51283
-80.96264
-80.18375
-79.69287
-79.41658
-78.91678
-78.81706
-78.51671
-77.93646
-77.62183
-77.08419
-77.27279
-77.66142
-78.39176
-79.84789
-80.93136
-81.35274
-82.02273
-82.65002
-83.00044
-83.83534
-81.65750
-81.93478
-85.21324
-85.21571
-85.56827
-83.09722
-81.31582
-79.47825
-78.73249
-77.43411
-77.91191
-83.07258
-84.09013
-83.60257
-82.76709
-82.36773
-76.83493
-74.22377
-77.15163
-80.72352
-78.93631
-75.22525
-72.87848
-70.99788
-70.08035
-69.52859
-69.61473
-70.12210
-71.12495
-72.46964
-74.87025
-75.26009
-72.48566
-70.96193
-69.78391
-69.55524
-69.94052
-70.70973
-71.54617
-72.44051
-74.22206
-76.08062
-78.07619
-78.23503
-77.58050
-78.45963
-79.10971
-76.56345
-73.87091
-73.28508
-72.42938
-71.97874
-72.25451
-72.66438
-73.31823
-74.30153
-75.81490
-77.50916
-78.62457
-77.04895
-75.85168
-75.29734
-74.83458
-75.17821
-75.83736
-76.90233
-77.74751
-78.51933
-79.83215
-80.03709
-79.85496
-79.09504
-79.87774
-80.45832
-80.26219
-80.34619
-78.97920
-78.15176
-76.38607
-75.81150
-76.69249
-77.34383
-78.19113
-79.05872
-79.51866
-79.94863
-80.27398
-79.51253
-79.34832
-79.27855
-79.02048
-78.92109
-78.09934
-77.87746
-75.39010
-73.93058
-74.11341
-74.00058
-74.03605
-73.86951
-74.15997
-74.34113
-74.70302
-75.08862
-75.32782
-75.84408
-76.94624
-77.96449
-79.17735
-80.54214
-82.05282
-82.65895
-83.37168
-84.15226
-83.61571
-83.31869
-83.00055
-82.81432
-82.72294
-82.07687
-81.26224
-80.50181
-79.49652
-79.02984
-78.35334
-78.01190
-75.91304
-75.52296
-75.96146
-75.66791
-76.60504
-77.41086
-78.59487
-80.23646
-82.11969
-86.99231
-98.81946
-101.17329
-106.69983
-114.68436
-121.34578
-128.20623
-123.33982
-130.16218
-123.69204
-130.70416
-123.29002
-141.91200
-121.51784
-126.38440
-121.35883
-127.44104
-123.56217
-137.66161
-124.70442
-128.05284
-123.04146
-125.51578
-126.38244
-136.92022
-130.03608
-131.36193
-130.80671
-133.65218
-136.93969
-135.47896
-141.21955
-136.34305
-144.10267
-136.05427
-144.91987
-136.10905
