-112.73620
-92.59150
-95.52779
-82.98295
-74.95273
-75.71529
-77.33963
-79.68736
-83.71482
-88.59324
-87.76483
-83.35986
-80.54639
-82.35558
-87.27535
-86.53871
-82.89666
-80.17550
-78.27795
-76.96328
-76.47314
-76.38843
-76.60511
-77.50602
-78.86860
-80.84225
-82.64557
-80.70417
-79.20271
-78.48484
-78.44048
-78.57598
-79.79161
-79.09980
-77.56531
-77.92372
-79.32205
-81.86727
-83.47972
-83.40293
-83.88144
-84.53373
-82.56905
-81.36671
-80.42026
-79.49454
-79.41958
-78.93731
-78.70625
-79.28585
-80.31868
-81.88337
-83.08212
-84.59748
-83.89489
-82.47587
-81.88346
-81.04363
-80.88592
-81.20739
-81.73317
-81.89601
-81.68560
-81.35495
-81.50632
-81.36939
-80.99061
-81.07334
-81.56055
-82.04463
-82.37020
-82.35629
-82.17963
-82.74000
-82.82571
-83.12249
-83.95423
-84.73733
-85.86103
-87.17612
-88.68178
-88.33958
-87.15402
-86.11556
-85.70970
-85.49777
-85.89674
-86.32730
-86.11483
-86.06940
-85.77411
-85.48664
-85.09272
-84.57759
-84.21074
-84.66651
-85.25606
-85.59926
-86.30390
-86.52927
-86.69201
-87.14810
-87.66126
-87.90354
-88.59549
-89.53107
-91.02981
-91.92102
-92.00069
-91.16064
-90.11319
-90.03434
-89.59198
-90.15199
-90.18262
-90.38637
-89.76929
-89.80358
-88.80833
-88.44005
-87.61548
-87.63938
-87.58779
-89.12331
-89.02404
-91.30051
-88.19696
-77.56675
-74.56576
-74.14431
-74.41144
-74.85506
-75.63554
-77.26683
-79.54021
-80.30989
-78.22270
-76.96184
-76.41109
-76.53522
-76.95406
-78.12970
-79.90219
-82.38730
-86.36356
-90.73520
-89.26995
-84.86157
-82.70091
-84.75694
-89.79667
-88.05129
-84.81670
-81.74575
-80.32597
-78.38836
-75.96033
-75.82204
-76.66603
-78.11258
-79.89919
-82.56938
-83.42450
-81.43630
-79.94004
-79.00305
-78.57513
-78.45837
-78.98151
-79.86325
-81.12664
-81.84352
-79.94012
-78.54059
-78.58448
-78.20604
-78.02669
-78.06768
-78.50066
-78.72919
-78.91791
-79.43309
-79.91342
-80.52188
-80.76972
-81.23144
-82.58431
-83.73251
-85.44370
-86.50370
-85.38002
-84.12076
-83.72419
-83.26403
-83.00203
-83.10973
-82.87441
-83.43508
-83.41561
-83.20689
-82.56996
-82.01761
-81.48034
-81.56487
-82.14907
-83.04455
-83.59150
-83.68906
-84.27556
-84.33052
-85.02072
-85.25774
-85.75689
-86.67077
-87.94788
-88.61361
-89.55758
-89.65770
-88.42259
-88.10184
-87.70384
-87.75037
-87.66398
-87.93577
-87.70105
-87.07814
-86.36860
-86.09390
-85.79503
-85.46832
-85.43414
-86.07076
-86.49021
-86.85469
-87.41413
-87.76102
-89.20597
-91.75089
-94.25617
-96.88856
-99.73626
-99.95518
-98.25466
-95.43684
-97.11488
-98.71328
-101.70675
-99.90593
-100.13954
-95.07586
-96.21079
-87.16444
-80.98403
-84.84584
-88.69434
-85.55744
-81.03674
-79.85403
-83.53121
-86.45909
-84.04969
-80.91556
-78.60956
-76.78805
-75.95558
-75.44929
-75.62989
-76.18792
-77.26513
-78.66101
-81.01077
-81.27788
-79.13713
-78.17647
-77.67573
-77.73439
-78.22612
-79.63574
-81.20394
-84.34095
-87.60788
-94.92013
-85.20770
-80.77119
-81.69825
-80.57276
-79.71005
-77.95302
-77.23646
-76.55416
-76.28257
-76.35951
-76.70436
-77.15076
-78.44536
-79.71658
-81.37925
-84.08244
-84.19324
-82.45547
-80.58578
-79.01635
-78.00664
-78.06996
-78.27866
-78.17204
-78.14129
-78.47272
-77.98041
-77.26125
-76.81649
-77.04966
-77.63398
-78.39781
-78.63317
-78.77577
-79.00649
-79.34580
-80.04137
-81.20472
-82.15659
-82.53268
-83.61984
-84.76768
-85.27995
-85.62245
-85.83500
-85.03694
-84.77968
-84.29477
-84.32605
-84.01880
-83.44511
-82.95918
-82.47314
-82.10933
-81.61238
-81.33416
-81.10480
-81.06724
-81.48075
-81.85648
-82.34238
-83.21365
-84.00077
-84.67764
-85.31662
-85.93794
-86.83192
-88.05818
-88.95955
-89.07702
-89.90118
-89.96808
-89.40607
-89.06241
-88.86795
-88.55190
-88.12300
-87.88481
-87.27911
-86.60330
-85.94948
-85.65606
-84.74560
-84.26322
-84.12625
-84.70877
-85.09817
-86.21846
-87.33362
-93.19163
-97.01593
-112.51691
-102.06914
-104.37625
-87.30851
-74.38355
-75.45196
-75.34612
-72.72224
-71.76724
-70.83000
-70.61576
-70.11913
-70.10726
-70.40966
-71.36585
-72.71137
-74.59309
-76.35357
-78.68796
-79.52451
-79.54966
-79.98051
-78.27249
-76.60510
-75.69613
-74.99211
-74.74217
-74.62844
-75.17428
-75.89731
-76.43988
-78.03283
-79.61478
-82.15509
-81.46854
-80.18364
-76.67399
-75.16858
-75.09306
-74.40938
-74.52633
-74.35987
-74.83910
-74.52053
-74.68433
-74.80934
-75.09186
-75.35111
-75.37863
-75.35526
-75.47098
-75.88908
-76.30991
-77.18717
-77.60043
-78.24700
-79.37058
-80.21500
-81.50978
-82.96829
-84.37926
-84.87227
-83.61314
-82.69602
-81.85725
-81.64425
-81.20091
-80.92305
-80.81914
-81.10082
-80.80635
-80.79966
-81.31191
-80.62762
-80.29642
-80.57794
-80.91917
-80.93328
-81.27814
-82.00477
-82.52263
-82.74414
-82.94581
-83.97552
-84.50535
-85.96877
-87.03684
-88.47779
-89.04855
-88.49055
-87.13247
-86.58016
-85.85326
-86.32105
-85.97758
-85.99026
-86.23146
-85.78159
-85.78706
-84.99127
-84.91204
-83.98677
-84.56938
-84.81698
-86.21562
-85.79064
-87.02983
-86.23908
-87.90436
-86.75877
-88.65409
-88.13808
-90.51459
-90.21506
-92.94429
-92.23418
-92.67162
-91.21789
-90.63868
-90.96328
-89.39743
-91.96879
-88.49973
-93.62257
-87.12607
-95.14739
-84.92681
-121.62678
-83.17103
-75.93514
-64.35728
-62.51268
-67.02421
-66.47049
-69.65149
-70.42465
-71.02220
-70.25460
-70.43659
-70.49460
-69.80128
-70.58850
-72.00446
-71.93507
-73.42449
-73.88418
-71.98158
-73.27731
-73.54837
-75.39833
-75.57578
-77.21216
-75.29673
-74.60660
-74.61001
-74.86069
-73.85415
-74.79056
-75.77171
-76.91245
-76.88227
-69.28530
-68.51167
-68.95511
-68.93485
-70.25511
-71.93304
-73.29799
-74.46826
-76.91324
-76.97403
-75.80134
-73.84992
-73.63626
-72.76496
-72.75414
-72.13192
-71.48052
-72.12860
-72.78270
-74.31494
-75.09400
-76.39321
-75.33667
-73.36445
-74.20401
-75.30466
-75.41190
-74.75165
-74.79626
-74.81954
-75.12324
-75.47494
-75.45327
-76.80182
-77.44328
-77.82042
-77.37588
-77.83735
-76.39607
-74.63588
-74.82621
-75.42576
-76.80169
-77.89546
-78.54791
-78.65569
-78.18564
-77.72780
-77.72102
-77.59024
-76.15175
-75.82540
-76.26928
-76.27926
-76.38932
-76.13532
-77.02381
-77.65659
-76.90608
-76.63129
-77.97090
-78.23873
-77.76098
-77.77879
-79.08239
-78.97407
-78.61650
-78.91111
-80.68984
-79.37009
-75.87682
-77.30513
-78.48952
-80.70175
-80.04889
-81.44316
-81.96844
-81.86182
-81.37401
-81.63472
-82.10842
-81.83919
-81.77096
-82.67798
-83.52891
-82.20111
-81.26607
-81.15086
-81.35484
-80.08851
-82.44195
-80.12481
-85.87933
-66.77597
-64.93976
-70.52006
-70.45957
-72.88735
-71.87113
-71.79807
-71.46012
-69.18853
-69.70907
-71.47951
-70.53759
-71.70551
-72.03654
-74.76582
-75.63943
-76.48743
-77.47320
-77.12281
-75.75651
-76.21860
-74.27262
-77.22446
-70.35714
-61.55379
-60.91497
-61.68725
-63.15274
-65.13631
-67.92174
-70.49720
-66.10162
-62.96047
-63.91506
-65.88570
-65.30472
-64.31586
-65.26818
-65.86011
-64.22137
-63.55738
-64.50398
-64.94714
-64.57459
-64.59059
-64.17517
-65.27069
-63.31292
-62.18627
-63.18175
-63.88514
-66.15868
-67.78553
-69.76621
-69.63277
-67.46194
-66.70696
-66.78196
-65.81563
-63.62875
-63.78159
-64.39011
-64.61368
-66.01542
-67.18494
-69.42886
-71.27727
-72.44550
-71.50661
-72.06405
-72.02648
-69.56903
-71.52582
-73.35588
-74.88574
-81.95485
-81.86034
-78.42385
-71.83878
-67.19723
-67.60014
-66.89005
-67.46925
-69.14230
-69.09375
-69.68017
-67.56238
-66.24367
-67.08116
-67.50741
-66.09134
-64.95859
-65.32439
-66.09004
-64.26924
-62.79275
-63.44028
-63.80529
-65.39303
-67.00817
-68.23220
-68.87729
-65.97297
-65.71670
-66.14893
-65.89788
-65.71573
-65.87358
-67.05267
-66.20366
-63.81177
-66.65127
-68.71127
-68.82908
-70.29480
-69.93209
-71.68724
-69.21799
-70.66126
-71.31777
-72.18593
-70.35500
-68.62040
-69.48896
-71.61235
-64.75429
-62.35889
-65.64089
-66.04602
-67.29264
-65.76331
-65.50302
-67.16316
-66.11437
-65.78529
-68.17636
-69.67531
-71.32081
-72.37070
-74.53171
-75.28033
-72.83084
-72.27939
-72.63976
-72.08479
-70.31684
-71.48207
-72.99949
-73.64164
-73.76979
-74.69198
-74.28034
-73.41418
-72.07861
-72.76801
-72.92290
-71.82659
-71.07792
-70.11503
-70.22007
-71.14821
-71.98722
-72.88596
-74.80384
-73.13888
-71.33836
-71.51655
-72.13869
-70.79377
-70.46191
-71.89788
-72.63440
-71.47800
-71.07628
-72.51420
-72.49015
-72.53614
-72.04004
-72.37908
-72.89936
-72.32855
-72.08038
-72.94822
-73.21955
-73.41810
-73.82438
-75.13746
-76.35923
-72.64775
-72.62374
-74.72033
-73.95860
-72.77549
-73.52292
-74.90471
-74.12376
-74.67044
-76.99865
-76.70062
-77.28229
-78.26398
-77.48736
-78.98942
-77.44011
-75.66194
-77.45962
-77.23571
-75.86871
-75.30311
-75.07448
-75.72429
-74.69536
-73.48431
-73.32896
-73.79171
-74.50317
-75.06859
-75.87834
-76.60283
-74.47813
-73.87801
-75.61546
-75.94664
-75.57677
-75.12376
-76.16192
-76.84658
-74.79261
-72.99120
-74.48977
-75.33255
-76.82739
-77.56012
-78.25196
-78.22129
-73.28164
-74.45308
-75.18645
-76.34752
-77.60418
-77.10757
-79.14205
-79.06637
-77.82637
-79.86842
-81.94437
-79.78705
-79.58627
-79.17235
-83.20105
-74.03730
-70.53545
-65.36233
-62.82038
-66.82068
-67.68180
-66.83848
-68.96515
-71.29035
-70.04104
-71.98310
-74.14866
-74.15622
-74.89264
-74.70065
-75.92618
-66.82704
-63.52515
-63.86546
-64.93966
-66.57308
-67.93092
-69.39854
-69.33983
-67.75836
-66.87853
-68.30491
-69.48491
-68.38375
-68.84527
-69.61358
-68.93067
-66.81356
-67.27240
-68.27296
-68.49111
-68.87349
-68.20539
-68.64878
-68.08288
-65.78070
-65.27364
-66.28423
-66.30679
-67.11407
-67.04741
-70.46420
-64.44631
-61.04142
-60.46657
-59.62019
-60.63744
-60.89564
-61.89201
-63.26322
-64.67619
-66.80483
-67.01743
-66.78465
-68.57052
-68.07946
-68.18644
-68.72628
-68.45589
-67.93379
-69.97937
-70.51381
-70.55814
-70.88663
-72.83910
-73.30045
-68.84945
-67.80606
-68.61063
-68.09821
-70.20814
-69.09707
-69.32784
-66.58295
-58.09162
-56.93252
-60.12501
-64.38906
-65.46288
-64.63271
-65.39056
-64.86690
-62.39483
-62.35802
-65.02933
-66.25918
-67.15335
-68.07792
-67.62300
-67.25748
-67.64059
-67.98977
-67.70445
-67.79114
-68.10217
-66.81752
-68.26386
-64.66397
-62.83695
-63.71656
-63.18303
-64.09638
-63.23979
-64.23413
-65.78763
-65.88155
-65.55961
-65.77194
-66.45797
-65.93541
-67.78533
-69.90674
-72.39745
-71.00023
-72.58763
-76.07713
-73.58272
-68.17243
-66.99545
-70.81742
-69.32786
-67.24653
-67.21328
-68.82936
-69.51104
-70.06023
-70.62333
-71.94469
-69.12800
-64.60730
-65.69368
-68.73954
-70.56029
-70.80039
-71.72989
-72.54871
-69.89534
-67.73969
-67.60999
-69.39441
-69.01754
-68.60885
-69.43992
-70.24752
-65.97648
-64.41465
-66.81483
-68.88209
-71.37458
-72.11747
-72.53973
-70.70904
-70.05640
-70.10096
-69.49906
-70.18133
-71.27353
-71.57707
-71.93408
-71.76878
-70.76044
-72.44185
-73.51738
-72.32076
-72.93923
-72.55770
-72.21075
-70.60532
-69.48340
-70.31381
-70.36801
-72.37069
-73.04252
-74.15263
-75.43623
-73.83384
-73.57191
-74.67257
-74.69531
-75.50256
-75.21502
-74.58243
-73.55657
-71.97326
-74.43698
-74.61472
-74.52079
-73.54377
-72.61124
-72.47969
-72.43479
-74.36911
-73.51467
-73.41634
-75.08163
-74.44723
-74.29001
-74.56769
-72.64929
-71.78779
-72.04289
-71.84715
-73.06399
-73.39304
-75.09580
-73.91877
-71.98642
-73.12778
-74.06873
-74.64483
-73.95519
-73.80015
-73.15050
-74.34766
-72.53253
-73.13787
-74.33259
-74.33483
-74.55087
-73.52777
-74.13848
-73.46814
-74.23225
-74.49878
-75.49953
-74.00435
-72.97361
-72.94731
-73.91464
-72.51116
-71.25489
-73.59830
-74.75698
-74.14434
-73.66163
-75.61879
-74.05994
-73.88663
-72.52871
-71.92459
-73.23078
-73.29437
-74.55471
-72.79917
-75.57092
-71.78527
-68.00018
-69.75983
-69.91027
-69.94889
-70.29973
-69.59262
-68.66888
-68.05723
-68.54792
-69.96342
-70.37000
-70.53088
-70.90890
-71.49747
-71.59751
-70.06595
-69.30742
-68.11601
-67.61072
-68.52035
-69.19557
-70.27126
-70.53640
-70.46465
-71.75693
-72.15451
-71.35605
-71.85617
-71.39158
-71.32358
-70.62958
-67.95746
-68.25610
-68.59565
-68.64900
-69.97478
-70.80271
-71.78425
-72.02281
-72.00240
-72.21082
-71.58285
-70.65263
-71.34323
-71.62660
-72.02320
-71.25045
-70.98701
-72.82619
-72.47965
-72.50321
-72.82545
-73.45143
-73.64396
-73.50717
-73.97478
-73.10378
-73.02440
-73.89948
-73.61504
-73.98262
-72.48685
-70.73685
-73.16028
-73.73404
-72.55575
-73.35247
-73.63794
-74.43173
-74.70968
-74.52549
-74.35748
-73.40338
-72.05305
-71.92630
-71.97990
-72.72539
-72.85273
-71.23387
-72.30630
-71.85658
-70.95656
-71.98099
-72.37369
-73.17088
-72.58860
-70.90939
-72.19693
-72.66035
-72.46926
-74.01116
-73.65284
-74.57665
-72.47996
-72.33887
-72.81792
-70.75045
-71.90941
-72.94423
-72.98534
-72.39121
-71.37039
-71.90870
-71.84913
-72.65934
-73.86798
-74.03399
-73.57860
-73.71233
-71.84713
-71.39699
-72.87164
-72.05535
-72.53568
-71.93085
-72.43538
-72.85280
-73.23623
-73.67825
-73.94072
-72.86409
-72.81566
-73.61088
-74.39287
-74.44581
-69.75030
-69.33310
-70.64161
-70.84335
-72.01799
-72.60179
-72.93592
-72.91443
-71.86067
-71.63151
-71.40461
-71.62606
-71.64753
-71.50924
-72.31142
-71.50679
-68.77281
-67.90723
-68.74899
-69.50707
-70.04409
-70.16119
-70.54151
-71.16535
-71.50949
-71.08250
-70.87326
-70.56725
-70.51920
-71.10520
-71.52799
-69.75224
-70.92095
-72.53453
-71.55557
-71.75483
-71.25390
-71.38771
-70.97570
-71.14978
-71.49673
-71.89157
-71.94432
-71.68371
-71.49070
-72.53519
-71.99613
-71.08308
-73.26952
-73.48169
-73.13830
-74.00666
-74.27447
-74.72713
-71.64670
-70.98440
-73.00914
-71.12744
-70.88954
-70.88665
-71.67543
-72.75094
-71.32074
-72.07644
-73.94611
-73.28368
-73.54950
-73.78097
-73.81835
-74.37255
-72.79405
-72.99543
-74.38120
-73.48263
-72.50617
-74.47735
-76.35938
-76.23827
-73.39080
-73.71359
-74.06139
-73.16336
-73.73620
-73.96033
-75.37357
-74.20737
-73.43633
-73.84802
-73.58303
-73.00720
-73.73346
-73.41960
-74.81431
-73.59148
-73.02630
-76.06546
-75.01181
-74.76382
-74.96158
-76.65108
-77.91260
-74.86371
-72.53699
-74.75354
-76.55935
-74.64412
-73.53149
-74.88158
-76.40518
-72.97334
-73.66318
-76.97351
-76.59355
-76.33443
-75.63462
-76.73543
-76.50163
-73.80211
-73.88770
-74.20417
-74.87654
-74.95995
-75.28822
-75.92716
-75.28410
-71.47333
-68.25163
-67.73543
-69.19533
-71.31915
-71.80684
-72.60695
-72.43747
-71.59966
-71.41142
-71.70141
-71.30691
-72.07577
-72.61945
-74.48252
-71.32507
-69.44674
-71.74319
-71.52450
-73.39207
-74.06877
-75.41272
-75.27347
-72.37875
-71.21525
-71.24507
-71.07617
-70.83062
-71.37199
-71.58876
-70.94083
-69.85710
-71.74927
-74.30263
-73.84946
-74.01023
-72.83846
-72.65693
-72.92970
-72.42371
-73.33153
-73.94121
-73.70827
-74.32426
-73.76726
-73.83378
-72.75775
-70.08028
-73.02671
-74.00889
-73.95641
-74.99026
-73.91161
-74.68140
-74.22375
-73.96480
-75.27024
-76.74904
-75.85173
-76.24551
-75.00474
-75.63546
-72.97459
-72.71059
-76.43426
-76.32157
-75.47087
-75.00575
-75.26282
-74.83112
-72.74775
-69.06160
-69.61262
-70.21274
-71.17036
-71.99455
-72.19490
-72.79005
-70.36446
-73.06509
-75.01164
-74.05686
-73.96974
-73.31833
-73.85648
-73.75114
-69.83930
-67.69038
-67.63608
-68.08649
-68.95164
-69.36808
-70.35699
-69.96817
-68.83915
-68.24730
-68.45252
-68.72564
-68.46870
-68.03665
-68.50506
-67.82362
-67.08679
-67.41598
-68.48102
-68.34366
-68.03222
-68.39802
-68.32176
-68.98656
-67.92978
-68.13023
-68.67208
-69.17404
-70.16001
-70.58775
-70.58756
-70.24268
-70.45112
-70.58267
-70.53052
-69.79312
-68.72563
-68.59605
-69.14048
-68.32344
-70.93599
-72.27637
-70.43843
-70.90158
-70.50287
-70.43969
-69.60621
-68.92142
-68.54194
-69.79835
-68.92360
-68.52271
-69.62241
-70.43590
-69.48346
-68.29435
-69.28113
-69.65361
-67.85627
-66.90694
-68.10511
-67.89381
-69.72460
-66.80680
-65.22775
-66.08951
-65.24258
-65.21651
-65.61014
-66.45982
-65.19949
-64.83151
-66.13976
-66.02135
-66.07220
-66.32904
-66.40148
-66.55922
-66.01722
-66.08555
-66.29057
-66.71178
-66.07448
-66.52936
-66.87049
-68.43320
-68.98693
-67.87994
-69.02811
-67.65526
-67.16367
-67.86051
-69.14408
-68.14186
-68.14071
-68.63034
-68.91602
-68.11916
-66.66512
-68.22989
-69.49056
-68.05105
-66.26581
-68.65541
-68.99623
-68.50914
-68.63220
-68.78644
-69.45398
-68.78854
-70.86029
-72.45847
-72.72863
-70.63249
-70.04617
-71.33796
-72.52027
-69.99374
-69.16674
-71.89109
-72.01781
-70.35906
-69.25013
-70.78320
-70.41045
-70.38427
-71.03292
-71.64280
-71.55678
-69.10504
-70.42870
-71.29186
-70.41989
-66.69735
-67.33983
-68.78358
-67.81283
-68.18680
-67.47325
-67.69018
-67.33521
-67.07718
-67.48864
-68.51959
-67.92955
-67.55952
-68.01337
-68.79644
-67.20373
-68.24932
-71.44745
-72.71048
-71.24397
-70.09747
-72.73185
-73.02519
-71.27275
-71.22408
-71.21697
-72.24172
-69.92087
-69.81367
-72.22960
-75.92634
-73.80775
-68.69046
-70.70894
-69.68683
-69.99846
-69.53237
-69.88243
-70.02058
-69.48418
-69.86965
-70.38930
-70.06170
-68.43747
-69.14271
-70.43669
-69.71287
-67.81084
-69.29293
-70.51723
-69.70026
-68.78598
-69.63036
-70.88274
-70.19912
-69.69254
-70.66121
-72.16958
-70.57735
-68.79657
-70.96350
-72.32875
-70.11099
-68.92028
-71.60997
-71.58060
-71.78044
-71.98900
-71.92885
-72.68246
-70.84078
-71.03129
-72.13750
-72.44115
-70.16889
-70.46830
-72.32082
-72.57369
-68.69743
-70.01071
-75.11963
-74.51715
-72.52574
-72.53398
-75.78213
-74.22713
-72.69908
-72.92999
-75.17668
-74.54827
-70.74966
-72.23210
-75.90663
-73.93079
-69.63429
-72.54406
-74.97295
-73.92666
-75.09797
-74.47701
-76.44165
-74.08304
-72.66770
-72.37877
-73.80124
-71.94630
-70.74648
-72.72364
-74.54688
-71.01373
-69.71491
-72.03662
-72.29497
-70.10429
-69.63672
-71.78750
-72.54380
-70.84424
-71.16065
-75.61533
-77.04179
-72.19826
-72.76301
-77.16478
-78.52657
-72.12147
-71.10644
-77.58390
-76.38373
-77.11401
-75.55710
-77.05509
-75.81012
-73.94957
-74.70452
-76.67988
-75.89616
-72.94556
-74.72287
-78.16896
-75.37105
-71.01935
-76.50062
-86.17472
-78.28965
-73.66194
-77.41815
-83.48931
-76.76949
-77.03766
-78.13496
-83.35640
-75.87442
-72.66322
-77.55332
-85.03830
-75.52832
-66.89641
-68.22182
-68.24411
-68.07057
-68.20579
-67.89990
-68.34913
-67.59611
-67.99468
-68.22071
-68.54445
-67.33777
-67.72131
-68.26381
-68.45651
-66.39658
-66.97529
-68.56824
-67.98198
-67.50053
-67.56059
-68.54431
-67.81607
-67.72342
-68.06170
-68.37483
-67.69855
-66.62736
-67.52020
-69.24434
-68.51968
-66.61910
-68.32675
-68.89061
-68.05926
-68.54002
-68.18905
-69.25097
-68.39870
-68.61078
-69.00666
-69.56193
-68.13413
-67.49947
-68.39812
-68.86200
-71.10104
-69.53538
-70.94952
-72.10367
-69.56202
-69.29641
-71.40028
-71.06673
-70.26124
-70.74714
-71.18958
-72.01746
-69.58694
-69.67765
-71.52106
-71.51327
-68.03489
-69.40076
-72.16185
-71.13961
-71.84471
-71.34377
-71.62380
-75.85376
-77.36428
-73.37663
-75.95844
-73.87540
-72.20203
-73.40531
-75.64272
-73.47155
-69.15733
-71.98552
-75.86446
-71.81110
-70.23484
-72.15440
-73.44351
-71.99540
-73.45217
-75.46301
-78.83893
-74.11055
-70.91855
-73.47370
-75.43677
-70.85492
-70.70804
-77.99842
-75.33101
-76.19367
-75.76001
-76.82070
-77.78131
-75.00086
-73.24266
-74.63828
-75.75413
-72.52332
-73.02408
-76.44222
-76.07424
-71.76593
-73.37966
-78.28253
-76.63716
-73.15975
-73.97606
-79.06562
-77.80729
-76.08073
-75.78780
-79.72101
-76.86103
-71.70190
-75.48423
-79.50924
-76.82357
-68.83840
-69.42995
-70.73684
-70.16140
-70.88183
-70.08097
-70.78942
-69.45673
-69.75817
-70.24483
-70.87685
-69.66095
-69.36296
-70.35685
-70.99555
-68.53119
-68.63258
-70.86778
-70.63645
-69.74751
-69.41065
-70.92696
-70.53355
-69.89773
-69.62592
-70.00555
-70.30154
-68.05522
-69.12465
-71.22248
-70.32053
-68.15193
-69.37415
-71.02154
-69.70159
-71.06246
-70.29775
-71.37390
-70.39049
-69.64362
-70.46239
-71.27178
-70.13485
-69.23785
-70.09678
-71.45550
-70.25878
-66.38772
-66.86300
-67.46119
-66.85065
-66.50536
-67.02433
-67.33491
-66.60982
-66.74804
-66.67994
-67.37046
-66.30247
-66.07758
-67.16116
-67.46246
-65.69940
-65.32376
-67.31619
-66.61582
-67.36100
-67.01739
-67.64369
-66.96636
-68.51011
-73.11911
-73.05885
-74.28856
-71.87197
-70.80234
-72.42385
-73.68624
-71.07256
-72.74859
-75.14769
-72.84141
-71.32157
-73.14220
-73.50240
-72.26739
-69.74168
-66.91674
-66.70322
-66.32517
-66.41973
-68.12375
-71.02670
-68.62994
-65.30829
-66.71734
-68.36884
-69.91349
-70.13565
-70.88967
-75.01809
-75.16277
-74.76934
-76.93436
-81.23068
-74.48643
-72.43876
-71.86672
-71.41221
-68.16659
-66.52702
-69.27856
-69.32496
-68.59045
-70.22226
-73.90084
-73.90440
-71.70371
-71.19990
-72.06576
-72.51314
-69.78178
-70.39084
-72.91636
-71.27473
-68.86172
-71.70782
-73.61549
-71.59048
-72.78085
-71.72282
-71.35414
-70.24112
-69.11543
-68.96323
-70.60711
-70.27206
-69.65908
-70.68845
-72.31998
-70.16143
-68.85661
-69.65699
-70.36928
-68.24904
-67.50903
-69.22516
-69.15202
-71.45244
-67.53912
-66.69007
-67.08838
-65.40893
-64.86655
-65.19827
-66.11132
-65.12527
-65.47253
-66.86178
-66.67106
-66.69847
-66.15956
-66.10436
-66.35412
-65.21894
-64.78896
-65.40866
-66.01426
-66.02111
-67.23684
-67.65371
-69.73741
-68.70616
-66.05884
-66.86349
-66.54294
-66.19478
-67.22658
-68.22918
-67.50615
-67.23976
-67.23730
-67.69584
-66.83008
-66.54381
-67.60380
-68.83860
-66.85936
-65.64526
-68.56235
-68.26632
-67.65493
-67.22569
-68.44716
-68.27815
-68.25904
-70.18436
-71.28157
-71.95156
-68.94960
-67.60351
-69.58874
-70.99905
-68.68734
-68.91066
-71.10009
-71.17025
-69.41354
-69.11568
-70.80885
-71.00947
-70.26392
-70.85407
-72.99300
-72.96357
-69.18532
-69.71134
-71.36022
-70.67612
-66.73579
-67.56370
-68.87866
-68.44940
-69.02347
-67.92017
-68.23084
-67.46557
-68.53372
-69.76655
-70.33640
-69.04868
-68.90379
-69.41774
-70.76856
-68.27566
-68.96767
-72.60283
-73.09523
-70.83431
-69.25834
-73.23795
-72.66522
-71.22667
-70.74492
-71.50714
-72.53009
-69.70722
-69.43513
-71.23306
-74.66987
-72.01252
-69.41806
-71.30712
-70.12425
-70.36644
-69.28988
-69.66696
-69.65587
-69.45965
-70.56784
-70.81611
-69.49898
-67.77412
-68.51810
-70.62905
-69.96477
-68.22814
-68.93459
-69.24073
-68.66988
-68.04937
-70.24469
-71.09925
-69.43799
-69.10668
-70.22731
-71.66214
-69.56237
-68.77547
-71.31817
-72.59734
-69.83057
-68.57943
-70.79893
-70.86685
-70.81203
-70.13637
-70.28612
-70.92682
-69.36193
-69.71386
-72.05609
-73.32690
-70.95097
-71.49961
-75.60244
-75.12026
-70.26745
-69.63761
-72.84849
-72.99452
-70.94683
-72.33141
-75.61562
-73.84301
-71.90513
-72.66667
-74.80709
-73.66524
-70.21426
-71.92636
-76.44266
-73.62167
-69.18098
-71.14216
-72.64511
-72.09168
-72.05680
-72.33614
-73.84394
-72.28767
-70.13291
-70.24746
-70.86868
-69.19133
-68.45534
-69.35494
-71.08491
-68.79243
-68.48078
-69.87102
-70.41935
-68.49472
-67.94149
-69.88157
-70.36111
-68.74455
-69.31129
-74.71432
-75.80977
-71.08328
-71.38630
-76.31176
-77.18776
-70.33127
-71.71866
-77.37714
-75.50049
-76.02627
-73.65300
-74.18437
-72.52798
-71.16867
-72.50145
-75.86898
-75.56721
-73.40128
-75.25863
-77.96598
-73.07274
-69.88439
-73.07422
-78.11608
-75.00440
-72.54750
-75.62441
-79.20365
-74.74455
-75.21367
-77.07074
-82.48742
-74.88035
-71.30737
-76.32185
-83.69184
-73.70208
-66.33816
-67.98729
-68.10600
-68.12841
-68.12408
-68.04904
-68.45044
-66.93128
-65.71689
-65.95047
-65.88651
-65.10609
-65.12725
-66.07200
-65.81880
-65.37253
-67.30267
-67.93072
-67.93864
-66.87556
-67.69398
-68.41369
-67.84109
-67.91942
-68.62567
-69.24174
-67.95746
-66.43044
-67.62155
-69.36530
-67.60041
-66.47339
-68.21279
-68.38188
-68.54795
-67.60178
-67.52427
-69.03164
-67.04039
-67.43244
-68.62953
-69.68459
-68.23052
-67.90543
-68.25156
-69.18744
-70.94057
-68.78741
-69.92064
-71.06394
-68.56217
-68.53529
-70.89512
-70.12897
-69.26007
-69.60678
-71.07443
-70.86363
-68.90982
-69.18611
-71.42427
-70.45498
-66.85231
-68.95696
-71.52756
-70.64059
-69.95400
-70.37404
-71.49652
-75.50429
-73.86734
-71.57223
-74.41197
-72.05213
-70.39724
-71.26824
-74.90951
-72.28905
-68.02136
-67.96877
-69.14532
-67.80133
-66.94813
-68.52109
-69.20031
-68.12390
-69.35085
-70.35903
-71.46832
-68.94331
-69.22923
-72.13195
-74.24216
-70.38520
-68.07751
-71.28945
-70.03099
-70.47301
-69.18572
-69.55727
-69.04827
-69.56157
-71.75643
-74.68200
-74.20833
-71.15961
-71.51853
-72.75292
-72.15578
-69.64066
-71.44145
-74.13576
-73.11624
-70.06429
-72.14862
-75.57777
-72.85663
-73.35069
-73.99709
-76.12151
-73.61206
-69.94463
-72.33062
-75.15385
-72.93990
-68.21507
-70.10720
-70.27623
-69.72381
-69.93103
-69.60963
-70.24725
-69.42452
-71.03571
-72.17398
-73.12630
-70.57018
-70.25472
-72.58342
-72.71267
-69.33916
-69.70135
-71.61250
-72.48574
-70.45036
-71.40609
-75.25515
-73.83793
-70.34114
-68.00564
-69.75636
-69.63935
-68.06331
-68.72565
-70.42944
-69.69347
-67.24076
-68.71985
-70.42074
-69.70793
-70.15211
-69.43611
-70.54785
-69.91878
-67.93221
-69.05145
-71.17917
-69.79313
-68.85458
-70.35021
-71.77433
-69.26533
-67.84444
-69.34282
-69.88940
-68.28774
-67.77178
-69.75367
-70.17837
-69.19191
-69.19719
-69.55992
-70.28930
-68.10053
-67.93601
-69.58765
-70.00860
-67.36589
-67.56875
-70.25348
-69.25895
-70.19739
-69.32109
-70.28672
-69.66617
-70.69812
-73.01684
-74.31192
-72.91578
-70.53455
-71.22210
-74.24932
-73.02889
-70.05497
-71.64497
-73.36704
-71.81002
-69.22936
-72.21114
-74.39496
-72.60731
-68.32492
-67.20048
-68.47699
-68.00749
-68.19343
-70.85675
-74.79286
-70.76642
-67.39709
-69.22406
-70.89914
-71.74755
-70.29643
-70.06837
-71.52705
-70.03012
-69.41980
-70.00515
-71.34772
-69.52067
-69.66901
-71.07456
-71.02905
-68.60914
-67.35365
-69.36130
-69.64593
-68.76073
-70.53562
-73.41830
-72.71904
-70.74377
-71.05656
-71.82966
-71.45263
-68.23325
-68.27606
-69.64779
-70.27644
-69.65609
-68.38682
-69.52362
-69.78903
-70.24768
-70.34125
-71.11048
-71.12304
-71.40266
-71.47254
-71.59950
-71.68004
-71.59580
-71.42426
-71.13331
-71.09804
-70.58689
-70.09118
-70.05230
-70.56154
-70.41610
-70.90864
-70.78474
-71.05413
-72.65650
-72.59963
-72.43575
-71.48879
-71.09541
-70.78480
-71.44684
-70.50108
-67.67243
-67.82433
-68.26527
-68.52595
-69.64323
-70.53295
-71.52232
-71.64498
-70.27500
-70.53960
-70.73429
-70.73095
-70.14000
-69.74318
-69.51968
-70.34512
-71.43548
-71.36255
-71.61606
-71.27430
-71.50756
-70.96224
-71.23587
-71.36835
-72.11729
-73.61914
-74.28993
-74.57549
-73.84608
-72.40108
-71.33263
-70.30467
-70.08851
-70.21345
-70.35529
-70.60365
-71.17395
-71.44718
-71.95651
-73.02329
-72.73734
-73.23161
-73.29012
-73.59867
-73.56469
-73.82714
-72.53548
-70.79898
-70.49900
-70.30807
-70.37378
-70.34729
-70.24135
-70.51256
-70.98022
-71.01018
-71.04474
-71.04174
-71.31289
-71.15950
-71.05525
-70.86485
-70.71990
-70.95975
-70.75446
-70.74655
-70.76813
-70.62358
-70.47427
-70.10481
-70.16640
-70.69107
-71.33200
-71.97534
-72.50342
-72.37696
-71.49791
-70.48133
-69.97530
-69.96086
-70.13742
-70.09941
-70.33268
-70.53044
-70.67364
-70.79744
-70.28378
-70.28537
-70.35657
-70.85038
-71.51363
-71.98228
-71.73431
-73.33166
-74.41314
-73.87681
-74.76640
-76.07639
-76.59896
-75.99534
-75.31035
-74.94813
-75.32670
-75.36611
-75.54730
-75.28699
-75.84513
-75.56437
-76.74725
-73.84308
-71.71763
-72.43965
-72.79902
-73.39196
-73.75620
-73.74593
-73.77810
-74.14455
-74.15063
-74.27592
-74.45297
-74.66780
-75.00132
-75.15692
-76.37143
-81.83581
-81.29581
-80.15154
-79.26832
-79.19837
-79.29344
-80.08072
-80.32829
-76.57296
-76.53877
-77.23837
-78.03978
-78.95796
-78.87407
-79.13142
-76.59451
-74.19870
-74.35821
-74.12233
-74.44595
-74.79642
-75.27550
-75.58969
-76.70248
-77.97795
-78.11540
-78.46938
-78.61603
-78.93234
-78.44889
-78.39305
-77.55366
-77.46032
-77.66637
-77.10731
-77.39888
-77.45526
-77.60820
-77.47158
-75.96206
-74.76746
-74.01178
-73.80727
-74.01824
-74.51485
-75.36889
-75.93531
-75.24715
-75.00991
-74.57370
-74.64190
-75.05962
-75.89745
-76.98991
-78.12647
-78.13822
-78.05679
-81.32947
-81.22082
-80.85280
-80.94321
-81.46554
-82.29004
-82.05293
-81.33830
-81.72573
-81.11854
-80.43594
-80.46179
-81.41639
-82.89774
-83.49627
-83.26503
-82.33936
-82.17062
-82.07724
-82.55507
-83.23945
-84.55122
-85.49622
-90.05638
-92.84421
-92.91930
-92.61793
-93.23160
-90.57149
-90.44486
-88.45300
-97.35664
-95.37668
-98.34266
-91.48816
-125.11304
-81.69353
-70.55570
-69.97850
-70.12044
-70.32511
-70.19126
-70.16546
-69.70600
-69.53295
-69.11008
-68.99304
-68.88132
-69.13517
-69.16360
-69.62413
-69.89190
-69.56661
-69.48605
-68.98877
-69.16483
-69.19377
-69.35166
-69.41163
-70.17994
-67.30456
-68.21309
-71.35879
-71.61556
-71.79514
-71.51343
-72.37794
-71.87415
-69.73321
-69.19126
-69.93992
-70.44420
-70.67156
-70.54544
-70.80528
-70.03572
-69.24749
-68.48144
-68.48502
-68.65666
-68.97547
-68.56849
-69.41585
-67.66304
-66.97046
-70.14871
-71.63286
-71.25276
-70.79491
-70.55056
-70.87911
-70.05923
-69.34528
-70.29303
-68.88871
-68.64884
-68.87578
-68.51815
-69.23616
-69.64159
-69.78115
-70.94066
-70.65714
-70.66110
-70.54751
-69.67669
-68.80630
-67.83520
-68.41767
-68.26107
-68.74378
-70.01109
-71.09804
-70.71295
-70.18533
-71.22116
-71.10358
-71.41618
-73.24844
-74.49739
-74.98356
-74.91297
-73.90848
-72.31182
-71.71645
-71.67191
-71.35863
-73.16342
-74.66635
-75.41059
-75.89392
-74.24723
-74.57399
-73.93159
-72.66504
-73.57675
-75.11805
-76.61708
-74.90195
-72.04044
-71.87771
-71.52018
-70.88429
-71.02480
-71.52682
-73.53998
-75.17929
-75.75894
-77.90454
-79.18399
-77.49536
-75.48622
-73.52024
-73.02747
-72.89926
-73.05984
-72.97439
-72.13491
-71.51141
-71.63354
-72.07577
-73.20455
-74.84294
-74.68559
-74.25795
-73.45966
-73.54330
-74.52290
-75.65739
-76.95174
-77.16381
-77.56652
-78.33729
-77.02567
-76.59126
-76.86838
-76.85808
-73.84423
-71.34924
-70.84494
-70.87710
-71.24585
-71.20687
-70.80980
-70.38469
-72.34839
-74.59025
-75.02452
-75.13311
-74.06857
-73.45434
-73.66506
-73.32586
-74.70023
-75.01202
-74.85008
-75.47528
-75.13374
-76.06491
-76.58909
-76.33331
-76.64880
-76.28428
-75.64232
-75.55733
-75.57350
-75.78595
-74.79533
-75.24466
-73.72983
-73.07048
-73.55153
-73.87463
-74.10035
-74.45733
-76.09340
-76.78231
-76.92481
-76.73893
-76.48317
-76.11786
-76.20182
-75.90809
-75.94967
-76.34095
-77.53716
-77.79425
-78.13178
-77.83709
-77.57297
-76.82637
-76.55426
-77.42561
-78.91784
-80.83838
-80.57492
-81.43675
-81.11797
-80.52792
-79.92493
-77.28803
-75.82376
-75.92567
-75.28684
-74.50998
-74.28097
-75.37966
-75.71807
-76.59891
-78.59739
-79.44997
-79.42264
-80.07087
-81.10193
-81.04441
-80.96293
-76.13741
-74.25281
-74.52464
-74.67333
-75.17186
-75.57066
-75.94155
-75.86459
-74.71287
-75.01038
-76.16059
-76.62918
-77.41020
-77.75258
-79.40896
-74.75725
-72.25445
-73.39046
-74.53886
-75.56759
-76.59528
-77.53928
-78.52781
-77.96774
-75.87928
-75.68574
-75.55539
-76.19511
-76.95427
-78.16917
-79.05263
-78.17593
-78.32404
-78.88062
-79.50171
-78.01656
-77.53989
-78.33988
-78.95022
-80.99452
-82.27641
-83.82142
-85.10890
-88.56219
-92.28131
-91.58890
-88.63033
-83.12539
-81.70150
-81.69438
-80.90322
-80.24253
-79.96747
-80.43160
-80.21068
-78.05612
-77.39609
-78.47535
-79.23657
-79.76286
-80.84185
-81.90404
-81.28890
-79.87160
-80.09172
-81.16504
-80.85636
-79.73733
-79.42394
-80.80456
-80.32093
-78.61401
-79.41757
-80.05964
-80.55290
-81.41421
-81.42606
-81.95973
-80.52034
-79.22155
-79.81192
-80.30889
-80.39411
-80.35709
-80.47903
-80.61821
-79.86405
-80.00492
-81.39596
-82.71632
-84.47513
-85.46265
-85.18643
-85.61207
-84.83119
-84.83438
-85.35742
-85.70194
-87.39043
-87.64721
-87.50116
-86.99647
-85.74321
-85.74630
-86.01300
-86.14180
-86.61129
-86.47768
-86.07305
-85.94747
-85.95064
-86.07423
-86.87171
-86.57321
-86.04980
-86.82252
-87.78097
-87.71452
-87.23636
-88.18291
-89.76964
-90.25347
-90.18451
-91.66634
-92.07825
-92.04343
-92.51208
-92.08400
-91.43588
-89.86571
-90.01018
-90.01819
-90.09366
-89.85420
-89.99707
-89.76851
-89.94207
-90.04364
-90.20604
-91.49568
-90.13067
-84.68017
-86.51248
-88.20868
-88.64132
-91.32661
-93.34442
-97.66302
-94.01630
-95.25890
-93.30652
-96.61118
-91.54497
-94.29326
-88.55448
-92.24205
-84.24832
-82.54323
-84.95669
-82.28561
-83.10408
-81.71082
-83.38767
-82.65050
-83.24381
-83.04389
-84.86186
-84.39624
-86.63256
-86.83137
-89.00099
-91.58699
-91.01902
-93.59835
-89.54474
-89.37951
-87.45035
-90.51742
-91.43757
-92.04435
-91.77564
-89.38739
-89.03588
-87.41942
-86.40964
-85.34768
-84.59915
-84.32639
-83.73030
-84.28910
-84.47396
-84.81767
-85.13190
-86.13730
-87.07022
-89.03751
-90.33998
-92.45870
-93.00841
-95.11541
-94.30799
-93.16556
-92.92521
-90.79505
-93.16560
-93.24032
-95.70242
-94.18054
-93.55612
-92.67843
-91.30574
-90.71763
-89.05742
-88.30374
-87.64548
-87.45990
-87.10009
-87.41835
-88.05770
-89.03848
-89.36037
-90.16800
-91.53601
-92.89767
-95.02767
-96.08662
-98.56662
-97.32985
-97.06065
-95.03886
-94.63302
-94.83095
-96.48103
-98.36543
-97.51546
-97.80406
-95.32708
-95.15909
-93.44636
-92.67384
-91.83797
-91.15844
-90.83725
-90.34670
-90.39352
-91.02708
-91.98693
-92.89849
-93.54665
-94.45026
-96.34295
-97.23004
-99.59064
-100.03027
-100.78188
-99.51138
-97.88804
-97.54518
-97.25371
-98.81252
-99.24459
-100.47623
-99.82266
-98.61243
-97.45596
-96.04291
-95.69767
-94.63647
-94.13862
-93.68181
-93.41873
-93.02926
-93.43073
-94.07985
-94.57320
-95.17409
-96.13655
-96.96604
-97.40046
-98.64244
-98.23394
-98.58142
-97.58139
-97.13194
-96.36626
-96.66610
-96.65421
-95.86488
-96.18257
-96.15415
-95.83421
-94.85471
-94.93251
-94.81023
-94.64767
-94.41889
-94.01598
-93.47662
-92.99477
-93.16760
-93.69967
-94.35263
-93.54670
-92.02560
-91.59000
-92.57482
-92.34569
-91.89505
-92.53868
-92.38765
-93.51218
-93.51136
-92.67439
-92.23853
-91.13249
-91.02252
-91.34843
-91.39585
-91.38282
-90.02295
-88.95248
-89.61484
-90.03252
-90.01473
-89.76844
-89.01749
-88.85118
-88.94592
-89.63269
-89.39753
-88.51004
-88.43827
-88.21880
-88.52768
-88.78025
-88.69617
-88.35432
-88.63817
-88.84297
-88.40233
-87.25575
-87.43065
-87.38568
-86.40152
-86.61220
-86.00255
-86.25211
-85.93863
-86.14782
-86.91512
-86.00499
-85.18456
-84.83507
-85.31177
-85.64461
-84.21921
-82.97790
-82.95038
-83.24459
-84.93469
-85.03782
-83.77056
-83.00587
-82.29154
-82.32170
-82.46666
-82.15849
-82.25526
-82.87144
-83.14937
-83.37308
-83.20499
-82.71695
-81.99867
-81.62788
-81.95832
-82.19489
-81.86170
-81.99662
-82.70065
-84.07676
-84.00179
-82.73363
-81.74125
-81.07591
-79.97191
-79.63906
-78.37670
-76.88885
-75.60095
-75.93028
-77.41376
-76.18638
-76.17100
-76.11594
-75.88042
-77.82401
-76.56412
-73.73519
-75.56055
-77.10321
-77.19231
-75.56987
-74.85566
-73.99688
-74.34978
-71.17153
-70.93699
-75.18586
-72.70678
-75.04001
-74.40449
-73.56181
-71.91467
-72.12306
-73.63550
-74.05125
-74.08853
-71.01314
-72.38225
-76.00328
-73.88165
-71.12332
-74.05226
-78.25177
-75.18144
-71.67631
-73.99119
-76.96767
-75.63587
-73.59533
-72.96812
-75.33805
-72.82999
-70.41265
-72.69735
-76.35297
-72.66054
-70.12933
-75.40477
-76.22843
-75.61665
-76.01293
-75.20524
-76.40061
-74.57597
-74.86081
-76.10773
-76.68416
-73.27899
-73.52546
-77.17592
-79.32966
-73.23314
-72.36193
-78.17518
-77.04064
-73.32393
-73.46764
-78.74528
-76.53269
-74.99872
-75.93337
-77.15223
-77.99851
-71.50326
-73.28322
-79.62576
-77.64130
-71.06378
-74.48091
-82.21727
-78.54338
-80.37078
-78.78252
-82.24454
-80.35414
-78.97797
-77.50024
-80.95242
-76.56809
-74.45734
-77.54037
-81.94410
-74.97019
-71.23252
-77.30141
-80.17327
-75.01266
-73.51850
-79.08796
-81.53216
-76.25218
-77.22521
-79.27300
-82.92841
-74.29425
-72.90564
-79.44125
-82.33678
-72.87901
-71.86809
-81.21141
-78.05078
-80.86997
-78.45861
-80.35660
-80.04346
-76.76244
-76.82933
-80.59724
-79.92633
-74.05008
-76.71630
-81.88405
-78.89369
-72.87184
-76.68829
-85.41048
-78.98094
-74.12357
-78.07708
-86.13464
-78.87868
-79.33926
-79.70345
-86.98177
-77.75667
-72.96019
-78.42421
-87.77818
-78.11560
-71.29920
-79.09457
-80.00882
-79.45979
-79.54539
-80.05052
-82.13032
-77.16996
-78.47788
-80.41272
-82.92804
-75.54903
-75.26525
-81.71123
-82.48713
-74.32262
-75.61491
-83.09339
-83.49963
-75.31963
-76.72641
-85.62949
-82.37622
-77.25679
-75.83161
-81.63448
-79.01117
-73.39983
-75.70558
-83.56132
-78.46558
-71.28700
-75.66167
-82.26377
-79.14912
-81.88376
-78.12585
-83.08082
-78.28403
-76.08076
-78.82872
-84.27130
-77.82861
-75.14831
-79.97105
-85.75865
-76.95136
-71.59625
-78.26770
-81.04583
-75.74359
-74.71167
-80.34701
-80.88538
-77.26456
-77.91464
-79.45012
-84.32531
-73.64582
-73.94935
-80.97870
-83.89260
-72.61182
-73.59396
-85.37551
-80.38836
-84.14362
-80.58352
-85.39460
-83.10394
-79.57442
-77.40270
-80.09797
-78.49096
-74.26172
-76.07764
-82.74927
-77.72650
-73.31680
-78.59503
-83.71248
-77.54573
-73.72535
-77.04076
-81.43515
-77.29108
-73.49111
-74.63501
-79.50021
-74.07228
-72.19935
-78.17071
-83.72881
-74.58165
-70.48223
-77.70015
-77.69235
-76.91496
-76.54394
-77.49291
-79.05778
-75.69109
-76.55809
-78.56753
-80.36675
-74.84655
-76.16889
-82.37320
-82.18044
-73.19823
-75.04232
-84.39049
-80.66577
-74.37823
-75.34562
-83.78074
-78.07947
-76.65899
-78.00662
-83.17900
-79.51632
-72.62902
-75.85174
-86.02195
-79.13146
-70.93651
-75.53542
-79.56016
-77.39281
-78.80503
-77.97654
-82.34563
-77.17984
-77.49964
-79.52264
-84.24676
-76.87184
-74.08655
-78.99032
-84.13302
-75.09269
-72.62112
-80.68290
-81.23785
-75.57038
-75.54504
-81.44940
-82.07884
-76.44241
-75.40162
-80.26977
-82.19247
-73.49574
-74.30437
-82.07506
-82.42040
-71.70094
-73.62672
-84.80783
-78.63175
-82.33397
-78.82067
-82.47981
-80.44275
-75.95363
-77.41525
-83.59743
-79.86587
-74.61697
-78.27270
-86.39503
-79.99050
-72.50651
-76.04692
-83.01470
-75.96298
-73.31601
-78.93777
-82.77636
-77.84071
-78.05778
-78.74224
-85.41211
-75.62713
-72.64459
-79.20394
-84.73551
-73.94619
-72.24978
-82.82533
-82.50926
-82.66840
-80.50154
-84.57135
-85.82762
-79.85344
-77.62114
-80.47404
-80.52291
-74.62589
-76.88662
-82.58342
-80.51177
-71.77776
-72.67770
-81.56378
-77.80886
-73.56413
-75.76628
-81.80863
-77.58091
-76.30166
-76.73461
-81.94971
-77.67496
-71.83465
-76.55874
-85.12137
-78.08138
-70.69409
-77.27648
-80.98912
-78.43903
-79.30916
-78.14188
-81.88510
-77.46050
-75.25182
-76.73804
-81.81319
-75.22390
-74.48286
-78.58022
-81.69310
-73.32949
-72.61625
-80.24219
-80.25416
-74.33038
-73.43664
-80.50253
-79.79353
-76.55428
-76.09531
-79.00254
-79.57102
-72.44324
-74.35308
-79.70058
-80.40595
-71.43272
-73.58866
-82.79237
-78.93038
-81.47364
-77.93133
-83.74280
-79.01072
-78.15020
-79.30538
-85.54745
-79.57497
-74.11344
-78.45629
-86.94367
-77.77947
-73.24771
-80.38738
-87.07323
-78.48681
-75.16176
-82.63651
-87.22553
-79.60719
-76.43643
-76.88793
-81.96663
-73.59525
-72.51492
-79.27871
-80.90166
-72.80007
-72.38758
-82.06621
-79.33093
-80.49070
-79.06167
-81.11442
-81.15956
-76.67989
-75.65152
-81.52739
-82.56554
-75.08224
-77.35651
-84.65804
-83.84686
-72.40400
-74.66884
-85.36064
-78.65251
-73.62752
-77.18307
-86.65968
-80.56562
-78.87206
-77.68356
-84.40195
-77.45462
-72.06452
-75.79250
-82.77561
-75.49402
-70.42895
-79.80077
-82.83004
-80.92521
-79.54456
-80.27491
-85.52554
-78.52972
-78.85070
-80.60657
-88.36720
-75.86637
-73.13039
-78.85682
-85.15535
-75.08994
-74.91485
-82.00556
-81.78409
-74.25722
-74.56367
-81.60450
-81.42418
-73.43830
-67.79385
-68.51720
-68.89006
-68.08778
-70.48565
-76.37860
-75.91697
-68.69583
-69.56901
-72.43610
-73.17880
-72.25535
-70.69535
-73.54755
-72.08070
-70.41005
-70.14105
-72.20314
-70.93352
-70.04604
-70.97899
-72.52775
-69.98090
-67.01351
-69.09583
-70.54338
-69.13228
-69.14201
-73.61483
-74.56378
-72.31525
-71.78435
-72.78950
-73.43266
-70.15307
-67.66258
-69.13164
-71.30349
-67.89286
-70.57307
-76.87729
-73.76511
-74.30472
-72.88804
-72.45613
-70.84043
-69.32842
-68.59035
-69.92200
-70.20008
-69.80777
-70.34287
-72.12879
-70.80305
-68.98709
-70.43553
-71.26035
-70.24272
-68.48069
-70.16848
-69.70858
-71.79611
-67.82100
-65.69345
-66.76345
-65.62238
-64.85878
-64.94338
-65.87018
-65.35974
-65.22147
-65.87180
-65.84387
-65.54982
-65.77580
-66.04961
-66.83325
-66.60322
-66.89326
-67.34581
-67.97143
-66.97204
-67.62396
-67.98078
-68.56577
-68.83020
-66.28480
-67.67475
-68.07626
-66.82378
-67.47761
-68.94392
-68.22883
-67.69074
-67.33588
-68.01822
-67.71016
-67.04676
-68.14742
-69.25627
-68.22563
-66.04992
-68.07034
-68.60981
-68.55830
-68.67263
-68.82727
-68.91433
-68.29744
-70.17727
-71.47890
-72.05519
-70.17569
-68.43593
-69.81674
-72.01365
-69.42650
-68.79607
-70.81472
-71.11382
-69.30158
-69.12381
-71.83022
-71.76745
-70.82084
-71.36762
-72.63204
-74.06598
-69.26666
-69.14178
-72.01245
-72.67445
-68.16365
-67.19796
-69.01356
-68.02932
-68.77346
-67.96506
-68.40303
-67.31801
-68.21421
-69.73765
-69.74826
-69.75067
-69.61468
-69.84581
-71.03619
-69.41020
-68.17010
-71.62574
-73.24896
-72.14221
-69.91701
-71.31320
-73.24427
-71.58282
-71.35674
-72.16122
-73.81932
-70.15433
-68.05874
-69.51296
-71.91943
-72.39558
-68.90751
-69.81089
-70.13903
-70.47615
-70.47219
-70.09548
-69.65241
-68.32143
-68.97380
-70.33791
-71.05424
-69.54314
-68.80266
-69.83766
-69.17895
-67.81913
-68.86259
-70.41529
-70.34802
-68.70096
-68.92009
-70.11566
-69.30755
-69.41305
-69.91897
-71.71416
-70.64518
-68.28458
-70.13197
-71.68280
-69.78304
-67.64223
-70.33175
-71.27825
-70.78984
-69.27925
-68.48043
-69.57290
-68.25952
-68.54960
-70.31746
-70.80395
-69.34950
-68.35342
-69.46000
-69.80308
-68.03050
-69.30306
-71.19522
-72.69074
-70.99552
-70.88135
-74.35941
-73.50111
-72.02147
-72.06162
-73.23737
-73.51197
-70.35798
-70.58148
-73.91045
-74.19504
-68.68055
-70.15799
-74.22458
-72.08998
-72.39659
-73.32335
-75.58281
-74.30317
-70.00848
-68.43202
-69.25698
-68.21207
-67.64377
-68.26850
-70.72512
-69.37856
-68.86135
-70.88194
-72.03935
-71.17924
-69.97801
-71.55546
-71.88790
-69.37952
-70.73656
-74.49393
-77.08716
-72.02394
-71.31592
-76.65451
-77.36956
-72.93702
-70.75418
-74.71820
-73.67297
-73.36245
-71.89984
-73.64013
-73.37535
-71.55157
-72.21221
-75.79797
-75.61256
-71.95727
-72.04214
-74.36821
-73.85465
-70.86189
-73.57087
-77.31245
-76.72897
-70.98986
-73.42074
-79.86144
-75.64991
-75.38199
-76.04227
-81.84642
-76.91493
-71.64434
-74.59367
-83.04376
-76.81761
-67.04305
-67.62558
-68.48470
-67.88418
-68.20996
-67.83535
-68.58857
-67.62204
-66.02186
-65.93128
-65.97247
-65.29106
-65.66666
-65.99363
-66.19879
-65.10817
-66.65765
-68.00502
-68.02818
-67.54208
-67.48357
-68.49986
-67.98750
-67.65238
-68.25248
-68.86064
-68.01720
-67.01148
-67.52307
-69.07514
-68.47259
-66.01570
-67.38105
-68.71785
-68.03579
-68.57893
-67.65616
-68.79712
-67.74464
-67.16242
-68.13353
-69.64075
-68.34990
-67.20382
-68.03543
-68.58498
-70.19479
-68.91852
-69.62768
-71.44855
-69.26510
-68.19131
-70.68777
-70.98760
-69.97622
-70.07891
-70.72104
-71.92722
-68.99763
-68.18163
-69.89480
-71.18323
-68.40898
-68.64176
-71.30931
-71.52427
-71.33003
-70.81798
-70.18074
-72.34400
-75.95937
-72.46981
-74.91356
-73.59590
-71.26527
-71.77205
-73.46212
-72.45084
-67.82457
-67.53321
-69.31038
-68.44282
-66.98869
-68.33349
-69.57824
-68.16939
-68.73445
-69.36668
-71.02038
-69.85562
-69.17732
-72.60469
-75.00408
-72.38147
-68.45710
-71.34273
-71.73495
-71.81916
-71.17602
-71.68583
-71.97155
-70.96765
-71.73664
-73.88649
-74.89355
-70.51226
-69.93332
-73.23895
-75.41531
-70.49913
-70.92896
-74.46382
-74.01534
-70.51630
-70.59167
-73.79908
-73.48694
-73.66399
-75.50533
-77.71124
-77.58910
-70.92728
-71.25567
-75.68497
-75.56900
-69.23171
-69.25007
-71.22303
-69.83222
-70.10101
-69.80151
-70.63615
-69.76752
-71.00838
-72.94353
-73.89693
-71.88410
-70.75911
-71.55963
-73.40593
-70.28259
-70.02136
-72.71112
-73.74461
-72.05430
-71.19747
-74.22840
-74.07408
-71.17238
-69.14715
-70.69267
-70.65549
-68.09959
-68.19045
-70.49910
-70.47959
-67.80693
-68.41807
-71.09209
-70.34080
-70.74596
-69.71018
-70.38583
-70.67078
-68.86699
-69.21165
-71.09247
-70.66103
-68.67027
-69.70372
-71.57454
-70.20560
-67.76986
-68.38196
-69.94298
-69.12542
-68.21175
-69.35901
-70.22627
-69.41647
-68.70638
-68.90713
-70.50683
-68.67835
-67.63152
-69.42638
-70.68492
-67.98064
-66.78711
-69.58036
-69.33230
-69.28550
-68.90815
-70.07907
-69.92530
-70.03903
-72.55658
-73.72289
-74.04506
-70.80032
-70.25654
-74.14195
-74.56063
-71.26157
-72.27871
-73.98759
-74.06217
-70.64504
-71.98246
-74.88681
-74.38445
-70.41847
-67.03735
-68.06385
-68.12981
-67.84662
-70.31402
-74.13757
-71.90368
-67.64798
-69.08578
-70.40216
-70.94278
-70.12882
-69.92187
-72.61415
-71.49848
-69.65881
-69.53136
-71.00733
-69.35478
-69.06136
-69.81637
-70.94186
-69.27641
-66.96675
-68.06789
-69.40132
-67.56908
-67.71051
-70.46237
-71.17284
-69.38741
-69.82624
-71.10686
-70.35986
-67.92254
-67.71875
-69.40112
-70.24947
-67.09808
-64.33966
-65.13774
-65.12949
-66.42537
-66.76019
-67.97297
-66.75402
-66.28404
-68.12657
-69.86921
-70.44326
-68.49542
-68.32918
-68.90648
-69.51873
-66.78385
-66.05586
-66.40843
-65.86608
-65.23596
-66.40019
-67.74527
-69.66984
-66.42742
-65.34147
-66.17150
-65.09276
-64.67537
-63.98786
-64.61727
-63.40356
-63.62536
-64.28552
-65.41707
-66.02047
-66.06377
-66.15360
-66.26519
-65.44454
-65.22296
-68.43632
-66.35669
-65.42837
-66.25809
-68.44159
-69.68970
-66.70483
-65.23664
-65.68193
-65.20058
-65.47498
-66.79735
-67.24178
-66.70852
-66.12347
-67.11694
-66.85726
-65.97967
-65.08259
-66.93280
-68.59735
-66.99460
-65.72351
-67.13596
-67.32477
-67.83580
-67.75340
-67.39730
-68.94130
-67.60174
-66.68396
-67.46459
-68.67242
-68.02541
-67.78500
-68.58249
-69.07080
-67.27864
-66.62942
-67.84079
-68.11510
-66.86152
-67.01125
-68.54992
-70.06766
-68.65359
-67.78506
-69.22930
-69.29301
-67.60310
-68.73675
-70.61987
-69.42651
-66.47752
-66.35814
-67.25330
-66.62438
-66.56752
-66.30332
-67.53967
-67.01395
-67.38607
-67.88158
-69.50714
-69.06339
-68.18658
-68.35996
-69.24669
-68.89526
-65.87929
-66.95980
-68.07991
-67.49299
-67.63180
-68.98692
-68.98271
-67.83993
-67.86835
-68.17521
-70.39426
-69.01341
-68.36349
-70.71741
-73.88060
-70.65305
-66.63437
-68.16048
-67.93809
-67.88990
-67.80747
-68.62277
-68.70402
-68.24298
-68.29116
-68.14086
-67.84331
-66.84300
-67.01039
-68.55718
-68.85444
-66.94739
-67.57743
-68.85573
-67.80871
-66.74469
-67.78409
-68.19484
-68.08478
-66.24705
-66.32241
-68.55224
-67.69446
-66.78233
-68.41719
-69.70817
-67.47188
-66.60816
-68.99066
-68.29781
-67.85222
-68.20767
-68.39039
-69.66204
-67.97208
-68.81510
-71.46767
-71.25662
-69.02090
-68.95057
-69.74002
-69.51830
-66.68879
-65.72191
-68.07845
-68.65658
-67.84837
-68.66561
-71.43233
-70.60730
-69.06019
-69.37547
-71.02925
-70.82072
-68.40980
-69.66750
-73.17767
-72.17897
-68.13729
-70.29901
-72.24956
-71.02424
-70.67851
-70.30713
-72.07313
-71.18450
-69.45770
-70.14919
-69.86757
-68.36726
-68.02586
-67.91920
-69.36371
-68.19426
-67.09101
-67.78443
-67.98826
-66.98530
-67.34852
-68.62420
-69.54801
-67.86004
-67.84498
-71.27803
-73.30941
-70.11801
-69.94553
-73.68437
-74.76053
-69.01745
-67.87541
-70.42358
-70.07645
-71.52525
-70.27823
-72.02348
-71.41859
-70.86240
-70.79456
-72.13159
-71.87444
-70.39577
-72.17890
-74.93320
-74.24962
-69.14766
-69.90142
-72.62790
-72.10876
-70.59782
-72.03305
-74.65352
-72.69562
-72.90770
-74.07551
-77.86130
-73.86641
-70.87699
-73.88425
-78.34959
-73.65521
-64.87595
-66.81077
-68.22661
-65.33232
-65.84725
-67.64103
-69.25645
-67.47641
-65.67185
-65.47110
-64.97261
-65.03922
-65.38865
-64.93161
-65.98049
-64.50858
-65.10969
-66.51468
-67.91598
-66.66316
-65.42870
-68.23916
-67.41782
-66.37923
-65.72421
-65.74907
-65.69691
-64.75394
-65.14201
-67.05344
-68.72178
-66.14825
-65.29251
-67.01550
-68.35265
-67.53934
-66.79820
-67.57989
-66.24974
-65.98828
-67.10409
-69.30788
-68.91858
-66.94537
-66.36946
-66.96962
-67.82157
-65.43007
-67.05897
-68.55040
-66.75919
-65.96193
-67.37868
-68.45051
-67.74567
-67.45936
-67.13274
-68.24402
-67.15668
-68.24362
-71.29422
-71.24196
-67.55798
-68.40056
-69.49239
-67.48774
-68.60867
-70.23227
-68.85787
-70.33464
-70.45674
-67.75475
-69.80319
-69.50772
-68.15993
-68.48345
-69.95004
-68.88443
-65.88950
-66.31760
-67.99574
-66.64096
-66.30035
-67.39012
-68.22457
-67.29294
-67.01049
-67.96980
-71.59215
-69.38715
-67.81594
-70.32908
-72.52685
-69.73583
-66.47888
-69.28105
-69.52384
-69.59343
-67.89358
-68.73914
-69.25789
-68.99581
-70.23732
-73.29748
-72.81104
-69.86825
-69.27120
-67.74766
-69.36076
-67.36279
-66.47783
-68.41109
-69.30109
-68.50217
-69.75176
-70.52360
-69.14250
-69.21633
-70.22927
-72.27566
-70.98924
-69.24825
-69.94177
-71.49595
-70.39208
-65.97067
-67.57861
-68.62001
-68.02497
-68.53412
-68.08200
-68.73626
-68.08297
-69.58700
-70.03799
-71.22606
-70.10794
-69.25668
-71.22445
-72.88397
-69.04761
-67.23310
-68.92002
-69.52772
-67.82636
-68.30066
-70.60695
-71.60422
-70.55287
-68.31901
-68.94841
-69.10609
-67.11583
-67.44177
-69.51171
-69.28625
-66.56158
-66.77356
-68.27567
-68.16796
-68.81433
-67.75697
-69.34541
-69.43399
-67.89099
-68.35696
-69.71869
-68.63869
-67.67328
-68.42044
-69.45185
-68.10671
-66.24688
-67.74689
-68.31078
-67.74342
-67.15067
-68.34419
-69.05056
-68.33892
-68.43388
-68.75648
-70.27577
-67.88835
-66.97469
-68.69593
-69.53149
-66.84084
-66.04510
-69.25132
-68.54639
-68.14531
-67.90679
-68.19374
-68.40737
-68.66961
-69.38799
-70.56554
-71.09300
-68.30505
-69.00974
-73.40947
-71.16401
-67.37541
-67.04620
-69.22868
-69.51904
-68.39223
-70.50612
-71.95238
-71.27877
-67.37712
-65.73085
-67.11567
-67.43731
-67.28285
-69.27211
-71.05038
-69.41239
-67.16435
-69.51996
-71.46189
-72.18210
-71.21196
-70.42000
-71.86531
-69.88437
-67.59655
-67.88615
-69.83400
-67.93896
-67.91096
-69.31338
-69.90811
-67.43339
-65.86081
-66.89043
-67.59427
-66.85077
-67.93025
-70.45453
-70.98397
-69.56696
-69.44303
-70.84474
-71.38907
-67.77481
-67.29275
-69.05937
-69.93702
-66.12382
-64.24829
-65.89098
-65.66112
-67.55881
-67.78884
-70.11754
-68.30113
-67.40851
-70.15319
-73.12022
-71.19664
-68.49460
-68.02041
-69.47921
-69.81414
-65.92268
-65.65150
-65.89472
-65.15359
-64.67021
-65.77256
-66.89613
-69.28894
-65.07121
-64.17423
-65.30965
-64.13370
-64.14675
-64.33040
-64.79721
-64.01698
-63.87846
-65.08093
-65.26523
-66.24179
-66.18035
-65.93811
-66.84237
-65.00180
-66.21727
-66.35808
-66.26793
-65.05154
-66.24746
-69.23598
-69.47374
-66.92534
-64.71559
-65.60236
-65.31002
-65.28510
-66.13934
-67.29655
-66.23390
-65.12468
-64.60757
-65.58277
-65.52687
-65.47172
-66.95117
-67.90264
-66.21410
-65.22727
-67.12808
-67.25789
-67.30762
-66.98765
-66.78710
-68.01243
-67.31494
-66.69421
-68.09954
-68.32509
-67.90052
-67.64707
-68.90759
-69.69987
-67.66522
-67.43212
-69.20765
-69.75548
-67.79936
-68.73323
-70.78159
-70.25986
-68.22062
-66.44701
-68.42054
-68.41338
-67.29344
-68.81343
-69.80287
-69.63991
-66.31142
-66.02540
-66.90566
-67.05491
-67.44448
-67.11862
-67.57504
-66.65282
-66.22553
-67.76680
-69.26563
-67.67142
-66.86840
-68.31904
-69.83411
-68.14083
-66.63932
-68.31680
-70.18526
-68.33258
-67.93408
-70.17212
-70.38081
-68.56688
-67.35111
-68.36995
-68.49237
-66.38669
-67.14843
-68.10375
-71.17854
-68.82970
-65.97250
-67.51389
-67.01923
-67.31887
-66.96520
-68.44071
-67.96515
-66.68048
-66.50534
-67.23226
-66.96651
-66.08802
-66.91976
-68.68977
-68.18163
-66.08615
-66.19231
-67.71852
-67.62945
-66.74764
-68.19973
-68.71112
-68.05011
-65.45670
-65.57980
-67.24013
-66.47692
-66.28991
-67.74940
-68.40307
-67.07069
-65.99138
-69.56173
-69.53124
-67.82346
-67.42511
-67.06601
-67.59576
-66.09183
-68.32891
-71.24772
-72.42836
-69.20421
-68.66913
-70.56302
-69.74038
-66.95528
-65.93476
-67.50050
-68.15224
-67.26032
-67.66830
-69.08955
-68.61317
-68.48326
-68.60353
-69.62764
-69.24923
-67.57875
-68.75633
-70.94695
-70.00323
-67.83310
-69.37543
-71.46251
-70.79933
-71.01941
-70.29412
-72.30014
-69.66811
-66.75555
-69.08947
-68.70635
-67.51203
-67.07881
-67.79917
-68.97302
-67.17326
-67.13118
-69.11792
-70.24801
-67.54095
-67.42237
-68.70041
-69.69152
-68.16058
-67.40912
-70.38453
-71.30385
-69.36097
-69.47132
-72.90323
-74.14141
-68.33032
-67.93114
-71.09025
-70.26982
-70.80224
-69.68700
-72.06965
-70.80675
-68.53435
-69.85857
-71.67729
-70.65371
-69.60159
-70.92359
-73.38969
-71.21222
-67.38356
-69.78335
-73.09908
-71.90651
-70.04762
-72.04875
-75.02528
-72.85678
-71.40320
-72.23169
-75.11257
-71.85429
-70.55841
-73.69603
-79.01187
-71.08743
-64.67352
-65.88766
-66.02084
-66.55459
-66.06612
-66.18758
-69.71108
-65.92296
-64.21216
-65.39507
-65.42352
-64.55797
-64.35789
-65.35691
-64.94876
-64.52996
-65.60082
-66.33058
-67.04087
-66.85205
-67.59102
-68.81966
-67.80844
-66.12572
-65.54885
-65.67317
-66.16713
-66.67213
-68.11625
-68.69610
-67.51436
-66.62651
-66.32288
-65.07385
-65.40542
-66.48251
-66.24156
-67.01682
-65.61001
-65.13801
-66.33654
-68.29055
-67.13325
-65.69412
-66.59684
-69.19640
-67.99598
-65.32013
-67.79367
-69.13799
-67.46348
-67.59540
-70.42516
-71.42245
-68.72258
-66.52908
-67.55700
-68.06648
-66.96251
-67.30562
-68.65883
-68.60417
-66.91139
-69.45547
-69.70983
-68.59382
-69.65212
-69.96526
-71.12946
-72.38411
-68.62976
-67.55988
-69.46288
-68.36900
-67.45424
-68.22184
-70.64668
-68.94739
-66.31602
-66.94063
-67.84401
-66.58387
-66.79837
-67.84531
-67.91485
-67.09350
-67.69095
-69.41159
-70.98724
-69.11070
-68.57251
-71.99540
-72.84542
-68.96541
-67.42375
-69.88522
-70.37946
-71.63358
-70.58705
-71.05013
-70.55829
-67.82689
-68.03314
-71.34613
-71.98728
-69.41560
-70.06531
-71.83181
-71.95851
-67.73889
-67.66576
-70.44863
-69.42256
-67.67841
-69.05188
-72.31816
-71.35920
-70.09493
-69.95556
-72.40800
-70.97541
-69.34240
-72.27255
-75.85163
-72.08669
-66.13797
-67.99378
-68.49245
-67.84026
-67.72845
-68.13707
-69.10193
-67.43794
-68.92269
-71.41554
-71.12133
-68.73338
-68.64316
-69.82372
-69.97464
-67.50239
-68.16117
-69.07392
-68.42745
-67.18428
-67.07476
-68.53300
-69.33779
-67.40733
-66.16831
-67.35969
-67.10839
-66.56769
-66.75667
-68.23346
-67.71151
-65.63318
-66.88843
-68.03467
-67.34496
-67.03332
-65.96049
-67.04648
-66.68751
-65.27535
-66.66138
-67.87420
-66.25858
-66.11565
-67.26992
-67.46703
-65.98100
-65.34195
-66.19604
-66.63282
-65.74600
-65.64417
-66.70247
-66.87346
-66.37761
-65.78591
-66.48969
-66.80922
-66.00236
-66.24042
-67.49326
-67.01819
-64.43399
-64.84329
-67.22197
-66.82749
-67.95088
-67.24767
-67.91168
-68.17368
-67.11803
-68.93507
-70.62763
-69.81638
-67.86624
-68.60358
-70.65105
-69.45910
-67.07485
-67.37686
-67.95954
-67.22600
-66.58474
-68.43036
-70.55169
-69.32724
-65.63610
-64.77871
-65.82258
-64.62559
-65.16494
-67.93215
-69.47408
-67.73691
-66.26277
-67.89983
-68.06689
-67.43007
-66.97074
-68.46567
-70.31289
-67.78408
-66.86384
-67.56936
-67.89903
-66.85629
-67.27040
-68.82115
-69.83000
-66.92016
-65.67321
-66.93232
-66.84561
-67.25139
-68.33598
-69.80659
-70.02375
-68.43650
-68.37290
-69.67191
-69.93888
-67.68104
-67.98787
-68.92050
-68.78425
-68.95314
-68.62177
-69.20178
-68.72674
-69.04653
-69.07736
-69.43797
-69.67197
-70.06294
-70.33279
-70.37443
-70.26028
-70.48845
-70.77454
-70.72007
-71.12300
-70.15727
-69.87080
-70.30943
-70.61891
-70.11419
-70.28087
-70.39398
-70.80498
-72.29943
-72.73416
-72.74387
-72.31248
-71.65239
-71.33894
-71.99311
-70.89944
-68.88237
-69.02570
-68.95653
-69.00600
-69.39286
-69.49853
-69.74475
-69.38228
-68.99984
-68.99391
-69.44985
-69.38187
-69.22029
-69.31673
-70.33655
-73.13611
-74.64652
-75.01880
-75.02373
-74.70802
-74.91408
-74.70991
-74.21811
-72.65499
-71.95802
-72.02964
-71.84180
-71.88088
-72.15541
-72.49343
-72.49212
-72.31042
-72.96682
-74.06915
-74.73139
-75.79491
-76.46482
-77.47725
-75.93215
-73.34521
-73.26449
-73.28666
-73.26313
-73.48202
-72.93617
-73.46986
-71.47762
-69.76824
-70.26004
-70.36786
-70.98195
-71.21454
-71.50014
-71.51745
-71.41513
-71.23169
-71.19860
-71.34904
-71.75188
-71.97297
-71.68906
-71.76686
-70.84655
-70.14359
-70.01828
-70.13057
-70.63231
-71.15254
-71.35771
-71.02396
-70.25221
-70.07360
-70.21042
-70.54590
-71.11451
-71.45618
-71.78603
-71.78826
-71.86824
-71.61207
-71.12981
-70.73487
-70.31370
-70.06173
-70.22623
-70.46295
-70.36308
-70.16589
-70.14477
-70.56622
-70.73613
-71.16760
-70.67796
-72.45117
-75.46925
-75.87110
-77.41304
-77.99984
-78.69619
-77.96216
-76.75336
-76.66856
-77.17081
-76.72883
-76.78226
-76.46105
-76.38301
-76.31645
-76.04892
-74.21831
-72.95184
-73.05976
-72.92709
-73.39833
-73.94109
-74.52055
-74.57274
-74.98833
-74.28243
-74.63833
-75.19120
-75.12339
-76.35670
-76.27198
-78.03745
-80.26990
-80.49457
-81.27496
-80.97885
-81.58926
-81.56918
-81.19238
-80.59280
-80.01252
-79.29221
-79.11289
-78.70860
-78.33565
-78.63207
-79.20877
-77.59528
-76.10359
-76.12825
-75.78406
-75.92643
-75.43259
-75.40344
-75.10207
-77.17405
-79.18402
-79.04785
-79.54032
-79.16712
-78.98310
-78.60325
-79.04415
-77.86131
-77.00723
-77.42187
-77.48408
-77.20399
-77.31123
-77.44135
-77.30655
-76.50955
-75.41903
-74.60612
-74.12170
-73.95029
-74.09571
-74.75832
-75.74115
-76.01409
-76.00326
-75.59716
-75.32803
-75.23337
-75.64454
-76.11933
-77.03276
-77.20783
-77.28614
-80.12392
-80.33407
-80.04449
-79.89703
-79.80609
-80.16523
-80.69220
-81.13189
-81.74251
-82.02200
-81.71755
-81.55200
-81.05445
-81.04483
-81.25456
-81.72607
-82.10423
-82.59706
-82.99653
-83.15944
-83.36920
-82.25641
-80.44667
-81.85299
-83.23864
-83.07637
-83.35870
-83.70186
-83.31009
-84.13090
-85.21367
-91.36963
-94.24806
-95.32945
-95.23115
-98.34041
-89.30499
-76.74938
-75.62810
-77.41891
-80.28824
-81.06956
-78.88501
-77.65421
-77.05307
-77.01648
-77.37176
-78.63872
-80.23501
-83.05753
-86.24251
-92.21248
-85.42463
-82.43995
-82.24044
-82.44959
-82.78655
-80.86746
-79.81572
-78.79659
-78.14236
-78.04966
-77.90102
-78.01825
-78.44617
-79.49644
-81.04336
-82.60748
-82.59993
-81.46717
-80.77356
-80.10037
-80.08916
-80.13296
-81.06796
-81.25928
-81.85084
-83.24381
-84.29948
-84.98921
-84.81952
-84.23750
-84.55875
-82.40379
-80.71260
-81.20162
-80.91147
-80.99188
-81.02705
-81.50790
-82.11041
-82.76979
-83.55336
-84.74792
-85.95182
-86.91514
-86.39055
-85.45865
-84.81028
-84.43081
-84.40304
-84.30383
-84.28275
-84.35883
-83.94939
-83.48323
-82.85501
-82.47110
-82.28150
-82.20911
-82.81773
-83.42088
-83.99914
-84.52430
-84.87258
-83.05670
-83.79845
-84.91937
-85.41141
-87.00793
-87.96667
-89.19813
-89.33892
-90.05087
-89.13589
-88.50608
-87.96603
-87.20408
-86.74552
-86.48481
-86.01013
-85.91354
-85.63127
-85.05530
-84.75360
-84.20198
-84.39039
-84.78651
-85.47423
-86.95074
-88.06191
-88.43855
-89.10353
-89.65760
-90.01337
-90.81826
-88.29509
-88.84400
-92.25912
-92.15567
-92.61296
-90.08867
-88.37840
-86.51538
-85.80446
-84.49087
-84.88293
-90.07693
-91.24484
-90.68358
-89.89772
-89.37836
-83.66021
-81.17999
-84.12376
-87.57999
-85.87455
-82.17144
-79.86562
-77.95820
-77.06684
-76.48138
-76.59047
-77.07320
-78.12162
-79.42102
-81.91739
-82.11308
-79.12852
-77.92935
-76.78027
-76.56780
-76.96034
-77.73077
-78.57185
-79.47277
-81.25864
-83.12460
-85.10008
-85.26021
-84.53524
-85.48841
-86.08002
-83.50906
-80.25130
-79.46601
-79.18396
-78.84366
-79.21149
-79.62628
-80.31065
-81.28756
-82.80862
-84.52302
-85.64846
-84.04200
-82.83850
-82.29115
-81.82512
-82.18570
-82.82925
-83.92555
-84.77696
-85.59303
-86.89641
-87.13338
-86.90984
-86.15054
-86.93681
-87.54336
-87.31389
-87.39997
-85.99556
-85.17125
-83.28952
-82.70256
-83.63462
-84.28683
-85.18873
-86.04435
-86.58472
-86.98726
-87.29783
-86.50047
-86.34507
-86.26021
-86.03237
-85.94425
-85.18113
-84.98393
-82.32288
-80.99608
-81.23550
-81.11147
-81.15673
-80.97873
-81.28189
-81.45084
-81.81145
-82.17728
-82.41666
-82.91010
-84.00805
-85.00472
-86.21846
-87.52939
-89.10284
-89.50728
-90.22831
-91.23874
-90.60073
-90.31976
-89.97813
-89.82326
-89.76185
-89.14486
-88.38910
-87.61601
-86.65094
-86.14212
-85.52061
-85.02358
-82.85625
-82.64568
-83.05455
-82.78472
-83.70859
-84.53005
-85.69608
-87.26880
-89.12992
-93.99395
-106.01577
-108.11286
-113.89013
-121.24668
-128.32565
-132.10704
-129.66418
-133.82924
-129.70538
-134.58310
-129.32709
-139.28409
-127.90573
-131.81809
-127.51334
-132.82077
-129.20638
-138.50448
-129.95908
-133.35748
-128.80960
-131.30440
-131.18300
-137.01039
-132.98544
-135.15031
-134.14434
-136.59905
-136.53759
-136.30026
-138.36850
-137.52569
-139.94841
-137.46954
-140.25887
-137.67019
