-65.42503
-56.08923
-72.57432
-80.72748
-95.46801
-102.86802
-102.74795
-96.49517
-92.54379
-89.14933
-85.57102
-82.03027
-56.72226
-60.74114
-90.40599
-76.34335
-81.81859
-80.61947
-80.50143
-79.76848
-78.51286
-76.48927
-72.88763
-62.60019
-56.44521
-74.06324
-82.56860
-87.21266
-85.99488
-67.49672
-60.51949
-60.67025
-61.65032
-67.15419
-73.43438
-63.00599
-59.74091
-60.76239
-61.93091
-70.61710
-69.56659
-62.63583
-59.70037
-61.89877
-61.76490
-109.49673
-56.16385
-50.60196
-55.50970
-55.59778
-57.87721
-57.73097
-57.72553
-56.39208
-56.52643
-56.70192
-57.06758
-56.07499
-56.14262
-55.59703
-54.68860
-56.38711
-57.33436
-54.14157
-50.08289
-53.44884
-57.65712
-56.65435
-59.34793
-51.75948
-51.12331
-57.13326
-57.01478
-58.79974
-58.38026
-51.39301
-50.91710
-56.37546
-58.09784
-60.64781
-59.22062
-55.92310
-55.30280
-55.16022
-57.36557
-58.41119
-57.69846
-56.38056
-55.93463
-57.74504
-57.87007
-62.28075
-51.89367
-51.24775
-56.50102
-55.74057
-58.49612
-57.42459
-57.26640
-56.51810
-57.38379
-57.52080
-58.78468
-57.24244
-56.67477
-55.55510
-55.24687
-56.62738
-57.63858
-53.82158
-50.15335
-54.04698
-57.67964
-57.51048
-58.82345
-50.88048
-52.08616
-57.72838
-56.66911
-59.11209
-57.03361
-51.49113
-51.97259
-58.44112
-59.01817
-60.96317
-58.29524
-57.37656
-55.59752
-56.23712
-57.76665
-59.09929
-52.92523
-50.70902
-56.08023
-55.05046
-56.22087
-56.36160
-56.51822
-56.11623
-56.78358
-56.88986
-57.97105
-57.74490
-49.31916
-52.94015
-59.26239
-58.03884
-62.50590
-59.41353
-57.56094
-56.07589
-56.61501
-55.72484
-60.68873
-51.72705
-49.65048
-57.07743
-56.88940
-59.99457
-60.24610
-51.65201
-51.16264
-55.55744
-54.80586
-58.17392
-55.88940
-50.56804
-53.11530
-56.22864
-58.15675
-59.87178
-58.96568
-55.66417
-54.93467
-54.92046
-56.10030
-57.96817
-56.06724
-54.70263
-55.53232
-56.12706
-58.21418
-58.62020
-50.42243
-51.46223
-55.15576
-55.95741
-59.87689
-55.26307
-50.48756
-52.98046
-56.48956
-57.62030
-60.03469
-57.13093
-55.80387
-54.96101
-55.96549
-57.80036
-59.24817
-52.15337
-50.72257
-56.21441
-57.50414
-58.41673
-57.01798
-50.28480
-53.22265
-56.43388
-56.01168
-57.48322
-55.53276
-56.36233
-57.01330
-57.87110
-57.95087
-58.10180
-56.49216
-56.55741
-55.63962
-56.96824
-58.56811
-58.65875
-51.28741
-52.11406
-56.69522
-54.88625
-57.39781
-56.45309
-56.78404
-55.26878
-57.31688
-56.25326
-59.06380
-54.54556
-49.34790
-56.37333
-59.14708
-59.87586
-62.17817
-59.49040
-56.94463
-56.34113
-56.58282
-56.93769
-59.54965
-49.92724
-51.27804
-58.55803
-57.26977
-62.71057
-57.47070
-50.78944
-51.81865
-55.51025
-54.90779
-59.76710
-53.60045
-50.47123
-54.39014
-56.68420
-58.10978
-59.25082
-57.58594
-55.02938
-54.92713
-55.00389
-57.37539
-58.05187
-55.57689
-54.38783
-55.97205
-56.00880
-59.83470
-56.06457
-51.11197
-54.22899
-55.10527
-56.39997
-59.04382
-53.15026
-50.28164
-54.51643
-57.18705
-58.40285
-60.04556
-54.53457
-54.11958
-55.02372
-56.13863
-58.53075
-57.41463
-57.23680
-56.18656
-57.84432
-56.87132
-59.02785
-54.17820
-51.21764
-56.11186
-55.14470
-57.04025
-56.62903
-56.90782
-56.78914
-56.69091
-57.14193
-58.01586
-57.09573
-56.59196
-56.74317
-55.86037
-57.50907
-59.57486
-56.84536
-50.42271
-53.59709
-56.08275
-55.41919
-57.12368
-56.38984
-56.44048
-55.59611
-57.44990
-55.93237
-59.86208
-51.73126
-50.22005
-59.31042
-58.30658
-62.10463
-61.55575
-59.14790
-56.26954
-56.44356
-55.63745
-58.35764
-56.22265
-49.19182
-53.51675
-57.64229
-57.69792
-62.36649
-54.66634
-50.40126
-53.43885
-55.37876
-55.59160
-59.37192
-51.67438
-51.16775
-55.14173
-56.84689
-59.03206
-59.80748
-56.94785
-54.81285
-55.02204
-55.33596
-58.17220
-57.21485
-55.48067
-54.96785
-56.59175
-56.88728
-61.36990
-53.52818
-50.53390
-54.94681
-55.43226
-57.47212
-58.05068
-51.60556
-50.75449
-55.80956
-56.59201
-59.35174
-58.32868
-56.70902
-55.25130
-55.03321
-56.80125
-59.36372
-55.31723
-50.66087
-53.28785
-57.78707
-56.97543
-59.79346
-52.12307
-51.09652
-56.33938
-55.39133
-57.28047
-55.97648
-55.98190
-56.97885
-57.17008
-57.11477
-58.36675
-57.50932
-57.14497
-56.20537
-56.35259
-57.75714
-60.23877
-54.05788
-50.38342
-54.84661
-55.28082
-54.94736
-58.30464
-51.43519
-50.39603
-56.28517
-56.38821
-57.45198
-58.44104
-50.03004
-51.69780
-59.52069
-57.69731
-62.08189
-59.88726
-58.17618
-55.74508
-56.67963
-55.47098
-59.62285
-53.15144
-49.10013
-55.96578
-57.15428
-58.74357
-61.48345
-52.74300
-50.57598
-55.07454
-55.12304
-57.23317
-57.31028
-51.02532
-52.48331
-55.57328
-57.25402
-59.28758
-59.14328
-56.39632
-55.21581
-55.02949
-55.86185
-58.29295
-56.28734
-54.49935
-55.04412
-56.42230
-57.45416
-60.71143
-51.64848
-51.81284
-57.05345
-57.11471
-59.08857
-57.86743
-57.84816
-56.91031
-57.54086
-58.14629
-59.77964
-57.75502
-56.53547
-55.51553
-55.83283
-58.21927
-58.73799
-53.13047
-50.43698
-55.96358
-58.77224
-59.19866
-59.90731
-51.07550
-52.71473
-57.60635
-56.34445
-58.95467
-55.87419
-50.69300
-52.60120
-58.60764
-58.82572
-59.99832
-57.66294
-56.47115
-55.73062
-55.79659
-58.56629
-57.49292
-58.07412
-57.01353
-57.79009
-58.22779
-58.98661
-58.97187
-50.77226
-53.32929
-57.31841
-56.64880
-58.76858
-55.50191
-50.63314
-53.01063
-58.58321
-58.53494
-60.03891
-57.52173
-57.01548
-55.48402
-56.32113
-57.85302
-57.84860
-52.41038
-50.83642
-56.67865
-58.21397
-59.90943
-58.30999
-50.50033
-53.80887
-57.46405
-56.83702
-59.05210
-55.30432
-51.01226
-53.72741
-58.63165
-58.76971
-59.76007
-57.37554
-57.15153
-55.59566
-56.94439
-58.72109
-58.68043
-52.22252
-51.00708
-57.31859
-58.30585
-61.04267
-58.03400
-50.38144
-54.45883
-57.85251
-57.11896
-59.95975
-54.75341
-50.43002
-53.80376
-60.03262
-60.29841
-61.58523
-57.81267
-56.97391
-55.58499
-56.90692
-59.06082
-58.50618
-51.58787
-51.30663
-58.29574
-59.38412
-62.19454
-57.84738
-50.35626
-55.03725
-57.45546
-57.81040
-59.46276
-56.25501
-58.81261
-58.25952
-60.68792
-59.42437
-63.09647
-52.52342
-52.14234
-57.84132
-56.39356
-59.51921
-56.98572
-51.60509
-51.43168
-59.63163
-58.99135
-63.41340
-56.23045
-50.07497
-54.28016
-57.10364
-55.52939
-60.68823
-53.41598
-49.93636
-57.13014
-56.09966
-57.90736
-58.90857
-58.45458
-56.99700
-57.36253
-56.16357
-56.53055
-58.25079
-49.29382
-52.34614
-58.69082
-56.40376
-60.76354
-56.23113
-50.50075
-53.43927
-56.20199
-54.91229
-59.60041
-53.14346
-50.90280
-54.91198
-55.34620
-57.20672
-59.02516
-57.22955
-55.15159
-55.53127
-54.17810
-57.11599
-56.68209
-50.34055
-53.15292
-55.12860
-49.84252
-54.80660
-54.93264
-48.72782
-53.82639
-51.93375
-55.05156
-54.61443
-56.43194
-61.64714
-61.63862
-61.84132
-62.45373
-63.01606
-51.67837
-56.88917
-62.72715
-64.90449
-64.07259
-65.66281
-54.17813
-55.47245
-52.84207
-51.22895
-56.19432
-56.24578
-63.53429
-78.19603
-55.83503
-54.55644
-79.38867
-53.42432
-49.14944
-54.65419
-54.71233
-59.98140
-67.47943
-51.94421
-55.41877
-60.03396
-63.64663
-90.36680
-66.57971
-57.06840
-57.48063
-54.92848
-51.86138
-65.65156
-53.29865
-49.03535
-53.21198
-53.36809
-56.78657
-55.08381
-57.68657
-59.84775
-63.27494
-60.50137
-62.69004
-59.62835
-51.37614
-58.03185
-62.48753
-67.87363
-77.81299
-68.55857
-53.97920
-55.10110
-52.32722
-51.17888
-55.07285
-55.72029
-60.19934
-61.01404
-53.05843
-56.22113
-75.11919
-51.72079
-49.32700
-52.45855
-54.76602
-57.33229
-53.95989
-51.39492
-56.14097
-62.36627
-67.87898
-90.94559
-63.97055
-53.89843
-54.27845
-52.38436
-51.46781
-58.06712
-51.56548
-49.15804
-52.62025
-53.92608
-56.65236
-54.79229
-58.93379
-63.57776
-62.92371
-59.50213
-69.21911
-63.24044
-51.30487
-55.46500
-56.35345
-57.86000
-58.72241
-56.86178
-53.41712
-54.51115
-51.92801
-52.80054
-57.25609
-56.21193
-59.89187
-59.97489
-51.97327
-57.19196
-89.87305
-50.34072
-50.61895
-54.09765
-56.55953
-63.91439
-54.10396
-52.28983
-57.33097
-60.94553
-68.81830
-94.10650
-62.48892
-53.63857
-55.15271
-52.59490
-52.63707
-57.98893
-51.76561
-49.81456
-53.03355
-54.50594
-55.05614
-56.39021
-58.36151
-60.08498
-63.64601
-57.65211
-60.60809
-55.33169
-50.47665
-54.31359
-54.01034
-54.21553
-54.06593
-53.83744
-53.29791
-53.59704
-49.14886
-50.37566
-54.60737
-57.20033
-64.25468
-57.51918
-53.09005
-56.83958
-60.90670
-49.52719
-50.77128
-53.88410
-51.64132
-57.23779
-52.08155
-52.63774
-67.75966
-69.98101
-72.75613
-96.81175
-61.40027
-54.29526
-55.54617
-51.23239
-52.79891
-57.68100
-49.66276
-49.89160
-53.19861
-53.41039
-56.49887
-55.47911
-59.19558
-59.48912
-63.34848
-71.32362
-70.99777
-57.54993
-51.34319
-54.26506
-53.34409
-54.14069
-53.94119
-54.42787
-54.44180
-54.02101
-50.64902
-53.13067
-56.93408
-56.86223
-60.77730
-58.18543
-52.33446
-59.78555
-58.38841
-49.38801
-50.31132
-53.92014
-56.30533
-57.34370
-52.36034
-52.67119
-61.30979
-58.65762
-59.98335
-60.66695
-55.33842
-53.36785
-54.21579
-51.30589
-53.58965
-54.47255
-48.73964
-49.65373
-51.88655
-52.42567
-54.40092
-55.15013
-56.84699
-57.85033
-57.45490
-56.72563
-58.62188
-52.23123
-52.20655
-55.34569
-53.72841
-53.46287
-53.52564
-53.67816
-54.29168
-54.06194
-51.03222
-53.79562
-55.80966
-57.14052
-64.19918
-57.67358
-52.49211
-63.24112
-55.81878
-48.55665
-52.00526
-52.27335
-52.33951
-55.59116
-50.92959
-52.97256
-63.19184
-60.49798
-65.20475
-82.81416
-57.20409
-53.80609
-54.01568
-50.37372
-54.50385
-54.33681
-48.89757
-51.24651
-53.28754
-53.47177
-55.66270
-55.14817
-54.17227
-53.84389
-53.89504
-54.00304
-54.64858
-50.32314
-52.43160
-55.23117
-54.63526
-56.65790
-57.52813
-54.40002
-53.99217
-54.73312
-51.42824
-54.64904
-56.74491
-57.89351
-64.14896
-55.96432
-52.44383
-61.39358
-54.82527
-48.43070
-51.17459
-52.91575
-53.14509
-53.74711
-50.16657
-52.54488
-55.11486
-55.80916
-57.55055
-57.13715
-54.82610
-53.75352
-53.41128
-51.36951
-55.93146
-53.41269
-49.18515
-50.99982
-50.78758
-53.51616
-54.94284
-56.81215
-60.63515
-60.36857
-63.89421
-63.81173
-63.13209
-51.57038
-53.04694
-54.64162
-54.65199
-54.92570
-54.55869
-52.82942
-53.88319
-52.06806
-50.23159
-54.19161
-55.47669
-57.77083
-58.63929
-53.80179
-53.81199
-86.72047
-53.29632
-48.08095
-52.15430
-55.52369
-55.95891
-54.46358
-51.06615
-55.04592
-60.28535
-58.04070
-70.20646
-69.85391
-54.99529
-54.41317
-52.87764
-50.38532
-55.38445
-52.79256
-49.63391
-52.30720
-53.21656
-54.34768
-55.25839
-57.88101
-59.96597
-57.61525
-64.07362
-80.72498
-71.52025
-52.18292
-52.72682
-53.92190
-53.56022
-54.32357
-54.44569
-53.95711
-54.77835
-52.24825
-51.18796
-56.21938
-56.68334
-61.09675
-64.28275
-53.67816
-53.87127
-72.55606
-52.45678
-48.46801
-50.92330
-51.78229
-53.94153
-52.45404
-50.48612
-54.35989
-56.08933
-56.26699
-57.34361
-56.08785
-54.63463
-54.54526
-52.54518
-51.99720
-59.25784
-52.64462
-49.82153
-51.84791
-51.07904
-55.39027
-62.42512
-57.49400
-53.46464
-55.25156
-54.68912
-57.06350
-54.23616
-51.03482
-54.19798
-55.34107
-56.64059
-56.65484
-56.11649
-53.33884
-55.70496
-51.29557
-51.46036
-56.43965
-55.57527
-57.91371
-59.63243
-51.87208
-55.96382
-65.95096
-50.42742
-48.53944
-50.10008
-52.57801
-55.30687
-52.18103
-50.57952
-55.15561
-55.27177
-55.46709
-55.81063
-55.03579
-53.35205
-54.82519
-51.55795
-51.71207
-58.22501
-51.05810
-49.28655
-55.05928
-58.32989
-55.56789
-54.64081
-57.20833
-57.72219
-60.23519
-59.75690
-67.35413
-57.51069
-50.45061
-55.06700
-55.41981
-56.25931
-56.08996
-55.95018
-54.66578
-56.04533
-51.14698
-52.33981
-56.56412
-55.27173
-58.22758
-57.40479
-51.38206
-57.98920
-65.42070
-48.74550
-51.13343
-51.82603
-51.36237
-53.17433
-50.72270
-49.77939
-52.96850
-53.18461
-53.71061
-53.98353
-54.02291
-53.03631
-54.16180
-51.09637
-52.23359
-58.60513
-49.28546
-50.63068
-51.77252
-51.40193
-56.40105
-63.21016
-53.95222
-54.14530
-52.06734
-50.04709
-54.79663
-54.94470
-54.19887
-55.23115
-52.04809
-51.66401
-58.06590
-51.50856
-52.65442
-55.04736
-55.26942
-55.52512
-55.73896
-55.52261
-58.07901
-56.71165
-51.41304
-60.84833
-63.20353
-53.04840
-53.61268
-51.51319
-50.10303
-55.15715
-51.75862
-53.02902
-55.35997
-55.17004
-55.74863
-55.87733
-54.91871
-54.47665
-55.08239
-51.65017
-54.24851
-56.76910
-54.08273
-54.01283
-54.05059
-50.26800
-55.95388
-55.54506
-53.02339
-55.70581
-56.60135
-56.87995
-57.75000
-56.49049
-53.12765
-54.26409
-50.74480
-52.29376
-54.56543
-55.25556
-56.81532
-55.29687
-51.56870
-55.47471
-58.34847
-51.74464
-52.54237
-53.83032
-53.65586
-56.82665
-57.88594
-54.47314
-53.52449
-53.95716
-54.40062
-57.43612
-52.99149
-49.72662
-54.01348
-54.96186
-60.56835
-60.60383
-58.70650
-57.10644
-58.43457
-58.48998
-59.75774
-57.89780
-49.66595
-52.04310
-53.83336
-54.02855
-56.91633
-56.45984
-54.85818
-53.99534
-53.37091
-53.77129
-54.69526
-51.57910
-51.66425
-55.02331
-53.96139
-57.30520
-56.85853
-55.19928
-53.58132
-53.88535
-54.08374
-54.24413
-53.00400
-49.34764
-52.61841
-54.07027
-60.09373
-60.72870
-56.68787
-54.88757
-53.67572
-54.04263
-54.24997
-55.54053
-50.92896
-51.49564
-54.27332
-55.79126
-57.26498
-57.20894
-55.70828
-53.87534
-54.53746
-54.43584
-55.48552
-52.80355
-49.36034
-52.21638
-54.36485
-54.21620
-57.38343
-55.88519
-53.95786
-54.31413
-53.95196
-53.89170
-54.51050
-50.75204
-51.87023
-54.94511
-53.24550
-56.26222
-55.90972
-54.63821
-52.96145
-54.17993
-53.79300
-55.03638
-52.41263
-49.24609
-53.32769
-53.87451
-60.06147
-60.67655
-56.58837
-53.90202
-54.20194
-54.68304
-54.31684
-55.28420
-50.72677
-52.24541
-55.31317
-59.27795
-59.31920
-57.90913
-54.89551
-53.41866
-54.94719
-53.15110
-55.20785
-51.85477
-49.59005
-52.63390
-52.73422
-53.58556
-54.22421
-54.38159
-53.47789
-52.97649
-53.64097
-53.76436
-53.98660
-50.05300
-52.46511
-54.00229
-53.49969
-55.70527
-54.74939
-54.38050
-52.09879
-53.32235
-52.88473
-54.04681
-51.07078
-49.64232
-54.62325
-54.19207
-52.89339
-53.74111
-53.26257
-51.87005
-52.86308
-52.92017
-53.08003
-52.64772
-49.97530
-52.27231
-54.48843
-52.81792
-54.89002
-54.74994
-52.19478
-51.31633
-51.41614
-51.32164
-52.01424
-49.96792
-49.99396
-53.44133
-52.36198
-54.18691
-54.35946
-54.12479
-54.86507
-54.75171
-55.25414
-57.97653
-56.05445
-49.99003
-52.77455
-54.55543
-53.56316
-54.83882
-53.43111
-51.86426
-50.65113
-50.46542
-49.86076
-50.51655
-49.49652
-50.11550
-53.08108
-52.73605
-54.13519
-53.84485
-53.69629
-53.73671
-54.59253
-55.19419
-56.27002
-55.26065
-50.61065
-53.62319
-55.38247
-53.52757
-55.91213
-52.13375
-50.07912
-53.45037
-55.34811
-55.39817
-55.06601
-54.49962
-54.40265
-54.36787
-54.25122
-54.81994
-55.37759
-53.63112
-52.45642
-52.47368
-51.95301
-52.35839
-51.64207
-50.40501
-53.25041
-52.91953
-52.85269
-54.92056
-54.87953
-52.92679
-52.29854
-52.88937
-52.57864
-53.27775
-49.84710
-50.14944
-55.66988
-55.43442
-54.94015
-54.21902
-53.37155
-53.21332
-53.25271
-53.37422
-53.75134
-51.93838
-50.18173
-54.61579
-56.09995
-54.19356
-54.49014
-53.90583
-52.78380
-52.58585
-52.78921
-53.89962
-54.67011
-50.54895
-51.16160
-53.82870
-53.60285
-54.88031
-56.62360
-54.35813
-52.48127
-53.13855
-53.41029
-55.02894
-52.54193
-50.66010
-54.52201
-54.53208
-55.46271
-59.21593
-55.95111
-53.53032
-53.41700
-53.86159
-53.63082
-53.79267
-49.78330
-52.02253
-53.63234
-54.24274
-57.93350
-55.95912
-54.74277
-53.03567
-54.89314
-53.89555
-55.72346
-52.03133
-51.21144
-53.97581
-57.03198
-60.55910
-59.76919
-52.37383
-50.55978
-53.79703
-52.59790
-53.97307
-54.56142
-55.84564
-55.29888
-55.02737
-54.97386
-55.82830
-54.79186
-53.49933
-52.83163
-52.77350
-53.26246
-54.39088
-51.63724
-50.71827
-54.72280
-53.76623
-55.60308
-55.91349
-54.62836
-52.69087
-53.49833
-53.45277
-53.79671
-54.23321
-49.58766
-51.20786
-54.27453
-52.83440
-54.04942
-54.77590
-52.41108
-51.85036
-52.28924
-51.98211
-52.89471
-50.80395
-50.81354
-53.97936
-52.69230
-53.19549
-55.24853
-53.58857
-51.52697
-52.18952
-51.27189
-51.79404
-51.88634
-48.74939
-51.50368
-53.52572
-53.12997
-54.37983
-52.85613
-54.50500
-55.25162
-53.67598
-55.19681
-59.14760
-51.94855
-51.18004
-54.94734
-52.99806
-54.26116
-54.56608
-52.94197
-50.73101
-50.48290
-50.64150
-50.85632
-50.85193
-49.19906
-51.82324
-53.13818
-53.31485
-54.60051
-53.83471
-52.98397
-53.85736
-54.40360
-53.61567
-55.70047
-51.33873
-51.85370
-55.83200
-53.60678
-54.77042
-54.76460
-50.27498
-51.61987
-54.23300
-54.23754
-54.82213
-53.96170
-54.20286
-54.12373
-54.55258
-53.74083
-53.99864
-53.70319
-52.42441
-51.85495
-52.78034
-52.52044
-53.04496
-50.61759
-51.47712
-53.78588
-52.50126
-54.33966
-55.42285
-53.78146
-52.13350
-53.65073
-52.78891
-54.24665
-51.98256
-49.58592
-53.62737
-55.72196
-54.13249
-54.19098
-53.50546
-53.13659
-53.91546
-53.97987
-54.54989
-55.05618
-51.29510
-52.10993
-56.02761
-53.46327
-54.24421
-54.42924
-53.68129
-53.03130
-52.70339
-52.51342
-53.78487
-51.74580
-49.18139
-53.08543
-54.22515
-53.66557
-54.94837
-53.91247
-53.12845
-53.99861
-54.26913
-54.48139
-54.81696
-50.54799
-52.15151
-55.36620
-53.95182
-57.93088
-57.71264
-54.38554
-53.26822
-54.19382
-53.19607
-54.67985
-51.44122
-49.27737
-53.45924
-53.04056
-55.21666
-55.34713
-54.69769
-53.37224
-52.87988
-53.47162
-53.24388
-53.83725
-50.49540
-52.35859
-53.94355
-54.62512
-55.22472
-54.59170
-54.08257
-52.99128
-53.29780
-52.39187
-54.28021
-50.80315
-49.62765
-53.18132
-53.86613
-54.65912
-54.81811
-54.48033
-53.89811
-54.27576
-53.53631
-53.50337
-53.64484
-50.60031
-52.77387
-55.06408
-53.43132
-56.22382
-56.62689
-54.71223
-53.46469
-53.90813
-53.28300
-55.12791
-50.96284
-49.90087
-54.59555
-53.26107
-57.83351
-58.65095
-56.37094
-54.79564
-55.28067
-54.98743
-55.36317
-54.28929
-50.11023
-53.67730
-54.20437
-55.99742
-58.45627
-55.88022
-53.17601
-52.21736
-53.20119
-52.60024
-54.80450
-50.38081
-50.09088
-53.81815
-56.34670
-57.91259
-57.19971
-55.51551
-53.52974
-55.49441
-54.49516
-56.57350
-53.86103
-49.97111
-53.59601
-55.56832
-53.91998
-55.88176
-55.35210
-53.69471
-53.89588
-54.19263
-54.27893
-55.87456
-50.33891
-50.06909
-55.37029
-53.22462
-57.47638
-58.31206
-55.31905
-54.58727
-54.66560
-54.66284
-55.77126
-53.67799
-50.29391
-54.32680
-54.09211
-56.50249
-59.57877
-56.39975
-54.93581
-53.96981
-55.16845
-54.65649
-56.51425
-50.18526
-50.29783
-56.26587
-56.36544
-58.03776
-56.62813
-54.10844
-52.50201
-53.32069
-53.18223
-54.32056
-52.45368
-50.09103
-54.41843
-56.83472
-57.58219
-57.87042
-55.99506
-53.78754
-53.22796
-53.81114
-53.26570
-54.39297
-49.66436
-50.46473
-52.40773
-53.45331
-56.61370
-55.73748
-54.10942
-51.99881
-52.18705
-52.13874
-53.22233
-53.08485
-54.19585
-54.24946
-54.96795
-55.25000
-56.53107
-51.37192
-50.84187
-54.48134
-52.70856
-55.02788
-55.99028
-54.68339
-54.26235
-55.72901
-56.44209
-57.59091
-57.98880
-54.37593
-52.81493
-54.08095
-53.62320
-54.71002
-51.91713
-50.74709
-54.71370
-53.59499
-54.14956
-56.78150
-54.48520
-52.75745
-53.10436
-53.18547
-54.19323
-53.70439
-49.43390
-51.79345
-54.30313
-53.80019
-59.62844
-57.50215
-55.60967
-54.70045
-55.87866
-55.20744
-57.40027
-52.37461
-51.01153
-54.83198
-54.29385
-58.86997
-57.79786
-55.79348
-52.84268
-53.65921
-53.31493
-54.35207
-53.72867
-49.14183
-51.64533
-54.53010
-56.10916
-56.07390
-56.02801
-55.09280
-54.83661
-55.71985
-55.38583
-56.76798
-51.88371
-51.03186
-55.85704
-55.04589
-55.55594
-57.85616
-55.61618
-53.97936
-54.61023
-54.54516
-55.41517
-54.07357
-48.90443
-52.63960
-53.97136
-54.11022
-59.23545
-57.13137
-55.69749
-55.04396
-55.53841
-54.55790
-56.21728
-51.35855
-51.65540
-54.92130
-54.08705
-58.57825
-58.63994
-50.45105
-51.16429
-53.27089
-52.42461
-53.78797
-54.08443
-55.41803
-54.86750
-54.46733
-55.08226
-56.08774
-54.07080
-52.40811
-52.51985
-53.25343
-53.44179
-54.32529
-50.78279
-51.36008
-57.04502
-58.89646
-60.71901
-57.57670
-53.72473
-52.21533
-53.09482
-52.74871
-54.34074
-52.25032
-49.27842
-52.05899
-52.39665
-52.87851
-55.83706
-53.64373
-51.66888
-51.94577
-52.32522
-52.84127
-53.52132
-50.74566
-51.74091
-53.17639
-53.43717
-57.16938
-55.84656
-53.04475
-52.40886
-52.27416
-52.34925
-53.94172
-51.60042
-49.67527
-52.92353
-55.41376
-54.65877
-54.34407
-53.63367
-51.96873
-52.60870
-52.18738
-52.38594
-52.48378
-50.28190
-51.70729
-53.29984
-55.90419
-57.51644
-55.71029
-52.21207
-51.26657
-51.92012
-51.31160
-52.28420
-50.48180
-49.33355
-53.17010
-53.62346
-53.59034
-54.76426
-53.67347
-52.45151
-51.91862
-52.02825
-52.03399
-52.20618
-50.35172
-53.05764
-53.56126
-53.40135
-55.04756
-53.62613
-53.07277
-52.39074
-52.73265
-51.59915
-51.66323
-50.75132
-51.62224
-57.37867
-55.71581
-55.12558
-54.42429
-56.27733
-62.41591
-66.33004
-64.77240
-66.45085
-65.37340
-56.20762
-61.27976
-69.18450
-68.65905
-76.51259
-60.57072
-49.94307
-51.68562
-55.57115
-54.69390
-56.63152
-51.79028
-52.61096
-63.11877
-72.53518
-73.66431
-87.96447
-52.69620
-52.81487
-70.08108
-69.28095
-91.73002
-67.49979
-56.45383
-61.57265
-70.70456
-72.43372
-109.21680
-65.93608
-59.19811
-59.01487
-60.33179
-59.67377
-61.37799
-53.57777
-52.20588
-54.47316
-54.44599
-55.82982
-54.49160
-59.00030
-63.63006
-70.57948
-72.95606
-83.06964
-66.78799
-56.43391
-62.67614
-73.88898
-71.25504
-77.89769
-58.20372
-49.02817
-53.72874
-56.02324
-55.22110
-56.67987
-51.58198
-53.46497
-65.70321
-74.35345
-84.26071
-75.36860
-51.31675
-51.88100
-56.98922
-54.42138
-56.92018
-54.11230
-55.26057
-60.92530
-66.69998
-67.03190
-76.42269
-56.43389
-50.08066
-56.09650
-55.08278
-55.86956
-56.00237
-53.68385
-53.56003
-55.33055
-55.18876
-55.53916
-55.26109
-50.59678
-54.89920
-72.73342
-70.57974
-79.17915
-62.85764
-56.48296
-64.20691
-70.54223
-71.50603
-81.80234
-54.61852
-49.54954
-55.92314
-56.15139
-56.47068
-56.34910
-51.37873
-54.24666
-69.32165
-71.64338
-83.54451
-66.75139
-51.03104
-55.75441
-73.69517
-70.65107
-81.83504
-61.94304
-56.39877
-66.24683
-69.86943
-81.91771
-78.24302
-68.63284
-62.89110
-68.17538
-72.05054
-85.99056
-73.50947
-51.65974
-53.74445
-56.98474
-55.34827
-57.65814
-54.56019
-50.66322
-56.50216
-75.65310
-70.90290
-80.91163
-61.88401
-53.86187
-54.38510
-54.51760
-54.36357
-54.47639
-50.97205
-50.38507
-52.90601
-54.32022
-54.95126
-54.55871
-50.48498
-55.60506
-69.77169
-71.77616
-95.65476
-67.37353
-56.15756
-55.24044
-56.24047
-55.68622
-57.65517
-55.00084
-57.88136
-65.71355
-73.31425
-72.46876
-85.83964
-52.71301
-50.52137
-56.40201
-55.07225
-56.39635
-54.50645
-51.31758
-52.24758
-53.89819
-54.81116
-55.03710
-55.41025
-61.56731
-65.56150
-72.51146
-69.10853
-99.37217
-55.65428
-52.35372
-65.14710
-68.34332
-77.49086
-73.09070
-57.50424
-53.99074
-55.54590
-55.08927
-56.81500
-54.70777
-50.94644
-57.21563
-69.25477
-70.09222
-79.50324
-68.33767
-63.45404
-64.59898
-71.70819
-70.00146
-91.62875
-54.77612
-52.92175
-65.26391
-67.91515
-75.73122
-70.88112
-62.01477
-59.00967
-60.52732
-60.16969
-61.57371
-57.71003
-51.05207
-52.64334
-55.24376
-55.72232
-55.40975
-56.20670
-62.24594
-65.55465
-71.98492
-70.44358
-88.92592
-54.07226
-53.07529
-66.13682
-67.87832
-76.55774
-70.21910
-57.53284
-54.18241
-56.46348
-55.34787
-57.52176
-53.95159
-51.24179
-58.61486
-70.45712
-71.47028
-86.43630
-61.87416
-54.61829
-55.24994
-55.53364
-55.82511
-56.57112
-51.96954
-53.93822
-63.41180
-66.33905
-74.08350
-68.86024
-56.15710
-54.29111
-55.92449
-55.15813
-56.44093
-53.33223
-51.17530
-52.51937
-54.70770
-54.64951
-55.75436
-52.00442
-51.49995
-64.27536
-69.89866
-77.54991
-73.32517
-53.28261
-54.02255
-72.08571
-66.85971
-78.76936
-61.36247
-51.35834
-55.10374
-55.99325
-55.32930
-57.68195
-53.10225
-51.67061
-60.82900
-73.42342
-71.23921
-94.10393
-54.25580
-51.76949
-66.28516
-69.92287
-83.72458
-70.19886
-53.02167
-54.91299
-71.49524
-68.49663
-84.49207
-61.94132
-51.12667
-56.86998
-75.54584
-68.63801
-78.19440
-56.63263
-50.49051
-59.15976
-53.53500
-51.43821
-63.57936
-52.69520
-52.54495
-67.01899
-52.00490
-53.79218
-69.17993
-51.17365
-55.46672
-63.18418
-50.39179
-58.19685
-61.12498
-50.54878
-57.32885
-54.83653
-50.19412
-60.78158
-55.08437
-50.99535
-66.11252
-53.67592
-51.90103
-69.53826
-53.03108
-52.14003
-57.04981
-50.48730
-54.09844
-63.88302
-58.89882
-59.16599
-60.39848
-66.93395
-77.02277
-64.66964
-57.58440
-57.73712
-57.48341
-58.92835
-60.93605
-60.16843
-56.93719
-55.56082
-57.02595
-57.18121
-58.24796
-55.12552
-54.34872
-54.72614
-55.07528
-56.44995
-56.37863
-56.22325
-55.33225
-55.59952
-56.53394
-57.80654
-58.21311
-57.33087
-58.64138
-60.44799
-59.61556
-61.47817
-60.05784
-57.94992
-57.87731
-59.53753
-62.04611
-61.38411
-59.09244
-57.20062
-57.98626
-59.80212
-63.15492
-61.37328
-58.14380
-57.64127
-59.81801
-62.21271
-63.24621
-58.53650
-55.76734
-57.55848
-59.98857
-62.99884
-64.07728
-60.74817
-58.37429
-59.15749
-60.01117
-61.71501
-62.33998
-58.79360
-56.87117
-57.35006
-57.65184
-59.00903
-59.10631
-58.23555
-56.99101
-56.94216
-57.22319
-56.64913
-59.83915
-60.02107
-59.17664
-63.07402
-64.43529
-64.55875
-62.99501
-60.86098
-60.56371
-62.36631
-65.38723
-67.43304
-66.48949
-63.72874
-66.03520
-66.56078
-69.10783
-66.52272
-62.86526
-61.10380
-62.47526
-66.41097
-69.45543
-62.49060
-58.58443
-59.20042
-58.45199
-60.50140
-59.60106
-59.81895
-58.86145
-58.69382
-61.04042
-60.07819
-59.30302
-59.77125
-57.95902
-58.48389
-60.69037
-64.76339
-64.73910
-56.90093
-58.24083
-59.73622
-63.47966
-68.84069
-61.49954
-59.53492
-59.79296
-61.04537
-63.98850
-63.39718
-58.66514
-57.59124
-58.78921
-61.95684
-67.48517
-65.62226
-58.57901
-57.20631
-57.78614
-60.02429
-69.71996
-63.00931
-57.73308
-58.00441
-59.84489
-64.38222
-66.33932
-61.35085
-58.28979
-58.95193
-60.29843
-64.82213
-65.91715
-59.97363
-58.59151
-59.73988
-60.91004
-63.10002
-64.68167
-60.40594
-59.43856
-60.28168
-61.28831
-66.36052
-62.23289
-58.06288
-57.90450
-59.39429
-64.59080
-69.30986
-62.61461
-59.85915
-60.01203
-59.96561
-59.37135
-58.72485
-58.89140
-58.09457
-57.70027
-57.88724
-62.24376
-61.76139
-59.14356
-61.69380
-61.69024
-60.16176
-62.45757
-64.38059
-60.66773
-60.91708
-62.01785
-63.80304
-65.68207
-61.28383
-59.32305
-59.47711
-59.67312
-61.72962
-61.05772
-58.59817
-57.87950
-58.38743
-58.43414
-59.64238
-59.18731
-56.25584
-55.64424
-57.08333
-60.93832
-61.31308
-58.64557
-57.31874
-58.07950
-58.47642
-61.09059
-62.96305
-58.24135
-57.24241
-57.20425
-58.48572
-60.33761
-59.47298
-56.39691
-55.94893
-57.73094
-60.37055
-62.17270
-60.80120
-57.50378
-57.12550
-58.64726
-59.49837
-61.56069
-57.39078
-56.97807
-57.79485
-58.98287
-60.76181
-60.95839
-57.53186
-55.95851
-57.13588
-58.60795
-60.95940
-59.68362
-59.85487
-57.14433
-57.25499
-59.77809
-61.15368
-56.77685
-55.03951
-56.58214
-56.43982
-58.15579
-57.29492
-55.99605
-56.12653
-56.51760
-58.76306
-62.02273
-61.39094
-58.39362
-56.83292
-57.18713
-57.72236
-59.35732
-58.34949
-56.31865
-56.79846
-57.88743
-60.02039
-58.56159
-57.04901
-57.59148
-57.49698
-57.73263
-58.36150
-58.28568
-55.87467
-56.25752
-57.92525
-58.67438
-63.18816
-59.54463
-55.97320
-56.39557
-58.44450
-58.15355
-58.21592
-58.18269
-56.66524
-57.01334
-55.45047
-56.95747
-59.49949
-55.69732
-54.03962
-54.24253
-55.18276
-57.19010
-56.01985
-56.25175
-57.05213
-57.77056
-58.73716
-59.93982
-57.89086
-56.09153
-57.60230
-57.49251
-57.40210
-58.89371
-57.14226
-54.81358
-56.72876
-57.41982
-61.32980
-61.35137
-55.86341
-56.55823
-58.09147
-58.12839
-62.93833
-59.15950
-56.69666
-57.22162
-57.28679
-60.67611
-59.78836
-58.10069
-56.30075
-58.21489
-57.64688
-59.42101
-62.85020
-59.61543
-57.81624
-57.11720
-57.08319
-59.64020
-62.28740
-58.61615
-58.89261
-59.76268
-59.22810
-61.33427
-60.97181
-56.51165
-57.15492
-57.40572
-58.80477
-63.74800
-60.68271
-57.66210
-58.88769
-58.12452
-60.56586
-64.13721
-58.28339
-54.91218
-56.84555
-61.86266
-63.67480
-67.74577
-57.47927
-54.44362
-55.46144
-60.17328
-62.69680
-59.72710
-53.28235
-54.46580
-60.23982
-59.91824
-61.54580
-58.63866
-57.49755
-55.48458
-56.05832
-56.95025
-61.61497
-51.26259
-50.67150
-54.32444
-53.67389
-55.97312
-55.24851
-55.94396
-54.87252
-54.60724
-54.14003
-55.32770
-55.01695
-55.66684
-54.80609
-54.51936
-55.22428
-55.33709
-54.81433
-54.63613
-55.16336
-55.35299
-54.81239
-54.97345
-52.15998
-53.80545
-61.60259
-57.35695
-56.89685
-55.09163
-55.23330
-54.05589
-55.48762
-55.33732
-57.03860
-52.90901
-49.64901
-54.42995
-52.89509
-53.51016
-55.96626
-54.72484
-54.91257
-54.51243
-54.30999
-55.86313
-55.53189
-54.56864
-53.73537
-54.31913
-55.43408
-55.44571
-55.39057
-55.40104
-55.08678
-54.85405
-53.80611
-55.29728
-52.42579
-49.64984
-52.86073
-54.43246
-53.95513
-53.38291
-55.07687
-54.00151
-55.09695
-54.24348
-55.11923
-55.92228
-52.27315
-54.44218
-65.60475
-63.76862
-64.93286
-66.64870
-61.41808
-65.82500
-55.57877
-56.65437
-56.13333
-59.73862
-55.43396
-55.29002
-65.51768
-65.96816
-56.48959
-53.18384
-56.72312
-58.39608
-54.02099
-52.85097
-55.38955
-49.12961
-52.19104
-55.84244
-55.51270
-55.54181
-56.07690
-57.47780
-56.44632
-56.87078
-55.97841
-57.07258
-57.08891
-56.73802
-56.29635
-57.65797
-58.29466
-59.19034
-50.11971
-51.02922
-55.96805
-57.17180
-60.84177
-57.67531
-53.75419
-55.62614
-60.48631
-58.41945
-57.41246
-55.82033
-56.05108
-56.30755
-57.99668
-57.51382
-60.22100
-51.52902
-50.35300
-54.50326
-53.74396
-57.11837
-57.78856
-56.69295
-55.96224
-55.26110
-56.13208
-58.21191
-57.50983
-56.10464
-56.17704
-56.26080
-57.66337
-57.67178
-56.52117
-55.74664
-56.11973
-57.59264
-58.22615
-59.43716
-51.19517
-50.64693
-54.86003
-56.41721
-57.71863
-55.82311
-56.12188
-55.03314
-55.48208
-55.50509
-56.63201
-54.74177
-52.31219
-54.68225
-58.29730
-54.92515
-56.23678
-52.65538
-49.66280
-54.66530
-55.62690
-54.43822
-55.58624
-56.20105
-56.05998
-56.59868
-55.86398
-56.43502
-55.44298
-54.59665
-54.85696
-54.89639
-54.08705
-55.72410
-53.14407
-49.65332
-53.80501
-54.55502
-53.25877
-54.11488
-54.57896
-54.73929
-55.67372
-56.09554
-56.43407
-56.25370
-55.50112
-55.59313
-55.15554
-55.98935
-55.78610
-56.03414
-54.78802
-55.36622
-56.75196
-56.38480
-57.17469
-54.52209
-51.50552
-55.97799
-57.61696
-56.31788
-56.20754
-54.58385
-53.90786
-55.57264
-56.03831
-55.85730
-56.86603
-49.75692
-51.54368
-53.61837
-55.54291
-59.41032
-56.02049
-55.50745
-54.73274
-54.83877
-54.87924
-56.54680
-55.09076
-54.03803
-53.83946
-54.31190
-55.11986
-55.25264
-54.02583
-53.95571
-54.11677
-54.71634
-55.96093
-55.19945
-49.63815
-51.66125
-55.43397
-53.25566
-56.96589
-55.60183
-54.82556
-54.78407
-54.88322
-53.48562
-54.56042
-52.66614
-52.24304
-55.63558
-54.41965
-54.04852
-54.43877
-54.18088
-53.84529
-54.31901
-55.20963
-55.14642
-55.26924
-54.61968
-54.21736
-55.06637
-55.35107
-55.74437
-54.84757
-54.70635
-54.61135
-55.32703
-54.56093
-56.94570
-51.29834
-49.96651
-53.74457
-53.51156
-56.12258
-54.33872
-54.37239
-55.33632
-57.19448
-57.25904
-57.19795
-59.07476
-53.65191
-52.49733
-54.77032
-56.30624
-58.30143
-56.34515
-55.27189
-56.78274
-56.72696
-56.95579
-58.98436
-53.08491
-52.28471
-55.97172
-53.76439
-54.69959
-57.53635
-56.26003
-56.15313
-58.20889
-57.74315
-58.24622
-58.09183
-54.92254
-53.94175
-55.43664
-54.33897
-54.25353
-57.41023
-53.92290
-54.44565
-56.71338
-54.01267
-56.82791
-51.21754
-50.56925
-54.54641
-52.92451
-54.53324
-56.54785
-56.27874
-56.59261
-56.62902
-55.93153
-58.18905
-57.37926
-53.59961
-53.98604
-54.96058
-53.93872
-55.05147
-56.83405
-53.71579
-53.83517
-55.85965
-54.03991
-55.42761
-52.35715
-53.49085
-55.68209
-53.65379
-54.38057
-56.22280
-54.94991
-52.61436
-54.83980
-54.25560
-56.13769
-56.90522
-52.85371
-54.09933
-56.26737
-56.99340
-54.79440
-54.40233
-54.73862
-56.30041
-57.11313
-57.87111
-59.41479
-50.70978
-51.28795
-54.26490
-54.67044
-54.86498
-55.74309
-55.64441
-54.40203
-55.28735
-54.54079
-55.61425
-53.32851
-51.84611
-54.86975
-56.81195
-54.88958
-53.35747
-55.40712
-55.25762
-55.13660
-55.66132
-54.82176
-56.20243
-50.25941
-51.40788
-54.59514
-58.25067
-56.78219
-55.81340
-55.21936
-54.84315
-53.19519
-49.66561
-52.74015
-52.74432
-54.08591
-56.65627
-56.70153
-55.10818
-56.23874
-51.36594
-51.22575
-53.25681
-53.47837
-59.83068
-55.84620
-50.03808
-51.31302
-53.82527
-53.21829
-55.92484
-54.66173
-54.22899
-53.66287
-53.88960
-53.11726
-54.43804
-52.13535
-51.58618
-54.29971
-52.74690
-54.35589
-52.81202
-54.24376
-53.89166
-53.99619
-52.72365
-54.13107
-54.14800
-49.74993
-51.89380
-53.82781
-55.67588
-53.54066
-55.93959
-54.68248
-56.83736
-52.34632
-49.93472
-54.77204
-52.29514
-54.76996
-59.44741
-57.20961
-55.23675
-55.24757
-50.64372
-51.68666
-54.89122
-52.68355
-54.80864
-53.45152
-49.53900
-52.30497
-53.57496
-53.40084
-55.59398
-56.19234
-56.19022
-55.82158
-57.61366
-58.01774
-59.64280
-53.04003
-51.89566
-55.08530
-56.71747
-58.60903
-56.62394
-56.64321
-55.17218
-57.33232
-57.12271
-60.25004
-56.29717
-49.84031
-53.23851
-54.28751
-55.47691
-56.72052
-56.41252
-55.71197
-57.54785
-52.01685
-50.21482
-54.67765
-53.33443
-53.55239
-58.15257
-57.60772
-58.12809
-56.90644
-51.07135
-52.26834
-54.38616
-55.50408
-62.20843
-54.59762
-50.06284
-52.66421
-54.64078
-57.66646
-56.56638
-56.08548
-53.97522
-54.92046
-51.03567
-50.72275
-54.20442
-52.50004
-54.13052
-56.75277
-56.92838
-57.36280
-55.09792
-50.18306
-52.12184
-55.16738
-54.22193
-56.08390
-53.09939
-49.80246
-52.56905
-54.00744
-54.06127
-53.16895
-54.47750
-53.91900
-56.30610
-50.71569
-50.51868
-55.23318
-52.11624
-56.41595
-60.60300
-57.53131
-56.62236
-54.95667
-50.11392
-52.76998
-54.30217
-53.03080
-55.92002
-52.58809
-49.90850
-53.50718
-53.24531
-53.36438
-55.00568
-54.35725
-55.02940
-55.74564
-55.94890
-55.43171
-55.68562
-51.26197
-53.30104
-55.76860
-53.43041
-54.95254
-55.24791
-54.40383
-54.50737
-55.68077
-54.84456
-56.80886
-52.27203
-50.00049
-55.02565
-55.81868
-54.33696
-54.25963
-53.84186
-53.87473
-56.11471
-50.53339
-51.64128
-56.43513
-53.19593
-54.70323
-56.48390
-55.75783
-56.62291
-54.26958
-50.48221
-52.79891
-54.41964
-56.27890
-55.76003
-55.38269
-56.28845
-57.85014
-59.44055
-59.53618
-64.15449
-52.31716
-51.33825
-52.67024
-51.61346
-53.63564
-52.69999
-50.89761
-52.90965
-54.66193
-53.37589
-54.95058
-54.09659
-54.60312
-53.90701
-54.59898
-53.37038
-54.86644
-50.82695
-50.56687
-54.78991
-52.58612
-54.61782
-54.28254
-54.80406
-54.52828
-54.22637
-49.89477
-51.78908
-55.73711
-53.31533
-57.84105
-59.59966
-55.20949
-55.98572
-52.60118
-50.31158
-53.64900
-53.23181
-53.87183
-56.18140
-50.74248
-50.38853
-53.82001
-54.17421
-55.30551
-56.19649
-57.56977
-55.74884
-56.41972
-57.28219
-59.14024
-56.59512
-51.18773
-53.98812
-57.78573
-56.41455
-58.25199
-58.07650
-55.12665
-55.41376
-57.98450
-57.77018
-61.00151
-51.14131
-50.90006
-53.96237
-55.49141
-61.09838
-57.86272
-55.88607
-55.53714
-55.39110
-49.82516
-53.19692
-55.52711
-52.70236
-55.81361
-59.45065
-58.45065
-59.99263
-53.16174
-50.85979
-54.22436
-54.77674
-58.00700
-57.67542
-51.03140
-50.71144
-54.39560
-54.30331
-57.71302
-57.64038
-55.89316
-56.20979
-58.62737
-59.43393
-60.19341
-58.06924
-56.19991
-56.69484
-58.94688
-59.76680
-60.10441
-58.34694
-54.92971
-55.37888
-55.40383
-56.35623
-56.07458
-55.86246
-55.80686
-55.68114
-55.22919
-56.07309
-58.22263
-56.00731
-54.95725
-55.57857
-55.52598
-56.87002
-56.46676
-56.70238
-56.72536
-56.79616
-56.44830
-56.86469
-57.45367
-55.78239
-57.78286
-55.17772
-55.16157
-56.55141
-55.58457
-57.46171
-54.62090
-53.39624
-54.12550
-53.61247
-53.45174
-53.16320
-53.21755
-53.02148
-53.19574
-55.02782
-56.08228
-55.35103
-53.37117
-53.76578
-54.37050
-54.05197
-54.31092
-53.81832
-53.55191
-52.94212
-55.23393
-59.36530
-62.03087
-56.02611
-53.79127
-54.52196
-53.87523
-54.38291
-53.59153
-54.01629
-53.40484
-54.23520
-56.95952
-61.18649
-59.68732
-53.82978
-54.34485
-54.17757
-53.94564
-53.75936
-53.59470
-53.77258
-53.38327
-55.92462
-58.96861
-62.85001
-55.85407
-52.96284
-53.71280
-52.83636
-52.98902
-52.58272
-53.03550
-52.63252
-53.60189
-57.29717
-61.81949
-59.65439
-53.72929
-53.73677
-53.22067
-53.02079
-53.18826
-52.56071
-52.72218
-52.11696
-55.10820
-59.13678
-62.33856
-55.27336
-53.23209
-53.61923
-53.10205
-53.07726
-52.94891
-56.61957
-61.31955
-64.05767
-59.11277
-62.33135
-58.51446
-53.78450
-53.38529
-54.52989
-58.17668
-61.74599
-56.58262
-53.20825
-53.22676
-55.22956
-62.72598
-62.46838
-55.81493
-52.85084
-52.57775
-52.13592
-52.41196
-51.89029
-52.00696
-51.31726
-52.69126
-59.33097
-64.69877
-59.60242
-53.75144
-53.03496
-52.44360
-52.31241
-52.36302
-51.99477
-51.89536
-51.61380
-55.93726
-63.68780
-62.20862
-55.62237
-52.82229
-52.89057
-52.22112
-52.44664
-51.99676
-52.15389
-51.65206
-53.28944
-60.22493
-64.82490
-58.62426
-53.49700
-52.80279
-52.17194
-52.34887
-52.27519
-51.98340
-52.05486
-51.81153
-56.05955
-63.61977
-61.82880
-55.53579
-52.88194
-52.82556
-52.30355
-52.18444
-51.66582
-51.88797
-51.58674
-53.41269
-60.44240
-64.82384
-58.46212
-53.30664
-52.91535
-52.40393
-52.45592
-52.15332
-52.02444
-51.97104
-52.06685
-56.87616
-64.16604
-62.27769
-55.13401
-52.91774
-52.76791
-52.43127
-52.42696
-52.14099
-55.21013
-63.95678
-57.86765
-55.96483
-60.62884
-55.68571
-53.50956
-53.40268
-52.89791
-57.10110
-59.42907
-54.10130
-54.17222
-54.74940
-55.30393
-58.80656
-55.00790
-53.11596
-54.17288
-54.15775
-55.18041
-60.12641
-56.78039
-53.43904
-54.03263
-53.58519
-56.27479
-55.84138
-53.74236
-52.67574
-53.30894
-53.20278
-55.85568
-59.86621
-54.11092
-53.73872
-53.25386
-54.44536
-60.07166
-57.64934
-53.88003
-54.19488
-53.79440
-55.74167
-62.47097
-56.53141
-53.67007
-54.31757
-53.87830
-56.99118
-60.87327
-55.12790
-54.11226
-54.52784
-54.01943
-53.96016
-55.26291
-60.64697
-59.95585
-62.69686
-59.85717
-59.00660
-57.45918
-53.74706
-54.57422
-53.98115
-56.53102
-62.10036
-56.73654
-53.88416
-54.74524
-53.97356
-57.58606
-59.42057
-54.14527
-53.82380
-54.31760
-54.42190
-60.01532
-59.50559
-54.13691
-54.55638
-54.16304
-55.33028
-61.54199
-57.78892
-53.83085
-54.83912
-53.97223
-55.81043
-57.03710
-53.36377
-53.62626
-54.23598
-53.97554
-57.03686
-58.53854
-54.79884
-54.45703
-54.47791
-54.06936
-53.20120
-53.83648
-57.24860
-64.39205
-75.21121
-59.76657
-57.74524
-54.56122
-53.02954
-54.12156
-53.08180
-56.73883
-60.18495
-54.88682
-53.22230
-53.58988
-53.24030
-56.77094
-58.23879
-54.06172
-53.26113
-52.72853
-54.03774
-60.53065
-58.84559
-53.94171
-53.71178
-53.14949
-55.48101
-61.57954
-56.39731
-53.39123
-53.58390
-53.05791
-57.55849
-61.86532
-55.48356
-53.58387
-53.30679
-53.65590
-59.04068
-59.65172
-54.20275
-53.85065
-53.08758
-53.42256
-52.55725
-55.46488
-60.81855
-66.48136
-68.83623
-57.16513
-57.98103
-54.37158
-52.89104
-53.03705
-52.64147
-57.25367
-58.93582
-54.31412
-53.16554
-52.60230
-53.39034
-58.42904
-56.76058
-53.07175
-52.65353
-52.58885
-54.67100
-59.63069
-56.11681
-53.23103
-53.00533
-52.68395
-56.66716
-58.85085
-55.44036
-58.00465
-59.90938
-55.77667
-57.92612
-58.60606
-55.41554
-58.70693
-57.99583
-56.75539
-58.89623
-58.23818
-58.71467
-57.83791
-58.16555
-60.15453
-59.25527
-58.34995
-57.74824
-57.09217
-58.02592
-61.77914
-58.13659
-56.84193
-58.03211
-58.28706
-57.92283
-56.07407
-57.14146
-57.42712
-59.05074
-58.30663
-59.80967
-61.41161
-59.22565
-59.83949
-60.13774
-61.60808
-62.18632
-61.96755
-62.11243
-61.45485
-62.27020
-63.71190
-62.41830
-62.62937
-63.06241
-64.17274
-63.50632
-63.57113
-66.42233
-67.37899
-65.27671
-65.25177
-66.13620
-66.08135
-67.46790
-69.13995
-70.03302
-68.18997
-66.00774
-66.83462
-69.65663
-71.68635
-72.55715
-68.78795
-69.13069
-72.87612
-74.92676
-69.15648
-67.47111
-67.64332
-69.05004
-68.97536
-66.68060
-67.35270
-67.21965
-68.52778
-68.96486
-69.27439
-69.50910
-71.04836
-72.63576
-75.13534
-76.66366
-75.85628
-75.86440
-72.22247
-70.09330
-71.20921
-73.09943
-72.45607
-71.81780
-73.56558
-74.71596
-76.56370
-79.61818
-77.16412
-77.44305
-78.08630
-80.43358
-78.41225
-79.79455
-82.18128
-79.04496
-78.40530
-76.84059
-78.29622
-79.21210
-79.90235
-79.70694
-79.25872
-82.22810
-82.17672
-80.68210
-80.40498
-82.97572
-86.86510
-87.58777
-90.29015
-86.22658
-82.21067
-81.41365
-83.60828
-84.70470
-84.63302
-86.83593
-87.67324
-88.59114
-89.59212
-88.46431
-87.97490
-88.35080
-91.13080
-90.85110
-88.08037
-89.15096
-91.21010
-91.93311
-90.88236
-92.68451
-95.25522
-93.11884
-89.20897
-89.53971
-91.82308
-94.09858
-96.14649
-96.02001
-96.52648
-96.26732
-97.94447
-97.61049
-98.67866
-100.13520
-101.00577
-99.05103
-97.46377
-98.89654
-99.29097
-98.65025
-99.67186
-99.50111
-100.41859
-101.87607
-100.30549
-99.86041
-103.10063
-109.10435
-107.23999
-108.98086
-103.92054
-103.76186
-105.31732
-106.41437
-106.96378
-105.45039
-106.86920
-106.54132
-109.11327
-108.05418
-107.99318
-109.45573
-109.75622
-111.66966
-112.51370
-111.51667
-113.13568
-115.86065
-117.64903
-118.27087
-117.27636
-119.53006
-120.89623
-118.12696
-119.95167
-125.32648
-127.20825
-131.02368
-132.17219
-134.11805
-139.23518
-152.75128
-155.35812
