-70.64647
-61.50683
-77.83447
-86.55730
-99.10810
-113.04393
-106.15255
-101.62950
-98.40647
-95.38153
-91.92363
-88.41265
-62.17032
-66.05738
-92.51531
-80.85853
-85.38553
-84.22350
-83.96883
-83.25149
-82.14189
-80.40578
-77.25754
-67.65269
-62.01211
-78.44256
-91.23091
-89.24842
-88.63568
-72.00976
-65.27452
-65.41617
-66.10605
-72.28707
-76.81872
-68.23314
-63.92886
-66.05383
-65.80530
-79.59909
-71.71993
-69.20307
-63.00351
-69.09251
-63.89130
-71.80320
-54.35058
-47.49551
-53.35052
-53.73485
-55.90627
-55.10116
-55.20588
-55.54314
-56.00245
-56.46057
-56.86366
-56.42395
-57.20518
-53.77728
-52.32948
-54.99133
-55.83832
-52.39506
-47.00166
-50.04645
-58.24960
-55.96295
-61.65945
-50.16076
-48.21220
-54.52967
-54.17139
-55.79008
-56.09408
-48.77349
-47.54551
-54.60870
-57.57483
-58.86622
-57.87490
-57.14797
-53.75900
-52.13920
-55.22278
-55.73313
-55.15775
-56.16674
-55.88622
-57.88916
-56.36779
-61.15967
-49.90350
-48.13734
-54.87607
-53.64884
-56.61549
-54.77876
-55.82556
-56.36033
-56.82753
-57.38547
-58.23820
-57.46904
-57.29497
-53.11387
-52.49439
-55.03038
-55.93084
-51.82532
-47.08126
-51.22235
-57.93247
-56.52217
-60.66959
-49.27344
-48.89493
-55.12323
-53.93881
-56.26100
-54.98498
-48.71892
-48.44041
-55.73535
-57.08567
-58.53213
-57.33743
-57.67621
-52.85832
-52.96638
-55.18337
-56.41951
-50.84863
-47.93037
-53.94374
-52.59751
-54.25986
-55.13403
-54.78175
-54.88367
-54.87692
-55.67053
-56.63841
-57.10565
-46.38203
-50.07524
-60.46918
-57.34045
-60.92353
-58.29559
-58.68440
-54.49436
-54.73335
-52.48959
-58.45415
-48.89801
-46.20720
-54.58842
-55.26918
-57.76893
-58.17016
-48.92441
-47.44715
-52.85427
-52.25277
-55.07071
-53.95523
-47.39053
-49.87109
-54.51845
-56.41015
-56.63096
-57.77003
-55.25900
-53.07124
-52.46760
-53.42749
-55.29461
-53.63243
-52.86232
-53.85506
-54.62549
-55.66856
-57.32516
-47.92193
-48.98628
-54.13150
-53.97255
-57.27514
-52.92297
-47.40589
-49.96072
-55.89728
-56.32968
-57.85980
-56.93196
-56.69621
-52.31159
-53.40632
-55.51858
-56.54957
-49.84980
-47.39061
-53.90463
-57.41391
-57.79908
-57.62095
-47.83054
-50.71305
-55.03386
-54.34380
-56.38758
-53.98374
-56.10331
-56.58198
-57.72608
-57.75751
-58.02894
-57.16209
-56.21312
-52.21283
-53.73327
-55.64623
-56.12329
-48.94772
-49.02230
-54.78423
-52.45778
-55.56178
-54.38691
-54.78561
-54.11997
-55.84542
-54.99153
-58.19949
-52.86108
-45.99660
-54.12233
-59.23790
-58.49862
-60.28446
-59.28570
-56.93178
-54.34044
-54.26459
-53.28749
-57.57046
-46.89983
-47.80396
-56.90090
-55.27918
-59.31908
-55.49020
-47.78751
-48.58123
-53.39657
-52.09787
-56.91345
-51.29631
-47.40298
-51.41845
-55.31856
-56.25865
-56.72428
-57.68055
-54.48910
-52.86433
-52.37714
-54.38090
-55.11709
-53.27949
-52.72416
-54.30207
-54.35582
-57.43405
-54.32054
-48.91046
-51.91077
-53.91317
-54.71041
-56.86057
-50.78631
-47.36970
-51.89363
-56.04712
-57.10942
-57.43464
-56.47344
-54.74306
-52.08704
-54.08227
-56.12234
-54.85403
-56.10231
-56.18835
-57.52602
-56.89045
-59.21739
-54.38112
-49.51658
-54.06894
-53.55609
-55.65228
-55.05734
-55.20541
-56.67245
-56.76231
-57.54945
-57.80834
-57.33814
-57.70048
-55.07298
-52.18156
-54.57227
-56.14009
-54.43745
-47.85627
-50.88686
-54.29196
-52.92921
-55.92392
-54.22323
-55.17467
-54.04744
-56.09407
-54.57370
-59.57521
-49.43021
-46.82485
-58.97685
-57.65431
-60.48231
-59.27190
-59.83619
-55.16622
-54.55389
-53.06337
-54.97948
-54.43529
-45.90488
-50.22609
-56.32322
-55.57618
-60.14973
-52.56810
-47.19603
-50.35380
-53.31785
-52.52745
-57.18743
-49.24983
-48.00881
-52.95085
-55.65539
-56.62683
-57.27199
-57.11512
-53.80390
-52.77520
-52.63881
-55.18338
-54.33346
-53.25011
-53.01966
-54.69333
-54.54987
-58.90980
-51.19921
-47.26571
-52.66312
-53.91686
-55.38899
-55.85875
-49.04343
-47.84768
-53.89233
-56.05747
-57.73258
-56.91219
-57.71715
-53.89077
-52.39654
-54.81775
-56.41810
-52.89648
-47.35479
-49.96289
-57.91624
-56.09602
-61.03712
-50.64388
-48.11396
-54.70148
-53.76925
-55.94773
-54.49212
-54.90956
-56.58068
-56.67546
-57.46415
-57.82387
-57.24822
-57.76002
-53.72297
-52.74474
-54.87700
-57.14091
-51.91130
-47.88282
-52.40832
-53.61103
-52.72850
-57.77064
-48.89547
-47.17484
-54.27315
-54.95622
-55.95437
-58.38920
-47.27361
-48.70659
-61.20723
-57.24401
-60.57489
-58.76289
-59.13071
-54.40475
-54.85689
-52.66857
-57.20716
-50.69779
-45.74578
-53.17049
-55.89208
-56.76517
-59.54145
-50.27991
-47.04595
-52.14539
-52.78587
-54.11502
-55.49968
-48.09183
-49.35415
-53.90886
-56.02801
-56.53621
-57.79376
-56.36549
-53.39003
-52.51690
-53.08259
-55.40897
-53.75810
-52.89406
-53.52816
-55.05104
-54.87995
-58.84908
-48.85940
-48.31103
-54.35907
-53.98415
-56.53858
-54.81244
-55.53764
-55.61683
-56.29893
-56.94780
-57.48415
-57.20593
-56.88008
-53.03012
-53.00617
-55.72452
-56.18135
-50.88061
-47.06480
-52.52695
-57.66174
-57.20607
-60.07637
-48.61688
-49.75588
-55.37345
-54.05050
-56.53767
-54.04917
-47.77772
-49.05865
-56.57108
-57.53910
-58.38217
-57.57560
-56.75468
-52.84202
-52.76992
-56.27111
-55.00582
-55.83149
-56.15251
-56.74639
-57.64319
-57.36239
-58.92246
-48.31614
-50.14229
-55.17786
-53.96812
-56.66802
-53.57334
-47.76697
-49.31849
-57.08119
-57.16439
-58.59122
-57.23006
-56.72741
-52.35170
-53.40447
-55.51926
-55.68662
-50.06145
-47.24860
-53.75453
-57.23923
-57.97262
-58.12753
-47.95899
-50.59916
-55.01540
-54.12921
-56.72433
-53.29692
-47.88912
-50.01585
-57.26530
-57.38052
-58.45978
-57.49289
-56.87874
-52.38476
-53.96291
-55.83219
-56.03000
-49.79777
-47.58778
-54.49057
-56.79443
-58.58470
-56.96290
-47.71219
-51.19421
-55.27993
-54.16423
-57.26030
-52.54293
-47.26343
-50.37531
-57.77383
-57.60988
-59.16725
-57.20567
-56.54599
-52.00903
-53.94620
-55.82725
-55.95796
-48.96253
-47.67910
-55.30769
-57.21522
-59.36378
-56.24717
-47.60015
-51.73010
-54.82924
-54.43711
-56.79028
-53.82628
-57.43878
-56.34687
-59.00013
-56.71728
-61.21900
-50.39349
-49.01890
-55.07057
-53.60431
-56.63565
-54.97066
-48.86855
-47.86516
-56.41721
-56.60477
-60.49471
-54.72603
-47.37256
-51.04876
-54.84098
-52.85979
-57.64114
-50.76728
-46.60861
-53.56636
-54.48276
-57.25448
-56.64943
-58.19709
-56.55054
-54.52687
-53.54432
-53.56328
-56.24887
-46.19891
-48.76468
-56.84001
-55.02907
-59.49754
-54.34245
-47.48999
-49.43084
-53.55942
-52.52142
-56.75214
-50.92717
-48.03030
-52.24615
-55.08088
-56.18465
-56.65738
-57.31860
-54.07978
-53.20615
-52.33477
-54.97959
-54.08353
-47.77754
-50.25169
-53.68745
-47.27835
-50.55033
-55.30141
-48.07055
-50.88296
-48.25098
-51.04336
-50.91254
-52.45728
-65.86122
-63.52149
-65.24416
-65.06124
-66.74416
-54.64281
-60.02256
-66.34978
-67.94600
-67.98987
-65.69012
-53.23554
-52.31509
-51.10634
-50.50809
-52.88825
-52.54452
-62.71615
-79.53950
-57.97014
-57.11610
-85.31069
-55.18696
-48.19113
-51.50079
-52.47543
-59.14358
-68.52221
-55.39190
-59.97790
-64.84939
-67.38218
-85.79963
-68.16960
-57.73706
-55.60611
-54.10474
-52.03667
-57.16362
-52.59996
-48.18181
-50.77694
-49.59736
-53.13777
-51.60985
-54.29361
-65.46879
-66.92184
-66.44395
-66.93690
-64.80279
-54.45466
-62.46194
-67.36462
-72.64158
-78.82167
-70.92990
-52.83604
-51.55810
-50.77430
-50.58351
-51.47997
-52.78713
-63.30405
-66.16352
-56.35288
-58.22575
-70.88234
-52.34842
-47.47636
-48.71248
-51.13704
-52.32211
-50.73530
-53.33240
-60.43584
-67.91333
-71.10184
-84.01598
-65.54625
-53.64358
-52.66299
-51.88771
-51.04934
-53.46666
-50.72701
-47.65565
-49.41788
-51.41604
-55.73275
-53.69571
-56.45263
-67.70862
-67.15524
-64.97516
-71.61911
-67.73348
-52.69117
-53.76890
-53.09025
-53.53402
-53.53555
-53.40955
-52.32488
-52.54629
-51.16275
-51.45287
-52.81214
-54.01557
-64.05919
-64.07468
-55.33863
-59.85187
-75.60129
-50.39677
-48.30700
-49.86044
-52.99884
-58.24016
-51.73415
-55.08971
-61.39140
-66.85825
-70.78983
-78.98999
-61.94242
-52.24833
-52.55095
-51.36894
-51.93152
-53.11723
-51.94752
-47.62470
-50.19488
-53.16844
-51.11237
-52.76037
-56.91088
-65.58165
-66.67009
-62.93553
-64.53553
-59.24746
-50.42940
-50.57388
-50.42525
-50.49260
-50.38642
-51.06318
-51.21942
-50.97590
-49.51210
-50.02796
-51.11831
-53.93777
-71.34510
-60.42592
-56.70357
-59.41369
-68.93690
-48.64760
-48.47268
-50.42890
-47.68859
-53.20964
-50.97890
-55.44681
-70.47134
-77.42558
-74.46950
-81.27747
-60.90431
-52.66882
-52.52767
-50.70150
-51.19238
-53.65634
-49.04875
-47.53923
-50.05925
-51.12114
-55.95150
-53.29502
-58.98900
-65.12017
-68.36562
-75.22245
-74.71852
-60.30506
-50.80565
-51.53815
-50.91271
-51.41151
-50.99236
-52.29856
-53.29829
-53.61103
-50.94269
-52.35515
-54.01850
-56.38108
-66.28377
-61.59230
-55.02223
-63.10423
-62.87296
-48.97834
-47.56303
-50.07256
-52.57140
-52.19117
-51.40348
-56.30496
-65.33258
-63.71751
-63.66506
-66.35822
-55.67691
-51.20311
-51.90723
-50.66487
-51.47867
-51.97622
-48.36097
-47.28067
-48.24754
-48.66794
-50.81852
-52.57126
-55.56531
-56.30122
-55.25839
-55.58919
-55.93987
-52.81708
-51.23523
-51.73962
-50.61455
-50.61764
-50.48219
-51.50054
-51.82305
-51.52873
-50.50649
-51.37623
-51.68581
-56.69633
-71.70268
-60.87629
-55.50201
-67.36574
-59.58596
-47.54982
-49.50893
-48.12963
-48.93647
-53.09740
-51.52887
-57.26989
-66.49937
-66.85447
-67.28720
-80.56937
-55.65330
-51.76165
-51.78318
-50.41193
-51.71796
-52.25364
-48.30255
-48.58041
-50.58095
-50.02349
-53.62288
-52.59277
-51.83276
-51.49087
-50.84182
-50.76189
-50.69216
-50.43760
-52.59472
-53.34185
-53.05925
-53.23516
-53.25645
-52.62228
-52.43678
-52.56826
-51.23242
-52.54682
-52.78654
-58.07980
-71.76059
-58.66983
-55.42702
-66.60818
-58.04902
-47.27599
-48.16817
-50.57856
-50.54326
-51.65025
-50.59179
-52.54179
-52.72552
-52.59582
-52.72478
-52.78482
-52.92843
-53.16048
-52.46186
-51.50737
-53.53563
-52.73420
-48.38154
-48.12932
-46.71014
-49.07071
-52.05082
-53.30724
-64.45363
-63.98716
-68.71247
-66.38106
-67.98747
-52.89174
-51.17347
-51.92912
-51.71518
-51.94882
-51.65224
-51.53431
-52.59825
-51.38106
-50.41205
-51.83264
-52.61714
-59.39997
-64.13398
-57.02774
-56.60171
-78.15236
-54.73509
-46.73080
-48.70637
-55.37039
-54.79508
-50.85475
-52.11142
-59.33293
-65.31451
-63.14605
-73.44845
-75.42667
-53.76555
-51.85583
-51.36800
-50.47581
-52.03113
-51.41004
-48.25042
-49.01399
-51.37445
-50.63521
-52.38507
-55.00902
-63.35174
-62.26923
-69.25642
-95.67783
-79.46109
-53.31933
-50.79909
-51.41382
-50.84740
-51.03870
-51.36484
-52.78736
-53.03955
-51.88733
-51.03086
-53.09308
-53.45791
-63.12821
-68.18404
-56.64372
-56.42227
-85.57119
-52.79375
-46.39631
-48.34099
-49.82171
-51.36816
-50.69175
-50.71086
-52.53222
-52.64551
-52.42946
-52.61174
-52.41188
-53.19563
-53.01880
-52.26626
-51.52340
-54.11606
-51.06784
-48.62018
-48.32125
-46.78802
-50.77087
-62.04688
-56.41833
-51.77420
-52.94627
-51.99869
-52.38331
-51.64890
-51.46355
-52.60417
-52.60608
-52.68928
-52.69383
-52.42120
-51.23986
-52.34481
-50.39713
-50.89049
-52.06672
-53.71581
-60.82156
-63.48863
-54.64320
-58.80391
-74.85154
-50.74613
-45.63990
-46.01842
-49.61873
-51.50387
-50.33186
-50.78652
-51.71334
-51.91460
-51.73660
-52.01487
-51.87027
-51.92526
-52.17813
-50.58308
-50.84145
-52.77092
-50.58259
-46.90034
-53.35589
-59.91420
-51.80185
-51.46381
-55.88468
-61.41709
-62.23604
-63.51935
-69.22854
-61.28171
-51.29613
-52.20173
-51.96229
-52.20399
-52.13951
-51.98540
-51.64911
-52.20156
-50.34663
-51.13939
-51.81528
-53.99618
-61.53318
-59.61278
-54.08789
-59.99449
-72.34142
-48.47503
-48.97955
-49.17404
-49.01491
-49.86892
-49.32778
-49.76965
-50.08917
-50.25758
-50.15648
-50.46067
-50.53811
-51.27768
-51.24149
-50.58738
-50.60172
-53.07321
-48.19051
-48.06726
-48.20388
-47.21028
-53.53034
-62.50539
-52.59849
-51.10072
-51.05165
-49.79313
-51.94251
-51.61153
-51.75074
-52.28814
-50.61418
-50.67548
-52.73045
-51.17939
-51.63884
-52.01604
-51.81807
-51.88063
-51.74068
-54.44751
-61.51415
-59.15685
-53.99665
-63.62634
-65.01297
-51.72666
-50.89473
-50.08310
-49.58845
-51.19806
-50.37425
-51.27037
-51.55658
-51.64448
-51.58083
-51.70279
-51.81300
-52.17931
-52.11260
-50.88449
-51.82299
-52.69911
-52.48949
-52.65254
-52.35186
-50.88197
-53.02057
-54.61060
-53.62568
-53.03145
-53.67015
-53.29984
-53.85067
-54.46537
-51.88170
-51.98978
-50.76634
-51.23874
-52.06033
-53.30792
-54.92987
-53.35488
-52.12299
-53.32881
-56.06361
-51.13205
-49.94563
-50.47558
-49.29984
-52.77885
-55.10997
-53.87799
-51.68260
-51.75492
-51.65664
-53.67483
-52.31797
-48.64315
-52.43363
-53.90021
-59.74266
-61.83053
-61.76137
-60.98808
-58.14532
-58.50678
-58.52325
-63.09676
-49.19428
-48.04508
-50.54305
-49.57518
-54.21444
-54.32120
-52.42256
-51.59439
-51.50884
-51.23353
-51.64701
-51.13896
-49.10108
-50.46233
-49.62878
-55.03495
-55.53360
-52.69404
-51.37381
-50.60132
-50.98516
-50.54642
-51.39863
-47.87963
-47.84299
-48.71335
-56.38404
-56.51286
-53.65194
-52.58046
-50.35958
-50.68250
-50.09385
-51.44682
-49.89869
-48.64481
-49.92748
-53.94746
-52.74816
-53.87013
-53.28673
-51.20184
-50.93874
-50.79320
-50.76031
-51.08661
-47.91620
-48.02515
-51.34233
-49.71720
-54.12365
-54.21644
-52.06579
-51.16578
-51.40526
-51.33117
-51.61422
-50.38941
-48.84107
-50.74555
-49.14488
-54.50844
-55.24106
-52.45426
-50.93438
-50.61728
-50.59171
-50.76972
-51.01129
-47.41088
-48.20056
-48.59911
-55.96199
-56.95794
-53.76725
-52.77759
-51.25126
-51.73417
-51.09385
-52.18463
-49.89267
-48.61718
-49.68859
-55.08991
-53.86907
-53.47700
-53.95832
-52.23296
-53.12118
-52.19078
-52.92556
-51.63105
-47.98643
-48.12448
-48.03597
-49.43052
-52.02920
-51.76068
-50.81284
-50.09555
-50.71487
-49.95635
-50.91352
-49.45778
-49.62605
-49.80343
-48.82502
-51.23045
-51.74251
-51.20013
-50.25626
-50.01111
-49.87868
-49.89370
-50.35327
-47.65575
-49.84074
-50.65605
-48.63162
-50.61080
-51.42955
-51.71639
-51.53823
-52.21920
-51.23372
-52.46145
-49.46827
-48.81604
-50.26501
-47.94644
-50.15046
-51.69117
-50.57001
-49.82711
-49.59816
-49.80860
-49.47102
-49.74317
-48.00507
-48.78799
-49.19580
-50.80411
-51.59138
-52.18918
-55.44332
-53.16496
-54.74740
-57.06456
-58.27299
-49.36371
-48.72180
-50.63881
-49.69208
-50.90522
-51.37516
-51.44185
-49.60095
-49.55327
-49.06221
-49.38244
-49.63515
-47.46154
-48.44672
-49.76110
-50.90101
-50.81565
-51.96870
-54.27730
-54.21307
-55.38026
-54.80795
-56.40149
-49.51002
-49.21883
-50.43410
-49.90008
-51.27875
-50.92386
-48.34234
-49.70048
-54.33901
-54.90434
-54.50650
-52.45265
-53.18322
-52.67025
-52.84412
-52.57408
-52.87226
-51.97074
-50.58404
-49.84772
-49.78461
-49.59158
-50.15951
-49.50563
-48.94435
-48.23714
-48.31777
-50.67118
-51.85281
-51.42958
-50.07460
-50.24135
-49.95364
-50.57119
-49.33492
-47.65779
-51.78369
-54.67100
-51.61722
-51.55918
-51.53822
-51.42702
-51.04831
-51.06432
-50.94066
-51.47905
-48.90483
-50.96504
-54.51222
-49.93778
-50.32988
-50.71729
-50.95543
-51.02675
-51.20347
-51.06969
-51.45736
-51.00737
-48.14137
-50.83922
-51.31591
-51.13936
-55.38473
-52.60729
-51.46013
-50.76871
-50.86083
-50.69503
-51.32697
-49.66394
-50.71422
-50.25352
-50.27720
-56.79248
-53.39302
-52.05910
-50.70907
-51.38150
-50.63784
-51.65514
-49.42631
-49.03166
-49.27027
-50.75077
-58.23439
-54.23596
-53.88672
-50.93076
-51.57318
-50.88866
-51.84566
-50.85677
-49.27789
-48.67796
-52.05498
-56.97486
-54.06324
-51.77617
-47.94741
-49.08633
-49.03966
-50.31859
-52.00798
-53.07072
-52.89819
-52.93079
-52.79664
-52.85344
-52.64336
-52.17107
-51.06424
-50.45728
-50.26322
-50.28361
-50.41347
-48.93090
-50.60212
-49.82416
-51.40938
-52.78434
-51.91832
-51.71853
-50.85332
-51.20831
-50.56290
-52.08013
-48.64243
-47.70535
-50.29634
-48.54807
-49.89702
-51.71608
-51.50542
-50.73700
-50.69932
-50.44185
-50.94364
-50.78172
-48.62971
-49.41907
-48.08045
-48.27764
-51.80921
-51.17844
-49.44603
-49.25997
-48.81277
-48.30398
-49.62047
-47.97229
-47.60839
-49.45048
-49.78796
-51.08406
-50.67350
-55.39714
-55.40658
-53.59177
-54.65119
-58.34602
-52.85761
-48.70051
-50.67421
-49.77409
-50.59511
-51.11270
-51.54027
-50.59351
-49.81418
-50.17261
-49.45139
-50.80637
-48.23476
-47.37246
-49.47301
-50.51919
-52.38636
-51.63942
-53.77263
-53.89292
-54.35821
-53.36190
-55.25650
-51.70146
-48.96791
-50.40025
-49.51542
-50.31784
-51.11554
-49.40254
-48.18326
-51.16994
-52.08597
-53.32457
-52.94161
-52.86810
-52.87784
-52.92727
-52.89170
-52.94079
-52.33439
-50.58102
-49.93612
-50.22304
-49.96511
-50.26447
-50.11810
-49.08909
-49.05172
-47.87162
-49.67223
-51.65242
-51.81600
-50.61772
-50.44908
-50.50528
-50.46734
-50.84207
-48.18707
-49.62679
-54.48293
-50.78948
-50.21732
-50.94963
-51.27640
-51.47295
-51.50619
-51.32817
-52.20354
-50.88579
-49.16948
-52.52300
-49.39606
-49.34723
-50.91138
-51.58101
-51.65687
-51.21423
-51.37806
-51.29639
-52.03578
-47.87247
-48.48860
-52.28675
-51.45331
-52.98852
-53.87316
-52.06233
-51.69139
-51.75183
-51.36618
-51.93854
-50.16322
-49.15753
-51.63661
-49.58432
-53.26433
-55.22260
-52.78257
-52.11635
-52.03449
-52.10662
-52.26718
-51.74096
-47.40662
-49.19614
-48.99700
-53.47185
-56.71107
-53.85052
-52.47983
-50.76005
-51.56404
-50.81355
-52.32128
-49.63632
-49.57971
-49.95083
-54.15015
-55.90029
-53.40085
-53.18996
-51.42763
-52.19597
-51.08324
-52.04387
-50.53753
-47.47579
-48.57108
-52.75731
-52.84597
-53.82262
-54.05771
-51.77691
-51.59753
-51.59332
-51.70594
-51.84278
-49.84906
-49.19639
-51.84066
-50.18356
-53.22421
-54.91993
-52.47607
-51.65934
-51.67255
-51.19088
-51.59252
-50.58969
-47.14741
-49.36204
-48.32891
-53.11352
-57.18804
-53.23597
-52.52951
-51.57516
-52.33803
-51.57275
-52.54798
-48.86998
-49.19470
-49.09952
-53.49112
-56.89003
-53.17308
-52.49880
-50.58711
-51.53993
-50.60019
-52.09842
-49.98492
-47.24804
-48.26173
-53.13832
-54.29908
-53.57014
-53.79524
-51.73053
-52.06482
-51.80772
-52.09517
-51.76242
-48.88610
-48.79972
-52.10435
-50.26217
-52.93260
-53.96563
-52.06805
-51.85572
-51.50510
-51.43472
-52.24253
-49.88525
-46.88729
-49.78829
-48.31685
-52.97649
-56.46956
-52.64187
-52.46000
-51.65798
-51.80162
-51.42004
-51.87215
-48.61656
-49.66478
-48.99554
-53.45934
-57.85546
-53.72107
-53.12403
-51.08730
-52.35263
-51.38994
-52.96566
-49.48866
-46.89390
-50.99307
-54.89132
-56.11357
-54.20867
-51.37321
-50.83061
-50.97701
-51.28109
-51.20280
-51.59359
-48.37427
-49.30767
-52.94182
-53.45231
-54.40973
-52.26203
-51.35099
-50.58151
-51.21875
-50.29318
-51.72048
-49.02973
-46.77734
-46.89213
-49.16838
-55.41721
-53.73131
-52.74735
-51.20054
-50.87959
-50.60352
-51.01843
-51.76602
-53.12365
-52.75690
-52.79233
-52.52287
-52.74716
-50.88293
-47.88706
-50.40807
-49.88490
-51.12807
-54.97879
-54.13518
-54.43515
-54.63578
-54.65971
-54.66743
-55.13850
-52.28207
-50.99027
-51.57000
-51.26889
-51.25461
-51.23127
-48.78902
-50.41620
-51.13306
-50.25145
-55.25499
-53.06776
-51.59796
-50.88626
-51.20649
-50.98968
-52.23154
-48.40300
-47.57691
-49.14762
-48.89138
-56.91733
-54.82811
-53.18867
-51.61211
-52.28508
-51.64741
-52.57570
-51.10011
-48.71311
-49.33753
-49.86723
-57.52694
-54.90549
-53.11808
-51.35442
-51.47848
-51.26077
-51.24979
-51.89045
-48.24321
-47.15564
-49.86119
-54.44262
-53.13155
-53.92882
-52.48374
-51.66435
-51.93592
-51.84772
-52.20954
-51.08048
-48.42215
-50.37810
-51.76943
-50.53038
-54.83450
-53.15679
-51.85369
-51.50357
-51.99142
-51.37465
-52.39389
-47.66734
-47.89600
-49.43187
-49.11749
-56.63120
-54.09350
-53.19423
-51.80528
-52.24373
-51.25686
-52.26593
-50.39598
-48.84499
-49.39606
-49.83095
-56.40147
-56.45056
-49.34312
-47.93700
-48.60108
-48.38771
-51.02913
-52.73937
-53.82120
-53.22436
-53.44865
-53.33506
-53.86832
-52.93486
-51.41584
-51.35608
-51.42293
-51.04624
-51.71748
-50.55974
-48.99296
-53.14855
-57.78392
-59.60201
-53.81715
-51.77074
-51.38318
-51.03651
-51.38042
-51.19154
-51.83624
-47.78092
-47.33399
-47.49930
-48.49840
-52.52870
-52.08293
-51.45693
-50.77051
-51.05994
-50.70775
-51.73476
-50.45054
-48.70366
-48.06906
-48.73701
-53.90041
-53.70674
-51.03715
-50.92197
-50.52928
-50.94776
-51.20155
-51.14414
-48.24516
-48.58961
-53.22349
-51.63416
-50.92788
-51.98962
-50.88331
-51.10005
-50.78964
-50.79367
-51.30482
-50.21251
-48.63995
-48.64812
-53.17259
-54.11404
-51.48626
-51.21457
-50.71455
-50.86804
-50.93838
-50.37364
-51.32217
-47.29240
-49.14452
-51.52440
-50.20100
-54.06262
-53.17846
-52.74966
-51.51329
-51.99054
-51.28439
-52.42639
-50.07823
-50.33998
-49.36486
-50.31280
-53.17831
-50.86462
-52.68371
-51.37171
-52.07912
-50.95694
-51.52018
-49.81902
-48.67480
-55.31731
-53.97340
-52.07988
-51.29928
-54.53962
-67.70998
-70.26284
-70.75375
-71.49690
-70.29147
-61.06202
-66.32918
-74.34658
-72.95634
-86.76135
-61.45861
-46.78315
-47.31278
-51.97360
-50.72012
-52.54367
-49.21713
-49.63873
-59.76051
-86.36492
-71.04752
-74.65392
-49.95915
-49.09991
-67.79984
-70.69025
-85.32027
-70.78692
-61.76988
-66.05782
-76.33417
-75.18952
-92.75238
-66.53516
-57.12451
-55.19495
-55.43560
-55.18069
-55.88015
-50.73317
-50.01142
-51.14470
-50.52766
-51.64534
-50.27886
-56.09682
-68.52509
-75.20592
-76.29140
-83.50980
-69.88951
-61.94298
-66.46154
-88.40576
-71.11198
-72.36575
-56.63440
-45.47312
-50.27129
-53.00630
-51.32654
-52.81605
-48.88387
-50.45994
-62.23987
-92.83066
-73.63361
-80.98238
-48.11086
-48.09781
-53.64822
-50.60933
-52.49696
-51.06810
-58.73716
-64.43946
-72.03475
-64.57229
-71.93862
-54.86686
-46.62250
-52.98135
-51.68128
-52.17749
-51.94829
-51.52020
-51.68812
-51.39536
-51.77325
-51.19519
-51.97933
-47.49209
-51.11034
-73.67804
-71.17933
-78.61630
-65.89887
-62.19782
-67.45863
-82.85752
-70.39878
-73.55083
-52.81229
-45.84669
-52.79835
-52.36289
-52.20023
-52.34224
-48.76999
-51.07343
-67.20541
-75.67099
-99.99313
-69.31484
-47.86783
-52.05798
-74.23963
-73.38246
-86.51919
-66.79643
-61.22540
-71.98994
-73.08352
-96.40330
-78.78386
-75.10295
-67.07893
-74.29147
-75.83458
-88.35943
-80.04080
-48.98730
-51.76902
-54.63588
-51.70982
-53.78951
-51.43241
-47.44127
-52.58543
-88.75944
-69.63778
-73.71664
-61.61410
-52.14337
-51.15840
-51.60413
-51.11646
-51.57773
-48.43032
-47.25595
-49.48788
-51.27421
-51.18313
-51.51077
-47.94158
-52.11880
-70.53153
-72.83131
-85.23362
-67.59151
-53.99832
-52.25374
-52.88215
-52.19539
-52.95520
-52.95424
-62.98507
-67.54910
-104.26440
-70.28238
-73.51638
-50.44797
-46.86710
-53.02787
-51.17232
-52.10703
-50.63325
-49.19349
-49.02016
-49.89259
-50.91824
-50.79521
-51.21670
-61.42852
-70.72082
-78.18493
-71.72572
-76.77995
-54.37544
-49.16680
-62.19415
-71.24230
-81.08280
-79.78260
-55.51696
-51.11036
-52.15202
-51.64619
-52.58718
-51.35833
-48.09966
-53.75836
-71.63017
-72.44346
-91.22131
-71.69462
-69.22394
-68.33617
-81.47537
-70.97124
-76.10230
-53.13472
-49.58740
-63.36852
-70.80348
-80.50395
-75.14190
-60.53256
-55.99815
-55.78607
-55.76397
-56.05140
-54.25212
-48.30324
-48.95002
-51.99831
-52.24914
-51.63264
-52.56725
-64.04569
-69.97927
-79.06875
-72.32999
-78.15071
-52.38957
-49.88981
-65.52116
-70.16546
-84.36644
-73.90407
-55.92897
-51.13102
-52.50927
-51.47000
-52.52134
-50.61295
-48.21195
-55.25735
-76.25754
-71.79724
-80.60669
-60.88501
-52.21158
-52.13665
-52.34331
-51.78802
-52.63062
-49.47256
-50.83736
-64.23612
-66.64673
-73.14318
-73.16803
-54.10002
-51.31489
-51.80307
-51.14488
-51.68930
-50.18040
-48.89239
-48.79424
-50.73601
-50.58017
-51.44492
-48.98971
-47.96120
-60.94181
-73.56913
-80.40809
-83.04720
-51.31521
-50.69479
-73.55121
-67.14785
-71.69856
-60.94569
-48.71299
-53.10842
-52.91061
-51.82171
-53.38705
-50.14493
-48.70343
-57.19181
-88.48918
-69.86575
-71.62828
-52.06306
-48.21441
-62.97123
-72.84733
-86.83651
-76.31319
-50.68220
-51.49011
-72.94234
-69.39054
-76.48579
-62.17902
-47.93501
-53.06613
-87.45774
-68.87649
-71.42143
-55.48116
-47.34546
-57.81765
-52.26352
-47.57707
-63.21502
-50.51667
-48.72510
-66.35817
-49.31518
-49.46744
-68.29050
-48.34809
-51.42703
-63.91093
-47.26181
-53.31463
-60.07582
-47.10089
-54.66131
-54.30200
-46.60244
-57.97010
-53.70737
-47.42583
-63.16782
-51.55987
-47.83013
-65.98923
-50.28765
-49.17608
-60.47587
-48.13952
-50.06066
-65.28461
-62.38887
-64.72899
-64.39825
-73.20927
-80.13240
-69.92537
-62.15690
-62.52755
-61.24263
-59.55985
-58.15345
-61.42287
-57.93684
-53.35778
-54.87664
-54.49385
-54.95373
-52.50234
-51.77495
-52.29924
-53.09778
-54.41715
-54.18637
-55.28843
-54.15890
-54.28954
-54.90630
-56.00945
-57.08222
-56.14565
-56.93443
-56.43921
-56.40320
-58.28331
-56.84737
-55.75522
-55.86809
-57.22470
-58.34708
-57.81172
-57.91623
-57.52994
-57.42592
-58.07580
-60.23307
-60.17124
-58.43782
-57.56663
-59.84235
-61.71156
-60.95031
-58.19324
-57.39688
-58.51713
-60.84287
-62.90755
-61.29569
-61.90832
-61.98578
-61.74694
-59.72552
-59.91751
-59.98862
-58.54441
-56.66466
-56.79378
-57.87966
-59.14881
-59.81448
-58.33789
-57.26656
-57.55190
-59.87560
-60.73498
-63.37573
-62.81070
-62.21411
-63.77334
-61.13677
-61.13624
-60.66338
-59.44480
-59.11795
-61.31590
-64.78255
-66.51608
-68.06498
-64.43574
-65.78624
-65.50421
-68.95511
-67.87102
-62.22871
-60.07054
-60.92574
-65.68076
-66.84564
-62.66653
-59.52446
-59.66197
-60.65906
-63.81999
-63.77646
-64.07135
-62.80936
-62.76768
-64.36962
-65.10502
-64.20759
-61.60746
-59.22423
-59.69869
-63.13520
-67.03989
-65.95105
-59.33594
-59.20119
-61.04296
-67.19434
-71.69759
-65.41095
-63.47048
-63.74933
-65.59550
-68.68961
-68.24279
-61.57333
-59.11925
-60.14460
-64.34173
-71.86236
-69.26308
-60.78125
-58.75300
-59.93865
-63.76958
-73.67807
-66.21342
-59.81173
-59.10932
-61.76659
-68.24034
-71.51848
-63.67719
-59.45589
-59.58778
-62.50646
-69.23010
-69.49545
-64.36974
-62.67216
-63.84527
-64.82884
-67.81876
-68.13858
-61.21217
-59.62764
-61.37769
-65.24547
-72.08783
-65.32488
-59.67380
-59.23130
-61.52080
-68.80193
-73.71561
-66.79605
-63.84438
-63.95809
-64.50712
-64.21644
-63.79330
-60.96359
-59.32771
-59.69242
-62.02158
-67.53605
-66.28761
-63.82264
-65.09602
-66.04682
-64.74078
-67.93221
-66.31251
-60.79528
-60.35049
-62.71265
-68.53084
-69.89908
-62.33447
-59.55536
-60.03849
-61.47286
-65.42352
-64.28236
-59.75501
-58.55237
-60.14220
-59.86191
-60.46646
-58.52100
-56.04038
-56.59183
-57.28869
-59.60284
-59.24703
-58.45874
-58.84980
-59.25081
-60.15245
-63.02996
-63.54517
-57.89526
-56.01330
-56.03183
-57.83854
-59.30403
-58.85607
-58.54380
-58.12017
-59.77713
-62.24069
-64.07674
-61.44488
-57.37997
-57.07859
-57.91361
-58.72266
-59.66462
-58.18852
-57.91016
-58.59258
-60.64964
-63.38528
-62.94098
-58.10291
-56.30525
-57.06519
-58.22260
-58.92959
-59.13202
-60.30063
-58.30971
-58.93989
-61.52779
-63.01858
-58.90954
-56.55228
-57.28590
-57.04702
-58.09558
-57.34617
-57.55884
-57.95426
-58.33308
-60.97158
-63.61348
-63.29693
-56.63664
-54.28141
-54.65780
-56.59519
-58.57904
-58.28441
-58.71236
-58.45710
-60.34109
-62.55007
-62.55208
-59.19375
-56.30623
-56.11913
-56.76584
-58.59588
-58.63846
-57.60221
-58.22823
-59.35756
-61.44145
-65.90558
-62.72893
-57.43909
-57.12265
-58.56222
-58.88649
-59.41288
-59.19722
-58.69738
-58.58614
-57.72593
-59.98528
-63.57593
-58.39551
-55.85749
-56.32236
-56.90064
-58.99530
-58.36109
-59.04484
-59.90391
-60.21249
-61.91568
-63.90307
-61.50793
-56.88578
-56.47315
-57.19451
-58.78619
-59.99088
-58.63572
-57.59062
-58.59581
-59.87523
-64.73598
-65.42382
-59.18710
-58.00608
-59.07949
-60.31092
-63.12811
-61.31369
-60.02029
-59.23854
-59.79150
-64.02386
-64.41221
-62.18625
-58.96069
-59.83111
-59.88526
-62.00679
-65.66583
-62.46758
-59.59034
-58.97916
-59.99387
-63.25703
-65.83529
-62.08201
-61.38171
-62.23044
-62.51139
-64.72457
-63.89234
-59.59558
-59.63180
-60.16165
-62.42296
-67.75030
-64.03167
-59.15344
-58.96062
-59.49022
-63.26048
-66.18072
-61.03565
-55.26304
-56.30613
-61.20184
-61.19882
-67.65515
-58.71117
-53.88310
-53.98179
-60.01006
-60.92920
-58.34700
-52.71569
-53.72788
-60.74152
-59.95154
-63.05018
-60.30905
-61.40916
-55.05853
-55.04426
-56.05967
-64.71240
-52.62432
-47.79309
-49.72940
-50.85720
-52.86519
-50.75351
-52.29059
-51.76986
-51.85821
-51.66145
-51.61051
-51.77398
-51.94444
-51.68722
-51.55895
-51.86422
-51.68799
-51.83394
-51.63374
-51.94055
-51.08925
-51.58982
-50.91974
-53.04720
-59.11021
-60.06862
-53.64918
-51.88282
-51.28365
-51.65466
-51.54807
-51.42384
-51.64505
-51.66420
-51.44219
-47.64537
-49.63559
-48.74795
-48.84886
-52.50576
-51.35093
-51.80114
-51.07717
-51.36939
-51.44051
-51.66366
-51.80898
-51.62099
-51.46544
-51.73378
-51.59943
-51.64252
-51.74309
-51.67729
-51.81346
-51.51727
-51.81917
-51.14083
-47.91288
-47.56030
-51.54806
-50.54699
-50.58027
-52.17654
-51.29584
-52.09260
-51.09043
-52.29876
-52.31389
-54.54648
-59.25883
-67.88147
-67.55805
-68.00638
-71.62078
-65.53042
-71.04301
-57.16227
-58.07276
-57.37528
-61.21258
-56.59695
-54.93835
-65.76489
-71.86334
-56.43228
-51.98096
-58.25458
-64.40825
-53.46976
-51.68330
-60.32704
-49.54190
-48.20721
-53.38377
-56.27073
-54.56740
-54.34325
-55.81407
-54.78354
-55.39052
-54.62431
-55.62643
-54.61691
-55.70343
-54.58881
-56.00468
-54.31045
-56.76852
-49.86029
-48.05622
-51.69202
-53.88951
-59.63221
-54.54976
-56.26802
-60.48718
-62.00248
-56.25316
-55.07381
-54.68119
-55.04575
-54.65231
-55.41123
-54.44867
-55.97232
-51.56084
-47.78492
-49.90929
-48.90095
-53.12106
-55.92071
-54.37727
-54.73171
-53.99268
-54.69946
-54.45589
-54.83879
-54.55227
-54.25394
-54.34219
-54.81035
-54.60341
-54.65361
-54.63126
-54.30831
-54.64082
-54.49985
-55.45657
-51.01766
-47.64962
-49.92317
-54.40560
-53.51207
-52.57534
-53.64552
-52.90804
-53.22816
-53.06355
-53.43970
-53.09757
-55.94587
-59.68890
-59.07966
-55.07027
-55.18100
-53.41046
-47.53110
-49.92875
-52.07839
-50.24455
-51.70118
-52.36032
-52.11613
-52.08234
-52.06686
-52.00890
-52.04904
-52.21831
-52.36878
-52.35626
-52.19608
-51.94927
-52.29037
-48.00781
-49.67747
-52.37619
-49.21805
-51.28182
-52.50362
-52.56403
-52.66131
-52.68657
-52.47756
-52.57056
-52.77029
-52.77612
-52.47597
-52.59876
-52.38067
-52.63466
-52.65206
-52.43346
-52.40293
-52.63481
-52.40608
-52.90830
-55.64677
-59.89822
-56.07208
-52.72341
-52.77782
-52.46298
-52.74445
-52.37497
-52.76860
-51.86664
-53.52579
-49.04871
-48.02865
-48.82375
-51.99970
-56.52185
-52.26250
-52.63249
-52.16327
-52.72578
-52.04251
-52.61945
-52.20351
-51.55790
-51.17370
-51.53259
-51.46054
-51.62430
-51.30121
-51.54568
-51.18469
-51.69655
-51.10585
-51.97557
-48.83847
-47.98562
-51.92197
-48.94807
-52.10528
-52.05424
-51.43473
-51.68036
-51.23326
-51.63079
-51.06860
-52.41237
-56.49404
-59.09502
-53.57241
-51.59691
-51.28279
-51.51301
-51.32659
-51.48286
-51.32311
-51.47802
-51.49189
-51.97178
-51.31249
-51.50178
-51.31457
-51.56691
-51.25435
-51.79064
-51.63275
-52.05947
-51.83821
-53.09375
-50.76463
-47.20442
-49.18208
-49.19818
-53.08407
-56.00605
-54.45633
-55.43399
-54.97093
-54.93866
-54.65787
-55.17918
-52.92668
-52.43549
-53.94854
-54.96340
-56.30762
-55.61658
-55.38318
-55.09268
-55.27523
-54.47242
-55.70757
-52.78096
-50.66828
-51.81948
-50.22728
-54.65819
-57.85747
-55.46994
-55.85922
-55.56764
-54.97304
-55.03939
-55.03716
-52.87015
-52.56591
-54.15745
-54.14637
-54.86162
-55.28144
-53.09724
-52.53420
-54.44285
-53.83814
-55.92721
-50.81479
-47.37370
-49.29526
-49.29488
-54.37962
-57.11210
-55.60606
-55.66023
-54.68654
-54.92404
-54.74994
-54.84444
-52.45972
-52.53062
-53.34618
-54.15723
-55.55230
-55.28537
-52.90373
-52.78316
-54.26866
-53.96509
-55.27602
-52.05637
-51.43935
-50.86146
-48.93857
-51.12424
-53.25848
-53.31759
-51.93360
-53.26123
-53.87680
-55.12116
-54.56983
-52.55648
-54.02033
-53.18774
-54.32337
-54.91005
-55.28904
-54.99218
-55.21504
-55.52651
-54.62169
-56.98206
-50.50386
-48.07020
-50.37584
-51.06309
-50.24053
-52.21370
-52.93514
-52.25928
-52.60206
-52.48410
-52.26314
-52.67975
-51.15583
-51.91947
-56.62355
-51.42350
-50.53385
-52.74241
-52.66085
-52.69696
-52.57944
-51.99143
-53.26390
-49.51215
-47.41228
-49.35046
-55.17239
-52.68543
-51.74064
-52.97441
-52.30517
-52.53373
-47.82259
-47.44149
-49.35202
-56.52387
-58.60341
-55.26818
-51.66025
-53.20551
-50.46162
-48.58434
-47.99250
-48.82462
-55.25245
-53.73947
-49.11006
-47.73704
-50.19356
-49.73314
-52.41596
-51.33345
-51.53186
-51.19260
-51.36943
-51.01197
-51.45339
-51.42230
-51.05922
-51.47719
-49.66599
-52.61245
-50.73271
-51.81367
-51.49766
-51.49589
-51.18385
-50.94951
-51.63096
-48.86151
-47.28173
-49.15178
-52.28129
-49.25285
-51.55441
-51.02277
-51.80396
-50.80389
-47.79697
-48.91549
-49.05188
-57.03087
-58.30240
-53.56599
-51.07315
-51.78322
-49.91873
-48.59174
-51.59594
-49.06105
-51.45885
-52.78043
-48.27029
-48.52490
-48.86342
-50.47635
-55.20833
-55.36353
-55.35845
-54.92174
-54.91832
-54.85761
-55.49501
-52.87245
-50.67390
-51.53913
-55.35105
-56.02881
-53.54969
-55.73853
-54.80484
-55.03951
-55.03165
-55.04562
-54.93515
-48.51873
-48.93237
-49.78534
-50.40042
-55.10839
-55.23384
-54.66026
-55.86619
-51.98333
-47.40625
-49.26630
-53.65534
-56.66395
-60.62424
-57.75243
-54.75976
-55.55032
-50.06105
-48.73169
-49.26235
-51.89859
-59.76018
-53.19068
-48.76864
-47.90008
-51.26662
-55.14078
-52.60796
-53.55437
-52.50452
-53.34085
-50.74010
-47.79749
-48.85799
-51.34578
-56.74427
-57.46507
-55.33790
-53.26619
-53.44721
-49.13531
-48.43391
-51.09092
-51.16508
-52.82731
-52.16322
-48.08220
-48.18002
-51.45827
-50.75260
-50.05100
-52.74216
-51.66696
-53.09176
-49.60644
-47.53938
-49.62398
-51.10112
-58.76191
-58.64808
-54.33263
-52.25552
-52.47328
-48.89687
-48.90801
-50.00929
-48.76137
-50.64163
-51.46645
-47.89873
-49.28943
-50.55324
-50.34319
-53.64761
-51.73957
-52.39280
-51.83725
-52.19331
-51.65870
-52.68414
-51.10791
-51.66633
-52.76331
-48.64148
-50.35156
-52.04196
-52.21687
-51.66605
-51.75496
-51.58716
-51.74167
-51.54991
-47.83514
-50.64598
-52.26714
-48.96466
-50.58552
-52.35194
-52.02912
-52.71781
-49.83643
-47.75188
-51.78297
-54.77877
-56.98032
-56.91569
-52.85763
-51.95105
-51.79649
-49.15120
-48.42134
-52.84035
-54.06530
-51.14655
-51.50963
-54.01390
-57.48517
-63.54016
-59.48969
-67.09082
-53.11685
-47.99977
-49.17978
-49.27586
-51.06250
-51.45585
-51.60864
-50.70942
-51.54142
-49.74384
-51.56616
-51.43401
-51.52877
-51.05958
-51.50240
-50.88083
-51.34617
-50.10159
-47.89230
-50.70993
-48.88109
-52.22069
-51.36458
-51.32187
-51.19051
-51.72098
-48.85536
-47.29176
-51.52430
-54.33581
-60.72917
-56.74031
-51.57355
-51.26484
-50.77674
-48.65854
-49.41358
-48.88577
-49.01085
-53.45592
-50.26946
-48.08056
-50.55785
-53.61222
-57.36799
-55.06125
-54.99571
-55.10770
-54.81655
-55.08262
-54.82213
-54.65534
-51.19534
-51.18214
-54.18847
-52.07196
-53.03085
-55.04351
-55.03673
-54.36218
-55.40173
-54.11854
-56.54267
-50.85610
-48.05211
-49.13524
-50.76874
-58.38908
-54.90550
-54.97949
-54.72280
-54.87943
-48.49775
-48.12934
-51.70805
-54.11216
-59.91843
-60.11874
-55.50146
-55.46145
-52.57172
-48.64211
-49.42527
-52.62841
-55.01633
-54.11266
-50.76827
-47.59665
-49.01131
-49.16204
-51.78592
-54.40184
-54.93668
-54.67143
-54.64770
-54.84759
-54.69576
-54.88181
-54.94093
-55.23174
-54.45210
-54.97394
-54.45892
-54.84523
-54.65070
-55.73223
-56.19560
-57.51549
-57.81973
-58.33038
-58.76054
-59.35019
-59.28931
-60.07986
-61.92411
-60.22642
-59.79114
-60.42315
-60.54876
-61.69408
-61.92263
-61.91610
-62.35220
-62.11009
-62.11461
-61.96413
-63.13197
-60.90746
-63.88283
-58.19188
-57.38330
-62.91629
-59.18275
-63.62452
-54.37341
-49.67940
-50.56202
-49.70282
-49.75700
-49.09978
-49.32894
-48.97719
-49.06836
-54.21251
-61.03820
-58.80195
-50.69568
-49.80283
-50.09713
-49.36787
-49.62940
-48.85232
-49.43149
-48.23079
-51.32363
-60.70111
-68.78839
-54.28094
-49.11716
-50.09093
-49.09310
-49.49646
-48.83841
-49.05997
-48.61017
-49.07204
-55.46357
-67.05267
-61.18359
-50.23304
-49.50971
-49.68825
-49.03412
-49.14113
-48.64660
-49.01379
-48.09784
-51.87848
-60.92993
-68.08548
-54.00132
-48.84561
-49.45677
-48.46355
-48.64067
-48.25340
-48.35608
-47.65844
-48.45094
-56.27613
-68.50234
-60.13499
-49.99712
-48.97019
-49.08328
-48.48443
-48.79509
-47.86859
-48.27614
-47.14568
-51.79328
-62.20527
-68.51839
-53.28975
-48.80617
-49.17873
-48.39742
-48.58195
-48.13846
-55.08139
-65.79191
-66.25756
-61.08321
-69.54382
-58.52389
-50.00051
-48.77189
-50.64394
-59.10912
-69.29201
-54.94659
-49.10299
-48.73828
-51.98255
-64.91662
-65.63543
-53.32908
-48.61987
-48.56600
-47.84639
-48.06917
-47.65874
-47.77286
-46.94058
-48.29914
-58.73977
-70.46545
-59.70708
-49.87608
-48.66762
-48.24889
-47.95019
-47.92486
-47.42779
-47.47080
-46.90086
-52.66290
-67.55136
-65.98994
-53.14549
-48.56931
-48.73190
-47.85456
-48.13114
-47.49069
-47.61689
-46.86722
-48.79469
-59.81592
-71.29265
-58.09589
-49.48272
-48.58927
-48.07232
-47.85312
-47.78152
-47.39208
-47.46315
-46.96896
-53.27895
-67.86846
-64.95610
-52.49845
-48.42291
-48.59060
-47.69625
-48.06290
-47.47222
-47.65582
-46.82131
-49.17258
-60.83356
-71.36379
-57.42884
-49.29058
-48.71885
-48.17914
-48.03368
-47.80614
-47.45277
-47.37097
-47.16843
-54.31714
-69.02807
-64.50473
-51.71414
-48.52461
-48.44407
-47.88171
-48.05408
-47.66465
-53.95926
-70.11711
-57.61133
-56.22214
-67.70858
-54.46527
-49.33698
-48.91731
-49.34184
-58.66060
-64.09839
-51.78427
-49.84183
-49.61671
-51.79570
-63.93335
-57.88079
-50.64058
-49.59794
-49.52682
-53.20890
-68.61344
-56.26653
-49.86703
-49.57060
-49.70023
-56.03980
-62.37600
-52.72067
-49.49379
-49.62179
-50.56381
-58.92486
-64.14893
-51.37128
-49.55977
-49.51634
-51.85895
-66.03131
-58.76422
-50.24769
-49.40068
-49.53738
-53.88033
-73.62080
-55.42873
-49.68444
-49.41484
-49.82625
-56.86141
-68.91510
-52.99741
-49.56723
-49.65419
-49.25964
-49.12459
-51.13176
-63.87187
-64.07629
-70.13321
-62.31979
-63.78750
-58.59754
-49.82741
-49.79300
-49.39743
-54.94092
-70.85430
-54.80880
-49.40463
-49.49815
-49.96548
-58.23501
-66.03514
-51.89998
-49.37264
-49.30835
-51.01010
-63.44914
-61.89314
-50.52425
-49.41426
-49.38232
-52.67712
-70.19743
-57.28556
-49.81965
-49.56301
-49.63738
-55.22376
-64.88812
-53.10988
-49.66721
-49.44909
-50.42385
-58.67461
-64.08085
-51.93977
-49.53377
-49.58618
-49.35709
-49.07946
-52.23025
-62.43751
-66.44609
-108.51843
-61.76659
-63.50244
-55.96979
-49.63045
-49.21507
-48.89810
-56.20958
-67.05857
-53.51585
-49.41993
-48.83206
-50.00686
-59.55758
-62.56506
-51.46998
-49.15417
-48.81878
-51.51897
-65.99426
-59.68676
-50.39802
-49.07437
-48.98058
-53.84201
-71.28857
-55.60485
-49.44830
-48.81205
-49.28268
-57.20929
-70.58485
-52.97724
-49.32548
-48.71109
-50.23392
-61.63475
-62.97846
-51.12791
-49.16607
-48.85068
-48.66295
-48.40975
-53.16517
-66.33217
-69.13312
-77.52098
-59.68308
-63.14642
-54.54776
-49.36955
-48.73115
-49.34499
-58.80159
-63.78652
-52.75657
-49.21722
-48.33773
-50.64011
-63.15649
-59.78242
-51.08919
-48.90958
-48.43608
-52.82880
-67.39934
-56.84734
-50.03015
-48.59836
-48.70814
-56.50545
-65.06690
-56.07550
-59.51813
-64.74887
-56.29146
-60.12334
-63.55084
-55.39799
-61.87666
-61.32484
-56.66830
-62.03092
-61.88606
-62.50300
-61.81781
-61.66433
-63.10055
-62.39830
-61.35385
-58.32072
-56.06592
-56.82361
-61.53376
-55.07445
-52.98705
-54.00074
-54.17910
-53.77271
-51.73591
-52.52021
-52.86726
-54.39051
-53.57024
-54.94281
-56.74069
-54.43457
-54.85540
-55.18000
-56.55850
-57.07238
-56.80770
-57.06690
-56.32395
-57.21149
-58.47787
-57.35396
-57.61204
-57.81536
-59.00596
-58.36507
-58.52026
-61.40589
-62.15403
-60.01596
-60.07289
-61.39858
-61.02415
-62.19500
-63.89694
-65.17493
-63.26526
-60.79787
-61.65401
-64.65777
-67.69879
-68.78440
-63.97207
-63.76661
-67.79264
-71.42018
-64.32585
-62.23438
-62.34457
-63.65080
-63.83719
-61.41538
-62.15698
-62.01123
-63.41254
-63.89323
-64.27112
-64.15619
-65.96373
-68.09824
-70.44495
-73.44309
-72.13035
-71.33254
-67.16235
-64.79143
-65.81980
-67.80907
-67.20300
-66.43273
-68.53202
-70.69479
-73.27266
-77.04806
-72.50101
-72.52025
-73.50996
-77.21717
-75.22678
-75.66246
-77.90924
-73.98723
-73.73207
-71.87132
-73.07789
-74.28614
-75.16280
-74.98681
-74.24795
-77.55468
-78.05605
-76.59083
-76.18448
-79.01223
-84.54716
-85.72696
-89.00944
-82.36362
-77.11590
-76.14042
-78.93669
-79.84891
-79.60130
-82.11972
-82.84257
-84.15540
-85.11935
-84.40865
-83.78011
-83.65926
-86.81365
-87.15833
-84.20636
-85.38657
-87.30294
-87.55841
-85.78115
-88.09886
-91.16531
-88.31270
-84.02930
-84.21559
-86.51036
-88.90181
-91.23903
-91.28367
-92.54117
-91.66882
-93.55152
-93.02522
-94.18703
-96.37664
-97.51267
-95.36417
-93.12954
-93.95477
-94.14816
-93.83571
-95.11161
-94.76514
-95.42499
-97.13720
-95.69927
-95.32292
-99.04923
-107.73684
-104.70685
-107.71451
-100.14969
-99.21259
-100.85695
-102.24876
-103.47758
-101.17039
-102.63588
-102.06335
-104.42222
-103.02932
-103.06678
-104.42773
-104.92282
-106.92433
-107.86414
-108.06323
-109.39296
-112.03169
-114.65927
-114.09564
-112.48220
-114.75205
-115.77404
-112.99809
-114.49875
-120.76402
-123.21905
-126.48473
-127.81407
-129.03248
-135.46795
-155.27329
-156.73227
