-127.37971
-114.75962
-108.87045
-116.97943
-107.16474
-130.77000
-104.50553
-120.22519
-102.02916
-111.81664
-101.40196
-110.26069
-99.88911
-113.67043
-94.81154
-108.41015
-96.24421
-110.43495
-96.88277
-112.76942
-95.68315
-109.47307
-93.49722
-80.32306
-80.50402
-81.76486
-90.56669
-63.30830
-64.74842
-74.66827
-74.80824
-75.70753
-72.00229
-76.33409
-77.20786
-80.58334
-78.14395
-82.57263
-80.90657
-82.25195
-84.64426
-85.41569
-86.10079
-86.38025
-84.53242
-86.03485
-96.39829
-81.15345
-80.22627
-91.07979
-84.84923
-86.08286
-88.37698
-87.07594
-92.57696
-89.47246
-88.65070
-88.72723
-95.77517
-87.02762
-85.37031
-79.67582
-81.04601
-83.29020
-83.62928
-81.98749
-85.26190
-85.05254
-82.82086
-86.64382
-91.71845
-88.50974
-88.83906
-88.17047
-81.74447
-85.11669
-85.36085
-86.23278
-87.06090
-84.79762
-80.17984
-82.53624
-87.09321
-84.70523
-83.72168
-87.54140
-81.70212
-85.72897
-80.50022
-74.32030
-78.43802
-88.52905
-90.16920
-96.27236
-84.32362
-83.55591
-81.97263
-78.98449
-81.20053
-83.56989
-80.58117
-83.84507
-85.51843
-86.40122
-88.91434
-85.87409
-91.93257
-85.16895
-91.33900
-64.42238
-66.92157
-87.82597
-80.20979
-96.06233
-81.87318
-92.46789
-81.61172
-90.68998
-86.88901
-86.32367
-80.60918
-86.63282
-85.39510
-88.18466
-83.11456
-85.88493
-82.16397
-82.90887
-81.30053
-85.41597
-80.66328
-84.06616
-80.28526
-83.07399
-82.28792
-81.77636
-76.91703
-64.48019
-75.19911
-89.72008
-80.49673
-81.20904
-80.20548
-82.96944
-81.85299
-86.74178
-78.81608
-80.25052
-79.80009
-81.72028
-80.42405
-84.06867
-86.89282
-83.40528
-84.05579
-78.91170
-76.26080
-80.74877
-82.49705
-82.29962
-79.38114
-82.09704
-82.95896
-80.43674
-82.92076
-82.65397
-79.96725
-77.45536
-75.64623
-82.25320
-78.76285
-79.45218
-79.19291
-78.62357
-77.59354
-77.12293
-78.50314
-77.18021
-80.21452
-77.76316
-77.88938
-77.45517
-75.45781
-76.35093
-75.11976
-73.51979
-74.91755
-73.34723
-73.45506
-71.69451
-72.91435
-71.60723
-71.86739
-71.25827
-68.92307
-70.41590
-70.52709
-67.02350
-67.40500
-65.96828
-65.85682
-62.48260
-63.81460
-59.97768
-59.98057
-60.82519
-59.03949
-58.55701
-54.65902
-57.62721
-57.33819
-56.46919
-53.68927
-54.45388
-51.83301
-54.12434
-54.66676
-52.41426
-54.75049
-53.81118
-51.99343
-50.93360
-54.58706
-51.10807
-54.53543
-53.57315
-52.65090
-52.99650
-52.30189
-51.96954
-52.07795
-52.76735
-49.74448
-50.28238
-52.73115
-52.29576
-52.48081
-51.65652
-50.23035
-54.82004
-52.95626
-51.57825
-50.85183
-53.62033
-51.48014
-52.71458
-54.19382
-50.99386
-53.48286
-52.42811
-52.32056
-51.91085
-51.18300
-51.46918
-53.25835
-53.38146
-54.82037
-52.84892
-53.89580
-56.15966
-53.71297
-53.44535
-51.13084
-51.95181
-50.41687
-50.31755
-60.75703
-67.26777
-67.48249
-67.61128
-69.00151
-73.86886
-70.35218
-72.63255
-71.14505
-74.25116
-73.09819
-75.29883
-74.64452
-75.43533
-74.29934
-76.18879
-74.68977
-75.56841
-74.66581
-76.48448
-76.64312
-76.09815
-74.98824
-74.21224
-77.61951
-75.74688
-69.78210
-71.43056
-76.00574
-73.88595
-76.23222
-70.87371
-71.08481
-73.93945
-72.14838
-73.25796
-73.02714
-72.59381
-72.91151
-71.44968
-70.43720
-68.97916
-70.99306
-69.89129
-69.54776
-71.36424
-70.61774
-70.30743
-68.01864
-65.57615
-65.34638
-67.51445
-66.03793
-64.80007
-66.93229
-67.05939
-67.98381
-68.72475
-69.24837
-69.48526
-68.70433
-71.39065
-69.85947
-68.52286
-69.28007
-68.57942
-71.12937
-71.76180
-67.26773
-65.29487
-66.21323
-69.36291
-67.40755
-68.65889
-70.11248
-68.22587
-66.89506
-67.29702
-68.09102
-64.69843
-65.66770
-67.04056
-67.17688
-67.90361
-67.66794
-67.36541
-68.85362
-69.69818
-70.32954
-69.35526
-68.18517
-68.24416
-66.96626
-67.27741
-68.33667
-67.93199
-68.35642
-66.49798
-65.79459
-66.32032
-65.18090
-65.86952
-67.56193
-67.30825
-66.89078
-67.32624
-65.42408
-68.19179
-66.07236
-65.12898
-65.12033
-64.09517
-64.93846
-66.75424
-66.29315
-65.47224
-66.98071
-64.79117
-66.82606
-67.30657
-66.08718
-65.86060
-66.83689
-68.29641
-68.23182
-67.31666
-69.30298
-65.87845
-64.72687
-66.56091
-65.45788
-65.96977
-66.80194
-65.79783
-67.46190
-67.76493
-65.10164
-68.92820
-67.85287
-65.63667
-66.21045
-68.52742
-68.70326
-68.61076
-67.55247
-65.80738
-65.13324
-65.04231
-65.30793
-63.81446
-65.74066
-66.67928
-66.10424
-65.30945
-63.34250
-63.38448
-61.68870
-60.81854
-62.90386
-62.90739
-63.80958
-64.20000
-62.47454
-62.79707
-62.99005
-62.91526
-63.51221
-63.00559
-62.25250
-64.38068
-63.71467
-64.61929
-66.85861
-63.55542
-63.30840
-66.89927
-67.51473
-62.39914
-62.17787
-62.62267
-62.42838
-61.18690
-60.22205
-62.41863
-63.69698
-64.26225
-62.39651
-62.28457
-64.47071
-65.51631
-65.13130
-65.75727
-66.17283
-64.57452
-65.15731
-66.11568
-66.20315
-67.45797
-68.37467
-66.25887
-65.79753
-65.55658
-65.45272
-62.22599
-61.26955
-64.38342
-64.24088
-65.20618
-66.00438
-63.83754
-63.04279
-64.51017
-64.11410
-63.53407
-66.54693
-66.12555
-64.91844
-64.42415
-67.10041
-61.93893
-61.36032
-66.13025
-64.46543
-65.60932
-63.14267
-67.27724
-64.55451
-64.20915
-64.38376
-63.24322
-64.41972
-64.06194
-64.23694
-59.80192
-63.13396
-61.63561
-61.15092
-63.65606
-61.12693
-60.32074
-61.37185
-63.76939
-62.69025
-62.55512
-62.10062
-60.27379
-61.69611
-60.85338
-58.10655
-56.67467
-56.85395
-59.12582
-60.11758
-63.18047
-63.65064
-62.16104
-61.28325
-63.18869
-64.30931
-62.69803
-61.77884
-62.20149
-62.05779
-61.41252
-58.54258
-55.51878
-59.39212
-57.46815
-60.40784
-59.15519
-57.66104
-61.82254
-58.65566
-60.77323
-58.98530
-61.24360
-63.18621
-61.85324
-60.90922
-62.08581
-60.51926
-56.46071
-54.43444
-58.33131
-61.53482
-59.97003
-58.08790
-60.44875
-60.40499
-61.50594
-62.13077
-52.38842
-55.20816
-54.40988
-54.53733
-60.25338
-48.34061
-46.74630
-51.62266
-52.61829
-57.62622
-56.88536
-56.30799
-55.92046
-55.15702
-55.27375
-56.81248
-58.52574
-56.58076
-59.87307
-57.75468
-57.98196
-55.31596
-55.83270
-55.60016
-54.74620
-57.57561
-57.67122
-58.91824
-60.22812
-60.37663
-60.31175
-58.07965
-58.20447
-56.86317
-57.44254
-54.29708
-53.99892
-51.14937
-52.61224
-54.75941
-56.66224
-51.11286
-46.65883
-54.71327
-57.41437
-60.15426
-51.57840
-51.68806
-56.22339
-52.83248
-54.39079
-55.29903
-52.98119
-50.39207
-52.75321
-55.44593
-57.23244
-54.77649
-54.82310
-58.52069
-59.28911
-58.26583
-56.69090
-55.38833
-56.90782
-58.26874
-57.97391
-54.04861
-54.33156
-52.22493
-53.60684
-54.15676
-53.14910
-59.85604
-56.60458
-57.95299
-59.11090
-59.47552
-60.03338
-59.22232
-59.53380
-59.13961
-58.39447
-49.71950
-48.69960
-51.86157
-52.16777
-54.05995
-51.53855
-50.93208
-50.46296
-50.22303
-50.62839
-51.08899
-51.50381
-50.48099
-50.54681
-51.34674
-50.12337
-45.90290
-49.13045
-51.81102
-50.13429
-50.03853
-50.82633
-53.87761
-55.17699
-55.53215
-53.92026
-54.02836
-54.60454
-57.79011
-54.37115
-55.83711
-47.80591
-46.32390
-51.24291
-51.16816
-52.70340
-52.50602
-51.58690
-51.74312
-53.01613
-52.43467
-52.99724
-53.02994
-55.43629
-56.70972
-54.92955
-52.38905
-51.04839
-50.83274
-53.33332
-57.74521
-55.32525
-55.76857
-58.53198
-56.73375
-57.18355
-60.54978
-60.42598
-57.66780
-54.84552
-60.46484
-49.06431
-45.04148
-49.29918
-50.56424
-51.44297
-53.52132
-55.12727
-57.17500
-56.23101
-57.12233
-56.88958
-58.46647
-59.48478
-60.94621
-59.01957
-50.92605
-46.04653
-46.02092
-47.51313
-52.42645
-53.22486
-54.11963
-55.96086
-54.03576
-56.89421
-61.29876
-60.12931
-55.45653
-63.49534
-53.66001
-59.81590
-46.68631
-43.64224
-48.90939
-52.72204
-54.13285
-57.64681
-55.33370
-56.76285
-55.34212
-56.72001
-57.90311
-59.80999
-62.41345
-55.67467
-62.27251
-50.88319
-50.39296
-48.57237
-52.88281
-54.27229
-57.62375
-52.52253
-64.91478
-54.12108
-71.26617
-53.31605
-101.35965
-52.36851
-73.10971
-50.37506
-70.72693
-35.00547
-22.03022
-23.47683
-27.99087
-34.76937
-44.08918
-42.63128
-45.78495
-45.46351
-53.46735
-49.62081
-63.10865
-52.72473
-68.53446
-49.97670
-47.33568
-48.10974
-53.47122
-53.83175
-54.61235
-55.39762
-56.88181
-56.50993
-57.48926
-58.18934
-57.52739
-59.88114
-56.30231
-58.35039
-56.48384
-48.08368
-45.26146
-50.11669
-51.48905
-54.91883
-54.31879
-58.90582
-55.73689
-59.46755
-59.10402
-59.31695
-58.05692
-61.60371
-63.38133
-60.24170
-53.04641
-46.91949
-48.59336
-50.65083
-57.96678
-53.75520
-62.41729
-52.21172
-83.91106
-52.17850
-86.47711
-51.63614
-74.50445
-50.30573
-67.79167
-35.86477
-22.42021
-24.17100
-31.50598
-41.69327
-53.40666
-52.61231
-60.67707
-53.66382
-62.31811
-54.98064
-67.68882
-55.08315
-64.50902
-57.07553
-73.09693
-58.80980
-63.52901
-58.57867
-60.34100
-58.48236
-62.28668
-58.43314
-58.98500
-60.64505
-62.30599
-62.80089
-61.55864
-66.47931
-64.00878
-67.16782
-63.96785
-67.26391
-63.95956
-66.43888
-62.23286
-64.15127
-61.37763
-64.52689
-62.40223
-65.70328
-65.67840
-67.41856
-66.63707
-68.26208
-65.14303
-66.08214
-66.99830
-66.40708
-66.74007
-65.05547
-65.70579
-65.69284
-65.49139
-64.87604
-64.71116
-63.10421
-64.23955
-63.83266
-64.62533
-63.50330
-63.99289
-64.35045
-64.99312
-63.42938
-66.03405
-64.69240
-64.07204
-65.25204
-66.06605
-66.32787
-65.03058
-66.73806
-67.96066
-69.65229
-66.11019
-63.83367
-66.03790
-65.77679
-65.34198
-66.36131
-65.64110
-66.47439
-66.00088
-66.83413
-66.73046
-68.46429
-69.45756
-67.69097
-66.00782
-65.52774
-65.71203
-67.21671
-66.93643
-65.76373
-66.89754
-67.06254
-68.97176
-65.84050
-66.03711
-66.62858
-66.61387
-67.56889
-68.10129
-70.22504
-69.35548
-70.87004
-70.52886
-66.62644
-65.61287
-67.20409
-66.48745
-65.34655
-64.90125
-64.03877
-63.83324
-63.00838
-62.30559
-62.33439
-60.70979
-59.14821
-59.15508
-59.38378
-59.60990
-60.60352
-61.36747
-62.34946
-64.33311
-65.09628
-64.32354
-65.64639
-65.44909
-65.78208
-67.64198
-66.96452
-66.88987
-66.76933
-64.19384
-62.83825
-65.37944
-65.18363
-61.36222
-60.23076
-60.05041
-59.69724
-59.85069
-57.20402
-55.79937
-55.79006
-56.08498
-56.70061
-55.67858
-56.03521
-55.52567
-55.81521
-58.50632
-58.93262
-60.32742
-60.66447
-62.01718
-63.44198
-63.45582
-63.15933
-62.98113
-65.42101
-63.51626
-63.54808
-64.06425
-63.93226
-65.39355
-66.44566
-65.81341
-65.12208
-66.19716
-64.87241
-63.56423
-61.63158
-59.59604
-58.95637
-57.90176
-58.16867
-59.86897
-59.36895
-59.75565
-61.47611
-61.35872
-62.95134
-63.50671
-65.29079
-64.54718
-66.84311
-66.89744
-64.26883
-67.63488
-67.64501
-66.44501
-66.08311
-66.98658
-65.43857
-66.23804
-61.00851
-61.79146
-60.43209
-58.06049
-60.33781
-60.93377
-64.40961
-66.23126
-68.52017
-69.51794
-67.95160
-67.46343
-68.67118
-69.27089
-69.71581
-66.56252
-66.01752
-66.04517
-63.99443
-64.96580
-66.13657
-67.94767
-67.90520
-71.98507
-70.81508
-68.77014
-69.15742
-67.92340
-67.67501
-67.85991
-69.10838
-71.04040
-70.27316
-67.90208
-69.49321
-69.91381
-69.12543
-67.18203
-66.72600
-68.05319
-69.96059
-68.30259
-69.12912
-69.38599
-70.98110
-71.33857
-69.56390
-69.10897
-70.47240
-72.67987
-70.81901
-68.38212
-67.38083
-65.71962
-67.22736
-67.05296
-67.22166
-68.45029
-68.58836
-68.10684
-67.00400
-69.09660
-66.73524
-67.09964
-66.57063
-68.30030
-66.80938
-68.54174
-66.35495
-70.67046
-67.36276
-74.37729
-66.80135
-68.15596
-67.39188
-69.32582
-65.64066
-69.89678
-69.44403
-67.37777
-68.75469
-67.03896
-70.80843
-64.78528
-73.50301
-64.77128
-69.14923
-59.91637
-64.58928
-59.87828
-66.75876
-58.72250
-66.75147
-57.97026
-64.68671
-58.21212
-60.58229
-59.27375
-61.60506
-59.66370
-59.79619
-57.85460
-51.30621
-46.96596
-49.12204
-50.11551
-47.13743
-45.76788
-44.25239
-44.10244
-23.73342
-22.00594
-24.01762
-26.27167
-34.16063
-45.49852
-51.10383
-47.81946
-52.96385
-50.95325
-49.69981
-55.94034
-39.03126
-21.05716
-23.57131
-28.09720
-39.55652
-29.97968
-21.55963
-26.04528
-28.68632
-44.10532
-24.50534
-21.60899
-26.25330
-36.71489
-33.35773
-22.25939
-21.08183
-25.36129
-32.83991
-41.04868
-50.56737
-46.91521
-49.51434
-47.18911
-49.45157
-45.72027
-48.59130
-46.90833
-48.44710
-47.19285
-50.36096
-48.02531
-55.91341
-48.45981
-54.71901
-50.87707
-63.96740
-51.19456
-54.90414
-49.72275
-50.80771
-50.31444
-53.68113
-48.22365
-48.52932
-47.46248
-46.40076
-46.78635
-42.16261
-50.12756
-39.88246
-61.25469
-22.61723
-19.63634
-20.89764
-21.03520
-20.21027
-20.80336
-20.96683
-18.28063
-22.38638
-26.67334
-35.67964
-43.34032
-47.20209
-51.62640
-53.06749
-54.04803
-49.73618
-55.20252
-51.28705
-58.81307
-51.15578
-61.99898
-53.05367
-63.79365
-53.68840
-63.09660
-54.86618
-66.91412
-55.73952
-59.40817
-54.43122
-61.64770
-58.05040
-60.47664
-57.13572
-57.17127
-57.86490
-58.21998
-59.69334
-57.47979
-59.28421
-57.89064
-64.23389
-62.50990
-69.33990
-61.58640
-65.38071
-62.51273
-66.79836
-61.51519
-66.71646
-62.94460
-64.82422
-61.98842
-64.00437
-62.14135
-61.92681
-61.10327
-60.91269
-60.60512
-60.87411
-63.38475
-62.40955
-64.56475
-62.60418
-61.36885
-60.90470
-61.83161
-60.26005
-60.42301
-58.22246
-57.63833
-56.30162
-57.52983
-59.59100
-61.76904
-58.32510
-54.42247
-55.34361
-54.32716
-54.21649
-54.98257
-55.74753
-56.54872
-54.98204
-54.79475
-54.58474
-54.98224
-55.74578
-56.04129
-56.40150
-56.09889
-55.88530
-55.70075
-56.14314
-56.57327
-57.01712
-57.93713
-58.98892
-58.94362
-58.07479
-58.24308
-57.95878
-57.42388
-57.98202
-58.96077
-58.98106
-58.30959
-58.22388
-58.80217
-59.09851
-58.98820
-59.72983
-60.14195
-59.29400
-59.14590
-60.40372
-60.86070
-60.95924
-61.84322
-62.34465
-61.95775
-61.97533
-61.74006
-60.78480
-59.65148
-60.29697
-62.54115
-64.39725
-67.27578
-66.33970
-64.22813
-63.82598
-63.96972
-64.56603
-65.97191
-66.47191
-65.39168
-63.29357
-64.25466
-63.78052
-63.45535
-63.21987
-60.08669
-58.93554
-56.48836
-56.23411
-56.65832
-57.55688
-58.11813
-58.60605
-60.73372
-61.04746
-62.05276
-61.06761
-61.27475
-61.19233
-60.68891
-61.36853
-61.55684
-61.40321
-60.01767
-58.82988
-58.60130
-58.55289
-58.95554
-57.67819
-57.13091
-57.19657
-56.55308
-56.61575
-57.31063
-58.23184
-58.56036
-59.30853
-58.59139
-59.10151
-56.76963
-55.67015
-56.12077
-54.67090
-54.96982
-54.83366
-54.85633
-54.84380
-53.88270
-54.31443
-54.22399
-54.14475
-56.09680
-56.04299
-56.10436
-55.97965
-55.85243
-56.19637
-55.66682
-55.85250
-55.95171
-56.20967
-56.42990
-56.72069
-56.75451
-56.71499
-56.40695
-56.39915
-56.05862
-56.32117
-56.36318
-56.61797
-56.39855
-58.16216
-62.25128
-64.48820
-64.43955
-61.19366
-60.50216
-59.89455
-59.76962
-60.46170
-63.06950
-61.21203
-59.25370
-58.18826
-58.24930
-59.82991
-60.54761
-60.67382
-61.85059
-64.59007
-62.19246
-59.94192
-60.68365
-60.21471
-58.80542
-59.49369
-60.78835
-62.34791
-60.48256
-60.79867
-60.52977
-60.03897
-59.11232
-59.94032
-57.13090
-55.15794
-56.27114
-54.70525
-54.45416
-54.16274
-54.33168
-55.18771
-58.30800
-60.41793
-62.12880
-62.89952
-57.89612
-54.65896
-54.38539
-53.40626
-54.01079
-55.66113
-55.13331
-56.37194
-53.89930
-52.78374
-52.25983
-52.19119
-52.98982
-53.15390
-53.77493
-53.35861
-53.07543
-53.27066
-53.53901
-53.63337
-53.56098
-53.79649
-55.19224
-55.48100
-55.50524
-52.13088
-51.49342
-55.13018
-55.65252
-55.60436
-55.67649
-54.31571
-53.49350
-54.68692
-55.10486
-54.34884
-55.10559
-56.28265
-56.36807
-56.69100
-56.33587
-55.74604
-55.84931
-56.08350
-56.49590
-57.28017
-57.25110
-57.31573
-58.09605
-58.87671
-58.73004
-58.58230
-58.65200
-58.12984
-59.11744
-58.63735
-59.21407
-59.77498
-60.03140
-60.35341
-60.31844
-60.39216
-59.17026
-59.01837
-60.27131
-61.76740
-60.68636
-61.57859
-59.05123
-54.03149
-53.80449
-55.25303
-55.88873
-55.69947
-55.35554
-56.19722
-56.65572
-57.65910
-58.47652
-60.02734
-58.92374
-57.71613
-58.33102
-58.94272
-59.08056
-59.07631
-60.38130
-59.88270
-60.29532
-59.41565
-54.18435
-50.89243
-51.21650
-54.20403
-54.73706
-55.22837
-56.26929
-53.94631
-54.86609
-56.54543
-56.19843
-53.66705
-53.59982
-56.66233
-55.68748
-54.75461
-55.97551
-55.55228
-54.21912
-53.86646
-53.46035
-54.21814
-55.04264
-55.38320
-56.02142
-56.04566
-57.04678
-57.96690
-56.66728
-55.30491
-55.55110
-56.48137
-56.04194
-56.35763
-57.52467
-58.04627
-57.48638
-57.62538
-58.11486
-58.12129
-58.28875
-57.82687
-57.08157
-57.54555
-58.85349
-59.57743
-59.11816
-57.24181
-56.97445
-57.64170
-58.60885
-58.37569
-58.32727
-58.74905
-59.10037
-59.58843
-58.51829
-58.98435
-60.24132
-60.95905
-61.20617
-61.15620
-62.12348
-62.97126
-63.83057
-63.44894
-61.59653
-60.18298
-58.91744
-58.32557
-57.94018
-58.86306
-60.25388
-61.13436
-61.83714
-64.05683
-63.44696
-62.69923
-62.83513
-60.71141
-61.59212
-60.41911
-60.23352
-61.14003
-61.10723
-60.58861
-61.43515
-63.85239
-64.78573
-66.32028
-65.02826
-59.40253
-58.32272
-59.40345
-58.29325
-58.87372
-58.26111
-59.18608
-59.57530
-58.93357
-58.58808
-57.67508
-57.94509
-57.91886
-58.54584
-59.26751
-59.51208
-59.75955
-59.30949
-59.26763
-59.29198
-58.95389
-59.46429
-60.39850
-59.54723
-58.28758
-58.87974
-59.07150
-58.89069
-59.34602
-60.34367
-60.35067
-59.87948
-59.79148
-60.30933
-60.83714
-60.72727
-61.27666
-61.07114
-60.83011
-61.22185
-61.40403
-61.35923
-60.87377
-60.59653
-61.37335
-61.86124
-61.84852
-60.11925
-57.67695
-57.53093
-58.35159
-59.24891
-60.88329
-62.29318
-61.42826
-60.13898
-59.53547
-59.59331
-60.57667
-60.91549
-61.51739
-61.62213
-62.18688
-62.23425
-62.03703
-62.48184
-63.93864
-62.95835
-59.59440
-61.14639
-60.97362
-60.10690
-60.43654
-59.99888
-61.47217
-63.20322
-63.83171
-62.74492
-63.35978
-59.85859
-60.93710
-61.71241
-59.96641
-60.55756
-58.59863
-59.02786
-60.30235
-62.18141
-62.18833
-65.22071
-58.56181
-52.57275
-52.00751
-50.89570
-52.55630
-54.32257
-53.25761
-55.52123
-54.71106
-55.20654
-56.08928
-55.72230
-55.49441
-56.33174
-58.83474
-57.59558
-59.04557
-60.55695
-60.80064
-58.60211
-58.13873
-58.31430
-59.22337
-61.23110
-60.84233
-60.57658
-60.10009
-59.92420
-59.11046
-58.57098
-58.32089
-57.88744
-57.33665
-58.07432
-59.17283
-61.01023
-60.55188
-59.35265
-60.08020
-60.97450
-62.16350
-62.31659
-61.75827
-60.70092
-59.61396
-60.05836
-61.18817
-61.30684
-59.01076
-57.04852
-57.42347
-58.36678
-60.02178
-62.56346
-63.41632
-60.19849
-57.99580
-58.53481
-60.55965
-61.59588
-60.98260
-61.36733
-62.33169
-65.69695
-68.09321
-66.16171
-65.08263
-61.89195
-61.35220
-61.98494
-62.53734
-62.42432
-60.63018
-61.75391
-62.95456
-64.02201
-66.56976
-66.47172
-63.69368
-64.91373
-65.14497
-63.91344
-63.85946
-63.61592
-63.47027
-64.14744
-66.58708
-68.05208
-69.11317
-68.76515
-67.80513
-65.29943
-64.60196
-62.49820
-62.81056
-65.25727
-65.55282
-65.31126
-65.60991
-66.00340
-65.81857
-66.04962
-66.63648
-66.80171
-66.75356
-66.74900
-66.74587
-67.30737
-67.26909
-68.12493
-69.40458
-71.45911
-70.79232
-65.71125
-62.03307
-63.04777
-61.69376
-61.31399
-62.62783
-61.63435
-61.28593
-60.53674
-60.16255
-59.98243
-60.51261
-61.79925
-62.98160
-64.10720
-64.01501
-64.41501
-64.83343
-64.02921
-63.54260
-63.15407
-63.45946
-63.25752
-64.07639
-62.95982
-62.60266
-58.67163
-58.32019
-61.94848
-62.93870
-65.50083
-65.31412
-65.43911
-66.23331
-67.70231
-67.95549
-69.08881
-70.10249
-71.66149
-71.94857
-71.69092
-72.56750
-73.57997
-74.87061
-75.99983
-77.57489
-78.62757
-81.96028
-82.51907
-85.43536
-85.48745
-91.03514
-87.52630
-90.61262
-94.37600
-94.58481
-96.84555
-96.32699
-96.94080
-103.16056
-102.70951
-102.07206
-101.29314
-96.69308
-96.48624
-94.67263
-93.56641
-90.00274
-92.23250
-96.50677
-96.06416
-98.88885
-94.60263
-96.93960
-96.01789
-100.18617
-104.90991
-101.18205
-102.98341
-99.00533
-102.01568
-98.62085
-101.13689
-95.38507
-99.53180
-104.60945
-105.16826
-95.99516
-112.31655
-93.18659
-94.35197
-93.64155
-99.71493
-100.86949
-108.67224
-97.21730
-100.34268
-94.00045
-104.09677
-100.73144
-101.29821
-100.93167
-96.63860
-98.55044
-94.81991
-123.64805
-93.88514
-115.82361
-93.78461
-104.05316
-92.35632
-101.89696
-91.74849
-96.92904
-90.71279
-98.40301
-91.29807
-98.03465
-93.35525
-97.47981
-93.40320
-98.70684
-85.48271
-80.80348
-91.36380
-82.24575
-87.32520
-74.09798
-66.20885
-61.30775
-62.49431
-64.39582
-59.35955
-51.51795
-55.93099
-55.23443
-52.86345
-51.61664
-54.31385
-57.08298
-52.83718
-55.60252
-52.78176
-56.08911
-56.34708
-56.53967
-54.69991
-55.76834
-58.76477
-60.40359
-56.23236
-56.10311
-55.27637
-51.66076
-54.28190
-59.25220
-57.45820
-54.61020
-56.63681
-57.22924
-58.98174
-59.43763
-59.95769
-59.16622
-63.08129
-60.24628
-55.93501
-54.70446
-59.24712
-60.62487
-62.21127
-56.90934
-57.73476
-61.35602
-60.17761
-63.54938
-59.51664
-66.68266
-64.67123
-61.24133
-62.09006
-65.25861
-64.85220
-63.34286
-62.77518
-57.57766
-57.81952
-55.01654
-51.42853
-57.83211
-62.06540
-61.30546
-61.22358
-61.85212
-64.50853
-63.46437
-62.38313
-62.40576
-57.63289
-63.38463
-61.22679
-50.75288
-55.87737
-59.01974
-58.73616
-62.41142
-61.79559
-65.21971
-64.30862
-70.54980
-59.09979
-51.51881
-51.72364
-53.14277
-58.59595
-64.83059
-62.41222
-64.41338
-65.25770
-65.51466
-64.98926
-64.20074
-66.00844
-67.18422
-67.58943
-70.25581
-68.16480
-69.01588
-60.08670
-59.43445
-59.18949
-53.95455
-51.66899
-55.17208
-59.69964
-55.71403
-52.95036
-54.93336
-56.08605
-53.76521
-57.18482
-57.82932
-54.86681
-52.96758
-54.82619
-57.89685
-54.31357
-54.56374
-54.82732
-55.65198
-56.17368
-56.92327
-58.36053
-56.78562
-56.18132
-56.46461
-57.01544
-53.56899
-55.40471
-56.46688
-55.79644
-56.85869
-55.52895
-58.99560
-55.09980
-53.21191
-56.12548
-55.85842
-54.68127
-56.33999
-56.96189
-53.18553
-50.75463
-51.88510
-54.57073
-54.98525
-51.21150
-51.14379
-52.58444
-50.48070
-51.87025
-50.47383
-50.16856
-52.65313
-53.77730
-53.59852
-54.54267
-52.78836
-52.58435
-53.52537
-52.90806
-54.32657
-52.74310
-51.17164
-51.53537
-53.57162
-51.92410
-52.52660
-52.30061
-51.11185
-53.99769
-51.80197
-51.39762
-51.64450
-53.59545
-54.07964
-52.76754
-54.03072
-51.17888
-50.29321
-50.91972
-53.76554
-53.54754
-53.79406
-52.88680
-49.62724
-50.09221
-53.35244
-53.39262
-54.62601
-54.89881
-60.16249
-53.74402
-53.94903
-51.12288
-52.57631
-49.84120
-50.32398
-54.13697
-51.42437
-45.66548
-44.48273
-46.90275
-44.72282
-50.15210
-43.80628
-56.86526
-26.32635
-21.66886
-27.06885
-34.43769
-42.48602
-47.65031
-49.84455
-47.38914
-47.65305
-46.92455
-46.04976
-46.63739
-50.16979
-48.75761
-48.24811
-47.43143
-48.52504
-48.57812
-48.51157
-49.96481
-48.23166
-51.30570
-50.29055
-53.71595
-54.24919
-50.00617
-48.22462
-51.21204
-49.48454
-49.90017
-50.77785
-49.10881
-49.18090
-49.99607
-51.61898
-50.20294
-49.37617
-51.12774
-49.49569
-51.35455
-52.10186
-54.16825
-52.97285
-51.79325
-52.47511
-53.29637
-55.53650
-53.46876
-56.07217
-54.68751
-53.21753
-51.54422
-53.20804
-54.00552
-57.58934
-52.96529
-51.55790
-55.65729
-54.51862
-54.95174
-53.65230
-53.39838
-53.78843
-53.78779
-56.11741
-55.60321
-54.15047
-54.58641
-55.39703
-54.71519
-55.09562
-57.71232
-57.01669
-56.54343
-56.87516
-60.07767
-58.18307
-58.65541
-60.37960
-56.03608
-55.70108
-57.91323
-55.87364
-58.92146
-61.39385
-56.34866
-59.07993
-59.81715
-59.98710
-64.84024
-62.08862
-60.71608
-64.19645
-62.91950
-63.48438
-62.28591
-61.13603
-62.86700
-61.40637
-62.32681
-62.23474
-61.53331
-63.09173
-63.69308
-67.87309
-67.92128
-64.23068
-66.01753
-65.32766
-65.50601
-63.69200
-62.63405
-66.25523
-64.47014
-65.06975
-67.93982
-68.00154
-69.82263
-68.86237
-70.49880
-67.67996
-66.16539
-66.48251
-68.31756
-67.65405
-70.12847
-68.15057
-69.07826
-61.45894
-54.61753
-61.26956
-68.73499
-63.25893
-71.07939
-69.93042
-65.99419
-70.11695
-65.05817
-63.24223
-72.15392
-67.65947
-64.12346
-70.23254
-70.57809
-67.79083
-71.07618
-70.81570
-71.46313
-73.16371
-65.93091
-68.17788
-72.35104
-69.51655
-72.67411
-72.06796
-71.19220
-71.87475
-73.37208
-70.31386
-72.61573
-73.29079
-70.90467
-71.02260
-72.89725
-73.22737
-71.54061
-72.31976
-73.40524
-73.57364
-72.51274
-70.35072
-69.93705
-71.39007
-70.60797
-70.76844
-65.28966
-64.06510
-71.07507
-71.38564
-71.00787
-70.39415
-71.45197
-69.90335
-68.71580
-69.00222
-66.52688
-70.72672
-66.84033
-68.22733
-68.40161
-65.31131
-67.76489
-65.65613
-63.93618
-66.35331
-63.03180
-63.43933
-70.44409
-66.70898
-68.44262
-68.72134
-69.34875
-68.90243
-66.46313
-65.32220
-65.33334
-66.83978
-62.25580
-63.87602
-67.81956
-66.97777
-69.99386
-65.34239
-63.05454
-68.21497
-68.03087
-67.85308
-69.08633
-61.93545
-63.40189
-67.73944
-62.96716
-62.57111
-64.27028
-65.78063
-66.81948
-66.26336
-69.16173
-70.38085
-68.39386
-68.43449
-68.71102
-69.59856
-68.57772
-66.44918
-66.08077
-65.69430
-67.40560
-69.04520
-68.14390
-68.70966
-66.63301
-64.89304
-65.97200
-64.67098
-61.45035
-60.91719
-59.16272
-57.14913
-59.34900
-63.27239
-65.39208
-67.05888
-62.55318
-60.11256
-57.68086
-57.71227
-61.02342
-61.88793
-63.88758
-65.51031
-66.33884
-67.00536
-66.32217
-64.99142
-63.20554
-64.88106
-66.08942
-64.13394
-64.81067
-65.29877
-65.41243
-63.73834
-64.37849
-65.10123
-66.29624
-62.80392
-64.34446
-64.89581
-60.98913
-62.93478
-61.18596
-65.14176
-63.70574
-60.82852
-60.69656
-62.40803
-63.80390
-62.99069
-65.65843
-63.93422
-62.66306
-64.31309
-61.30219
-60.43828
-62.30219
-61.51943
-62.94026
-61.55453
-63.86784
-63.42864
-62.00433
-63.12074
-63.15037
-62.19005
-63.32641
-62.43957
-60.12479
-60.20278
-59.26857
-56.50727
-55.12956
-55.41256
-56.93600
-60.83903
-60.61233
-61.26678
-63.25020
-61.98318
-62.13007
-56.94459
-51.56126
-50.45778
-49.42604
-47.40726
-46.44766
-47.48864
-48.93714
-51.03833
-54.25921
-59.24464
-60.78754
-60.60597
-63.17676
-61.61268
-60.94679
-60.54356
-60.16292
-59.37894
-60.80307
-57.10436
-57.25843
-57.40575
-56.57954
-57.58866
-59.75361
-60.83244
-61.29433
-64.29841
-63.43029
-65.00727
-63.49625
-63.73496
-64.69066
-65.60233
-66.24715
-63.96367
-64.64770
-64.97297
-62.34989
-62.56401
-63.75342
-65.51786
-65.45583
-64.66805
-66.10919
-66.43557
-68.88273
-71.59811
-69.56240
-67.24784
-68.41731
-66.86210
-67.13676
-69.48085
-70.37604
-72.04670
-68.30440
-64.26810
-60.42024
-57.13855
-54.51714
-53.03614
-52.37986
-52.22429
-52.05743
-53.84077
-57.13883
-61.39410
-66.78827
-68.59178
-70.00715
-67.25411
-66.99292
-64.02396
-62.11898
-60.63194
-59.91640
-60.25738
-60.25055
-61.54190
-63.25826
-66.03978
-67.35135
-68.32608
-72.09788
-72.05757
-70.83814
-70.18787
-69.53275
-66.89102
-68.47084
-72.41518
-69.07019
-69.22307
-65.67538
-67.77233
-71.19567
-67.65094
-69.60257
-68.53271
-66.37111
-67.42811
-69.00576
-67.58063
-66.94466
-68.49656
-71.04839
-67.55914
-65.69332
-66.44660
-67.51010
-68.09231
-68.83220
-63.48004
-62.02588
-62.74075
-62.76259
-63.48871
-62.48131
-60.97513
-58.44854
-58.76517
-59.90587
-63.11248
-62.05301
-63.68288
-66.03167
-63.04292
-62.45658
-64.65520
-65.28780
-64.48055
-65.15770
-63.31787
-62.56951
-63.51192
-65.39502
-64.48852
-65.68244
-64.29886
-65.16832
-60.74951
-61.60919
-62.62084
-61.09563
-62.62623
-61.38499
-64.13511
-62.01553
-60.74818
-63.68080
-57.04620
-58.89365
-68.46285
-62.74213
-62.83848
-60.83791
-61.41692
-64.12351
-64.26133
-63.23188
-62.63381
-61.87809
-61.67132
-58.78597
-61.05392
-60.40672
-57.70277
-55.65410
-53.76379
-52.54838
-52.45093
-53.47195
-53.45408
-55.88552
-57.07913
-61.17115
-57.82504
-57.17205
-61.31754
-59.31067
-59.67355
-59.82599
-58.73657
-59.41628
-59.62632
-63.00130
-61.28262
-61.57876
-56.65163
-53.01112
-58.08042
-59.54137
-61.12332
-63.21710
-64.79288
-62.27493
-63.73019
-66.88156
-61.79004
-62.62317
-63.47828
-63.44369
-64.28384
-62.51984
-62.68128
-60.83763
-61.94816
-60.42874
-59.05435
-62.87242
-62.90337
-62.13200
-63.92129
-63.17605
-59.03685
-60.96423
-53.96089
-54.00959
-59.34443
-59.08182
-59.72209
-58.94064
-60.49188
-58.11856
-56.74885
-52.21797
-50.14414
-50.41889
-49.55827
-50.14230
-50.83321
-53.37567
-57.76720
-59.47267
-59.66460
-59.57858
-61.16980
-62.60736
-61.26720
-61.26076
-61.58081
-59.22508
-58.28024
-57.56988
-57.54255
-57.00334
-57.52966
-59.48624
-60.24039
-61.82139
-63.94042
-61.21738
-64.00065
-61.37793
-60.71097
-60.82433
-53.72917
-57.25322
-60.63437
-60.26035
-62.40752
-60.35840
-62.10398
-60.34637
-61.26254
-61.16600
-59.34977
-60.39873
-60.65299
-57.86251
-57.90113
-59.83290
-59.13236
-59.10304
-56.76470
-55.47132
-57.51436
-56.26830
-57.73616
-58.01853
-57.90486
-58.54401
-55.87796
-55.86844
-55.22753
-55.12884
-53.54233
-53.58431
-53.95241
-54.71983
-56.08213
-56.24695
-54.97897
-52.58916
-52.49073
-51.18029
-50.95046
-52.66369
-53.68306
-53.38905
-52.94880
-51.78173
-49.64384
-50.40455
-51.04079
-51.08644
-52.57281
-51.02706
-51.01070
-50.29873
-49.91215
-49.84852
-48.30922
-49.53692
-49.89749
-48.89120
-49.34230
-50.14920
-51.21047
-53.36170
-47.88276
-48.67029
-52.33344
-51.63511
-52.21155
-51.65785
-53.54042
-53.02740
-55.44832
-51.71556
-48.85277
-49.58994
-50.68074
-52.20597
-52.54748
-49.11875
-50.20930
-53.00350
-51.06992
-48.95409
-50.42256
-52.21463
-50.59051
-49.53718
-53.30934
-50.96456
-50.93341
-49.87887
-49.37566
-50.09278
-48.72760
-49.51793
-48.80811
-49.72245
-48.55416
-48.02919
-46.67053
-49.11385
-50.27235
-52.40197
-50.92213
-54.43222
-49.75600
-52.47368
-48.23286
-54.89583
-47.13720
-56.85291
-48.19193
-61.72887
-40.08221
-25.61221
-27.54077
-32.91756
-40.20090
-49.52463
-47.22467
-50.90591
-46.95498
-51.17351
-48.49059
-50.19460
-46.74602
-49.27503
-48.66935
-49.47721
-48.74451
-46.43025
-43.99013
-46.43168
-51.81492
-64.75526
-61.90477
-67.22644
-63.95102
-63.44628
-64.78202
-68.95368
-69.57899
-66.95320
-75.58627
-67.23974
-75.19338
-67.36254
-73.77036
-71.69347
-83.74296
-72.71696
-94.58811
-75.12403
-89.45510
-74.31345
-95.25649
-80.31802
-94.22473
-81.28393
-88.29554
-86.02391
-90.75349
-90.12994
-86.18073
-95.93785
-86.44452
-108.26003
-87.30178
-98.77484
-86.88722
-100.32453
-87.68015
-98.08958
-89.21632
-99.29328
-91.03871
-104.36696
-93.69294
-108.19408
-96.65179
-113.61664
-100.15786
-111.68215
-106.72572
-101.28013
-118.29450
-101.10648
-117.62869
-100.21894
-110.77251
-99.67043
-109.37270
-96.02816
-111.77169
-99.91905
-127.05145
-101.83958
-119.56324
-104.87349
-113.30171
-108.95911
-106.12139
-117.68584
-101.60154
-109.30217
-99.28741
-104.13758
-96.43631
-99.35301
-94.09331
-96.29270
-92.25443
-93.52379
-90.29272
-90.62719
-87.79289
-86.99188
-83.00600
-80.39269
-59.79354
-45.88748
-46.20560
-47.89322
-45.08341
-46.04975
-49.20764
-47.67492
-47.17700
-51.28118
-46.75977
-49.31403
-54.40347
-48.02270
-48.46527
-51.02285
-52.28468
-51.93486
-54.39568
-55.33661
-58.83835
-59.62236
-55.84316
-57.28989
-58.86019
-57.94799
-57.31419
-56.87561
-58.18250
-59.95540
-57.58325
-58.90093
-60.39592
-63.69339
-63.34144
-64.35630
-66.45730
-67.75422
-65.14920
-64.58907
-69.30230
-70.71173
-68.45403
-65.75650
-72.99114
-70.81533
-69.39250
-67.73705
-68.32816
-68.95462
-67.59392
-68.89199
-70.74928
-71.58217
-70.07336
-69.58470
-67.35417
-67.88797
-68.18113
-70.74065
-72.72483
-69.50227
-72.43727
-72.39956
-72.16575
-74.21385
-70.32482
-68.01644
-68.07002
-66.95387
-65.88933
-69.27522
-72.38609
-68.40543
-69.59957
-72.71659
-73.11174
-76.50947
-72.52159
-73.62441
-72.13733
-70.54346
-72.66136
-69.04876
-67.51667
-71.19834
-69.32146
-68.54533
-70.32376
-70.27687
-69.87855
-69.81121
-71.05306
-68.46066
-66.64187
-66.41498
-67.19331
-69.46515
-70.03533
-71.77270
-69.80261
-67.50562
-71.69259
-67.74586
-69.14486
-72.13864
-70.64772
-70.41374
-70.54793
-71.81913
-72.47006
-72.19525
-68.93786
-71.96602
-70.83906
-71.85978
-72.03897
-69.96659
-70.44388
-69.58151
-71.08623
-70.39749
-72.87835
-70.47513
-68.80227
-69.93587
-70.68240
-69.80679
-66.68804
-69.09631
-69.78475
-67.73643
-66.52272
-67.42807
-68.30248
-68.37876
-68.22502
-65.83174
-65.87815
-66.10515
-66.87838
-70.50286
-69.05987
-70.55227
-71.15915
-69.44039
-68.30399
-67.86430
-70.08665
-66.62162
-69.16364
-66.91198
-65.07610
-66.73699
-66.75566
-70.57382
-66.81730
-68.43680
-66.80796
-64.85103
-66.74117
-65.44006
-66.14263
-67.55290
-66.80665
-62.20617
-64.99582
-68.92356
-64.23402
-65.04591
-66.13358
-68.98038
-63.51983
-60.79116
-68.68453
-69.45694
-73.59975
-62.81448
-62.61733
-69.35216
-64.73931
-69.21128
-68.54231
-67.90809
-73.42645
-69.00041
-66.77312
-67.81237
-66.11522
-70.65953
-67.63248
-68.11035
-65.59371
-67.88816
-65.42039
-68.36109
-65.98107
-66.76782
-64.85659
-62.98484
-67.08981
-68.58284
-63.44233
-66.84317
-68.16016
-61.71160
-62.07448
-59.74589
-68.03710
-67.07819
-65.33564
-63.23879
-65.43937
-63.63834
-67.54421
-61.73232
-61.69162
-62.82860
-68.31237
-64.84253
-70.19533
-64.17685
-66.52055
-65.84139
-73.38120
-67.51634
-68.25692
-68.30153
-64.29257
-69.06070
-63.63918
-67.80339
-64.25972
-74.14100
-60.21619
-82.63405
-60.06162
-76.70425
-57.53649
-76.56999
-47.06879
-51.52273
-42.75151
-73.11874
-28.51644
-20.38249
-26.00193
-35.35656
-40.57224
-50.92627
-49.04722
-53.97373
-47.61669
-51.75011
-51.05638
-54.28083
-51.07828
-52.47822
-52.84135
-57.33761
-55.18061
-57.05502
-55.49417
-59.55466
-55.08778
-58.73358
-56.42916
-59.43742
-59.76834
-63.40893
-61.72558
-62.06329
-66.62761
-61.15377
-63.45764
-64.14969
-68.19632
-63.61234
-67.59928
-64.33055
-68.72514
-63.92391
-67.11318
-66.55639
-65.49947
-62.31313
-64.10211
-65.01749
-65.92907
-65.90793
-67.68854
-66.56598
-68.18916
-70.38445
-66.45121
-67.03946
-68.87699
-69.41118
-69.20885
-69.95977
-70.73629
-67.64452
-67.14243
-67.67685
-66.10118
-68.80521
-67.06988
-70.27584
-64.05492
-65.47568
-65.08931
-66.08387
-62.27340
-59.51155
-61.33033
-61.85664
-62.78291
-61.71969
-66.71943
-67.22669
-61.45741
-62.52878
-66.22158
-62.88642
-65.90389
-60.50315
-68.98088
-59.79152
-47.59145
-46.32985
-51.53284
-49.41602
-45.56081
-45.24626
-48.07204
-50.08968
-47.50150
-50.69652
-52.00439
-55.50156
-52.26829
-51.44113
-54.57939
-58.07782
-57.32886
-53.67558
-52.91397
-56.03943
-54.27291
-54.87875
-57.19131
-56.09460
-58.92101
-58.35184
-60.75442
-58.53725
-62.52169
-57.65321
-61.32152
-61.21329
-63.84621
-59.27286
-68.32925
-57.50210
-62.67696
-56.35652
-67.49869
-58.21007
-61.70737
-59.54092
-62.80066
-64.06091
-60.36670
-63.87388
-56.61561
-81.82441
-57.37371
-71.60318
-53.87499
-56.50988
-48.49557
-45.56403
-27.03475
-20.85982
-24.73014
-29.86588
-38.08195
-42.67755
-51.73037
-47.21126
-45.57910
-45.48607
-48.64149
-47.65656
-49.20823
-51.41345
-49.65755
-54.50252
-50.41681
-50.99357
-54.75512
-57.34183
-52.00633
-52.18175
-51.62674
-56.38526
-54.80011
-57.65569
-56.44925
-57.06954
-56.02465
-61.46806
-58.19709
-60.26193
-59.74868
-57.15558
-57.19652
-59.23840
-58.57025
-60.24098
-60.97632
-61.01974
-62.59756
-60.94747
-62.12842
-59.99030
-64.13455
-60.49658
-63.94553
-62.29386
-60.58333
-63.79382
-62.67637
-58.55366
-61.87218
-60.78640
-61.67600
-61.22928
-59.23847
-60.86417
-60.04070
-60.63638
-62.27596
-62.80452
-61.89059
-61.96008
-62.26860
-57.83423
-57.71028
-59.23551
-60.57823
-62.69051
-60.39819
-61.92463
-60.15888
-60.63517
-62.00210
-60.15232
-58.58345
-58.44280
-61.98051
-62.09107
-61.11137
-59.83278
-59.55378
-60.95824
-59.00500
-60.60727
-62.21697
-65.03543
-61.16339
-60.03210
-58.61304
-55.91317
-56.76436
-58.67031
-61.97762
-57.91742
-57.29702
-58.91771
-60.80417
-59.25302
-59.56096
-60.50574
-60.20075
-60.19500
-58.79238
-62.74568
-61.87217
-59.62028
-60.53721
-58.32354
-57.75810
-59.92856
-60.17536
-58.15654
-58.66232
-62.59768
-59.79401
-59.29888
-59.01286
-59.46935
-58.85410
-60.66889
-60.29574
-57.73287
-54.98913
-59.66867
-59.24285
-55.83457
-57.45938
-57.99632
-58.84638
-59.21203
-60.85654
-58.64800
-58.92655
-56.41661
-59.26518
-57.94502
-59.86239
-55.43686
-60.10578
-58.78236
-56.33406
-53.22377
-58.72980
-55.57886
-57.00801
-57.87143
-59.44836
-61.00359
-57.33080
-59.41891
-56.32432
-60.08157
-55.84573
-57.50091
-43.33176
-48.45735
-42.02513
-68.65452
-28.46202
-21.18589
-24.86253
-32.62987
-39.57828
-44.57385
-51.19805
-46.84606
-51.97149
-48.89716
-49.45174
-49.81302
-51.15074
-50.02413
-49.68673
-54.29702
-51.69871
-51.19314
-51.91951
-55.82991
-50.64883
-53.76189
-50.89999
-54.88801
-52.41103
-57.63750
-50.98476
-55.77258
-53.89614
-60.39319
-53.22583
-56.61143
-52.50628
-58.28245
-52.16172
-56.25699
-53.10023
-54.00255
-56.62441
-51.58284
-62.46921
-27.77227
-28.87650
-35.74226
-38.22018
-68.14018
-48.15363
-67.34674
-52.74908
-38.49630
-21.35550
-20.62085
-25.49011
-20.12857
-19.04938
-19.21901
-21.41578
-29.12814
-35.82976
-47.71468
-46.17009
-48.79280
-44.09167
-48.10450
-47.38669
-46.65250
-47.12405
-48.07529
-62.52824
-29.35577
-24.75761
-28.07503
-34.71790
-46.40388
-47.68397
-48.84397
-49.68246
-49.14834
-51.96271
-49.23649
-51.50707
-48.41220
-56.26395
-47.98930
-56.61694
-46.52835
-60.83155
-45.54822
-63.13937
-43.21521
-47.18566
-30.53985
-19.19298
-19.49066
-19.75944
-19.31860
-18.88563
-20.86781
-22.36282
-27.80116
-40.57084
-42.86939
-56.18575
-46.48992
-50.30161
-44.75964
-51.31279
-44.85108
-53.14850
-45.86055
-50.02778
-46.83926
-50.72998
-46.85393
-49.94791
-47.02705
-48.14165
-45.77165
-48.77919
-53.52603
-49.03362
-47.97520
-45.15269
-65.37382
-44.37503
-48.85172
-25.55221
-19.80867
-22.59605
-31.78103
-25.72012
-18.59015
-20.90471
-21.93505
-21.48222
-26.38551
-34.30926
-47.78979
-45.98771
-46.06153
-47.64826
-51.81534
-48.30925
-47.26763
-45.92977
-45.57795
-47.69054
-45.02089
-47.98190
-47.07740
-57.13420
-46.26793
-62.92871
-24.03020
-19.64187
-21.31968
-20.12940
-24.84616
-34.56003
-41.84996
-44.23857
-44.23482
-47.65693
-44.53376
-55.60241
-41.92593
-88.38194
-27.97308
-22.31998
-25.68467
-32.98480
-40.68109
-54.35067
-42.72836
-25.60310
-22.87534
-24.97184
-33.24691
-42.49790
-44.46798
-45.99149
-42.94314
-46.55201
-44.85485
-47.35906
-43.92374
-46.61723
-47.95568
-47.23967
-46.31967
-47.66177
-47.72642
-47.84241
-45.97832
-47.44479
-46.73531
-46.22046
-46.69015
-46.88333
-44.85354
-45.43437
-45.73547
-47.79471
-46.69171
-46.77336
-48.70693
-48.33274
-48.65869
-47.73986
-49.74755
-47.11678
-50.95395
-34.63670
-22.98153
-23.03743
-26.43184
-21.81020
-22.18937
-28.74718
-37.77531
-43.46882
-48.28779
-47.70272
-48.49891
-47.62501
-46.02228
-48.73931
-47.83811
-47.50824
-49.28937
-48.27155
-48.43618
-48.27612
-49.09367
-51.97782
-48.12402
-48.60165
-49.12462
-52.67569
-49.10257
-51.31908
-48.86354
-49.95064
-53.64963
-52.86655
-54.46915
-54.49357
-55.15249
-53.75507
-54.11912
-56.40344
-58.96123
-55.95561
-58.67852
-57.92222
-59.88100
-60.31803
-62.94795
-59.71322
-60.06988
-61.21501
-63.19502
-64.16175
-63.01532
-63.51379
-63.99195
-65.14774
-63.61593
-64.73382
-63.79304
-66.54310
-63.77935
-63.45474
-65.80109
-66.53653
-64.94788
-66.84090
-67.49393
-65.53636
-66.39438
-65.81628
-65.87972
-66.95335
-63.57287
-64.29558
-64.46567
-65.01572
-66.66624
-64.43896
-62.94633
-62.42703
-63.61444
-62.82700
-63.82909
-65.04352
-67.68147
-67.53010
-67.36624
-66.36910
-66.52168
-66.89615
-67.53436
-69.70905
-68.05588
-70.84348
-70.38288
-67.79600
-66.12388
-66.88541
-66.84186
-67.73339
-67.83531
-68.34631
-66.77898
-70.21761
-73.86298
-74.91044
-74.84158
-71.43423
-70.44299
-74.10184
-72.28640
-71.31159
-72.50105
-70.37503
-75.28386
-72.53718
-67.23454
-56.00970
-60.67856
-65.62114
-66.00478
-61.86369
-62.76756
-62.73588
-57.90059
-59.15518
-54.05089
-54.39042
-49.75891
-48.63310
-47.66261
-46.49827
-48.97432
-48.55976
-49.05099
-48.68767
-47.77269
-48.71862
-48.95202
-47.43279
-47.38258
-48.30625
-47.59060
-47.67505
-46.82051
-48.88084
-47.76959
-48.90517
-48.29589
-48.69797
-48.46410
-48.59502
-47.17737
-48.67002
-50.93280
-50.86508
-49.29656
-47.71677
-51.61618
-48.88119
-47.00840
-45.63982
-48.96862
-48.75054
-54.02129
-47.88985
-50.90795
-46.38000
-49.02562
-47.36091
-49.70654
-45.78555
-46.94888
-46.98031
-49.25453
-47.69595
-45.95068
-50.52923
-25.62517
-21.21532
-24.07482
-30.87606
-26.68201
-24.33073
-28.23589
-37.33507
-43.89700
-52.80764
-41.00705
-28.26517
-24.50366
-27.96847
-41.51891
-42.18908
-49.58977
-44.26792
-49.22998
-45.40359
-46.82938
-48.95501
-46.71027
-47.34488
-47.21467
-50.50443
-48.86495
-51.80059
-48.26320
-50.81133
-50.19166
-50.82902
-50.68749
-51.54347
-47.47711
-50.03452
-49.95924
-49.95937
-50.17485
-51.44670
-52.16422
-53.07841
-52.15387
-51.74810
-50.72713
-51.58156
-54.18422
-54.36835
-54.52263
-53.21513
-54.72079
-52.59074
-53.83650
-55.78870
-52.55430
-52.97048
-53.04421
-52.44488
-54.21097
-53.06136
-53.67088
-54.31508
-54.59459
-55.20474
-54.97841
-56.35995
-56.78670
-55.01921
-58.48028
-55.90207
-57.14178
-56.61254
-54.38421
-55.38303
-56.62668
-58.19140
-58.98149
-56.59394
-53.70600
-56.54785
-57.77762
-58.51493
-58.02906
-60.04760
-59.78994
-57.85033
-60.70116
-61.27043
-61.09687
-60.61264
-60.86838
-58.38101
-58.65854
-60.57265
-59.60224
-62.53011
-60.53881
-60.34907
-60.30524
-58.06188
-59.61702
-62.11304
-60.36513
-60.69630
-61.33274
-58.43610
-60.53279
-61.19191
-60.57486
-62.97352
-64.29536
-67.03812
-65.80350
-65.60757
-67.20474
-66.29016
-66.35291
-65.07712
-66.34874
-65.34887
-65.65926
-67.67436
-66.76904
-66.47258
-65.70711
-67.58519
-67.54751
-67.89022
-68.79632
-68.53567
-68.20077
-67.84581
-68.31486
-65.95586
-67.06565
-68.82484
-66.03970
-66.58630
-66.91348
-67.37785
-68.51595
-67.96229
-69.42248
-71.41671
-70.10553
-69.72771
-70.61493
-71.49111
-71.28356
-70.66628
-71.61007
-68.10119
-68.78455
-73.56673
-72.83026
-71.44247
-72.95900
-70.07709
-70.09533
-71.26803
-71.22913
-72.88655
-72.15105
-72.84419
-71.38111
-72.35493
-72.58792
-72.17972
-68.65299
-70.52982
-71.80593
-70.71333
-71.36473
-70.36106
-72.27826
-71.26098
-72.60340
-70.61104
-69.08714
-68.66189
-71.83975
-72.66609
-71.85555
-73.43357
-71.02212
-72.25145
-72.21890
-72.66626
-72.26063
-73.02822
-73.09538
-73.30798
-72.05617
-70.61713
-71.39656
-70.86884
-71.79933
-71.78998
-71.29257
-70.95337
-73.58168
-75.55457
-75.15063
-71.88893
-70.23173
-72.43624
-74.46823
-75.59273
-73.29392
-73.29714
-71.02780
-68.96669
-69.37043
-69.20761
-67.26803
-68.01576
-71.23168
-70.49643
-71.57669
-71.90661
-72.44549
-74.20285
-73.04576
-74.05720
-75.71253
-73.34125
-71.76185
-72.02869
-72.89156
-71.41723
-75.21072
-74.42224
-71.95329
-72.57530
-69.69170
-69.61208
-69.45181
-71.55811
-71.14172
-73.02412
-75.08021
-73.89676
-70.66862
-70.82216
-70.17184
-70.08512
-71.76188
-68.70031
-70.62492
-70.99031
-71.01005
-69.41169
-70.56721
-71.62494
-69.47723
-71.10624
-72.56271
-70.60754
-68.64490
-68.22233
-68.31634
-67.09328
-67.91008
-68.27305
-68.11068
-70.55953
-70.31436
-70.52792
-66.48944
-69.76457
-67.46737
-67.67386
-70.50228
-66.69334
-65.03306
-62.67350
-65.71663
-64.64533
-68.04884
-62.20546
-58.98768
-61.79770
-60.53339
-60.00622
-60.56404
-63.28410
-66.09867
-59.73801
-58.70750
-65.71925
-64.10722
-65.59519
-65.05276
-63.85076
-67.26504
-64.51656
-62.82160
-62.08558
-64.35263
-62.95023
-62.43619
-60.75023
-60.83327
-61.58613
-58.85213
-58.58181
-61.48123
-65.44769
-66.34798
-66.34566
-62.17151
-66.21907
-61.86858
-61.57880
-63.55718
-61.43280
-63.91385
-64.97875
-66.40165
-63.03343
-63.83748
-64.61948
-67.33776
-62.79471
-61.96306
-61.92176
-60.21460
-61.78516
-63.70085
-62.40812
-61.39132
-63.11026
-61.52244
-62.13625
-61.33839
-62.70610
-64.11444
-60.50192
-60.91686
-60.36256
-60.94859
-63.40602
-62.91279
-63.18654
-62.56803
-62.92809
-64.31448
-67.81766
-67.90863
-67.14440
-64.57280
-63.58130
-65.75225
-67.55292
-67.54963
-65.05665
-66.83840
-64.09384
-62.19679
-63.98288
-63.92985
-63.08137
-61.98438
-63.08805
-63.63397
-64.51841
-66.76283
-65.41627
-62.52304
-61.12397
-60.14863
-58.27979
-57.81603
-56.80923
-56.38076
-57.03037
-59.39422
-61.94942
-64.28320
-66.52282
-68.52126
-69.65448
-68.16925
-67.16923
-64.10696
-62.12470
-59.50023
-58.96243
-58.68799
-58.13372
-59.08844
-62.04661
-61.99565
-57.59901
-55.22105
-54.61662
-55.37486
-57.42333
-57.73397
-57.63060
-58.85295
-60.04499
-60.36713
-60.57897
-60.44830
-59.25261
-56.68322
-54.86594
-56.57329
-56.92027
-58.60243
-62.57795
-63.23897
-62.64023
-64.24287
-61.94845
-59.81450
-59.81126
-57.19220
-58.65090
-61.16250
-61.11975
-59.72678
-59.36005
-59.30673
-59.33867
-57.79802
-58.67289
-62.55727
-61.12080
-60.98335
-62.88694
-64.54735
-62.91909
-64.60940
-64.30479
-63.57163
-64.67893
-62.32231
-64.17887
-64.42242
-61.60987
-61.32345
-63.55596
-64.13925
-66.33617
-65.50951
-64.82752
-64.63106
-62.05886
-61.20998
-60.59332
-62.78728
-64.36282
-63.69123
-64.54336
-63.80008
-62.36249
-63.76561
-59.40972
-61.38978
-61.12862
-58.72381
-59.24636
-58.67539
-56.39889
-55.65298
-56.22685
-56.33718
-56.81990
-51.78052
-53.95678
-55.96448
-53.74879
-53.78475
-52.34625
-52.96641
-52.52517
-51.58583
-50.75102
-50.05177
-49.66154
-48.87324
-49.07619
-48.67855
-47.98460
-48.45019
-48.77684
-49.22916
-49.56640
-50.35945
-51.41633
-50.45931
-49.85574
-48.53290
-47.53714
-49.55635
-50.90506
-51.40579
-51.51967
-50.90306
-50.78467
-51.56907
-53.07909
-55.92690
-54.96996
-55.02735
-56.20249
-54.54016
-53.73819
-54.06471
-56.39837
-56.68123
-55.87497
-54.84560
-56.76359
-55.75960
-55.81604
-53.92597
-51.66755
-55.78768
-56.52415
-55.95724
-59.49753
-58.15049
-58.66461
-58.50306
-58.14634
-56.13345
-52.22234
-52.26201
-52.81765
-51.00084
-50.75750
-50.54121
-51.32839
-54.79517
-58.17883
-59.19743
-61.27382
-62.69060
-60.74284
-60.12951
-57.00529
-60.67732
-60.84555
-61.83072
-61.26555
-62.72824
-61.48037
-65.34804
-65.55681
-68.59693
-65.41099
-73.19612
-60.24800
-50.38529
-55.74160
-52.67095
-50.53582
-49.95665
-52.29839
-49.64734
-48.30770
-51.04004
-50.91024
-52.57203
-50.28796
-48.96874
-53.52940
-59.34987
-58.17604
-61.21779
-59.22049
-61.50170
-60.65587
-62.91430
-63.59515
-65.30617
-68.00512
-66.39385
-67.71386
-68.80637
-69.43528
-71.67649
-70.46575
-70.81482
-75.56580
-73.55388
-78.40859
-74.07153
-78.51321
-70.30137
-67.68052
-63.05803
-61.08994
-54.42069
-51.72159
-51.95577
-50.12352
-49.56296
-48.73858
-47.86006
-47.90302
-48.50757
-48.18249
-49.50458
-49.56422
-49.41990
-49.11539
-49.20889
-50.98136
-50.67090
-50.27750
-49.79727
-50.66546
-48.76160
-49.40897
-49.20131
-49.89672
-48.42597
-49.27317
-48.32597
-48.34678
-47.92887
-47.70269
-50.35496
-46.48483
-50.04971
-45.24923
-62.61344
-29.94979
-23.87267
-28.43356
-33.23240
-39.66212
-47.43639
-47.93545
-47.53326
-48.62697
-48.62512
-46.57041
-50.39618
-45.12937
-53.68193
-26.11398
-22.28480
-27.22936
-35.12937
-44.42787
-47.08839
-48.02294
-46.30346
-48.45804
-46.75456
-48.82321
-46.82897
-48.03314
-47.85784
-48.26164
-49.29866
-48.03304
-49.85465
-48.15483
-47.53381
-48.21497
-48.83426
-46.88653
-48.67712
-49.55111
-50.28373
-49.00058
-47.60537
-47.86471
-49.21198
-47.62058
-46.89914
-47.86805
-48.28996
-47.29328
-46.61837
-47.85416
-48.11641
-48.23244
-46.85689
-47.49263
-47.59913
-47.49809
-48.51530
-48.31109
-47.99138
-47.76496
-48.39521
-49.95915
-49.58641
-49.77840
-50.87390
-48.32655
-48.41108
-49.28321
-49.82773
-50.58787
-51.04141
-51.07094
-50.21815
-50.12807
-50.52304
-50.31424
-50.35094
-52.12512
-49.47307
-48.70398
-49.11031
-49.65788
-51.77000
-50.81414
-50.81603
-50.42519
-50.34278
-50.66182
-51.76356
-49.89848
-49.49394
-50.77934
-49.05362
-49.98067
-50.28462
-50.51368
-51.43697
-50.03316
-50.51495
-49.65935
-48.69349
-49.11754
-48.77460
-52.18678
-50.97960
-52.05246
-53.83318
-51.03955
-51.65101
-50.43794
-49.77037
-49.48656
-49.95469
-49.62355
-50.26593
-50.88887
-52.15654
-51.46831
-51.37691
-52.26676
-49.89489
-51.25263
-49.49877
-49.29119
-49.71680
-49.12508
-48.97801
-48.32941
-50.89270
-50.42658
-52.57318
-52.08169
-52.43996
-52.27199
-50.93667
-52.93503
-50.67249
-50.73170
-50.29938
-50.14874
-49.01190
-49.72646
-52.48228
-51.61671
-51.08677
-51.57034
-52.13071
-51.03383
-53.47220
-52.28168
-53.66357
-55.11068
-52.48491
-52.06336
-48.70258
-51.57952
-53.08366
-53.42891
-51.83760
-50.95517
-51.24424
-52.71207
-53.30387
-53.28481
-50.75539
-48.53862
-49.00380
-49.91368
-50.87144
-50.08342
-49.40893
-48.95214
-49.28549
-46.00504
-46.55489
-48.07574
-48.85320
-49.39782
-52.48413
-51.85469
-49.93951
-48.26462
-52.11035
-49.48123
-46.60865
-45.70244
-48.54166
-46.82001
-48.26422
-45.35471
-54.06228
-37.38631
-26.03410
-28.19630
-35.09917
-39.91388
-47.60206
-48.86942
-49.68562
-49.62413
-47.72119
-47.94979
-51.21387
-50.34434
-51.88112
-50.75365
-49.85394
-47.90459
-51.41784
-47.71127
-51.24265
-49.47307
-53.41087
-47.15711
-49.63349
-46.47284
-57.52064
-44.50682
-56.10680
-28.88985
-20.17917
-24.09157
-32.74638
-41.31862
-49.81781
-52.54416
-55.90980
-49.06893
-50.54210
-52.01095
-54.58020
-51.28286
-53.56392
-54.02980
-56.02687
-54.18581
-53.28888
-49.61970
-52.28874
-53.12582
-56.86855
-54.94386
-55.14845
-53.94178
-58.42557
-58.20257
-55.76580
-55.80191
-51.36944
-51.90565
-54.42875
-57.55985
-55.72520
-55.07276
-58.59323
-56.01473
-56.27392
-57.68869
-55.43377
-56.22756
-54.94464
-54.38882
-52.57962
-52.64657
-51.72311
-54.77515
-57.06514
-52.90268
-54.87706
-55.04820
-54.23566
-55.77844
-58.49877
-59.11447
-54.70588
-56.12186
-58.62444
-56.57888
-54.65042
-53.76031
-53.45868
-53.73997
-57.12371
-58.74353
-53.72406
-54.42495
-55.16262
-54.86399
-59.22981
-58.52742
-59.22116
-58.42446
-56.48530
-56.47825
-54.39477
-53.79807
-53.48133
-53.73766
-56.32411
-57.20147
-57.38358
-57.76602
-59.29371
-58.98513
-57.54816
-57.41429
-59.38335
-58.98775
-59.98966
-53.66437
-51.98531
-56.18622
-57.02565
-60.05289
-57.70921
-60.10307
-56.68429
-55.22443
-57.91467
-58.84897
-56.34472
-54.74388
-57.32826
-57.08794
-58.26101
-59.16763
-60.78602
-59.67968
-61.44891
-60.98021
-60.00022
-57.73442
-60.71162
-56.49878
-54.68702
-55.97906
-52.06013
-53.95567
-56.62123
-56.82060
-59.88600
-63.72095
-57.55216
-58.99629
-57.45153
-61.42403
-63.38960
-61.13377
-65.26450
-59.16963
-61.13987
-58.62749
-60.39726
-63.15577
-61.75897
-61.50174
-60.32467
-59.33935
-61.52755
-64.42930
-63.02460
-64.17961
-64.85873
-63.43788
-61.19618
-63.26988
-65.97372
-66.12757
-63.40090
-64.35363
-66.45179
-66.00421
-65.56067
-62.85397
-67.86517
-65.69698
-66.53597
-59.56423
-57.34754
-61.77500
-59.63989
-58.08406
-56.62687
-59.05296
-61.28652
-64.07862
-63.45560
-63.15448
-63.76555
-64.78782
-64.61467
-64.53934
-67.79018
-65.01757
-67.58196
-66.73764
-68.53581
-62.55461
-60.37074
-63.90183
-63.62631
-64.63810
-65.68522
-67.42068
-67.68684
-68.95550
-71.32282
-70.01979
-71.79786
-71.93265
-75.14651
-73.74768
-71.07866
-71.19158
-75.77686
-68.99118
-72.53315
-74.08549
-72.30738
-64.22868
-57.02128
-60.17684
-64.85456
-65.49103
-62.35778
-66.10490
-69.72298
-67.77560
-69.52659
-69.91119
-70.83803
-70.18122
-64.74301
-62.85318
-66.01095
-64.51608
-68.06251
-68.06580
-68.71624
-72.22394
-71.74953
-71.85812
-72.53063
-71.79775
-70.67483
-72.51323
-75.42846
-73.15256
-73.61353
-76.14735
-74.83304
-74.62670
-71.44318
-72.90578
-74.39699
-76.03605
-73.99057
-73.19845
-76.36400
-77.04860
-77.53622
-74.81932
-67.58802
-60.09704
-61.86623
-63.81169
-61.94992
-66.61930
-68.80313
-70.46079
-65.94424
-62.89096
-62.93187
-66.49631
-67.94044
-60.49110
-56.11771
-57.48081
-60.61508
-62.58485
-63.11104
-64.01320
-65.61995
-65.50768
-69.64928
-69.29943
-68.04989
-68.16685
-68.41841
-70.50503
-71.91608
-71.04111
-72.77414
-74.16101
-76.08761
-70.00335
-73.95248
-74.04442
-79.13032
-68.36435
-73.14118
-69.22315
-83.68746
-65.38999
-52.57199
-55.76273
-60.43366
-61.96963
-59.06567
-61.04141
-66.64274
-66.36042
-62.40369
-64.37675
-63.28613
-57.07541
-61.05072
-62.94226
-64.63596
-65.84097
-65.13047
-66.32348
-65.59312
-65.43171
-69.47290
-71.20613
-72.38579
-71.33143
-67.96730
-71.12272
-73.14574
-73.91276
-72.70014
-71.65670
-73.48735
-73.44867
-70.50004
-67.43452
-61.20342
-60.66945
-65.84723
-66.23779
-67.00821
-61.11809
-62.74427
-69.77119
-68.69804
-66.85900
-56.25535
-57.46103
-61.64591
-63.55354
-69.40259
-64.81920
-70.66287
-61.21454
-58.35960
-66.63161
-66.31148
-63.75597
-64.22984
-65.88846
-69.26577
-68.08043
-67.44772
-70.19308
-70.98595
-73.22811
-72.49522
-74.42784
-76.57752
-75.34379
-80.84710
-66.79219
-66.83386
-75.21311
-70.23873
-69.25823
-71.26567
-63.92713
-64.94541
-73.13254
-69.16368
-69.68521
-72.81345
-74.59620
-74.91981
-76.46928
-75.94458
-74.17605
-75.87965
-73.28533
-68.37135
-71.00416
-74.44388
-71.73599
-67.85120
-69.81194
-73.24877
-72.42930
-73.51669
-72.07666
-70.48908
-68.37560
-70.07503
-68.70559
-66.70242
-68.69289
-71.49619
-72.77062
-74.00831
-73.39095
-76.63310
-76.63313
-78.15122
-77.96695
-78.03635
-77.92632
-74.77139
-76.90731
-75.21770
-78.27545
-77.05044
-79.57086
-82.42621
-81.19020
-80.03261
-83.93519
-79.83236
-84.39514
-79.39270
-73.80253
-79.23780
-85.70144
-90.07396
-90.08698
-86.37750
-81.63418
-83.90768
-78.05377
-82.47189
-83.52506
-82.24880
-81.41613
-86.18188
-82.89127
-91.57491
-82.81897
-98.79242
-82.84266
-87.43411
-72.56891
-63.08429
-75.98637
-81.40969
-88.19063
-86.97241
-85.13619
-87.91905
-82.54915
-96.24044
-88.20550
-87.42431
-81.53951
-89.15058
-85.20990
-91.60530
-84.31178
-88.10837
-88.26349
-88.99751
-83.35120
-85.85190
-82.33552
-87.39841
-86.10630
-83.36551
-93.98280
-78.02303
-95.49090
-65.89055
-68.41809
-96.83402
-81.34598
-88.88436
-80.38270
-87.09646
-82.97635
-92.80269
-80.47186
-80.97387
-79.83538
-84.40959
-84.94633
-84.46769
-89.37193
-93.40416
-86.81527
-90.86530
-81.69450
-77.76407
-85.66322
-85.10561
-90.15182
-80.88261
-87.96463
-88.22719
-90.09460
-93.76580
-87.84052
-82.73497
-83.29346
-76.54735
-84.82314
-87.15850
-79.16130
-86.74344
-84.46280
-91.85655
-90.62338
-90.87606
-87.19035
-88.02884
-88.51044
-95.11500
-87.28256
-85.09906
-84.19053
-86.00110
-82.10191
-80.91417
-83.54659
-85.74896
-84.74951
-80.10149
-86.24287
-85.79985
-87.19072
-98.33135
-88.87778
-88.65959
-88.57067
-90.03824
-82.54842
-78.67142
-83.96039
-85.65665
-87.73455
-93.17531
-82.40666
-79.68873
-85.02940
-86.48786
-87.86667
-90.44000
-90.03684
-94.47407
-90.72232
-89.61644
-89.32300
-93.71475
-95.02241
-88.34783
-88.96152
-88.58743
-89.77912
-88.49684
-87.66270
-93.90310
-88.68881
-89.95712
-89.87043
-91.06824
-93.20987
-89.55050
-87.59468
-89.01048
-92.05883
-94.28237
-93.64293
-92.15648
-94.60967
-97.39675
-91.24267
-87.43050
-90.06100
-90.68082
-87.86302
-89.50570
-91.99874
-85.37105
-94.66140
-86.58752
-84.61089
-84.60737
-82.63351
-93.80303
-94.89719
-89.11734
-88.99149
-93.62165
-94.48970
-95.35731
-77.16357
-76.89467
-95.02510
-94.98104
-101.78955
-91.63689
-89.14303
-91.41740
-93.28802
-89.21236
