-133.12422
-120.16180
-117.40206
-118.64925
-116.46372
-121.43587
-115.73179
-122.43943
-114.34391
-125.00708
-113.83586
-128.15793
-113.79581
-118.24327
-107.19683
-115.99339
-107.86133
-118.06798
-108.59627
-117.38719
-107.25699
-110.59109
-106.42739
-85.38959
-85.45221
-90.99452
-89.71948
-82.67524
-83.51129
-89.63429
-91.82505
-82.06669
-77.57523
-80.63410
-87.24977
-91.88135
-90.49062
-97.60549
-89.54841
-87.79508
-94.35347
-95.56688
-97.70003
-95.69289
-98.91976
-96.15484
-105.72828
-89.31339
-86.74250
-96.54825
-90.94744
-92.57142
-95.91100
-96.25148
-100.02270
-98.07077
-101.03040
-98.08174
-103.00820
-98.13675
-88.14877
-91.02833
-90.94270
-92.30047
-99.95858
-95.27967
-94.55521
-92.90662
-99.38745
-95.78234
-102.39482
-96.06026
-91.34898
-93.60765
-95.53087
-101.43747
-96.71892
-100.58936
-101.47309
-117.25216
-90.72494
-93.95550
-115.30380
-102.73966
-102.84971
-104.32403
-89.27335
-86.69816
-93.43710
-88.94732
-94.24047
-105.40292
-105.93960
-115.09668
-106.49058
-101.35013
-98.70085
-90.59646
-99.31210
-98.37473
-92.09540
-114.60585
-104.05325
-118.52281
-106.33425
-112.78789
-105.04086
-107.95541
-104.94132
-85.71933
-91.65070
-107.32845
-101.44805
-106.96905
-99.19997
-103.17467
-100.21226
-104.79027
-103.15397
-105.18388
-101.79363
-102.63895
-100.54255
-104.03197
-102.65526
-98.13904
-96.99872
-103.94649
-101.38639
-104.53335
-97.93943
-103.10245
-94.70248
-99.44702
-98.63753
-106.03291
-94.05073
-83.16185
-98.70134
-107.27371
-103.19697
-104.02022
-102.80693
-103.55322
-99.99520
-99.47970
-99.07112
-98.82797
-99.56920
-103.56549
-100.84811
-101.27559
-107.74136
-99.28829
-98.03392
-91.32527
-89.40995
-107.56798
-101.90374
-105.01936
-95.33748
-100.54011
-104.11509
-100.32427
-98.56798
-104.32281
-93.65819
-91.60161
-98.89608
-100.19116
-99.42226
-93.55225
-97.35594
-97.17732
-98.37885
-96.93288
-97.00830
-96.21245
-96.41611
-94.46434
-92.99984
-94.28985
-92.19033
-92.08256
-92.75784
-90.39504
-90.73053
-91.15035
-89.66095
-88.78151
-89.23088
-89.64579
-89.05678
-88.46419
-87.82924
-87.10492
-86.99245
-86.83855
-86.41830
-85.92373
-84.97434
-84.45999
-85.38888
-83.06005
-82.57357
-83.00280
-82.86685
-83.14072
-81.40892
-80.66026
-81.68103
-82.11299
-80.68427
-80.56515
-79.16919
-81.02974
-79.82338
-79.87246
-80.10927
-79.54520
-80.48978
-79.68459
-80.58408
-79.59964
-80.32535
-79.93657
-80.94652
-80.34263
-79.51308
-78.78243
-78.65099
-78.17317
-76.57913
-77.74079
-77.67727
-76.28222
-76.78992
-75.55125
-75.13840
-76.81019
-74.69341
-72.72726
-73.98410
-76.01562
-74.71116
-74.88497
-76.04420
-75.90956
-74.84647
-73.93772
-74.35513
-73.93960
-72.70503
-73.59915
-74.16162
-73.21893
-72.68353
-71.56773
-71.59092
-71.77650
-70.50964
-70.67767
-70.01233
-70.63612
-70.40069
-70.35120
-79.37667
-85.86074
-85.41296
-86.24138
-86.51286
-89.48159
-89.66010
-91.42337
-90.92351
-92.97712
-92.14824
-95.89939
-94.88040
-97.61441
-96.94614
-99.08853
-98.95122
-101.04538
-100.24674
-102.73910
-101.93822
-102.53369
-102.73140
-103.50031
-105.69567
-105.40689
-102.82365
-103.80493
-106.92594
-104.99809
-108.06941
-103.16894
-104.71137
-105.13740
-105.03693
-104.68511
-105.83715
-104.23822
-105.42929
-103.07800
-101.70445
-100.47758
-101.86079
-101.31488
-102.08744
-102.53357
-101.63631
-101.25748
-99.21057
-97.55068
-97.16968
-98.52781
-97.53434
-97.00299
-98.30074
-98.94450
-99.32113
-101.07866
-100.98919
-101.87071
-99.85205
-102.30985
-101.36362
-100.04100
-100.18019
-100.57828
-103.26994
-102.45944
-98.69545
-96.77007
-97.19900
-99.71492
-99.03700
-99.59071
-99.94552
-98.60391
-98.77961
-98.15948
-99.67736
-95.64677
-98.22188
-97.33798
-98.77305
-97.92039
-99.02397
-97.39849
-99.26153
-98.97423
-99.26388
-98.02646
-98.04889
-97.77183
-96.74336
-98.55876
-97.66064
-97.94503
-96.98728
-97.51449
-94.27056
-98.00856
-93.51020
-98.87927
-94.70844
-101.54533
-93.39210
-99.95502
-92.05482
-101.62436
-90.62100
-107.85443
-83.82232
-71.30125
-77.20312
-86.19809
-87.44042
-89.25059
-87.03397
-88.21228
-88.20165
-87.53125
-86.87821
-86.34524
-83.92085
-87.67572
-87.13055
-84.81890
-84.20136
-87.45792
-87.73010
-85.78717
-87.93426
-87.49711
-87.31750
-85.98873
-84.73550
-82.27085
-77.14609
-84.95362
-88.99979
-82.13405
-85.99249
-83.13933
-88.05753
-87.93871
-87.29365
-81.74433
-85.46119
-84.75799
-90.18744
-83.75553
-77.45682
-87.00308
-88.10392
-87.47702
-85.38147
-98.51067
-72.41253
-67.76090
-67.74983
-76.05041
-81.47931
-68.95739
-67.68148
-70.05958
-83.29837
-84.44851
-84.80047
-80.23233
-79.50797
-83.79191
-86.18118
-89.30066
-87.24318
-87.48467
-86.67290
-92.38642
-86.75536
-85.90892
-86.27506
-89.10544
-89.41753
-88.71343
-87.47948
-86.64750
-86.67195
-88.05490
-89.00115
-85.17320
-85.17994
-86.66810
-85.87578
-91.87003
-92.74745
-91.89210
-91.27545
-89.70855
-90.40981
-94.45670
-93.26371
-95.01858
-93.16423
-93.49718
-91.10532
-85.22949
-84.71644
-87.78599
-92.47003
-90.96514
-90.80358
-89.57760
-91.60690
-92.55911
-93.15484
-91.67164
-96.41752
-94.41755
-95.29413
-91.05043
-98.52480
-83.29177
-79.28641
-85.61887
-84.43554
-89.80799
-91.05520
-92.67066
-93.04845
-92.07500
-92.31124
-91.83607
-93.32714
-92.24894
-94.03653
-84.73439
-79.69459
-80.08995
-84.12394
-89.44354
-88.93136
-88.84503
-90.75961
-91.59735
-91.61744
-91.41812
-92.50030
-89.30532
-91.64296
-88.96559
-87.83723
-79.65480
-78.66438
-81.27251
-80.99378
-84.97238
-86.26116
-88.77949
-88.90975
-91.05292
-91.87874
-92.55039
-90.52569
-93.44318
-89.51081
-92.01424
-81.94189
-77.58246
-81.68861
-81.61214
-84.45306
-85.16971
-86.22941
-88.20089
-87.88743
-87.06803
-84.82076
-86.19331
-88.36350
-88.94302
-87.94677
-88.47880
-88.32025
-81.17788
-80.06228
-82.78076
-82.03521
-84.56511
-83.55036
-86.28982
-86.78468
-88.56443
-87.55486
-83.02571
-86.07001
-85.29819
-83.85288
-83.01965
-78.87150
-73.08047
-74.49084
-78.41932
-78.29219
-80.91139
-82.46430
-83.04644
-82.96869
-82.67375
-83.96759
-84.52898
-83.21992
-84.06910
-83.40435
-77.35155
-73.45697
-74.07661
-75.49429
-78.75360
-80.86201
-80.61803
-82.47264
-82.56845
-84.01968
-83.49190
-81.84019
-78.08658
-78.07935
-80.35852
-81.75985
-74.28160
-71.16946
-74.38474
-75.44225
-77.50019
-77.67844
-77.57913
-80.66679
-79.47967
-78.86282
-79.18783
-80.43087
-82.81295
-82.56083
-83.62843
-83.14685
-76.36913
-74.64291
-75.34337
-74.71854
-75.92249
-76.84121
-76.08830
-78.06190
-80.58496
-81.58865
-83.25677
-82.90301
-83.68341
-81.67161
-82.29685
-80.64627
-73.91938
-72.09697
-72.57867
-73.00257
-74.20115
-77.22084
-79.42708
-80.54427
-80.78767
-82.09784
-82.43672
-83.37370
-82.18418
-84.56591
-75.00660
-69.55539
-73.12702
-75.08513
-75.52468
-75.73405
-74.43975
-73.73554
-73.31377
-73.16215
-73.40173
-72.54830
-71.80614
-71.96849
-71.93433
-73.23150
-68.28394
-67.39983
-69.22067
-68.18041
-68.97707
-69.84643
-71.79949
-73.14061
-74.79907
-75.44611
-75.33537
-75.53436
-75.45767
-77.38114
-76.56221
-76.21074
-71.50544
-70.90877
-72.47937
-73.00809
-74.20200
-76.69230
-77.82453
-77.46198
-77.85284
-76.74490
-77.58898
-77.36490
-78.47686
-74.99576
-76.82385
-72.64277
-68.49833
-69.19437
-69.80477
-71.59664
-73.24861
-74.62390
-76.95253
-77.72485
-80.04307
-79.48046
-81.25544
-78.20743
-77.83118
-75.18879
-66.22416
-67.81628
-71.82708
-72.30455
-74.91435
-75.80343
-77.64730
-79.15906
-80.61465
-80.43393
-82.42340
-81.52669
-86.77801
-81.68644
-77.84041
-69.72460
-65.39065
-68.60546
-70.25485
-71.64600
-74.12598
-74.35017
-74.96264
-75.30901
-76.20629
-76.62785
-80.68339
-79.26290
-85.91206
-73.77114
-72.76487
-70.58588
-68.29523
-72.14826
-74.07404
-77.43422
-78.59750
-79.14891
-77.95834
-78.86885
-78.88855
-82.04030
-79.39499
-78.30657
-70.61593
-69.48732
-68.86351
-66.41223
-68.84288
-70.40476
-71.53600
-73.34260
-74.05574
-75.07025
-75.39108
-77.93890
-78.39872
-83.62799
-76.96664
-70.67757
-73.05539
-67.13579
-67.65323
-71.29896
-71.99683
-71.49673
-71.10222
-71.91578
-71.22458
-72.18986
-73.53583
-76.88301
-76.97115
-81.28227
-73.93073
-76.42819
-69.53982
-64.71972
-68.07125
-69.79337
-71.29004
-73.21905
-73.32658
-74.35248
-76.52561
-77.28558
-79.34441
-80.05154
-80.39285
-80.90319
-81.47811
-78.63477
-70.16144
-68.90970
-72.43526
-75.44930
-76.94848
-78.42210
-78.96721
-79.32791
-80.53777
-80.64110
-82.42072
-82.49951
-85.74274
-83.36216
-83.20407
-71.31050
-66.85478
-68.56020
-69.99294
-70.58731
-72.68071
-75.11267
-75.48206
-77.18300
-78.87330
-80.45771
-79.82842
-75.85835
-80.30545
-74.49812
-65.36628
-67.32754
-70.51041
-71.44009
-73.59745
-73.98102
-74.93695
-73.22470
-75.15094
-75.41433
-76.83825
-76.74880
-78.56042
-79.32501
-80.45294
-83.02446
-81.36827
-84.28274
-82.02909
-81.69156
-84.99219
-87.02009
-83.20201
-80.64091
-85.66077
-88.58012
-88.78696
-89.21894
-91.02996
-89.32484
-87.02924
-92.34014
-90.61189
-88.88159
-90.76993
-92.43153
-90.57619
-90.13326
-90.82132
-91.03836
-91.86504
-93.75199
-94.48558
-95.64006
-94.90650
-92.95043
-94.02134
-94.32177
-93.00428
-92.57191
-92.66465
-93.40675
-93.60599
-89.66909
-92.42408
-89.27191
-87.35889
-88.50679
-81.06525
-83.96243
-86.75694
-86.75929
-92.64349
-89.94648
-91.68652
-92.16462
-93.21589
-92.66283
-94.47502
-93.67578
-94.64121
-93.76674
-95.11745
-95.84958
-96.94708
-94.17927
-92.02930
-94.82825
-93.59335
-94.91541
-95.10679
-94.43729
-94.79424
-95.51041
-92.16481
-88.25579
-84.76140
-82.26708
-81.19520
-79.86924
-81.56050
-83.12558
-82.17318
-84.29168
-84.94907
-86.29607
-89.67682
-91.56888
-92.09505
-92.90236
-93.42727
-92.30847
-93.06905
-93.92681
-94.61562
-94.64620
-95.12015
-95.99035
-93.43050
-92.52747
-92.55066
-91.90584
-91.33634
-89.44546
-88.91921
-87.73390
-86.53728
-85.96826
-85.39436
-84.14390
-82.84425
-82.85450
-83.22152
-83.64831
-84.24260
-84.77056
-86.00156
-87.80180
-88.28220
-88.03168
-88.83121
-90.37510
-90.34621
-91.61199
-92.64329
-91.41704
-90.40824
-89.20549
-87.93717
-88.20386
-89.68987
-89.03594
-88.30528
-86.81981
-87.63590
-87.46455
-85.65252
-85.07607
-84.66431
-84.40744
-83.78016
-84.63614
-84.90766
-84.69200
-84.76886
-86.48594
-86.86248
-86.98301
-87.41392
-87.28674
-88.25670
-87.24886
-85.90383
-85.39861
-86.15537
-86.54177
-87.45592
-87.58004
-87.14362
-87.61883
-88.30828
-88.57702
-88.15363
-87.59427
-87.74638
-84.80693
-84.18506
-86.47049
-87.01421
-85.99390
-85.96045
-86.81922
-86.97654
-87.15830
-86.92882
-86.41512
-87.10515
-87.72629
-87.34553
-87.70030
-88.51150
-87.76986
-87.02922
-86.54908
-85.18210
-86.56208
-84.80065
-85.48642
-85.24752
-84.17059
-82.52766
-83.14519
-82.82395
-82.53010
-84.31532
-82.52865
-82.05184
-82.15612
-84.16394
-84.33177
-83.70690
-82.58759
-83.45745
-84.95911
-86.22342
-81.25531
-82.69889
-85.23068
-84.55824
-84.90465
-84.68284
-85.39827
-82.99151
-87.34293
-87.18173
-84.86075
-85.21028
-87.09487
-85.31874
-83.88387
-83.86095
-85.85457
-87.71820
-88.66337
-88.87055
-89.93404
-91.45457
-87.64832
-91.34293
-92.64071
-87.02153
-86.18049
-86.71138
-85.55671
-84.65556
-86.65029
-93.08350
-94.69912
-94.95563
-94.41669
-94.65540
-94.64033
-93.97911
-93.61271
-93.97327
-94.11398
-93.22562
-93.49079
-93.05156
-92.20350
-89.73188
-92.47446
-93.79715
-93.08714
-93.53292
-94.00912
-93.56713
-93.05954
-93.56873
-90.94510
-92.14669
-96.40906
-93.42788
-90.67278
-91.21205
-92.61655
-92.60983
-92.34332
-91.89672
-91.93980
-91.51590
-89.87270
-88.98903
-87.73063
-86.70507
-85.81049
-85.50664
-83.07794
-82.65196
-81.56971
-80.02452
-79.90747
-80.28367
-77.71618
-78.84432
-76.53218
-75.48069
-77.67135
-75.31777
-76.04332
-75.15158
-73.06604
-70.88634
-70.78576
-68.39683
-67.14142
-66.60576
-65.44705
-66.77940
-66.16250
-65.99035
-64.50686
-63.71484
-64.30730
-66.07586
-69.04150
-69.18950
-72.49449
-71.31535
-75.12812
-66.70836
-64.12057
-68.90074
-69.26367
-67.44988
-64.48178
-66.54219
-67.11454
-69.51040
-69.85994
-69.19705
-67.10785
-65.80231
-65.83793
-64.72616
-65.44797
-63.95712
-65.00544
-66.20801
-66.38352
-65.33892
-65.05333
-64.86429
-64.49156
-64.98004
-65.18120
-66.75954
-67.38745
-68.08681
-69.32562
-70.49712
-72.99478
-73.86853
-74.77512
-76.06281
-76.59512
-78.29103
-79.06855
-79.99285
-80.01739
-80.47190
-80.97626
-79.76963
-81.02406
-80.66700
-78.16831
-78.83908
-78.25757
-78.30414
-76.36199
-74.86390
-74.46070
-74.55608
-75.47400
-73.72634
-73.33024
-72.68215
-71.97154
-70.96831
-69.57415
-68.60428
-70.51691
-70.56181
-69.50293
-73.29476
-73.90952
-74.01753
-75.36583
-75.57023
-74.25664
-72.44780
-73.32121
-75.31438
-75.30821
-75.79327
-76.50795
-76.86579
-75.86744
-74.09610
-74.35879
-76.09830
-77.90539
-78.12642
-77.94437
-77.34483
-80.00739
-79.30858
-79.59550
-79.57943
-79.87394
-78.83375
-73.83376
-73.00413
-75.06551
-74.82209
-75.60636
-79.39597
-76.33256
-76.73683
-78.20402
-77.09166
-77.76543
-79.73471
-78.11304
-78.41985
-77.55098
-75.42193
-77.92363
-80.62026
-80.27257
-79.69906
-79.70885
-78.48113
-79.61837
-79.34065
-80.13373
-81.57494
-81.29645
-79.11169
-76.89407
-76.89907
-78.64158
-79.71523
-78.48933
-77.83709
-78.44300
-79.62947
-78.97885
-79.45884
-80.30241
-76.69014
-74.72431
-74.97437
-74.66707
-75.34856
-76.45442
-77.79003
-77.52333
-76.59055
-76.91864
-76.79266
-77.20274
-78.09194
-78.72592
-79.33526
-78.65534
-77.99398
-77.78533
-78.40424
-79.20198
-79.30421
-80.02874
-80.46275
-80.65624
-80.31438
-80.32503
-80.64087
-80.30106
-81.01608
-82.60695
-82.64759
-81.57593
-81.36628
-81.79890
-81.32433
-81.61785
-82.55095
-83.35990
-82.65389
-82.56578
-83.44424
-83.62900
-83.46108
-84.64350
-84.27602
-81.00738
-81.40048
-82.06825
-82.88774
-82.55337
-82.23004
-84.68650
-85.07372
-85.73639
-85.73619
-82.90681
-81.35148
-82.87830
-84.66921
-84.62113
-84.40726
-84.27432
-83.64408
-84.66940
-83.49559
-84.29839
-83.51197
-80.69156
-80.95249
-79.48318
-79.02169
-78.99070
-80.28766
-80.18675
-80.19141
-82.29781
-83.86687
-83.64594
-82.01883
-83.21796
-83.35789
-82.88745
-83.64284
-84.31332
-83.99412
-82.62025
-81.60417
-81.63876
-81.36909
-81.52922
-79.61864
-79.35841
-80.35902
-79.81104
-79.74974
-80.06004
-80.84830
-80.81838
-81.02060
-80.87870
-81.79026
-79.77988
-78.69461
-78.96658
-77.66162
-77.97348
-77.97127
-78.06027
-77.97936
-76.95259
-77.28375
-77.19775
-77.31110
-79.09629
-79.09524
-79.19157
-78.91842
-79.08716
-79.39479
-78.83898
-78.87334
-79.06291
-79.40204
-79.68703
-79.96646
-79.88710
-79.74849
-79.44325
-79.47674
-79.15830
-79.48344
-79.50118
-79.71152
-79.45103
-81.08953
-84.03218
-84.64780
-84.96368
-83.91606
-83.10145
-83.10552
-82.70493
-83.48388
-85.93281
-84.53046
-82.99405
-81.89707
-81.23131
-82.56733
-83.91327
-83.46233
-84.88020
-87.11226
-84.91135
-82.16250
-83.92419
-79.90847
-77.39905
-78.61242
-79.30699
-81.73251
-82.54334
-82.64835
-82.46267
-79.83084
-79.72093
-82.53716
-80.62322
-79.99870
-80.02779
-79.23194
-79.36616
-80.19554
-81.31432
-81.60257
-82.96080
-82.92911
-84.04962
-85.34488
-81.44273
-77.96135
-78.75434
-78.35070
-78.00199
-79.48053
-78.56560
-79.04251
-76.72555
-75.64216
-75.39262
-75.28119
-76.29222
-76.34014
-77.30569
-76.96367
-76.80070
-77.10933
-77.30628
-77.20686
-76.85599
-77.02439
-78.25597
-78.94745
-79.33707
-77.48155
-77.11126
-79.59544
-79.78533
-80.10498
-79.93691
-78.77702
-77.91610
-78.73391
-78.83844
-78.62287
-79.62846
-80.70423
-81.06420
-81.01000
-80.82019
-80.59259
-80.76802
-81.23023
-81.70615
-82.53162
-83.10223
-82.93254
-83.77496
-84.14485
-84.15100
-84.25233
-83.71394
-83.57543
-84.00054
-83.29625
-83.52682
-83.92417
-84.63788
-85.26393
-85.67727
-86.21256
-84.99783
-84.89574
-85.90578
-86.48621
-85.66359
-86.00309
-82.24579
-77.89967
-77.84891
-79.40886
-80.55201
-80.50089
-80.02886
-80.71614
-81.53968
-81.95501
-82.79412
-84.40381
-83.68564
-83.28917
-84.15762
-84.27073
-84.80424
-84.30716
-85.01510
-85.09871
-84.75678
-83.46492
-77.86886
-75.11051
-75.35641
-78.28982
-79.32540
-80.08374
-80.88403
-78.06632
-79.12910
-80.84585
-80.03235
-76.84374
-76.57518
-79.27086
-78.42570
-78.00016
-79.44430
-79.72361
-78.60559
-77.76912
-77.34733
-77.45043
-78.04234
-77.74810
-77.62963
-77.86137
-78.81880
-79.64748
-78.81495
-78.36537
-78.99204
-79.44445
-79.05569
-79.29637
-79.50856
-79.00634
-78.85630
-79.10060
-79.42635
-80.47457
-80.46038
-79.13460
-78.54336
-80.10947
-81.80638
-81.81198
-79.67176
-78.82459
-79.48148
-79.77082
-81.11093
-80.87721
-80.91265
-80.99420
-81.64742
-82.46370
-82.53104
-82.43872
-82.79406
-82.93870
-82.40971
-81.80350
-82.48719
-83.13188
-83.47980
-85.34840
-84.17086
-82.34818
-79.05900
-77.95459
-78.84870
-79.71122
-79.72260
-79.79313
-78.42102
-79.70043
-82.88274
-82.97816
-81.63600
-80.68485
-83.65766
-81.94641
-82.78636
-85.38174
-84.52719
-83.01832
-83.72783
-85.45878
-85.94527
-86.42314
-85.35264
-81.88023
-80.69925
-82.00193
-81.65802
-82.62301
-81.78572
-82.17711
-82.36317
-81.84622
-81.02613
-80.40690
-80.42959
-80.41039
-81.21429
-81.55976
-82.50028
-82.82209
-82.80126
-83.21320
-82.38398
-81.61901
-82.00564
-83.43385
-80.20978
-77.83545
-79.85898
-80.97837
-80.63669
-79.17116
-79.79870
-81.68357
-80.43855
-78.93348
-78.90883
-80.02487
-80.15555
-79.00715
-78.01371
-77.48427
-77.16109
-77.37830
-77.79836
-77.00170
-75.80624
-76.39134
-78.15630
-80.61271
-80.75525
-79.22608
-79.38992
-79.43611
-78.49660
-77.80126
-78.56301
-78.75806
-78.83719
-79.92886
-80.32394
-80.68600
-81.66146
-83.41519
-84.15838
-84.64014
-83.48649
-83.65687
-83.95711
-83.72721
-83.05390
-80.84554
-81.05932
-81.53185
-82.61242
-83.04200
-82.42574
-84.08835
-84.25940
-81.39669
-81.79221
-83.71466
-83.28911
-82.98785
-82.70601
-83.41998
-84.02269
-83.88437
-85.84347
-86.23870
-87.64904
-87.02908
-88.21188
-83.55873
-77.00366
-76.35021
-75.49810
-76.99900
-78.54016
-77.77323
-79.72856
-78.87121
-79.12889
-80.01921
-79.02491
-78.41521
-79.90243
-82.48688
-82.03223
-82.39315
-84.46268
-83.81851
-81.06449
-80.99752
-81.84551
-81.60481
-82.26533
-83.07848
-83.48169
-84.79722
-84.85969
-84.43793
-83.58881
-82.51666
-82.29554
-81.48981
-81.85296
-83.21959
-84.70741
-84.24539
-83.09113
-83.81397
-85.16752
-85.99208
-85.77399
-85.11159
-84.45548
-83.66383
-84.39516
-86.01850
-85.93957
-84.23468
-83.02720
-83.45359
-84.62311
-85.66213
-86.80377
-86.20264
-83.07479
-81.49675
-82.34114
-84.48016
-85.37923
-84.94348
-84.55869
-85.03536
-87.88794
-87.79279
-88.08224
-88.00310
-83.07646
-82.41693
-83.96189
-84.29810
-85.07739
-84.75212
-83.97140
-85.94674
-87.73962
-90.52018
-89.03917
-87.27254
-88.99390
-88.90279
-90.04584
-89.94330
-89.91817
-89.12264
-89.97222
-91.49743
-95.15439
-94.47440
-94.84552
-87.74659
-85.39151
-87.71000
-87.38167
-87.66115
-89.05020
-90.20629
-89.67985
-90.48463
-89.57066
-91.98835
-91.76117
-92.88736
-92.20556
-94.51144
-89.86077
-90.71671
-91.58423
-88.46707
-94.12636
-92.61416
-93.80106
-92.68730
-87.16883
-84.42813
-85.20883
-84.54593
-83.24174
-85.34366
-83.72544
-81.68827
-83.51201
-82.97137
-83.16969
-83.77612
-85.58742
-86.66746
-87.83857
-85.20886
-85.38781
-87.99302
-86.05161
-86.98267
-84.39677
-81.33743
-80.29479
-84.73557
-86.28128
-86.13886
-82.31603
-82.10451
-86.66083
-85.56608
-85.71382
-87.36494
-90.14509
-90.78173
-93.12222
-93.18317
-94.69608
-95.12064
-97.31295
-97.23954
-97.35825
-98.39423
-100.82277
-103.41959
-105.28424
-107.30664
-107.51973
-110.57222
-107.88705
-109.96605
-108.68966
-115.34021
-111.47110
-113.25733
-113.34723
-115.59858
-116.17273
-114.57368
-114.70084
-117.31213
-115.79737
-116.90072
-116.17468
-113.15183
-109.06104
-113.61636
-114.99595
-108.44194
-112.43950
-114.61565
-116.29800
-110.25128
-110.10900
-117.69837
-115.88236
-116.21171
-118.17129
-117.36667
-118.11642
-115.43591
-117.46460
-113.97360
-113.11083
-114.94800
-114.26542
-118.72703
-116.80097
-117.03534
-117.10708
-115.38421
-116.12422
-114.19823
-115.88560
-117.52532
-117.26529
-118.08182
-112.25744
-110.07269
-117.24447
-116.26523
-118.71039
-116.06640
-115.29308
-108.47923
-110.93624
-121.10145
-116.45173
-117.78625
-115.39312
-116.72732
-115.06358
-118.47253
-114.60181
-119.94766
-114.67268
-119.86123
-113.11667
-118.90012
-114.86470
-122.00844
-113.15383
-126.26806
-104.68120
-104.91441
-110.52300
-106.18360
-114.39493
-103.81819
-99.29235
-94.62998
-94.00684
-92.75971
-89.27529
-84.59996
-87.00691
-85.93844
-84.93879
-84.43104
-85.95720
-86.94106
-84.80317
-86.54814
-85.00017
-87.37678
-87.69196
-87.67047
-86.49242
-87.82323
-89.01103
-89.98490
-87.64787
-87.95580
-87.39246
-85.23114
-87.57859
-90.08759
-89.10564
-88.15509
-88.26322
-89.70713
-89.01635
-86.80577
-88.42964
-88.22875
-90.55054
-89.69691
-85.96030
-82.73840
-86.75993
-90.94951
-92.89142
-89.56914
-90.64360
-90.78815
-92.01804
-94.19907
-92.38537
-96.16396
-96.35493
-94.31800
-94.66627
-96.05526
-89.57080
-90.31893
-92.37289
-89.36435
-89.12566
-85.57690
-80.25172
-87.77174
-88.28404
-93.61658
-88.60660
-92.36820
-90.94687
-86.48363
-88.61724
-95.57723
-85.42597
-87.56812
-86.35969
-71.38869
-78.24105
-84.88676
-81.12185
-84.11100
-84.12702
-92.50951
-89.70065
-91.41416
-85.93430
-79.43807
-79.90227
-78.48880
-79.23302
-89.72726
-86.77907
-91.56530
-93.00018
-85.64392
-81.54438
-83.77757
-85.72972
-92.12097
-91.51467
-96.47576
-92.21424
-94.06066
-89.73422
-90.09824
-87.61582
-84.43231
-80.60283
-83.44561
-87.05256
-83.38748
-83.97470
-83.95598
-85.98800
-83.30571
-89.63826
-82.70248
-99.60258
-67.15098
-65.70620
-68.62625
-67.42174
-71.18584
-68.40587
-70.91094
-74.47392
-76.96140
-74.62355
-75.94143
-79.82021
-80.30330
-80.86933
-80.45302
-81.08733
-79.94969
-81.53495
-80.57745
-79.22205
-79.10504
-78.97582
-77.01387
-77.38985
-76.13746
-76.02113
-77.29385
-77.06419
-75.21357
-75.33720
-75.15526
-75.00720
-75.38227
-75.83177
-76.20823
-74.68961
-74.56305
-75.68252
-74.08801
-74.28290
-75.58737
-74.50772
-74.26597
-75.19663
-74.69617
-74.40201
-74.68485
-74.27025
-74.30659
-74.00717
-74.68143
-74.74810
-74.79342
-74.94436
-75.75300
-74.49889
-74.40320
-74.99696
-74.97602
-74.82070
-75.29983
-75.68342
-76.51659
-76.68492
-76.49650
-76.42171
-74.66740
-75.50472
-76.97806
-77.46757
-76.94539
-77.81468
-77.68004
-78.16207
-77.59861
-78.42369
-75.59625
-76.27330
-78.28511
-78.43884
-78.59729
-77.40888
-77.73160
-77.64865
-76.51746
-75.79678
-75.76334
-70.19361
-71.42376
-76.35289
-76.14030
-75.52115
-72.80249
-71.02456
-74.65168
-77.56273
-78.14407
-79.07600
-77.36489
-79.15969
-78.65672
-77.61770
-76.31321
-75.93607
-76.39256
-78.13712
-78.26572
-78.14943
-76.93996
-76.54989
-78.26122
-79.11192
-78.97721
-79.80834
-77.62870
-78.38001
-79.35548
-80.47080
-80.68996
-77.12596
-75.52046
-73.72036
-74.62977
-74.45911
-75.23114
-75.46936
-77.06702
-76.47375
-75.53211
-75.91729
-73.70799
-74.67267
-75.31943
-76.82306
-80.01892
-80.67916
-81.16571
-81.40742
-78.73248
-78.35130
-79.77993
-80.23927
-81.36467
-80.73002
-80.32386
-80.58463
-79.74265
-82.72941
-84.61682
-82.22136
-80.55488
-81.20590
-80.11235
-80.26873
-81.13707
-80.18584
-79.99097
-80.14834
-80.22014
-78.65264
-81.91773
-83.59405
-83.53869
-82.13496
-83.09095
-80.53826
-81.51401
-88.87977
-88.52315
-90.80763
-88.53370
-90.77766
-89.75630
-87.65334
-87.57900
-90.27041
-87.49334
-90.62713
-91.83509
-86.49063
-89.45480
-90.48464
-90.00964
-93.08187
-92.29594
-90.12911
-90.75086
-89.97733
-89.10783
-88.47205
-86.35151
-85.61173
-85.77383
-85.56249
-85.43784
-84.17536
-83.67693
-84.22459
-84.50739
-83.39624
-83.08477
-84.37712
-84.46192
-84.46477
-84.93429
-83.92659
-84.70137
-85.53127
-84.95031
-85.94002
-85.32912
-85.46304
-84.99722
-83.10447
-85.47934
-86.24724
-85.81063
-87.24090
-87.01393
-88.20498
-87.95853
-88.69382
-88.38236
-85.53062
-89.37501
-91.28006
-90.70431
-92.97192
-93.01525
-92.79945
-93.25007
-90.64039
-87.82142
-86.89079
-85.12486
-85.57136
-84.67021
-85.29294
-82.06355
-80.88631
-81.86247
-81.04649
-79.94084
-80.37374
-80.04068
-82.00895
-82.72507
-82.48233
-82.07922
-82.88859
-83.22531
-82.47859
-84.04349
-84.23965
-84.26284
-84.61289
-86.83582
-85.28482
-89.18698
-87.36185
-96.47676
-88.09847
-95.19759
-90.36722
-102.33758
-89.95171
-103.26208
-90.69408
-82.79525
-83.17759
-93.44113
-83.07741
-66.92777
-70.27150
-84.58829
-85.75885
-114.65863
-85.85283
-70.26947
-76.08330
-90.04507
-87.03895
-96.49374
-88.58272
-96.11358
-89.73287
-94.96903
-90.15341
-96.43889
-88.40120
-92.08605
-93.97356
-98.23807
-93.34439
-100.95581
-92.95239
-101.58499
-86.73299
-94.30693
-85.27266
-105.55291
-68.54260
-66.99604
-76.62671
-76.75202
-83.60904
-81.57610
-83.07129
-84.92047
-92.84688
-85.67018
-95.06805
-68.10849
-70.24868
-84.31452
-80.47013
-86.37112
-83.47437
-90.17856
-86.07026
-89.70089
-87.38013
-91.72741
-89.75533
-92.08782
-88.20306
-91.29859
-89.22449
-87.85343
-86.01785
-88.54684
-90.01256
-91.91872
-91.51717
-91.73476
-90.71691
-88.90787
-89.93888
-88.46691
-87.82588
-85.49819
-84.41419
-81.71404
-84.27696
-86.86902
-88.91945
-89.02465
-83.93777
-82.35502
-82.38478
-79.02541
-78.92584
-80.98502
-86.75448
-89.17089
-89.75504
-91.46889
-91.78387
-90.71329
-81.98993
-84.29706
-86.40369
-87.79147
-91.11925
-90.48644
-90.50712
-90.15311
-90.68681
-90.05178
-90.23148
-87.09363
-84.82469
-83.45221
-82.46721
-82.39477
-82.09590
-83.62019
-84.76916
-85.10214
-86.93486
-87.89553
-88.16545
-87.84497
-88.88853
-88.85788
-89.27615
-88.84820
-88.81992
-87.63176
-89.26007
-87.81166
-91.21372
-85.51935
-86.09096
-88.73783
-86.03339
-89.21941
-87.11787
-88.40379
-87.81509
-89.20398
-84.37687
-87.95295
-78.58141
-74.93410
-76.23011
-76.37841
-77.42822
-78.63781
-84.62236
-85.42206
-86.18194
-84.05929
-82.11781
-79.41075
-77.50159
-77.67357
-76.65687
-75.03295
-73.67372
-73.64336
-75.90434
-78.70215
-81.05889
-86.30449
-86.45194
-87.50232
-86.56942
-88.04281
-87.01890
-88.14593
-86.47836
-86.69186
-87.90221
-77.50877
-76.15242
-79.63832
-81.23416
-84.27152
-85.22027
-87.02555
-88.32878
-88.50551
-89.78103
-86.80200
-94.10502
-74.43295
-75.76390
-83.99905
-80.83300
-83.59409
-79.96813
-84.05898
-83.09590
-83.63087
-81.87377
-81.93329
-82.48260
-83.90417
-84.33999
-84.33130
-86.82410
-89.18620
-92.97934
-92.17705
-94.58705
-92.07132
-93.56713
-93.65679
-96.20645
-96.19787
-95.90129
-91.49056
-88.08502
-84.59514
-82.13694
-80.56461
-79.96977
-79.81411
-79.65882
-81.49196
-84.79800
-89.25962
-94.66251
-97.43245
-99.48115
-91.59711
-89.92104
-90.96465
-89.26349
-88.31416
-87.35366
-87.90163
-87.77106
-89.21479
-91.09765
-93.69565
-95.99702
-96.86541
-100.32221
-100.93375
-101.10656
-99.65346
-97.92326
-95.73374
-97.36347
-97.15739
-98.99281
-98.94320
-91.76054
-91.56544
-93.71591
-94.60714
-100.81847
-97.01136
-98.44606
-97.08811
-99.24323
-98.57752
-97.52837
-95.21369
-91.13225
-91.84674
-93.03431
-99.18803
-95.89260
-104.60998
-91.67159
-101.03999
-85.90859
-77.33098
-87.84247
-84.82294
-79.44934
-83.02736
-82.20705
-89.12129
-81.36962
-82.69907
-85.00546
-80.50283
-80.66709
-86.77974
-88.94546
-95.10777
-89.23868
-77.54704
-83.36075
-79.14216
-79.38137
-84.27357
-83.56751
-93.71455
-90.23107
-98.68493
-89.92026
-79.99570
-82.72437
-84.68607
-86.08042
-94.03853
-90.12213
-86.51691
-84.37093
-85.29438
-94.77317
-80.56899
-80.54721
-95.67434
-88.05768
-91.71187
-89.19335
-90.05160
-88.37384
-91.10910
-89.45208
-90.33794
-89.89845
-90.54802
-81.60851
-81.19142
-85.75453
-84.03353
-83.80676
-80.95554
-80.56981
-79.80715
-81.52717
-80.77110
-84.19303
-84.42657
-90.62866
-83.74099
-83.21713
-89.52978
-85.49668
-77.08978
-76.83705
-81.64285
-83.66584
-88.71253
-86.97412
-104.61011
-71.69428
-70.49072
-76.94792
-80.18826
-86.05702
-86.18903
-90.48297
-88.49533
-89.90469
-88.40257
-91.02510
-89.11802
-89.60292
-88.86389
-88.61997
-89.15410
-87.52736
-88.04772
-83.43628
-81.10217
-81.83453
-83.70961
-85.80238
-84.20226
-84.04892
-82.39289
-82.97185
-80.54275
-82.66538
-75.76977
-74.95972
-80.03863
-79.58920
-79.85816
-79.12386
-79.86552
-78.82962
-79.90024
-75.53181
-74.13165
-69.05142
-70.47769
-75.27051
-73.66490
-76.25519
-76.71761
-80.25590
-78.91972
-79.61320
-79.08451
-81.16753
-80.40159
-80.86117
-80.30297
-80.57493
-80.55061
-79.97165
-80.31853
-79.48487
-81.08339
-80.24889
-82.36125
-79.15071
-82.18404
-78.13568
-83.58038
-77.00902
-90.88170
-68.69616
-63.28959
-71.62111
-72.21429
-74.47008
-74.54826
-74.15796
-75.05203
-76.65893
-76.74711
-76.90090
-76.22357
-75.08125
-76.00978
-75.70825
-75.48220
-75.39580
-76.56288
-75.09177
-75.82696
-74.58109
-72.77953
-73.46655
-74.87648
-74.56077
-75.25582
-75.43656
-75.72230
-75.67883
-75.92003
-74.83726
-75.40319
-74.98651
-75.65418
-75.11182
-74.43152
-74.11101
-73.58173
-73.59112
-73.60469
-74.34998
-73.08325
-73.14419
-73.01186
-71.24770
-69.18251
-67.97444
-67.51256
-66.87378
-66.95447
-67.30661
-67.10840
-68.83474
-67.82733
-68.18314
-67.11184
-65.86817
-66.23543
-66.64457
-69.43283
-71.20522
-72.56538
-72.71355
-72.89955
-73.48027
-73.35597
-72.72540
-73.88497
-74.79403
-74.87746
-74.42991
-74.03570
-72.55962
-72.97135
-71.27501
-71.38319
-69.81066
-69.28621
-71.69174
-71.41274
-71.45433
-70.32699
-70.48051
-67.18071
-66.67895
-67.50699
-68.33941
-68.87796
-68.81498
-70.27678
-69.86969
-69.87402
-70.27845
-71.10914
-71.11702
-70.37301
-70.13280
-70.59943
-71.07284
-69.96850
-69.94346
-71.45818
-71.25500
-71.03204
-71.45193
-72.81443
-72.88595
-73.21341
-73.58600
-73.54520
-73.32569
-72.49090
-71.67781
-70.94150
-69.86873
-68.88813
-69.43068
-68.79396
-69.23803
-70.13185
-69.88215
-69.08803
-68.39876
-68.53005
-68.15985
-68.49219
-68.32050
-68.66176
-69.26653
-68.94717
-69.94888
-69.45449
-68.96286
-68.63493
-69.55645
-75.61307
-80.55985
-81.46006
-82.97976
-83.19072
-83.82951
-84.86762
-86.35486
-86.45110
-87.36345
-88.01873
-88.94914
-89.22786
-89.43280
-90.12540
-90.92449
-91.55186
-92.31570
-93.67920
-93.86948
-92.60770
-94.15759
-94.54666
-94.75076
-95.64277
-96.39093
-95.21263
-94.28367
-94.63253
-95.89583
-98.31374
-98.66773
-98.21128
-96.81060
-97.21040
-97.82031
-98.79862
-99.34461
-99.94591
-98.42557
-98.87631
-99.70271
-99.77273
-100.81361
-100.91246
-101.42625
-102.00347
-103.60899
-102.64162
-102.84609
-103.79540
-104.64301
-103.74742
-105.19280
-106.45488
-106.08074
-108.65385
-108.06426
-108.47819
-104.13615
-107.79964
-106.00803
-106.07796
-109.21309
-108.54304
-109.62352
-109.12218
-107.86204
-110.62415
-111.39008
-111.41311
-111.32770
-110.17174
-110.65091
-108.48124
-111.41754
-110.93015
-114.96415
-110.70070
-116.08991
-109.68756
-122.10217
-107.58696
-128.20598
-105.42323
-111.30246
-89.63890
-78.13527
-78.54076
-79.01518
-75.92443
-76.10679
-79.63142
-79.48760
-79.08108
-81.68674
-79.19995
-81.57607
-83.95197
-79.68965
-80.66423
-83.19764
-84.41616
-83.70154
-84.90073
-85.89402
-89.38450
-89.34921
-87.05541
-89.09594
-89.82184
-89.58848
-88.39689
-88.72049
-89.66917
-91.02916
-89.85926
-90.80277
-92.23149
-94.40881
-94.31272
-95.22580
-96.41414
-96.55727
-95.71586
-95.54481
-97.26396
-97.46205
-96.85131
-95.79231
-98.68336
-96.99236
-96.78545
-95.25783
-94.86983
-95.16155
-93.83812
-94.76901
-94.39674
-93.93607
-93.92669
-93.51146
-93.75829
-93.19331
-92.80635
-94.28367
-94.81112
-93.93748
-94.71592
-94.76854
-94.52377
-94.01995
-93.29246
-92.75531
-93.21371
-92.94964
-92.40926
-93.47706
-93.76444
-93.44468
-93.92655
-95.84537
-95.53967
-95.50859
-95.68077
-95.32811
-95.44887
-95.24240
-95.86731
-94.64286
-92.85841
-94.22993
-93.51507
-93.29888
-93.85992
-93.28082
-92.99146
-93.00911
-93.32909
-92.26297
-92.72140
-92.36636
-92.53084
-92.49024
-92.33590
-92.60077
-92.23237
-92.07629
-92.81119
-91.81247
-92.05298
-93.31733
-92.98007
-93.63903
-93.08014
-93.46574
-93.46220
-93.61923
-92.22636
-92.94838
-94.02961
-93.68133
-94.63993
-93.97936
-93.85436
-93.70856
-93.47177
-92.26434
-93.24024
-93.19968
-92.52584
-92.84025
-92.32356
-91.40273
-90.72346
-90.32309
-89.62759
-89.51954
-88.99810
-89.85592
-88.95317
-88.49603
-89.38172
-89.43192
-89.06191
-89.50618
-90.17776
-90.17206
-89.86253
-89.03202
-89.25368
-89.15542
-88.95214
-87.93598
-88.69284
-88.91404
-89.72031
-88.59884
-87.63787
-87.36067
-87.43171
-88.55212
-88.20919
-88.65876
-87.59375
-87.69390
-87.51309
-87.45002
-86.95493
-87.87192
-87.65825
-86.59846
-87.69302
-89.69084
-87.54590
-86.29522
-88.79596
-88.84609
-88.10970
-87.91500
-89.39523
-89.65070
-90.21092
-89.24454
-89.09289
-89.47302
-89.60895
-89.95035
-89.25020
-89.11498
-89.28805
-89.02904
-88.63865
-88.84107
-88.93930
-90.04928
-89.31311
-89.58146
-89.01034
-89.08529
-89.47500
-89.79840
-89.23488
-88.99751
-89.05133
-88.36492
-88.85002
-89.12774
-88.01099
-89.80019
-87.98318
-83.11780
-86.36624
-87.56367
-88.37844
-88.45946
-87.10893
-87.57495
-84.97794
-85.92854
-84.79752
-83.13050
-85.31143
-85.02985
-81.24632
-81.90563
-82.20971
-81.96035
-82.19209
-84.91685
-86.62740
-86.48954
-86.38739
-82.12881
-84.29898
-86.26430
-85.47057
-85.88906
-85.00164
-81.61459
-79.36542
-81.84750
-82.74105
-80.40261
-80.16038
-79.92374
-78.17513
-76.68598
-76.83586
-76.14828
-74.68851
-75.33771
-78.33054
-78.85998
-77.85343
-78.71190
-79.30049
-79.81115
-78.94062
-79.75584
-80.55190
-80.38086
-80.86310
-79.99555
-81.57346
-82.42437
-81.62973
-81.98575
-81.68041
-82.05243
-81.83577
-81.92669
-82.41780
-82.62592
-83.59714
-83.59380
-82.88906
-83.60850
-84.60092
-83.22913
-83.52932
-83.28663
-83.96866
-84.13414
-84.67421
-85.89211
-83.53061
-82.63141
-83.23308
-83.41306
-80.20990
-79.28810
-78.54899
-79.69439
-81.64974
-81.44481
-82.03249
-81.71393
-82.93354
-85.58305
-84.22561
-84.17799
-83.33904
-83.21330
-86.16677
-84.97963
-86.00497
-85.28593
-86.66259
-83.51574
-82.85206
-83.90374
-84.04136
-85.09039
-84.12436
-84.13215
-84.75129
-81.13290
-79.07115
-83.18661
-83.91534
-84.96743
-85.18841
-83.78897
-82.22396
-80.85420
-82.01839
-83.94300
-84.78441
-84.05622
-85.20113
-84.83438
-81.90153
-81.03576
-76.83716
-76.62880
-80.98221
-78.80499
-75.72643
-74.83204
-77.25093
-76.99229
-77.20017
-78.57208
-79.58132
-82.37435
-78.94698
-78.84495
-81.42775
-81.78829
-82.80940
-81.21300
-80.82490
-83.48172
-80.97568
-80.63915
-80.93611
-82.20752
-81.94818
-82.14725
-83.57984
-84.85764
-84.18136
-81.73696
-83.56080
-84.86422
-80.28765
-80.56888
-80.69214
-74.29924
-76.33530
-79.82930
-82.71955
-79.73995
-80.32019
-83.10877
-82.62580
-83.94678
-82.22627
-81.91863
-77.34390
-79.11618
-81.33670
-82.60060
-82.96633
-84.23639
-82.09292
-83.84836
-77.66498
-75.44221
-75.58839
-74.02739
-74.04831
-75.22526
-78.09529
-76.23743
-75.82735
-77.08781
-79.15547
-77.82190
-79.46755
-79.57854
-79.10793
-81.73663
-79.93273
-78.23982
-81.63103
-82.89189
-81.17921
-81.19239
-76.78704
-76.68506
-78.42153
-79.52143
-82.23761
-82.70034
-83.27051
-83.08902
-81.79395
-80.51204
-82.13416
-78.58615
-78.85023
-82.15768
-78.21822
-78.09736
-75.75902
-76.17630
-79.80768
-80.78240
-81.63794
-80.92264
-82.59742
-82.16827
-82.02160
-82.72332
-79.66975
-84.99577
-77.81750
-74.56766
-78.65182
-78.97084
-82.03745
-83.15913
-82.58376
-83.55800
-82.29745
-84.39202
-83.05652
-85.20113
-83.13909
-84.10461
-79.89769
-73.15616
-75.63503
-80.50736
-80.49038
-82.67152
-79.76173
-81.91721
-79.20829
-71.09895
-78.36745
-82.81544
-80.20383
-81.96166
-83.10887
-84.22538
-83.61962
-81.41337
-72.57616
-75.98834
-78.83020
-79.91780
-79.99303
-81.43673
-81.73092
-81.76910
-80.69538
-78.82426
-79.68848
-80.80161
-82.37571
-76.36074
-75.30426
-80.53056
-83.52796
-79.28879
-79.57808
-80.83072
-81.79564
-81.60004
-81.95241
-84.27577
-80.82241
-81.15750
-79.76475
-77.06506
-79.32477
-81.99052
-79.95515
-75.59626
-77.84949
-77.85391
-75.93733
-81.23263
-76.26937
-70.82729
-74.10415
-77.78321
-79.58095
-77.77098
-76.31666
-80.87625
-80.23409
-78.25013
-78.06429
-79.74274
-78.43031
-79.79053
-81.26504
-77.99515
-77.48907
-79.48473
-78.42055
-80.45972
-79.09413
-79.34375
-77.99104
-79.03622
-77.17716
-76.84851
-79.40237
-77.64938
-79.40080
-80.98151
-81.50205
-81.30094
-80.39262
-80.09308
-78.82078
-75.44673
-80.06806
-78.05519
-76.39478
-75.08239
-75.62038
-74.03103
-75.37673
-73.53390
-75.22176
-71.62614
-67.91523
-74.11303
-74.38959
-73.73807
-74.70766
-74.57334
-74.93997
-75.27895
-73.95446
-76.20822
-76.67105
-78.60832
-74.69919
-75.38675
-76.05015
-77.72807
-75.26996
-79.43773
-71.98217
-64.77236
-71.64657
-74.95899
-72.72772
-73.79343
-76.27970
-76.61458
-76.79833
-77.42146
-75.31911
-80.46798
-74.59865
-81.06081
-70.70638
-65.53909
-69.29211
-69.02682
-69.52527
-68.04624
-69.93064
-71.63442
-72.72091
-77.25765
-75.59396
-76.54088
-77.42343
-75.00074
-74.98678
-74.78134
-74.33991
-73.60008
-74.29229
-72.25173
-73.78484
-72.02930
-68.35921
-74.27661
-74.05161
-74.02688
-72.50476
-72.22082
-71.82557
-71.57845
-70.74570
-74.88682
-76.63440
-75.18305
-76.61588
-71.72630
-69.24903
-66.53704
-66.23798
-66.97241
-71.60581
-71.69738
-73.39362
-71.48369
-69.80123
-70.68703
-69.96131
-70.95967
-71.60542
-73.61434
-73.45559
-72.10630
-73.66284
-74.24428
-75.98358
-76.00168
-73.73915
-75.36829
-73.15307
-72.18976
-70.91120
-72.42096
-73.55420
-74.24193
-76.18204
-76.14500
-75.64666
-76.28345
-71.63187
-78.86984
-67.53306
-62.78753
-67.96187
-70.03528
-71.36250
-71.17060
-71.34529
-69.27155
-71.12652
-72.36159
-71.99716
-71.53280
-73.86191
-75.61298
-74.82787
-72.72960
-73.46528
-76.62962
-72.41846
-73.77654
-72.62839
-74.24295
-73.18341
-70.97642
-72.59663
-72.40983
-72.61593
-69.75568
-71.62998
-73.35384
-72.00610
-74.61912
-72.51614
-72.58226
-70.98722
-70.39392
-71.80125
-71.17954
-73.68526
-72.50712
-68.36244
-70.02336
-68.19008
-69.37923
-66.87414
-67.09119
-69.99690
-67.17351
-70.23067
-69.91665
-70.45120
-69.90837
-70.98337
-71.51455
-67.23971
-69.47665
-68.67745
-65.13354
-66.34754
-66.22384
-69.79628
-66.56471
-67.32212
-68.57257
-64.74508
-67.84837
-64.71409
-64.66930
-65.44971
-64.69370
-66.69568
-64.93280
-66.63186
-64.72371
-63.97075
-68.66750
-63.42180
-65.21398
-67.65630
-67.79913
-67.60922
-65.01615
-71.05865
-65.24450
-63.61040
-61.80007
-61.86012
-65.05203
-60.31444
-60.70199
-62.25398
-63.42981
-64.59989
-65.84399
-66.73120
-62.45223
-61.02971
-62.48637
-61.75775
-62.48085
-61.48717
-61.85401
-62.74684
-60.97119
-65.31789
-66.41137
-67.20999
-63.32936
-62.53036
-65.05317
-65.75678
-67.60437
-66.16401
-66.50486
-64.74568
-63.15159
-62.28028
-63.63101
-65.19217
-66.13556
-64.02003
-62.62503
-65.95584
-65.63637
-65.70221
-69.34908
-67.84040
-68.88968
-70.63731
-67.31403
-66.12849
-68.67271
-70.78311
-70.95421
-71.06030
-71.47809
-73.00476
-73.77953
-74.28272
-71.46292
-75.67531
-78.27047
-77.10802
-79.59457
-79.29654
-79.95481
-78.60355
-82.65474
-81.77100
-84.28718
-87.02026
-87.43674
-87.80922
-88.01743
-89.45530
-90.60074
-91.24448
-89.59708
-90.60279
-91.10661
-90.74998
-91.54073
-87.58857
-87.59193
-88.97989
-86.40333
-87.50439
-83.66963
-86.07876
-86.93336
-84.13686
-83.99271
-88.41460
-86.20594
-87.24148
-88.15401
-89.37933
-86.10106
-86.31963
-81.29498
-78.97348
-91.13479
-85.16320
-85.14754
-85.31779
-87.00383
-91.44765
-86.20711
-84.94899
-87.97969
-90.26765
-91.22403
-82.07897
-87.40822
-93.83340
-89.71919
-96.59703
-93.05347
-92.84327
-90.50295
-95.38326
-92.13282
-96.35060
-95.35995
-98.76669
-93.26326
-94.89328
-87.44761
-84.79360
-81.78811
-80.77688
-76.32808
-73.97977
-71.63980
-73.36001
-72.72975
-74.54090
-76.96951
-75.00618
-73.67007
-68.59066
-66.70691
-62.86340
-64.41403
-67.98044
-65.82105
-65.90062
-65.84883
-63.15020
-63.22872
-61.29786
-58.09794
-60.25176
-60.49717
-56.90865
-58.65468
-58.75396
-57.87584
-56.89092
-56.58412
-61.04367
-63.06290
-64.36597
-61.10874
-60.75265
-61.08209
-59.99807
-60.97992
-62.23659
-62.94139
-63.02889
-63.97152
-63.85205
-65.10783
-65.12629
-66.06596
-66.61367
-66.94497
-67.20290
-68.30685
-68.32207
-68.82958
-69.71587
-69.00126
-68.64780
-67.80968
-68.27732
-67.97591
-65.86303
-65.69013
-66.96738
-68.01356
-70.21668
-69.48695
-69.09668
-67.72629
-67.72486
-67.87794
-67.40183
-65.87530
-65.69457
-66.88910
-67.11818
-66.90117
-66.56597
-66.99645
-66.74647
-66.72519
-65.67215
-64.46639
-63.63806
-63.29116
-62.92572
-63.53781
-63.74079
-63.56368
-63.08494
-63.77948
-63.56544
-64.07967
-65.55959
-64.07018
-64.45728
-64.64987
-63.54009
-63.95200
-64.50688
-63.26358
-63.80841
-63.45363
-62.19990
-62.22520
-63.21781
-63.55303
-63.00026
-62.61192
-62.47882
-62.69259
-62.65354
-62.94818
-63.51125
-63.95750
-64.43851
-65.46726
-65.65929
-65.89895
-66.24282
-66.53848
-67.06755
-67.06687
-66.42169
-67.69032
-67.23474
-67.53600
-67.93418
-67.90753
-67.32621
-65.57313
-66.20995
-65.49990
-66.23434
-66.44484
-66.39163
-65.86494
-66.73747
-67.91968
-67.48125
-66.77742
-66.79179
-68.39679
-68.57191
-68.04487
-67.58138
-67.52820
-67.04757
-67.05146
-67.17023
-67.73945
-67.52422
-67.85892
-67.26669
-67.35710
-67.42463
-67.32693
-67.57222
-67.73236
-69.08936
-69.66110
-69.92077
-71.03731
-69.96585
-68.88958
-67.80443
-67.85870
-66.53838
-65.61464
-67.64129
-67.00361
-68.45371
-67.02835
-67.61373
-69.18631
-66.86572
-67.96657
-70.22724
-70.15104
-70.16445
-71.73676
-71.73391
-72.10055
-72.06656
-72.64457
-73.97516
-74.89476
-75.68324
-77.10303
-77.33601
-77.47597
-77.54826
-78.09059
-76.64619
-75.45081
-75.79056
-76.15875
-76.85109
-77.81534
-78.94210
-78.63485
-79.59598
-80.22280
-80.22449
-81.55837
-80.95876
-80.78297
-80.68449
-80.37459
-79.44329
-77.61208
-78.16968
-77.85449
-78.30404
-80.19720
-81.06739
-81.46656
-82.31546
-82.57791
-83.19177
-84.65760
-85.13367
-85.05308
-84.36973
-85.29617
-85.95213
-86.98234
-87.50591
-87.36227
-88.97072
-88.47744
-89.84053
-91.72076
-91.72662
-93.22751
-94.71196
-95.87758
-96.52726
-96.66185
-95.98849
-97.34017
-96.93656
-97.44536
-97.04451
-96.46649
-97.06130
-96.81139
-97.23939
-97.65078
-96.56569
-95.78131
-95.32300
-96.39615
-95.61313
-93.89252
-93.48092
-95.23561
-96.16511
-94.33466
-94.76577
-94.96872
-95.29085
-95.16214
-95.52525
-95.67641
-95.33118
-95.63856
-95.59388
-95.77244
-95.75216
-94.33702
-89.67327
-87.92250
-88.95255
-88.28915
-87.26907
-86.98380
-89.37065
-90.09978
-89.91040
-88.55427
-87.26510
-89.80470
-90.09098
-89.71655
-90.73857
-90.27407
-90.05360
-89.32181
-89.59277
-89.95440
-88.26015
-89.21320
-90.50097
-90.52134
-90.19442
-90.62117
-90.76887
-90.59542
-90.68686
-91.22352
-91.03087
-90.83129
-90.68664
-91.14529
-91.80790
-90.45579
-90.26880
-91.14165
-90.82276
-90.02014
-89.53618
-89.64222
-90.72236
-90.36456
-91.47699
-91.97437
-91.90042
-90.56935
-89.88634
-90.14317
-90.95157
-91.46082
-91.01487
-91.14522
-90.63417
-90.92027
-90.46802
-90.31457
-91.04223
-89.90896
-89.66310
-90.23370
-88.82788
-90.02603
-88.68874
-87.26607
-87.12438
-87.28185
-89.12412
-89.82300
-89.41030
-89.38842
-89.66703
-87.96684
-89.22796
-89.21067
-88.90739
-88.43546
-88.67454
-87.04288
-83.41482
-85.77197
-86.44275
-87.05082
-86.38485
-85.28654
-85.98033
-85.94489
-86.26879
-85.92090
-86.91373
-85.74988
-86.05911
-86.88004
-88.68931
-88.22810
-88.09331
-86.92865
-88.09918
-88.02296
-88.25878
-89.20688
-88.05863
-89.71700
-88.86206
-89.24598
-87.92321
-87.13698
-85.69748
-88.28612
-81.17416
-80.37688
-84.41462
-82.60930
-83.38057
-83.53574
-86.59759
-86.50626
-86.94635
-87.64252
-86.12385
-85.71169
-87.06519
-88.84585
-87.76415
-87.29701
-87.62129
-89.28889
-82.65732
-79.48076
-80.63866
-83.15256
-83.87315
-85.49747
-86.70314
-87.77809
-87.42717
-85.27968
-85.38683
-78.85239
-80.21489
-81.72770
-80.42965
-82.42383
-82.43939
-83.65507
-83.98650
-85.83830
-84.13883
-84.26280
-85.47602
-86.92455
-88.60574
-86.89574
-84.86340
-84.84472
-84.12521
-84.97800
-86.31660
-88.30848
-89.09448
-86.56402
-83.11208
-80.65634
-82.24176
-83.48359
-82.03599
-80.64408
-81.42570
-82.81124
-84.87681
-86.43786
-85.29748
-80.32026
-79.09845
-78.17975
-76.51724
-75.92495
-75.01324
-74.49361
-75.19180
-77.47954
-80.23618
-83.63879
-86.61239
-88.87923
-85.76363
-86.05832
-84.19026
-82.65243
-80.77356
-77.87253
-77.20440
-76.90311
-76.35315
-77.12380
-80.59076
-80.54295
-75.91587
-73.33662
-72.93140
-73.46292
-75.52933
-75.89521
-75.79560
-76.87699
-77.82141
-78.34887
-78.58124
-78.14075
-77.48780
-74.76457
-72.94056
-74.88915
-75.04497
-76.98131
-80.40349
-78.62963
-80.85938
-82.22282
-80.41265
-78.80075
-75.48591
-75.15495
-75.86015
-78.15991
-76.66941
-75.74358
-77.42049
-77.03776
-75.65421
-74.53778
-73.46959
-75.09305
-77.18456
-72.60903
-79.54720
-74.38316
-70.80754
-78.09933
-76.61618
-76.43021
-74.87822
-75.32560
-79.20629
-75.09164
-72.14274
-75.65286
-78.03599
-73.24280
-77.70021
-79.35306
-74.27981
-72.16001
-73.80626
-78.77197
-71.68113
-72.68233
-73.57700
-74.87391
-75.00561
-70.33237
-70.14394
-71.87397
-66.60562
-69.99752
-75.81014
-68.42534
-71.69807
-66.75264
-66.06300
-64.87813
-67.90570
-71.54255
-66.16644
-67.08828
-69.71323
-69.01618
-63.67591
-62.59059
-61.20522
-62.73180
-65.59084
-62.28769
-60.15138
-58.59803
-59.81290
-63.74913
-63.39175
-62.70228
-59.42257
-57.71490
-57.28992
-57.14025
-57.41623
-58.19953
-62.60222
-62.93899
-60.83858
-59.18199
-58.44881
-58.31182
-60.08994
-61.65561
-61.44299
-60.14856
-58.75841
-59.43153
-61.66632
-65.36673
-64.37111
-64.37064
-64.79338
-63.30313
-63.06062
-67.19950
-69.74122
-70.94465
-68.95981
-66.64180
-68.75458
-64.40993
-63.43070
-60.33602
-57.26131
-63.06485
-64.63642
-63.54391
-66.49503
-61.29278
-65.06244
-65.88410
-64.30928
-62.44207
-57.97222
-58.11283
-58.58100
-56.87703
-56.55806
-56.32696
-57.11317
-60.97240
-64.54701
-66.24380
-70.10133
-70.46977
-68.92738
-67.34302
-64.34693
-68.60825
-70.06343
-69.84392
-68.70248
-69.43296
-69.02255
-71.56459
-75.61384
-75.40831
-78.16836
-82.54196
-72.08172
-65.99139
-70.83500
-68.35912
-66.89610
-66.64393
-69.55007
-66.53145
-65.61791
-68.19480
-67.97757
-69.44655
-66.93153
-65.80187
-70.10653
-75.77268
-75.69022
-78.37229
-76.45829
-78.58247
-77.44694
-79.94189
-79.84190
-81.89836
-84.32730
-83.46706
-83.84038
-85.84612
-86.29556
-89.55813
-87.05321
-88.33253
-91.50975
-91.14608
-93.95300
-91.25409
-94.10465
-89.68174
-86.70882
-82.40447
-79.33193
-74.66886
-71.69839
-71.87345
-68.81301
-67.29781
-65.05141
-60.95749
-59.90273
-58.77609
-58.38218
-58.35292
-58.25874
-58.65369
-59.30105
-59.94586
-60.61571
-60.80722
-61.48419
-61.11217
-61.31899
-61.55892
-61.81811
-61.80573
-61.71430
-62.86489
-61.67982
-63.40290
-62.94167
-62.83668
-61.46802
-61.68213
-62.65002
-61.65724
-61.97330
-61.89889
-62.06332
-61.79063
-62.12548
-62.73850
-63.15641
-62.49697
-62.96638
-63.11177
-63.60771
-63.44245
-63.14254
-63.28340
-64.33228
-65.14563
-65.16903
-65.44856
-65.52601
-65.48277
-65.10873
-64.81037
-64.32398
-64.65405
-64.75003
-65.19964
-66.03581
-65.31683
-64.88334
-63.89483
-64.73897
-66.22710
-63.35587
-63.77370
-65.38752
-63.63663
-63.73785
-65.96451
-66.72931
-65.94098
-65.45506
-65.33194
-65.32394
-65.57951
-64.19684
-65.34227
-66.16688
-66.38958
-66.33253
-64.57099
-63.34310
-62.65820
-63.30447
-62.20410
-62.27495
-61.99583
-62.44655
-63.10676
-62.37312
-61.91871
-61.28591
-62.23728
-63.72301
-64.13750
-64.45354
-64.74943
-63.66011
-63.45998
-64.47088
-64.68471
-64.70493
-64.11550
-63.15829
-61.38218
-61.03216
-62.36610
-62.84446
-62.36182
-62.59371
-62.27800
-61.88725
-62.80410
-63.07158
-62.33552
-60.90273
-62.89522
-64.21202
-64.06813
-61.88483
-61.31650
-63.81895
-64.41936
-64.58553
-63.77240
-64.35742
-63.99057
-64.31336
-64.47629
-64.01146
-63.70654
-64.80679
-66.48583
-65.15969
-64.67974
-65.92712
-64.45889
-63.53314
-64.50456
-66.61800
-65.83002
-65.84734
-66.28188
-64.42166
-64.61498
-63.88675
-64.11788
-63.95551
-65.16773
-66.03190
-65.98099
-66.66727
-67.46791
-65.41134
-63.44746
-64.80676
-65.17126
-65.34182
-66.43450
-65.41246
-65.05657
-65.67875
-66.95982
-67.05112
-67.79512
-67.18380
-66.60310
-66.55616
-63.94803
-65.90195
-67.27268
-66.58296
-65.86622
-66.21384
-66.83610
-68.08670
-67.91807
-68.52819
-69.43815
-67.33031
-66.34784
-66.91178
-68.44117
-66.60142
-67.22025
-68.12674
-69.20947
-68.94708
-68.22577
-67.98655
-69.25268
-70.03028
-69.48965
-70.71266
-69.99436
-70.16607
-69.76918
-69.57102
-70.15726
-69.76528
-68.54920
-67.42340
-66.15799
-67.27322
-69.61870
-69.92715
-70.26936
-70.45004
-70.09725
-68.60670
-68.26531
-68.87229
-70.13197
-70.77845
-71.94577
-71.85143
-71.89024
-72.22074
-67.90572
-68.27447
-70.24663
-71.14532
-71.26367
-72.15357
-72.89175
-70.69147
-69.98281
-71.69922
-69.91815
-67.20645
-69.96098
-70.15185
-70.86213
-72.56460
-70.90124
-71.28245
-72.52981
-71.32193
-70.61022
-71.28716
-69.51087
-70.44316
-72.43052
-71.34817
-72.58166
-72.31015
-73.11656
-73.68040
-73.65623
-72.97837
-69.15532
-71.16947
-73.27746
-71.16554
-70.75219
-73.06776
-73.64458
-74.20653
-75.29890
-75.16420
-75.31906
-73.10322
-72.80386
-74.34866
-75.93973
-73.63890
-74.23957
-76.59324
-76.72395
-74.53494
-72.18835
-73.63092
-72.37914
-71.17646
-74.07639
-74.95111
-75.59087
-75.76182
-77.49627
-79.04961
-77.98044
-76.80148
-73.48670
-74.61055
-76.64242
-77.25923
-77.51764
-76.26833
-77.94266
-76.28251
-74.47584
-75.00132
-74.43174
-75.19415
-74.71487
-75.59323
-76.63954
-77.91286
-75.82065
-74.92512
-75.89742
-71.71336
-73.29758
-76.13563
-74.94994
-76.65752
-77.47927
-79.45122
-78.18536
-77.14834
-78.16381
-75.02026
-74.37671
-75.49933
-75.86873
-76.41462
-77.91481
-77.00968
-74.82469
-75.38841
-77.16562
-77.47310
-77.46353
-77.38146
-77.97370
-76.33391
-78.00987
-79.52657
-75.90121
-73.85401
-72.42803
-74.98992
-76.47947
-77.26587
-78.23904
-78.58530
-79.74454
-80.13705
-79.40431
-80.09153
-81.77744
-79.91332
-79.55072
-79.45879
-80.48050
-79.24434
-79.86968
-83.06492
-82.01166
-82.22352
-82.55158
-81.91892
-81.32641
-82.30805
-78.14992
-76.50362
-81.18352
-79.49470
-79.57368
-81.57612
-82.14085
-83.17302
-81.08982
-81.49729
-83.08138
-82.83255
-82.47122
-78.71449
-76.67962
-78.57583
-78.82611
-80.09676
-83.10953
-82.87652
-84.46897
-86.26493
-84.96203
-85.61556
-85.66262
-85.76135
-85.03897
-85.86412
-88.06666
-84.19325
-82.74409
-85.88732
-86.48242
-85.71789
-85.86174
-87.44420
-86.86448
-85.69307
-87.34698
-88.90059
-88.24071
-88.45565
-89.39607
-88.99148
-88.63262
-89.53764
-91.62582
-90.88686
-90.46783
-88.40089
-88.87298
-89.60628
-89.73691
-86.54169
-90.97660
-92.15865
-92.88118
-86.48442
-83.02913
-87.33652
-85.03200
-86.88983
-83.45006
-84.21891
-87.37829
-88.28260
-89.54353
-89.35386
-91.54253
-92.18025
-92.85109
-92.74916
-94.70671
-91.59811
-92.73692
-94.11739
-94.97371
-88.62597
-89.18843
-94.26657
-93.52664
-94.45789
-94.57702
-95.66431
-96.19101
-97.68392
-98.68630
-98.32245
-99.18612
-99.06047
-99.74213
-99.39154
-99.09907
-98.10177
-100.27496
-97.24369
-98.73137
-98.80478
-100.12136
-93.61501
-85.02918
-87.76699
-92.44056
-94.32235
-93.59195
-94.86880
-97.81940
-96.42461
-97.56757
-97.10770
-97.32574
-98.01247
-92.94400
-91.65260
-95.29522
-94.36188
-97.18793
-97.03725
-98.23509
-100.40332
-100.74822
-100.92332
-101.18577
-101.17306
-100.24128
-100.68207
-101.86418
-101.84943
-102.09986
-103.53165
-102.52793
-102.66660
-101.41940
-103.09234
-101.38047
-101.81284
-101.65491
-101.04467
-103.11483
-103.60234
-104.99918
-102.30888
-99.73464
-88.56326
-87.70073
-93.69654
-93.42450
-95.97957
-96.89279
-98.25687
-94.07685
-91.74427
-94.77079
-91.60752
-92.31003
-87.36548
-83.22608
-85.43341
-87.72280
-90.29499
-90.78175
-92.06289
-92.06601
-91.89654
-94.83159
-95.65452
-94.82151
-94.98565
-94.84986
-95.98544
-97.53193
-96.46223
-98.37167
-100.09901
-99.71178
-95.03133
-98.43176
-99.59185
-101.90892
-94.37103
-98.10710
-96.08866
-103.35885
-93.99523
-83.49764
-85.17780
-89.33110
-90.89897
-88.12735
-90.72774
-92.32587
-94.17213
-88.87809
-91.41131
-92.92142
-86.54702
-89.56341
-92.48307
-94.86853
-95.76189
-92.93480
-94.14516
-94.99769
-93.63415
-98.18320
-98.74589
-101.75895
-97.34435
-94.00069
-97.76078
-100.61633
-99.97243
-98.41799
-97.11466
-99.63029
-98.74406
-97.09815
-91.37513
-86.27230
-86.64433
-89.59037
-89.44722
-89.11756
-85.26732
-87.15863
-93.04555
-93.25590
-90.72622
-82.22687
-84.15846
-87.02598
-88.35187
-92.44972
-90.53389
-94.09539
-87.29356
-85.80687
-92.49659
-92.47137
-90.97571
-92.22080
-93.79423
-97.33947
-95.08111
-95.64568
-98.26495
-99.23320
-100.47566
-100.30146
-102.09460
-103.52999
-103.95934
-106.44195
-96.57215
-97.26487
-102.62124
-96.43374
-97.89331
-100.08483
-94.25173
-94.59563
-99.51428
-98.20364
-99.23278
-102.56852
-100.65359
-102.28935
-101.65178
-103.61002
-98.88896
-102.27499
-94.76555
-81.76900
-83.31887
-87.61175
-87.86484
-86.30203
-87.11406
-91.46690
-90.20692
-93.03588
-89.77003
-94.82101
-85.65217
-90.90337
-80.54237
-75.77308
-81.37810
-80.02023
-80.32654
-82.88166
-82.97635
-84.88576
-84.70604
-85.79169
-86.39251
-88.08735
-89.24468
-80.69406
-82.46378
-84.08060
-83.30254
-84.72946
-86.72599
-89.34146
-89.77954
-91.22426
-91.33081
-86.68506
-86.51094
-91.59340
-88.14493
-92.94496
-97.37862
-99.90664
-99.77977
-101.76136
-97.91938
-99.21473
-90.19186
-95.78153
-101.61080
-91.47481
-102.92083
-105.15746
-106.18072
-108.06972
-105.49815
-111.12154
-101.70210
-116.78974
-90.61132
-85.81247
-103.40961
-100.78418
-107.96077
-101.75311
-100.43508
-102.58934
-101.36937
-106.79754
-103.30964
-107.50753
-101.95814
-103.74395
-100.58936
-106.21966
-103.38096
-99.34461
-97.92513
-105.76866
-103.54317
-104.77150
-99.33474
-102.83561
-97.41455
-96.98881
-104.90596
-98.86245
-114.62646
-84.02233
-89.42049
-107.85543
-102.05453
-133.21493
-102.42453
-119.75866
-101.15590
-103.61185
-97.98371
-104.49348
-97.73846
-107.49915
-106.35094
-103.65070
-104.40898
-126.86504
-100.10285
-98.44570
-91.58930
-91.20701
-129.56845
-104.18793
-126.45920
-95.81609
-105.76772
-108.40188
-107.28392
-100.11483
-117.19914
-96.99758
-91.52833
-99.71881
-104.60035
-112.24171
-95.81599
-99.80430
-102.16100
-110.65409
-108.91579
-109.82164
-107.38237
-106.17027
-108.51964
-110.78428
-106.69099
-107.38349
-107.48831
-107.04124
-104.54196
-100.14628
-104.53771
-108.13816
-108.47329
-104.45098
-107.49231
-107.02748
-108.36314
-113.01440
-108.58887
-107.45015
-108.16852
-107.95974
-107.18843
-100.82611
-102.08564
-101.08327
-106.26533
-107.61802
-102.69859
-101.26023
-103.08197
-104.30414
-101.03958
-100.93971
-100.69119
-110.61106
-108.79248
-106.53444
-108.07094
-107.91747
-109.70663
-107.42707
-107.04358
-108.32660
-104.43665
-105.87189
-106.06889
-108.22005
-106.22466
-106.46168
-101.49236
-102.72629
-109.03488
-107.42830
-107.08999
-106.79737
-106.66318
-110.39055
-109.58700
-110.24868
-110.09409
-109.21338
-107.36574
-95.14792
-103.05802
-113.46861
-107.58994
-111.63158
-108.25000
-108.17890
-108.79730
-106.62119
-106.05795
-103.65631
-100.75108
-108.17036
-108.28297
-105.43471
-104.00891
-111.68756
-111.64901
-111.41642
-101.51182
-101.33557
-114.20105
-108.05437
-110.00586
-104.56195
-101.80303
-109.54211
-112.53926
-110.38537
