-141.09417
-120.72635
-116.56794
-122.47508
-114.89326
-142.81448
-111.99774
-127.68011
-109.38683
-118.73422
-108.51827
-117.03452
-106.82499
-129.68046
-100.65109
-127.88780
-101.03823
-125.62594
-101.43389
-125.01568
-96.46871
-103.30696
-97.49844
-77.40281
-77.57318
-82.00968
-82.68408
-69.27416
-69.17759
-76.53251
-78.14827
-75.12981
-70.68810
-72.41890
-77.84436
-81.79068
-81.12454
-86.55053
-80.56435
-80.21209
-86.64019
-86.08634
-88.74068
-86.91855
-88.82761
-87.36764
-97.75077
-79.32870
-77.34382
-88.32602
-82.29255
-84.92475
-87.24043
-87.43096
-91.01745
-90.02039
-90.22721
-89.89197
-94.40649
-89.26506
-81.94754
-82.02481
-82.74861
-84.41045
-88.11963
-84.63681
-88.04110
-86.66727
-88.43140
-89.25780
-95.70978
-91.05697
-89.21964
-89.54962
-85.84622
-89.87844
-89.31423
-90.40527
-91.81917
-91.84092
-83.12767
-85.61529
-94.27118
-89.73683
-88.29237
-92.62438
-84.10447
-84.72057
-84.17067
-78.77882
-83.14736
-93.36256
-93.70570
-102.60083
-89.07406
-88.50847
-86.70650
-81.51953
-85.61940
-89.91496
-84.95098
-89.96627
-89.93496
-93.50373
-93.65824
-92.81908
-98.31898
-91.30058
-109.62626
-69.35629
-72.84134
-92.51447
-85.07945
-97.54240
-85.56086
-93.61130
-85.21553
-92.44675
-89.74456
-89.62649
-84.67486
-89.12941
-88.32797
-90.38370
-86.99706
-87.83584
-84.83443
-86.51049
-85.53122
-88.57654
-84.20236
-87.31832
-82.57040
-85.76008
-84.79068
-86.03367
-80.04778
-69.64397
-81.98539
-89.52333
-84.72913
-84.90380
-84.50777
-86.37513
-85.57067
-88.59809
-82.57614
-84.04886
-83.87738
-85.25824
-84.04808
-86.61092
-88.31259
-85.80270
-86.31631
-81.65120
-79.16539
-85.76876
-86.07529
-86.10685
-82.77394
-84.85198
-86.81320
-84.43792
-86.75755
-85.76263
-83.35665
-80.76340
-80.14481
-84.74442
-83.01348
-81.73909
-82.31684
-81.11535
-81.65205
-81.48890
-80.89601
-80.32350
-80.55504
-78.47538
-77.10542
-78.06208
-75.36087
-75.80152
-76.23009
-73.83029
-74.76445
-74.01338
-73.32188
-71.52958
-72.44560
-72.83442
-71.57355
-71.98255
-71.06383
-70.93029
-70.41049
-69.79886
-69.79618
-69.29128
-67.98379
-67.23835
-68.96096
-66.19083
-65.64097
-66.07770
-66.44162
-65.91809
-64.19477
-64.46459
-64.82862
-64.71042
-62.78864
-62.96825
-60.67904
-63.42572
-62.61483
-61.52202
-63.01675
-62.08401
-61.97913
-60.77470
-62.57644
-60.44130
-61.89321
-61.86042
-61.89435
-61.42305
-61.09671
-60.69677
-59.65138
-59.68310
-57.50085
-59.24824
-59.98674
-58.85685
-59.38322
-58.25586
-58.07704
-59.15343
-56.84759
-54.91049
-55.93688
-58.63378
-56.02559
-56.20199
-58.24168
-57.67552
-57.73386
-56.25660
-56.72376
-55.72302
-53.88912
-55.22608
-57.44029
-56.27659
-57.36493
-56.31275
-55.73823
-57.37664
-55.35398
-55.94452
-54.11158
-54.62420
-53.57977
-53.02761
-63.87360
-71.26859
-70.82866
-69.72356
-70.75387
-74.96887
-73.33906
-76.53146
-75.70197
-77.65788
-76.30320
-79.74715
-78.01040
-81.89271
-80.78361
-83.11753
-82.65059
-83.72959
-82.48699
-85.68275
-84.66731
-84.57517
-84.49838
-84.28724
-87.23328
-86.07255
-81.79354
-83.22668
-86.50449
-84.81046
-87.38735
-82.13183
-83.26908
-84.75518
-83.63472
-83.95471
-84.61212
-83.34604
-84.17343
-82.13619
-80.38825
-79.24694
-80.56990
-80.11076
-80.86737
-81.39864
-80.46773
-80.04080
-78.04389
-76.17315
-75.93250
-77.34604
-76.35359
-75.57385
-77.23769
-77.65560
-78.45099
-79.82497
-80.19501
-80.57232
-78.93309
-81.13524
-80.51833
-78.66013
-79.17866
-79.15573
-82.18096
-81.53752
-77.60763
-75.64785
-75.97108
-78.99166
-77.68183
-78.98048
-78.94277
-78.15534
-77.22943
-77.54775
-77.98268
-74.79465
-76.35436
-76.72545
-76.93556
-77.44927
-77.23894
-76.70097
-77.72974
-78.52723
-78.11807
-77.47450
-76.95413
-76.63326
-75.90707
-76.93786
-77.47361
-76.05537
-77.27062
-75.28171
-74.48098
-75.22176
-73.93529
-75.28572
-76.19883
-76.70043
-75.12414
-75.24811
-73.94138
-75.23990
-73.54613
-73.58457
-72.20280
-68.62534
-70.73946
-74.10410
-74.18524
-73.57949
-73.74135
-73.47869
-75.64547
-74.58885
-73.18369
-73.49625
-74.78527
-75.52067
-75.47016
-75.56964
-76.29111
-74.08497
-73.41754
-74.73406
-74.27363
-73.94019
-73.96085
-73.79280
-75.26966
-74.27982
-72.50309
-76.80976
-74.62256
-72.74223
-73.85225
-75.25082
-76.29848
-76.40604
-75.19503
-73.23567
-73.17554
-73.87795
-74.64538
-72.22742
-73.17272
-74.76994
-74.50557
-72.72115
-70.75248
-71.07311
-68.62434
-67.47450
-69.19691
-70.36671
-71.10895
-70.81438
-69.40053
-69.86273
-70.32643
-70.25108
-70.78989
-69.42654
-68.19093
-70.46443
-70.68672
-72.04347
-74.24303
-70.03572
-70.18582
-74.62034
-74.29633
-69.92523
-69.11881
-70.18201
-70.31250
-68.77359
-68.02881
-69.55287
-71.42374
-71.83034
-70.68607
-67.53046
-69.97910
-72.11412
-70.97606
-73.98605
-73.85589
-72.43735
-72.56587
-73.35961
-73.49455
-75.98566
-74.81181
-74.93420
-73.70049
-74.06305
-72.77288
-68.95542
-68.53824
-71.41587
-73.01404
-73.64451
-74.32568
-71.76236
-70.83313
-72.20682
-72.17971
-71.54078
-75.28754
-74.58526
-73.65650
-71.51194
-76.76814
-66.92287
-65.74992
-73.35363
-69.92463
-72.97459
-72.00777
-74.11834
-73.07779
-73.39880
-72.53390
-71.53635
-72.29742
-72.34605
-72.16958
-67.22772
-67.99369
-68.72055
-68.97617
-72.57667
-70.90130
-69.90280
-70.92080
-72.21406
-70.97896
-71.31931
-71.36685
-69.04257
-70.30253
-68.46128
-68.27168
-63.40412
-63.86160
-67.00558
-66.66809
-70.77122
-71.54070
-71.32405
-70.95054
-72.12618
-73.28187
-72.01187
-70.59466
-72.46075
-69.66839
-70.20197
-64.35139
-62.28780
-66.29079
-65.43561
-69.23934
-67.64395
-66.63377
-69.38154
-68.30961
-69.64950
-69.00190
-69.91904
-71.47555
-70.27868
-68.56230
-69.63394
-68.14499
-63.06339
-62.43369
-67.78589
-67.91047
-68.53007
-66.69643
-69.25421
-68.35389
-69.85033
-69.15861
-62.45102
-65.63305
-64.80083
-65.46871
-69.29122
-59.65889
-54.55622
-58.99325
-63.18380
-63.97397
-65.91457
-65.79269
-65.30584
-64.02814
-64.31347
-66.15262
-67.28008
-65.12240
-67.34624
-66.58514
-65.68635
-60.37255
-61.33416
-62.45707
-62.96602
-65.80549
-65.79981
-67.30176
-67.43824
-68.47821
-67.13659
-65.31449
-63.04407
-62.07478
-62.84591
-62.68254
-58.97559
-56.20823
-59.29789
-61.18900
-63.19820
-60.02695
-57.66066
-63.98747
-64.42213
-66.56825
-61.68591
-61.73489
-65.73097
-63.57609
-64.59701
-64.79595
-59.92995
-58.18701
-60.03269
-61.41896
-62.99620
-62.19277
-63.26759
-65.31475
-65.11664
-65.07721
-65.09001
-64.13429
-65.49083
-66.40375
-65.70099
-62.36787
-59.67467
-57.29572
-59.48551
-61.60264
-61.37710
-65.22683
-64.30378
-65.66366
-65.51294
-66.23312
-66.83510
-66.89511
-65.86668
-68.14492
-62.36477
-55.08909
-56.35873
-59.20657
-58.80091
-58.62018
-56.28402
-55.34312
-54.17526
-53.81885
-54.04517
-53.80345
-53.62926
-53.52688
-53.68927
-54.65508
-53.18221
-51.26850
-53.81476
-53.45530
-52.43557
-52.75472
-54.40313
-56.38489
-58.20836
-58.86721
-58.26243
-58.35552
-57.77897
-60.35821
-60.42057
-61.54123
-54.19484
-53.36433
-56.44722
-57.40029
-58.30332
-58.74207
-59.07447
-58.47286
-58.84250
-57.56442
-58.19343
-58.48925
-61.35414
-59.46441
-60.38546
-57.70410
-54.07683
-55.57894
-57.83163
-60.19375
-60.80555
-61.99658
-63.94361
-62.69309
-64.13124
-66.08945
-66.70659
-63.61172
-62.82122
-64.70037
-53.32091
-51.99944
-56.52876
-57.64462
-59.37836
-60.80059
-62.37012
-63.49883
-63.64995
-64.47617
-64.72438
-66.14542
-69.35479
-66.89307
-64.46959
-56.15954
-51.13216
-53.08218
-55.48532
-59.26057
-59.88936
-60.68215
-62.85224
-61.78375
-64.02122
-66.29864
-67.54412
-63.34024
-73.78664
-57.12711
-58.76827
-53.49584
-50.52009
-55.65548
-58.37568
-62.45611
-62.13411
-62.29350
-61.04728
-60.58407
-60.59218
-63.33961
-64.67007
-65.50506
-59.41589
-62.63814
-56.17435
-53.24853
-54.70195
-57.38451
-59.84344
-58.49691
-59.26114
-59.48311
-60.14421
-62.30946
-63.21140
-66.89503
-62.79665
-57.01787
-62.22541
-54.07273
-51.65549
-52.97110
-53.35373
-51.36814
-50.92729
-51.33250
-50.71185
-51.15345
-53.70838
-57.18545
-58.51653
-63.17664
-59.56015
-64.57370
-55.35771
-50.93418
-54.39440
-57.64958
-59.74153
-59.65073
-60.57521
-61.83628
-63.36674
-63.65917
-64.18123
-64.46899
-65.16100
-64.01582
-64.59413
-63.38123
-53.64439
-52.84590
-56.22817
-58.93505
-61.05341
-62.25420
-64.19275
-64.15816
-66.18172
-66.56075
-66.75024
-65.59935
-70.99031
-68.71738
-69.97797
-56.58446
-52.12994
-54.50233
-58.06791
-60.52737
-61.70315
-62.70681
-62.28776
-65.37383
-63.68587
-67.21945
-63.32945
-59.88086
-63.87030
-58.34584
-51.07359
-51.68271
-54.16997
-55.46987
-59.43040
-60.19160
-62.40455
-61.36453
-62.33505
-63.49839
-64.37598
-64.84411
-65.74535
-66.96519
-67.06922
-69.96389
-68.41510
-67.65721
-68.24201
-66.66986
-66.91857
-68.16352
-66.09587
-65.58236
-67.58512
-70.27739
-70.35129
-71.16213
-73.67526
-74.06429
-73.74649
-74.03422
-73.22344
-73.82418
-73.85772
-72.67580
-70.61629
-69.68139
-70.52089
-70.71515
-72.35696
-75.19170
-74.98821
-76.42559
-75.33238
-72.76765
-73.32592
-74.56692
-73.93794
-74.18428
-73.50245
-73.80276
-74.37142
-72.32441
-73.67029
-71.72903
-71.30593
-71.94914
-71.22345
-71.46398
-71.23839
-71.84693
-73.13462
-72.71385
-71.59312
-73.88136
-73.27627
-72.71473
-73.84520
-74.44192
-74.53377
-73.39327
-74.66708
-76.04880
-77.42950
-73.63330
-71.15275
-74.34718
-74.32639
-73.83759
-74.63716
-73.81270
-75.11861
-74.55922
-74.66038
-74.32420
-74.15049
-73.30626
-71.79695
-70.87614
-71.55871
-72.42985
-72.76781
-72.75306
-71.94321
-73.93216
-75.87275
-76.79890
-74.52602
-75.10252
-75.57521
-74.67284
-75.11486
-75.68414
-77.19049
-76.01215
-76.89262
-78.10172
-73.67836
-72.51547
-72.56800
-71.95767
-71.32999
-69.45834
-68.90311
-68.11979
-67.09202
-66.32514
-65.98625
-64.37001
-62.87114
-62.81822
-63.09029
-63.55957
-64.29952
-65.13512
-66.28633
-67.92575
-68.86734
-68.44966
-69.79996
-71.50386
-71.57452
-73.10841
-74.11119
-73.00889
-71.64929
-69.81039
-68.21028
-69.94105
-71.21241
-69.27086
-68.43230
-67.58862
-67.89419
-67.57804
-65.50084
-64.76944
-64.25648
-64.75436
-65.08104
-64.38152
-64.49750
-64.15505
-64.33279
-66.41919
-66.79646
-67.47298
-68.07329
-68.48549
-69.85017
-69.13537
-68.30109
-68.49655
-69.92132
-68.87113
-69.94079
-69.91456
-69.12570
-69.95281
-71.03306
-71.43624
-70.53307
-70.92336
-70.75711
-69.13512
-67.74667
-67.66105
-67.35351
-65.99001
-66.15951
-67.28423
-67.27273
-67.62840
-67.89351
-67.12945
-67.90242
-68.95600
-69.22229
-69.99915
-71.17594
-70.52779
-69.57205
-69.49425
-68.23686
-69.65492
-67.94498
-68.35643
-68.69374
-67.55467
-65.65518
-66.17997
-64.74888
-63.84317
-65.80380
-65.03398
-65.42920
-65.60069
-67.41679
-67.93925
-67.09700
-65.98082
-67.09235
-68.44436
-69.67967
-64.61626
-65.69804
-68.20864
-67.28718
-67.74982
-67.90825
-68.77849
-66.51196
-71.00429
-70.82276
-68.36855
-68.52725
-70.31506
-68.63186
-67.37038
-67.42779
-69.32070
-71.03564
-71.50413
-72.15389
-72.70898
-73.25046
-70.32756
-72.69384
-74.68376
-72.62676
-71.58586
-72.81394
-72.94564
-72.94544
-74.08135
-76.75432
-76.47280
-76.83664
-77.43664
-76.22941
-75.78299
-74.11613
-73.16793
-73.96321
-74.25032
-73.59547
-74.30756
-74.76760
-73.56732
-72.50157
-75.48675
-74.36818
-73.23517
-73.87571
-73.95936
-74.52630
-73.61435
-74.10341
-74.90792
-75.43105
-78.08682
-75.11076
-73.03027
-75.02728
-74.86984
-73.38255
-75.20327
-74.94941
-74.05414
-74.61490
-73.51483
-73.86357
-71.75526
-72.28606
-70.96294
-70.62424
-67.66842
-67.15638
-66.43111
-65.71061
-65.53530
-66.25405
-63.59967
-65.12190
-62.90449
-61.86303
-63.21790
-60.13336
-62.19847
-60.37664
-61.84846
-56.45534
-54.33409
-53.91401
-53.26621
-52.73021
-50.17967
-50.84395
-50.91888
-49.99330
-50.86253
-51.28284
-49.28002
-50.10847
-54.25370
-54.64038
-55.46348
-56.46259
-57.46067
-52.76405
-52.67752
-53.81690
-51.05152
-52.83018
-50.30008
-49.77794
-49.40337
-51.63565
-54.01301
-54.93815
-54.10906
-51.59893
-51.62891
-52.62937
-54.82141
-51.19237
-50.81170
-51.21535
-53.14833
-52.68912
-53.04311
-53.87520
-52.47435
-52.20117
-51.80553
-52.44385
-52.25814
-52.47202
-53.25820
-54.10756
-55.89632
-56.80324
-57.77704
-59.69177
-58.71012
-60.14982
-61.52820
-62.55554
-61.59638
-61.54466
-61.58670
-59.85942
-61.62174
-61.27119
-58.09637
-58.76429
-57.60210
-58.43956
-55.62219
-54.49346
-54.88666
-54.06399
-55.26882
-53.27910
-52.84691
-52.21020
-52.99314
-52.16169
-51.84937
-49.94513
-50.04276
-53.88280
-54.05295
-56.07996
-55.54838
-54.98248
-56.62801
-57.81978
-56.12066
-55.07690
-55.51580
-56.88027
-57.34721
-57.12842
-58.70849
-59.73053
-58.92152
-57.35198
-57.39310
-58.82152
-60.54198
-60.55412
-59.15629
-58.53290
-61.32216
-61.09020
-60.78404
-60.54314
-60.12598
-60.27260
-58.05594
-57.55859
-58.64782
-58.51486
-59.53017
-63.12864
-61.16580
-61.43659
-62.27402
-61.21230
-62.08810
-63.34758
-61.88749
-62.52085
-61.67766
-59.84745
-61.67465
-63.35498
-63.16395
-62.43068
-62.33588
-61.44806
-62.30382
-61.92747
-63.08819
-64.17746
-63.91206
-62.24937
-59.97602
-59.90454
-61.43661
-62.09386
-60.80487
-60.00502
-60.14322
-60.76479
-60.76816
-61.62241
-62.44159
-58.63740
-55.85462
-56.33506
-55.59130
-55.99664
-57.00177
-57.95343
-58.48466
-56.90211
-56.96460
-56.91758
-57.40580
-58.26497
-58.82174
-59.46281
-58.84106
-58.40227
-58.21964
-58.86323
-59.57535
-59.69704
-60.46650
-61.11909
-61.04169
-60.34181
-60.57047
-60.60478
-60.21194
-60.97757
-62.44882
-62.45709
-61.54906
-61.51169
-62.14884
-62.10524
-61.86475
-62.62698
-63.19714
-62.41037
-62.24973
-63.34114
-63.56496
-63.68006
-64.84350
-65.03454
-63.13801
-63.70918
-64.71401
-64.18085
-63.14775
-63.18392
-65.35744
-66.89102
-69.20887
-68.52405
-65.85013
-65.04115
-65.41843
-66.16885
-67.02168
-67.27605
-66.74129
-65.38809
-66.12860
-65.07290
-65.45181
-65.23097
-62.72651
-62.21312
-60.13373
-60.41447
-60.51622
-61.30296
-61.67148
-61.77690
-63.90780
-64.76560
-65.34574
-63.95393
-64.03606
-63.80647
-63.19219
-63.92593
-64.83177
-64.45120
-63.16323
-61.84880
-61.54405
-61.30593
-61.59864
-60.47543
-59.74757
-60.34316
-59.84532
-59.65009
-60.10273
-60.91536
-61.01846
-61.36511
-61.18453
-61.98355
-59.65047
-58.38610
-58.74574
-57.36643
-57.72436
-57.65438
-57.66767
-57.62757
-56.58870
-56.98845
-56.94294
-56.95203
-58.82517
-58.79192
-58.85745
-58.70803
-58.73604
-59.02137
-58.43223
-58.54792
-58.71003
-59.02834
-59.30890
-59.57641
-59.52272
-59.43074
-59.14326
-59.14014
-58.80752
-59.11743
-59.13851
-59.38221
-59.13522
-61.00602
-64.70111
-65.91020
-66.04141
-63.94340
-63.23697
-62.97751
-62.90163
-63.88038
-66.41790
-64.91600
-63.01770
-61.82285
-61.31142
-62.63724
-63.97001
-63.61407
-65.01277
-67.74685
-65.00106
-62.53972
-63.70329
-61.67302
-59.94387
-60.61166
-61.60929
-63.85371
-63.31144
-63.56583
-63.61020
-62.33932
-61.85713
-63.07943
-61.10000
-60.20068
-60.75628
-59.88819
-59.73938
-59.88604
-60.50311
-61.06321
-63.26118
-63.87168
-64.58794
-65.81374
-61.77386
-58.08897
-59.06722
-58.27814
-57.89222
-59.62327
-58.50218
-59.10890
-56.64667
-55.43679
-55.08823
-54.93544
-55.82509
-56.01370
-56.96398
-56.71635
-56.52924
-56.76200
-56.94529
-56.85404
-56.53396
-56.68409
-57.93629
-58.55520
-58.95492
-56.83201
-56.42131
-59.22540
-59.46353
-59.59968
-59.61289
-58.42556
-57.50045
-58.35045
-58.54776
-58.18904
-59.23759
-60.51385
-60.57176
-60.57888
-60.45848
-60.14303
-60.31463
-60.70482
-61.22838
-61.98424
-62.39087
-62.43084
-63.32464
-63.68222
-63.74569
-63.74584
-63.30149
-63.07241
-63.46893
-62.87700
-63.26058
-63.74290
-64.31999
-64.88830
-65.28918
-65.86856
-64.43131
-64.34902
-65.39041
-66.24591
-65.22225
-66.02786
-62.80269
-57.73929
-57.68320
-59.33120
-60.52282
-60.30656
-59.66991
-60.50682
-61.07430
-61.57084
-62.72443
-64.61103
-63.70602
-63.11240
-63.95758
-64.47092
-64.65678
-64.21520
-65.03328
-64.95953
-64.71663
-63.49077
-57.93682
-54.72745
-54.97299
-58.33529
-59.17569
-59.82503
-60.78560
-57.76509
-58.94569
-60.39255
-59.88757
-56.82016
-56.39288
-59.45779
-58.47887
-57.81857
-59.39958
-59.50703
-58.25362
-57.50751
-57.06087
-57.40969
-57.91151
-57.81370
-57.95035
-58.09154
-59.08531
-60.01864
-59.06426
-58.22868
-58.87847
-59.60238
-59.12170
-59.26202
-60.02767
-60.21985
-59.88805
-60.31181
-60.64169
-61.14396
-61.05991
-60.09006
-59.44133
-60.50992
-61.85154
-62.43490
-61.55651
-59.98125
-60.09276
-60.64147
-61.74197
-61.52751
-61.29234
-61.59737
-62.37900
-62.76657
-62.72216
-63.21515
-63.47505
-63.45382
-63.20364
-62.82123
-63.65410
-64.18268
-64.75549
-66.28657
-64.75733
-63.33883
-61.52054
-60.56717
-60.59932
-61.55959
-63.02538
-63.34101
-62.86254
-64.29866
-65.63143
-65.92255
-65.49964
-64.34847
-65.53239
-64.42944
-64.82793
-66.17850
-65.63651
-64.61388
-65.27532
-66.82733
-68.02581
-69.12718
-67.28521
-62.35998
-61.60781
-62.95670
-61.92830
-62.52530
-61.73511
-62.36679
-62.53590
-61.85357
-61.21714
-60.35012
-60.68531
-60.63582
-61.25021
-61.87371
-62.78934
-63.22647
-62.90589
-63.22864
-62.55435
-61.66528
-62.06055
-63.12908
-61.76716
-60.22999
-61.06858
-61.46225
-61.29164
-60.96456
-61.47004
-62.52764
-62.15070
-60.68616
-60.43569
-61.40081
-61.46477
-60.87835
-60.12273
-59.64570
-59.42714
-59.58826
-59.95663
-59.23575
-58.20828
-58.75624
-60.54328
-62.75895
-62.52821
-61.08269
-61.17764
-61.23434
-60.62669
-60.24013
-61.02075
-60.96979
-60.71836
-61.47049
-61.88709
-62.28918
-63.02919
-64.39142
-64.63589
-65.09660
-64.46661
-64.48184
-64.86234
-65.20089
-64.62056
-62.53542
-62.95331
-63.27355
-64.13276
-64.35919
-64.13358
-65.62716
-66.14198
-64.14060
-64.33982
-65.91839
-64.04653
-64.56688
-64.77355
-64.50282
-65.08217
-64.35218
-65.31120
-66.14819
-68.20972
-67.54089
-69.68953
-63.69982
-56.77330
-55.97819
-54.95671
-56.52219
-58.32521
-57.26278
-59.30732
-58.47535
-58.80763
-59.66821
-59.52796
-59.52836
-60.43672
-62.71644
-61.68444
-62.55894
-64.90326
-64.56313
-61.84479
-61.64226
-61.90020
-62.35101
-63.78931
-63.99481
-63.95143
-64.70024
-65.13939
-64.56103
-63.89777
-62.90528
-62.16520
-61.22915
-61.61076
-62.81220
-64.62561
-64.24869
-63.07663
-63.85891
-64.91866
-66.14653
-66.08118
-65.13858
-64.15782
-63.27258
-63.87117
-65.50466
-65.88261
-63.97504
-62.49913
-62.99161
-64.22524
-65.58100
-67.47442
-66.96318
-63.25064
-61.58457
-62.48472
-64.61844
-65.63617
-64.79672
-64.81676
-65.78628
-68.88401
-70.71640
-70.24286
-69.50064
-65.41993
-64.62466
-65.70041
-66.43810
-67.03311
-66.01810
-66.10992
-67.45685
-68.76361
-71.89702
-71.02267
-68.32574
-69.59126
-69.83750
-69.88010
-69.91123
-69.53956
-69.08110
-69.81759
-71.92711
-74.54425
-75.35480
-74.46706
-69.84551
-68.19103
-68.97482
-67.56965
-68.14693
-69.83787
-70.59901
-70.17200
-70.99924
-71.17203
-72.90310
-73.03561
-73.77981
-74.48938
-74.40835
-73.94610
-73.56298
-74.22047
-72.86052
-73.74242
-73.86796
-74.62516
-73.51221
-67.76842
-64.51272
-65.59274
-64.47198
-64.19445
-65.31465
-64.21603
-63.52264
-63.23756
-62.94445
-62.92617
-63.67448
-65.16027
-66.58570
-67.51950
-66.99578
-67.22409
-67.45547
-66.69049
-66.44757
-65.79080
-66.05318
-66.03737
-67.20237
-66.69419
-66.89143
-63.59158
-63.48544
-66.92023
-67.29489
-69.24667
-69.02979
-69.52834
-70.50995
-72.33802
-72.81985
-73.90027
-74.83516
-76.60809
-76.89920
-76.60341
-77.81532
-80.00495
-82.40637
-84.39021
-87.14749
-88.39343
-92.91811
-92.02134
-95.33299
-93.40344
-100.66888
-95.97163
-99.10696
-100.69384
-103.08259
-105.43576
-103.80496
-104.21291
-110.10162
-108.39780
-107.61234
-106.84851
-101.84727
-96.89779
-100.79507
-103.39354
-95.83960
-100.10068
-102.82415
-105.58507
-99.68492
-98.28676
-106.60414
-105.15088
-106.05679
-111.60102
-108.89488
-111.33272
-105.76059
-108.81855
-105.04138
-105.28324
-102.65461
-103.20537
-115.56479
-108.52946
-104.42603
-113.52046
-102.36745
-102.77106
-102.40408
-105.58034
-109.51006
-110.95388
-106.28127
-104.92353
-99.68267
-108.62767
-106.86931
-109.35373
-105.61092
-104.08648
-102.03240
-102.48278
-113.34821
-101.85322
-108.83160
-103.07584
-110.66574
-101.60495
-116.42490
-101.51775
-115.55609
-99.77778
-138.09086
-99.50141
-123.99249
-102.45615
-109.61444
-100.14014
-105.90984
-89.97592
-86.71850
-94.73276
-89.69733
-95.21533
-84.25983
-77.96305
-73.41125
-73.62697
-73.63604
-69.63888
-63.59079
-66.52708
-65.50556
-64.14837
-63.49590
-65.74702
-66.79815
-64.06688
-66.20964
-64.02104
-66.77555
-66.98831
-67.05525
-65.71441
-66.87375
-68.65793
-69.73858
-66.87156
-67.12769
-66.27556
-63.87949
-66.29323
-69.33662
-68.10319
-66.84608
-67.35472
-68.61497
-68.34988
-66.46278
-68.14218
-68.45001
-70.76334
-69.48718
-65.24129
-62.73414
-68.06458
-70.67955
-72.32554
-68.39714
-69.46882
-71.43013
-71.50819
-73.74316
-71.51673
-75.79042
-75.92860
-73.05888
-74.21530
-75.03436
-72.17160
-72.88582
-72.91137
-68.31766
-68.24914
-64.53965
-59.48875
-66.54837
-68.12572
-72.73325
-69.78760
-73.10085
-71.26719
-68.32836
-68.93330
-75.13429
-64.86641
-67.63281
-66.82730
-52.71901
-59.30988
-65.99526
-63.88198
-68.10600
-67.25866
-74.56475
-70.87948
-74.84846
-66.98955
-59.37787
-59.19495
-58.22691
-60.91762
-71.07343
-67.42023
-72.96887
-72.93852
-69.75549
-68.36631
-68.31014
-69.34206
-73.03216
-73.88414
-76.79218
-75.38480
-75.38023
-70.66911
-69.94054
-68.64144
-63.95917
-60.65136
-63.50490
-67.21811
-63.64828
-63.01916
-64.20256
-64.42358
-64.13356
-66.24168
-65.98736
-64.70730
-58.72443
-60.57546
-64.21931
-62.24879
-63.48241
-63.55161
-64.01390
-65.12565
-65.77350
-65.79667
-65.31445
-65.18665
-65.69058
-64.45224
-63.05010
-64.47031
-65.79582
-64.42725
-64.99549
-63.41790
-65.28009
-63.33068
-61.69896
-62.55347
-62.15470
-61.57530
-62.99188
-63.50572
-60.36721
-59.63685
-60.23540
-61.40994
-61.94715
-60.31532
-59.18835
-60.09714
-59.00597
-59.98377
-57.23789
-58.05627
-61.03225
-60.02624
-60.77887
-61.81314
-60.69403
-60.02383
-61.56674
-60.80625
-61.47678
-60.26853
-60.41960
-60.26633
-60.44621
-59.93156
-61.37070
-60.35176
-59.83325
-60.85431
-60.79414
-60.31135
-60.07759
-61.59543
-61.77860
-61.71278
-62.18679
-61.03814
-58.47035
-59.40458
-61.98561
-62.19170
-62.21058
-62.38830
-59.96319
-60.93896
-61.77726
-62.87266
-60.36463
-61.94174
-63.81269
-63.31487
-62.96985
-61.30168
-60.08514
-59.99998
-59.79347
-60.19479
-59.50180
-53.26505
-54.00024
-56.73374
-56.89230
-55.92296
-54.71806
-52.93101
-54.37133
-57.23936
-57.81460
-58.40431
-56.72045
-58.24762
-58.62980
-57.40886
-56.01352
-55.49092
-55.55883
-57.23643
-58.50405
-58.19957
-57.20701
-56.66049
-58.65772
-59.20891
-59.75259
-60.08294
-58.42452
-60.16272
-61.06564
-61.90726
-63.70749
-60.52409
-58.64067
-59.11670
-59.69063
-58.72221
-59.16192
-57.58521
-58.98114
-59.75866
-59.70064
-59.22679
-58.32139
-61.42411
-59.39385
-59.89499
-61.70382
-63.25621
-63.11945
-62.94218
-60.40319
-60.98909
-63.07204
-62.31402
-65.06565
-62.95231
-62.61161
-62.29248
-61.41936
-63.23535
-66.78607
-61.34102
-62.18517
-66.03489
-65.19284
-65.68989
-63.94803
-65.06404
-65.11595
-65.60986
-67.56825
-67.24768
-66.08112
-66.50324
-66.45330
-66.47531
-66.67871
-68.24600
-68.37305
-67.59132
-68.63399
-69.78746
-69.22083
-70.49568
-70.96683
-66.82957
-66.97962
-69.81380
-67.07287
-70.09078
-72.06293
-65.70606
-68.64871
-69.86532
-69.47627
-73.82690
-72.69548
-72.02653
-73.66995
-72.92790
-72.72713
-71.84581
-70.18935
-69.63666
-70.10716
-70.78232
-69.68832
-70.18438
-70.24349
-70.72550
-72.13720
-72.54153
-70.73827
-71.69073
-71.32058
-71.31225
-71.73313
-69.67102
-72.21255
-72.50785
-71.76331
-72.20651
-72.25226
-72.80443
-71.99183
-71.31770
-72.42845
-72.33269
-71.90849
-73.72318
-73.28357
-75.21867
-73.93455
-75.05420
-70.71316
-65.91424
-71.30522
-75.23077
-72.91470
-77.89488
-76.31726
-74.42870
-76.90394
-73.80037
-72.61165
-74.86557
-73.28902
-72.21180
-74.07142
-73.86205
-72.01620
-72.18060
-72.66337
-72.15839
-71.98130
-70.32861
-70.64953
-72.63454
-72.59417
-72.91376
-72.11893
-73.16872
-73.34222
-72.48983
-73.03494
-73.88016
-73.74511
-74.12156
-75.17332
-75.74625
-76.94765
-77.01529
-78.43817
-78.52387
-80.45219
-80.24667
-79.01951
-78.58506
-79.44603
-78.35333
-78.05774
-74.77940
-73.27762
-77.00223
-73.68871
-76.19217
-78.02031
-76.67568
-77.62170
-76.30006
-73.26946
-74.85528
-77.86617
-74.05306
-74.72096
-74.90545
-73.14402
-74.15708
-73.10265
-72.42874
-73.70937
-69.67367
-70.36726
-77.50867
-75.21134
-75.95022
-76.63142
-76.39575
-75.32191
-71.80142
-73.12308
-71.36721
-73.42632
-63.38543
-62.30612
-68.57100
-68.71937
-72.28923
-70.60320
-67.05518
-71.55253
-73.50191
-72.87601
-71.56460
-62.11637
-64.38471
-71.32922
-68.09342
-67.58099
-69.42608
-71.65351
-72.04573
-72.07452
-74.85093
-75.61191
-74.09190
-73.68535
-72.53626
-74.25204
-72.88276
-68.75402
-67.19805
-69.12170
-71.43784
-73.63229
-72.85070
-73.92917
-71.00676
-69.66366
-69.73872
-69.08081
-67.19906
-65.48145
-63.65617
-61.47391
-63.38546
-68.04756
-71.18839
-72.25362
-67.58942
-64.23821
-62.03790
-61.53036
-64.89304
-65.52914
-68.28394
-71.26283
-72.18864
-73.19023
-73.54204
-71.10485
-67.03189
-71.26150
-72.38637
-71.55165
-73.06935
-73.48596
-71.84083
-71.81170
-72.14604
-72.29013
-73.86302
-71.41573
-71.34575
-69.80340
-68.89531
-70.19004
-69.07377
-71.85323
-70.41400
-69.04468
-69.66524
-70.55580
-71.10358
-70.64439
-72.48879
-71.32139
-71.08467
-72.28815
-69.74323
-68.23761
-69.97957
-70.26388
-72.26133
-67.85767
-69.55956
-71.11961
-69.02255
-69.96871
-69.68047
-69.76325
-71.37429
-69.59992
-66.53346
-65.75084
-63.44123
-61.00649
-59.68823
-59.51381
-61.24239
-64.87861
-65.58600
-66.82829
-67.69601
-68.35407
-67.60090
-62.91218
-58.20916
-56.88636
-56.01469
-53.89128
-52.98779
-54.01012
-55.51074
-57.52963
-60.86438
-66.04860
-67.89135
-66.80121
-68.04385
-67.97892
-67.90454
-67.41558
-66.99180
-66.42324
-67.51446
-63.50149
-63.67814
-63.97243
-63.09396
-64.33771
-66.30229
-67.22797
-67.80082
-70.34368
-69.00837
-69.63327
-69.53453
-67.31123
-68.96893
-71.56586
-70.23190
-69.54148
-69.54986
-70.21307
-67.99033
-68.10985
-69.01444
-69.88583
-69.90074
-70.25507
-71.20258
-71.36524
-73.62403
-75.90289
-75.74234
-73.49414
-74.47117
-73.54627
-74.14383
-76.05970
-77.26924
-78.71696
-75.16409
-70.86899
-66.96062
-63.66230
-61.04716
-59.55750
-58.89688
-58.78623
-58.59245
-60.42357
-63.72051
-68.17422
-73.65316
-76.63611
-77.91914
-72.99933
-73.22605
-70.68982
-68.76830
-67.14583
-66.46392
-66.79303
-66.81553
-68.14401
-70.05156
-72.75582
-74.96719
-76.10744
-79.23090
-80.54751
-79.73061
-79.58794
-78.15950
-75.57868
-77.03918
-79.31643
-78.45618
-79.10585
-73.69731
-76.71586
-78.75364
-77.20787
-79.63261
-77.78581
-76.84333
-77.23047
-78.91048
-77.51760
-77.76519
-78.10726
-78.24333
-76.32309
-75.27006
-76.78764
-78.29299
-78.58369
-78.36983
-73.60507
-72.44113
-72.15958
-73.20427
-69.82631
-70.14845
-69.67368
-67.25609
-69.13149
-69.75232
-74.23207
-69.32449
-69.92114
-71.72767
-71.24823
-72.39463
-74.93279
-75.01150
-73.09807
-75.03154
-68.79004
-67.60348
-71.56647
-71.11037
-74.57809
-74.61585
-75.07334
-74.74629
-66.86387
-69.17114
-69.94886
-69.69213
-71.98700
-71.95763
-71.24598
-70.61866
-69.33070
-76.47235
-61.54189
-62.38109
-76.22702
-69.12716
-71.12908
-69.53362
-69.86956
-68.72983
-71.04413
-69.39354
-69.90649
-69.72972
-69.34781
-64.66673
-67.33906
-67.41233
-64.42127
-62.40178
-60.34613
-59.23520
-59.04085
-60.15874
-60.02847
-62.72204
-63.80642
-68.90712
-63.44339
-62.74117
-68.73934
-66.38678
-66.39597
-65.91918
-65.22478
-66.47846
-66.24823
-71.29564
-68.06352
-70.07244
-61.26858
-57.62442
-64.54902
-65.64739
-69.23791
-70.12274
-71.66077
-70.75322
-71.19926
-72.97222
-70.81344
-71.27116
-70.52782
-70.82092
-72.20484
-70.36168
-70.07535
-67.91510
-68.99224
-67.31226
-65.50506
-70.40305
-70.39481
-70.25934
-69.24396
-71.25701
-65.57405
-69.06509
-58.14234
-56.74183
-65.25956
-65.30318
-67.51773
-65.73278
-67.91421
-64.62677
-64.84155
-57.90394
-55.55595
-56.69629
-55.54203
-56.84911
-57.30666
-60.31579
-63.82279
-66.37342
-65.98978
-66.11117
-67.14354
-68.62674
-67.72075
-67.25642
-67.36327
-66.12101
-65.50006
-64.41191
-64.19283
-63.13173
-64.82024
-66.52856
-68.03398
-67.44758
-68.31002
-64.88871
-68.31287
-64.73687
-68.48621
-59.47051
-54.38882
-60.77659
-61.89331
-62.34807
-62.56111
-62.60719
-64.26797
-64.40264
-63.56393
-64.70716
-62.62346
-61.81837
-62.70622
-61.36528
-60.83437
-61.83285
-62.68806
-61.29368
-61.15912
-61.26268
-60.77206
-59.91098
-61.65002
-61.34483
-60.42199
-61.17165
-59.89146
-60.35333
-60.88087
-59.28424
-59.66493
-59.75517
-60.66802
-59.29201
-59.50515
-59.14629
-57.76107
-56.89333
-56.63123
-57.53502
-55.31929
-55.84868
-57.58063
-56.70476
-55.50392
-55.01363
-54.68959
-53.95940
-54.46060
-54.61056
-54.56794
-54.70783
-54.31273
-54.89161
-53.49403
-52.96360
-53.12848
-53.40022
-54.67855
-55.36109
-55.63535
-56.07798
-56.33269
-57.69881
-56.21083
-55.69165
-58.66990
-58.42340
-58.07655
-58.07994
-59.00962
-58.16216
-58.85796
-56.46690
-55.27533
-54.66760
-54.20779
-55.52636
-55.93704
-54.61931
-55.19436
-56.16270
-53.53611
-53.19395
-53.21716
-54.28620
-53.48130
-53.77101
-55.53857
-55.36880
-54.75893
-54.61405
-54.59365
-55.23051
-55.05448
-55.26632
-55.13725
-54.93651
-54.47271
-53.80292
-54.87973
-54.33896
-54.64142
-54.81709
-56.79443
-56.51269
-56.18581
-55.59621
-55.54767
-55.77422
-54.80088
-54.94912
-54.57543
-54.05965
-52.49608
-52.80686
-53.05031
-53.42929
-53.94313
-54.16313
-53.26138
-52.32323
-51.95940
-52.80902
-53.30758
-52.45569
-52.24335
-52.93128
-53.49519
-53.26265
-53.95617
-51.19780
-49.83378
-51.39328
-57.57323
-65.48434
-65.64879
-68.87400
-67.23949
-67.80445
-68.64459
-73.30497
-71.45320
-72.81222
-74.23240
-74.14022
-74.71262
-74.37807
-74.65081
-79.63219
-79.89275
-80.69809
-82.61037
-82.50983
-83.75291
-81.80688
-86.70384
-86.58773
-90.51439
-86.50735
-89.95123
-88.38720
-91.96140
-90.25562
-93.72728
-91.78262
-95.10673
-94.70810
-95.13349
-95.07179
-95.46786
-98.02872
-97.49665
-99.36833
-96.61866
-100.01820
-97.23273
-102.33772
-99.03707
-103.82943
-101.08811
-105.59981
-101.06335
-106.59676
-103.45023
-105.91822
-105.50538
-105.44317
-107.33573
-106.31728
-111.16168
-105.18871
-112.08798
-96.97086
-111.25141
-101.99569
-106.02102
-105.07828
-111.45155
-106.20728
-111.89414
-104.88217
-111.68026
-109.17690
-109.93037
-114.36359
-107.27770
-115.12924
-102.83041
-127.09300
-101.92900
-106.90852
-99.59832
-103.13887
-96.72323
-98.68710
-93.81910
-93.89374
-89.51038
-87.19431
-68.82112
-56.71674
-57.10398
-57.86070
-54.79575
-55.07836
-58.64035
-58.26708
-57.82411
-60.80770
-57.79740
-60.33368
-63.10327
-58.31857
-59.28814
-61.85267
-63.05843
-62.45919
-63.94860
-64.82484
-68.43990
-68.41879
-65.84325
-67.82579
-68.69911
-68.36133
-67.11869
-67.31855
-68.35850
-69.84514
-68.55637
-69.71576
-71.23708
-73.84684
-73.44800
-74.80142
-76.81229
-77.40975
-75.68384
-75.63960
-79.77319
-80.43720
-78.62590
-76.76446
-83.25976
-80.46559
-79.81149
-78.02476
-78.58772
-79.38481
-77.49627
-79.03767
-80.20682
-81.83653
-79.00220
-77.63558
-77.01738
-76.82286
-77.86886
-79.96622
-80.87808
-77.86687
-80.97558
-81.09071
-80.88102
-82.52659
-78.40237
-76.72322
-77.53250
-76.39138
-75.05122
-78.76915
-80.47610
-78.09143
-79.20064
-81.35330
-81.70931
-83.87194
-81.63861
-82.13379
-80.32598
-79.34450
-81.54507
-77.56214
-76.70442
-79.68111
-78.33812
-78.08444
-79.34713
-79.18883
-78.05431
-78.27671
-79.17242
-76.91582
-75.31420
-74.74862
-76.71422
-78.67603
-77.59265
-79.57329
-77.81881
-76.14149
-79.55504
-75.90605
-76.46005
-78.96365
-77.88839
-77.51555
-77.76191
-78.53870
-79.03207
-79.73619
-76.44102
-78.25101
-78.95505
-78.45334
-79.77566
-77.49824
-77.90384
-77.91535
-77.98608
-77.03579
-78.82151
-77.14816
-75.60978
-76.79387
-76.61650
-76.16511
-75.10277
-75.79504
-75.84364
-75.76564
-73.70559
-75.32512
-74.11265
-73.45849
-74.81189
-74.25292
-74.50479
-74.71317
-75.93429
-77.22175
-75.94294
-74.93327
-76.27144
-76.07368
-74.87228
-74.19207
-75.46363
-73.91800
-76.20305
-74.16614
-73.29573
-73.34959
-72.28156
-74.71572
-74.15913
-74.42684
-73.94854
-73.24915
-72.45993
-73.05923
-72.78281
-73.81742
-72.90023
-70.90274
-72.66394
-75.45516
-72.60437
-71.66597
-73.98763
-75.09641
-72.62607
-71.34133
-75.42299
-75.48434
-77.11243
-72.90686
-72.93675
-75.23836
-74.16661
-75.94738
-74.74368
-75.24751
-75.69860
-74.19750
-73.91014
-74.02435
-73.70910
-76.26642
-74.36144
-74.68483
-73.97300
-74.29356
-74.22372
-74.82574
-73.54004
-73.31912
-73.67158
-71.73052
-73.37494
-74.05757
-72.28551
-74.04768
-72.84843
-67.43351
-69.83833
-70.08380
-73.80363
-74.02943
-71.66787
-72.48088
-70.31716
-71.09306
-69.87276
-67.62162
-68.65295
-71.09030
-67.30491
-67.98051
-67.97699
-68.24601
-68.01030
-70.60968
-73.20438
-71.88303
-72.62383
-69.06122
-70.60454
-72.65072
-71.58285
-71.88488
-72.32538
-66.69661
-64.39129
-68.50192
-71.24847
-66.26642
-66.15268
-65.42110
-59.89122
-56.98221
-56.61018
-55.66734
-53.85489
-54.41261
-58.16227
-59.06702
-57.78111
-58.91147
-60.12111
-60.60550
-58.87417
-60.30958
-61.71691
-61.46948
-62.05263
-60.65685
-63.04636
-64.21575
-64.81357
-64.35980
-64.72086
-65.94488
-64.25533
-65.28635
-65.71608
-66.46633
-67.14335
-68.69512
-67.40932
-68.21607
-70.04842
-67.55597
-68.24898
-68.55585
-69.23728
-68.52658
-69.92326
-70.69561
-68.86198
-68.18649
-67.87846
-68.77550
-65.55888
-64.41365
-63.65004
-64.89577
-67.01724
-66.51629
-67.69052
-67.00515
-68.35575
-71.48994
-69.49281
-69.42624
-68.47815
-68.31452
-71.47542
-70.26764
-71.39525
-69.64902
-71.67974
-67.62142
-67.05067
-69.93473
-68.93212
-71.00183
-68.55886
-70.15032
-69.27900
-70.13535
-68.13558
-68.30764
-70.01405
-70.48491
-70.67668
-69.16526
-69.20836
-68.03094
-67.93015
-68.96393
-70.96210
-69.21418
-70.65812
-69.33641
-70.92974
-65.60558
-57.24715
-56.41313
-60.89634
-58.54294
-55.37665
-55.07210
-57.54206
-59.34628
-58.02348
-60.19777
-62.10577
-64.66446
-61.85410
-61.21057
-64.03893
-65.77050
-65.81738
-63.29162
-63.11435
-65.43658
-63.91229
-64.20121
-65.72279
-65.48544
-66.73758
-66.39346
-67.82298
-68.44175
-69.68638
-67.82685
-67.91414
-70.24864
-65.77147
-67.80545
-69.93863
-67.53931
-69.19116
-66.66078
-70.64497
-65.86235
-66.31197
-65.70027
-67.17157
-68.38772
-67.19996
-65.51857
-63.16942
-67.99564
-67.84105
-68.65924
-67.83179
-71.30652
-67.70395
-69.67228
-57.62236
-54.51542
-55.22867
-53.99115
-53.00478
-54.38136
-59.26349
-57.55566
-55.36581
-56.11740
-58.77525
-57.09422
-59.11143
-60.30898
-59.57065
-62.79508
-60.86578
-59.41958
-63.77512
-64.45960
-62.02424
-61.44823
-58.69058
-60.83714
-64.01100
-63.62884
-65.36518
-64.73455
-65.02089
-66.05480
-64.58128
-64.43471
-65.99769
-62.26920
-63.49924
-65.45090
-62.89814
-65.86233
-63.57433
-64.42609
-66.10062
-65.94195
-64.74317
-65.36704
-67.79954
-65.69498
-67.17325
-66.62655
-62.97150
-68.03966
-63.36327
-60.56053
-64.17225
-63.06816
-65.71589
-65.34218
-65.19979
-65.94171
-65.18086
-65.60413
-65.90337
-66.13862
-66.66743
-66.02462
-65.84052
-62.70060
-61.80776
-63.28153
-64.93086
-65.48621
-64.28477
-64.51327
-62.62558
-63.37838
-65.26556
-63.43490
-63.25838
-62.78812
-65.90799
-66.20435
-65.51824
-64.02394
-59.88060
-61.44195
-62.33967
-63.28044
-64.32197
-68.09449
-64.39496
-63.52740
-62.17347
-59.61766
-60.80799
-63.03912
-66.52373
-61.04115
-60.38819
-64.60046
-65.69012
-62.98569
-62.45209
-63.17737
-62.92891
-63.11184
-63.53145
-66.34049
-64.29034
-63.16666
-64.55277
-61.19186
-61.15332
-64.34458
-62.77905
-59.62114
-62.85814
-64.64889
-64.57786
-62.14554
-61.55143
-61.18542
-61.33035
-62.96982
-62.34193
-59.77333
-57.28023
-62.45894
-61.60715
-58.41383
-59.44627
-60.48077
-59.73838
-61.17375
-62.79740
-61.69443
-60.41531
-60.47126
-60.67830
-62.00646
-60.93573
-59.77565
-61.44946
-62.63312
-58.76746
-57.38517
-61.34380
-59.17155
-59.93826
-62.27387
-62.66113
-63.38369
-61.52724
-61.91528
-60.80702
-59.33709
-63.20000
-59.11615
-55.43630
-54.76855
-54.74022
-53.99821
-54.18697
-53.97810
-53.86965
-56.52903
-54.68198
-56.25015
-57.99023
-55.91220
-56.60000
-55.06562
-55.94756
-55.56297
-54.77777
-56.53641
-57.14852
-58.94964
-55.41875
-55.31860
-57.66983
-58.64166
-57.20811
-57.21107
-57.44324
-55.45544
-57.63884
-58.66011
-55.72542
-56.75036
-61.23821
-59.34365
-58.99383
-57.82707
-57.94954
-60.02753
-57.14501
-59.98326
-57.16102
-55.91669
-57.45362
-58.90506
-59.48648
-53.33249
-57.72827
-57.54462
-56.71828
-60.80513
-57.93698
-58.54164
-58.71729
-54.75688
-54.05958
-54.00144
-53.39390
-53.22147
-52.68287
-52.24572
-52.61715
-55.02204
-53.65984
-55.70117
-56.43843
-56.66881
-54.83809
-56.01057
-57.32005
-56.64533
-55.83832
-57.87385
-59.10946
-55.91779
-57.97548
-56.25939
-57.20148
-54.95584
-54.24320
-54.30349
-55.88947
-56.27387
-57.52543
-56.40328
-54.73101
-56.26892
-56.91158
-58.97598
-57.19943
-58.44289
-58.25899
-57.22364
-59.07128
-58.12648
-58.44572
-55.52800
-52.87201
-54.02738
-52.87605
-52.60690
-52.42404
-54.29152
-53.88927
-53.50806
-56.10895
-55.70457
-57.11068
-58.42013
-55.67516
-56.11849
-52.95361
-50.97005
-55.59624
-55.31901
-54.49216
-55.98489
-55.78935
-55.45589
-54.99559
-54.52100
-53.45068
-52.72478
-56.57172
-58.78145
-57.39178
-53.83330
-55.03681
-58.75100
-55.96766
-56.06575
-53.40033
-54.03417
-53.55068
-51.35026
-51.88486
-52.32222
-52.93431
-52.09931
-53.63209
-53.49055
-53.56302
-57.19670
-54.50888
-54.74144
-53.57514
-53.90899
-54.88544
-53.26609
-54.62121
-54.34777
-53.70372
-53.84354
-52.65981
-53.59744
-52.98574
-53.62702
-54.51811
-51.81032
-52.25245
-53.19529
-52.11764
-51.99489
-53.80111
-53.01092
-51.52497
-52.80693
-52.72131
-51.70240
-52.23787
-51.59663
-53.51349
-52.29076
-52.57393
-52.47833
-51.31613
-53.29996
-51.84515
-50.96761
-50.39152
-50.43933
-51.30626
-51.11134
-51.96542
-50.43171
-50.60606
-53.22060
-50.10998
-51.40230
-53.32722
-52.91339
-52.72460
-51.67104
-54.36933
-51.68552
-50.28104
-49.08867
-48.61343
-50.70482
-47.62424
-48.06056
-49.33916
-50.31879
-51.07781
-50.85452
-51.58953
-49.36588
-48.34636
-49.23470
-48.93353
-49.62838
-48.69419
-48.79117
-49.47981
-48.06451
-51.66240
-50.68034
-50.73354
-49.43573
-49.22274
-50.27131
-50.94974
-52.00367
-51.70095
-52.21478
-51.37164
-52.09047
-52.22103
-53.82811
-53.76776
-54.00610
-52.64315
-53.31081
-55.54481
-55.69703
-54.22967
-55.45406
-55.07512
-56.51006
-57.87813
-55.36340
-54.97621
-56.32630
-58.01665
-55.96569
-57.35192
-56.54957
-58.41556
-59.60140
-59.17303
-60.91900
-62.50664
-62.65975
-61.90741
-62.21696
-63.88633
-65.73665
-64.79057
-66.03688
-66.76255
-68.79011
-69.35452
-70.42944
-69.11855
-69.17201
-70.82772
-72.23281
-72.66623
-72.40778
-72.93964
-73.13494
-73.96776
-73.49520
-73.31023
-72.80943
-74.32971
-73.04987
-72.61020
-74.53170
-75.30244
-74.53009
-75.00998
-75.54246
-74.44363
-74.62055
-74.82971
-75.02901
-74.21608
-72.87657
-73.54040
-72.53624
-73.09182
-75.54764
-72.21193
-71.07335
-70.40741
-71.84392
-72.44088
-71.22425
-72.56291
-75.80182
-77.28271
-76.36109
-75.46792
-75.27734
-76.10670
-76.35428
-78.25371
-76.93255
-76.93030
-78.79777
-76.14971
-75.09940
-76.08887
-76.31817
-77.02147
-77.00023
-78.18200
-77.17195
-79.13564
-81.46350
-81.27844
-80.43743
-77.73461
-75.83434
-77.80199
-76.70975
-76.04300
-75.97543
-74.68588
-74.83257
-70.61042
-65.97936
-61.46468
-63.48914
-66.17540
-65.25790
-63.51499
-63.26046
-62.98488
-61.34239
-59.43226
-56.06782
-56.77644
-55.86814
-54.84780
-53.44528
-52.90303
-53.61440
-53.03811
-53.25209
-52.38965
-52.31211
-53.38954
-53.33812
-53.39215
-54.18379
-52.07162
-52.67936
-54.84824
-55.58008
-56.87144
-56.72723
-57.30831
-57.59264
-56.34099
-56.10686
-57.47586
-56.82126
-57.63925
-58.70206
-58.36622
-57.11356
-57.60652
-58.45276
-57.47201
-55.86375
-55.67878
-55.86132
-54.80696
-55.78235
-55.68440
-55.85530
-56.56366
-54.64123
-54.39214
-53.64892
-53.57461
-54.19643
-54.01974
-54.11612
-51.88058
-53.92423
-52.21346
-50.96498
-52.47904
-51.45687
-50.89323
-51.37156
-53.05355
-51.85622
-52.20170
-53.04724
-54.01035
-52.28995
-52.35404
-50.56675
-49.76684
-51.31065
-48.79154
-49.56993
-50.10763
-49.79786
-49.60872
-49.39472
-49.77332
-49.47441
-49.31035
-48.99916
-50.39878
-49.93862
-48.93705
-48.90988
-49.90628
-50.10995
-49.17110
-49.76254
-49.46016
-49.64606
-49.94024
-50.80000
-51.39379
-51.78179
-52.45495
-53.20838
-53.67800
-54.45541
-54.83511
-54.43128
-54.80062
-55.36056
-55.28321
-55.93358
-55.24984
-54.33729
-54.74526
-55.95339
-55.38560
-52.40546
-53.30426
-51.78574
-52.11875
-52.98111
-52.05507
-51.91491
-52.94655
-55.88324
-55.97000
-55.59902
-56.55374
-57.03670
-57.54342
-57.42714
-56.47383
-57.30071
-57.09280
-56.86777
-57.06615
-57.27864
-56.93419
-57.98924
-56.64272
-55.88181
-56.40477
-57.81041
-57.52305
-55.66031
-58.12639
-58.79356
-57.91333
-61.14643
-59.07408
-58.15447
-57.44895
-58.84040
-55.41875
-53.74177
-56.42637
-54.65095
-57.31471
-54.33733
-55.35693
-57.44919
-54.15836
-55.53946
-58.73888
-58.65876
-58.73742
-61.59962
-60.43078
-61.78036
-60.86131
-61.32296
-63.47282
-63.50200
-65.20564
-66.11642
-66.33435
-66.64002
-65.65653
-65.99724
-65.57944
-65.45941
-66.69333
-66.10954
-66.71670
-69.38130
-69.24173
-68.29126
-68.91781
-70.55682
-70.16815
-70.48560
-70.16111
-69.96408
-68.40178
-67.97250
-67.19587
-66.60377
-68.93193
-67.01593
-67.35356
-67.95000
-68.79811
-69.35303
-70.17055
-72.24722
-74.43584
-73.88994
-73.02292
-73.63530
-71.83315
-72.92097
-73.69102
-74.98346
-75.63713
-74.16737
-77.03832
-75.59155
-75.16397
-78.02398
-74.96119
-75.94492
-76.89022
-77.01629
-78.64920
-78.41014
-77.53441
-78.82293
-78.61147
-78.48074
-78.61050
-77.33299
-77.95832
-78.24295
-78.47706
-78.92414
-78.46846
-78.26577
-78.57029
-79.11139
-77.51769
-77.09984
-77.42056
-79.03215
-79.57591
-77.88688
-79.48941
-78.19361
-78.37624
-78.16811
-79.24056
-78.98468
-78.18578
-79.57166
-79.46394
-79.86570
-79.33757
-78.96927
-75.82047
-75.24153
-76.54128
-76.16423
-75.42078
-76.37025
-78.19231
-78.08645
-77.33048
-76.90936
-77.90699
-78.26909
-78.55356
-77.11101
-78.29568
-77.69693
-76.30810
-75.92335
-75.36247
-75.24020
-74.60182
-76.20039
-75.79450
-76.46875
-76.37310
-77.46285
-77.91755
-76.31542
-76.07962
-77.50430
-76.65990
-75.86359
-76.63481
-76.23950
-76.56431
-76.39609
-76.46701
-76.98959
-76.01699
-74.57628
-74.55917
-74.01500
-75.09644
-74.79240
-76.41032
-77.03166
-76.71343
-74.13973
-73.87320
-74.56791
-74.35159
-75.97610
-73.76859
-74.79972
-74.33918
-74.65390
-74.17941
-73.88688
-75.31990
-73.61753
-73.90614
-74.31757
-72.96454
-73.49574
-71.99010
-71.43708
-71.13352
-70.80230
-72.58942
-72.88387
-74.25287
-74.41120
-73.53278
-70.83892
-72.28969
-72.55195
-72.79888
-72.53351
-71.87046
-69.81333
-67.05157
-71.42350
-70.69959
-71.69271
-69.99075
-68.23908
-69.98740
-70.09917
-70.29008
-70.35408
-71.11644
-69.67434
-68.71591
-69.16389
-72.98642
-71.76552
-71.34776
-69.16503
-70.92556
-72.05912
-71.50841
-71.12612
-70.02864
-72.44937
-71.58489
-71.50370
-69.58061
-68.30386
-67.71191
-68.76996
-64.90318
-66.43764
-69.54962
-67.68999
-68.29237
-69.24117
-73.74853
-69.27292
-69.41820
-70.64941
-68.39591
-68.05447
-70.26317
-72.71879
-71.11878
-70.72745
-70.97837
-73.99072
-68.37544
-65.65855
-66.84573
-65.77870
-65.20579
-67.33016
-69.02447
-70.53033
-69.76367
-67.05738
-67.72917
-63.99167
-66.26463
-68.80498
-66.61316
-67.31762
-66.00327
-66.06698
-67.08339
-69.17406
-66.84340
-66.75924
-68.56379
-70.19484
-72.76746
-69.79533
-66.66025
-66.68220
-65.55258
-66.77066
-68.57923
-71.45689
-72.07726
-68.55069
-64.51831
-61.64742
-63.40828
-64.61649
-63.17254
-61.62686
-62.51304
-63.81446
-66.17769
-67.93788
-66.94050
-62.23278
-60.33766
-59.26434
-57.45438
-56.87727
-55.87194
-55.38935
-56.01292
-58.45724
-61.10000
-65.15458
-68.78280
-72.28806
-69.40059
-68.37467
-67.18045
-63.97876
-61.87948
-58.78135
-58.12036
-57.87549
-57.24139
-58.11138
-61.55771
-61.51068
-56.77813
-54.26404
-53.73354
-54.42697
-56.48713
-57.00856
-56.82242
-57.94121
-59.39448
-59.45939
-59.84053
-59.83568
-58.63852
-55.68860
-54.09058
-55.61212
-56.27071
-58.28915
-63.15590
-63.29807
-63.60787
-64.94928
-65.63365
-63.75005
-58.93582
-56.60104
-57.85523
-60.41176
-60.28916
-58.70130
-58.64291
-58.74060
-58.03413
-57.26419
-57.14193
-60.97542
-60.95792
-58.87918
-61.91506
-61.32197
-56.89144
-63.97507
-61.10944
-62.42733
-60.32648
-60.22486
-62.45832
-61.01484
-57.86180
-59.12587
-62.24547
-59.01292
-64.01735
-62.42527
-61.72087
-57.63686
-60.42114
-58.70181
-58.81830
-56.79204
-62.52715
-58.73753
-64.47528
-55.47698
-58.48514
-56.60575
-54.18136
-55.20203
-61.59609
-53.99405
-57.53547
-53.29275
-51.82988
-51.76896
-52.10160
-57.50363
-50.61699
-53.78036
-51.14917
-58.85797
-47.44409
-51.89713
-45.21199
-52.48299
-46.97954
-52.26187
-43.63946
-48.07227
-42.86362
-54.13669
-43.18127
-68.72429
-33.02229
-20.38713
-19.55402
-19.26175
-22.38524
-22.20788
-23.83477
-29.52278
-36.69698
-27.08928
-19.90587
-23.06264
-30.91596
-42.85427
-44.25405
-48.70918
-43.55638
-47.31512
-46.47590
-53.15467
-49.29483
-52.10937
-52.70819
-49.73332
-49.34122
-51.69904
-56.07224
-53.84119
-55.27104
-51.06156
-56.79350
-49.67478
-51.31829
-46.11766
-44.40083
-48.45654
-52.12360
-48.96804
-56.22220
-51.41330
-54.10564
-52.11152
-51.38199
-48.81181
-44.56297
-44.57603
-45.10524
-43.38454
-42.94786
-42.85814
-43.50679
-47.58786
-50.79065
-53.01416
-55.86802
-57.90513
-55.19353
-54.24329
-50.38203
-55.36521
-55.50067
-56.50141
-54.60509
-56.33697
-54.92659
-58.50712
-60.95626
-62.54642
-62.68072
-72.18004
-57.39610
-48.02976
-53.98660
-50.74380
-48.57900
-48.47383
-51.25099
-48.10800
-47.06068
-49.55676
-49.57194
-50.92061
-48.44119
-47.04258
-51.69920
-57.34199
-57.38927
-59.69453
-58.38149
-59.69177
-59.46865
-60.79005
-62.13558
-62.74784
-66.93224
-64.33320
-65.99793
-66.95110
-67.91271
-71.08725
-67.89162
-70.79954
-70.91621
-76.27544
-71.23262
-80.43019
-69.99464
-82.21329
-64.72778
-70.68235
-59.20970
-58.39549
-51.62922
-57.16128
-49.32972
-53.60418
-46.54080
-56.33529
-32.18960
-23.31091
-22.78011
-23.35083
-28.05080
-35.92107
-46.43417
-45.33750
-53.98670
-40.69707
-26.94054
-26.05136
-32.23662
-40.24412
-49.11446
-45.54044
-28.64863
-26.63894
-30.68906
-40.80574
-48.41878
-51.27195
-52.07197
-50.32998
-52.36642
-49.44511
-51.57410
-49.27920
-50.57930
-48.40824
-49.99704
-49.04334
-50.74218
-48.94036
-49.81577
-49.66497
-50.18710
-49.54220
-50.04044
-48.73838
-50.43698
-50.60970
-50.16756
-50.40599
-50.33732
-51.49612
-50.61417
-50.86924
-49.88914
-50.75474
-50.11905
-50.41572
-50.99661
-50.74298
-49.67853
-48.89539
-50.20887
-52.22882
-48.79602
-49.56899
-50.19477
-48.11096
-48.44384
-51.02455
-51.96154
-50.72772
-50.75512
-51.69025
-51.89366
-51.38054
-49.93384
-50.89568
-51.32810
-51.22801
-52.17550
-50.97130
-49.05977
-47.95954
-50.20730
-49.45129
-50.20943
-50.26485
-49.82328
-50.95374
-49.73480
-49.71703
-52.52001
-52.35209
-51.60574
-52.46361
-53.67587
-54.21434
-52.70130
-52.57284
-52.51298
-52.89438
-51.82867
-52.25808
-50.96656
-50.98559
-49.73788
-50.45707
-51.37306
-50.07732
-50.42054
-50.87338
-51.72605
-49.75044
-50.59775
-50.61731
-50.32186
-52.09720
-52.06477
-50.84592
-50.25663
-49.62345
-49.66172
-51.62709
-49.69962
-49.23753
-50.55214
-48.94703
-49.62491
-49.52626
-48.78929
-49.11885
-49.17541
-51.49610
-49.99982
-48.89725
-50.95150
-49.79210
-50.13437
-49.96900
-52.39078
-52.17745
-51.47506
-52.63053
-50.49138
-49.79488
-48.49150
-50.15143
-49.54825
-49.96517
-51.49584
-51.27283
-50.48220
-51.57260
-50.53144
-48.16548
-50.34653
-50.07112
-50.76999
-51.92814
-50.54135
-50.28317
-50.29232
-52.26623
-53.40628
-54.18494
-53.13539
-53.55722
-52.63101
-49.81840
-52.50161
-53.42576
-52.42661
-50.33373
-50.36069
-51.64963
-53.43881
-53.72763
-53.92977
-54.59423
-51.99768
-51.78898
-52.43313
-53.66246
-50.91825
-52.51215
-54.37545
-54.89610
-53.19563
-50.94514
-52.01542
-54.21438
-55.39366
-53.85907
-55.43621
-53.55177
-54.75495
-55.38939
-55.21799
-54.79245
-53.83356
-54.31221
-52.86199
-50.19715
-50.40343
-53.65157
-54.45537
-54.82042
-53.13712
-52.58417
-51.67625
-51.76551
-51.99213
-53.27348
-55.03409
-55.09909
-55.01047
-55.70579
-54.88159
-50.01557
-50.56640
-52.64166
-53.50983
-53.61658
-54.13078
-55.93758
-54.09707
-53.84879
-55.89997
-52.86436
-49.74718
-52.85894
-53.79790
-53.76070
-54.39539
-51.91574
-53.11666
-55.31540
-54.63233
-55.26265
-56.19401
-52.26094
-53.09321
-54.89906
-53.56052
-55.77730
-55.90895
-56.24258
-56.41096
-55.28173
-54.62190
-51.64190
-52.78768
-54.92240
-51.93746
-51.35068
-53.99317
-55.03426
-56.51110
-57.28766
-57.67415
-59.50535
-54.71531
-54.70074
-57.04600
-58.14426
-55.76647
-55.73488
-59.18618
-58.39429
-56.48267
-54.27312
-55.59288
-54.05232
-53.26272
-56.82616
-57.73737
-58.49583
-59.18902
-61.29972
-62.36097
-61.14100
-59.78737
-56.14994
-57.12141
-59.28104
-60.39346
-61.18666
-60.22767
-62.64858
-58.66987
-57.48231
-58.70310
-57.26762
-58.26767
-57.64224
-58.04680
-58.75154
-59.94540
-57.28519
-56.49750
-57.80197
-53.49017
-55.10395
-58.28537
-57.03039
-59.01146
-60.73424
-62.44123
-60.45161
-60.25955
-61.61132
-57.31450
-56.24635
-57.78721
-57.97767
-58.75732
-61.21060
-60.41274
-57.04667
-57.10246
-59.15883
-59.24133
-60.41334
-60.22381
-61.09318
-60.49342
-61.72270
-61.54180
-57.66591
-55.68174
-54.07565
-56.63825
-58.60399
-59.36955
-60.08660
-60.64071
-61.79477
-62.63447
-61.66388
-62.23599
-64.01453
-62.12356
-62.93072
-61.91880
-61.91803
-60.53780
-61.01967
-64.47492
-62.96447
-63.87569
-63.48613
-63.15332
-63.14863
-64.26075
-60.21043
-58.20775
-63.05201
-61.10615
-61.16326
-63.19418
-64.29424
-65.17993
-64.15600
-64.70515
-65.30491
-64.22894
-64.44293
-59.98293
-57.60061
-59.76431
-59.61234
-61.55660
-64.54125
-63.66237
-65.44682
-67.68024
-65.44762
-66.11224
-65.69206
-67.42340
-67.38020
-67.37155
-69.58158
-64.69847
-63.73046
-66.35569
-67.86780
-67.67442
-66.87802
-67.89440
-67.28588
-66.20540
-68.19926
-69.61020
-69.15591
-69.36966
-69.95220
-69.30471
-68.63266
-69.87229
-72.00593
-71.45421
-70.44289
-69.80856
-70.39563
-70.38811
-70.40986
-66.54656
-71.60579
-72.27161
-73.19265
-66.06604
-62.62971
-67.19328
-64.55659
-66.04691
-63.16628
-64.47006
-67.25560
-68.27947
-69.86909
-69.45121
-71.42328
-72.28183
-72.86236
-72.37253
-74.58150
-71.72134
-73.77801
-74.53356
-75.22978
-68.34946
-68.66786
-73.66490
-72.93996
-74.51307
-74.86458
-75.68343
-75.74630
-77.75091
-79.17711
-78.28573
-79.32160
-79.92324
-81.69033
-80.66413
-78.82344
-78.49353
-81.46614
-76.91933
-78.97273
-80.07181
-80.26585
-73.16138
-64.70828
-67.32096
-72.04210
-73.83952
-72.60354
-74.23999
-77.51659
-76.29123
-77.42706
-77.10396
-77.65013
-78.05452
-72.24386
-70.89990
-74.54566
-73.43124
-77.15839
-76.67910
-77.48574
-80.36852
-80.79654
-80.70838
-81.17323
-80.72995
-80.42137
-81.67860
-82.55806
-82.39876
-82.15327
-84.24040
-82.60242
-83.16331
-80.98241
-83.09408
-83.55464
-83.79681
-82.15496
-81.24424
-83.85311
-84.44161
-85.62206
-82.47514
-78.60235
-67.76021
-67.30438
-72.87448
-72.43909
-75.34207
-76.42920
-78.08333
-73.52599
-71.17391
-73.88140
-71.67600
-72.63315
-66.76229
-62.39954
-64.53233
-67.18860
-69.74145
-70.00017
-71.33224
-71.80074
-71.41566
-74.91487
-75.65770
-74.29928
-74.81348
-74.72185
-75.94911
-77.67128
-76.46838
-78.49639
-80.46614
-80.36749
-75.78107
-79.17075
-79.87071
-82.81819
-74.28218
-78.24163
-75.94725
-84.73724
-73.54518
-62.44960
-64.27757
-68.49160
-70.28513
-67.32581
-69.80868
-72.14730
-73.57296
-68.42822
-71.05529
-72.06862
-65.68807
-69.18961
-71.80335
-74.21596
-75.30845
-72.57732
-73.79988
-74.43533
-73.22677
-77.63596
-78.53427
-81.27152
-77.54295
-74.03976
-77.77083
-80.52757
-80.49629
-78.83249
-77.66974
-80.38024
-78.97877
-76.68484
-71.63959
-66.24544
-66.46150
-69.91745
-70.07064
-69.92295
-65.43836
-67.29624
-73.39853
-73.57725
-70.61443
-62.22506
-64.13799
-66.98145
-68.72790
-72.97127
-70.49989
-74.14072
-67.09808
-65.30746
-72.34776
-72.34573
-70.51035
-71.65548
-73.28326
-76.94040
-74.83662
-75.33088
-77.78938
-78.76226
-80.38053
-80.12226
-81.80613
-83.44928
-83.56612
-87.00043
-75.48638
-76.19314
-82.00662
-76.43306
-77.32803
-79.75773
-73.32033
-73.45398
-79.52689
-77.83719
-78.61507
-82.06417
-81.24648
-83.25626
-83.58749
-84.29752
-80.34951
-83.28975
-78.83368
-67.15664
-69.07442
-73.90936
-73.66127
-70.13164
-71.30187
-75.97948
-75.75143
-77.51278
-75.82175
-77.37129
-71.07601
-74.28251
-68.38288
-64.96533
-68.89513
-70.53884
-71.67333
-72.71618
-73.34901
-75.05703
-75.59008
-76.67894
-77.08530
-77.74226
-78.99422
-73.75179
-75.87174
-76.04390
-76.17865
-77.62384
-79.93298
-81.59818
-81.86923
-82.14831
-84.11206
-81.20331
-82.80962
-82.30729
-77.94774
-83.13014
-88.40485
-91.19556
-91.69857
-90.15167
-85.85149
-88.59636
-80.98170
-85.95936
-90.59044
-86.53466
-87.32872
-90.41107
-87.91254
-95.16268
-88.28152
-110.86422
-88.45326
-92.97924
-76.81223
-68.59371
-82.90706
-85.60548
-93.72592
-90.19760
-88.68655
-91.10020
-86.96020
-97.29486
-91.19835
-92.15809
-86.09915
-92.23511
-89.37968
-93.79424
-88.89535
-90.66210
-89.63823
-93.21347
-88.48637
-90.17528
-85.80859
-91.44251
-87.93356
-87.15663
-94.37344
-82.65179
-96.09959
-70.81453
-74.98238
-99.50335
-86.73367
-96.18145
-85.92761
-93.75636
-88.04792
-96.96301
-84.35229
-86.73844
-84.61257
-90.52644
-90.77846
-89.99594
-93.53984
-100.56974
-90.85134
-95.27255
-84.13638
-81.26744
-92.94588
-90.05138
-96.59088
-84.98228
-92.93599
-93.74986
-95.54654
-96.57992
-93.49005
-87.47244
-85.75020
-81.50543
-90.43881
-92.23290
-83.90828
-90.09930
-89.07519
-97.29325
-95.39998
-95.03809
-91.25935
-92.66178
-92.96867
-99.85299
-92.03570
-90.63931
-89.47843
-90.89039
-86.78469
-85.70101
-88.95098
-90.21607
-90.58609
-85.78536
-90.67580
-90.96165
-92.64782
-101.44707
-93.06433
-93.47768
-93.74579
-93.89248
-88.58927
-84.53082
-88.89831
-90.07479
-92.68529
-97.27203
-87.32935
-84.85731
-90.00556
-91.08915
-92.72573
-93.50350
-92.72650
-99.56893
-94.67569
-94.34040
-93.88505
-98.26702
-99.39409
-93.41206
-93.88956
-94.05038
-94.75366
-94.00323
-92.67679
-98.42738
-93.67806
-94.19005
-94.25417
-95.01689
-97.80501
-94.36559
-92.24303
-93.57632
-97.39496
-99.17622
-98.55296
-97.22441
-99.14151
-102.10660
-96.26041
-89.59406
-93.83068
-96.36532
-93.24633
-95.42263
-97.23530
-91.20083
-98.80555
-91.80526
-90.11120
-89.51298
-87.47770
-98.93286
-98.73951
-93.25527
-93.04901
-98.99576
-99.30914
-100.15369
-82.21279
-82.38358
-102.52131
-98.49514
-104.10796
-94.88274
-94.41219
-96.51937
-97.72050
-94.28448
