-131.37320
-107.23363
-95.96447
-93.78106
-93.40293
-92.98453
-92.69159
-92.53867
-92.54782
-92.87782
-93.61449
-94.58418
-95.72935
-96.42062
-96.75017
-96.23229
-95.58674
-94.93856
-94.31042
-93.74366
-93.31695
-93.10041
-92.95541
-92.83574
-92.70671
-92.46133
-92.35259
-92.31839
-92.20067
-92.25219
-92.32257
-92.37636
-92.49023
-92.65890
-92.81385
-92.87135
-92.91987
-92.77418
-92.53350
-92.37565
-92.12358
-92.02922
-91.92349
-91.75024
-91.73790
-91.73273
-91.59630
-91.35554
-91.11315
-90.85527
-90.63991
-90.40423
-90.26915
-90.27784
-90.54210
-91.09034
-91.62493
-92.36476
-93.15526
-93.34677
-93.10745
-92.75835
-92.54580
-92.41640
-92.15314
-91.96506
-91.90294
-91.95224
-91.95785
-92.06160
-92.11592
-92.17457
-92.26688
-92.24433
-92.31562
-92.38464
-92.52492
-92.63099
-92.83160
-93.00739
-93.24161
-93.53800
-93.48491
-93.24921
-93.09857
-92.87403
-92.77895
-92.79632
-92.64137
-92.70217
-92.66965
-92.63515
-92.66071
-92.63545
-92.51594
-92.32701
-92.15181
-91.93992
-91.86094
-91.87796
-92.12872
-92.49345
-93.02849
-93.76096
-94.40320
-94.58508
-94.53638
-94.28314
-94.01533
-93.94181
-93.84463
-93.80120
-93.70766
-93.77507
-93.85140
-93.98218
-94.08941
-94.11357
-94.16931
-94.25275
-94.36505
-94.46257
-94.58215
-94.66656
-94.87574
-95.20931
-95.48804
-95.67891
-95.68120
-95.50878
-95.24133
-95.08510
-94.99067
-94.95426
-95.04054
-94.98152
-94.98177
-95.05113
-95.05995
-95.10714
-95.14903
-94.96724
-94.78946
-94.70044
-94.62141
-94.71785
-90.92597
-85.52901
-81.67378
-79.14128
-77.60332
-76.70423
-76.11071
-75.23982
-74.29304
-73.40954
-73.22208
-73.39329
-72.82136
-72.23447
-72.06684
-72.24480
-72.25053
-72.45523
-73.20497
-74.02486
-75.01257
-76.18995
-76.81274
-76.64369
-76.24860
-75.71401
-75.54945
-75.91791
-76.98751
-79.00467
-80.64760
-80.38303
-78.85804
-77.52735
-77.15580
-77.00886
-77.28902
-78.04877
-78.41550
-78.55754
-78.46847
-77.77890
-76.93309
-76.34798
-76.25507
-76.85220
-77.47269
-77.64318
-76.69269
-75.89172
-75.93182
-75.89861
-75.55125
-75.00128
-74.71621
-74.48212
-74.07866
-73.67259
-73.28028
-73.07114
-73.07216
-73.09200
-73.21795
-73.56716
-74.17564
-75.14536
-76.41150
-77.77000
-78.67990
-78.51765
-77.69632
-76.96582
-76.82241
-77.31049
-78.54260
-80.46654
-82.03193
-81.87016
-80.42874
-79.29447
-78.80938
-78.81294
-79.32161
-80.28566
-81.45225
-82.39457
-82.59751
-82.18468
-81.61102
-81.16791
-81.11113
-81.45383
-81.86399
-81.11954
-80.36601
-80.09717
-78.50243
-77.85396
-78.64814
-78.11831
-76.79958
-77.00833
-77.25617
-75.89984
-75.54435
-76.21220
-75.49676
-74.86942
-75.94469
-75.93209
-75.81225
-77.79417
-78.29381
-79.26997
-81.12153
-79.87019
-80.34191
-78.97751
-78.49613
-79.82897
-79.62751
-82.40314
-82.85558
-83.05998
-82.40881
-80.28519
-81.33268
-80.50190
-80.51072
-82.19147
-81.78992
-81.14749
-81.61191
-81.58940
-79.21911
-77.79763
-79.86497
-83.37672
-82.36380
-80.31890
-80.55591
-81.43987
-81.17651
-80.71728
-80.85052
-80.30566
-79.61940
-79.99874
-79.99319
-78.85489
-78.77583
-79.18370
-78.36145
-78.19549
-79.04476
-78.97491
-79.11915
-80.56733
-81.19271
-82.33524
-83.89443
-83.10914
-83.44711
-82.23955
-81.83735
-82.76996
-82.98138
-85.49891
-85.52715
-85.03529
-84.36559
-83.22833
-83.37135
-83.17001
-83.48870
-84.82381
-85.77165
-86.97084
-86.83239
-86.02440
-86.54179
-87.44314
-86.97413
-86.65398
-88.16473
-87.00452
-87.65174
-86.42352
-84.20034
-84.73457
-85.27763
-84.69179
-84.23467
-84.29928
-84.41779
-84.28185
-83.81717
-83.72880
-83.66426
-83.75763
-84.28495
-84.13628
-83.83269
-85.60851
-85.96472
-85.33432
-86.80909
-87.56820
-85.30880
-83.16939
-84.47711
-85.62674
-85.07513
-85.74548
-84.28266
-82.81319
-82.20526
-81.89314
-81.56241
-81.59208
-81.93523
-82.78879
-83.04136
-82.19349
-82.52778
-80.31536
-77.66704
-78.31595
-80.77311
-81.46951
-81.45319
-82.41414
-81.51802
-81.35457
-84.12178
-85.03149
-85.19574
-86.03097
-85.22768
-84.37814
-84.09360
-83.74726
-83.79035
-83.16820
-83.07879
-83.76384
-83.91339
-83.57862
-83.73055
-84.89227
-84.69572
-85.00848
-85.36207
-84.79868
-85.33526
-85.83876
-86.21665
-86.11074
-85.83987
-86.08066
-85.35412
-85.15761
-85.16366
-85.17409
-85.41901
-85.44802
-85.25402
-85.15590
-85.02887
-84.74482
-84.59202
-84.51621
-84.20527
-84.13457
-83.94234
-83.79033
-83.93527
-83.97567
-84.76992
-85.43924
-86.07322
-86.51593
-86.79059
-86.74921
-86.46270
-86.11417
-86.00976
-85.92779
-85.82680
-85.81226
-85.78403
-85.91687
-85.94929
-85.96433
-86.18377
-86.31233
-85.86751
-86.17555
-86.65997
-86.82245
-87.17381
-87.09582
-87.26323
-87.72641
-87.65657
-87.76831
-87.69547
-87.56192
-87.51230
-87.29536
-87.28818
-87.23236
-87.24381
-87.24555
-87.08718
-87.25027
-87.20753
-87.14643
-86.95416
-86.82630
-86.71343
-86.56914
-86.96788
-87.01669
-87.81924
-88.35554
-88.99327
-89.66033
-89.53895
-89.56637
-89.26909
-89.16874
-88.95252
-89.01374
-88.85223
-89.09499
-88.91407
-89.34605
-89.06159
-89.24472
-89.46499
-88.45563
-89.27790
-89.64135
-89.66690
-89.75016
-90.36545
-90.40919
-90.44557
-90.65141
-91.10716
-90.92753
-91.12783
-90.80903
-90.77224
-90.87513
-90.82891
-90.97339
-86.61302
-81.25572
-77.46176
-74.50332
-72.41399
-71.28635
-70.03406
-69.37051
-69.13988
-69.42677
-70.36943
-70.43479
-69.70449
-69.18739
-68.94263
-69.03076
-68.60321
-67.96098
-67.73962
-67.53123
-67.57345
-67.40337
-66.91868
-66.73877
-67.20113
-67.26893
-67.52479
-68.00997
-68.56538
-69.53077
-70.58081
-71.94466
-72.69522
-72.62380
-71.92751
-71.25979
-71.08793
-71.51197
-72.48551
-74.39557
-75.99751
-76.01877
-74.72686
-73.57888
-72.96404
-73.05760
-73.68355
-74.78072
-75.80197
-76.59539
-77.23739
-76.90097
-75.78814
-74.77477
-74.49600
-74.34192
-75.13895
-75.13321
-74.40232
-73.42830
-72.85144
-72.74432
-72.21976
-71.82564
-71.55319
-71.46107
-71.14703
-70.59257
-70.13844
-69.84460
-69.91988
-69.85939
-69.98945
-70.27695
-70.58431
-71.44918
-72.47304
-73.75934
-74.97480
-75.52247
-74.92359
-74.18971
-73.76971
-73.98336
-74.78007
-76.38195
-78.31534
-79.01717
-78.03915
-77.07522
-76.11544
-75.84580
-76.03375
-77.27106
-78.64849
-77.58055
-79.25274
-79.94799
-79.06694
-78.93871
-78.47154
-78.62126
-79.88652
-79.44085
-78.14430
-78.80974
-77.90402
-76.25979
-76.50414
-76.79679
-75.44363
-74.81873
-75.33218
-75.05737
-73.69182
-73.70987
-74.20583
-73.44011
-72.69389
-73.28897
-73.12657
-72.32456
-72.84411
-73.05232
-72.59267
-73.08773
-74.08082
-74.04100
-75.37584
-76.74902
-77.01371
-78.60204
-78.01104
-77.56242
-77.83588
-76.59204
-77.45792
-78.06295
-79.08424
-81.51331
-80.79382
-81.37795
-79.68478
-79.27992
-80.19520
-79.83002
-82.39316
-83.14839
-83.98132
-84.90135
-82.29111
-82.46888
-81.34810
-80.49423
-81.99310
-81.67352
-81.67434
-82.88141
-83.55792
-82.72545
-83.78762
-84.82064
-85.32142
-86.46334
-87.19371
-86.60087
-85.46473
-85.12370
-84.58208
-85.19117
-84.40687
-83.41979
-83.74537
-83.20897
-81.94145
-81.96328
-82.33369
-81.75407
-80.64530
-81.06484
-80.69176
-80.33431
-80.35426
-81.05577
-80.17654
-82.07856
-80.78359
-76.79389
-78.91935
-81.06114
-84.01972
-85.15411
-83.74778
-84.26627
-83.13925
-79.46299
-81.30695
-84.38769
-82.50819
-86.05607
-84.95325
-84.00985
-83.79387
-85.89440
-85.05053
-84.86015
-87.03299
-85.46697
-88.11292
-87.13588
-85.28944
-87.08706
-87.68086
-84.43790
-86.54224
-85.62889
-86.64857
-87.75072
-87.31115
-86.17965
-86.12029
-89.88929
-88.00234
-88.74219
-87.29548
-89.40992
-86.58143
-86.75907
-85.50299
-83.67446
-83.58013
-84.02264
-85.36972
-85.87525
-86.61630
-85.35996
-87.02021
-87.18353
-87.18175
-88.28286
-88.61517
-89.52164
-90.47609
-87.91258
-87.59440
-90.32184
-90.43179
-89.04111
-89.79254
-88.31817
-90.33252
-90.25430
-89.66545
-90.06270
-92.27755
-91.51455
-89.31515
-94.43848
-91.99728
-88.88411
-87.29205
-89.19234
-91.37558
-93.49012
-90.63222
-92.39298
-92.38379
-87.30533
-89.68986
-97.65603
-93.90194
-89.80198
-89.23384
-91.12757
-91.65134
-90.52407
-90.25542
-93.36406
-93.37591
-90.47739
-92.57721
-93.26171
-97.59912
-76.75944
-76.54116
-82.57943
-83.35235
-85.73737
-86.24750
-88.19808
-78.66872
-81.45422
-83.90319
-85.35082
-88.20827
-84.53591
-86.33433
-87.51832
-86.53990
-90.15853
-87.66446
-84.30162
-88.67015
-88.31845
-92.89023
-88.86998
-88.73748
-89.88205
-90.01784
-91.54905
-90.35328
-89.66115
-92.19902
-94.58058
-94.59304
-91.62390
-89.76733
-92.42109
-91.59387
-89.61858
-90.47127
-93.88968
-90.66928
-90.25529
-92.35853
-94.02477
-93.42832
-93.26232
-88.17808
-87.98954
-90.10057
-89.02314
-90.57275
-91.90574
-95.00788
-96.58459
-96.73931
-94.29729
-94.21308
-95.35943
-95.62717
-96.92122
-97.59172
-101.50762
-100.57689
-101.18288
-97.69103
-97.82540
-98.98541
-101.27639
-101.05712
-101.29088
-100.42168
-101.13288
-100.59366
-102.35000
-106.87437
-105.73637
-103.91705
-99.58891
-119.70142
-94.95180
-94.21717
-78.73557
-74.61820
-76.38534
-77.98057
-80.88405
-81.06966
-80.34002
-80.72144
-82.38437
-81.42814
-79.62045
-79.51608
-81.79178
-80.19140
-80.20874
-79.79909
-78.90705
-80.37814
-79.76967
-79.26361
-78.73363
-79.45182
-78.71977
-78.23683
-78.10050
-77.96642
-78.15206
-78.20513
-78.71043
-79.07776
-79.79166
-80.67873
-81.37180
-82.09930
-82.84867
-83.86619
-84.22508
-85.78763
-87.07288
-86.67412
-87.55050
-87.32742
-87.24924
-86.81942
-87.04864
-86.53537
-86.87604
-85.97181
-86.36735
-87.24698
-87.10265
-87.54687
-87.27458
-87.75388
-86.47012
-87.47010
-87.18866
-86.70464
-87.07959
-86.89910
-87.37273
-86.92820
-87.61598
-87.82549
-87.85821
-88.31400
-87.69797
-87.47004
-87.01439
-86.61797
-86.00529
-85.85297
-85.70243
-86.09864
-86.03332
-86.73952
-86.56408
-87.14227
-87.37967
-88.39388
-88.85915
-89.79428
-90.60516
-91.09608
-92.52054
-90.99537
-92.75297
-77.34836
-75.06762
-78.28384
-79.28882
-82.61370
-83.16766
-81.70493
-83.93558
-84.16592
-83.51942
-82.27093
-81.52422
-87.00803
-83.83254
-84.81856
-83.70480
-82.79011
-85.94034
-85.53830
-84.71848
-83.45098
-86.12685
-84.17999
-84.16777
-83.91692
-84.12151
-85.70226
-85.74538
-87.44693
-86.73969
-87.98448
-89.10094
-88.77142
-88.06566
-88.80177
-88.83066
-87.49048
-89.95122
-90.23601
-89.39715
-89.26128
-90.70405
-90.82781
-90.78976
-92.59842
-92.21998
-91.15224
-88.83721
-88.20115
-87.61096
-88.43110
-88.53798
-88.36615
-89.54845
-89.73708
-91.71570
-91.68776
-91.89646
-91.66566
-90.77422
-90.46277
-89.80808
-91.50498
-91.73081
-92.26802
-94.25986
-94.37461
-94.56323
-95.71150
-94.60859
-96.03962
-95.56306
-94.67964
-94.61433
-96.85474
-96.90834
-95.65445
-94.72584
-94.26011
-93.45181
-91.31486
-90.91086
-90.92798
-93.59052
-92.24039
-96.51078
-79.25359
-76.66141
-81.44772
-80.74850
-83.82142
-85.59617
-84.35335
-86.21220
-86.91650
-85.85934
-84.14697
-83.59292
-88.87505
-87.35076
-87.40872
-86.69042
-84.82602
-87.98932
-87.06232
-86.98628
-86.21382
-88.74623
-87.63841
-86.87147
-86.41972
-86.85320
-87.61403
-87.97324
-89.96302
-89.17772
-89.30342
-90.20033
-90.28012
-88.46891
-88.62928
-88.93581
-89.80758
-90.95238
-92.15549
-91.78415
-90.83594
-90.71482
-92.99829
-92.22493
-91.17340
-93.14273
-92.69305
-90.68602
-89.13237
-88.86964
-89.58240
-90.76742
-90.43817
-91.53395
-91.81443
-92.46456
-91.16579
-89.04987
-89.04589
-89.08795
-89.78951
-90.86865
-91.17163
-91.68498
-91.63830
-92.23965
-92.14333
-91.72787
-91.34550
-90.23860
-89.86854
-90.12071
-90.83341
-91.53083
-92.74290
-92.68878
-92.28578
-91.01944
-91.82321
-91.43541
-93.01767
-91.30885
-90.57423
-90.02057
-90.78465
-90.25178
-93.25938
-88.20207
-78.27441
-78.52974
-81.32269
-82.83396
-85.49237
-85.03302
-84.99307
-86.78048
-85.67460
-85.85006
-85.35229
-84.56588
-88.24563
-86.56020
-86.50662
-85.23565
-85.07064
-87.65371
-86.97669
-86.70250
-85.37721
-86.05468
-85.42952
-84.77265
-84.63663
-85.10746
-86.83627
-86.24237
-87.05231
-86.47460
-86.68973
-87.03725
-86.65818
-87.27822
-87.25419
-87.25264
-86.85014
-86.83749
-87.31544
-86.80916
-86.23616
-86.64363
-87.02691
-86.82323
-86.42965
-87.03339
-86.43366
-85.99542
-85.66260
-85.26145
-85.15057
-85.34408
-85.39885
-85.23285
-85.01710
-84.51496
-84.87082
-84.44269
-84.59120
-85.82024
-85.74798
-85.68542
-85.74289
-86.32512
-83.17324
-80.98992
-82.66551
-80.21700
-80.22774
-82.43307
-83.23573
-85.27496
-85.14905
-85.95331
-86.96250
-86.53749
-87.25618
-86.21527
-82.95004
-86.52269
-87.22777
-87.26595
-87.69660
-85.57190
-88.42886
-88.62731
-90.89661
-83.35058
-79.80500
-81.21685
-82.79175
-84.88993
-86.11649
-85.54861
-84.45492
-86.66446
-87.36216
-86.31755
-85.38729
-85.97892
-87.24737
-86.39982
-87.85285
-86.57512
-87.08170
-88.59965
-88.25479
-87.60144
-86.21407
-87.82333
-87.15411
-86.22144
-86.24476
-86.71490
-87.84949
-87.43117
-88.75605
-89.09571
-88.19518
-88.26009
-90.08030
-89.82433
-88.45390
-88.76554
-87.73645
-87.86874
-89.40386
-90.32413
-90.83879
-91.63572
-90.02039
-89.05312
-90.09626
-92.87940
-91.38658
-90.11323
-90.39248
-89.46074
-89.83819
-90.02238
-90.44314
-89.49413
-89.46887
-89.20065
-89.40184
-89.90510
-89.69910
-90.14238
-90.61107
-89.02862
-89.25045
-89.68195
-90.78887
-84.30002
-81.11041
-85.03580
-81.47331
-80.86782
-84.71322
-85.18911
-86.54314
-87.05249
-87.70088
-88.87055
-87.89803
-87.21891
-87.64612
-84.48039
-85.66727
-88.34499
-87.48523
-88.56736
-85.45340
-85.75803
-88.19633
-88.52615
-86.28918
-80.16211
-80.38145
-82.33513
-82.94972
-85.85248
-85.61072
-84.46431
-85.19873
-85.63552
-84.76377
-84.76902
-83.85680
-84.94025
-85.06913
-85.10892
-85.54215
-84.76411
-85.43959
-85.45960
-85.34130
-84.24148
-84.75869
-85.03125
-84.03589
-84.56066
-84.51913
-84.63946
-84.30032
-84.62953
-84.88176
-83.84413
-83.43941
-83.29474
-83.38559
-82.24853
-81.91102
-82.44093
-81.60419
-81.50912
-82.23284
-81.80462
-81.09219
-81.39931
-81.53430
-81.10457
-81.05484
-81.40344
-81.72486
-81.30207
-80.95221
-81.28918
-81.03387
-80.38104
-80.30040
-80.29160
-79.55995
-79.55560
-80.46292
-80.17145
-79.31107
-79.25257
-79.47573
-78.91468
-79.00217
-79.44551
-79.44161
-78.53688
-79.12362
-78.93987
-78.15526
-78.31008
-78.50845
-79.64721
-79.53927
-80.12157
-80.37050
-80.37459
-79.95934
-80.57577
-80.27683
-79.67733
-80.49280
-80.74565
-80.33336
-79.57153
-79.78299
-79.42376
-79.26485
-80.25379
-79.31101
-78.69817
-79.14232
-79.16041
-80.43300
-80.42885
-81.26348
-81.88035
-82.11922
-81.61958
-81.71295
-82.22487
-81.46654
-81.31970
-80.94462
-80.93782
-80.47501
-80.76976
-81.46767
-81.47017
-81.33588
-81.81345
-82.26744
-81.47016
-81.20206
-81.50292
-81.23228
-81.95950
-81.61988
-81.09821
-81.18267
-81.33823
-81.29096
-80.68492
-80.83006
-80.63479
-80.27647
-80.60862
-80.15559
-80.21953
-81.29869
-81.73032
-82.46548
-82.28694
-81.85208
-82.31876
-82.51476
-82.39064
-82.83290
-83.12536
-82.67259
-81.99282
-81.34991
-81.91024
-81.84090
-81.69589
-82.03391
-81.28341
-81.20027
-81.60660
-82.47521
-82.53962
-82.18091
-82.22945
-81.85037
-81.75979
-81.36608
-80.75441
-80.03109
-80.17449
-80.14612
-79.37998
-80.49654
-81.79109
-81.82866
-81.91852
-81.74061
-81.67776
-81.90502
-81.26049
-81.46864
-81.80809
-81.32655
-81.73491
-82.74314
-83.68410
-83.22587
-82.87324
-82.85401
-82.18489
-82.38823
-81.88772
-80.20258
-80.94772
-81.79689
-82.09132
-82.23371
-82.37750
-82.06579
-81.80805
-82.49597
-82.23153
-82.27137
-82.13249
-82.57157
-82.59039
-82.72199
-82.93376
-82.64222
-82.52936
-82.65654
-82.81357
-82.70586
-82.72009
-83.47085
-83.67332
-83.62198
-85.04852
-85.55031
-85.57069
-85.36318
-85.84515
-86.26149
-86.22430
-85.92821
-86.21868
-86.21976
-86.52025
-87.53611
-87.45414
-87.73299
-88.14612
-88.57716
-88.30662
-88.88999
-88.78366
-89.69616
-90.12398
-90.45780
-91.42373
-91.44172
-91.85550
-91.89327
-91.24142
-91.38797
-92.11993
-92.59851
-92.75215
-92.15077
-93.56712
-94.81476
-94.67128
-93.54465
-93.44879
-93.90351
-93.50470
-93.28022
-93.88071
-92.40833
-88.06230
-88.89089
-89.73801
-85.81877
-87.53597
-89.41614
-89.20333
-90.03399
-89.67342
-90.55778
-91.79725
-90.74135
-91.79606
-91.78715
-90.27839
-91.85031
-91.31869
-92.03046
-91.82524
-90.52007
-91.63054
-93.64539
-95.42153
-93.65792
-86.29955
-85.42082
-86.77561
-88.17373
-91.10652
-91.30063
-90.91718
-90.89484
-93.16581
-92.24396
-91.80342
-91.18166
-93.30745
-95.07117
-92.66872
-94.37481
-92.27467
-91.95832
-95.54277
-94.05690
-94.99550
-93.99337
-94.36444
-94.69576
-93.54283
-93.01453
-92.22011
-94.78435
-94.07458
-95.45076
-95.78248
-95.64582
-95.63835
-95.78187
-97.71689
-95.69516
-94.75319
-94.86529
-94.25122
-94.29207
-95.15810
-94.11625
-93.92449
-93.66940
-94.29617
-94.60258
-93.98066
-93.70518
-92.86806
-92.28548
-91.62731
-91.86109
-92.55086
-91.94639
-91.65134
-91.42962
-91.51807
-91.37602
-91.05487
-90.68672
-90.46417
-90.59035
-90.71115
-90.84119
-90.59235
-90.25981
-90.08922
-90.48255
-89.76923
-88.52889
-88.52781
-89.04294
-86.71416
-87.86478
-89.72813
-88.83711
-88.33648
-86.64589
-86.62807
-86.87803
-86.89968
-87.66226
-88.11420
-88.24293
-89.14249
-89.47714
-89.30921
-89.28357
-88.42692
-88.27561
-88.46417
-88.60511
-89.14867
-84.52704
-83.72571
-84.50174
-84.23624
-85.55836
-85.30400
-84.99421
-84.47016
-85.01013
-85.33168
-86.22057
-86.87926
-87.30525
-88.25421
-88.22847
-87.79772
-87.12851
-85.97460
-85.57720
-85.77266
-85.36716
-86.06196
-86.94589
-88.59077
-89.14558
-90.26825
-90.71101
-91.98843
-92.24271
-90.35231
-92.47802
-94.05653
-94.92381
-93.28249
-91.25514
-87.83262
-85.06459
-83.13847
-82.00396
-81.61507
-81.51192
-81.90846
-82.22720
-83.01392
-83.75561
-84.22711
-84.76500
-85.31633
-84.89199
-84.52847
-83.66841
-82.89864
-82.56798
-82.19660
-81.89417
-80.86871
-80.44914
-80.48417
-80.71843
-80.49602
-79.97927
-79.24195
-78.75344
-78.66658
-79.09531
-79.98871
-80.77515
-81.48596
-81.13128
-80.80230
-80.31297
-79.90745
-79.26700
-78.87323
-78.86839
-79.41228
-80.47517
-82.21416
-84.26405
-85.06365
-84.84756
-82.95992
-80.88567
-79.32446
-78.56405
-78.78245
-79.84422
-81.84963
-85.18796
-88.64877
-89.97914
-86.38148
-84.56153
-83.12785
-82.35378
-83.67795
-84.89943
-85.76626
-85.91086
-85.55936
-84.57772
-82.91584
-80.34893
-77.95801
-75.88261
-74.73620
-74.58549
-75.27360
-76.50420
-78.02165
-80.04874
-81.68974
-83.30005
-84.42348
-82.93190
-81.47313
-79.96836
-79.10618
-79.03634
-78.45034
-77.89510
-77.36093
-77.02975
-76.81628
-76.87912
-77.27853
-76.95201
-75.80703
-75.11102
-74.51464
-74.25643
-75.36102
-76.79473
-77.95412
-79.06280
-78.86170
-78.37849
-78.08115
-78.25117
-78.32074
-77.87592
-78.21645
-78.97783
-79.98084
-80.73617
-81.08109
-80.32256
-78.34175
-76.67540
-75.63867
-75.16072
-74.88379
-75.10720
-76.13200
-77.54904
-80.56951
-84.19348
-89.22435
-96.97524
-96.54316
-95.56625
-92.88837
-93.11088
-88.50835
-85.25179
-83.02392
-81.42602
-79.87993
-78.30471
-77.47797
-76.15161
-75.77124
-75.86497
-76.76355
-77.75993
-79.10353
-80.76207
-82.57626
-84.21864
-86.22268
-90.78985
-88.80186
-85.17511
-82.59650
-81.06092
-81.17250
-81.13017
-80.14684
-79.18348
-77.81475
-77.74352
-78.39335
-78.68755
-79.54064
-80.39963
-81.64302
-84.50057
-88.12886
-92.13372
-89.38483
-85.92879
-83.96091
-81.41038
-79.86422
-78.13571
-77.64396
-77.67749
-78.19371
-79.15759
-80.01329
-81.24411
-82.41925
-83.21745
-83.24136
-81.98496
-81.34825
-81.43887
-81.25639
-81.41672
-81.45411
-81.59896
-81.11578
-80.38673
-79.83809
-79.24902
-78.36908
-78.42068
-78.67774
-79.35036
-81.10079
-82.43308
-82.13927
-81.76993
-81.27157
-80.76490
-80.55219
-80.20289
-81.03271
-81.64055
-82.85794
-83.83055
-84.74663
-85.26163
-85.63798
-85.72801
-85.40467
-84.85064
-83.04239
-81.67815
-80.36705
-79.63929
-80.02347
-80.73102
-81.12466
-81.80734
-81.97811
-82.73918
-83.62239
-83.94723
-83.51443
-83.26230
-84.16620
-86.07616
-89.35280
-93.01244
-90.72090
-86.31982
-84.64990
-82.94943
-81.53980
-80.53981
-80.15494
-80.34807
-80.67966
-81.35316
-82.73308
-82.76043
-81.80786
-80.94242
-79.98753
-81.08321
-81.40696
-81.37366
-82.35194
-81.92995
-82.21417
-83.24775
-83.61049
-83.03966
-82.02814
-81.23371
-80.38739
-80.18667
-79.92620
-79.37951
-79.69540
-79.75824
-80.41187
-81.22529
-82.19066
-82.05028
-81.56740
-81.48138
-81.67411
-83.46514
-84.95575
-86.62485
-87.55265
-88.12136
-87.59011
-88.12364
-87.72140
-87.61245
-86.97241
-85.59736
-84.82316
-84.02126
-84.04333
-84.48152
-84.46286
-84.23587
-83.84248
-83.17273
-83.81076
-84.11227
-85.62584
-85.88766
-85.94712
-86.26913
-87.00458
-87.20009
-86.40894
-87.13129
-83.85721
-83.40481
-81.55862
-81.15613
-81.46675
-79.80177
-81.26490
-81.00484
-81.32740
-81.04428
-80.61602
-80.37350
-79.68931
-79.48390
-78.48082
-77.78897
-77.48044
-76.31430
-76.44239
-76.60511
-76.71606
-76.90230
-76.58698
-77.54637
-77.13516
-78.52301
-78.45541
-79.10691
-78.42468
-78.45495
-78.56527
-78.52988
-79.75193
-79.30907
-80.76497
-80.05143
-80.51345
-80.45651
-81.12743
-81.15057
-81.81835
-81.39644
-82.17556
-81.86137
-81.08949
-82.32577
-81.42160
-81.49621
-80.41728
-80.36422
-80.72353
-80.85733
-81.42682
-81.66700
-81.36206
-81.60927
-81.84307
-82.64744
-83.05683
-84.23302
-84.57527
-83.74374
-84.03051
-83.93596
-84.84061
-84.92856
-84.96916
-85.70839
-84.54246
-85.05052
-84.42266
-83.94744
-83.62074
-83.39344
-84.51299
-84.17683
-85.18686
-84.88981
-85.73474
-86.60995
-86.09998
-86.36415
-85.82251
-84.95005
-86.01928
-86.11720
-86.28562
-85.93666
-85.94517
-85.54505
-84.29355
-84.80075
-83.21329
-83.55976
-83.48692
-83.77812
-84.42189
-84.44333
-85.27936
-84.94092
-85.52936
-85.80874
-85.29275
-85.35036
-84.90895
-85.63224
-87.94824
-89.31796
-91.16374
-92.91515
-92.84821
-91.94919
-92.29640
-90.06892
-89.51076
-89.00010
-87.39532
-87.85914
-87.41996
-87.39996
-88.21822
-87.84416
-87.68375
-88.14074
-87.44077
-88.21983
-89.31830
-90.41639
-90.20739
-89.52822
-91.09199
-91.51055
-93.09946
-93.73926
-92.66235
-89.47690
-87.73346
-87.54752
-86.98080
-87.04444
-87.49559
-88.76087
-89.26344
-88.78778
-89.53695
-89.17225
-88.07745
-88.47338
-88.25026
-88.35728
-88.45424
-88.60797
-89.14926
-89.37432
-89.87252
-89.74072
-90.76062
-90.41498
-89.01990
-88.72384
-88.31892
-88.17868
-88.73162
-89.07665
-88.86172
-89.96780
-90.24386
-90.25632
-90.72441
-90.36337
-89.33888
-88.65601
-87.96165
-88.88315
-91.09291
-93.98794
-94.81507
-93.49767
-94.60109
-94.83332
-95.19176
-94.05869
-93.37322
-91.93354
-91.86141
-91.62972
-90.44089
-90.33264
-90.88646
-91.20013
-91.22469
-90.40839
-90.29948
-90.02338
-89.39652
-89.85383
-91.39691
-91.76098
-91.87040
-91.41481
-90.60952
-94.78689
-93.06401
-91.89581
-91.34804
-90.55124
-91.10134
-90.79856
-91.55501
-91.78318
-93.04211
-93.28459
-92.27456
-92.63838
-93.57035
-94.31519
-94.61743
-94.70610
-92.90766
-92.56443
-93.52525
-94.70339
-95.19623
-92.68053
-93.66469
-93.91291
-92.82329
-91.82464
-92.34814
-92.92559
-92.58426
-92.78578
-92.60472
-93.13969
-92.92245
-91.24006
-91.96320
-89.50824
-93.42861
-88.73354
-81.61726
-86.93386
-91.36245
-90.38083
-93.53687
-90.23156
-90.98552
-92.12259
-92.98068
-92.88796
-93.41284
-92.19125
-92.24399
-92.59396
-91.69108
-92.67817
-93.63296
-93.65430
-93.77508
-94.42479
-94.16496
-93.63403
-93.58297
-94.12432
-94.52609
-95.29885
-95.51932
-95.47923
-96.67054
-97.83447
-98.17822
-97.93433
-96.24189
-95.46794
-95.48228
-95.28487
-94.44385
-95.37919
-96.30352
-96.72826
-97.63318
-96.59857
-96.13548
-93.87599
-95.89618
-94.88119
-93.85992
-93.28467
-93.10420
-94.29766
-94.41460
-93.81428
-92.91445
-93.14637
-91.66566
-94.03193
-96.85356
-95.53240
-95.10513
-92.54633
-90.50344
-93.87970
-94.79520
-94.22098
-93.98556
-94.25395
-94.90540
-95.29254
-95.21630
-93.89119
-94.49288
-95.34638
-94.52505
-94.85378
-96.16634
-97.53518
-98.85197
-97.03486
-97.60831
-95.75555
-97.00969
-95.83232
-99.10439
-97.86896
-95.05557
-95.78383
-96.45591
-93.95506
-94.44994
-93.40427
-92.55364
-91.59661
-91.09386
-92.39367
-90.78052
-95.77496
-94.91201
-94.83040
-92.92495
-97.35742
-86.45719
-85.30826
-92.23207
-91.73292
-93.64806
-90.59813
-93.41481
-92.03634
-92.98141
-94.29533
-93.23431
-92.80051
-91.29499
-91.21465
-92.70268
-93.24835
-94.63955
-95.25594
-96.69505
-95.54758
-93.69579
-96.07375
-94.83118
-95.32463
-96.15761
-95.54479
-95.07401
-97.85995
-96.76029
-98.58233
-94.97950
-94.19389
-96.65147
-94.67594
-96.87068
-95.65353
-94.88923
-96.44468
-95.40961
-94.76155
-97.66818
-99.62417
-98.51018
-95.89176
-97.04433
-97.15806
-95.30044
-95.80158
-94.04949
-95.19527
-96.41311
-93.04413
-94.49333
-93.50876
-91.68669
-90.87718
-90.23707
-91.59724
-91.00240
-91.14510
-88.01631
-86.35824
-84.34636
-81.77317
-81.15272
-80.34134
-79.39362
-79.31709
-78.59432
-77.18774
-76.28326
-76.91059
-78.93227
-81.01995
-82.21935
-83.81175
-84.37108
-82.34534
-84.77206
-85.68331
-85.19092
-81.15935
-79.95097
-82.51699
-80.58617
-81.32214
-81.07105
-80.57692
-82.47606
-85.28476
-87.98972
-84.72875
-82.54281
-80.88229
-79.09646
-78.04341
-78.20430
-80.47016
-79.84761
-79.79605
-80.78245
-79.53955
-78.26170
-78.56098
-81.38761
-80.31064
-79.54474
-80.39127
-81.06689
-81.01738
-82.00297
-83.35142
-83.33491
-84.78747
-86.21915
-88.68166
-84.82789
-83.97758
-84.57337
-85.20323
-86.30077
-88.05361
-89.46045
-86.62001
-88.11135
-86.21693
-84.20912
-84.35235
-84.35466
-84.13091
-84.80757
-86.64740
-87.18053
-86.36212
-86.96749
-88.87034
-90.12156
-88.69482
-88.66911
-88.96382
-88.74964
-90.46249
-94.65275
-92.45070
-89.67083
-92.21108
-91.04874
-90.02947
-88.47426
-87.72614
-87.62665
-88.71858
-89.41565
-89.54011
-89.02397
-93.33844
-89.79461
-88.47862
-87.75607
-83.78005
-86.07468
-87.48027
-89.17059
-90.18672
-89.93683
-90.03371
-89.80871
-91.38279
-91.47316
-90.14218
-88.95743
-88.59402
-87.50046
-84.92360
-87.13594
-86.03983
-86.14845
-89.11143
-87.76310
-87.19305
-87.01053
-88.55629
-91.90019
-92.23955
-87.13419
-89.27099
-87.83062
-84.75969
-83.68756
-83.13910
-82.37925
-82.01749
-83.60008
-83.69509
-82.93350
-83.77880
-87.42078
-87.89106
-85.31120
-84.10317
-82.70553
-82.77156
-83.75657
-82.50897
-81.22271
-81.48735
-81.55282
-80.05183
-78.94168
-78.42503
-78.97238
-80.03926
-82.78642
-84.87464
-84.40379
-83.53872
-83.97247
-86.75932
-86.55318
-89.40718
-83.89331
-79.33960
-78.93040
-82.85168
-86.20571
-81.49297
-81.48418
-83.36745
-85.94817
-88.34724
-88.31201
-83.78716
-80.55002
-79.79814
-80.19469
-80.08671
-80.05224
-80.29952
-81.66214
-84.54902
-83.44954
-82.52765
-83.62407
-85.75386
-83.29144
-80.73585
-81.75067
-82.52647
-82.68618
-82.31687
-81.63116
-81.26290
-81.50552
-82.45371
-84.16385
-85.80110
-84.36591
-82.27568
-80.65059
-79.95956
-78.82734
-81.07167
-82.14828
-80.65564
-84.52834
-83.53004
-79.80908
-78.12276
-79.30979
-81.95894
-84.82871
-87.56625
-87.03360
-86.44337
-84.82526
-84.52601
-83.20376
-82.93713
-82.98940
-83.13173
-83.89959
-84.60272
-86.59528
-85.40458
-85.48542
-84.69661
-82.71138
-83.12217
-84.18251
-84.62315
-85.26085
-86.94412
-88.37184
-87.08154
-84.14250
-84.54915
-84.35276
-83.44881
-83.19304
-81.98556
-83.19357
-84.94180
-86.17813
-87.44909
-88.42543
-89.05829
-86.96128
-85.19564
-85.90745
-86.65381
-86.79462
-87.94994
-89.68794
-90.94442
-91.14281
-90.63919
-88.60536
-88.76044
-88.51733
-88.37565
-87.32598
-88.24213
-89.61743
-89.37636
-87.77661
-87.42930
-89.29974
-87.01477
-88.48879
-89.69525
-88.62327
-89.10574
-91.36700
-92.04141
-91.56899
-91.68030
-91.55870
-91.82777
-93.03903
-95.05772
-91.80194
-92.38131
-92.47470
-91.82669
-102.05710
-122.21368
-121.07886
-127.33414
-125.24798
-133.12792
-128.30325
-141.76400
-131.49830
-152.07897
-134.91996
-139.91520
-138.44539
-136.21784
-143.84576
-134.43839
-146.64621
-133.60304
-150.90974
-133.26661
-152.29906
-133.38503
-149.98867
-133.76310
-149.53642
-134.44714
-144.53576
-134.79319
-142.46603
-136.24033
-140.54462
-137.37334
-138.97844
-137.73267
-138.18675
-138.45206
-137.84329
-140.08376
-136.90021
-139.69930
-136.98455
-139.71472
-136.76440
-140.33046
-136.93633
-140.18190
-137.22044
-139.62415
-136.52047
-138.93491
-137.27780
-138.88944
-137.91422
-138.40598
-137.62785
-138.38698
-138.14877
-138.12620
-138.70844
-138.55173
-138.54647
-137.94961
-138.40590
-137.60286
-138.17682
-137.79362
-138.74469
-138.13913
-138.52636
-138.29721
-138.36527
-138.20215
-138.23410
-138.07201
-138.69747
-138.25501
-138.59602
-138.33806
-138.19447
-138.13185
-138.07583
-138.25227
-138.60470
-138.79166
-138.17557
-138.59673
-138.49621
-138.22197
-138.64070
-138.32281
-137.93119
-138.62311
-138.66165
-138.60762
-138.15325
-138.52460
-138.24410
-137.91158
-138.19913
-138.83011
-138.29594
-138.11070
-138.31826
-138.64439
-138.34583
-138.13681
-138.55847
-138.39132
-138.85882
-138.23543
-139.24427
-138.76557
-139.52631
-139.37891
-139.75322
-139.34876
-140.25387
-139.24460
-139.86138
-139.79865
-139.37708
-139.22089
-139.23616
-138.58276
-138.09845
-137.80068
-136.60253
-134.70177
-132.02275
-133.45149
-133.29478
-132.36533
-129.62975
-131.25132
-131.20314
-130.83957
-131.62875
-133.94168
-129.63368
-129.22009
-129.39762
-123.72987
-125.81005
-125.67257
-123.68857
-127.17911
-133.55303
-128.51793
-127.33968
-130.32422
-131.23149
-131.33662
-131.38608
-131.72072
-128.69543
-128.96398
-127.19643
-125.97605
-126.67079
-124.18309
-128.36989
-131.37537
-127.96364
-126.23214
-124.61056
-129.35685
-125.14890
-128.16115
-130.09309
-122.89861
-127.75754
-123.04785
-119.17324
-124.24943
-128.30475
-124.91297
-123.31908
-123.91491
-122.27864
-119.69334
-119.18022
-126.14625
-125.64685
-124.26036
-123.32175
-120.38885
-123.65041
-120.04177
-119.31664
-119.54572
-119.46855
-118.21592
-116.24469
-116.28752
-120.57632
-118.77163
-121.12716
-123.78756
-121.74867
-122.21453
-118.90073
-118.01882
-116.67212
-121.29821
-120.25418
-117.12155
-120.28319
-122.94968
-118.16661
-117.45665
-118.65679
-123.79158
-118.05591
-115.66218
-120.17112
-118.53041
-118.01566
-119.03815
-116.92181
-116.86537
-109.19130
-108.34984
-113.93753
-110.30147
-113.39642
-119.06772
-111.95314
-115.15584
-115.63371
-110.64741
-116.01222
-115.71136
-131.23471
-108.23327
-103.13253
-110.41816
-112.10174
-114.38817
-115.84767
-114.08280
-115.13664
-113.94173
-113.40413
-113.48819
-115.27794
-118.07020
-114.25733
-114.77811
-113.53462
-113.93297
-110.00820
-110.58535
-114.43440
-111.43354
-113.87688
-109.88663
-107.88058
-102.80695
-108.22245
-111.05855
-104.95830
-109.88588
-108.15800
-108.44607
-108.54925
-111.22194
-108.92137
-108.64222
-108.74281
-108.97234
-108.57715
-111.78355
-114.39361
-108.78776
-105.80697
-105.41369
-106.08150
-101.36202
-107.34375
-106.73944
-103.89653
-101.61545
-97.34907
-98.72099
-101.16338
-105.36355
-103.43369
-100.50364
-103.54200
-103.14226
-99.50645
-104.30938
-108.91242
-104.87915
-102.42612
-104.52946
-103.36998
-102.77048
-106.06832
-103.03666
-97.77018
-98.25121
-97.42447
-97.50709
-104.89299
-99.27327
-100.21065
-99.11817
-101.77172
-102.57442
-103.29325
-107.84183
-100.77866
-102.19876
-102.49490
-102.41906
-102.74724
-102.11670
-101.12457
-100.36703
-98.43486
-99.96181
-103.78401
-104.98337
-101.44538
-100.83111
-101.38738
-100.92874
-96.69865
-102.46535
-101.48697
-97.05089
-99.91385
-98.79342
-100.84326
-100.23280
-103.41661
-103.37568
-102.14817
-101.59833
-100.94100
-102.57853
-103.25168
-102.30381
-102.73127
-97.51532
-97.74689
-102.21678
-102.67088
-101.34804
-101.12085
-103.00413
-101.28335
-102.60780
-104.17624
-104.96064
-100.82007
-100.54829
-99.88229
-100.68036
-103.09974
-100.79173
-102.61418
-102.14150
-103.05701
-105.15026
-105.77761
-104.07614
-101.60320
-96.11131
-93.12076
-97.80175
-97.11945
-95.68809
-96.50812
-95.51822
-95.49153
-91.98142
-88.64743
-87.73065
-87.63315
-85.51593
-85.10429
-86.35281
-85.52480
-84.51368
-83.98914
-84.08192
-84.32136
-84.31954
-84.92875
-84.41155
-85.20122
-86.60960
-87.04288
-88.43050
-89.69202
-90.60041
-91.32549
-91.50578
-90.65892
-91.61833
-92.76033
-92.47543
-93.23862
-94.58097
-93.67385
-93.97447
-94.45098
-93.60541
-93.59248
-93.51075
-93.49395
-94.02156
-93.95621
-93.83694
-94.14402
-93.14060
-93.55395
-95.49718
-94.28907
-94.17286
-93.86456
-91.27854
-92.42015
-91.90776
-93.49536
-95.78447
-94.20124
-95.92537
-94.50315
-95.44393
-96.44188
-97.55301
-98.44010
-96.06360
-97.05180
-95.90903
-95.37469
-93.78571
-94.41776
-98.41664
-95.95840
-93.98817
-96.55057
-97.64537
-97.02668
-101.01708
-99.16449
-97.71986
-97.41655
-101.59094
-101.80995
-99.38262
-100.27607
-98.75608
-100.40803
-103.07465
-102.59253
-105.43728
-101.19015
-98.25583
-98.21885
-99.37563
-102.62693
-98.64412
-102.05143
-103.46186
-102.61127
-99.39855
-103.94109
-102.69369
-103.65069
-97.53054
-95.44804
-93.15971
-91.62155
-92.03978
-90.01810
-89.53961
-87.14967
-85.75872
-83.75815
-81.39565
-80.08572
-80.10858
-78.54170
-80.30562
-80.50809
-80.35308
-81.66320
-79.85824
-78.79169
-77.71138
-78.35768
-78.95065
-79.30259
-79.83779
-79.38290
-80.25160
-80.37178
-80.46519
-80.28355
-80.69939
-81.32653
-79.79348
-80.43112
-79.78940
-81.80933
-80.10601
-80.21338
-80.19729
-80.54385
-82.03824
-80.72147
-80.62150
-80.78034
-83.25359
-81.77308
-81.98707
-81.98208
-82.51705
-82.41566
-82.24010
-82.16950
-83.51621
-82.26616
-83.23027
-82.97518
-82.17940
-82.77207
-82.79377
-83.85390
-83.30867
-84.55299
-83.34586
-84.75263
-83.89686
-83.51745
-84.82565
-85.56080
-84.00393
-83.68693
-83.51644
-84.14727
-85.96466
-84.87831
-85.84044
-85.30183
-85.39180
-86.46311
-85.57887
-86.40426
-87.35639
-85.94233
-86.13507
-87.67644
-86.28829
-85.91220
-85.99234
-87.56550
-89.44663
-87.47473
-88.33668
-88.38982
-89.10929
-88.52805
-89.23078
-88.30998
-88.60853
-89.91727
-89.84344
-89.67574
-86.88554
-88.39107
-88.94256
-88.72458
-89.42468
-89.94359
-90.03302
-89.68236
-89.26332
-90.35424
-91.92260
-90.13505
-90.09091
-90.16474
-90.17840
-90.21318
-90.56165
-90.64113
-90.61943
-91.36131
-92.52588
-92.89041
-90.85488
-91.86222
-91.89522
-91.54257
-92.43791
-91.20232
-91.37961
-93.16211
-93.38367
-93.07557
-92.25489
-92.37250
-91.33875
-91.44799
-93.72333
-94.17763
-94.00078
-93.30072
-93.35419
-92.80215
-93.92912
-93.38079
-94.55755
-95.40554
-93.76945
-93.97114
-95.24274
-97.07597
-95.07906
-94.02434
-95.79302
-95.31701
-95.45841
-95.90661
-95.68618
-96.63253
-93.79248
-93.46786
-92.37880
-92.03147
-93.43200
-95.25132
-95.97687
-96.45668
-95.96030
-93.12324
-94.93509
-96.43722
-97.25680
-96.89863
-96.75488
-96.05126
-95.37728
-95.40197
-95.82380
-97.17909
-96.93727
-96.18725
-95.73514
-98.28739
-96.04261
-95.96871
-95.93320
-95.60479
-94.67872
-94.66632
-97.31556
-97.28072
-97.06957
-96.61676
-97.75055
-97.60804
-98.61329
-98.14492
-97.50389
-94.71354
-96.09909
-96.02363
-96.07947
-100.43957
-98.54360
-99.93939
-99.28621
-99.84968
-98.89502
-98.53287
-98.15503
-98.94878
-98.91855
-98.35654
-98.14387
-97.33249
-100.15126
-99.86864
-97.72868
-99.46698
-99.80835
-100.10825
-100.72793
-95.31048
-92.08636
-89.26147
-89.72609
-90.32213
-91.73054
-90.99381
-87.70718
-84.17215
-82.47159
-83.76232
-84.38498
-85.25017
-85.56060
-85.39516
-85.94106
-87.58962
-86.47675
-86.85402
-86.87999
-86.69325
-88.54614
-87.98724
-88.30648
-87.04043
-86.48727
-87.03942
-85.48520
-83.12491
-84.03422
-84.85091
-84.54770
-85.22265
-85.34253
-86.64615
-87.59446
-87.89523
-88.58049
-89.82480
-90.44446
-91.26927
-92.82030
-94.25970
-94.44394
-93.99228
-95.77960
-96.35258
-96.33342
-94.83005
-92.91829
-92.90591
-92.91837
-95.68621
-96.02805
-95.94746
-98.76969
-97.80315
-97.76722
-96.65026
-97.46018
-96.86708
-97.70729
-96.75187
-97.07598
-99.53989
-97.72212
-100.58931
-99.93446
-98.85480
-96.76911
-96.61854
-95.61397
-98.47772
-97.34641
-94.24874
-97.38758
-96.47661
-100.48809
-100.88216
-100.00819
-98.57493
-97.37881
-98.85391
-98.82158
-99.22446
-97.59320
-97.56793
-94.24487
-94.29885
-95.45732
-93.93065
-93.42256
-93.44916
-94.11885
-93.16160
-93.20248
-91.20248
-91.08228
-92.00927
-90.50810
-89.64376
-88.15983
-90.12079
-91.07175
-90.94583
-91.20139
-90.54860
-91.66591
-92.63107
-92.54916
-91.98070
-91.31476
-90.78017
-91.44531
-90.80461
-91.14805
-90.18621
-89.90250
-90.94960
-90.51039
-91.01990
-90.64150
-87.34743
-87.92454
-88.88739
-87.86149
-89.30833
-88.93396
-88.25800
-89.41868
-89.87964
-90.22569
-91.00730
-91.03114
-90.57290
-89.83740
-91.89378
-91.87237
-93.36497
-93.87542
-92.90079
-92.55074
-92.32076
-92.91796
-94.72504
-94.49639
-91.64120
-93.27735
-93.23177
-93.87555
-93.55882
-94.70438
-96.17570
-97.52110
-96.83176
-97.17447
-98.91532
-97.01221
-95.99057
-93.20634
-93.38052
-92.99472
-92.24022
-93.68650
-93.76880
-94.26570
-92.72565
-91.88962
-94.09388
-93.79041
-95.18592
-95.38159
-94.67998
-96.54607
-97.34241
-95.44971
-95.50192
-95.97667
-97.83297
-98.00993
-96.81831
-98.26785
-96.01285
-96.41999
-98.45619
-96.26514
-97.97803
-100.73798
-98.44852
-101.08488
-100.21675
-100.42657
-102.15961
-101.30487
-101.07030
-100.35709
-100.51793
-97.61512
-96.36171
-98.11966
-95.70920
-96.46113
-97.59995
-96.36231
-98.34607
-99.40580
-100.46204
-98.91636
-98.83390
-97.22387
-97.79848
-98.99453
-99.65488
-99.48874
-98.40845
-100.76371
-98.38686
-99.98457
-98.58001
-94.29186
-94.93999
-94.08609
-95.66637
-99.90520
-99.46398
-99.63492
-98.98446
-100.25688
-97.54195
-97.23137
-97.93439
-98.24287
-101.13923
-100.43249
-101.70045
-97.35389
-95.61603
-96.55124
-95.99718
-96.64314
-98.15275
-98.76827
-98.82857
-100.11518
-101.90449
-98.57882
-97.26789
-96.92789
-99.39724
-99.72699
-97.96240
-93.45326
-92.64271
-95.39520
-92.78533
-95.91100
-95.90477
-98.52460
-99.17514
-99.99534
-100.34336
-97.08264
-95.00431
-92.66855
-94.62505
-94.97867
-97.24665
-96.26843
-96.69338
-94.80669
-97.93039
-101.39771
-101.87526
-99.66783
-98.71326
-103.78059
-99.06046
-99.66057
-97.17581
-97.46693
-96.90652
-100.67259
-101.30946
-97.24418
-98.29701
-99.96433
-101.46495
-101.25467
-102.97951
-102.07729
-102.83269
-103.13161
-103.35692
-103.79736
-99.92873
-97.78146
-102.10201
-100.56420
-101.64770
-102.04031
-99.57763
-100.65663
-101.35449
-102.42856
-102.34292
-102.25962
-101.58972
-103.44969
-104.40746
-107.52492
-103.64047
-103.08290
-101.34871
-101.28221
-99.64705
-99.35536
-103.39610
-101.92138
-103.79090
-104.17448
-104.32786
-104.00379
-103.19073
-101.93974
-102.62240
-102.16422
-104.89255
-106.05026
-103.60465
-103.73560
-100.45106
-101.26941
-104.07740
-105.75076
-105.19889
-103.81060
-103.47132
-105.52391
-106.57401
-106.22384
-100.97817
-101.47478
-101.70073
-103.62592
-101.83019
-94.30019
-96.26724
-97.97773
-97.12684
-97.91052
-99.19114
-100.42632
-100.55292
-101.39978
-100.79529
-99.55565
-96.70641
-96.95829
-96.84895
-97.07356
-99.21349
-98.09397
-97.55316
-96.38527
-99.13371
-100.19862
-98.85129
-100.28624
-101.18013
-103.10401
-100.17744
-102.00916
-103.88182
-102.57978
-99.24929
-100.64678
-100.74026
-97.44171
-97.38296
-98.86963
-102.37369
-100.25225
-100.19505
-103.12223
-102.79768
-101.42458
-102.61980
-104.45927
-103.32864
-99.61051
-100.31500
-100.85428
-98.71853
-99.02057
-99.88025
-99.60890
-99.70862
-98.81926
-98.16442
-97.94850
-96.18681
-96.29425
-94.83163
-95.77496
-98.48934
-98.77587
-99.29228
-99.75653
-99.97807
-97.57952
-96.98115
-98.15194
-98.05023
-98.68246
-100.41206
-100.51668
-101.77518
-101.19001
-101.38502
-101.30201
-101.41344
-103.54249
-102.96914
-103.76793
-104.53328
-102.41424
-101.27673
-102.96319
-104.56728
-104.63085
-102.75209
-103.88930
-104.23504
-102.45661
-102.18345
-101.48956
-101.03655
-99.20940
-99.89485
-100.52585
-101.05572
-97.66043
-94.30440
-96.01831
-96.06938
-96.16550
-97.83468
-99.15259
-98.74095
-98.18496
-99.25094
-96.81978
-96.90759
-95.86078
-95.95061
-96.14245
-96.29264
-98.51650
-96.87497
-97.63744
-95.64315
-96.59147
-97.25416
-96.45191
-99.09860
-98.01996
-97.05017
-95.21329
-95.77990
-96.75687
-96.29942
-96.97592
-97.27907
-97.59232
-97.04420
-95.15980
-94.85022
-94.69314
-93.01734
-90.86241
-88.42982
-86.41406
-84.51358
-83.23132
-83.46434
-84.69619
-85.47683
-84.99552
-85.77571
-88.66697
-89.64666
-88.80106
-86.29363
-86.00240
-87.76931
-86.94479
-87.99197
-90.92512
-91.09851
-89.85671
-87.44527
-86.65049
-89.45701
-90.68120
-90.05616
-89.48848
-89.63717
-90.30327
-89.27106
-90.29254
-91.40533
-93.36052
-93.50125
-91.07114
-89.71073
-88.71027
-88.54649
-88.62465
-90.85036
-92.09426
-89.52520
-87.80087
-87.99280
-87.70509
-86.71843
-86.18826
-85.96467
-86.98552
-88.30578
-89.95933
-91.11975
-91.19285
-90.62696
-88.34608
-86.27291
-86.26893
-87.91284
-88.67522
-88.30327
-85.99039
-84.59552
-85.38347
-84.96131
-84.40409
-84.27011
-84.67333
-85.61275
-85.18414
-85.44496
-86.47831
-85.69501
-84.98759
-85.26935
-84.92373
-84.55936
-84.74182
-86.35459
-87.38298
-87.30407
-86.73321
-85.21334
-85.70389
-87.02181
-87.85577
-88.35557
-89.40339
-91.99936
-94.36631
-94.07419
-91.94360
-90.64317
-89.97807
-90.35318
-91.58108
-91.40106
-91.05802
-93.44391
-95.56865
-98.85965
-97.84343
-92.33737
-90.40179
-89.68371
-91.68675
-94.06316
-91.88987
-91.48795
-93.50610
-95.64509
-97.38066
-97.95071
-96.80174
-95.70185
-95.82691
-96.25759
-99.17240
-100.12491
-103.61586
-104.26180
-101.73363
-99.53198
-96.52106
-93.12185
-92.10897
-94.04792
-94.15043
-93.86928
-92.59243
-93.52340
-97.04908
-98.12270
-93.61676
-92.40842
-92.11056
-90.66125
-89.58028
-86.42835
-84.32831
-84.21693
-82.60706
-82.60369
-85.05117
-88.01971
-89.23930
-86.75653
-85.74538
-85.86025
-86.43503
-86.05746
-87.96243
-88.82080
-89.09153
-89.59998
-89.91998
-91.15979
-90.19447
-89.71268
-88.07823
-88.84422
-91.67979
-92.59019
-90.29951
-89.19037
-89.46093
-90.15425
-90.13156
-89.70502
-88.17629
-88.06887
-88.88859
-88.13236
-88.97610
-90.17519
-91.15633
-91.59903
-92.17367
-90.45622
-89.73586
-90.01240
-89.97505
-91.02974
-91.79757
-93.85523
-93.49624
-92.09196
-91.75650
-91.13233
-90.53777
-90.25665
-89.20386
-88.39913
-88.06431
-88.05772
-88.49448
-88.40590
-89.01394
-90.01048
-91.20898
-92.54628
-93.56218
-93.83329
-96.61829
-94.19018
-92.73262
-94.39406
-94.09370
-95.21107
-94.78526
-94.57598
-93.72952
-92.75010
-92.67735
-93.65901
-92.89675
-93.99554
-93.38902
-92.71338
-92.77755
-92.29260
-93.46794
-92.06731
-93.34037
-93.61069
-93.41382
-96.23635
-98.19870
-99.15138
-100.66530
-100.42526
-101.72338
-103.53932
-101.65343
-101.57021
-100.43740
-98.36357
-98.27162
-98.48087
-96.80562
-95.26716
-92.98272
-94.86355
-96.99416
-95.97192
-95.98065
-94.46841
-97.99555
-101.71728
-98.50561
-96.45653
-96.54845
-94.98224
-96.65675
-98.82972
-94.93044
-95.63296
-95.43973
-94.57862
-94.60269
-93.98542
-93.72961
-93.77086
-92.66308
-91.80002
-89.90307
-89.79723
-90.44906
-88.85359
-89.37156
-89.73825
-92.09330
-94.49002
-92.95329
-93.41486
-93.05309
-94.84088
-96.08523
-93.50104
-93.15751
-91.44556
-93.06118
-93.64069
-91.42989
-94.68369
-95.81060
-94.76333
-95.92509
-95.17057
-92.31913
-92.45704
-94.51626
-97.51643
-96.68328
-95.84949
-96.84984
-95.61255
-97.02521
-95.58307
-95.14877
-95.59880
-93.59287
-94.83115
-95.67479
-94.70786
-95.23690
-94.46138
-97.30339
-97.18046
-95.26672
-96.24241
-98.26350
-98.91143
-97.50642
-98.36553
-98.16116
-97.55380
-97.57655
-98.24784
-98.31753
-99.85607
-98.17232
-98.92494
-99.14831
-100.32857
-101.02553
-99.08781
-99.10084
-98.39676
-98.92608
-99.86796
-99.78333
-99.43696
-100.46627
-100.25272
-101.37782
-99.70606
-99.54107
-100.41586
-101.18667
-100.26374
-99.07063
-99.87106
-99.93755
-101.24251
-100.30010
-98.81946
-100.31862
-100.13202
-101.24099
-100.94825
-98.21687
-96.81297
-96.40618
-96.99468
-96.41093
-97.70061
-99.64964
-98.28497
-98.33097
-99.11129
-97.80761
-97.93197
-97.69204
-99.59148
-100.78195
-97.11629
-96.69961
-94.33408
-93.28761
-92.44657
-91.06493
-91.04988
-88.11548
-88.16499
-88.17171
-89.99578
-92.24379
-92.02275
-94.08180
-93.02076
-95.55343
-96.81655
-96.03760
-96.01120
-95.12995
-94.73950
-95.78301
-94.75503
-95.08592
-95.23025
-95.59807
-95.29586
-94.30664
-93.05821
-91.30111
-90.32976
-90.00831
-90.03586
-90.09056
-90.49911
-90.68584
-91.28216
-93.08548
-95.99278
-95.36390
-97.67490
-97.72479
-96.03621
-94.56688
-94.86827
-94.60057
-93.86351
-95.02883
-96.06958
-95.66434
-96.51543
-100.02790
-98.68197
-95.50483
-93.87371
-93.88240
-92.74716
-93.82758
-93.54698
-93.75399
-94.48431
-95.45909
-97.32860
-96.89878
-96.40225
-95.90901
-96.81189
-96.57349
-96.55620
-97.08645
-96.07070
-95.65036
-96.71165
-97.17522
-97.75510
-97.80263
-99.08029
-98.88640
-97.57531
-97.36166
-97.64693
-97.83681
-96.99064
-96.36536
-95.74157
-97.73235
-98.44701
-96.66526
-97.91594
-99.67928
-100.06581
-99.42143
-98.66910
-100.04771
-101.26759
-100.47805
-99.49463
-99.36370
-99.00391
-97.88575
-98.56750
-100.18416
-100.48595
-98.41545
-97.08161
-98.65703
-100.19894
-99.53330
-98.84623
-101.33491
-101.31401
-100.53381
-103.21574
-101.67675
-103.06902
-101.20721
-100.69322
-103.43974
-103.82970
-105.44142
-100.90056
-100.40095
-100.76780
-99.30901
-99.04524
-97.90205
-97.23665
-99.67580
-100.23248
-101.04937
-100.56233
-101.69349
-101.77086
-100.88463
-102.95504
-101.11277
-100.75121
-99.58097
-100.62850
-96.88074
-97.30534
-97.79047
-97.96222
-99.61332
-100.03916
-99.31829
-98.25124
-100.92980
-98.09611
-97.89894
-99.34925
-99.83551
-100.26650
-100.94442
-100.11213
-100.73851
-101.31598
-102.65562
-103.22704
-100.98363
-101.06532
-99.53656
-98.27996
-99.54899
-98.08400
-99.24164
-100.74460
-100.47046
-101.14370
-99.81254
-100.84861
-100.28748
-102.20811
-101.70725
-101.52594
-101.47345
-99.44035
-99.50745
-100.04351
-99.27344
-99.36472
-98.44625
-98.75665
-99.95346
-100.36561
-99.98667
-99.20157
-100.11809
-100.72415
-100.13730
-97.51351
-99.98676
-101.46226
-101.14599
-103.04670
-101.95623
-102.85093
-102.95312
-102.89421
-102.69432
-101.02008
-100.34638
-99.06537
-97.86065
-97.58005
-98.44303
-100.48421
-101.37515
-100.16732
-100.32413
-100.72006
-102.62737
-100.29855
-100.65865
-102.02586
-102.21322
-101.47398
-98.48145
-98.76485
-98.17161
-98.94300
-96.55568
-94.03662
-93.91634
-93.19773
-90.45352
-87.43020
-83.12668
-81.00201
-79.05590
-77.20712
-76.32073
-76.20705
-77.15578
-78.55745
-80.00959
-79.88880
-79.06150
-79.03535
-79.58223
-78.55964
-77.22856
-76.27751
-76.46223
-77.31550
-78.91916
-80.63115
-81.13995
-80.13761
-77.95429
-78.47518
-80.22675
-79.59854
-77.31098
-76.30256
-77.59187
-76.66378
-74.08828
-74.46673
-75.45902
-75.25397
-75.62723
-77.81659
-76.65411
-74.43493
-75.50228
-78.13359
-80.11045
-77.94614
-76.43324
-76.66196
-77.57694
-77.36890
-75.66068
-74.08829
-74.28525
-75.01657
-75.70279
-76.73583
-77.12904
-76.19779
-74.57487
-73.08472
-72.12814
-72.38924
-72.48861
-72.90948
-74.73432
-77.44640
-77.05993
-76.91414
-78.02249
-80.52102
-80.00841
-78.39200
-78.41741
-78.15565
-79.69876
-80.93791
-82.28630
-79.46890
-76.89999
-75.21510
-74.94182
-75.55648
-77.25675
-79.25460
-79.59470
-79.44562
-79.92552
-79.65236
-77.99955
-76.56993
-75.73608
-76.42864
-77.00192
-78.08836
-80.18395
-81.77347
-80.88209
-80.43934
-81.70479
-81.71195
-79.32835
-78.04008
-79.36232
-81.22153
-79.44113
-79.29993
-82.49626
-81.87285
-79.83146
-79.53365
-79.34184
-80.59021
-80.73284
-81.35377
-83.23780
-83.85474
-83.31809
-81.40578
-79.43046
-78.57617
-79.69866
-79.27477
-80.01958
-81.26070
-80.46387
-79.67682
-79.68733
-80.17161
-80.64466
-79.77573
-77.77779
-77.35121
-79.41846
-81.20900
-80.28833
-80.03332
-80.18185
-79.04497
-77.99049
-77.75961
-78.76629
-79.79451
-79.82719
-79.54814
-80.15548
-82.99383
-83.60515
-81.84335
-78.37163
-76.51861
-76.63943
-77.01847
-78.99302
-81.60016
-82.85930
-82.19547
-80.72082
-80.35996
-81.60201
-85.00895
-84.30031
-80.80459
-80.58312
-81.38168
-81.97559
-84.23448
-86.24767
-85.76562
-85.37950
-84.77879
-84.44988
-85.38874
-85.37315
-84.83514
-84.94475
-84.10694
-84.56916
-83.56371
-83.11044
-85.61600
-86.25759
-84.38915
-83.40892
-85.35868
-86.04064
-85.36903
-85.03469
-84.87207
-83.53849
-82.63840
-83.15901
-82.47201
-81.10106
-79.43466
-79.06435
-79.89360
-81.47604
-81.06922
-81.15676
-81.58709
-81.23114
-80.85543
-79.81797
-79.84400
-78.96081
-77.67239
-77.27412
-77.88585
-79.42401
-80.38172
-79.93541
-79.51239
-78.88515
-78.84925
-79.18858
-79.94473
-81.85866
-84.11860
-84.85267
-84.53985
-85.82383
-86.70051
-87.87761
-87.89028
-84.00108
-82.59853
-81.53770
-81.90198
-83.23933
-83.45576
-84.93866
-86.88898
-88.72526
-89.29516
-90.00701
-90.06908
-90.64011
-88.38846
-88.75414
-86.36374
-87.61494
-90.69709
-87.60749
-87.99368
-86.52064
-87.30916
-87.77518
-88.82771
-90.22919
-91.13141
-90.77462
-90.36427
-90.51863
-90.61178
-92.04032
-88.24131
-88.19924
-87.19636
-88.72469
-91.38891
-89.20110
-89.68388
-87.52748
-87.52456
-88.52083
-90.23583
-92.37088
-95.11100
-94.44954
-94.60893
-93.53959
-90.20450
-91.14372
-89.73999
-90.73927
-91.04467
-90.30114
-92.34799
-91.77232
-91.87606
-92.86526
-92.73257
-93.50310
-94.88997
-95.64654
-96.44453
-94.74332
-93.00829
-92.20330
-90.88649
-92.19136
-93.11813
-93.21939
-93.55945
-92.24012
-92.12816
-92.24074
-91.74418
-92.03921
-93.25823
-94.15720
-94.63284
-95.05412
-95.84681
-96.50083
-96.24867
-95.52198
-94.67771
-94.07329
-94.66938
-94.95574
-95.50186
-95.75574
-94.65952
-94.82738
-94.91813
-95.14822
-95.99076
-96.52309
-97.88604
-98.53124
-98.62300
-98.43551
-97.81630
-96.83394
-95.33708
-95.57481
-96.29306
-96.02979
-95.81124
-97.18165
-96.99293
-97.56854
-98.30374
-98.39480
-99.42639
-98.93959
-99.73614
-100.06999
-100.13657
-100.07223
-99.33768
-99.67727
-100.29689
-98.27142
-99.02301
-98.18845
-97.75901
-99.81191
-98.86860
-97.67349
-98.53760
-98.47453
-99.70920
-99.51200
-97.63970
-98.57562
-99.54901
-101.20609
-99.14851
-101.64640
-102.44834
-100.90961
-101.61236
-101.64107
-101.44919
-100.31272
-100.60601
-99.27425
-99.63322
-99.52124
-98.39730
-97.97280
-96.07654
-96.57467
-101.63618
-102.61352
-100.40153
-100.17088
-100.61915
-100.64759
-99.16093
-98.39184
-98.24006
-99.27385
-98.70881
-96.51923
-95.84612
-96.96927
-96.95220
-96.94335
-100.04412
-100.36574
-99.65474
-99.54414
-100.46648
-98.40558
-97.63753
-97.03423
-95.58868
-94.72509
-94.95083
-96.64013
-96.67035
-96.48047
-94.05618
-95.45333
-101.77051
-103.73564
-97.73787
-96.87460
-97.64109
-96.48892
-95.13255
-94.30040
-93.21770
-92.76830
-92.32897
-92.43568
-93.78036
-93.60281
-94.47853
-93.21853
-95.59522
-96.93833
-97.15553
-98.61800
-100.12089
-99.21496
-96.74700
-97.36760
-93.86237
-93.68488
-94.12901
-94.66486
-94.95862
-94.01253
-93.47186
-94.02687
-92.55080
-92.10596
-97.54286
-97.10615
-94.17539
-97.04897
-97.27170
-95.15785
-95.02771
-94.90468
-93.43275
-92.10659
-93.42782
-91.61953
-90.79614
-93.45059
-90.93856
-91.55745
-94.30759
-93.41487
-96.07510
-94.08883
-95.37625
-94.34010
-90.74256
-94.55458
-92.77949
-90.56550
-91.30741
-91.97149
-94.15227
-91.79889
-92.67130
-93.69730
-92.58951
-91.29736
-92.07078
-93.12212
-91.23901
-93.29658
-92.06089
-91.84527
-91.15733
-93.88919
-93.01948
-91.08428
-95.13251
-93.36019
-91.55517
-91.20796
-93.44045
-91.81488
-92.63033
-91.17192
-92.58021
-93.30394
-91.55170
-94.45169
-91.06648
-92.90713
-92.13033
-93.24629
-94.19322
-93.25420
-93.22143
-91.79026
-93.47533
-92.80344
-92.17610
-92.59437
-92.13207
-90.95031
-93.56834
-92.33590
-92.09277
-92.91478
-92.24324
-92.95308
-91.51066
-91.69038
-90.89207
-89.72003
-90.98203
-90.05000
-90.52315
-91.41704
-89.93841
-89.69519
-89.09968
-90.75412
-89.35800
-88.89558
-88.39117
-90.72528
-91.65488
-89.64117
-90.06580
-89.10003
-90.53013
-89.80390
-89.38765
-89.47676
-89.05284
-89.36606
-90.13041
-89.44411
-91.02603
-90.15350
-90.92169
-88.69297
-90.13343
-89.43943
-88.34084
-89.72152
-89.00580
-92.39618
-89.26607
-90.96342
-89.74184
-90.85734
-89.64474
-89.86679
-90.26319
-90.11584
-90.20712
-89.32475
-89.10256
-89.51345
-90.44893
-88.14588
-89.76778
-88.64944
-90.19217
-88.11384
-87.61904
-88.73948
-88.75788
-89.49399
-89.92244
-91.48122
-91.60722
-91.22209
-88.07828
-87.70863
-89.34603
-89.71239
-89.41435
-90.25023
-91.82272
-90.74889
-89.88877
-90.45380
-89.66540
-89.03851
-89.94275
-89.11449
-88.26474
-89.91383
-89.72372
-88.50237
-88.80735
-90.82156
-90.30116
-87.53291
-87.05163
-88.67125
-89.01728
-88.35467
-89.71578
-92.68152
-90.25359
-88.61494
-88.61848
-88.28497
-89.00096
-88.15553
-88.65860
-86.69097
-88.04915
-90.05055
-88.44913
-86.78542
-86.35453
-89.03306
-88.69634
-88.10627
-89.11485
-86.49033
-85.77336
-89.42401
-89.55057
-88.63934
-88.81560
-87.49422
-87.61603
-88.66607
-86.26308
-86.11664
-86.72301
-87.81577
-88.58317
-88.69867
-87.13865
-87.10577
-86.59473
-87.62354
-88.89964
-87.60298
-87.46730
-86.12109
-89.69655
-87.07865
-86.74328
-88.44899
-87.40832
-89.54220
-88.66901
-87.20422
-87.48739
-86.38391
-86.52643
-86.68305
-88.10356
-88.20243
-88.95411
-88.24617
-87.27173
-90.37844
-88.85762
-87.62632
-87.62505
-89.45906
-88.39688
-87.44520
-88.72312
-89.49456
-90.02967
-90.17037
-89.49818
-90.69891
-90.30979
-89.59867
-90.12268
-90.27839
-90.54675
-92.54262
-92.08529
-92.56805
-92.65493
-91.39722
-91.70613
-90.88203
-93.86736
-92.04698
-92.62726
-92.32294
-91.33089
-93.30878
-92.85177
-92.45867
-94.17331
-94.27342
-92.66998
-92.54611
-94.03241
-95.50045
-93.67242
-95.40307
-96.29340
-95.48481
-95.56163
-95.21316
-95.92430
-95.44767
-94.94270
-95.38390
-95.75334
-96.39249
-97.21885
-96.75551
-96.95113
-97.87110
-96.67727
-96.49918
-97.47713
-98.56440
-97.22174
-97.81325
-98.25277
-97.85120
-99.79087
-98.89602
-99.02921
-97.75506
-98.20412
-98.74338
-98.35464
-99.40949
-100.33338
-100.18355
-99.93536
-101.55104
-102.05157
-101.00109
-100.66241
-101.19845
-101.15590
-102.34322
-102.20064
-102.32595
-102.96537
-103.17963
-102.67885
-101.83228
-101.91292
-103.25999
-102.37387
-102.52650
-103.79505
-103.11625
-103.41103
-104.11438
-105.55468
-104.84056
-105.45164
-104.61681
-105.12533
-106.95048
-106.27135
-106.08753
-106.84263
-107.60619
-107.32229
-106.19379
-106.02746
-107.77894
-106.91952
-106.88064
-106.57226
-106.63167
-107.33544
-107.91785
-110.22886
-109.40293
-109.19827
-108.70872
-108.37989
-110.45177
-110.48296
-109.58555
-110.90895
-111.50498
-111.31405
-110.78653
-110.20777
-112.12750
-111.48556
-111.72630
-110.71180
-110.60682
-111.81561
-111.90452
-114.05957
-113.63929
-112.91154
-112.80550
-113.01205
-112.84062
-113.89469
-113.89844
-114.60472
-115.20249
-114.93988
-114.96419
-114.34204
-116.52080
-116.06295
-116.27321
-115.35247
-114.55289
-115.95601
-115.75048
-117.63232
-117.60794
-116.95188
-117.55749
-117.80607
-116.79025
-116.32572
-117.30907
-118.29241
-118.91430
-118.51251
-119.16466
-118.62780
-120.66321
-120.75205
-119.42982
-120.24802
-119.14769
-119.29843
-119.57882
-121.48116
-121.50461
-120.54297
-121.13371
-121.12331
-121.19687
-120.69219
-120.81449
-121.88552
-122.02398
-121.86506
-122.86107
-122.43593
-124.32292
-124.88442
-123.78548
-124.10597
-123.29160
-123.05435
-123.09259
-124.91080
-125.59733
-124.61093
-124.83502
-125.06880
-124.88121
-125.57645
-124.42754
-125.08595
-126.31583
-126.22393
-126.89582
-126.04175
-127.46318
-128.55016
-127.59019
-129.39230
-131.28704
-132.14565
-134.22198
-135.46262
-137.25653
-136.54552
-138.50131
-138.19095
-139.17816
-139.26691
-138.74451
-138.47928
-138.44521
-138.40266
-138.22757
-137.93909
-138.42726
