-110.52756
-87.31466
-75.58909
-73.29967
-72.86680
-72.38716
-72.07311
-71.88946
-71.86845
-72.12551
-72.77890
-73.57517
-74.43166
-74.88047
-74.86954
-74.33611
-73.80003
-73.28767
-72.83191
-72.34552
-71.99237
-71.77999
-71.65719
-71.51544
-71.33201
-71.07880
-70.94331
-70.85785
-70.69024
-70.67701
-70.66154
-70.62367
-70.62714
-70.73610
-70.84173
-70.82352
-70.76909
-70.54041
-70.30022
-70.13339
-69.92154
-69.83970
-69.74647
-69.61544
-69.67629
-69.75541
-69.67584
-69.52618
-69.42713
-69.33144
-69.18550
-69.02590
-68.93802
-68.91069
-69.10220
-69.47635
-69.84949
-70.41299
-70.91459
-70.95757
-70.74219
-70.44844
-70.27359
-70.20431
-69.98635
-69.95046
-70.00354
-70.03640
-70.00170
-70.09699
-70.14314
-70.16913
-70.24167
-70.15110
-70.23026
-70.25208
-70.37892
-70.45940
-70.62391
-70.75944
-70.95624
-71.26661
-71.16057
-70.91757
-70.78367
-70.58071
-70.49437
-70.53022
-70.38434
-70.45842
-70.43709
-70.43737
-70.52259
-70.55147
-70.58107
-70.51163
-70.45030
-70.37783
-70.32218
-70.35469
-70.52023
-70.75498
-71.18843
-71.72891
-72.14824
-72.22142
-72.17383
-71.95741
-71.74448
-71.69728
-71.64694
-71.65565
-71.63487
-71.70850
-71.78444
-71.88157
-71.95446
-71.97216
-72.01694
-72.06276
-72.17330
-72.26211
-72.35908
-72.41704
-72.58459
-72.88611
-73.12641
-73.33484
-73.31125
-73.15744
-72.90867
-72.77884
-72.69169
-72.68437
-72.76852
-72.74153
-72.72837
-72.82979
-72.85144
-72.96195
-73.09617
-73.05675
-72.98128
-73.03546
-72.99229
-73.17671
-69.92932
-64.87154
-61.45472
-59.11765
-57.44881
-56.29137
-55.50712
-54.63590
-53.75869
-52.86745
-52.62699
-52.73168
-52.15879
-51.59049
-51.42562
-51.55330
-51.54739
-51.77025
-52.52227
-53.47906
-54.69188
-56.12219
-56.90284
-56.58060
-55.72880
-54.92427
-54.77676
-55.26416
-56.51922
-58.68595
-60.37657
-59.90832
-58.19380
-56.96561
-56.54650
-56.62749
-57.08309
-58.12905
-59.30221
-60.29703
-61.06142
-60.87024
-60.55635
-60.34393
-60.27273
-60.19816
-60.11827
-59.56829
-58.34106
-57.20503
-56.58267
-56.12509
-55.57560
-55.03233
-54.50947
-54.00124
-53.49195
-53.14583
-52.77465
-52.49222
-52.35548
-52.32153
-52.40803
-52.70235
-53.29550
-54.25518
-55.53166
-56.95057
-57.93525
-57.73639
-56.87860
-56.08087
-55.93146
-56.43717
-57.67997
-59.65583
-61.23852
-61.02640
-59.58169
-58.44269
-57.94480
-57.95990
-58.53339
-59.64592
-61.03121
-62.60245
-63.58008
-63.74737
-63.35794
-62.88122
-62.87192
-62.92710
-62.81686
-61.19075
-60.66405
-60.60802
-58.20954
-57.35302
-58.32635
-57.64298
-56.05660
-56.26957
-56.59942
-55.18470
-54.75967
-55.50027
-54.73003
-54.03841
-55.07917
-55.05302
-54.91449
-56.91227
-57.41162
-58.44836
-60.39040
-59.02293
-59.49628
-58.09228
-57.60603
-58.92442
-58.73865
-61.50556
-61.94717
-62.12183
-61.55320
-59.32291
-60.38844
-59.55022
-59.56333
-61.27597
-60.92601
-60.16055
-60.57338
-60.73480
-58.16409
-56.62506
-58.88198
-62.87006
-61.48713
-59.22261
-59.44392
-60.82037
-60.39503
-59.89496
-60.17183
-59.42531
-58.73828
-59.05873
-59.15169
-57.95868
-57.91157
-58.30840
-57.45251
-57.22944
-58.11382
-58.05809
-58.17350
-59.57266
-60.21004
-61.34284
-62.90415
-62.15001
-62.48566
-61.30864
-60.87963
-61.78432
-62.00962
-64.50160
-64.39974
-63.87457
-63.22020
-62.16845
-62.29664
-62.11545
-62.41484
-63.79814
-64.84979
-66.09528
-65.93468
-65.22475
-65.84973
-66.90374
-66.29533
-65.87082
-67.34350
-66.06042
-66.86141
-65.40529
-63.14208
-63.84902
-64.36861
-63.70258
-63.19897
-63.18181
-63.33820
-63.33067
-62.83928
-62.74383
-62.71006
-62.74603
-63.28408
-63.13434
-62.77054
-64.53800
-64.96163
-64.14755
-65.57468
-66.39815
-63.98403
-61.81058
-63.18635
-64.35621
-63.76866
-64.45932
-63.24412
-61.70600
-61.05106
-60.70539
-60.26684
-60.41381
-60.71197
-61.55740
-61.74153
-60.89408
-61.19409
-58.95371
-56.23583
-56.92703
-59.50411
-60.26916
-60.28275
-61.12704
-60.18517
-59.93148
-62.61232
-63.31938
-63.46602
-64.15547
-63.42056
-62.72506
-62.43922
-62.20455
-62.37232
-61.77044
-61.60454
-62.30205
-62.52491
-62.15958
-62.18198
-63.30443
-63.11627
-63.36663
-63.55320
-63.05327
-63.52773
-63.83214
-64.09825
-64.01475
-63.80587
-63.90643
-63.29949
-63.13529
-63.14492
-63.10545
-63.31113
-63.42152
-63.27455
-63.22631
-63.16309
-63.05169
-62.90227
-62.82814
-62.64192
-62.64495
-62.53137
-62.38726
-62.47252
-62.46196
-63.11825
-63.62338
-64.06291
-64.30554
-64.46939
-64.43291
-64.22795
-63.91894
-63.89237
-63.87651
-63.89956
-63.99287
-63.93427
-64.07003
-64.06065
-64.06147
-64.25559
-64.37812
-63.99569
-64.25331
-64.60015
-64.62982
-64.99443
-64.94428
-65.11787
-65.51039
-65.40884
-65.50369
-65.38053
-65.27799
-65.21095
-65.03847
-65.05353
-65.08344
-65.09393
-65.11125
-65.10295
-65.26351
-65.27962
-65.30217
-65.26912
-65.25015
-65.18722
-65.11966
-65.44567
-65.44277
-66.07926
-66.48470
-66.96144
-67.30212
-67.21245
-67.24033
-66.99243
-66.98127
-66.88951
-66.93750
-66.89278
-67.13808
-67.01713
-67.27645
-67.09853
-67.23162
-67.53044
-67.26408
-67.53465
-67.62778
-67.68396
-67.75349
-68.18756
-68.31912
-68.47989
-68.53420
-68.88537
-68.76232
-68.87774
-68.55412
-68.53889
-68.60931
-68.55914
-68.83554
-65.50425
-60.54135
-57.42729
-55.28193
-53.88493
-53.45445
-52.77890
-52.16653
-51.65678
-51.47564
-51.57105
-51.20773
-50.52513
-49.93263
-49.35036
-48.95079
-48.43723
-47.94891
-47.47088
-47.07086
-46.99244
-46.83086
-46.43726
-46.14210
-46.52283
-46.51250
-46.71837
-47.21343
-47.72337
-48.72306
-49.83673
-51.27508
-52.09513
-52.02655
-51.25658
-50.46296
-50.21179
-50.65751
-51.72178
-53.66443
-55.31811
-55.29860
-53.98232
-52.79009
-52.22186
-52.26912
-53.03666
-54.22014
-55.64982
-57.07578
-58.50203
-58.64372
-57.88536
-57.22350
-57.01774
-56.51963
-56.39511
-55.83677
-54.72566
-53.91881
-53.02771
-52.40780
-51.82472
-51.45563
-51.07934
-50.81185
-50.44643
-49.90613
-49.48921
-49.13407
-49.18654
-49.04406
-49.14257
-49.39116
-49.69313
-50.52962
-51.57447
-52.87633
-54.15533
-54.74604
-54.10041
-53.33191
-52.86419
-53.08661
-53.89194
-55.53217
-57.47332
-58.20563
-57.18987
-56.21010
-55.24097
-54.99694
-55.20618
-56.50514
-58.11049
-57.14772
-59.58072
-60.87752
-59.90143
-60.40597
-59.53472
-59.64119
-61.11028
-59.61630
-58.05504
-58.98989
-57.97821
-55.80516
-55.89118
-56.40904
-54.77516
-54.03038
-54.64105
-54.30995
-52.94026
-52.93811
-53.40458
-52.59290
-51.86194
-52.47974
-52.31766
-51.47045
-51.97385
-52.20022
-51.70994
-52.18964
-53.18924
-53.14134
-54.51292
-55.97308
-56.19409
-57.85343
-57.23833
-56.72452
-56.96416
-55.68579
-56.56529
-57.18965
-58.19521
-60.62759
-59.95856
-60.51662
-58.79959
-58.36436
-59.28787
-58.88263
-61.47686
-62.24976
-63.03408
-63.99601
-61.37124
-61.57056
-60.44178
-59.63951
-61.22366
-60.89676
-60.94202
-62.36898
-63.16258
-62.52064
-63.89856
-65.02191
-65.46128
-66.41101
-67.15891
-66.96515
-65.56331
-64.90602
-64.30592
-65.00390
-63.91394
-62.77075
-63.07456
-62.74630
-61.34749
-61.23249
-61.64369
-60.85710
-59.87288
-60.20050
-59.88934
-59.40192
-59.58664
-60.07117
-59.45120
-60.92538
-60.76572
-57.88010
-59.76272
-61.51937
-63.73189
-64.92325
-63.49810
-63.57770
-63.58884
-61.86600
-63.05017
-64.79408
-63.73582
-66.19261
-65.33717
-64.82260
-64.02093
-65.84405
-65.32896
-65.48930
-67.99827
-66.06837
-68.59288
-67.76004
-66.32496
-67.95579
-67.82079
-65.15414
-66.87679
-66.28205
-66.78895
-67.75524
-67.87504
-66.49287
-66.39689
-69.96665
-68.56029
-68.70402
-67.87267
-69.60207
-66.85693
-67.40632
-65.72178
-63.65547
-63.66543
-64.08882
-65.46634
-65.87062
-66.65174
-65.91323
-67.12303
-67.22608
-67.36557
-68.89321
-68.92782
-69.67524
-70.92750
-68.59519
-67.97527
-70.34922
-70.65935
-69.45431
-70.00094
-68.61127
-70.67694
-70.61994
-69.98148
-70.20975
-72.50698
-71.75795
-69.78615
-74.45097
-72.17659
-69.09509
-67.73047
-69.59909
-72.00133
-73.53595
-71.06027
-72.51527
-72.97408
-67.75445
-70.29061
-77.29424
-74.47630
-72.33989
-70.43880
-71.69840
-72.29499
-71.46546
-71.26629
-74.41048
-74.16843
-71.63095
-72.93169
-74.38478
-77.22885
-59.40455
-59.09098
-65.06762
-65.78480
-68.01264
-68.29129
-70.89982
-63.71808
-65.52773
-67.12409
-68.57820
-70.82668
-67.36768
-69.04646
-70.43647
-69.36147
-73.69179
-70.57143
-67.20529
-71.57597
-71.50011
-76.16650
-71.88872
-71.43060
-72.80330
-72.89131
-73.65272
-72.49238
-71.81530
-74.32679
-77.33843
-76.83917
-74.22273
-71.92647
-74.27667
-73.33698
-70.28711
-71.43292
-75.14136
-71.53646
-71.19237
-73.71640
-75.47271
-74.79566
-74.32201
-68.98560
-68.83473
-70.96035
-69.79429
-71.49391
-72.88114
-75.98117
-77.68457
-77.77404
-75.12821
-75.39626
-76.38695
-76.51367
-77.76507
-78.65564
-82.42539
-81.72810
-82.15899
-78.80589
-78.51629
-79.94598
-82.47513
-82.13178
-82.22794
-81.50400
-82.02614
-81.47766
-83.37688
-87.73786
-87.14964
-85.77523
-81.54323
-96.61492
-76.16501
-72.21805
-60.92406
-57.19728
-58.73917
-59.95349
-61.95162
-62.01149
-60.96367
-61.14902
-62.31334
-61.65847
-60.56818
-60.36718
-61.40009
-60.45492
-60.37741
-60.21067
-59.63571
-60.02077
-59.53580
-59.09113
-58.59697
-58.87268
-58.28832
-57.89422
-57.68305
-57.54911
-57.58258
-57.56791
-57.91380
-58.29083
-58.85140
-59.57476
-60.30956
-61.08242
-61.96113
-62.92480
-63.73807
-64.97672
-66.15044
-66.61360
-67.15817
-67.17116
-67.02952
-67.02599
-67.12706
-66.32396
-66.72992
-66.15238
-66.55885
-67.71062
-67.62808
-67.91813
-67.57286
-67.70450
-66.76374
-67.12474
-66.65289
-66.27061
-66.67061
-66.61688
-67.05884
-66.72106
-67.15756
-67.13849
-67.13074
-67.38097
-66.76905
-66.32514
-65.88150
-65.44767
-64.91825
-64.72951
-64.64479
-64.99849
-65.04270
-65.55999
-65.27866
-65.91066
-66.24244
-67.09654
-67.72885
-68.46887
-69.22351
-69.84777
-71.25755
-70.68536
-71.75873
-59.95367
-57.84780
-60.91678
-61.88227
-64.88366
-65.34681
-63.24452
-65.11855
-65.97551
-65.61433
-64.52504
-63.98879
-68.53037
-66.28943
-67.00277
-66.04355
-65.14869
-67.35770
-67.64522
-66.91556
-65.79268
-67.78944
-66.35290
-66.34261
-66.17994
-66.24997
-67.56635
-67.29630
-68.27397
-68.00153
-68.75757
-69.41677
-68.75068
-68.30754
-68.90587
-69.28448
-68.69210
-70.35128
-70.68745
-70.50223
-69.97941
-70.56187
-70.57085
-71.35388
-72.93048
-71.86420
-71.42126
-69.46679
-68.70709
-68.11380
-68.52523
-68.42689
-68.34331
-69.76293
-69.91955
-70.98876
-70.83544
-71.03957
-71.00177
-70.07911
-69.89093
-69.26524
-69.98276
-70.46232
-71.33458
-73.59783
-73.84911
-73.93902
-74.88611
-74.33280
-75.47006
-74.83374
-74.18506
-74.30352
-76.60118
-76.36447
-74.80366
-73.83279
-73.23022
-71.84192
-69.46388
-68.87548
-69.09494
-71.29785
-71.48637
-74.78143
-61.82579
-59.37873
-63.91017
-63.17467
-65.69212
-67.12194
-65.52972
-67.23028
-68.73017
-67.94985
-66.58325
-66.13251
-70.78023
-69.64268
-69.31004
-69.00268
-67.19696
-69.03170
-68.15574
-68.67636
-68.34250
-70.69307
-70.00137
-69.31506
-69.00093
-69.22263
-69.88874
-70.12484
-71.09417
-70.31251
-69.77697
-70.01178
-69.73071
-67.98303
-67.78603
-68.03387
-69.82190
-71.11477
-71.65954
-71.64206
-70.96871
-69.96109
-72.03149
-72.13528
-70.58331
-71.81581
-71.80527
-69.84178
-69.32419
-69.55412
-69.08579
-70.31795
-70.68483
-72.48423
-72.30762
-72.17196
-69.85998
-67.66081
-67.75347
-67.62902
-68.74157
-69.69047
-69.89452
-69.97262
-70.34622
-70.69144
-70.28237
-69.89292
-69.43540
-68.42234
-68.07979
-68.35848
-68.85338
-69.83772
-71.00223
-70.98283
-70.19466
-69.29842
-69.98663
-69.77397
-70.87593
-69.49725
-68.29600
-68.19583
-68.40093
-68.60962
-70.42701
-68.09201
-60.79198
-60.97507
-63.30618
-64.36249
-66.20934
-65.82772
-65.72891
-66.95498
-66.74877
-66.85806
-66.49358
-65.82914
-67.83459
-66.81697
-66.95910
-66.49395
-66.20085
-67.11626
-66.68774
-66.31278
-65.49659
-65.63099
-65.37159
-65.13403
-64.67779
-64.79859
-65.73898
-65.61963
-65.86681
-65.30171
-65.30944
-65.31974
-64.95326
-65.49850
-65.66151
-65.56636
-65.30474
-65.20523
-65.39476
-64.95168
-64.44586
-64.72735
-65.02655
-65.03776
-64.57478
-64.88492
-64.37895
-63.97918
-63.86935
-63.60350
-63.33611
-63.25983
-63.32806
-63.14585
-62.98591
-62.41994
-62.66351
-62.30743
-62.51024
-63.71727
-63.62666
-63.56384
-63.71000
-63.92694
-62.16955
-60.63688
-61.92356
-60.18243
-60.08960
-61.70322
-62.21976
-63.91097
-63.93582
-64.49984
-65.22085
-65.35382
-66.10594
-65.41992
-63.16574
-66.08570
-66.54484
-66.73736
-67.22918
-65.81206
-67.83443
-67.84105
-69.39063
-64.37172
-61.77836
-62.95424
-64.10135
-65.75025
-66.68429
-65.84018
-64.80632
-66.41396
-67.33185
-66.72343
-66.27783
-66.47974
-67.32890
-67.55509
-68.92311
-67.86061
-67.74357
-68.41955
-67.94707
-67.73804
-66.69891
-67.76777
-67.58453
-66.57529
-66.62873
-66.83899
-67.51029
-67.49744
-68.36986
-68.36972
-67.46757
-67.77188
-69.06348
-69.16813
-67.98596
-67.61074
-66.84569
-66.77838
-68.15568
-69.22434
-69.81632
-70.29711
-68.91046
-67.72937
-68.76775
-71.09923
-69.98711
-69.14684
-69.53257
-69.16408
-68.90477
-68.73619
-68.98977
-68.03808
-67.85080
-67.43814
-67.64144
-68.38547
-68.02041
-68.50046
-68.77695
-67.38833
-67.37537
-67.94295
-68.36019
-63.54412
-61.24364
-64.61736
-61.73200
-61.19374
-64.85369
-65.01810
-65.93394
-66.47579
-67.14143
-67.61746
-66.80810
-66.34071
-66.32235
-64.15382
-65.17744
-67.41385
-66.76500
-67.41497
-65.02397
-65.03341
-66.73689
-66.74994
-65.59754
-61.75012
-62.16049
-63.55711
-63.78287
-65.70664
-65.21082
-64.26229
-64.41158
-64.59616
-64.35124
-64.41471
-63.52950
-63.71911
-63.96490
-64.21489
-64.21221
-63.99119
-64.17371
-63.92527
-63.82013
-63.02428
-63.54600
-63.49108
-63.13867
-63.62488
-63.37917
-63.17953
-62.76460
-63.09486
-63.14138
-62.17907
-61.63909
-61.40785
-61.38998
-60.42194
-60.05598
-60.47544
-59.68258
-59.51452
-60.19169
-59.75185
-59.05783
-59.39405
-59.45297
-59.03268
-59.01794
-59.32627
-59.62123
-59.24613
-58.90968
-59.27802
-59.02659
-58.31157
-58.24061
-58.21179
-57.43192
-57.44512
-58.30675
-58.03614
-57.24905
-57.15807
-57.38576
-56.83960
-56.90560
-57.31887
-57.37013
-56.78502
-57.22631
-57.09176
-56.54313
-56.43041
-56.60074
-57.68121
-57.56059
-58.16520
-58.35573
-58.33865
-57.95058
-58.44173
-58.29667
-57.80382
-58.41384
-58.72296
-58.30095
-57.60009
-57.78935
-57.30100
-57.19900
-58.11915
-57.81502
-57.69830
-57.72670
-57.56216
-58.68748
-58.58543
-59.52863
-60.13215
-60.32194
-59.74481
-59.92624
-60.68714
-59.77851
-59.36749
-59.01139
-58.99883
-58.56098
-58.90265
-59.52754
-59.52193
-59.35568
-59.93819
-60.38981
-59.54475
-59.39854
-59.56589
-59.38966
-60.09138
-59.69244
-59.08260
-59.13700
-59.39412
-59.23322
-58.68246
-58.79629
-58.60913
-58.24484
-58.54910
-58.17211
-58.22224
-59.21305
-59.70748
-60.45165
-60.26226
-59.80463
-60.26290
-60.50948
-60.32186
-60.75885
-61.09298
-60.67078
-59.98001
-59.33494
-59.82800
-59.79861
-59.61838
-59.91458
-59.19860
-59.09484
-59.46378
-60.40190
-60.43622
-60.02868
-60.07113
-59.65737
-59.59834
-59.18424
-58.66224
-58.29564
-58.28174
-58.23540
-57.87035
-58.71148
-59.79211
-59.81663
-59.86532
-59.66269
-59.58336
-59.81494
-59.21669
-59.39457
-59.74205
-59.37214
-59.65856
-60.65585
-61.68652
-61.27656
-61.07600
-60.76178
-60.09609
-60.15862
-60.19364
-59.56757
-59.91928
-60.37046
-60.55444
-60.37571
-60.57371
-60.34438
-59.91043
-60.52712
-60.36008
-60.39899
-60.34978
-60.64280
-60.67475
-60.86517
-60.87922
-60.80237
-60.52980
-60.57143
-60.77637
-60.75667
-60.92063
-61.40884
-61.82535
-61.87233
-63.48900
-63.91939
-63.77699
-63.49534
-63.83943
-64.28980
-64.31141
-64.09275
-64.22371
-64.32052
-64.81098
-65.69297
-65.72693
-66.05346
-66.17649
-66.63524
-66.43545
-67.03124
-66.75037
-67.73920
-68.39182
-68.64290
-69.46752
-69.67638
-70.31325
-70.39748
-69.94174
-69.87114
-70.40782
-71.43412
-71.43531
-70.46014
-72.01361
-73.06114
-72.99159
-71.92120
-71.86139
-72.08740
-71.80126
-71.75170
-71.84762
-70.98376
-67.77751
-68.30111
-69.29963
-65.81563
-67.18639
-68.75821
-67.98031
-68.70676
-68.62310
-69.28786
-70.44998
-69.57887
-70.31201
-70.43723
-69.26190
-70.31899
-69.83067
-70.72263
-70.50457
-69.95941
-70.77167
-72.24694
-73.85981
-72.99785
-67.79054
-67.19560
-68.32536
-69.25322
-71.51001
-71.44713
-71.15023
-70.95512
-73.14990
-72.86152
-72.69357
-72.51023
-74.34670
-75.35920
-73.53009
-75.31895
-73.63973
-73.47130
-75.86920
-74.52201
-75.45129
-74.90698
-74.67661
-74.88659
-74.17867
-73.87341
-73.38691
-75.50611
-75.03472
-75.97975
-76.00365
-75.59912
-75.85205
-75.64458
-77.02547
-75.37733
-74.29935
-73.72414
-73.14422
-73.06586
-73.26081
-72.48942
-72.12059
-71.94096
-72.40800
-72.87201
-72.23282
-71.67472
-70.72321
-70.22444
-69.56805
-69.89284
-70.57015
-69.97451
-69.58186
-69.35236
-69.41255
-69.17291
-68.85609
-68.36374
-68.16527
-68.33081
-68.43391
-68.50225
-68.35511
-68.00349
-67.85306
-68.03656
-67.73517
-67.35933
-67.56872
-68.24305
-66.51052
-67.41587
-68.57077
-67.17751
-66.21805
-64.52553
-64.42463
-64.61872
-64.69959
-65.36515
-65.95052
-66.29150
-67.01609
-67.46685
-67.40400
-67.17866
-66.39233
-66.22269
-66.20043
-66.44788
-66.84591
-64.41670
-64.01043
-64.20776
-63.69326
-64.13434
-63.63503
-63.14782
-62.54994
-62.90450
-63.53822
-64.56132
-65.56491
-66.29525
-66.94420
-66.64039
-66.13459
-65.14261
-64.06289
-63.52989
-63.54692
-63.34990
-63.97772
-64.94672
-66.59261
-68.07057
-69.39961
-70.39499
-71.77900
-72.72325
-71.31755
-72.67973
-74.24692
-75.03428
-72.65561
-69.33644
-65.78870
-62.95974
-60.83821
-59.69960
-59.26883
-59.17356
-59.54948
-59.86712
-60.67041
-61.45753
-61.94511
-62.47588
-62.98438
-62.57640
-62.20877
-61.33410
-60.59769
-60.24433
-59.85905
-59.54330
-58.55217
-58.14320
-58.15045
-58.38798
-58.13900
-57.63641
-56.87231
-56.37294
-56.28341
-56.72489
-57.61356
-58.40059
-59.10426
-58.78264
-58.49418
-58.01611
-57.58380
-56.98924
-56.56422
-56.53336
-57.07512
-58.10946
-59.88876
-61.90732
-62.95344
-62.62903
-60.68496
-58.55665
-57.02706
-56.22889
-56.42718
-57.52050
-59.51480
-62.95675
-66.66232
-67.76885
-64.11571
-62.21929
-61.10751
-61.10388
-62.25818
-63.79579
-64.78392
-64.54940
-63.89237
-62.70849
-60.79555
-58.03322
-55.64269
-53.54198
-52.42806
-52.22950
-52.90383
-54.13225
-55.69737
-57.75463
-59.49077
-60.99273
-62.17146
-60.70418
-59.16593
-57.63865
-56.73959
-56.68539
-56.11957
-55.58580
-55.02123
-54.68682
-54.50383
-54.52108
-54.89591
-54.62074
-53.44695
-52.74153
-52.15659
-51.92285
-53.00305
-54.43632
-55.59343
-56.68320
-56.51603
-56.02216
-55.71443
-55.89085
-55.96595
-55.51354
-55.84065
-56.61466
-57.63414
-58.39850
-58.73609
-57.96837
-55.99690
-54.32747
-53.28909
-52.79970
-52.51290
-52.73435
-53.76030
-55.16177
-58.18110
-61.82289
-66.89513
-75.23390
-75.08034
-73.66526
-70.76085
-70.82740
-66.30045
-63.04043
-60.73785
-59.13300
-57.62200
-55.98846
-55.13152
-53.81255
-53.40390
-53.49978
-54.37809
-55.42426
-56.77924
-58.42250
-60.22061
-61.94029
-63.96902
-68.59451
-66.63689
-62.83427
-60.28166
-58.78548
-58.83899
-58.78194
-57.79959
-56.95336
-55.66073
-55.48668
-56.17005
-56.42225
-57.18719
-58.07586
-59.40413
-62.32872
-66.13854
-70.60841
-67.65247
-63.98520
-61.80376
-59.11517
-57.55275
-55.81111
-55.30546
-55.34931
-55.82521
-56.77962
-57.66578
-58.92366
-60.12448
-60.90739
-60.94919
-59.70526
-59.03582
-59.08013
-58.93555
-59.19145
-59.13142
-59.27765
-58.79633
-58.06222
-57.52209
-56.85452
-56.00385
-56.05473
-56.31161
-56.96094
-58.72259
-60.08525
-59.80943
-59.43031
-58.91441
-58.43097
-58.22878
-57.84846
-58.66560
-59.27501
-60.47645
-61.47720
-62.39575
-62.93980
-63.27764
-63.43607
-63.10747
-62.51665
-60.70572
-59.33360
-58.00884
-57.27434
-57.65655
-58.35279
-58.75387
-59.42945
-59.62849
-60.37291
-61.23988
-61.58254
-61.20031
-60.95335
-61.86627
-63.87068
-67.24368
-71.24346
-68.68781
-63.99406
-62.31299
-60.58581
-59.22477
-58.21601
-57.79572
-57.99431
-58.29035
-59.06446
-60.25903
-61.41823
-62.07698
-62.48127
-62.71942
-62.90790
-62.79781
-61.87179
-61.46173
-61.40373
-61.68503
-62.43494
-62.31467
-61.15912
-59.84452
-59.11310
-58.09733
-58.03391
-58.46516
-58.77184
-59.79078
-60.56427
-61.29273
-61.26276
-61.45451
-60.66319
-60.01715
-59.80218
-59.90545
-61.44193
-63.08376
-64.85499
-65.81881
-66.23106
-65.64543
-66.00827
-65.66394
-65.46946
-64.71152
-63.50787
-62.62471
-61.71966
-61.68207
-62.36958
-62.47425
-62.49603
-62.33412
-61.65869
-62.05179
-62.43302
-64.14547
-64.47315
-64.42357
-64.34451
-65.55293
-65.51343
-64.45163
-65.25084
-61.71858
-61.32556
-59.44775
-58.94066
-59.32768
-57.72070
-59.25912
-59.11432
-59.67950
-59.47682
-59.16393
-59.31976
-58.51447
-58.41252
-57.41725
-56.52776
-56.33739
-55.16380
-55.38734
-55.56947
-55.64689
-55.92961
-55.38146
-56.32825
-55.79211
-57.09100
-56.92859
-57.49919
-56.77396
-56.92381
-57.11281
-56.98344
-58.33937
-57.69683
-59.02930
-58.33165
-58.75235
-58.70716
-59.44009
-59.38930
-60.03202
-59.63878
-60.45892
-60.18338
-59.28467
-60.58347
-59.56529
-59.70101
-58.81087
-58.66819
-59.01378
-59.03539
-59.50980
-59.65847
-59.40716
-59.79897
-59.94527
-60.72893
-61.19137
-62.29685
-62.82710
-62.06376
-62.22258
-62.28668
-63.26869
-63.38160
-63.25909
-63.92864
-62.70221
-63.18498
-62.58683
-61.94771
-61.62061
-61.49712
-62.73826
-62.28822
-63.26011
-62.94057
-63.91274
-64.81538
-64.18791
-64.47803
-63.77386
-62.98963
-63.94582
-64.31912
-64.62858
-63.96992
-64.02133
-63.41471
-62.10163
-62.56971
-60.92993
-61.26945
-61.23929
-61.54050
-62.31696
-62.34117
-63.13232
-62.80531
-63.28346
-63.62904
-63.06638
-63.13375
-62.71314
-63.40730
-65.79079
-67.19063
-68.95999
-70.83671
-70.79315
-69.85633
-70.21199
-67.93629
-67.37603
-66.86291
-65.22134
-65.59526
-65.17419
-65.12343
-66.12753
-65.67018
-65.47695
-65.93162
-65.29540
-65.91818
-67.11654
-68.25045
-68.13728
-67.75486
-69.09846
-69.58243
-71.12014
-71.94983
-70.67370
-67.80341
-65.88196
-65.55655
-64.91682
-64.89298
-65.33793
-66.66878
-67.10604
-67.11943
-67.96299
-67.41362
-67.15787
-67.29708
-66.80229
-66.67496
-66.65916
-66.79492
-67.49144
-67.80432
-68.40931
-68.29151
-68.84221
-68.57555
-67.00932
-66.58503
-66.16866
-65.94496
-66.67708
-67.11169
-66.87718
-67.77399
-68.07869
-68.24964
-68.72259
-68.33259
-67.15207
-66.37022
-65.72887
-66.77213
-69.00252
-72.08978
-74.15505
-72.91398
-73.58347
-73.29162
-73.33691
-72.19515
-71.26313
-70.36458
-70.02504
-69.80844
-68.82746
-68.61418
-69.16201
-69.50573
-69.57376
-69.09637
-68.80649
-68.49246
-68.18528
-68.41211
-69.51148
-69.92108
-70.52509
-70.65359
-70.34651
-74.17852
-72.43178
-70.57298
-69.70386
-68.80977
-69.13697
-69.05199
-69.67447
-70.27399
-71.55609
-71.51810
-70.89826
-70.97551
-71.70032
-72.14019
-72.60270
-72.62367
-71.08430
-70.71593
-71.51000
-73.12121
-73.71801
-72.47557
-72.94034
-72.35366
-70.63899
-70.04913
-70.19113
-70.98519
-70.77973
-71.44354
-70.87943
-71.49231
-70.99281
-70.43653
-70.55204
-69.16496
-71.26424
-69.41336
-67.79014
-69.83082
-71.27931
-72.17238
-73.94911
-71.63272
-71.59129
-73.15138
-72.84988
-73.27690
-73.03231
-72.09344
-72.08272
-72.66794
-71.58442
-72.35122
-72.86712
-73.81984
-73.60566
-73.92585
-73.62050
-72.75429
-72.86799
-73.60418
-74.07266
-75.08437
-75.63985
-75.61495
-77.55827
-78.38465
-79.11743
-78.02904
-75.73125
-74.69442
-74.64136
-74.56570
-74.03267
-74.62739
-75.58688
-75.68648
-76.10860
-75.17690
-74.81435
-73.79186
-75.52551
-74.54514
-73.63056
-72.98073
-72.77291
-73.84395
-74.26120
-73.60278
-72.80107
-72.92315
-71.48360
-73.51428
-75.99244
-74.81987
-74.43824
-72.11654
-70.31841
-73.19325
-73.88168
-73.37453
-72.98958
-73.31619
-74.25912
-74.82751
-74.46323
-73.22877
-73.14734
-74.14883
-73.77265
-73.72383
-74.76215
-76.23527
-77.74545
-76.00749
-75.29601
-74.31504
-75.52800
-75.13983
-78.31144
-77.50476
-75.33303
-74.94210
-74.49360
-72.92893
-72.64838
-71.38498
-70.79565
-69.54774
-69.08532
-70.16309
-69.42863
-74.33634
-74.79650
-73.41183
-72.84338
-74.12825
-71.29135
-70.78214
-72.40921
-72.44072
-73.13736
-70.77292
-72.86888
-71.54749
-72.07150
-73.73733
-72.22089
-72.66122
-70.33978
-70.26222
-72.27143
-72.28224
-74.03022
-75.05544
-77.09100
-75.75622
-73.34590
-75.07411
-74.54518
-74.37734
-75.90276
-74.28006
-74.29291
-77.65334
-76.53519
-78.52449
-73.58282
-72.53775
-75.81888
-73.44408
-75.63765
-74.29990
-73.97403
-75.55693
-73.69994
-73.20399
-76.23201
-78.92766
-77.42707
-75.74152
-77.07392
-76.71395
-74.56451
-74.86995
-73.03135
-74.07217
-75.57575
-72.66334
-73.64660
-72.10740
-70.27185
-69.47322
-68.54419
-69.97571
-69.53614
-69.76932
-66.67808
-64.75429
-62.72815
-60.10338
-59.44270
-58.62488
-57.65197
-57.62586
-56.93537
-55.52640
-54.71280
-55.27742
-57.38310
-59.64781
-60.76926
-62.57129
-63.03001
-60.80493
-63.50928
-64.91580
-64.02753
-59.59192
-58.33236
-60.90947
-59.08045
-59.83385
-59.60753
-59.00498
-60.84264
-63.50752
-66.51187
-63.30950
-61.05429
-59.46191
-57.49938
-56.27972
-56.50566
-58.54965
-58.00126
-57.94967
-59.10977
-58.73483
-56.83492
-56.87337
-59.67908
-58.52184
-57.81467
-58.58602
-59.35638
-59.32728
-60.39959
-61.66368
-61.79631
-63.45272
-65.21044
-67.30827
-63.22982
-62.31965
-63.02401
-63.69465
-64.58338
-66.69621
-68.26276
-65.20078
-66.60791
-64.62413
-62.53447
-62.62382
-62.55940
-62.34637
-63.03078
-64.85165
-65.49276
-64.80838
-65.43717
-67.50464
-68.44119
-67.03293
-66.97528
-67.28342
-66.95242
-68.65665
-73.11222
-71.04681
-68.25042
-70.96926
-69.63001
-68.31901
-66.80937
-65.99053
-65.92005
-66.87944
-67.75968
-67.85557
-67.69929
-71.59906
-70.46077
-68.93589
-68.63798
-64.37973
-65.76520
-67.25722
-68.63602
-70.12899
-69.69050
-69.71891
-69.48445
-70.66787
-70.39087
-69.21985
-68.02785
-67.83317
-67.19691
-64.72641
-66.86735
-65.76141
-66.04207
-68.89543
-67.39606
-66.92157
-66.77963
-68.24695
-71.10223
-71.01579
-66.65891
-67.96106
-66.07851
-63.20059
-62.08040
-61.48453
-60.60875
-60.26190
-61.72825
-62.07906
-61.19649
-62.00264
-66.46243
-66.71611
-63.52673
-62.53418
-60.96679
-60.99268
-61.88530
-60.96637
-60.02841
-59.97373
-60.01016
-58.50246
-57.43759
-56.98722
-57.54283
-58.61964
-61.34717
-63.41983
-62.77959
-62.02093
-62.55382
-65.42167
-65.06791
-67.98352
-62.53093
-57.87164
-57.41691
-61.27375
-64.71412
-60.01958
-59.96162
-61.79527
-64.32125
-66.81128
-66.94277
-62.41123
-59.09232
-58.31025
-58.69955
-58.56200
-58.50995
-58.68144
-60.00083
-62.87540
-61.91802
-61.01609
-62.04160
-64.01023
-61.64821
-59.31109
-60.30498
-61.06178
-61.17484
-60.91683
-60.24977
-59.81097
-60.06203
-61.03430
-62.67917
-64.14876
-62.74956
-60.63440
-59.17152
-58.49292
-57.45374
-59.76551
-61.54266
-59.98813
-63.30753
-62.43233
-58.44145
-56.69518
-57.73732
-60.62081
-63.76200
-65.97101
-65.61382
-65.31252
-63.98493
-63.40534
-61.99237
-61.81945
-61.88596
-61.80337
-62.56611
-63.37747
-65.27992
-63.98266
-63.99172
-63.29201
-61.26003
-61.67794
-62.54487
-62.99578
-63.64190
-65.70004
-67.23505
-65.54920
-62.76493
-62.91190
-62.78743
-61.99928
-61.62703
-60.39900
-61.56117
-63.38335
-64.76214
-65.88477
-67.04725
-67.61233
-65.52796
-64.35501
-64.51401
-64.98041
-65.14171
-66.03929
-68.05975
-69.74155
-70.29020
-69.30774
-67.12519
-67.17261
-67.20491
-66.87779
-65.87879
-66.78900
-68.27027
-68.01296
-66.59888
-66.69988
-68.40137
-66.35813
-67.44785
-68.55305
-67.79597
-68.28036
-70.16364
-70.73051
-70.49326
-70.82810
-70.88024
-70.81060
-71.88001
-73.77103
-70.86593
-71.13512
-71.44437
-70.87187
-80.73870
-99.66531
-100.86834
-103.94812
-105.73293
-108.33701
-109.79659
-112.90089
-114.35097
-119.09051
-120.69576
-131.95247
-134.21299
-128.83205
-129.25727
-122.12240
-123.47504
-119.61325
-121.31868
-118.72347
-120.77826
-118.68131
-121.15167
-119.33025
-122.40058
-120.58821
-124.59784
-122.36245
-127.86932
-124.97324
-133.61009
-128.31183
-148.46439
-132.84590
-139.76222
-140.64468
-132.95433
-160.80784
-130.15876
-143.18185
-128.99491
-139.55822
-128.44428
-138.53114
-128.60658
-140.16964
-129.17109
-143.37639
-129.83027
-153.53499
-131.09355
-158.32778
-132.58200
-144.50467
-134.25418
-140.86350
-136.07999
-138.06668
-137.89904
-136.83999
-139.17695
-135.75079
-140.25587
-135.29215
-141.13991
-135.10805
-141.11697
-135.19520
-140.32566
-135.35685
-139.54515
-135.52790
-139.47930
-136.14031
-139.16007
-136.56806
-138.72994
-137.00274
-138.10634
-136.86860
-137.28800
-137.84019
-137.60491
-137.95116
-137.09678
-138.11980
-137.38255
-137.91531
-137.07770
-138.57165
-136.59316
-138.82567
-137.07613
-138.51007
-136.71806
-138.14935
-137.42312
-137.85268
-136.87904
-138.13620
-137.65656
-137.61273
-137.96820
-137.44191
-138.39657
-136.91885
-138.90321
-136.27204
-138.60083
-135.25959
-133.12064
-131.72575
-133.78703
-130.53620
-132.61865
-129.40316
-131.71798
-128.89681
-132.68909
-129.31186
-131.85667
-127.99523
-125.70198
-123.62638
-122.96786
-123.70565
-120.28657
-117.30841
-113.37739
-114.88537
-114.31420
-113.18506
-109.80197
-111.76093
-111.55737
-111.32827
-112.20706
-115.57877
-110.45791
-109.75652
-109.77563
-103.99026
-106.59140
-105.84784
-103.73902
-106.69538
-114.02947
-107.63658
-106.01675
-109.43748
-110.42450
-110.59291
-110.52269
-111.20527
-107.62799
-107.95663
-106.04226
-104.59981
-105.45973
-102.88582
-107.24526
-110.79337
-106.91899
-104.98751
-103.30392
-108.50400
-103.97254
-107.08935
-109.61950
-101.68361
-106.73273
-101.75983
-97.81191
-102.94773
-107.26222
-103.71216
-102.06666
-102.70064
-100.81512
-98.34170
-97.66324
-104.94865
-104.33382
-102.97860
-101.84190
-98.97652
-102.17793
-98.74628
-97.78046
-98.16706
-97.93190
-97.13852
-97.22132
-96.64883
-99.78058
-97.55531
-99.80371
-102.84345
-100.71158
-101.09567
-97.91839
-96.91560
-95.49628
-100.14467
-99.20777
-95.90276
-99.32392
-102.09946
-97.05073
-96.11344
-97.47301
-102.84841
-97.38011
-94.35750
-99.47867
-97.43636
-96.97378
-98.31071
-95.90136
-95.99013
-87.93498
-87.42669
-92.92850
-88.97714
-91.95446
-98.18241
-90.50989
-94.14868
-94.06067
-89.57880
-94.18319
-95.38609
-103.83889
-89.92128
-85.66645
-91.06322
-92.31489
-93.77592
-95.23984
-93.36984
-94.65244
-93.09021
-92.60046
-92.75272
-94.35392
-97.31304
-93.38435
-94.00572
-92.51090
-93.53353
-88.91622
-89.35290
-93.32256
-90.72485
-93.18820
-89.13222
-86.74447
-81.52666
-87.08655
-90.50253
-83.73349
-88.98335
-87.07307
-87.31258
-87.45326
-90.09911
-87.96632
-87.68828
-87.78159
-87.93146
-87.55064
-90.58921
-93.79910
-87.66266
-84.63209
-84.16140
-85.10263
-80.06375
-87.21059
-86.55733
-83.53371
-81.56264
-76.28908
-77.67065
-79.95918
-84.18204
-82.29455
-79.25756
-82.38168
-82.02360
-78.28567
-83.15888
-88.02922
-83.73169
-81.27774
-83.31822
-82.30543
-81.67587
-85.20594
-82.16023
-76.79868
-77.27391
-76.35578
-76.33723
-83.86158
-78.16373
-79.08314
-77.99915
-80.67190
-81.56779
-82.06578
-86.90249
-79.68233
-81.14942
-81.40717
-81.34682
-81.66798
-80.95815
-80.08244
-79.34769
-77.38478
-78.89652
-82.85150
-84.00270
-80.44196
-79.88322
-80.39151
-79.95926
-75.65326
-81.36963
-80.46958
-75.95045
-78.83395
-77.68630
-79.78379
-79.14235
-82.48019
-82.50271
-81.06954
-80.65343
-79.91888
-81.55901
-82.10061
-81.38029
-81.31786
-78.15340
-79.81809
-82.15434
-81.98158
-80.43369
-80.14975
-82.30222
-80.75448
-81.87364
-83.38728
-84.20044
-79.97878
-79.64601
-78.86020
-79.74026
-82.20836
-79.95782
-81.79680
-81.62226
-82.41888
-84.73786
-85.28028
-84.08183
-81.24729
-76.30324
-72.63236
-78.29275
-76.24200
-75.33824
-77.96159
-78.77469
-79.42701
-75.29695
-78.51210
-79.78448
-78.93558
-74.42154
-75.85129
-77.94760
-78.62767
-78.30527
-77.84978
-80.40773
-78.57037
-79.08736
-79.66259
-79.37838
-79.23880
-79.48958
-78.80808
-81.99129
-79.53740
-79.18261
-79.97583
-80.82648
-76.73760
-76.09827
-79.65933
-77.99456
-78.61192
-78.62620
-77.90041
-78.42667
-81.78971
-78.38070
-77.79547
-80.37261
-79.92240
-82.53908
-82.11020
-80.57561
-81.04786
-76.66118
-77.68934
-81.99705
-77.91850
-78.99490
-78.62151
-73.07970
-73.47811
-72.43483
-74.75719
-78.89115
-75.43213
-79.12016
-75.81944
-76.73767
-78.16371
-79.31990
-81.33364
-77.24087
-78.64864
-76.62699
-75.71875
-73.81643
-74.88993
-79.68125
-76.14557
-73.67800
-76.66599
-77.81706
-77.32630
-82.53207
-79.52952
-77.49136
-77.23243
-82.01637
-81.92718
-78.98418
-80.06742
-78.25413
-80.02215
-82.68695
-82.35294
-85.32418
-80.80772
-77.48888
-77.63701
-78.70274
-82.05914
-77.88830
-81.49255
-82.85602
-82.15322
-78.65474
-83.29843
-82.15544
-82.91388
-76.59068
-74.78282
-72.43032
-70.03868
-71.15633
-69.14145
-68.23389
-65.64767
-64.42973
-62.34547
-59.70743
-58.20577
-58.37558
-56.76777
-58.54039
-58.76233
-58.71788
-60.73189
-58.33441
-57.22552
-55.89616
-56.60650
-57.38197
-57.68864
-58.41277
-57.81359
-58.81949
-58.82027
-58.88037
-58.70692
-59.20516
-59.93567
-58.22838
-58.77239
-58.05743
-60.18172
-58.51594
-58.56780
-58.59371
-58.97041
-60.63378
-59.30523
-59.06391
-59.02853
-61.42903
-59.99113
-60.45238
-60.47165
-61.16393
-60.95174
-60.43943
-60.65558
-61.97683
-60.54406
-61.59987
-61.46822
-60.48441
-60.86568
-60.98106
-62.10398
-61.58775
-62.89929
-61.75188
-63.12757
-62.02915
-61.70175
-62.99806
-63.74942
-62.21751
-61.72695
-61.72136
-62.37558
-64.21924
-63.30063
-64.03565
-63.60854
-63.78956
-64.75045
-63.83679
-64.73475
-65.82583
-64.26039
-64.50102
-66.03512
-64.55922
-64.24806
-64.28061
-65.83403
-67.89764
-65.97147
-66.61678
-66.78567
-67.64249
-66.86585
-67.59205
-66.60732
-67.02161
-68.31379
-68.23578
-67.96490
-65.17114
-66.49262
-67.14768
-66.96378
-67.64023
-68.17536
-68.23885
-68.08216
-67.40215
-68.69634
-70.58992
-68.89220
-68.42347
-68.55758
-68.56678
-68.32725
-68.85778
-69.07764
-69.06424
-69.65696
-70.84851
-71.46720
-69.18498
-70.12190
-70.17805
-69.65842
-70.50331
-69.24512
-69.69285
-71.72674
-72.12853
-71.44583
-70.49965
-70.59411
-69.42702
-69.52944
-72.05086
-72.48631
-72.37302
-71.73007
-71.77687
-71.45803
-72.59795
-72.05575
-73.05562
-74.02871
-72.24379
-72.32560
-73.92306
-75.25806
-74.45219
-73.52437
-74.07595
-73.89423
-73.78310
-74.33725
-74.06434
-75.38794
-72.75511
-72.87481
-71.75593
-71.13017
-72.46827
-74.06192
-74.96793
-74.87428
-74.95842
-71.83582
-73.47962
-75.64404
-76.22261
-76.03956
-75.88521
-74.58530
-74.01771
-74.35939
-74.62886
-75.94422
-75.77471
-75.61860
-75.14878
-77.45130
-75.34971
-74.88487
-75.59862
-75.64849
-74.33015
-74.06602
-76.25178
-76.24001
-75.88008
-75.67457
-76.96655
-76.61773
-77.48579
-77.27696
-76.94637
-74.30675
-75.52478
-75.36417
-75.31904
-79.50053
-77.85569
-79.01384
-78.66825
-79.86325
-78.56176
-77.71177
-77.37781
-78.16005
-78.30682
-77.56772
-77.72734
-76.87830
-78.98060
-78.87993
-76.88503
-78.08540
-79.08020
-79.50454
-79.72678
-75.77593
-75.49080
-73.57095
-74.02879
-74.99265
-76.24443
-75.65109
-72.30603
-68.36907
-66.44663
-66.55145
-66.40305
-67.11403
-66.71803
-66.89305
-67.04918
-68.59808
-67.27156
-68.06588
-67.42945
-67.45555
-69.54390
-68.62846
-70.56865
-69.21064
-70.00331
-70.35858
-69.67431
-67.56935
-68.33018
-68.84248
-67.90486
-68.95506
-68.51194
-69.99242
-70.49542
-70.38194
-70.95688
-72.21051
-72.59157
-73.41564
-75.25417
-76.62401
-76.19421
-75.82571
-77.94823
-77.24419
-77.98136
-76.59895
-73.38541
-73.00625
-72.88797
-75.85859
-76.23423
-75.86613
-78.66716
-77.61648
-77.66643
-76.25690
-76.98379
-76.62233
-77.48399
-76.66559
-76.92302
-79.30757
-77.49663
-80.42664
-79.69043
-78.65654
-76.55081
-76.38353
-75.61147
-78.70481
-77.60704
-74.03972
-77.17811
-76.13220
-80.08989
-80.60183
-79.79984
-78.24519
-76.98539
-78.90894
-78.89841
-79.44140
-78.40657
-77.79258
-74.17049
-75.01921
-76.49912
-74.70165
-75.39305
-75.97395
-75.76406
-75.02526
-74.54275
-72.90340
-72.98734
-74.88960
-73.46227
-72.93142
-72.71616
-74.13299
-74.52676
-74.68249
-74.77798
-73.51844
-74.77968
-75.32837
-75.34624
-75.68440
-73.21858
-72.14925
-73.00221
-72.44668
-74.20460
-73.82284
-73.78046
-74.41138
-73.30746
-74.21471
-72.69909
-71.24367
-73.31208
-72.39344
-70.53491
-71.19638
-71.70143
-69.78983
-70.82158
-71.78397
-71.53217
-73.11250
-72.67866
-71.05591
-70.07083
-72.85041
-72.34083
-74.36814
-75.00293
-74.24763
-73.66590
-72.95128
-73.40572
-74.78932
-74.66219
-71.91911
-73.82758
-73.97711
-74.55719
-74.78137
-75.54550
-76.59376
-77.61417
-76.65652
-77.78181
-78.67060
-77.46112
-75.86910
-72.71079
-72.85045
-72.65448
-71.85716
-72.75492
-72.59396
-73.48309
-72.03066
-70.93294
-72.93250
-72.60169
-74.12897
-74.02137
-73.55298
-75.21440
-76.01718
-74.35936
-74.02729
-74.78090
-76.80286
-77.36047
-76.09468
-77.31551
-75.43084
-76.05288
-78.65377
-75.91701
-77.63247
-80.42171
-78.21044
-80.55238
-79.83302
-80.22891
-81.48632
-80.63439
-80.50967
-79.73765
-79.70341
-77.35775
-76.17266
-77.62275
-74.15964
-74.66075
-76.21469
-75.48343
-77.78015
-78.58285
-79.12350
-78.07906
-77.82600
-76.05666
-76.51483
-77.71982
-78.38089
-78.27709
-77.32124
-79.99036
-77.05768
-78.95920
-77.34501
-72.70940
-74.27518
-72.77166
-75.06103
-79.02152
-78.33805
-79.03142
-78.13157
-79.40326
-76.17695
-76.47404
-77.23799
-76.92097
-79.51581
-79.55617
-80.47456
-76.42999
-74.39219
-75.24266
-74.39881
-74.98291
-76.63577
-77.60525
-77.86787
-79.35027
-80.61047
-77.53106
-76.27324
-76.39480
-78.92896
-79.42820
-78.62698
-74.17558
-73.09109
-75.71021
-73.64533
-76.23702
-76.14938
-78.62608
-79.35925
-80.29470
-80.51412
-78.00155
-76.21015
-73.33739
-75.17473
-75.46753
-77.60359
-76.90650
-77.20771
-75.39773
-78.38250
-81.90822
-82.42102
-80.27788
-79.29217
-84.45625
-79.71122
-80.21177
-77.72349
-78.03991
-77.48636
-81.59655
-83.31950
-78.51785
-78.90094
-80.49394
-82.00904
-81.92385
-83.54088
-82.48560
-83.14460
-83.35605
-83.96445
-84.58195
-80.58288
-78.42034
-82.64842
-81.01209
-82.06090
-82.47608
-80.19667
-81.55334
-82.32525
-83.28171
-83.28738
-82.95752
-82.15972
-84.20201
-85.01876
-88.08405
-84.48883
-83.67782
-81.88334
-81.86209
-81.27688
-81.21485
-85.56369
-83.29527
-84.50583
-85.83682
-84.97507
-84.64620
-83.70317
-82.54019
-84.35000
-83.19942
-85.32228
-86.93997
-84.31317
-84.64694
-81.45555
-81.98165
-84.81078
-86.79830
-85.79808
-84.46728
-84.12071
-86.01548
-87.23311
-87.01317
-81.71213
-81.95616
-82.35570
-83.73439
-83.44971
-75.37070
-76.89286
-78.36235
-77.81410
-79.03940
-79.54396
-80.82039
-80.95395
-81.93316
-81.40219
-80.82675
-77.83698
-77.56627
-77.43608
-77.57662
-79.73547
-78.58325
-78.01396
-76.88213
-79.67938
-80.66249
-79.15525
-80.70580
-81.64382
-83.52790
-80.66284
-82.56873
-84.25226
-83.02393
-79.59419
-81.12298
-81.55302
-78.16274
-78.11762
-79.37069
-82.79561
-80.63887
-80.35236
-82.81139
-82.71428
-81.32015
-82.40859
-83.88487
-83.01684
-79.51706
-80.56446
-80.97010
-78.22562
-78.38807
-79.10548
-78.77983
-79.16994
-77.75018
-76.71778
-76.71725
-74.62686
-74.89940
-73.29413
-74.21711
-77.10947
-77.61709
-78.24706
-78.58990
-78.99787
-76.34300
-76.60638
-77.96519
-77.14062
-77.30069
-79.37266
-79.76958
-80.84376
-80.09964
-80.12836
-80.46074
-80.30176
-82.45808
-81.82677
-82.77393
-83.51838
-82.59587
-81.17887
-82.26691
-83.61377
-83.58535
-81.80148
-83.31720
-83.46910
-81.29556
-81.07737
-80.28446
-81.46639
-79.48163
-80.59442
-81.52054
-82.12754
-78.52086
-74.54218
-76.31212
-77.19795
-77.41399
-78.85413
-80.13535
-80.05621
-79.75795
-80.49089
-78.02631
-77.94010
-76.77429
-76.49683
-77.06973
-77.34196
-79.37962
-77.33621
-78.31060
-76.38586
-76.82997
-77.29446
-76.66881
-79.47278
-78.00610
-76.56822
-75.47462
-76.53608
-77.35693
-77.01600
-77.00931
-77.62377
-77.69577
-77.85905
-75.48493
-73.98851
-73.36979
-71.08696
-68.78882
-66.29744
-64.21419
-62.28231
-60.98468
-61.19505
-62.42618
-63.14640
-62.71018
-63.47063
-66.33744
-67.39964
-66.55379
-64.13553
-63.79070
-65.61630
-64.77865
-65.82249
-68.83500
-68.98126
-67.70495
-65.24964
-64.43341
-67.24460
-68.49459
-67.78987
-67.21277
-67.31948
-68.11474
-67.15380
-68.22382
-69.47886
-71.77424
-71.56519
-69.02949
-67.59218
-66.64271
-66.36757
-66.59222
-69.17413
-70.28780
-68.48746
-66.19192
-66.13772
-65.78809
-64.65056
-64.18050
-63.84035
-64.84436
-66.21846
-67.96382
-69.44181
-69.65918
-68.56704
-66.22896
-64.14768
-64.13614
-65.80993
-66.70788
-66.13557
-63.85903
-62.56375
-63.24062
-62.69196
-62.06047
-61.94307
-62.36817
-63.37207
-62.93838
-63.22084
-64.27915
-63.48854
-62.79998
-63.03481
-62.67628
-62.39771
-62.55377
-64.17400
-65.17074
-65.07380
-64.52790
-62.94684
-63.44340
-64.72387
-65.52051
-66.01871
-67.05107
-69.65867
-72.17372
-72.20485
-69.85796
-68.47832
-67.87046
-68.10791
-69.32656
-69.23054
-68.95000
-71.35576
-73.60494
-76.85616
-75.79596
-70.24509
-68.19692
-67.45625
-69.53390
-71.95666
-69.82510
-69.40944
-71.69517
-73.95078
-75.56554
-76.08070
-74.64008
-73.60945
-73.83555
-74.31897
-77.28484
-78.87951
-82.42529
-83.34444
-80.21823
-77.88431
-74.55656
-70.94203
-69.91871
-71.79134
-72.00690
-71.68325
-70.51569
-71.41163
-74.94908
-76.20052
-71.48231
-70.18949
-69.89286
-68.40376
-67.39765
-64.18274
-62.08579
-61.94224
-60.39131
-60.31049
-62.85842
-66.18019
-67.41333
-64.74179
-63.62010
-63.69622
-64.12261
-63.79333
-65.59924
-66.54005
-66.83865
-67.42056
-67.92053
-68.91969
-67.86750
-67.44836
-65.89603
-66.77019
-69.48282
-70.51492
-68.30112
-66.89350
-67.30671
-68.12535
-67.97012
-67.46137
-65.91481
-65.82106
-66.62571
-65.91689
-66.75279
-67.87173
-68.83179
-69.29451
-69.86163
-68.17091
-67.38415
-67.78642
-67.70959
-68.85189
-69.78636
-71.61293
-71.34278
-69.99360
-69.56924
-68.86949
-68.26468
-67.89628
-66.88473
-66.06067
-65.75636
-65.72393
-66.14471
-66.10033
-66.71408
-67.71133
-68.83563
-70.20945
-71.28507
-71.68841
-74.49271
-72.08633
-70.53942
-72.13849
-71.93174
-73.04912
-72.58763
-72.38661
-71.46912
-70.46592
-70.39528
-71.40237
-70.65530
-71.75187
-71.16288
-70.45939
-70.53987
-70.06709
-71.26682
-69.81849
-71.07568
-71.40853
-71.22035
-74.04660
-76.10815
-77.01419
-78.51936
-78.41602
-79.79783
-81.84066
-80.05279
-80.02490
-78.40999
-76.21652
-76.08414
-76.28067
-74.60395
-73.04199
-70.77626
-72.63662
-74.86981
-73.78322
-73.73982
-72.19545
-75.80097
-79.56562
-76.32562
-74.17811
-74.36230
-72.82506
-74.46765
-76.77719
-72.69119
-73.34450
-73.18512
-72.37490
-72.32966
-71.72790
-71.41845
-71.52431
-70.39304
-69.54413
-67.66604
-67.55750
-68.16615
-66.64789
-67.21936
-67.59080
-70.11259
-72.19036
-70.82855
-71.22370
-70.94939
-72.79191
-73.72541
-71.40223
-70.87832
-69.13997
-70.82722
-71.53910
-69.25373
-72.35729
-73.58918
-72.61680
-73.86182
-73.18447
-70.07241
-70.18979
-72.36655
-75.26039
-74.59182
-74.07014
-75.07250
-73.53203
-74.89746
-73.53104
-73.02089
-73.45714
-71.48611
-72.65869
-73.61175
-72.45464
-73.04836
-72.36356
-75.13821
-75.13970
-73.25578
-74.07909
-76.52638
-77.49151
-75.30288
-76.35909
-76.34606
-75.47204
-75.45634
-76.28002
-76.19601
-77.74523
-76.08630
-76.90695
-77.04725
-78.29935
-78.96050
-76.91023
-76.95451
-76.24114
-76.98248
-77.79284
-77.80771
-77.44575
-78.66329
-78.47017
-79.87555
-77.87896
-77.61352
-78.67802
-79.04305
-78.09811
-77.09535
-77.83208
-77.86636
-79.28734
-78.10228
-76.73412
-78.19444
-78.02731
-79.31223
-78.82411
-76.06693
-74.75559
-74.21182
-74.74381
-74.12550
-75.36526
-77.37480
-75.97683
-76.08949
-77.02349
-75.50867
-75.58236
-75.53960
-77.26083
-78.53329
-74.88165
-74.43142
-72.09362
-70.97608
-70.10684
-68.72251
-68.70505
-65.76860
-65.80791
-65.82903
-67.63402
-69.94390
-69.70317
-71.77441
-70.69134
-73.25782
-74.55273
-73.81069
-73.79001
-72.87887
-72.44434
-73.42243
-72.54727
-72.77012
-73.18328
-73.22890
-73.50736
-72.72559
-71.10268
-69.21875
-68.04985
-67.73301
-67.76073
-67.83543
-68.13921
-68.40847
-68.95560
-70.93405
-73.92034
-73.46838
-75.65456
-75.51099
-73.87375
-72.49607
-72.84670
-72.39711
-71.73388
-72.94226
-74.25257
-73.92647
-75.09650
-78.50749
-76.75377
-73.40092
-71.63994
-71.70123
-70.56571
-71.54167
-71.28601
-71.49256
-72.21115
-73.28066
-75.39741
-74.91352
-74.38488
-73.97511
-74.89170
-74.62531
-74.45349
-75.03681
-73.88412
-73.58472
-74.55365
-74.92129
-75.52517
-75.55342
-76.91342
-76.67460
-75.34107
-75.16738
-75.52875
-75.58045
-74.87096
-74.15428
-73.56986
-75.87664
-76.69644
-74.85433
-76.07922
-77.93635
-77.98374
-77.36755
-76.68085
-77.86501
-79.31305
-78.83585
-77.72200
-77.41152
-77.26882
-76.04829
-76.62318
-78.34727
-78.79837
-76.55057
-75.08552
-76.72980
-78.26291
-77.65511
-76.85965
-79.42112
-79.51352
-78.67768
-81.29843
-79.72655
-81.21471
-79.37576
-78.70543
-81.74602
-82.17034
-83.42068
-79.25485
-78.60911
-79.11110
-77.24157
-77.16495
-76.11913
-75.47640
-78.03462
-78.29506
-79.14106
-78.58155
-79.84757
-79.91812
-78.91247
-81.27857
-79.68561
-78.96331
-77.77579
-78.62460
-75.61484
-76.06370
-76.37353
-76.40245
-77.96299
-78.25020
-77.70023
-76.80553
-79.06461
-76.30383
-75.91533
-77.79217
-78.38202
-78.68459
-79.13020
-78.36206
-79.04207
-80.09422
-81.36132
-81.58442
-79.52235
-79.50219
-77.82244
-76.64217
-77.97160
-76.39950
-77.66228
-79.22061
-78.79827
-79.48104
-78.41569
-79.18517
-78.53383
-80.42932
-79.95974
-79.87837
-79.80087
-77.68752
-77.71791
-78.24794
-77.72464
-77.64324
-76.76234
-77.09168
-78.00648
-78.49166
-78.11869
-77.32624
-78.15996
-79.03603
-78.36611
-75.51070
-78.06106
-79.71778
-79.26677
-81.15633
-80.08530
-81.10434
-81.35058
-81.15483
-80.78015
-79.02740
-78.71268
-77.43348
-75.99818
-75.73627
-76.43322
-78.52277
-79.55554
-78.25186
-78.38248
-78.82337
-80.96931
-78.46683
-78.91103
-80.20157
-80.20359
-79.58731
-76.44048
-76.84690
-76.26863
-76.83261
-74.49589
-71.82769
-71.76000
-71.04906
-68.19718
-65.15552
-60.81946
-58.68138
-56.73221
-54.87551
-53.98770
-53.86366
-54.80064
-56.20103
-57.72222
-57.69659
-56.89185
-56.88308
-57.36910
-56.34025
-55.02287
-54.11891
-54.28576
-55.12272
-56.71974
-58.41090
-59.02629
-58.09080
-55.96544
-56.43088
-58.07655
-57.37064
-55.14204
-54.19911
-55.45024
-54.57958
-52.04152
-52.36200
-53.31482
-53.12489
-53.50335
-55.71292
-54.64649
-52.42882
-53.45604
-56.04794
-58.01732
-55.93972
-54.44996
-54.66664
-55.54704
-55.31663
-53.62701
-52.05661
-52.21309
-52.88451
-53.57459
-54.66198
-55.09676
-54.18417
-52.57674
-51.08654
-50.11776
-50.38927
-50.45686
-50.86912
-52.63646
-55.22564
-54.87727
-54.78296
-55.86793
-58.30636
-57.77330
-56.16734
-56.21898
-55.89784
-57.42417
-58.65444
-60.13636
-57.47156
-54.90308
-53.21879
-52.93762
-53.51039
-55.15331
-57.09283
-57.46579
-57.40815
-57.89068
-57.61197
-55.96446
-54.53239
-53.68842
-54.38480
-54.90978
-55.98144
-58.01849
-59.61207
-58.77062
-58.36007
-59.61045
-59.47562
-57.08573
-55.80957
-57.08600
-58.92604
-57.23040
-57.08121
-60.28198
-59.74970
-57.73658
-57.47053
-57.33634
-58.55968
-58.60795
-59.14497
-60.99528
-61.71112
-61.17429
-59.18386
-57.21730
-56.37245
-57.49999
-57.10579
-57.86610
-59.12630
-58.27892
-57.49005
-57.46078
-57.91138
-58.40214
-57.57619
-55.62087
-55.16764
-57.21216
-58.93981
-57.97043
-57.68225
-57.88965
-56.85981
-55.84241
-55.57922
-56.58058
-57.64891
-57.64161
-57.36954
-57.96091
-60.86041
-61.50346
-59.66501
-56.19395
-54.32383
-54.44544
-54.82861
-56.78790
-59.40353
-60.67128
-60.01821
-58.53276
-58.18699
-59.40766
-62.86106
-62.22151
-58.63210
-58.39998
-59.22735
-59.83100
-62.10621
-64.24970
-63.68390
-63.27145
-62.66414
-62.38360
-63.33896
-63.32594
-62.77245
-62.84102
-62.04945
-62.46482
-61.44211
-61.03008
-63.59592
-64.24070
-62.41767
-61.31688
-63.33268
-64.00959
-63.37666
-63.10011
-62.86267
-61.42437
-60.45385
-61.00593
-60.24406
-58.94201
-57.22661
-56.81641
-57.61102
-59.19402
-58.78568
-58.89095
-59.38799
-58.99062
-58.61220
-57.55836
-57.56156
-56.69416
-55.41929
-55.00905
-55.61410
-57.11611
-58.08452
-57.63165
-57.24011
-56.62114
-56.57050
-56.91082
-57.64378
-59.57129
-61.84527
-62.58106
-62.29892
-63.58779
-64.44352
-65.69146
-65.73057
-61.78327
-60.33196
-59.25711
-59.62620
-60.95227
-61.18501
-62.68666
-64.66145
-66.50453
-67.14327
-67.98795
-67.99338
-68.56664
-66.10700
-66.49205
-64.06734
-65.33458
-68.54984
-65.31384
-65.77848
-64.20496
-65.00203
-65.50471
-66.50590
-67.91801
-68.89192
-68.60748
-68.08807
-68.28153
-68.46811
-69.98411
-65.98747
-65.94149
-64.92924
-66.39280
-69.16441
-66.90910
-67.44873
-65.28354
-65.23203
-66.21249
-67.96481
-70.07850
-72.85907
-72.26487
-72.40264
-71.33530
-67.85714
-68.88450
-67.45082
-68.48967
-68.84623
-68.03661
-70.22222
-69.55588
-69.55216
-70.52399
-70.38847
-71.13518
-72.50723
-73.43692
-74.29905
-72.47770
-70.69681
-69.85305
-68.53034
-69.83154
-70.76684
-70.86233
-71.21105
-69.93733
-69.82077
-69.93201
-69.36999
-69.66537
-70.86584
-71.73402
-72.26800
-72.66600
-73.60285
-74.24617
-73.89616
-73.13643
-72.26175
-71.67141
-72.25582
-72.56372
-73.09179
-73.39904
-72.30388
-72.45666
-72.55176
-72.77214
-73.65246
-74.16918
-75.51101
-76.21673
-76.40196
-76.28656
-75.67472
-74.70548
-73.26863
-73.57921
-74.20348
-73.93379
-73.78885
-75.10071
-74.93764
-75.43083
-76.05438
-76.10902
-77.15631
-76.76784
-77.64400
-77.97505
-78.11713
-78.09858
-77.33228
-77.63952
-78.19808
-76.35006
-77.10171
-76.24947
-75.78581
-77.74697
-76.97216
-75.84665
-76.73365
-76.60395
-77.78604
-77.62490
-75.76981
-76.75818
-77.68794
-79.41103
-77.26402
-79.83056
-80.40423
-79.00891
-80.05180
-79.91172
-79.72788
-78.48953
-78.81070
-77.35975
-77.61344
-77.65841
-76.35423
-75.84930
-74.16317
-74.44377
-79.50894
-80.88145
-78.55194
-78.32839
-78.69973
-78.72329
-77.28707
-76.48629
-76.29965
-77.33759
-76.68939
-74.56085
-73.85770
-74.98302
-75.04060
-74.91341
-78.03217
-78.45145
-77.67063
-77.64229
-78.54285
-76.43303
-75.70467
-74.98930
-73.44927
-72.67989
-72.89473
-74.57382
-74.70494
-74.47509
-72.10431
-73.41899
-79.85997
-81.75293
-75.55183
-74.80365
-75.51140
-74.38375
-73.00321
-72.17694
-70.96138
-70.48378
-70.09540
-70.22605
-71.69949
-71.60054
-72.43552
-71.23845
-73.57493
-74.85822
-75.13092
-76.51548
-78.21477
-77.33826
-74.73688
-75.17007
-71.82482
-71.72166
-72.18157
-72.63006
-72.81908
-71.99915
-71.44879
-71.88283
-70.54785
-70.08424
-75.27937
-75.11354
-72.12298
-75.04190
-75.35697
-73.14832
-73.01154
-72.94910
-71.49449
-70.07905
-71.43931
-69.65720
-68.84569
-71.46931
-69.01426
-69.58446
-72.24961
-71.37755
-74.05333
-72.14186
-73.27944
-72.36362
-68.65742
-72.48770
-70.81998
-68.51898
-69.25531
-69.88002
-72.17707
-69.82176
-70.70669
-71.74458
-70.56782
-69.26204
-70.00067
-71.21587
-69.29488
-71.44948
-70.27635
-69.94870
-69.22522
-71.84278
-71.11700
-69.16105
-73.50770
-72.11195
-70.03257
-70.03372
-73.14636
-70.47468
-71.70893
-70.13559
-71.32409
-71.95150
-69.95901
-73.59260
-70.00078
-71.61866
-70.37523
-71.93065
-72.91853
-72.01943
-72.50296
-70.94482
-72.43451
-72.36531
-71.50414
-71.53688
-70.84281
-69.41812
-72.70981
-71.97497
-71.57877
-72.82315
-71.80485
-72.63793
-70.39016
-70.50961
-69.57850
-68.07978
-70.87881
-69.19221
-71.09358
-72.72269
-69.74777
-69.95191
-69.88549
-70.37518
-68.60147
-68.35989
-67.70613
-70.30119
-72.20818
-71.10294
-70.18392
-69.90941
-70.92254
-70.95219
-69.99446
-69.69806
-70.27312
-69.65821
-70.33759
-69.29415
-70.46848
-68.76802
-70.23100
-68.48113
-69.46595
-68.03537
-67.10259
-67.99461
-67.52716
-71.03686
-67.91137
-70.10120
-68.70010
-70.86005
-69.14018
-68.58173
-69.67400
-69.50220
-69.25284
-68.19441
-67.71981
-68.28911
-69.55341
-67.15926
-68.99331
-68.51002
-69.86840
-67.11000
-66.61906
-67.44662
-67.49224
-68.59198
-69.24206
-70.59956
-70.98468
-70.16062
-66.86406
-66.50951
-68.13198
-68.95137
-68.23818
-69.18385
-70.75709
-69.39492
-68.49862
-69.22873
-68.46373
-67.58531
-68.72778
-67.68290
-66.83362
-68.70435
-68.45796
-67.28737
-67.59859
-69.40272
-69.07126
-66.38704
-65.76528
-67.55430
-67.79365
-67.12170
-68.47313
-71.51524
-69.12174
-67.45828
-67.59507
-67.14845
-67.77400
-67.10329
-67.69864
-65.75328
-67.00670
-69.01495
-67.53017
-65.61011
-65.26854
-68.05394
-67.45752
-66.95762
-67.95861
-65.29878
-64.71260
-68.30781
-68.68979
-67.77056
-67.79048
-66.50825
-66.60675
-67.67002
-65.40062
-65.27000
-65.78655
-66.88135
-67.68246
-67.69788
-66.37221
-66.37174
-65.75386
-66.79501
-67.99883
-66.56696
-66.56077
-65.42992
-69.02520
-66.56690
-65.98939
-67.68955
-66.66107
-68.77768
-68.07521
-66.60037
-66.52247
-65.56267
-65.84962
-65.95746
-67.48623
-67.64048
-68.58799
-67.68585
-66.77509
-69.39457
-68.01594
-66.81109
-66.78297
-68.62865
-67.41230
-66.51975
-67.65922
-68.33379
-69.10354
-69.25142
-68.21059
-69.65656
-69.30176
-68.63676
-69.11137
-69.24320
-69.19644
-71.29096
-70.97285
-71.38127
-71.52242
-70.18719
-70.71886
-69.56573
-72.62132
-70.94725
-71.43973
-70.92350
-69.93437
-72.04712
-71.35013
-71.04083
-73.06805
-73.13315
-71.43526
-71.41910
-72.75525
-73.95858
-72.24861
-74.10610
-75.02357
-74.17524
-74.15949
-73.81952
-74.39183
-73.95219
-73.55541
-73.95946
-74.48088
-74.97837
-75.69426
-75.28446
-75.58278
-76.54356
-75.34706
-75.30544
-76.26873
-77.30060
-75.70917
-76.35224
-76.69156
-76.26833
-78.31247
-77.30651
-77.74124
-76.22891
-76.55856
-77.36997
-76.94092
-77.79422
-78.64295
-78.68660
-78.49964
-79.99767
-80.70033
-79.62314
-79.21487
-79.81225
-79.68209
-80.97071
-80.57394
-80.77965
-81.37156
-81.53709
-81.43530
-80.45368
-80.33374
-81.86590
-81.04181
-81.01128
-82.03026
-81.39525
-81.78451
-82.33791
-83.99902
-83.32799
-83.77606
-83.14711
-83.70291
-85.57253
-84.71352
-84.50470
-85.34471
-85.90518
-85.93479
-84.79518
-84.52698
-86.27901
-85.58325
-85.63492
-84.92076
-84.89199
-85.71539
-86.20480
-88.59316
-87.90655
-87.47156
-87.14895
-87.13018
-89.10495
-88.72840
-88.02017
-89.44496
-89.88814
-89.81035
-89.40603
-88.78931
-90.60920
-90.04898
-90.28556
-89.07511
-88.87416
-90.10446
-90.23403
-92.41866
-92.10579
-91.23480
-91.15579
-91.70312
-91.57088
-92.31836
-92.35742
-93.15586
-93.72621
-93.47584
-93.49391
-93.00668
-95.10267
-94.65385
-94.86449
-93.77768
-92.87600
-94.27769
-94.07921
-96.06630
-96.14851
-95.33933
-95.99658
-96.37833
-95.45383
-94.82652
-95.70554
-96.87258
-97.56572
-97.07779
-97.73359
-97.20468
-99.37253
-99.26231
-98.18605
-98.98154
-97.47251
-97.81664
-98.05199
-100.02339
-100.13174
-99.02126
-99.62100
-99.69829
-99.80349
-99.26092
-99.19953
-100.43553
-100.69843
-100.49734
-101.48937
-101.02931
-103.22964
-103.55128
-102.58130
-102.94367
-101.89548
-101.73789
-101.73586
-103.59926
-104.35023
-103.13052
-103.29759
-103.68329
-103.54858
-104.24186
-102.81107
-103.68745
-105.23628
-105.00826
-105.64774
-104.68150
-106.51192
-107.46998
-106.30888
-108.47331
-110.50910
-111.65068
-114.18552
-116.71797
-119.84722
-120.00754
-123.19975
-124.13797
-127.68226
-129.83238
-132.94786
-134.58160
-136.37494
-137.74005
-136.70835
-138.51715
-136.42398
