-95.62916
-87.16340
-79.46924
-75.16764
-72.35370
-70.40128
-69.15419
-68.08412
-67.09840
-66.24374
-65.61247
-65.07713
-64.68419
-64.29601
-64.03800
-63.70031
-63.40535
-63.15338
-62.92887
-62.66459
-62.48031
-62.32854
-62.12176
-61.86448
-61.60556
-61.39316
-61.21976
-61.04648
-60.70861
-60.51474
-60.30433
-60.04939
-59.77896
-59.62596
-59.48420
-59.26779
-59.26520
-59.20852
-59.14986
-59.12465
-59.03379
-59.03999
-59.01859
-58.93565
-59.07323
-59.21222
-59.19380
-59.13002
-59.14535
-59.26158
-59.26676
-59.26152
-59.27289
-59.21187
-59.26009
-59.30276
-59.20338
-59.17682
-59.23182
-59.21009
-59.23675
-59.24996
-59.31415
-59.49294
-59.36944
-59.44753
-59.57477
-59.59649
-59.57067
-59.67291
-59.69889
-59.69383
-59.76267
-59.61152
-59.67446
-59.59177
-59.57454
-59.48168
-59.46649
-59.34284
-59.28410
-59.37844
-59.31458
-59.30711
-59.39507
-59.37135
-59.42354
-59.57886
-59.50522
-59.67083
-59.69997
-59.74672
-59.90938
-59.97997
-60.09972
-60.11108
-60.18785
-60.33136
-60.30400
-60.37604
-60.38634
-60.41254
-60.45394
-60.49697
-60.61461
-60.61944
-60.67765
-60.74539
-60.75214
-60.93635
-60.98178
-61.09551
-61.09904
-61.22350
-61.27502
-61.38879
-61.41963
-61.42652
-61.48278
-61.45977
-61.57765
-61.54217
-61.57049
-61.40672
-61.44817
-61.42256
-61.53392
-61.35996
-61.48618
-61.42761
-61.53303
-61.42866
-61.66305
-61.60632
-61.94221
-61.84404
-61.99004
-62.05432
-62.18989
-62.36388
-62.49836
-62.67340
-62.44283
-63.07281
-62.50843
-63.70549
-61.88208
-62.75884
-61.99443
-61.37886
-61.91816
-61.21785
-61.99013
-61.64368
-61.54586
-61.03560
-61.38639
-61.40648
-61.31444
-61.07864
-61.33665
-61.21662
-61.30251
-61.16066
-61.74616
-61.96454
-62.54351
-63.03112
-63.27733
-63.38436
-62.96467
-62.80587
-62.45446
-62.98843
-62.75163
-63.67125
-63.88194
-63.82811
-63.87623
-63.39522
-63.33851
-63.47338
-63.53786
-64.11293
-64.58154
-64.34021
-65.06383
-64.96053
-65.41185
-65.61930
-65.48120
-65.87067
-65.31841
-65.52786
-65.36328
-64.99106
-64.88102
-64.60589
-64.43541
-64.16568
-63.83208
-63.67359
-63.46481
-63.26868
-63.13044
-62.91963
-62.79664
-62.80729
-62.85050
-63.09656
-63.55935
-64.30409
-65.01428
-65.90578
-66.16423
-66.31533
-66.08587
-65.42723
-65.76414
-65.59495
-66.68736
-67.55641
-68.13514
-67.86393
-67.39243
-67.32923
-66.93107
-67.31751
-67.39519
-68.33763
-68.62054
-69.38775
-70.16947
-70.34087
-70.58223
-70.68139
-70.34858
-70.65024
-70.44249
-68.92847
-68.68980
-69.18736
-68.21787
-66.75055
-66.95461
-66.89224
-66.15263
-66.60270
-66.96314
-65.61715
-65.12065
-65.79165
-65.48884
-64.89171
-65.73677
-65.61930
-65.48072
-66.92956
-67.58100
-67.87914
-68.86373
-68.29654
-68.36672
-68.10477
-67.39883
-68.01287
-67.77331
-69.14578
-69.11787
-69.16082
-69.05805
-68.15020
-68.76721
-68.40293
-68.33843
-68.39047
-68.18842
-67.70617
-67.84738
-67.63330
-65.13214
-63.65612
-66.05106
-68.82000
-67.62060
-66.17696
-66.09715
-67.25065
-67.65549
-68.95803
-68.41501
-66.98389
-66.77035
-67.92922
-68.39599
-66.54231
-67.35778
-67.90002
-66.55529
-66.67564
-67.50603
-67.97110
-68.22056
-68.01375
-68.18195
-68.61358
-69.71038
-70.33250
-70.80094
-70.36720
-69.13318
-69.06631
-70.10278
-71.04088
-69.74664
-70.20180
-70.49966
-69.77046
-69.25889
-69.24470
-70.45100
-71.50747
-72.17351
-72.60889
-72.17207
-71.67053
-71.75450
-71.54792
-70.09308
-69.96089
-70.66631
-70.37837
-72.12244
-71.13733
-69.48971
-70.67624
-71.40859
-71.34649
-71.06799
-69.85885
-69.89314
-70.69135
-70.46733
-69.82454
-69.80111
-70.55773
-70.67032
-70.58102
-70.18889
-71.26085
-71.44850
-71.13402
-71.77484
-71.05155
-69.45506
-69.08458
-71.27047
-71.40989
-70.50283
-70.86077
-67.30917
-63.08229
-60.44680
-58.56581
-57.78855
-58.13178
-58.76014
-58.54840
-58.14938
-57.67369
-56.91645
-55.90300
-55.45528
-55.58405
-55.47348
-55.21295
-54.78173
-54.98145
-54.63764
-54.63102
-54.67593
-54.29132
-54.27015
-53.90070
-54.09185
-54.19576
-54.18878
-54.22408
-54.13329
-54.09847
-53.67548
-53.62753
-54.29819
-53.95720
-53.65625
-53.75943
-53.64890
-53.83258
-53.30558
-52.93777
-53.20077
-53.03957
-52.77121
-52.76184
-52.75682
-52.55367
-52.41870
-52.54566
-52.36673
-52.39361
-52.40618
-52.63374
-52.56278
-52.62782
-52.72668
-52.73914
-52.84349
-52.62390
-52.94799
-52.85122
-52.75607
-52.72635
-52.86572
-52.93730
-52.86558
-52.89494
-53.10756
-52.81282
-52.80253
-53.21999
-53.17080
-53.13001
-53.13631
-53.26953
-53.37377
-53.61737
-53.56045
-53.53340
-53.51864
-53.68735
-53.78524
-53.96061
-53.67036
-53.83817
-53.96880
-53.57177
-54.05200
-53.69134
-53.72382
-53.93577
-53.72273
-53.87071
-53.83813
-53.98484
-53.94339
-53.91218
-54.10332
-54.35047
-54.24048
-54.31994
-54.62638
-54.53851
-54.76180
-54.89602
-54.92447
-55.03905
-55.06063
-55.16475
-55.39342
-55.30724
-55.48719
-55.51764
-55.57609
-55.68314
-55.72331
-55.75697
-55.84228
-56.20119
-56.07083
-56.17239
-56.17074
-56.66178
-56.45889
-56.68166
-56.68900
-56.65202
-56.95421
-56.80384
-57.06734
-56.87541
-56.99756
-56.83933
-57.10841
-56.94969
-57.22558
-56.89979
-57.07817
-57.14572
-57.36505
-57.17783
-57.26536
-57.57564
-57.34880
-58.22882
-57.00707
-57.72671
-57.22607
-56.46670
-56.93819
-57.00685
-57.19113
-57.73041
-57.42345
-57.39916
-57.41351
-57.18992
-57.47523
-57.18044
-57.54698
-56.99780
-56.82405
-56.75138
-56.81340
-55.99973
-56.96056
-56.73732
-54.53536
-55.05046
-54.64963
-54.13377
-54.76819
-55.29241
-55.61360
-55.84843
-56.55284
-55.16150
-56.50181
-56.85596
-54.28575
-56.18185
-56.28538
-54.48388
-55.60057
-56.63691
-56.55780
-58.10837
-57.46843
-56.89299
-57.13966
-57.68983
-57.64194
-58.02363
-60.40989
-60.19423
-61.33370
-61.42436
-60.28553
-60.19556
-60.68709
-61.12691
-61.65500
-62.54683
-61.09978
-60.71646
-60.61063
-59.47902
-59.83514
-60.47364
-60.88160
-60.23754
-59.81870
-59.17496
-58.67326
-59.11085
-58.89464
-58.69580
-59.79353
-59.34473
-58.67061
-60.16839
-60.32804
-60.82206
-62.07692
-62.37111
-62.35138
-61.47208
-60.95625
-61.41036
-62.01721
-64.07259
-64.28410
-65.01626
-64.69743
-62.74271
-63.20350
-63.42941
-63.92750
-65.03724
-64.95313
-64.98030
-65.07199
-64.76224
-65.23692
-65.02840
-66.75139
-67.46285
-66.35450
-65.64841
-64.32812
-64.28918
-65.27025
-64.51786
-65.32929
-65.55295
-63.61047
-63.22757
-63.65070
-63.52079
-62.57393
-63.16056
-63.98083
-62.84106
-61.94555
-62.40694
-62.19530
-62.07760
-62.52295
-62.87160
-62.47519
-62.35063
-62.67313
-63.01926
-64.05139
-65.36283
-65.73693
-66.50321
-66.53736
-65.50728
-65.62563
-64.78537
-65.86432
-67.05908
-67.64044
-68.30491
-67.61754
-67.30646
-66.73572
-67.35041
-68.09452
-68.43673
-69.12799
-68.80543
-68.74016
-68.61820
-68.01161
-68.52211
-69.24265
-68.85238
-68.36108
-68.43141
-67.98257
-68.85611
-69.63212
-70.29367
-71.01789
-70.17024
-69.89718
-70.16648
-70.53233
-71.17778
-71.96474
-71.35334
-71.78667
-70.99976
-70.34940
-70.06371
-70.14933
-71.47290
-70.86115
-70.71972
-70.66145
-69.38653
-68.76726
-69.46573
-69.56998
-69.90257
-69.95230
-69.78570
-69.36891
-69.64454
-70.52870
-70.03462
-71.84132
-72.49832
-72.41147
-73.25713
-71.68441
-71.88578
-72.47451
-72.16998
-73.93263
-74.21153
-73.62515
-73.67196
-73.28497
-73.57020
-73.47440
-74.41409
-74.97005
-74.73009
-74.82408
-74.23013
-74.67814
-75.53128
-75.51723
-75.95776
-76.21508
-74.71224
-74.68847
-75.08352
-75.27144
-76.41509
-76.72474
-76.33210
-76.13838
-76.87795
-76.03335
-76.38463
-77.28502
-77.86435
-77.55126
-77.70960
-76.62867
-75.37644
-75.57320
-75.69332
-77.56696
-77.32118
-77.66421
-77.71894
-77.54353
-77.94116
-78.53408
-79.29971
-78.84271
-79.01319
-79.46297
-79.37484
-78.84611
-79.49459
-79.99548
-79.89950
-80.01370
-79.94016
-80.33804
-80.41439
-79.83085
-80.25311
-81.20606
-80.95571
-80.44115
-81.55996
-81.51998
-80.42625
-80.18308
-80.80378
-81.28493
-81.89429
-81.30158
-82.03593
-82.35570
-80.80482
-82.03453
-82.70926
-83.20319
-83.48742
-82.64964
-82.73999
-83.53417
-83.82292
-83.46401
-84.53445
-84.42496
-84.23343
-84.57431
-84.80704
-85.98610
-78.09344
-78.01362
-82.85537
-82.86704
-83.38770
-83.25923
-84.82156
-82.42861
-83.65863
-84.16439
-85.62040
-86.79922
-84.69694
-85.97667
-86.92981
-86.18409
-87.91154
-86.85181
-84.78977
-87.64585
-88.06339
-90.33461
-89.07968
-88.18812
-88.92675
-89.32699
-89.28837
-88.40826
-88.03858
-90.76957
-91.51127
-90.18090
-90.67477
-89.58470
-90.27666
-90.30793
-86.21599
-88.08061
-91.92531
-87.67707
-87.98316
-90.31767
-91.40654
-91.04211
-90.69501
-85.50564
-85.76513
-87.73082
-86.26005
-88.01813
-89.60341
-92.66549
-96.19306
-94.06776
-92.39597
-92.38379
-93.72457
-92.84656
-95.34336
-96.05757
-97.50706
-95.84565
-99.41600
-96.35083
-94.92756
-97.17847
-98.25177
-101.12332
-98.47266
-99.44705
-97.94028
-98.84092
-96.97673
-109.32953
-97.99284
-113.97451
-93.67186
-98.23101
-77.80740
-66.84729
-63.78058
-62.40824
-61.37896
-59.99035
-58.92921
-59.13979
-59.15269
-59.54055
-61.26163
-62.21967
-62.81269
-62.05235
-61.56526
-60.72699
-60.29835
-60.05676
-60.29910
-60.83725
-61.02313
-61.80697
-61.65676
-61.92300
-61.14051
-60.64455
-60.21176
-60.22256
-60.40610
-60.70863
-61.41403
-61.62264
-61.77345
-61.61316
-61.63632
-61.94437
-62.00301
-62.04144
-63.63502
-64.10905
-64.38543
-64.76290
-64.12363
-63.79348
-63.47168
-63.31092
-63.44419
-64.09557
-64.09461
-64.44742
-65.18801
-64.79168
-64.41245
-64.20271
-63.90026
-63.83923
-63.90007
-64.19420
-64.55757
-64.58277
-65.12125
-65.08288
-65.13504
-64.91886
-64.79678
-64.89781
-64.64097
-65.29725
-64.86341
-65.17742
-65.19044
-65.41094
-64.72544
-64.71492
-65.07061
-65.05256
-65.66050
-64.97779
-65.77195
-65.31381
-65.78767
-65.94025
-65.55547
-65.61686
-65.71243
-66.35044
-66.45179
-66.77088
-66.77085
-66.74886
-66.34151
-66.38754
-66.77717
-66.70846
-66.62473
-66.94936
-67.07576
-67.37413
-67.51253
-67.78338
-67.63040
-67.95813
-67.66267
-67.74841
-67.64145
-67.36598
-67.99748
-68.09543
-68.00586
-68.12646
-68.74389
-68.19447
-68.43466
-68.04173
-68.68459
-68.03864
-68.06772
-68.55213
-68.49545
-69.38953
-68.72394
-68.98716
-68.71239
-69.24595
-69.34337
-69.82135
-70.19668
-69.85709
-69.70370
-69.54005
-69.19808
-69.45113
-69.98026
-70.39376
-70.60741
-70.07402
-69.83602
-69.18561
-68.76018
-68.36428
-67.76396
-67.45598
-68.14516
-68.87538
-69.36666
-68.90078
-68.87902
-68.90607
-68.28779
-67.65610
-67.20337
-67.33103
-68.08541
-69.65497
-71.18616
-71.60365
-71.44207
-71.55353
-72.11684
-72.37717
-71.97284
-71.83103
-72.48103
-73.58693
-73.74011
-72.77389
-71.11830
-70.89434
-69.52167
-67.14677
-66.14414
-66.77459
-68.42946
-70.16002
-71.78790
-72.06703
-69.42215
-68.28589
-67.78136
-67.17485
-67.56283
-68.55656
-70.79689
-73.55179
-74.63107
-75.72126
-75.16547
-73.04697
-72.08405
-71.63919
-72.90401
-71.26912
-69.46811
-68.51634
-70.45432
-72.88948
-74.70116
-78.19690
-77.00235
-75.42161
-75.27089
-75.69390
-75.83131
-74.63317
-71.94808
-69.56671
-69.93701
-71.59280
-70.74827
-69.94795
-70.35465
-71.12220
-71.30629
-72.51875
-71.65592
-71.64649
-70.60111
-71.95675
-72.41891
-71.44009
-72.49275
-72.63811
-72.12840
-72.48345
-73.07293
-71.72991
-73.60169
-73.83425
-75.63540
-74.31465
-72.82003
-70.92083
-69.20431
-68.82103
-67.75954
-68.35673
-69.08671
-69.40111
-69.96561
-69.74130
-69.03241
-68.54158
-67.80197
-67.63880
-66.71526
-66.43486
-66.58868
-66.43727
-67.38056
-68.56965
-68.47043
-68.11169
-67.59851
-67.57006
-67.74342
-67.82815
-66.76587
-64.93312
-65.09478
-65.18395
-65.87288
-66.92806
-67.06636
-67.20584
-65.90768
-64.65686
-64.73125
-64.74819
-65.29425
-66.10555
-66.44085
-67.13274
-66.71615
-66.21800
-65.40543
-65.07531
-64.78117
-65.10440
-65.67855
-65.09389
-64.59735
-64.09737
-63.58711
-63.11691
-63.00142
-63.08879
-63.03025
-62.45101
-62.35383
-62.49520
-62.49938
-62.71132
-62.29002
-62.16691
-62.01977
-61.73497
-62.17403
-62.39450
-62.11558
-62.12733
-61.97270
-61.71515
-61.43707
-60.94159
-61.16846
-61.38049
-61.49716
-61.20769
-61.15545
-60.71305
-60.51097
-60.48063
-59.96670
-59.83547
-59.64175
-59.61572
-59.51401
-59.43861
-58.75884
-58.83143
-58.62955
-58.85971
-59.97469
-59.93291
-59.91216
-60.01016
-59.95544
-60.09074
-60.08066
-60.04209
-60.44793
-60.21944
-59.61532
-59.97227
-61.13425
-61.34424
-61.47843
-62.07622
-62.83306
-63.58566
-63.74840
-64.33761
-64.71283
-64.25583
-65.05910
-65.14700
-65.07725
-65.18558
-64.85669
-65.54999
-65.14895
-64.45622
-64.05944
-64.47483
-64.48178
-64.62631
-64.86100
-64.41486
-64.94832
-65.24581
-65.28127
-65.46967
-65.57531
-67.06886
-68.73922
-68.96681
-67.82478
-67.17149
-66.82398
-66.18128
-66.52276
-66.07337
-66.26540
-66.37702
-65.59025
-65.52912
-65.50640
-65.63706
-66.06189
-66.36292
-66.04865
-65.60878
-66.30190
-66.50286
-66.73685
-66.50551
-65.80899
-65.47208
-65.13439
-65.79991
-66.24669
-66.42949
-66.22617
-66.14614
-65.56685
-65.96118
-67.39432
-67.03279
-66.62013
-67.09951
-65.84891
-64.88823
-64.96966
-64.84608
-65.06647
-64.59305
-64.49597
-64.58757
-64.68174
-64.23254
-64.38444
-65.05387
-64.45129
-64.32482
-64.29542
-63.72785
-63.32820
-63.67480
-64.25717
-64.47480
-64.37518
-64.40293
-64.00893
-63.30653
-63.31184
-63.51100
-63.51183
-63.57484
-63.34352
-62.72849
-62.42512
-62.39733
-63.12462
-63.44515
-63.12899
-62.72461
-61.86677
-61.75225
-61.72807
-61.81598
-61.84741
-62.10898
-62.16114
-61.41108
-61.23901
-60.95120
-60.87864
-60.57827
-60.34407
-60.36010
-60.15741
-59.28333
-58.88930
-59.29693
-59.17129
-59.11406
-59.33422
-59.23660
-58.94395
-58.91507
-58.46255
-58.81089
-58.55338
-58.62833
-58.97244
-58.86808
-58.90909
-58.49391
-58.87114
-58.93650
-58.82920
-58.65322
-58.46440
-58.27835
-57.79325
-57.38730
-57.67442
-57.59873
-57.41856
-57.45784
-57.03499
-56.64958
-56.54376
-56.48233
-56.42005
-56.31066
-56.33365
-56.37796
-55.84086
-55.64971
-55.76888
-55.59302
-55.49510
-55.59037
-55.31629
-54.79920
-54.96109
-54.99350
-54.97106
-54.65806
-54.33941
-54.50847
-53.98191
-53.96037
-53.95416
-53.78625
-53.73328
-53.69489
-53.46990
-53.17994
-52.82802
-53.30756
-54.42569
-54.56321
-55.00955
-55.09902
-55.19833
-54.93869
-54.70893
-54.88039
-54.75989
-55.13128
-54.80681
-54.55507
-54.47546
-54.12441
-53.87665
-54.03447
-55.11886
-55.16146
-55.78071
-56.06400
-55.75077
-56.66758
-57.63206
-59.27791
-59.82511
-60.26333
-59.86375
-59.83632
-60.79441
-59.88634
-59.00794
-59.18448
-59.05467
-58.58641
-59.06181
-59.30137
-59.12212
-58.60347
-58.78069
-59.72047
-58.99084
-58.66048
-58.95618
-59.32288
-60.22626
-60.17747
-59.19402
-59.23082
-59.05836
-58.87512
-59.03762
-58.81195
-59.03600
-58.40868
-58.75792
-59.00729
-58.88241
-59.49444
-59.92151
-60.30833
-60.04270
-59.35014
-59.97084
-60.45376
-60.33498
-61.01284
-60.82529
-60.19461
-59.37131
-58.64092
-58.75578
-58.40184
-58.17538
-58.34545
-57.78717
-57.92595
-57.99538
-58.73962
-58.77738
-58.18076
-58.09843
-57.56804
-57.59372
-57.23936
-56.70832
-56.79866
-56.50903
-56.36262
-56.66922
-57.19050
-57.96816
-58.07223
-58.07285
-57.66894
-57.45065
-57.84182
-57.26463
-57.25493
-57.68618
-57.47136
-57.52297
-58.49350
-59.83148
-59.40576
-59.31914
-58.83944
-58.02505
-58.09503
-58.44409
-58.48498
-58.45335
-58.66107
-58.71429
-58.36565
-58.77210
-58.54614
-58.02482
-58.52622
-58.29268
-58.34070
-58.42006
-58.57244
-58.64854
-58.83385
-58.52402
-58.63147
-58.40800
-58.36572
-58.57539
-58.64187
-58.79137
-59.13247
-59.74933
-59.85003
-61.75952
-62.12186
-61.73484
-61.54372
-61.70901
-62.22475
-62.35584
-62.22714
-62.21149
-62.41781
-63.21289
-63.92153
-64.03839
-64.57853
-64.29659
-64.68651
-64.81642
-65.27317
-64.91971
-65.83266
-66.85908
-67.06794
-67.97019
-68.87791
-69.70735
-69.51443
-69.78255
-70.65280
-71.03151
-71.98537
-72.48098
-71.44607
-72.62978
-74.14553
-73.81478
-72.82227
-72.29484
-71.41379
-71.37285
-71.40414
-70.74133
-70.46076
-69.88310
-69.15349
-69.87941
-69.83984
-69.58068
-68.73896
-68.18793
-67.99644
-68.33615
-69.41633
-69.45505
-68.96685
-69.24165
-69.42457
-69.06694
-68.77908
-68.64568
-69.55278
-69.45843
-70.30693
-70.90588
-71.46580
-72.93070
-73.97354
-73.61980
-72.86942
-73.39186
-73.86597
-73.10961
-73.61808
-73.15012
-73.33789
-75.10916
-75.44279
-77.65511
-77.66708
-79.07114
-79.68916
-79.10430
-80.10215
-79.02545
-79.39671
-79.20416
-77.48438
-77.98410
-78.51184
-76.58834
-76.51666
-76.68531
-77.31626
-78.31675
-78.27576
-77.10824
-76.40276
-74.78146
-74.85572
-77.49660
-76.65166
-76.50981
-73.86074
-71.47335
-68.89032
-67.77774
-67.11644
-66.60065
-66.08959
-65.51661
-65.48270
-65.69996
-66.34403
-65.60053
-64.78815
-63.72201
-63.23491
-62.61289
-62.98296
-63.62989
-63.08021
-62.55197
-62.31608
-62.18102
-62.06431
-61.64478
-61.12264
-60.90654
-61.10196
-61.25516
-61.19573
-61.09357
-60.74520
-60.65548
-60.59163
-60.82133
-61.26072
-62.18842
-63.14057
-63.85734
-63.59990
-62.37986
-60.64465
-59.08495
-57.48440
-57.16591
-57.45702
-57.46906
-58.14726
-58.81023
-59.45210
-59.97990
-60.37811
-60.49927
-59.98841
-59.45267
-59.33803
-58.95380
-59.27592
-59.43856
-59.63392
-59.46643
-58.75117
-58.11905
-57.49508
-56.68830
-56.06501
-55.66216
-55.61707
-56.32457
-57.53079
-59.15714
-60.32968
-60.66950
-59.87360
-59.12125
-58.08720
-57.07816
-56.34318
-56.17299
-56.11356
-56.69827
-57.84297
-59.56485
-61.76671
-63.59887
-65.25027
-66.86831
-69.86330
-71.51077
-73.32846
-74.93277
-74.64970
-67.79174
-62.54775
-58.75975
-55.75219
-53.46268
-52.27848
-51.79595
-51.70270
-52.11861
-52.50677
-53.29461
-54.20801
-54.69954
-55.20231
-55.60594
-55.27577
-54.93431
-53.96021
-53.33893
-52.86262
-52.45551
-52.06669
-51.17931
-50.86785
-50.85681
-51.10626
-50.79607
-50.24050
-49.38609
-48.87320
-48.78935
-49.25773
-50.20494
-50.98909
-51.69296
-51.42701
-51.22859
-50.81699
-50.29147
-49.74172
-49.23747
-49.13369
-49.50923
-50.60466
-52.53096
-54.55614
-55.67667
-55.16084
-53.47266
-51.19767
-49.77575
-48.83131
-49.03351
-50.27314
-52.12524
-55.67736
-60.17170
-61.31652
-56.91480
-55.04896
-54.10901
-54.56753
-55.71796
-57.50902
-58.54215
-58.32819
-57.22895
-55.77331
-53.55523
-50.66709
-48.29838
-46.10164
-45.01246
-44.82709
-45.51181
-46.71207
-48.38334
-50.48670
-52.18778
-53.60166
-54.83254
-53.41799
-51.92503
-50.22830
-49.26712
-49.23150
-48.76580
-48.32064
-47.69715
-47.31360
-47.15071
-47.11271
-47.44915
-47.25721
-46.00853
-45.23277
-44.65835
-44.50196
-45.54336
-47.03644
-48.17027
-49.29630
-49.21922
-48.69681
-48.36409
-48.50310
-48.61470
-48.07006
-48.36883
-49.18468
-50.16137
-51.05179
-51.37635
-50.58923
-48.63029
-46.90936
-45.90325
-45.35706
-45.07571
-45.28746
-46.31209
-47.66346
-50.72893
-54.25110
-59.40969
-70.34799
-72.47213
-67.76273
-63.91184
-64.17732
-59.08783
-56.06030
-53.45155
-51.88811
-50.31877
-48.60763
-47.72618
-46.45506
-45.95558
-46.06442
-46.98046
-48.10334
-49.53023
-51.14768
-52.85813
-54.43943
-56.66454
-61.30913
-59.82641
-55.33840
-52.77400
-51.46111
-51.49303
-51.35865
-50.38646
-49.51820
-48.32823
-48.24855
-48.68669
-49.02104
-49.69679
-50.51839
-52.05825
-54.95769
-59.00779
-64.34369
-60.93693
-56.92804
-54.56753
-51.73324
-50.16976
-48.41227
-47.93232
-47.96381
-48.36560
-49.26588
-50.14788
-51.49401
-52.73359
-53.45838
-53.42402
-52.24041
-51.50292
-51.48451
-51.38846
-51.71769
-51.69513
-51.83240
-51.38681
-50.64886
-50.20096
-49.34474
-48.47845
-48.62138
-48.85280
-49.44702
-51.09245
-52.51519
-52.32817
-51.93717
-51.35662
-50.90671
-50.78619
-50.36069
-51.08695
-51.70415
-52.88957
-53.97458
-54.94696
-55.52280
-55.82652
-55.98481
-55.72152
-55.15915
-53.17648
-51.81689
-50.53072
-49.72737
-50.13727
-50.80801
-51.24244
-51.84410
-52.08817
-52.80754
-53.55186
-53.96228
-53.59628
-53.41513
-54.36902
-56.40610
-60.06706
-64.70780
-61.64779
-56.53392
-54.82855
-53.06384
-51.68481
-50.69562
-50.32040
-50.43522
-50.73931
-51.61287
-52.65653
-53.92759
-54.83614
-55.53769
-56.35220
-56.35165
-55.79680
-54.84334
-54.12192
-54.48456
-54.95369
-55.29685
-55.18213
-53.77276
-52.34800
-51.70702
-50.65152
-50.47829
-51.09564
-51.37475
-52.44305
-53.57412
-54.18877
-54.03598
-54.13180
-53.32380
-52.73360
-52.30016
-52.30375
-53.84323
-55.46406
-57.49637
-58.35478
-58.83587
-58.37261
-58.52249
-58.35601
-58.04962
-57.20387
-55.89004
-55.07088
-54.11586
-54.02399
-54.84355
-54.97454
-54.95435
-54.95711
-54.32144
-54.43995
-54.98300
-56.66047
-56.76649
-56.99474
-56.64816
-57.72539
-59.38020
-59.01236
-58.02215
-55.67529
-54.07598
-52.90066
-53.37339
-52.51016
-52.24130
-51.99738
-50.90119
-52.52033
-52.54781
-52.73069
-55.82842
-54.83241
-54.50927
-55.98153
-55.35818
-55.51148
-56.12945
-56.41275
-56.61121
-56.11292
-56.88264
-55.42343
-53.96018
-53.86379
-53.53611
-53.51404
-53.62840
-54.43303
-54.35909
-54.31902
-55.11084
-55.20323
-55.27057
-55.00292
-53.29040
-53.28179
-54.01590
-53.89308
-54.99844
-56.15159
-55.02812
-56.59325
-56.60774
-55.56527
-55.94046
-55.39082
-55.11223
-53.30544
-53.63507
-53.22309
-52.80354
-54.64489
-54.78015
-54.87456
-55.92756
-55.25385
-55.19120
-56.33006
-56.08747
-57.45101
-59.06063
-57.50661
-58.99154
-60.55193
-60.72612
-60.06773
-59.02022
-58.35247
-56.22373
-55.79601
-55.23921
-54.80122
-55.71847
-56.22698
-56.10466
-56.23373
-56.69596
-58.12909
-58.09441
-57.06560
-57.80397
-56.86707
-56.67863
-58.39482
-57.86660
-58.54905
-58.31411
-57.80754
-57.16541
-55.58410
-55.12562
-53.91541
-53.82865
-54.23623
-54.76322
-55.99833
-56.00373
-56.12032
-57.06275
-57.02915
-57.71752
-56.90435
-55.77724
-55.62273
-55.77177
-58.48969
-59.86938
-60.51120
-62.64856
-62.62351
-61.63083
-63.09584
-61.75539
-59.90640
-59.29182
-58.15780
-58.13229
-58.12986
-58.06026
-58.53975
-58.30104
-58.04989
-58.51618
-57.99921
-58.35744
-58.73788
-60.43029
-60.52010
-60.43701
-61.91804
-62.76460
-62.86726
-62.72352
-63.22151
-61.09416
-59.40745
-57.76636
-57.25382
-57.40632
-57.89589
-59.39968
-60.09021
-60.19665
-60.64178
-60.56020
-61.82966
-62.28497
-60.95598
-60.01092
-59.62173
-60.15091
-60.95475
-62.41797
-62.47744
-61.38717
-61.54406
-61.19389
-59.54143
-58.79422
-58.42088
-58.01871
-58.84369
-59.32681
-59.18883
-60.11591
-60.31368
-60.10147
-60.83832
-60.84776
-59.38813
-58.45292
-57.79038
-58.73223
-61.34569
-64.98663
-68.94076
-67.71987
-66.96793
-66.21099
-65.43066
-64.76268
-63.67106
-62.95001
-62.14500
-61.86399
-61.63031
-61.50870
-62.03469
-62.03240
-62.20515
-62.61623
-61.95675
-61.53146
-61.80255
-61.54446
-61.63626
-62.43427
-63.98215
-66.44318
-69.56573
-71.46948
-68.44016
-64.62138
-62.73510
-62.01773
-61.47563
-61.92434
-62.30082
-63.59566
-64.68744
-64.42154
-64.08813
-63.91822
-64.19027
-64.09588
-64.87564
-64.80007
-63.88504
-63.09942
-63.90974
-65.67628
-67.34494
-67.42495
-65.89610
-64.82385
-63.02880
-62.34050
-62.65754
-63.20153
-63.54042
-64.11340
-64.15022
-63.80971
-64.11180
-64.29083
-64.44732
-64.67385
-64.47195
-63.97936
-63.83522
-63.97678
-65.90640
-69.58752
-73.82292
-74.67271
-73.69155
-72.02974
-69.23152
-67.58245
-66.25880
-66.43528
-66.56539
-66.45569
-66.63077
-65.97123
-66.02768
-66.88285
-67.01511
-67.17201
-66.90467
-66.08533
-66.55545
-67.42775
-68.05086
-68.92375
-69.52492
-71.01588
-73.07133
-75.98688
-76.96006
-73.23059
-69.39866
-68.20228
-68.11240
-68.11182
-68.78993
-68.88484
-69.65155
-69.24931
-68.59977
-68.12970
-67.75695
-67.94154
-68.75545
-69.71883
-70.63681
-70.15940
-69.75078
-70.61167
-72.72913
-73.92789
-73.91104
-72.13202
-71.76765
-70.63073
-70.02497
-70.09202
-69.64492
-69.53775
-69.36693
-68.99231
-67.92686
-67.38259
-65.90110
-65.57057
-65.80005
-68.64720
-68.48006
-68.43742
-65.48188
-66.00109
-65.73549
-63.62151
-63.34958
-65.05063
-66.15965
-65.65535
-64.36692
-64.97605
-66.07012
-66.63501
-70.86366
-67.52201
-69.21193
-65.10818
-64.82320
-61.66582
-60.44969
-59.08989
-59.33312
-60.04125
-59.17391
-61.05766
-61.80365
-64.68132
-65.62743
-63.13530
-62.76290
-63.28703
-63.98939
-64.01216
-62.77160
-63.89122
-62.70017
-62.00214
-62.51660
-60.27838
-59.45299
-61.50339
-59.07419
-60.91242
-58.42924
-58.42805
-59.91159
-58.30810
-59.15717
-58.52110
-58.41252
-57.84605
-57.39288
-58.31271
-58.61151
-58.42393
-60.22120
-57.86254
-59.47536
-58.55134
-57.77240
-59.16939
-58.00275
-57.94364
-59.05647
-58.86243
-59.47490
-58.77451
-59.25555
-60.11304
-58.53279
-59.94934
-59.33767
-60.42037
-60.00741
-60.35585
-61.83846
-61.56929
-61.43438
-61.66839
-60.87990
-61.00648
-60.99538
-61.06813
-62.18091
-61.78607
-62.45352
-61.81789
-62.05705
-62.24973
-61.89830
-62.69395
-62.42392
-62.27409
-62.75729
-61.97143
-61.54653
-60.59340
-59.97683
-59.55612
-59.18919
-59.15239
-58.99109
-59.37336
-60.33109
-61.46619
-62.56323
-63.45666
-62.93122
-62.60414
-63.92385
-65.71643
-65.01559
-63.06719
-63.37999
-64.36143
-63.56573
-62.94555
-61.98261
-61.85718
-62.70682
-64.42122
-66.20764
-66.21789
-64.86270
-62.87892
-61.00841
-59.75686
-59.50790
-59.75595
-59.43235
-59.33693
-60.47436
-62.07102
-62.42341
-61.82832
-61.77452
-60.48844
-59.82233
-60.05270
-60.98117
-62.25740
-63.30178
-64.34387
-65.06582
-67.15297
-69.27241
-68.67330
-65.76718
-64.90930
-65.26022
-65.49684
-65.76968
-68.69430
-71.78322
-69.72855
-69.02327
-66.82419
-64.70151
-64.06221
-63.87591
-63.83417
-64.43615
-66.02390
-67.20942
-67.72951
-69.33351
-71.08314
-69.75723
-68.14553
-68.25409
-68.26160
-67.77317
-69.27157
-73.98616
-74.55148
-72.59081
-72.63129
-71.22859
-69.29136
-67.79620
-67.28493
-67.35184
-68.23229
-69.24893
-69.70270
-70.82451
-73.86189
-74.73584
-72.28121
-71.78791
-72.01247
-71.33636
-71.19522
-73.30247
-76.42893
-77.30681
-76.60038
-76.01072
-75.01803
-73.01267
-71.71436
-71.28341
-71.46707
-72.53998
-72.74508
-72.69859
-73.60452
-75.67612
-76.14195
-74.67491
-74.33885
-74.18836
-74.81016
-75.60478
-74.82957
-71.79911
-68.84920
-66.31359
-64.47068
-63.88005
-63.58491
-63.01613
-63.23367
-64.02735
-64.58241
-64.32921
-65.22851
-70.75717
-72.24095
-66.45071
-64.10916
-62.48865
-61.77212
-61.88854
-62.19369
-63.13271
-63.50363
-63.58362
-62.66914
-63.08299
-64.34354
-65.40527
-65.51063
-66.48681
-67.25359
-66.24231
-66.06085
-66.87379
-69.40852
-70.03710
-71.34976
-67.61796
-64.20088
-63.31505
-65.29926
-67.43121
-65.78719
-65.38115
-65.37367
-66.51015
-69.57716
-69.36904
-66.28986
-64.44825
-64.07163
-63.36811
-62.20392
-61.12966
-60.19405
-60.35427
-62.20052
-64.88874
-67.04333
-66.65067
-64.37496
-63.80691
-63.10838
-63.59133
-64.13754
-65.45184
-66.34651
-66.16483
-66.46133
-67.12694
-67.12517
-65.72555
-66.56183
-66.45181
-64.09651
-63.62278
-64.12215
-63.92405
-66.72747
-67.37606
-66.15714
-67.40300
-66.59375
-63.34809
-61.96248
-62.51956
-65.01743
-68.35496
-68.89425
-69.45824
-70.20131
-68.56040
-67.87639
-68.33556
-67.88600
-68.03443
-67.61050
-67.95183
-69.13588
-70.95129
-69.66127
-68.36473
-67.76918
-66.25273
-65.71306
-65.85338
-66.26135
-67.82994
-70.74799
-70.88837
-68.42980
-66.04930
-65.69582
-66.67486
-67.21020
-66.25545
-65.28350
-66.27328
-68.54771
-70.75491
-70.97320
-72.09336
-72.85505
-69.41845
-66.97547
-65.91336
-66.01017
-66.01999
-65.84998
-67.90021
-71.78015
-73.98670
-72.30402
-70.44239
-71.01081
-72.15584
-71.10912
-70.27697
-70.81465
-71.83537
-71.61161
-70.49261
-72.00865
-73.74347
-73.34156
-72.86395
-72.81774
-72.03793
-71.20600
-71.74692
-72.94486
-74.70806
-77.04801
-77.30674
-75.53395
-76.68099
-78.41069
-77.11586
-76.57195
-76.74503
-76.19545
-85.11001
-103.69329
-105.53760
-108.43902
-110.58395
-112.57953
-114.33656
-116.33359
-118.15101
-120.50592
-122.73359
-126.01825
-129.18340
-135.73014
-145.77099
-141.06808
-135.67182
-131.40178
-129.99323
-128.27278
-127.95877
-127.04176
-127.20381
-126.75345
-127.49210
-127.39416
-128.40387
-128.56031
-129.97075
-130.57954
-132.35962
-133.10798
-136.00151
-137.09525
-141.30652
-143.87210
-157.45803
-183.00100
-147.17365
-147.04264
-141.65641
-142.29556
-138.64575
-140.22867
-138.13011
-139.84305
-138.22518
-141.08349
-139.30192
-141.39188
-140.65244
-144.47383
-142.67375
-146.68155
-144.08105
-151.98191
-148.34928
-161.07509
-154.32631
-174.00616
-160.63250
-153.94642
-165.31595
-150.24845
-157.99499
-150.98661
-159.00766
-148.73061
-157.25129
-149.85900
-159.10995
-150.91819
-165.96236
-151.73949
-181.97557
-152.53643
-166.18857
-153.91967
-165.17768
-158.64401
-160.70640
-162.21598
-161.11215
-158.09864
-157.33967
-161.19488
-157.94983
-166.13248
-156.82574
-163.04200
-156.61222
-166.74446
-157.05518
-163.93585
-156.40326
-156.97889
-158.51112
-167.49624
-160.58088
-159.01292
-156.95050
-163.88859
-164.32945
-160.08451
-166.32230
-157.12510
-165.13071
-156.38347
-160.38236
-152.08725
-148.96163
-146.39601
-149.47468
-144.85079
-147.07045
-143.52652
-145.82595
-143.23077
-145.65580
-142.67979
-145.04918
-141.73777
-140.06799
-137.54629
-136.82982
-137.67091
-133.55926
-130.99395
-127.29815
-128.60220
-128.02818
-127.37098
-123.89536
-126.11284
-125.41582
-124.97835
-124.67223
-129.14400
-124.96058
-123.18329
-122.88429
-118.23029
-121.03431
-120.03451
-118.12067
-116.75626
-118.56323
-114.48392
-113.25273
-116.45416
-116.31044
-117.05614
-115.53656
-116.40675
-114.07726
-113.79084
-113.77659
-110.87719
-112.88116
-110.61032
-113.21385
-115.57001
-113.41424
-111.91617
-107.94399
-112.40227
-111.87784
-113.98320
-115.43221
-109.63063
-113.89233
-108.64366
-105.63551
-109.95154
-112.23801
-109.24289
-109.48515
-109.17793
-106.85306
-104.28069
-104.08205
-110.47419
-107.78552
-106.43752
-105.51530
-103.36408
-105.32191
-105.54811
-103.76749
-103.51192
-104.73813
-104.95543
-105.34230
-103.63121
-105.57753
-103.06234
-104.55374
-107.81516
-106.73483
-108.82740
-104.59708
-104.19456
-103.86014
-106.76432
-107.06793
-104.20392
-107.94243
-109.66104
-104.99629
-103.18965
-105.27340
-109.27790
-104.66723
-102.78237
-106.98908
-105.81535
-104.92812
-105.96131
-102.93264
-103.72818
-96.86647
-96.18769
-101.28787
-97.20808
-100.37201
-106.15690
-99.26584
-102.11597
-101.51379
-98.08712
-101.41998
-102.96131
-107.82375
-99.90657
-96.65294
-100.25548
-101.03190
-101.50787
-102.33233
-100.54890
-101.03538
-101.57797
-99.86300
-100.41895
-101.22031
-103.81720
-101.53048
-100.43968
-97.87003
-98.67617
-97.52338
-96.34313
-98.19550
-98.12279
-101.36284
-97.82445
-95.59316
-90.33078
-95.57526
-98.71360
-92.73523
-97.50590
-95.14528
-95.78147
-94.78690
-97.43253
-97.20211
-96.45371
-96.68799
-96.66231
-96.00271
-98.87534
-101.08499
-96.51733
-93.61060
-93.03210
-94.14825
-89.19782
-96.90881
-96.41059
-93.20466
-91.29633
-85.56958
-86.99334
-89.35722
-93.33511
-91.68559
-88.57887
-91.81769
-91.48294
-87.86083
-92.49980
-96.48472
-91.64757
-89.87616
-92.72538
-92.08737
-91.91818
-93.91700
-90.97532
-86.68420
-87.33219
-86.21950
-86.11206
-93.52823
-87.94172
-88.70762
-87.92298
-90.24084
-91.28924
-90.87712
-93.93672
-89.27296
-90.76073
-91.24904
-90.54186
-90.96548
-90.25937
-89.38620
-89.64176
-87.38138
-88.52778
-92.36197
-93.24485
-90.88492
-90.59268
-90.30777
-90.24291
-86.05077
-89.90490
-89.50288
-86.10321
-88.46086
-87.72085
-89.04323
-88.61609
-92.37378
-91.81320
-90.58263
-90.86986
-90.11699
-91.07373
-91.07679
-90.58596
-90.94349
-89.45254
-91.24077
-91.25632
-92.00910
-90.02372
-89.82462
-92.43738
-90.19192
-91.88245
-93.66265
-93.04571
-89.51456
-90.12854
-89.09867
-90.20459
-92.72835
-90.12941
-92.41363
-92.23206
-93.24656
-95.12871
-95.81850
-95.56791
-92.05031
-87.40871
-83.70332
-88.72686
-86.87691
-86.08901
-88.51047
-89.29843
-89.79499
-86.13474
-89.41259
-91.36977
-90.44752
-87.38330
-89.03448
-89.73543
-91.18602
-90.09029
-90.72118
-94.06325
-91.99910
-91.92442
-92.67111
-92.83246
-91.40651
-90.85458
-90.30279
-94.52053
-90.73368
-90.05480
-90.91606
-91.87921
-88.04067
-87.32567
-90.33741
-88.51327
-89.48268
-89.64986
-89.03236
-89.81218
-92.33351
-90.61582
-89.45611
-91.25734
-90.79121
-93.52061
-93.21656
-91.93802
-91.84279
-87.61279
-89.03762
-94.16214
-89.63366
-89.68193
-92.34014
-85.06132
-85.45248
-83.97433
-86.65847
-90.35366
-87.06145
-90.16533
-87.22701
-88.51378
-89.80554
-90.85532
-92.96734
-89.26432
-90.63146
-89.04144
-87.55740
-86.05236
-86.52658
-91.57513
-87.38955
-85.87294
-87.72304
-90.27046
-87.97792
-94.71790
-90.08099
-89.96231
-88.00524
-95.60086
-92.54434
-91.89879
-90.18572
-90.77775
-91.99165
-93.89178
-94.48865
-94.34943
-93.49193
-88.11787
-91.52279
-88.83462
-98.19002
-87.39993
-100.32742
-89.83591
-105.11299
-87.05173
-109.63584
-88.62356
-98.78926
-72.60671
-72.61433
-70.61194
-66.72742
-65.55684
-65.03247
-62.92188
-58.90519
-58.84418
-56.24538
-53.11465
-52.43279
-52.10567
-51.42119
-53.00602
-51.96018
-54.84398
-55.54248
-53.85290
-52.99726
-49.83390
-50.65599
-52.92957
-52.74930
-54.15716
-55.72785
-56.04117
-53.77446
-52.36705
-55.44644
-54.09053
-54.32214
-56.19254
-56.24261
-53.20351
-53.97511
-51.77935
-54.35259
-55.15049
-54.92752
-58.72438
-56.30316
-55.69059
-54.41599
-57.68463
-55.76748
-55.86832
-54.57310
-57.32426
-56.51010
-54.58037
-56.94103
-57.90574
-55.87261
-56.95023
-57.45026
-54.10310
-56.61996
-58.26499
-58.30690
-59.31855
-56.79296
-56.86386
-58.23468
-56.93740
-57.15448
-57.66267
-60.30057
-56.55062
-54.96424
-56.47961
-58.33766
-58.43523
-58.90885
-60.66789
-58.93842
-59.97958
-59.39172
-58.10407
-59.37949
-59.35565
-59.91210
-62.60133
-63.39619
-59.81623
-58.75601
-60.24595
-60.65639
-63.19172
-63.30817
-62.47221
-63.43507
-62.67714
-62.57926
-62.08254
-61.21874
-63.75352
-64.69711
-66.00146
-64.73511
-62.92930
-61.90682
-61.27639
-62.30909
-62.80207
-63.96679
-63.13352
-62.24766
-61.26136
-65.89597
-65.50069
-64.65717
-66.00498
-63.35549
-64.91369
-63.93543
-63.90670
-66.02852
-68.06201
-64.63723
-65.94732
-66.35678
-65.34436
-66.15106
-65.76831
-65.52506
-65.33732
-64.63696
-65.30288
-69.69069
-67.28791
-66.91500
-64.55557
-65.84194
-65.89668
-64.99449
-67.33955
-66.95835
-68.84362
-67.70832
-68.20291
-70.51252
-68.90644
-69.58450
-71.06788
-68.82900
-66.61746
-68.76069
-71.78692
-68.99423
-70.25801
-69.15420
-68.90030
-69.08561
-70.13909
-70.96159
-69.91097
-71.74981
-69.54990
-69.40492
-69.38770
-70.15151
-70.17680
-72.00164
-72.13434
-69.96217
-70.95267
-67.95588
-68.00273
-70.41676
-72.64709
-75.31875
-73.76917
-70.30106
-68.97383
-70.51483
-71.49106
-72.05900
-74.04076
-74.60861
-74.64545
-73.89032
-73.72782
-72.14887
-71.51253
-76.71258
-76.27884
-71.75556
-71.74046
-74.04905
-72.74353
-73.09813
-75.60847
-73.97884
-75.32141
-75.97216
-73.89738
-73.95605
-74.54421
-75.11022
-75.14794
-76.59652
-75.39830
-75.36710
-77.54533
-80.63618
-77.25491
-73.87201
-75.11266
-74.22716
-75.58630
-74.52298
-76.40075
-78.77367
-75.48969
-75.70439
-75.42085
-75.59904
-79.99908
-77.91878
-77.86381
-80.25895
-77.79844
-77.91933
-76.81263
-78.30623
-78.27586
-81.95442
-75.33755
-72.26169
-74.46802
-72.32230
-72.53807
-73.68855
-74.39576
-73.07167
-72.56550
-73.81680
-72.27075
-73.61516
-74.17811
-74.99969
-75.28133
-75.07326
-77.38712
-75.26958
-77.36317
-78.30439
-77.23950
-78.21638
-79.03902
-77.59762
-77.79514
-78.96174
-78.70335
-79.40547
-80.02009
-80.52239
-78.92722
-79.36234
-80.63549
-82.19144
-81.89575
-82.96920
-82.05170
-80.34372
-81.84817
-83.08715
-81.47277
-81.50233
-82.24284
-81.31784
-81.94607
-81.33156
-80.91246
-82.75890
-83.50293
-82.10495
-83.87339
-82.61464
-81.96218
-82.70160
-83.55315
-85.55965
-83.97316
-83.98507
-84.56600
-84.62258
-84.92324
-85.20810
-84.85946
-86.73633
-85.62398
-86.36138
-86.21518
-83.42895
-85.60764
-84.93757
-83.50095
-84.61633
-84.92281
-83.84639
-83.70222
-85.41598
-85.37338
-83.75746
-84.59738
-82.43253
-80.93026
-83.61575
-83.82420
-81.41622
-82.42373
-82.99987
-82.63827
-82.90003
-81.65417
-79.95691
-80.16677
-82.58071
-82.88769
-83.67122
-83.59132
-83.63887
-82.23112
-83.60334
-83.84587
-82.46495
-83.59029
-85.49346
-85.42448
-85.40364
-83.20048
-80.01994
-81.79915
-80.49763
-81.60080
-83.32059
-82.33527
-81.30055
-81.94473
-82.83017
-81.34748
-80.86685
-81.77220
-79.77237
-77.11623
-78.76391
-79.33548
-76.44168
-78.34910
-80.74655
-79.65991
-80.34654
-79.75914
-77.40435
-76.60765
-79.21138
-78.77932
-80.89344
-81.90091
-81.80954
-80.88106
-79.24642
-80.72326
-80.89539
-80.96681
-81.84178
-84.24050
-84.81695
-83.42069
-84.48019
-85.61707
-85.95373
-84.85630
-83.65578
-86.23074
-85.68959
-85.36257
-82.49609
-79.98011
-80.07689
-80.28300
-78.80711
-78.56050
-77.55987
-79.85786
-79.48102
-77.62166
-79.12401
-78.92323
-80.58128
-79.86414
-79.94891
-80.74837
-81.38092
-80.80415
-79.71060
-81.20660
-83.07945
-84.48199
-83.35295
-83.08951
-83.23594
-84.36053
-86.44615
-84.32912
-86.72394
-88.31383
-89.49179
-89.13265
-89.28747
-90.97728
-86.25043
-81.87377
-82.58690
-81.63545
-84.33653
-84.05300
-81.86870
-76.85908
-73.72846
-72.22192
-70.95833
-76.92768
-79.74900
-80.95534
-77.74822
-76.27316
-79.26306
-79.63159
-78.06629
-76.99251
-80.43527
-80.16232
-80.35959
-82.41632
-77.79500
-79.33930
-77.77210
-74.68578
-76.64381
-75.51617
-78.05365
-79.76570
-81.10504
-81.17494
-81.50875
-82.12540
-79.54180
-76.92588
-79.00169
-78.24661
-78.83002
-80.87376
-79.76766
-75.37689
-71.45273
-72.51383
-72.87130
-73.80040
-74.97171
-77.00698
-76.91487
-79.59287
-79.90431
-76.75605
-76.67276
-79.04086
-80.39306
-80.50325
-82.95760
-81.75862
-80.69749
-80.88863
-83.14020
-83.30661
-84.58230
-84.74448
-84.49935
-84.81624
-84.20926
-84.56583
-86.11699
-86.48891
-86.39784
-86.01536
-85.70549
-87.44348
-89.28128
-87.72448
-88.85625
-89.07975
-90.89076
-89.45787
-89.96114
-91.69411
-90.70571
-92.38932
-90.58485
-90.91837
-89.98413
-93.80185
-93.59685
-91.80721
-91.88833
-92.46288
-93.73704
-96.28136
-94.84257
-93.82401
-93.70335
-94.04004
-94.35155
-94.30876
-93.21423
-91.33287
-91.76386
-91.45725
-93.85429
-92.33889
-92.60457
-93.08026
-94.72821
-93.11456
-93.32504
-92.10678
-91.54314
-95.19324
-93.30012
-95.06389
-93.83809
-94.77672
-93.54959
-93.19566
-93.89994
-92.35069
-90.02702
-92.98191
-96.19394
-95.51388
-97.03966
-93.86145
-94.66977
-93.79732
-93.86241
-92.82486
-92.59864
-93.36560
-91.52215
-88.27834
-89.56183
-88.74526
-90.65214
-91.40008
-90.42398
-92.68247
-91.05278
-88.88722
-87.77143
-91.77782
-90.02676
-91.50157
-90.90630
-91.22147
-91.67133
-88.04163
-87.61343
-90.24455
-85.23727
-84.25917
-90.79778
-91.12697
-92.08815
-91.78761
-90.32494
-91.14883
-91.27934
-89.59049
-90.69919
-89.97872
-90.72831
-84.65932
-85.00118
-87.88606
-85.99479
-86.18689
-88.85634
-89.18374
-89.00050
-88.02535
-83.92117
-84.33950
-85.56066
-89.87951
-86.52640
-82.05480
-79.61640
-77.51178
-75.63747
-76.86829
-79.06885
-79.12585
-76.08120
-74.87068
-74.85614
-74.14006
-74.22182
-73.52922
-72.91158
-71.35650
-73.13186
-74.17189
-73.39145
-73.84967
-72.75593
-71.98726
-72.17755
-70.20638
-67.86808
-68.66091
-67.80420
-68.28780
-68.34045
-67.77412
-72.26795
-73.00966
-70.72996
-71.06006
-71.50476
-73.09380
-71.67181
-70.56746
-69.21819
-66.97582
-72.05459
-73.17252
-72.27584
-72.81311
-70.71537
-72.11952
-70.56637
-72.40475
-70.47594
-73.31815
-75.81747
-73.31094
-76.60942
-70.77061
-70.54078
-70.39473
-69.79829
-72.29992
-70.60969
-69.89269
-71.26319
-69.53407
-74.44926
-72.49784
-71.82061
-73.14304
-69.89509
-71.92775
-68.46912
-71.09889
-71.49806
-71.20660
-76.22704
-73.91287
-71.60333
-71.01753
-71.10889
-70.72268
-68.44625
-69.16575
-67.89656
-70.52488
-69.77336
-65.48851
-68.32761
-70.68998
-69.30665
-67.63156
-66.74333
-66.52540
-69.72865
-67.72851
-66.25405
-65.46304
-66.27696
-67.57368
-67.98556
-68.08331
-70.55448
-68.25672
-67.17046
-71.00684
-67.22757
-66.65184
-64.14747
-63.15281
-61.74378
-59.41181
-57.69064
-55.96470
-55.31997
-55.09273
-54.98330
-54.85288
-55.64711
-57.36490
-59.33003
-59.84259
-59.85353
-59.77005
-59.65064
-60.47546
-60.95443
-63.07467
-61.74725
-60.89204
-60.59212
-60.50052
-62.05387
-60.79002
-59.90487
-58.98821
-58.89022
-59.17342
-58.88805
-59.89805
-61.49248
-63.83088
-63.38350
-62.73658
-63.41120
-62.06629
-62.13578
-62.37847
-62.96748
-62.47021
-63.15258
-60.96866
-59.04395
-57.95502
-56.59835
-56.61524
-56.82320
-58.64529
-60.67702
-62.30635
-63.85945
-64.70412
-62.64205
-61.51919
-60.58439
-60.47861
-61.34783
-61.31644
-60.15885
-58.42483
-58.11399
-56.64463
-54.72275
-53.73301
-53.38949
-54.17691
-55.79598
-57.96404
-60.15403
-60.60251
-58.14038
-55.77429
-55.45738
-55.80029
-57.36851
-59.08840
-60.71421
-61.25246
-60.24693
-59.68844
-58.17207
-57.75189
-57.58604
-57.29700
-57.31516
-58.49412
-61.03565
-63.54238
-64.90244
-64.12218
-62.80534
-60.86629
-59.98894
-60.72492
-62.57941
-64.53430
-67.51944
-69.23695
-69.14409
-68.19342
-65.21602
-63.26701
-62.30669
-63.24515
-63.82746
-62.91398
-62.99138
-65.39071
-67.47899
-68.90671
-69.17751
-66.51433
-65.18540
-65.74570
-67.22284
-70.11784
-73.64726
-76.39545
-75.95575
-73.55142
-72.54137
-68.85151
-66.29760
-65.89136
-67.03715
-67.77602
-67.00467
-66.06613
-67.17940
-69.96537
-69.58174
-67.07838
-65.61831
-63.32332
-62.60150
-62.66941
-60.21768
-57.78092
-56.85010
-56.01214
-55.83829
-57.67518
-59.31011
-59.33951
-58.23649
-57.42682
-56.50309
-55.61440
-55.75570
-57.09688
-58.29012
-59.56292
-60.14209
-59.45828
-59.63722
-59.32305
-58.86619
-58.00519
-58.34902
-60.36666
-61.08777
-59.40874
-58.87293
-59.93828
-59.96462
-59.52317
-59.18325
-57.94168
-57.95714
-58.83564
-58.38141
-58.47441
-59.14848
-59.73100
-60.01071
-59.67536
-58.42584
-58.19383
-58.82944
-58.76805
-58.77963
-59.55861
-61.61467
-62.12947
-62.34736
-63.25911
-62.09092
-61.24296
-60.84557
-60.07838
-59.06207
-58.90992
-59.00888
-59.18077
-59.60065
-59.70154
-60.28575
-60.60988
-61.63585
-63.02462
-64.47124
-65.86758
-64.95878
-64.64012
-64.77653
-63.93103
-63.68259
-63.70013
-63.68850
-64.23409
-63.95471
-64.22932
-65.29740
-64.87825
-65.21219
-65.33843
-64.84337
-64.27554
-64.79684
-65.26879
-64.18009
-65.03044
-65.84396
-65.98940
-66.45558
-67.54831
-68.25101
-68.99570
-69.14764
-70.36717
-72.72741
-73.36170
-72.87098
-70.97336
-71.60412
-69.11945
-69.16323
-69.04746
-67.33744
-66.98058
-67.46498
-70.80554
-68.90673
-65.78475
-63.47507
-65.77574
-68.68306
-66.18746
-63.60838
-63.58403
-63.97283
-64.55794
-67.58343
-64.87433
-64.51763
-65.11649
-64.58841
-64.42108
-62.68473
-62.37331
-65.56424
-63.21550
-61.94687
-60.07375
-60.79656
-59.55346
-56.41693
-57.15481
-55.99424
-57.31967
-57.05631
-58.33757
-59.84973
-59.60531
-61.88881
-62.06859
-62.88997
-59.22594
-58.72906
-60.84137
-61.56017
-60.92610
-61.37547
-61.44051
-63.50802
-66.12016
-64.65113
-61.86059
-58.76047
-60.97020
-61.58628
-62.19999
-64.61212
-65.04408
-63.78713
-63.24412
-65.30841
-62.29977
-61.49084
-62.26702
-63.04143
-63.97844
-62.96836
-62.70197
-63.96348
-66.75314
-66.48051
-64.51557
-64.16426
-68.66293
-68.75901
-64.73823
-66.02064
-67.56466
-68.36500
-68.12676
-67.42398
-65.94207
-67.20119
-65.97413
-66.68901
-66.84095
-67.72935
-69.42555
-67.42993
-66.59251
-66.71291
-67.72447
-69.36862
-68.03626
-67.58424
-68.98105
-70.69606
-73.10635
-67.63268
-68.04052
-70.68173
-71.51135
-67.88289
-68.38867
-66.98076
-68.53757
-72.60473
-70.27788
-67.49123
-70.26003
-67.09161
-67.29812
-66.80465
-63.08987
-62.08031
-60.36229
-62.61579
-59.90606
-60.60143
-61.42818
-60.55379
-61.37088
-62.32325
-63.95830
-63.70730
-63.36084
-66.15386
-62.20016
-60.75016
-62.45048
-59.27339
-60.56058
-59.70682
-58.48148
-57.29576
-55.05771
-56.22130
-55.36233
-56.67898
-61.49134
-61.42662
-62.72147
-61.45057
-62.26910
-61.47023
-62.41977
-62.50147
-59.98145
-57.81248
-57.83851
-59.50633
-58.88851
-62.16198
-60.52987
-62.71048
-65.34439
-62.90433
-59.82472
-56.92404
-57.90374
-58.67259
-59.84899
-59.31022
-60.42118
-59.90216
-61.94712
-60.16545
-58.83046
-60.46138
-59.40833
-61.79405
-60.78194
-61.00743
-60.84140
-60.88902
-62.09995
-64.01456
-62.17615
-64.00186
-63.65532
-61.38930
-63.13913
-61.45593
-63.83431
-62.13573
-61.71934
-62.73449
-62.83897
-63.49463
-62.93023
-64.51323
-62.23405
-63.46151
-63.59688
-62.65729
-64.07157
-62.89108
-64.21942
-63.24732
-62.41539
-62.53985
-63.45424
-64.18087
-64.42245
-65.33111
-65.32645
-67.13667
-65.22232
-65.15674
-66.62044
-64.71210
-65.83308
-65.05013
-66.70444
-69.73038
-66.63863
-68.32091
-70.48778
-68.37692
-67.59748
-67.90463
-67.23841
-68.17909
-69.42058
-69.98925
-70.18063
-70.97905
-71.47528
-70.79651
-71.36411
-72.10928
-70.04261
-69.52048
-71.38315
-72.53764
-71.57248
-70.28038
-72.90365
-72.29606
-70.16077
-72.51136
-72.44910
-72.28837
-71.89537
-72.19730
-75.06483
-75.34263
-76.65184
-74.17983
-73.50862
-75.16154
-72.17680
-72.19124
-73.17052
-73.85821
-75.00394
-73.17515
-74.15667
-73.18275
-74.84764
-75.52037
-75.55851
-77.30794
-77.71656
-74.89350
-73.91498
-75.70306
-75.15567
-76.87209
-74.35792
-75.18232
-75.89524
-76.18229
-77.54571
-77.94640
-78.49354
-75.63134
-74.36267
-76.78940
-78.12999
-78.01682
-75.74267
-75.32747
-76.47098
-78.52439
-79.69425
-77.05306
-77.87346
-78.83190
-76.44417
-73.81028
-74.99043
-76.04818
-77.07701
-77.23188
-78.45887
-77.41959
-77.13007
-76.63523
-77.10643
-78.44696
-78.15718
-79.37507
-76.27028
-76.03403
-76.93902
-77.40349
-76.08425
-74.75557
-75.11377
-76.52041
-76.00308
-77.42260
-78.59319
-76.69029
-77.51351
-79.80022
-78.65005
-73.53827
-75.09571
-77.61532
-77.34601
-78.04659
-76.47471
-78.36534
-78.93014
-79.40872
-77.70288
-77.25075
-76.14429
-75.10229
-75.43578
-75.09974
-74.59685
-74.94363
-77.63701
-76.09940
-76.49394
-77.19336
-78.20097
-76.14354
-76.91571
-77.66041
-78.58851
-78.85876
-75.74541
-76.48590
-74.23247
-74.50190
-71.47033
-66.08985
-66.70956
-65.55439
-61.94297
-58.97068
-54.36966
-52.01013
-49.97771
-48.16015
-47.29026
-47.09650
-47.96913
-49.39683
-51.99571
-54.20721
-54.75571
-55.51751
-54.69013
-53.10652
-52.00530
-51.59645
-51.55966
-52.33407
-53.58011
-54.71750
-56.20853
-56.45865
-56.24694
-55.84161
-54.74044
-52.85854
-52.00146
-52.15144
-52.52113
-52.24504
-51.27755
-50.44233
-50.73516
-51.28549
-51.80234
-54.44870
-54.79307
-52.98406
-53.08312
-54.58596
-55.57540
-55.93095
-56.29152
-56.32491
-55.73280
-54.10681
-52.19874
-51.16616
-51.36268
-50.38439
-50.86305
-53.00859
-54.00985
-54.17370
-53.18312
-52.35939
-51.80950
-52.05843
-52.02459
-51.75850
-51.97624
-52.00835
-51.52178
-51.90472
-52.44472
-54.15611
-53.76970
-53.18013
-53.07507
-51.67180
-52.36053
-52.89865
-55.48910
-57.34709
-56.66186
-55.00628
-54.30863
-53.85795
-53.23382
-53.56400
-54.53802
-56.43232
-57.12638
-55.20994
-53.68449
-53.38747
-53.13682
-54.14613
-54.28384
-54.99222
-56.02521
-56.12692
-55.78511
-56.53655
-56.25874
-54.29030
-52.43937
-51.41985
-51.93701
-52.61606
-52.54174
-53.07198
-56.56406
-57.30164
-56.07543
-57.39491
-58.14763
-57.10334
-55.01039
-54.40154
-55.49676
-57.10468
-55.92845
-53.49748
-51.63126
-51.17590
-51.91882
-52.90702
-55.03247
-56.98783
-55.99801
-53.93191
-52.87115
-52.37056
-52.55744
-53.42977
-53.72828
-53.82885
-54.54752
-53.18267
-51.31115
-50.91150
-51.91870
-53.62528
-54.39412
-54.31108
-55.09063
-54.79801
-53.39114
-52.71745
-53.89223
-56.17061
-56.66539
-54.97017
-52.12541
-51.13550
-51.57344
-52.28599
-54.28760
-57.24684
-57.87897
-57.02369
-55.86945
-55.87928
-57.11726
-60.33750
-60.35059
-57.22200
-57.26754
-57.99057
-58.06329
-58.97951
-59.97584
-59.67299
-58.63617
-58.85132
-60.45310
-60.33504
-59.65797
-58.53352
-58.28695
-58.02983
-58.10545
-57.92339
-57.86033
-59.46455
-59.98646
-59.87181
-59.04300
-60.97080
-61.57741
-61.06280
-58.95484
-57.85704
-55.94119
-54.36924
-56.59761
-55.35743
-54.34482
-53.11463
-52.17549
-52.40155
-53.15030
-52.16482
-52.64573
-54.01787
-53.66855
-53.01009
-52.05945
-52.58700
-52.57916
-51.53915
-50.93872
-51.05640
-50.72907
-51.25949
-50.95463
-52.07882
-51.98475
-51.53996
-51.26558
-51.04996
-52.84063
-54.24008
-55.55816
-54.52759
-55.46819
-56.78836
-59.29740
-60.13530
-54.88978
-54.06098
-52.57988
-52.61915
-53.91028
-54.15874
-55.24256
-57.06089
-59.94580
-60.06092
-60.46321
-60.17541
-62.21923
-58.35044
-58.61455
-55.66812
-57.40010
-62.06130
-57.90192
-59.24805
-56.56671
-56.31777
-55.42233
-56.52863
-57.90359
-59.50551
-60.30039
-61.54544
-62.77874
-61.84978
-64.41167
-58.45425
-58.61256
-57.18015
-57.63761
-60.22753
-57.52138
-57.79066
-56.35603
-56.22434
-56.66495
-57.87673
-59.20255
-62.17812
-63.30894
-64.33058
-63.51917
-59.65966
-60.25182
-58.55551
-59.83807
-60.36426
-59.08879
-59.61123
-58.23436
-57.65117
-57.64053
-57.41243
-58.11107
-60.00101
-62.57805
-63.84451
-63.29952
-60.69418
-59.19453
-58.20380
-58.36706
-58.18544
-57.93829
-59.06984
-58.23883
-58.16672
-57.66776
-57.14286
-57.14366
-57.40963
-58.71667
-59.74803
-60.35671
-61.06829
-61.37981
-60.71741
-59.91546
-59.02616
-58.64097
-58.99208
-59.49126
-60.03260
-60.07451
-60.17322
-60.09928
-59.75286
-60.13717
-60.35100
-61.30797
-63.00368
-64.28770
-64.85128
-64.63436
-64.16579
-63.35492
-62.51499
-62.46931
-62.60735
-63.01029
-63.49667
-63.76699
-63.68842
-63.27644
-63.44648
-63.50250
-64.11025
-65.30306
-66.67156
-67.19482
-68.44134
-68.66567
-67.99782
-66.65926
-66.26939
-66.18657
-65.93477
-66.49987
-66.94165
-67.42209
-67.17785
-67.36255
-66.89150
-66.65375
-66.97648
-68.54254
-68.92798
-71.09849
-73.07336
-72.58461
-70.70726
-69.76703
-67.34617
-66.47508
-69.69400
-71.98390
-71.20894
-71.44450
-71.37605
-66.48126
-67.50238
-72.11702
-66.09515
-64.30850
-67.80620
-64.43163
-66.70199
-70.04968
-67.87415
-69.32554
-67.04586
-68.75570
-70.37000
-69.78256
-68.34878
-68.98751
-67.17958
-66.66312
-68.97943
-68.35667
-67.53027
-66.69768
-66.44220
-65.90776
-67.98429
-66.82372
-68.17595
-66.25691
-63.72714
-63.47659
-62.18428
-62.25345
-62.48601
-63.88942
-63.45168
-65.09572
-67.61863
-65.97714
-66.53635
-69.12345
-65.18076
-66.03766
-67.95451
-66.11987
-65.32096
-65.09065
-62.91052
-63.00888
-63.66064
-62.28110
-64.89417
-67.79228
-65.76796
-64.85047
-67.99705
-65.34105
-67.02572
-68.63518
-67.65104
-67.46419
-68.85723
-70.46019
-64.64690
-63.56588
-68.80871
-69.22251
-65.29815
-64.83363
-64.65593
-68.22998
-67.65226
-65.40093
-65.01169
-67.18120
-70.38643
-65.34579
-67.86907
-70.45262
-66.23152
-68.51894
-69.77846
-66.46018
-63.99094
-65.13232
-66.56041
-68.17195
-65.60531
-65.12340
-65.95140
-67.01094
-69.34663
-65.78540
-66.56705
-65.78541
-65.16159
-65.22241
-66.37022
-64.44181
-63.25073
-64.20589
-65.10999
-67.47815
-67.81885
-67.89910
-65.09079
-64.83861
-63.61520
-61.81110
-62.60638
-65.93206
-64.33913
-65.59364
-65.71184
-64.72994
-63.95462
-62.89301
-65.73706
-64.99482
-66.76011
-66.21528
-64.97248
-63.04240
-62.90708
-63.41724
-65.42851
-65.34295
-63.93468
-66.44977
-64.87453
-64.16890
-63.30044
-63.55634
-66.79280
-67.01375
-67.32395
-66.72705
-65.07799
-64.57331
-65.08676
-65.80954
-66.35193
-66.98464
-64.40250
-64.65397
-64.34222
-65.12625
-65.51761
-65.81743
-66.02883
-67.24903
-67.98800
-66.98442
-68.94069
-67.56497
-68.86965
-66.78724
-66.01749
-66.63459
-67.35618
-66.35303
-67.06814
-68.29241
-66.34162
-69.48986
-68.93817
-67.34093
-67.58339
-66.72310
-67.83919
-70.39993
-68.33268
-66.39848
-68.03123
-70.69915
-68.09600
-66.92790
-69.29632
-69.14642
-70.04647
-70.39536
-70.03675
-68.15957
-67.88081
-68.09756
-67.74361
-70.25751
-70.12653
-69.40677
-68.07404
-71.02317
-71.90882
-68.13731
-68.44141
-68.78637
-70.29054
-69.46541
-68.07211
-69.49631
-70.25753
-70.17518
-69.52042
-70.67772
-73.27203
-70.76713
-70.17704
-71.38176
-70.05135
-71.05447
-71.13376
-71.55643
-72.38906
-69.83175
-68.98586
-69.48757
-70.69897
-71.26018
-71.23299
-72.26105
-73.45273
-70.60043
-70.10827
-70.34030
-71.32086
-72.18910
-72.36339
-72.19803
-71.76168
-72.27241
-70.31994
-70.81720
-71.95743
-72.02181
-72.52967
-72.24332
-71.30658
-72.13463
-72.10523
-71.59846
-72.42487
-75.03696
-73.46236
-71.94441
-72.38858
-73.01245
-73.38673
-73.26359
-74.70959
-73.85337
-73.50127
-74.22360
-75.02326
-72.00483
-71.61770
-73.30025
-72.69197
-73.32664
-73.31458
-71.46973
-71.86333
-75.32023
-76.48256
-75.17875
-74.97084
-74.06396
-74.64487
-74.45886
-73.69497
-74.14798
-73.74416
-75.30792
-76.28113
-76.15623
-74.54773
-74.68877
-73.51660
-73.81349
-74.79745
-73.68998
-73.87376
-74.22358
-76.71780
-76.43891
-75.24402
-75.47377
-75.34240
-77.62998
-77.26027
-75.23471
-74.72480
-74.93713
-75.58460
-75.20395
-76.97622
-77.26562
-78.74982
-75.72906
-76.30394
-76.91897
-75.30368
-74.34186
-74.53785
-75.84565
-74.74377
-74.51317
-73.86551
-74.15192
-75.29721
-75.35211
-73.59490
-75.88532
-75.26433
-72.67566
-72.33138
-73.37063
-73.13720
-74.52995
-74.51159
-74.73031
-74.05380
-72.10729
-73.08312
-73.49167
-74.91501
-73.65960
-73.45338
-72.34676
-70.49772
-70.45878
-69.43054
-71.29372
-74.24875
-73.50811
-73.29319
-72.38438
-71.41651
-70.23571
-71.98071
-72.03411
-73.16361
-74.23239
-71.32524
-72.94474
-71.12510
-70.38328
-71.60779
-70.28700
-71.85118
-72.03971
-69.96673
-70.52333
-70.65983
-71.89311
-72.66142
-71.39294
-72.95902
-73.19367
-72.61230
-72.71810
-70.76695
-71.29295
-71.83104
-70.99628
-71.93786
-70.89282
-72.99377
-73.38741
-71.86332
-72.31072
-72.48230
-73.64011
-73.39644
-73.76326
-74.59234
-74.73471
-76.21283
-76.37075
-75.35290
-77.29403
-75.65774
-76.94849
-73.73143
-73.99728
-77.00614
-77.11160
-78.91151
-77.21116
-78.36185
-76.21717
-76.14795
-77.96289
-77.40627
-78.19872
-78.22015
-77.83733
-79.70917
-79.46344
-79.18676
-78.13017
-79.59083
-81.15440
-79.91299
-79.53899
-81.20162
-80.58200
-80.94632
-81.55061
-81.55348
-81.66080
-79.14699
-81.50226
-81.37566
-81.89363
-82.23789
-81.99581
-83.60080
-83.76779
-83.49476
-82.37541
-82.73898
-84.40335
-84.80127
-84.19558
-84.46793
-84.86129
-85.41264
-85.04589
-84.93789
-85.52948
-84.05573
-84.51578
-85.72462
-85.50833
-86.35969
-85.68214
-86.99093
-87.40808
-87.08266
-87.40452
-86.83808
-88.16111
-88.70908
-87.09020
-88.27401
-89.22287
-88.62654
-89.83933
-89.55949
-89.73035
-88.11663
-89.05946
-89.53615
-89.37524
-90.25175
-88.51077
-90.51930
-91.93539
-91.49296
-91.79759
-90.61441
-90.83886
-92.35232
-91.43207
-92.15423
-93.19038
-93.32697
-93.97922
-93.30830
-93.43956
-92.54050
-93.92216
-94.36017
-92.96575
-94.62839
-94.05844
-93.97007
-95.41326
-95.48099
-95.88961
-95.05822
-95.04635
-96.07080
-95.67262
-95.78186
-96.59810
-96.67517
-97.63849
-97.35506
-97.05443
-96.80968
-97.66328
-98.93263
-97.72732
-98.06424
-97.84462
-97.92414
-99.21737
-99.69410
-99.48905
-99.00265
-98.45885
-100.09974
-99.88860
-99.51835
-100.78755
-100.20700
-101.82188
-101.66499
-101.09587
-102.04394
-104.46815
-107.84074
-108.36374
-113.40756
-113.10483
-113.98766
-119.58530
-119.51374
-123.58339
-122.79918
-126.69572
-133.93503
-151.26502
-144.30359
-160.24201
-149.48727
-164.60213
