-94.14368
-76.62074
-83.65607
-75.63688
-91.19355
-88.99487
-76.19408
-88.15601
-74.55863
-89.31872
-87.75680
-75.73954
-88.92313
-96.91903
-108.65451
-80.13631
-76.34443
-88.26280
-77.07389
-81.45933
-82.19668
-77.84380
-78.63915
-78.55198
-76.98894
-79.09937
-89.59777
-76.59621
-82.29885
-77.85028
-79.61622
-76.93416
-80.63905
-79.31904
-74.64461
-78.10440
-77.01019
-76.27843
-77.80849
-79.29306
-76.72481
-76.71593
-74.55367
-87.06094
-94.60716
-107.97462
-107.51158
-124.63943
-127.95484
-118.98079
-115.30579
-113.10925
-111.70145
-110.80039
-110.26829
-110.03066
-110.04643
-110.29504
-110.77099
-111.48229
-112.45211
-113.72445
-115.37738
-117.55434
-120.54986
-125.12259
-134.70600
-135.83050
-126.54109
-122.70599
-120.59987
-119.49983
-119.23608
-119.95643
-122.42731
-131.46766
-123.98912
-112.43491
-103.62868
-79.72790
-77.32919
-80.86003
-80.34156
-81.41175
-80.02398
-80.39456
-80.35346
-81.10857
-81.54729
-82.11669
-82.81529
-83.01023
-84.10429
-83.40327
-86.37418
-79.10310
-74.36418
-78.34951
-81.65247
-82.72486
-82.55846
-81.78939
-83.22402
-82.53938
-84.06034
-83.37340
-85.73650
-84.54575
-87.37832
-85.00452
-89.75546
-80.61930
-71.42220
-72.93738
-74.50886
-75.70598
-75.11734
-74.69492
-75.94304
-76.67511
-78.54298
-78.32764
-79.36948
-79.53675
-81.68897
-82.02326
-84.11807
-83.56942
-78.50501
-79.11067
-82.47120
-83.99058
-82.89888
-80.68629
-82.06388
-83.56681
-86.87580
-87.07460
-88.84588
-89.03574
-92.01523
-92.39635
-95.30129
-94.95869
-77.70098
-77.90552
-81.94338
-82.79891
-82.44320
-81.84050
-83.00957
-83.53057
-85.21118
-84.72597
-85.85721
-86.01155
-86.36336
-87.12911
-86.27783
-90.37040
-78.61389
-74.73984
-76.54104
-76.39983
-77.04527
-76.95040
-77.83282
-77.86265
-78.23618
-78.67431
-79.15447
-79.64002
-79.57807
-80.45193
-80.13080
-82.36929
-78.31421
-76.59273
-79.38112
-79.83662
-80.69860
-80.49776
-80.21730
-80.63740
-80.85171
-81.78938
-82.03897
-83.06448
-83.06057
-84.21515
-83.76862
-85.74167
-82.66185
-75.33716
-77.08644
-81.73022
-82.63230
-83.63341
-82.07485
-83.59034
-82.97378
-84.22934
-83.73189
-85.48082
-85.32885
-86.68608
-86.54990
-87.29082
-86.84196
-73.32993
-72.54070
-75.09660
-75.78739
-76.37056
-75.06036
-76.42686
-76.84826
-78.83815
-78.96215
-79.52620
-80.28167
-81.27299
-82.73246
-82.14440
-86.67968
-75.64448
-72.07486
-71.75787
-71.37230
-72.79439
-73.49378
-74.62892
-74.97366
-75.60867
-76.06040
-77.22670
-78.33644
-78.78752
-79.82742
-79.95461
-82.22620
-77.69997
-74.64328
-78.51437
-81.37411
-82.77862
-82.68148
-82.45431
-82.96723
-83.40194
-83.82480
-84.24162
-85.49082
-85.77003
-86.72787
-86.67551
-87.63770
-87.26391
-89.04161
-88.28326
-90.20022
-88.75523
-91.92504
-89.38610
-95.00596
-85.58908
-76.40343
-76.92412
-77.85447
-77.70651
-78.42451
-78.30414
-79.81791
-77.51345
-74.42677
-76.73266
-77.79712
-78.21285
-78.71782
-78.21370
-78.77461
-78.82445
-79.78160
-80.02869
-81.08811
-81.28774
-82.12267
-82.33023
-82.93783
-83.66215
-75.79160
-75.15036
-80.34434
-81.43223
-82.92935
-81.59988
-82.48349
-82.55810
-82.97680
-83.52533
-83.83214
-85.40529
-84.81384
-87.19340
-84.75539
-90.96044
-74.77789
-71.14284
-73.83371
-74.50266
-75.75933
-74.25492
-75.17474
-75.76211
-77.34987
-78.15660
-78.32514
-79.18365
-79.95867
-81.78849
-81.83374
-84.85627
-80.55855
-77.36553
-79.88250
-82.62954
-83.39369
-80.97993
-80.31122
-82.07995
-84.04134
-86.94695
-86.49146
-89.11098
-88.37070
-93.87239
-90.08637
-108.27121
-83.61838
-75.71407
-78.99074
-81.48353
-82.07979
-80.98128
-81.46580
-82.25232
-83.35581
-84.28862
-83.94402
-85.48523
-84.85492
-86.37116
-85.27573
-87.40962
-85.13672
-75.60607
-75.17207
-76.43345
-76.25501
-76.85112
-76.89654
-77.77973
-77.54064
-78.30629
-78.49269
-79.21850
-79.27643
-79.72035
-80.17933
-80.64763
-82.33543
-75.11172
-73.86404
-78.93103
-80.61753
-82.25142
-81.04481
-81.55710
-81.96914
-82.35876
-82.81716
-83.21366
-84.84580
-84.22558
-86.52245
-84.42720
-89.63629
-77.76402
-72.91215
-72.58122
-71.87474
-73.17811
-73.97558
-75.05145
-75.55901
-76.09034
-76.54685
-77.59793
-78.83608
-79.10282
-80.43912
-80.17666
-82.73363
-78.57489
-73.38144
-76.26375
-79.74175
-81.18098
-81.57317
-80.71553
-81.69831
-81.62167
-82.52238
-82.26612
-83.97060
-83.69783
-85.32725
-84.31468
-86.97603
-82.54890
-74.42298
-74.95908
-75.52104
-73.97197
-76.16297
-73.28666
-70.89639
-71.48351
-71.78534
-72.20065
-72.52314
-72.89219
-73.21323
-73.43250
-74.15728
-74.23037
-72.90651
-74.25304
-75.01033
-75.33610
-75.94353
-75.92747
-76.53241
-76.77026
-77.50273
-77.72466
-78.51664
-78.59926
-79.40776
-79.55818
-80.25041
-80.39976
-81.26489
-81.40549
-82.18673
-82.92392
-83.61214
-84.64136
-84.64202
-87.85573
-77.65795
-76.65405
-80.67044
-81.80199
-82.10316
-81.32058
-82.34604
-83.85244
-79.26615
-73.30098
-72.81755
-74.73163
-77.65042
-78.58311
-78.58168
-79.28968
-79.29355
-80.25244
-81.04853
-82.05290
-82.19822
-83.37459
-83.08082
-85.19517
-81.16383
-74.16661
-71.83472
-71.83556
-71.55520
-72.48550
-73.55588
-74.57015
-75.65488
-76.63875
-77.84335
-79.24205
-80.94696
-82.04871
-83.59480
-84.01309
-84.07859
-71.15320
-67.89332
-68.35018
-68.58523
-69.41988
-69.24492
-71.57067
-72.89316
-74.79438
-76.49131
-77.73278
-79.10592
-80.10304
-82.31895
-81.96264
-85.85023
-78.10472
-80.39899
-74.96825
-69.34995
-70.34348
-69.57187
-70.33691
-70.85455
-72.72609
-74.15034
-76.09038
-78.34044
-79.82649
-83.77819
-84.32495
-91.31580
-78.12430
-77.49685
-80.56454
-83.45848
-81.71225
-82.84704
-81.48585
-86.07316
-78.88209
-68.74637
-68.30201
-68.78256
-69.30925
-69.82194
-71.81770
-74.26897
-73.89824
-74.51134
-71.00940
-69.39932
-70.18397
-69.79606
-70.60956
-71.31165
-73.17242
-71.21812
-70.82165
-71.05188
-71.38040
-73.40376
-73.27452
-76.01545
-74.05968
-75.59172
-70.54940
-67.43565
-67.90839
-68.41921
-68.88968
-69.74957
-72.25351
-73.39662
-75.92558
-78.34066
-80.64520
-81.66952
-82.69173
-83.63600
-83.83747
-75.79697
-76.04570
-81.28310
-82.24434
-83.91306
-82.01475
-83.52478
-82.93103
-84.10324
-83.75023
-85.11557
-85.55199
-86.08396
-87.14018
-86.17783
-89.78224
-74.63919
-72.13600
-74.94547
-75.61375
-76.57726
-75.08711
-76.13714
-76.78066
-78.40752
-79.13649
-79.20870
-80.37914
-80.79312
-83.02924
-81.66537
-87.22911
-77.44181
-72.29719
-71.85949
-71.26252
-72.56002
-73.41660
-74.49168
-74.93235
-75.49514
-75.94266
-76.93424
-78.24322
-78.55937
-79.75237
-79.78245
-82.01488
-78.82274
-74.57609
-77.53302
-81.16403
-82.56072
-82.73377
-82.05884
-83.04458
-83.09373
-83.97882
-83.85530
-85.54311
-85.42107
-86.94013
-86.39823
-87.79977
-86.94388
-89.14144
-88.08948
-90.10462
-88.72825
-91.29653
-89.97048
-92.68136
-89.44481
-77.38887
-76.60436
-77.91146
-77.74298
-78.21344
-78.47891
-79.18958
-78.81684
-74.09902
-76.91620
-73.60912
-71.25849
-73.68596
-75.78479
-77.90876
-77.28241
-78.03493
-78.44205
-79.72436
-80.13178
-81.47018
-81.61755
-82.41136
-83.27111
-77.72999
-71.35242
-70.87268
-70.71374
-70.96130
-72.29493
-73.20105
-74.29266
-75.33989
-76.42300
-77.78907
-79.24588
-80.78910
-82.32405
-82.75340
-85.51402
-77.39234
-70.27840
-67.31827
-67.14329
-67.75663
-68.18066
-68.43633
-70.28510
-72.13580
-73.71229
-75.78637
-77.63839
-78.70773
-80.67469
-80.63786
-84.38969
-80.74584
-78.65978
-73.69554
-69.18430
-70.23848
-69.61744
-70.23020
-70.99009
-72.56305
-74.43762
-75.84762
-78.67843
-79.45101
-84.22227
-83.79127
-91.18931
-84.24995
-76.30854
-77.50458
-81.88142
-81.31163
-81.77639
-80.72251
-82.60428
-82.35846
-70.08805
-67.96144
-68.78055
-69.07483
-69.64370
-70.94125
-73.64755
-74.66284
-74.66419
-73.08751
-69.44671
-69.07939
-69.44121
-69.28662
-70.31227
-71.13035
-73.16631
-71.07596
-71.63118
-71.28419
-72.57660
-73.59316
-74.63011
-76.15564
-73.70186
-73.06045
-69.17139
-68.86218
-68.92718
-68.90455
-69.75963
-70.87542
-72.82157
-74.06006
-76.63822
-77.69638
-80.70606
-82.42588
-84.58667
-87.76234
-81.74439
-75.90974
-69.44815
-67.68366
-68.49160
-68.91681
-69.27032
-70.86413
-73.20119
-74.49582
-77.69026
-80.08159
-82.51824
-83.98559
-84.95856
-88.86043
-82.58537
-75.82078
-68.95832
-67.82982
-69.47546
-68.79571
-70.98781
-72.22035
-74.28153
-76.24410
-77.77979
-80.06629
-80.40496
-82.65637
-81.69689
-85.18617
-81.64042
-80.50847
-69.92047
-66.57527
-68.48402
-67.89636
-69.26934
-71.36698
-72.84082
-75.69404
-76.78475
-80.61198
-81.11642
-85.39268
-85.03044
-91.15940
-88.73569
-76.77110
-72.78217
-68.28279
-67.77378
-68.45836
-68.74343
-69.24928
-71.34704
-73.25749
-74.85790
-77.87336
-80.17563
-81.70947
-82.92659
-82.65591
-86.87923
-75.85394
-70.78875
-72.70440
-72.44453
-73.16188
-73.03703
-73.97942
-73.93291
-74.28420
-74.76470
-75.20898
-75.68232
-75.67551
-76.79212
-76.70462
-78.92629
-76.18943
-75.91591
-74.01499
-71.95727
-74.20791
-76.52630
-78.29074
-78.53090
-78.30605
-79.33966
-80.17684
-81.35862
-81.62935
-83.24829
-82.37252
-84.95493
-81.93278
-75.40012
-72.67270
-71.46632
-71.26827
-71.32054
-72.83583
-73.58701
-74.75858
-75.82210
-77.03594
-78.12711
-79.92227
-81.19661
-82.70968
-83.42628
-84.76948
-73.14003
-67.65838
-67.86016
-67.96833
-68.98438
-68.72831
-70.47821
-72.22443
-73.88717
-75.80894
-77.43451
-78.65500
-79.80125
-81.54413
-82.00840
-84.94727
-79.64215
-78.40845
-70.38656
-69.12144
-69.67268
-69.22973
-70.22521
-70.96863
-73.31479
-74.38750
-77.11852
-78.25529
-81.36444
-83.70174
-85.85498
-90.63256
-80.52937
-76.42376
-80.95120
-82.23524
-82.92427
-81.86931
-82.07298
-84.96392
-71.76034
-68.52374
-69.04742
-69.57553
-69.87082
-71.25740
-73.53363
-75.33447
-76.36131
-74.29630
-70.94076
-69.96276
-70.55823
-70.23745
-71.04068
-71.76192
-73.51381
-71.69352
-71.49402
-71.58854
-72.18669
-74.06597
-74.00189
-76.62091
-75.47870
-75.94709
-70.61549
-67.25986
-67.30062
-67.93186
-68.17583
-69.09246
-71.54569
-72.84640
-75.36078
-77.87991
-80.23153
-81.29252
-82.66159
-83.08836
-84.96208
-76.93897
-75.27790
-80.53098
-82.02779
-83.85382
-82.28018
-83.07843
-83.15278
-83.70112
-84.10055
-84.54580
-85.93745
-85.41588
-87.80302
-85.35483
-91.92844
-76.69968
-71.82851
-74.50228
-75.32369
-76.61341
-75.33033
-75.76770
-76.72668
-77.93150
-79.28431
-78.88370
-80.40490
-80.33545
-83.07207
-81.43670
-86.48085
-79.21685
-73.84076
-73.35441
-71.44845
-73.65732
-76.77608
-79.28355
-79.75666
-79.65039
-80.14277
-80.94993
-82.94781
-83.09060
-85.42054
-83.89768
-87.79221
-81.61817
-76.98318
-74.36789
-71.35761
-72.61490
-73.40791
-75.18994
-74.16336
-73.96716
-75.35517
-76.05923
-78.59195
-78.67290
-81.17132
-80.36339
-83.93196
-81.09747
-78.72177
-70.54713
-67.64777
-67.55420
-67.66196
-69.11144
-69.97399
-71.08810
-72.24299
-73.39836
-74.69941
-76.67644
-78.08025
-80.19993
-80.81687
-84.53320
-74.39096
-77.91732
-71.29351
-67.41424
-68.45169
-67.69866
-68.79367
-69.12523
-71.45703
-72.41369
-74.95691
-76.34792
-78.71501
-81.52132
-83.04498
-87.91248
-79.71955
-76.93429
-81.10014
-79.43349
-79.25632
-79.52639
-80.65403
-81.69565
-81.94411
-83.86065
-84.05015
-86.09883
-85.26615
-89.04674
-86.47661
-95.41737
-81.33735
-75.51526
-75.56651
-74.77536
-75.05677
-75.13657
-76.04719
-76.67334
-77.47046
-78.27172
-78.96031
-80.09979
-80.47812
-81.85279
-81.71970
-84.15283
-82.23660
-78.42375
-75.33043
-73.12626
-74.42262
-75.46373
-76.23880
-75.96502
-75.63758
-77.53300
-78.19399
-80.91383
-81.02131
-84.18538
-84.23086
-86.87039
-86.68070
-76.62832
-76.42213
-73.38823
-72.46405
-72.52768
-72.79477
-74.55985
-75.06440
-76.71873
-77.18508
-78.95926
-79.89920
-81.67925
-83.14101
-83.42989
-86.95254
-77.53363
-74.67400
-74.05509
-72.65587
-74.01174
-74.43088
-75.89093
-75.05902
-75.41153
-76.32081
-77.08051
-78.31843
-78.27272
-79.84846
-79.23884
-82.63050
-73.10110
-69.95266
-69.67024
-68.42059
-69.33502
-67.52224
-67.96457
-69.06778
-70.14760
-71.32417
-71.44755
-72.75448
-73.63275
-75.42965
-76.45789
-78.62688
-77.48691
-73.98327
-72.31754
-72.79521
-75.33974
-78.62588
-79.49667
-80.07033
-79.97004
-80.95615
-81.54986
-83.34225
-83.76934
-85.19165
-84.98701
-86.71772
-85.17235
-75.54447
-75.03401
-76.36363
-76.18393
-76.84330
-76.98086
-77.68839
-77.76841
-75.14502
-73.66437
-76.70118
-78.24608
-79.27232
-79.18014
-80.27724
-81.17124
-72.93492
-73.16488
-72.79605
-72.41708
-75.07028
-74.95803
-75.50172
-75.46754
-76.48529
-76.52448
-77.54502
-77.96559
-78.68802
-79.03349
-79.52439
-80.49650
-78.22305
-77.24244
-79.52770
-80.31357
-81.04924
-79.89486
-79.94399
-81.13951
-82.21554
-83.61532
-83.52404
-84.97794
-84.35434
-86.69519
-84.80302
-90.31546
-79.81995
-76.60697
-81.86317
-81.90709
-82.75771
-82.87626
-84.09075
-85.32345
-85.98215
-87.78861
-87.69211
-90.19704
-88.88840
-92.48231
-89.59757
-99.17759
-86.09297
-76.25756
-80.94785
-81.65137
-80.73673
-81.76154
-81.41440
-83.11752
-82.96392
-84.49025
-83.81989
-86.45096
-85.38193
-88.99081
-87.35232
-93.77684
-88.23519
-78.20691
-73.47208
-70.29386
-70.83410
-70.51635
-71.01520
-71.73378
-73.32006
-74.96185
-76.60645
-78.97190
-79.97480
-83.69100
-83.77316
-88.09926
-85.96894
-79.82544
-71.75956
-68.36218
-68.24761
-69.03494
-69.20132
-70.08353
-72.31884
-73.78626
-75.78758
-78.64876
-80.04550
-81.74670
-81.74613
-83.43132
-83.40013
-79.66888
-71.08943
-67.01417
-68.89509
-68.69332
-69.74999
-71.72994
-73.33107
-75.54864
-77.56347
-79.47851
-82.30497
-82.35694
-85.88179
-83.61958
-91.26253
-78.19686
-68.96607
-68.83978
-65.81902
-67.23758
-66.40854
-64.98841
-66.13071
-66.53576
-68.25803
-68.72948
-71.43598
-72.28268
-74.93676
-76.28597
-79.07905
-78.70904
-76.20793
-77.51633
-69.81687
-68.66782
-69.15568
-68.72530
-69.66841
-70.51555
-72.74270
-73.79290
-76.35981
-77.47166
-80.22551
-82.18945
-84.07902
-86.30276
-76.96042
-78.34379
-82.72264
-82.08223
-83.22602
-83.19294
-85.00548
-85.52441
-87.22549
-87.74239
-89.24661
-89.54659
-90.68961
-91.16633
-92.25592
-95.07168
-83.65829
-76.67443
-73.36587
-72.85879
-72.77551
-73.57672
-74.87259
-75.51895
-77.27213
-77.95420
-79.98227
-80.60969
-83.58298
-84.01865
-86.87630
-88.23551
-81.92144
-72.71793
-68.12086
-68.38496
-68.30107
-68.51652
-69.17372
-70.58193
-72.15510
-73.88976
-75.69693
-77.43686
-79.11339
-81.34994
-80.87730
-84.51060
-79.63529
-74.58158
-70.87643
-67.67480
-67.73220
-68.23349
-68.63469
-69.44007
-71.78984
-73.19090
-75.35879
-78.66173
-80.53704
-83.06923
-82.77993
-86.49070
-81.55237
-70.55877
-68.75788
-67.83726
-66.58029
-66.66910
-66.99421
-67.45201
-67.62457
-68.94799
-69.13559
-70.00608
-71.41205
-73.73800
-74.80724
-77.29618
-78.52909
-78.06729
-75.32395
-71.71047
-71.36306
-71.10428
-72.13309
-73.27762
-74.24209
-75.55581
-76.67246
-77.98512
-79.74299
-81.44976
-83.54025
-83.84316
-89.10983
-79.19551
-76.21075
-80.90377
-78.44376
-78.44577
-78.79988
-80.42808
-80.59811
-81.46129
-82.98091
-83.67795
-84.88036
-85.01716
-88.15679
-86.62540
-95.17360
-81.80990
-75.50330
-72.89546
-72.39309
-73.66006
-74.91863
-75.72023
-74.53641
-75.23120
-76.53425
-77.96879
-79.78277
-80.37510
-81.85437
-82.21604
-84.10163
-82.90040
-74.30192
-75.79119
-74.45419
-71.93866
-72.30481
-71.84171
-73.94964
-73.97280
-75.87838
-76.14791
-78.35511
-78.51389
-81.43647
-81.80417
-84.56655
-84.72026
-77.29459
-74.83475
-69.19261
-69.13319
-69.26412
-69.27698
-69.99697
-71.12976
-72.92419
-74.29466
-76.38626
-77.70870
-79.66642
-81.63856
-82.09229
-85.70333
-74.85049
-71.24879
-72.41540
-68.94140
-69.29604
-69.33752
-69.54809
-69.91082
-70.33049
-70.94434
-71.73065
-73.22346
-74.01381
-75.56586
-76.51129
-78.90124
-77.94376
-76.75751
-80.22377
-75.90365
-72.34486
-73.31219
-73.85999
-76.58176
-74.84315
-75.56217
-75.96829
-78.00492
-79.28255
-82.26637
-81.52860
-86.96000
-79.94710
-74.27941
-76.68642
-67.71638
-67.41651
-68.22187
-67.92478
-70.15428
-71.40453
-72.68089
-73.73768
-77.33937
-78.43150
-81.60556
-81.77730
-84.89204
-83.11971
-71.24272
-69.37480
-71.11779
-70.73078
-71.05428
-70.20053
-71.63245
-71.31662
-71.88522
-72.34097
-73.22393
-74.03907
-74.82468
-76.22789
-76.37690
-79.54943
-69.84243
-68.66605
-67.79606
-67.44839
-68.16848
-67.66100
-68.57818
-69.30899
-71.24527
-72.41127
-74.06228
-75.61165
-77.25019
-79.86230
-80.08834
-84.04336
-76.79200
-71.99770
-73.63405
-67.81692
-66.84640
-67.25908
-67.74296
-68.17225
-69.60411
-72.21966
-73.09120
-77.00723
-78.57975
-83.47584
-81.99905
-89.96668
-80.69624
-73.75370
-74.05673
-78.89276
-81.49956
-85.25028
-81.68483
-86.42921
-78.36476
-69.30493
-69.85203
-70.36996
-70.33389
-73.17204
-73.84512
-76.03909
-75.48380
-68.91311
-68.63098
-69.21856
-69.10926
-70.07696
-70.66286
-73.10495
-73.09484
-68.17773
-67.20538
-68.02503
-68.38960
-68.96376
-70.58600
-73.12783
-74.32864
-73.57946
-75.72413
-78.54722
-76.41916
-77.75288
-77.37490
-79.73817
-79.02055
-81.42745
-81.58669
-84.42247
-84.00807
-86.95611
-87.35977
-89.35042
-92.47669
-77.65426
-76.56372
-71.19411
-69.67920
-70.24501
-69.82514
-70.67848
-71.49808
-73.46580
-74.75631
-76.72627
-78.65937
-79.82650
-83.74025
-81.55750
-93.55878
-73.26670
-66.69688
-67.36882
-67.74416
-68.20982
-68.96551
-71.33241
-72.82272
-74.84420
-78.33195
-79.94272
-83.51573
-82.63412
-88.21291
-83.76827
-101.10345
-77.26742
-65.71103
-66.79877
-67.18307
-67.38151
-69.84304
-70.71914
-73.53934
-74.34069
-77.20767
-77.90291
-80.17239
-80.19821
-82.29629
-82.46200
-83.98281
-84.49111
-69.77538
-68.31038
-68.28380
-67.36187
-68.97899
-69.59837
-71.18113
-71.65379
-72.10458
-72.12876
-72.43283
-74.41573
-76.01230
-77.98427
-81.18763
-84.44267
-84.27138
-77.71228
-79.97331
-81.80298
-84.40867
-81.44417
-81.02618
-81.43346
-84.10795
-85.60572
-70.51900
-68.73460
-69.15868
-68.71146
-69.81234
-70.43908
-73.01966
-73.29116
-72.99659
-75.48487
-69.40536
-67.73477
-68.39348
-68.81105
-69.24759
-70.62815
-72.98960
-73.93285
-77.20106
-78.70826
-81.89758
-81.29959
-84.91559
-82.99357
-89.58592
-78.89713
-75.40678
-75.55760
-71.42313
-73.31591
-76.30576
-80.11693
-80.13579
-80.49957
-80.29052
-81.97107
-83.95129
-85.52753
-87.56354
-87.29559
-90.66188
-88.04571
-102.41253
-78.22330
-71.14862
-68.43636
-67.60151
-68.08352
-68.60119
-68.83503
-70.53740
-72.58097
-73.84278
-76.47164
-78.06763
-80.71842
-81.52114
-83.78262
-83.67630
-86.98121
-86.68135
-89.42180
-76.52652
-79.60588
-76.23801
-68.21577
-68.62088
-68.21805
-68.66616
-69.26185
-70.78599
-72.46450
-74.17672
-76.49534
-77.95443
-81.30637
-83.34121
-86.64874
-87.14898
-93.06650
-86.02963
-75.33529
-79.14733
-77.40546
-72.11276
-71.89298
-71.50636
-72.93533
-73.92474
-75.00649
-76.02479
-77.31239
-78.55545
-80.11924
-81.62379
-83.46462
-84.53851
-86.67585
-86.12795
-91.72355
-77.31447
-74.00610
-75.81516
-75.56291
-76.19740
-76.22143
-77.13511
-77.00657
-77.48888
-77.94118
-78.38525
-79.42044
-77.42218
-72.30139
-73.18852
-73.98063
-76.09478
-75.95158
-74.74009
-76.64747
-73.48221
-74.48186
-78.32286
-73.67144
-71.30351
-71.55360
-71.05700
-72.62661
-73.45754
-74.82024
-75.53960
-77.33236
-77.96814
-80.32390
-81.50245
-83.99165
-84.14081
-87.73808
-86.09876
-92.26951
-84.36990
-75.85251
-78.12457
-79.59667
-78.89180
-70.30060
-70.28857
-70.23681
-70.35727
-70.98242
-72.17643
-74.01368
-75.35135
-77.74940
-78.76820
-81.79228
-82.57972
-85.73331
-84.80832
-89.27192
-86.27864
-92.62625
-74.14983
-76.60119
-72.69335
-67.71216
-68.35516
-68.59695
-69.23246
-69.75187
-72.49080
-73.48368
-76.30900
-78.79359
-82.18603
-83.03204
-85.57952
-85.86207
-88.54025
-88.77129
-92.24788
-90.31626
-97.76834
-87.02157
-76.45046
-76.10377
-78.42168
-70.69598
-68.33031
-69.10652
-68.61069
-69.47257
-70.10138
-72.18021
-73.17328
-75.51152
-76.68724
-79.01371
-80.51237
-82.57950
-83.14493
-85.10656
-85.31460
-87.70042
-86.66044
-92.06319
-81.30588
-76.94066
-80.84610
-73.82756
-73.00785
-72.53885
-73.26538
-74.54198
-75.49855
-76.76558
-77.57717
-79.15252
-80.19039
-82.26150
-83.26176
-85.56951
-85.96437
-88.04306
-88.06000
-90.74976
-90.51642
-93.48386
-92.62420
-96.33702
-93.18695
-79.33041
-78.99714
-82.48184
-83.74073
-82.90210
-80.47124
-81.80813
-82.96883
-86.73515
-86.70249
-89.16460
-88.18368
-92.99515
-90.08914
-110.58667
-81.46515
-72.12732
-73.30411
-73.92172
-76.37985
-75.53858
-75.00035
-75.92901
-77.28355
-79.20877
-81.03811
-82.65775
-84.79631
-86.32436
-88.64404
-90.79035
-91.96407
-97.19361
-74.33747
-71.36430
-73.64740
-72.73234
-70.26602
-69.49515
-69.55931
-70.46540
-71.90527
-71.84182
-70.32480
-70.88213
-72.26451
-73.99542
-74.55664
-74.52684
-75.89753
-76.81799
-79.12714
-80.23116
-82.50159
-83.20636
-85.05289
-85.82735
-88.52729
-88.44502
-91.64856
-89.89925
-97.30067
-79.92416
-77.98057
-80.46743
-83.91444
-80.07694
-71.35141
-72.25412
-75.33511
-79.84701
-80.98086
-80.98417
-80.77994
-82.14581
-84.27515
-86.23947
-88.27213
-88.65425
-90.77778
-92.16266
-95.09000
-96.07125
-97.95485
-99.30881
-101.79255
-100.74530
-102.88433
-102.84030
-108.89447
-104.18542
-136.28003
-79.30123
-80.21431
-84.62490
-83.58076
-85.10207
-84.38555
-87.05754
-86.51544
-89.66453
-88.43122
-92.13196
-89.76152
-94.30675
-90.64885
-98.11168
-91.29734
-119.47322
-82.58537
-71.86472
-73.44672
-79.31383
-83.49591
-81.72119
-84.46432
-88.61324
-87.34801
-86.92385
-88.31017
-89.18528
-91.85214
-83.22952
-84.69064
-90.67959
-87.51304
-80.53009
-82.17301
-81.58262
-75.74355
-76.86694
-72.96014
-74.37712
-76.37073
-78.54528
-76.29492
-70.39151
-71.42714
-74.13669
-77.10611
-77.72180
-77.90012
-78.22880
-79.06105
-80.28519
-81.33853
-82.43670
-83.24051
-84.65220
-85.32533
-86.51055
-87.35175
-88.57835
-89.45592
-90.53009
-91.17686
-92.45757
-93.15567
-94.37533
-95.00505
-96.14808
-96.83475
-98.00835
-98.70329
-99.75668
-100.70121
-101.82186
-102.70082
-103.55114
-104.70730
-105.54895
-106.88452
-107.33157
-108.69208
-109.27075
-110.97534
-111.08476
-112.99536
-112.94905
-115.10768
-114.96301
-117.08010
-117.19482
-119.28506
-119.39863
-121.11164
-121.58392
-122.81868
-123.73194
-124.71400
-126.26318
-126.58506
-128.67200
-128.33356
-130.87748
-129.75888
-132.80519
-131.08187
-134.58545
-131.97848
-136.24430
-134.88629
-140.25055
-141.38991
-152.88596
-145.93459
-158.67041
-151.20229
-160.52945
-168.23366
-209.60543
-174.40203
-169.04830
-166.36536
-164.79633
-163.86872
-163.37524
-163.20766
-163.30371
-163.62585
-164.15156
-164.86854
-165.77243
-166.86610
-168.16001
-169.67422
-171.44231
-173.51971
-176.00120
-179.06319
-183.08759
-189.18285
-205.47227
-194.71047
