-90.75756
-72.69724
-79.67396
-71.96066
-86.19698
-85.36496
-72.54535
-83.83545
-70.84392
-84.48304
-84.02217
-72.32609
-84.54204
-92.38209
-118.56915
-77.26754
-72.76678
-85.87725
-73.49414
-77.61750
-78.48959
-73.90359
-75.31023
-75.19986
-73.39644
-75.47815
-86.71708
-73.36446
-78.80540
-73.50308
-75.24407
-72.48576
-76.08342
-75.53111
-70.74885
-73.97677
-72.62402
-71.88012
-73.54621
-74.89066
-72.50952
-72.44540
-70.88248
-82.69997
-88.51445
-101.40660
-100.87356
-129.59655
-139.80632
-119.57579
-114.05854
-111.19781
-109.47108
-108.40065
-107.78013
-107.50572
-107.52263
-107.80419
-108.34328
-109.14979
-110.25248
-111.70635
-113.61027
-116.15098
-119.73314
-125.53432
-142.85424
-129.98615
-124.24367
-122.02635
-121.71171
-123.57856
-131.62784
-126.74421
-115.70105
-109.02603
-103.44951
-97.88841
-91.18592
-71.53339
-66.31146
-68.96129
-68.96130
-69.56144
-68.59914
-68.60790
-68.87020
-69.32095
-70.03856
-70.34897
-71.27281
-71.26874
-72.51514
-71.72218
-74.64543
-67.94649
-62.90362
-66.67873
-70.14795
-71.10448
-71.02606
-70.17668
-71.66095
-70.95943
-72.48759
-71.80374
-74.13941
-73.00181
-75.71942
-73.51690
-77.92227
-69.43126
-60.07217
-61.48531
-63.07835
-64.25659
-63.68043
-63.28173
-64.52253
-65.27488
-67.06929
-66.92230
-67.84976
-68.16252
-70.10203
-70.75381
-72.33034
-72.90185
-68.28250
-67.46224
-70.80064
-72.42817
-71.10361
-69.05233
-70.19839
-71.99464
-74.85766
-75.63999
-76.71017
-77.73634
-79.62486
-81.44626
-82.36016
-85.69713
-69.04988
-66.63011
-70.20334
-71.50103
-70.66169
-70.38740
-71.18021
-72.09926
-73.33415
-73.30136
-73.96549
-74.57876
-74.47778
-75.68140
-74.43924
-78.85626
-67.56080
-63.26231
-64.84010
-64.82935
-65.36268
-65.38483
-66.17778
-66.25920
-66.59800
-67.06301
-67.55921
-67.96920
-68.05731
-68.69786
-68.77725
-70.19000
-68.62488
-66.17898
-67.53477
-68.56976
-68.90229
-69.02651
-68.46199
-69.05737
-69.13716
-70.16707
-70.34561
-71.39168
-71.41849
-72.48237
-72.19632
-73.84437
-71.49844
-63.96549
-65.45198
-70.18327
-71.05563
-72.06235
-70.51062
-71.97565
-71.43918
-72.61076
-72.20165
-73.84137
-73.82329
-75.01033
-75.07620
-75.56995
-75.60062
-62.03811
-61.10509
-63.66103
-64.34387
-64.93042
-63.63747
-65.01444
-65.43699
-67.39522
-67.52516
-68.06021
-68.83874
-69.79952
-71.30286
-70.66332
-75.30671
-64.26842
-60.55428
-60.20561
-59.82651
-61.24477
-61.97659
-63.09492
-63.45341
-64.05941
-64.52970
-65.67990
-66.81352
-67.24454
-68.29948
-68.43231
-70.65156
-66.67026
-63.20295
-66.87532
-69.93693
-71.14860
-71.23005
-70.82252
-71.51570
-71.74307
-72.36248
-72.59181
-74.02582
-74.13837
-75.24371
-75.08097
-76.12783
-75.70913
-77.46538
-76.79075
-78.49275
-77.35667
-79.99197
-78.18045
-82.35259
-75.11142
-65.07641
-65.30932
-66.15728
-66.19299
-66.63311
-66.94195
-67.72304
-66.96379
-64.46952
-65.03701
-66.47454
-66.56832
-67.15032
-66.55542
-67.11505
-67.19108
-68.08404
-68.42140
-69.34172
-69.70649
-70.34903
-70.77549
-71.11594
-72.24125
-64.44011
-63.57888
-68.71969
-69.89827
-71.29231
-70.07254
-70.83328
-71.03105
-71.33225
-71.98844
-72.18794
-73.88438
-73.16008
-75.66231
-73.12773
-79.42735
-63.53414
-59.74600
-62.36150
-63.08320
-64.29282
-62.84642
-63.74457
-64.36786
-65.89668
-66.72594
-66.86673
-67.72634
-68.52707
-70.26929
-70.51624
-73.00433
-70.54600
-66.55637
-67.95360
-71.21856
-71.55719
-69.35711
-68.52990
-70.35855
-72.32074
-75.09304
-74.92659
-77.00735
-77.10360
-80.94249
-79.63868
-87.12864
-75.97682
-65.99300
-66.96664
-70.33928
-70.31485
-69.49554
-69.75350
-70.66274
-71.70814
-72.62076
-72.35165
-73.72281
-73.31993
-74.51121
-73.82920
-75.34002
-74.15834
-64.35738
-63.54567
-64.79875
-64.63875
-65.20476
-65.31956
-66.11319
-65.95572
-66.64207
-66.93391
-67.53879
-67.72061
-68.04671
-68.65814
-68.94573
-70.95852
-64.07431
-62.29665
-67.32498
-69.07743
-70.66738
-69.51609
-69.98133
-70.44481
-70.77354
-71.30799
-71.65103
-73.35807
-72.67720
-75.04584
-72.87773
-78.11943
-66.35586
-61.41071
-61.02147
-60.33249
-61.62099
-62.45959
-63.51319
-64.03829
-64.54393
-65.01082
-66.05687
-67.29804
-67.57657
-68.88010
-68.69075
-71.07709
-67.48792
-61.95725
-64.62055
-68.23561
-69.57242
-70.08381
-69.10957
-70.18360
-70.02418
-70.98195
-70.71102
-72.39559
-72.20065
-73.70387
-72.91786
-75.12352
-71.73025
-63.23786
-63.21381
-64.24958
-62.51903
-64.49159
-61.87224
-59.28541
-59.87026
-60.13554
-60.61407
-60.86563
-61.33048
-61.53424
-61.90440
-62.42032
-62.91018
-62.38998
-62.70996
-63.45246
-63.75649
-64.29711
-64.36382
-64.84320
-65.21387
-65.78616
-66.18250
-66.77899
-67.07899
-67.65371
-68.04921
-68.48612
-68.89670
-69.49045
-69.89946
-70.42768
-71.39769
-71.90475
-73.07443
-73.08907
-75.72942
-68.83832
-65.86365
-68.74492
-70.62874
-70.32873
-69.78377
-70.73731
-71.87202
-70.17078
-63.00118
-61.50875
-63.66141
-66.18000
-67.23424
-66.95615
-67.81023
-67.68535
-68.76766
-69.38926
-70.45040
-70.59097
-71.70562
-71.50556
-73.39030
-70.02179
-62.82821
-60.76137
-60.93203
-60.60815
-61.58486
-62.59591
-63.65272
-64.67037
-65.69048
-66.80818
-68.25309
-69.82599
-70.94625
-72.31859
-72.79054
-72.77674
-59.99980
-57.24377
-57.84639
-58.07009
-58.90655
-58.69108
-60.93523
-62.18109
-64.02491
-65.46778
-66.48845
-67.80318
-68.77950
-70.99875
-70.59521
-74.59163
-67.99316
-68.76818
-63.93193
-58.75275
-59.63514
-58.93017
-59.63973
-60.25036
-62.06074
-63.56878
-65.38180
-67.72921
-69.08239
-73.13263
-73.62552
-80.20998
-69.57150
-66.69674
-68.71326
-72.27606
-69.99644
-71.30435
-69.85418
-74.21856
-67.87777
-58.42063
-57.89004
-58.44284
-58.94007
-59.52245
-61.44757
-63.95935
-63.47455
-63.20905
-60.09914
-58.69493
-59.39515
-59.06776
-59.86701
-60.55552
-62.34523
-60.34570
-59.93854
-60.09742
-60.50176
-62.35152
-62.45327
-64.72160
-63.85473
-65.34581
-59.79510
-57.09533
-57.44014
-58.05160
-58.47703
-59.37070
-61.78441
-62.91633
-65.33256
-67.54428
-69.64100
-70.45316
-71.45075
-72.09646
-72.70997
-64.47811
-64.45518
-69.69336
-70.69906
-72.29834
-70.49651
-71.86671
-71.42999
-72.45594
-72.24362
-73.45403
-74.06272
-74.41188
-75.65917
-74.52055
-78.40611
-63.38002
-60.72065
-63.49769
-64.17749
-65.12717
-63.66497
-64.71974
-65.37242
-66.96799
-67.69912
-67.74723
-68.92936
-69.33084
-71.58350
-70.20740
-75.77623
-66.09840
-60.79847
-60.30394
-59.71772
-61.00571
-61.89730
-62.95888
-63.41090
-63.95129
-64.40716
-65.39314
-66.70994
-67.03098
-68.20150
-68.29202
-70.36870
-67.78396
-63.22553
-65.86881
-69.74246
-70.92733
-71.28291
-70.42703
-71.57305
-71.46604
-72.47461
-72.25826
-74.00755
-73.86789
-75.35797
-74.90448
-76.16984
-75.50502
-77.41976
-76.73113
-78.24687
-77.45666
-79.25635
-78.87672
-80.28049
-78.96458
-66.08042
-65.03698
-66.18481
-66.23674
-66.44358
-67.05585
-67.28748
-67.80651
-64.33661
-65.38444
-62.66815
-60.13031
-62.39804
-64.45345
-66.30106
-65.89523
-66.47483
-67.05145
-68.10686
-68.71688
-69.72537
-70.17407
-70.62674
-71.87905
-66.46712
-60.25007
-59.92064
-59.80481
-60.02968
-61.40084
-62.23650
-63.39152
-64.33612
-65.51050
-66.71914
-68.30095
-69.58698
-71.28229
-71.38376
-74.41075
-66.20159
-59.03360
-56.74268
-56.68432
-57.27930
-57.69183
-57.93868
-59.74570
-61.53263
-63.07925
-64.89247
-66.49787
-67.52624
-69.32030
-69.53876
-72.55282
-70.58114
-68.18466
-62.56383
-58.58943
-59.53481
-58.96844
-59.54710
-60.31903
-61.93440
-63.75277
-65.24961
-67.85902
-68.92454
-73.08430
-73.57112
-78.75617
-75.62797
-67.08496
-65.85064
-70.41548
-69.85501
-70.06753
-69.21283
-70.81140
-70.92978
-59.66278
-57.61861
-58.36245
-58.76124
-59.26689
-60.66737
-63.17653
-64.45125
-63.77736
-61.82462
-58.67897
-58.35524
-58.67066
-58.58572
-59.55504
-60.39823
-62.28970
-60.24056
-60.68379
-60.37906
-61.61462
-62.61585
-63.69582
-64.98174
-64.17280
-62.78042
-58.36665
-58.25850
-58.16888
-58.28844
-59.04042
-60.25705
-62.09068
-63.36159
-65.83013
-66.86222
-69.82296
-71.19816
-73.86614
-75.39227
-73.60841
-66.69845
-58.91835
-57.37337
-58.01267
-58.55526
-58.86440
-60.49061
-62.75105
-64.02332
-67.18790
-69.30446
-71.86134
-72.73856
-74.49555
-76.27592
-74.10758
-66.05495
-58.48213
-57.65954
-59.13131
-58.57174
-60.62788
-61.87669
-63.81425
-65.63656
-67.04170
-68.87933
-69.32959
-71.01024
-70.51589
-72.94467
-70.85462
-70.17508
-59.49519
-56.34642
-58.23145
-57.63506
-59.01324
-61.02719
-62.61103
-65.30994
-66.58252
-70.02719
-70.89288
-74.48589
-74.82479
-79.49011
-78.89205
-68.51062
-61.96105
-57.79934
-57.42930
-57.99005
-58.40618
-58.81275
-61.01886
-62.73975
-64.46662
-67.11958
-69.50205
-70.40583
-71.86524
-71.10985
-75.58247
-64.87556
-59.34504
-60.99414
-60.88071
-61.47406
-61.46838
-62.32821
-62.33095
-62.64889
-63.15251
-63.61350
-64.02352
-64.13934
-65.06813
-65.30700
-66.88637
-65.92239
-65.53866
-62.84698
-60.93394
-62.84279
-65.26979
-66.69510
-67.10795
-66.79829
-67.90970
-68.63176
-69.82224
-70.06410
-71.56258
-70.87094
-73.09691
-70.76227
-64.03161
-61.42729
-60.56834
-60.31245
-60.43069
-61.88943
-62.67829
-63.80374
-64.87607
-66.05444
-67.13312
-68.91811
-70.06625
-71.65125
-72.04506
-73.84962
-61.86988
-56.92329
-57.39118
-57.45701
-58.50251
-58.20188
-59.91476
-61.55687
-63.21451
-64.91370
-66.25147
-67.39668
-68.49777
-70.24353
-70.69310
-73.47228
-69.60257
-67.23456
-59.61663
-58.55071
-58.96414
-58.61339
-59.52493
-60.36520
-62.63365
-63.78873
-66.40572
-67.59981
-70.65767
-72.89678
-75.39804
-78.74559
-72.42127
-66.13552
-68.80370
-71.21298
-71.02209
-70.46250
-70.34292
-73.22708
-61.27467
-58.19158
-58.62701
-59.24870
-59.51804
-60.94416
-63.15993
-64.95415
-65.97157
-63.03279
-60.00280
-59.23951
-59.76207
-59.48814
-60.28383
-60.97562
-62.64933
-60.78042
-60.60374
-60.60770
-61.30294
-62.98063
-63.16455
-65.32773
-65.03771
-66.02105
-59.92994
-56.92075
-56.86623
-57.55225
-57.79218
-58.71494
-61.12400
-62.36953
-64.82709
-67.10471
-69.32800
-70.12619
-71.50414
-71.60057
-73.73738
-65.67531
-63.72736
-68.90217
-70.51641
-72.21494
-70.77145
-71.42621
-71.64678
-72.06908
-72.58323
-72.90689
-74.43106
-73.78172
-76.27293
-73.76141
-80.30597
-65.51293
-60.45873
-63.03039
-63.91474
-65.13472
-63.93011
-64.32372
-65.34727
-66.46905
-67.87560
-67.40416
-68.96993
-68.87041
-71.60227
-70.03466
-74.80084
-68.28007
-62.36374
-62.20859
-60.44806
-62.44714
-65.65687
-67.86349
-68.45604
-68.30753
-68.82091
-69.62811
-71.41270
-71.85049
-73.55421
-72.92170
-75.05372
-72.17413
-67.38668
-63.06871
-60.44058
-61.51377
-62.39088
-64.06744
-63.07318
-62.94154
-64.21388
-65.04502
-67.29052
-67.62079
-69.64293
-69.30284
-72.02466
-70.29829
-70.18768
-59.79686
-56.71492
-56.68013
-56.70276
-58.25847
-59.01111
-60.24915
-61.24913
-62.56934
-63.69033
-65.84151
-67.04038
-69.32878
-69.81578
-73.42806
-65.53766
-67.44266
-60.39311
-56.85254
-57.70034
-57.10648
-58.09324
-58.53900
-60.75664
-61.79407
-64.21466
-65.64207
-67.95517
-70.59173
-72.45966
-75.92721
-71.59282
-67.39281
-69.23372
-68.20468
-67.39245
-68.01550
-68.85395
-70.06253
-70.20115
-72.08441
-72.43194
-74.14995
-73.88753
-76.65991
-75.62522
-80.41055
-73.00446
-65.48081
-64.10357
-63.93646
-63.89442
-64.15608
-64.81485
-65.44505
-66.12803
-66.89200
-67.57827
-68.55645
-69.08200
-70.12198
-70.39060
-72.08998
-71.49850
-68.07910
-64.08859
-62.09103
-63.41601
-64.30543
-65.03539
-64.76637
-64.67237
-66.37225
-67.29535
-69.64851
-70.19096
-72.73002
-73.57843
-75.13025
-76.87625
-67.82016
-65.16185
-62.39043
-61.59298
-61.54185
-61.90704
-63.55245
-64.19112
-65.68951
-66.30238
-67.88186
-68.98813
-70.47280
-72.07337
-72.00417
-75.74108
-66.54496
-63.14725
-62.73078
-61.50235
-62.72611
-63.15463
-64.47514
-63.79586
-64.10296
-65.00992
-65.68406
-66.86236
-66.78094
-68.29798
-67.72026
-71.00837
-61.96946
-58.66370
-58.41181
-57.21351
-58.15170
-56.48554
-56.90170
-58.00357
-59.04019
-60.21328
-60.34320
-61.67856
-62.50790
-64.29764
-65.25917
-67.36125
-66.46995
-62.80933
-61.23402
-61.69434
-64.13451
-67.42258
-68.08524
-68.77531
-68.59317
-69.60763
-70.16362
-71.88579
-72.40347
-73.60164
-73.71896
-74.86974
-74.37656
-64.37772
-63.43019
-64.70440
-64.61960
-65.14779
-65.46137
-65.96518
-66.27348
-64.07792
-62.52778
-65.16397
-66.91054
-67.50205
-67.86561
-68.43071
-70.01657
-63.64131
-62.06397
-61.60735
-61.27419
-63.48818
-63.54183
-63.78339
-63.98544
-64.72755
-65.03959
-65.79970
-66.41878
-66.95423
-67.44969
-67.84565
-68.73002
-67.57164
-66.27328
-67.63825
-68.88349
-69.24317
-68.30869
-68.15034
-69.48526
-70.50271
-71.91254
-71.90480
-73.14028
-72.89888
-74.58268
-73.69690
-76.90707
-70.69467
-66.65487
-69.73874
-70.66075
-70.88671
-71.28848
-72.27617
-73.57086
-74.32918
-75.82576
-76.22162
-77.93672
-77.69773
-79.66500
-78.97082
-83.44936
-77.80111
-67.13302
-69.27414
-70.12623
-69.05269
-69.97636
-69.79882
-71.21103
-71.44174
-72.44160
-72.36305
-74.22829
-74.05968
-76.50469
-76.29872
-80.41813
-78.13974
-70.52976
-62.91301
-59.58615
-60.17197
-59.74443
-60.39024
-60.96781
-62.69977
-64.11149
-65.97815
-67.96141
-69.30244
-72.28451
-72.94881
-76.12873
-75.18792
-71.20704
-61.24647
-57.91995
-57.87849
-58.58503
-58.85431
-59.63711
-61.90367
-63.20612
-65.23569
-67.70312
-68.92753
-70.36442
-70.36992
-71.99447
-71.60381
-70.67646
-60.96494
-56.67670
-58.70384
-58.38074
-59.51657
-61.39962
-63.08514
-65.17733
-67.21278
-68.87854
-71.57210
-71.42711
-74.51559
-72.44882
-78.71198
-67.65228
-58.48228
-58.31431
-55.49819
-56.82646
-56.02456
-54.63500
-55.73635
-56.14242
-57.81680
-58.31686
-60.89334
-61.78075
-64.19382
-65.54728
-67.65614
-67.89444
-65.75245
-65.96215
-59.08878
-58.02164
-58.44387
-58.06251
-58.96042
-59.88377
-62.03194
-63.15695
-65.55676
-66.78625
-69.27266
-71.32881
-72.84363
-75.21616
-67.90061
-67.46316
-70.78607
-70.76559
-71.26476
-71.69921
-72.98659
-74.04760
-75.16953
-76.27088
-77.18019
-78.07678
-78.64207
-79.61968
-80.36616
-82.97447
-74.45263
-65.83543
-62.30222
-62.02520
-61.78538
-62.68055
-63.83393
-64.61415
-66.27025
-67.07218
-69.01109
-69.67433
-72.67828
-72.92801
-76.33996
-76.26139
-74.42379
-62.47868
-57.34032
-57.80345
-57.57115
-57.90543
-58.46463
-59.93705
-61.40995
-63.15672
-64.84165
-66.53373
-68.01040
-69.91217
-69.58260
-72.58450
-68.76461
-63.10440
-59.92669
-57.33994
-57.29961
-57.88196
-58.24211
-59.10287
-61.37453
-62.78828
-64.84991
-68.08792
-69.77911
-72.11978
-71.81913
-75.00421
-70.65450
-59.20929
-57.61044
-57.10150
-55.97464
-56.03413
-56.32745
-56.82174
-56.99341
-58.25923
-58.45125
-59.28915
-60.69882
-62.95991
-64.04242
-66.34210
-67.57615
-67.96844
-64.36400
-60.72090
-60.50318
-60.14285
-61.23247
-62.27706
-63.34434
-64.58437
-65.79631
-67.03456
-68.81339
-70.55775
-72.44500
-73.25532
-76.88678
-71.23701
-66.67144
-69.15304
-67.24679
-66.55916
-67.31557
-68.54364
-69.02411
-69.66527
-71.28729
-71.96089
-73.05596
-73.54010
-75.94445
-75.67242
-80.46428
-73.54208
-65.45719
-61.62295
-61.48571
-62.51266
-63.88684
-64.49812
-63.47378
-64.08614
-65.39526
-66.72576
-68.38591
-68.98937
-70.27595
-70.80860
-72.31397
-71.81900
-62.99795
-64.12960
-63.40100
-61.02722
-61.36423
-60.93080
-63.00285
-63.06779
-64.89899
-65.23548
-67.32802
-67.61330
-70.32418
-70.92128
-73.26058
-74.02488
-66.16362
-63.39764
-58.47896
-58.42302
-58.54256
-58.58414
-59.29147
-60.42669
-62.13948
-63.52614
-65.47599
-66.80074
-68.46888
-70.35606
-70.68895
-74.07609
-64.72920
-60.48844
-61.38190
-58.26154
-58.55894
-58.66989
-58.83310
-59.25239
-59.57748
-60.14211
-60.87996
-62.38290
-63.15093
-64.67868
-65.68157
-67.85463
-67.87099
-66.06592
-68.40877
-64.91286
-61.31319
-62.28820
-62.78739
-65.49587
-63.85108
-64.52872
-65.04609
-66.90065
-68.46888
-70.93397
-71.02678
-74.59899
-71.47434
-64.38568
-64.89253
-57.04226
-56.61930
-57.47174
-57.09940
-59.37023
-60.55132
-61.83958
-62.85814
-66.31618
-67.33646
-70.15344
-70.38134
-73.07353
-71.81919
-59.73050
-57.83437
-59.50808
-59.16874
-59.45047
-58.66416
-60.03383
-59.78120
-60.29396
-60.80287
-61.63264
-62.49685
-63.23778
-64.67880
-64.79917
-68.01948
-58.59928
-57.19874
-56.83843
-56.62073
-57.32676
-56.78225
-57.71205
-58.42852
-60.35026
-61.48870
-63.02842
-64.52000
-66.10098
-68.61648
-68.82049
-72.62134
-65.72732
-61.04173
-62.64633
-57.38744
-56.46622
-56.84107
-57.33203
-57.78734
-59.21379
-61.83742
-62.69450
-66.60027
-68.14114
-73.01651
-71.57313
-79.38346
-70.59122
-62.89871
-62.93620
-67.85112
-70.40543
-74.20296
-70.56466
-75.10973
-67.43996
-58.60910
-59.13325
-59.62194
-59.59165
-62.45272
-63.14639
-65.28832
-64.83535
-58.16156
-57.86302
-58.47379
-58.42497
-59.33706
-59.92273
-62.24796
-62.35833
-57.74982
-56.83672
-57.59825
-58.07739
-58.57904
-60.32363
-62.65184
-64.22419
-64.70674
-65.07703
-67.15199
-65.04473
-65.93574
-65.92437
-67.80222
-67.56032
-69.40855
-70.17263
-72.30565
-72.66413
-74.79824
-76.08995
-77.18061
-81.21967
-68.83669
-65.49291
-60.36284
-59.08377
-59.48843
-59.19127
-59.93833
-60.84800
-62.67441
-64.03730
-65.83622
-67.80158
-68.77818
-72.36094
-70.38410
-80.46416
-62.84993
-56.26358
-56.91149
-57.37761
-57.84960
-58.61812
-60.94115
-62.40547
-64.36979
-67.72851
-69.26306
-72.66199
-71.90548
-76.89236
-72.99829
-86.39283
-66.95699
-55.48738
-56.49026
-56.89346
-57.09406
-59.49127
-60.37896
-63.03558
-63.75544
-66.26249
-66.88682
-68.80420
-68.94154
-70.68067
-71.10639
-72.26155
-73.34670
-59.64851
-57.89010
-57.92380
-57.09411
-58.63897
-59.30594
-60.94948
-61.30389
-61.76061
-61.76595
-62.11907
-64.03499
-65.68643
-67.49841
-70.86736
-73.49379
-74.82998
-67.45524
-68.12306
-70.40640
-72.53915
-69.88795
-69.16104
-69.80554
-72.20107
-74.13269
-59.86402
-58.13902
-58.47285
-58.14056
-59.13552
-59.93926
-62.23049
-63.22537
-63.27683
-64.14432
-59.01309
-57.30819
-57.98544
-58.37944
-58.84490
-60.18349
-62.48004
-63.39796
-66.49092
-67.78222
-70.61307
-70.07583
-73.33670
-71.71976
-77.53178
-68.02242
-63.80217
-64.58258
-60.48911
-62.11572
-65.24090
-68.71694
-68.98403
-69.11467
-69.15133
-70.56041
-72.82052
-73.99692
-76.40294
-75.68437
-79.45971
-76.40785
-91.11382
-67.04783
-59.82278
-57.82762
-57.14112
-57.60117
-58.09458
-58.34671
-60.00449
-62.00571
-63.21374
-65.62299
-66.95965
-69.60148
-70.30466
-72.64071
-72.30634
-75.98003
-74.92407
-80.06251
-66.44821
-67.64825
-65.12703
-57.58772
-57.96098
-57.53619
-58.01087
-58.61846
-60.17384
-61.82826
-63.55718
-65.79149
-67.36580
-70.50281
-72.91993
-75.52031
-77.24391
-80.30164
-78.97644
-65.80887
-67.13360
-66.36344
-61.14513
-60.98713
-60.56246
-62.02154
-63.00925
-64.08004
-65.09896
-66.36056
-67.61919
-69.12707
-70.63409
-72.41539
-73.48405
-75.62328
-74.95665
-80.87989
-66.38267
-62.45624
-64.15886
-63.96441
-64.54050
-64.64295
-65.47145
-65.43153
-65.81583
-66.37981
-66.71768
-67.83839
-65.99490
-61.29001
-62.12154
-63.00199
-65.00508
-64.94108
-63.77608
-65.49558
-64.15990
-64.31812
-66.78056
-62.66898
-60.23765
-60.65103
-60.04591
-61.70273
-62.45668
-63.89776
-64.53713
-66.33966
-67.02559
-69.27309
-70.59726
-72.77722
-73.45355
-76.09171
-75.83963
-79.20525
-76.41296
-66.21628
-66.32559
-68.25716
-67.36032
-59.65591
-59.58515
-59.53558
-59.67989
-60.29629
-61.50630
-63.27893
-64.63531
-66.89714
-67.95884
-70.71465
-71.46567
-74.23018
-73.52582
-77.52798
-74.87541
-81.19975
-63.05959
-64.64963
-62.01629
-57.31659
-57.97203
-58.20127
-58.88982
-59.38579
-62.11952
-63.05728
-65.84886
-68.26017
-71.55221
-72.36103
-74.70658
-74.94854
-77.32330
-77.66735
-80.48326
-79.21413
-84.78726
-76.77579
-65.19170
-64.49368
-66.62795
-59.83332
-57.66746
-58.38610
-57.93768
-58.78448
-59.42123
-61.47758
-62.43240
-64.69354
-65.81093
-68.01474
-69.32174
-71.20289
-71.78210
-73.52482
-73.96839
-75.83047
-75.60718
-78.81485
-72.73189
-66.68673
-68.78501
-63.01876
-61.99627
-61.67456
-62.28603
-63.67278
-64.54017
-65.87029
-66.61854
-68.21586
-69.21946
-71.22269
-72.25861
-74.37053
-74.96445
-76.69098
-77.10223
-79.11070
-79.62988
-81.45507
-82.02238
-83.46457
-84.21034
-69.54669
-67.41640
-70.72962
-72.14117
-71.09091
-68.80577
-69.96367
-71.33147
-74.79244
-75.10192
-77.17333
-76.62400
-80.86316
-78.64474
-94.95826
-70.46679
-61.17347
-62.33043
-62.97111
-65.38001
-64.61379
-64.01055
-65.01315
-66.27522
-68.32682
-69.98043
-71.82907
-73.64638
-75.60937
-77.34359
-80.34385
-80.32375
-88.85302
-64.59291
-60.42130
-62.56341
-61.76376
-59.33942
-58.57952
-58.60248
-59.53590
-60.92555
-60.89970
-59.33775
-59.90464
-61.26077
-62.98275
-63.54575
-63.52557
-64.89721
-65.79438
-68.10617
-69.15485
-71.44845
-72.07512
-73.98799
-74.63341
-77.39301
-77.18170
-80.40904
-78.67220
-85.74486
-70.64871
-66.68826
-68.74138
-72.09167
-69.04831
-60.48232
-60.99801
-64.24297
-68.47949
-69.89390
-69.64096
-69.65313
-70.83386
-73.16394
-74.86313
-77.19923
-77.29802
-79.76130
-80.74396
-84.11220
-84.61378
-87.08169
-87.74277
-91.10314
-89.15132
-92.25398
-91.13816
-98.92982
-92.32962
-109.16514
-70.80337
-69.15273
-72.79780
-72.17186
-73.21024
-72.77879
-75.09334
-74.94656
-77.61575
-76.89576
-79.97209
-78.31198
-81.94232
-79.32447
-85.12994
-80.31593
-99.35732
-72.74228
-60.97405
-62.21752
-68.21988
-72.33260
-70.55242
-73.42216
-77.60822
-76.44912
-75.80815
-77.43452
-77.90212
-81.12649
-73.71843
-73.64630
-78.35680
-77.29318
-70.33325
-70.29698
-70.52936
-64.41297
-65.21854
-61.58821
-62.64903
-64.91716
-66.68392
-65.23484
-59.40343
-60.23074
-62.90850
-65.72174
-66.32083
-66.53731
-66.85315
-67.65649
-68.83787
-69.87282
-70.92986
-71.76267
-73.12164
-73.81287
-74.96293
-75.79660
-77.01834
-77.86609
-78.95486
-79.58977
-80.89785
-81.56373
-82.80613
-83.39321
-84.58582
-85.21337
-86.45441
-87.07188
-88.19965
-89.07240
-90.24470
-91.06880
-91.97060
-93.08027
-93.96950
-95.27270
-95.73332
-97.11807
-97.72715
-99.37901
-99.48501
-101.44753
-101.34861
-103.58381
-103.35362
-105.57941
-105.60180
-107.87452
-107.84737
-109.75368
-110.14083
-111.55302
-112.36596
-113.64111
-115.15645
-115.78255
-118.00804
-117.86268
-120.75862
-119.96254
-124.07442
-122.09342
-127.90244
-124.12882
-130.35788
-127.03645
-135.17881
-131.37527
-142.75463
-135.30768
-147.15052
-140.10214
-151.13468
-155.56623
-173.28346
-165.73503
-158.96469
-155.88389
-154.13325
-153.10538
-152.55113
-152.34512
-152.41676
-152.72401
-153.24172
-153.95596
-154.86136
-155.96013
-157.26241
-158.78811
-160.57102
-162.66716
-165.17273
-168.26755
-172.34340
-178.55197
-195.96815
-183.59582
