-92.70008
-74.46537
-81.11263
-73.39786
-86.63854
-86.49925
-74.04785
-84.81062
-72.47954
-85.35719
-84.79204
-73.94267
-85.56838
-92.65336
-124.62581
-79.00874
-74.05410
-89.16952
-75.14824
-78.97570
-80.24956
-75.55058
-76.84562
-76.79629
-74.95024
-76.91354
-89.07929
-75.07085
-79.95896
-74.75262
-76.54125
-73.70929
-77.13800
-76.99095
-72.33782
-75.33427
-73.66051
-72.82169
-74.62273
-75.76856
-73.54864
-73.56386
-72.52890
-83.49306
-88.63780
-101.01477
-100.32863
-140.20556
-123.31634
-132.84245
-120.63746
-116.53035
-114.39044
-113.21908
-112.67295
-112.60606
-112.95952
-113.72819
-114.95640
-116.75759
-119.38241
-123.46312
-131.48234
-138.61550
-126.81052
-122.78416
-120.93760
-120.51609
-121.66457
-125.89923
-143.82668
-120.38016
-112.87652
-107.61490
-103.22361
-99.16764
-95.06861
-90.45091
-84.31133
-66.54549
-60.02767
-62.36662
-62.49291
-62.99396
-62.25430
-62.13034
-62.48346
-62.79389
-63.59686
-63.82183
-64.80992
-64.74913
-66.02574
-65.23518
-68.09027
-61.65726
-56.63151
-60.38158
-63.83756
-64.79498
-64.74167
-63.88791
-65.35322
-64.71972
-66.19249
-65.53974
-67.82054
-66.77087
-69.35021
-67.31864
-71.43900
-63.48836
-54.28161
-55.66438
-57.26713
-58.44340
-57.87519
-57.49261
-58.73413
-59.47279
-61.22673
-61.09752
-61.98330
-62.34607
-64.20332
-64.98648
-66.35037
-67.39285
-62.29207
-60.78860
-64.11475
-65.77613
-64.36952
-62.34261
-63.40975
-65.27701
-68.01360
-68.98398
-69.82604
-71.11731
-72.63204
-74.94066
-75.23406
-80.05133
-63.85209
-60.21949
-63.62364
-65.05911
-64.13947
-63.98153
-64.68357
-65.71378
-66.81963
-66.91956
-67.42568
-68.17567
-67.93526
-69.26744
-67.90646
-72.41116
-61.26346
-56.91735
-58.44955
-58.46479
-58.98406
-59.06059
-59.81600
-59.89538
-60.22943
-60.72566
-61.21174
-61.59935
-61.74491
-62.33683
-62.52511
-63.72598
-62.91117
-60.10340
-61.01443
-62.21056
-62.41366
-62.61776
-61.97605
-62.61271
-62.64159
-63.68562
-63.84852
-64.89318
-64.93747
-65.97030
-65.72866
-67.28130
-65.14131
-57.68817
-59.16500
-63.86553
-64.74439
-65.76165
-64.23137
-65.65656
-65.19783
-66.32692
-65.93910
-67.53663
-67.57451
-68.69994
-68.81159
-69.28571
-69.39379
-56.22837
-55.29767
-57.84194
-58.53216
-59.11817
-57.84344
-59.22898
-59.63791
-61.56375
-61.69304
-62.21211
-62.99835
-63.93898
-65.47590
-64.79530
-69.53934
-58.29665
-54.49247
-54.12233
-53.73344
-55.16200
-55.93109
-57.04307
-57.40105
-57.98242
-58.45318
-59.60229
-60.75213
-61.17167
-62.24139
-62.35850
-64.61905
-60.62034
-56.95101
-60.66201
-63.76486
-64.96831
-65.06269
-64.60251
-65.37397
-65.48008
-66.21802
-66.34621
-67.87189
-67.91646
-69.08614
-68.87623
-69.97243
-69.50566
-71.28602
-70.59996
-72.25757
-71.16583
-73.69217
-71.99964
-75.93311
-69.04139
-58.74797
-58.94885
-59.76093
-59.86570
-60.23265
-60.67238
-61.24875
-60.94577
-58.56980
-58.57543
-60.12121
-60.11085
-60.72846
-60.10143
-60.65359
-60.72570
-61.59871
-61.95609
-62.83290
-63.24628
-63.83981
-64.31796
-64.59544
-65.77701
-58.13949
-57.30048
-62.39628
-63.57450
-64.95006
-63.78354
-64.50408
-64.74490
-65.04060
-65.67860
-65.88233
-67.56405
-66.86797
-69.28455
-66.89370
-72.81812
-57.71004
-53.94588
-56.52903
-57.28187
-58.46858
-57.05911
-57.94903
-58.58547
-60.06115
-60.90586
-61.01152
-61.89439
-62.67348
-64.42674
-64.68328
-67.10805
-65.00573
-60.21450
-61.19081
-64.60430
-64.83443
-62.65343
-61.77850
-63.59514
-65.55819
-68.28621
-68.23597
-70.11161
-70.49754
-73.75691
-73.37039
-78.56641
-71.34792
-60.21661
-60.30967
-63.94775
-63.74990
-63.08793
-63.27005
-64.24714
-65.24920
-66.17915
-65.90122
-67.22876
-66.87363
-67.98981
-67.40049
-68.76225
-67.84265
-58.03830
-57.17880
-58.41992
-58.26871
-58.83939
-58.98878
-59.73577
-59.59880
-60.28018
-60.60521
-61.16130
-61.38755
-61.69889
-62.36112
-62.60113
-64.68898
-57.90100
-56.01560
-61.03751
-62.82552
-64.42759
-63.27094
-63.75985
-64.22352
-64.54433
-65.10317
-65.46171
-67.18219
-66.52668
-68.89692
-66.74514
-71.89732
-60.30904
-55.35662
-54.92939
-54.23910
-55.52575
-56.40806
-57.45407
-57.98351
-58.46683
-58.93373
-59.97622
-61.22867
-61.50200
-62.80908
-62.62369
-65.01201
-61.43424
-55.70186
-58.36615
-62.01182
-63.35964
-63.92663
-62.86457
-64.01653
-63.75804
-64.80036
-64.48607
-66.20575
-66.02166
-67.53591
-66.77694
-68.95176
-65.64850
-56.94210
-56.81491
-57.98427
-56.24505
-58.14811
-55.54976
-52.91753
-53.50571
-53.76841
-54.27307
-54.50904
-55.00388
-55.18179
-55.58356
-56.06713
-56.63737
-56.28268
-56.34558
-57.10685
-57.39894
-57.93158
-57.99721
-58.43737
-58.82850
-59.37213
-59.80527
-60.35699
-60.71561
-61.23622
-61.68269
-62.06221
-62.53542
-63.05555
-63.54134
-63.99668
-65.03860
-65.47753
-66.72393
-66.68919
-69.23381
-63.57391
-59.66584
-62.11281
-64.27869
-63.70819
-63.38920
-64.18193
-65.48177
-64.37898
-57.44089
-56.19777
-58.26994
-60.30456
-61.10780
-60.71651
-61.52895
-61.41908
-62.55746
-62.97654
-64.09793
-64.17961
-65.30201
-65.03042
-66.98961
-63.63129
-56.69924
-55.75755
-56.41364
-56.06745
-57.12281
-57.94851
-59.10389
-59.91198
-61.02913
-61.84324
-63.41985
-64.54223
-65.78803
-66.59852
-67.45430
-66.67621
-54.51483
-52.91564
-53.98174
-54.23079
-54.98125
-54.63945
-56.61593
-57.59488
-59.36019
-60.22002
-61.04282
-62.10024
-63.24292
-65.20872
-65.03623
-68.71634
-62.52149
-61.59393
-58.93262
-54.84612
-55.64608
-54.92136
-55.61028
-56.29764
-58.11497
-59.66990
-61.36515
-63.75636
-64.95972
-69.10529
-69.29074
-76.40357
-64.92252
-60.35568
-62.29032
-65.64877
-63.70956
-64.59273
-63.71729
-66.99679
-62.90097
-55.05917
-54.52546
-55.15117
-55.56684
-56.27317
-57.99715
-60.80765
-59.16051
-57.01255
-55.29257
-54.41029
-55.00614
-54.79803
-55.56280
-56.19572
-57.60969
-55.72948
-55.35796
-55.53537
-55.92665
-57.62161
-57.81278
-59.80371
-59.37095
-59.65974
-55.46214
-53.64716
-53.88453
-54.58544
-54.90580
-55.82847
-57.96999
-59.06740
-61.02445
-62.65291
-64.11695
-64.73366
-65.45507
-66.01896
-66.53659
-58.21659
-58.18698
-63.38843
-64.41942
-65.96011
-64.25964
-65.50713
-65.22035
-66.14515
-66.00970
-67.11639
-67.84056
-68.08926
-69.39565
-68.26536
-72.04280
-57.54985
-54.91987
-57.67126
-58.37387
-59.30665
-57.86893
-58.93329
-59.57782
-61.14104
-61.86581
-61.90121
-63.08723
-63.47834
-65.74807
-64.34835
-69.99106
-60.15553
-54.74495
-54.22202
-53.62617
-54.91611
-55.84672
-56.90718
-57.35831
-57.87914
-58.33051
-59.31472
-60.64611
-60.96148
-62.13876
-62.22820
-64.30981
-61.76608
-56.99477
-59.63257
-63.58383
-64.73617
-65.12926
-64.19269
-65.42416
-65.22368
-66.29598
-66.05522
-67.79916
-67.69998
-69.12971
-68.77035
-69.93608
-69.38239
-71.14738
-70.62718
-71.92524
-71.34328
-72.88794
-72.76250
-73.85090
-72.96379
-59.78443
-58.66589
-59.80565
-59.87497
-60.08794
-60.71910
-60.93126
-61.55830
-58.67899
-58.79680
-57.04423
-54.88526
-56.96936
-58.54419
-60.05935
-59.83824
-60.41256
-60.99434
-61.89326
-62.54993
-63.28322
-63.91865
-64.11875
-65.69704
-59.99403
-54.86004
-55.32555
-55.27378
-55.56157
-56.87166
-57.63084
-58.82243
-59.59976
-60.85786
-61.75507
-63.48742
-64.22711
-66.16052
-65.58973
-69.24965
-60.25051
-53.44839
-52.68260
-52.94742
-53.59151
-53.86824
-54.09353
-55.71645
-57.30495
-58.75535
-59.91373
-61.19039
-62.01799
-63.77893
-64.05029
-66.66802
-65.44845
-61.59234
-57.34219
-54.70216
-55.50917
-55.00172
-55.43371
-56.28553
-57.89431
-59.78628
-61.21263
-63.71710
-64.80858
-68.60300
-69.46951
-73.56202
-72.10010
-61.50333
-59.40435
-63.76689
-63.53479
-63.45086
-62.89229
-64.25018
-64.64581
-56.08948
-54.28804
-54.98042
-55.44649
-55.89754
-57.37629
-59.64012
-61.22080
-58.22794
-56.01835
-54.29839
-54.04480
-54.39586
-54.35953
-55.28975
-56.00489
-57.54041
-55.64351
-56.02490
-55.81944
-56.89881
-57.91168
-58.81116
-60.24662
-59.23731
-57.39269
-54.16583
-54.13780
-54.04194
-54.25687
-54.94355
-56.22311
-57.85839
-59.11010
-61.21294
-62.26999
-64.54981
-65.90723
-68.08772
-69.62839
-68.63303
-61.22796
-55.09869
-53.96046
-54.35978
-55.01182
-55.28093
-56.95314
-58.93098
-60.27413
-62.95784
-64.56392
-66.40661
-67.33144
-68.83299
-70.14744
-69.17924
-60.27834
-54.69395
-54.52782
-55.72416
-55.35088
-57.01021
-58.19245
-59.56825
-60.94126
-61.90546
-63.19263
-63.55829
-64.63841
-64.51058
-65.94658
-65.25196
-63.07244
-55.39655
-53.27673
-55.02488
-54.49795
-55.63748
-57.55334
-59.15228
-61.77696
-63.08373
-65.90077
-66.90689
-69.60954
-70.61676
-73.31963
-75.32332
-63.14056
-56.37038
-54.13433
-53.99002
-54.44070
-54.88320
-55.25906
-57.45988
-58.99541
-60.65493
-62.55621
-64.40873
-64.53800
-66.15028
-64.81287
-69.68023
-58.57465
-53.02794
-54.58545
-54.53687
-55.07788
-55.15029
-55.96272
-55.98165
-56.28708
-56.81558
-57.27631
-57.65435
-57.84339
-58.69391
-59.08410
-60.41009
-60.06155
-59.34116
-57.06330
-55.70891
-57.36418
-59.49839
-60.46803
-60.98988
-60.76742
-61.86710
-62.43763
-63.59136
-63.76623
-65.10077
-64.60225
-66.52317
-64.57719
-57.62940
-55.97459
-56.06109
-55.74982
-56.01564
-57.28291
-58.17240
-59.12493
-60.26348
-61.23421
-62.36512
-63.92431
-64.93127
-66.35096
-66.46465
-68.45984
-56.02357
-52.43855
-53.59200
-53.64831
-54.73492
-54.23801
-55.82601
-57.08355
-58.79717
-59.93268
-60.86979
-61.81658
-62.91276
-64.61605
-65.03313
-67.79206
-64.02587
-60.69147
-55.32584
-54.66797
-54.98473
-54.65366
-55.46392
-56.43002
-58.60484
-59.91812
-62.27282
-63.64860
-66.36113
-68.83693
-70.84385
-74.67538
-67.94731
-60.21870
-62.05663
-64.93208
-64.41355
-64.03904
-64.00493
-66.29270
-57.52223
-54.91343
-55.21675
-55.97355
-56.12784
-57.68754
-59.64599
-61.68871
-61.77867
-56.94453
-55.14179
-54.89591
-55.29610
-55.17781
-55.88404
-56.54638
-57.75749
-56.07833
-55.93791
-55.98940
-56.65164
-58.15737
-58.45641
-60.29416
-60.42253
-60.37837
-55.53234
-53.49386
-53.35353
-54.11652
-54.27543
-55.21372
-57.41397
-58.58665
-60.66985
-62.30950
-63.99919
-64.47525
-65.60788
-65.51885
-67.63878
-59.40004
-57.46604
-62.58627
-64.24682
-65.85654
-64.54429
-65.06969
-65.42106
-65.77168
-66.33888
-66.59277
-68.18404
-67.49790
-69.95823
-67.54374
-73.75921
-59.65458
-54.66364
-57.20235
-58.11157
-59.31173
-58.13329
-58.53239
-59.55930
-60.64979
-62.03839
-61.56783
-63.11317
-63.03794
-65.72595
-64.22638
-68.87871
-62.45541
-56.03051
-56.39778
-55.36050
-57.32327
-60.37513
-62.04859
-62.74339
-62.60213
-63.20350
-63.82029
-65.48210
-65.94662
-67.37997
-67.10692
-68.51907
-66.98990
-61.52847
-57.56532
-55.70588
-56.63336
-57.52510
-58.87469
-58.10078
-58.01015
-59.19925
-59.99917
-61.87061
-62.25834
-63.82537
-63.72074
-65.67924
-64.78075
-64.41159
-54.95115
-52.26492
-52.19064
-52.23101
-53.78740
-54.52525
-55.75730
-56.70375
-58.08154
-59.09590
-61.24218
-62.35042
-64.70991
-64.96116
-68.84303
-60.70218
-60.61794
-55.87745
-52.89160
-53.66385
-53.16172
-54.10531
-54.61427
-56.71507
-57.75562
-59.98907
-61.41674
-63.43643
-65.93306
-67.50604
-70.70208
-67.04731
-61.55972
-62.53446
-61.67002
-60.68336
-61.41878
-62.16367
-63.36654
-63.48486
-65.29991
-65.75169
-67.29952
-67.29968
-69.69100
-69.25203
-72.72589
-67.84187
-59.50869
-58.41190
-58.85686
-58.72256
-59.02832
-59.18215
-59.75176
-60.26583
-60.98519
-61.55965
-62.41023
-62.93571
-63.75393
-64.20239
-65.46718
-65.58151
-61.68083
-58.35754
-57.26256
-58.57349
-59.11571
-59.33777
-59.59654
-59.79969
-61.43368
-62.46901
-64.61099
-65.33704
-67.45091
-68.85240
-69.76965
-72.60116
-62.55349
-58.92539
-57.57822
-57.04757
-56.94270
-57.31539
-58.87368
-59.58301
-60.99219
-61.60515
-63.02830
-64.10611
-65.14063
-66.57344
-66.07889
-69.92348
-60.40222
-56.75333
-57.02681
-56.11761
-57.15547
-57.46338
-58.56019
-58.17821
-58.43478
-59.29353
-59.81633
-60.84452
-60.70551
-62.10291
-61.58347
-64.68495
-56.61364
-53.07846
-52.88620
-51.80785
-52.83516
-51.55125
-52.00448
-53.06932
-54.02326
-55.13555
-55.33003
-56.70183
-57.43623
-59.17243
-59.92605
-61.99599
-60.96606
-56.69626
-55.69801
-56.60885
-58.88065
-61.96759
-62.24892
-63.12368
-62.87371
-63.95302
-64.30409
-66.03494
-66.44530
-67.64965
-67.75455
-68.76367
-68.40423
-58.08643
-57.06789
-58.33003
-58.27287
-58.78861
-59.12796
-59.63067
-59.88534
-58.27878
-57.09694
-59.32135
-60.80716
-61.22859
-61.75808
-62.07871
-63.89219
-58.10591
-55.72159
-55.82859
-55.65050
-57.33884
-57.25339
-57.39400
-57.65588
-58.23834
-58.72713
-59.34312
-60.00474
-60.46583
-61.02460
-61.34041
-62.23990
-61.37463
-59.83548
-60.93651
-62.40591
-62.61973
-61.66248
-61.43724
-62.83443
-63.90637
-65.32392
-65.37550
-66.49951
-66.46678
-67.83974
-67.46082
-69.60802
-65.89772
-60.91378
-62.64789
-64.11913
-63.93201
-64.55024
-65.34154
-66.77692
-67.46388
-68.96241
-69.42733
-70.96628
-71.01421
-72.49618
-72.54866
-75.48006
-72.88126
-61.47978
-62.44991
-63.42535
-62.23363
-63.18689
-63.04282
-64.37761
-64.73753
-65.49266
-65.67590
-67.14068
-67.48484
-69.22243
-70.02033
-72.48645
-72.90333
-65.06261
-57.83188
-55.52817
-55.87339
-55.52018
-56.18508
-56.79278
-58.44104
-59.71077
-61.57971
-63.16521
-64.45820
-66.43474
-67.51885
-69.33548
-70.07198
-65.00740
-56.54600
-54.41662
-54.36453
-55.07191
-55.30976
-55.99646
-58.07654
-59.16540
-60.84512
-62.37547
-63.30688
-64.18446
-64.51624
-65.39026
-65.77952
-64.46172
-56.51839
-53.43690
-55.50324
-55.15707
-56.23328
-57.96204
-59.61974
-61.50334
-63.28578
-64.32458
-66.47194
-66.00134
-68.36735
-66.60184
-71.28599
-62.80279
-54.24682
-54.21461
-51.91201
-53.08760
-52.41958
-51.20659
-52.26055
-52.58564
-54.14904
-54.62689
-56.90542
-57.64147
-59.59500
-60.47018
-61.77971
-62.24730
-59.76329
-59.38345
-54.77828
-54.04852
-54.35752
-53.97280
-54.84147
-55.83690
-57.91825
-59.06667
-61.20986
-62.43840
-64.43828
-66.37179
-67.29022
-69.80880
-63.21124
-61.07107
-63.91306
-64.09094
-64.33301
-64.91537
-66.05109
-67.28017
-68.20731
-69.52294
-70.18227
-71.39385
-71.57248
-73.01833
-73.18135
-76.60339
-68.27332
-59.94229
-57.54495
-57.54235
-57.25157
-58.02875
-58.96886
-59.94034
-61.53879
-62.58431
-64.24265
-65.16987
-67.74870
-68.49365
-71.26699
-72.00147
-69.60691
-57.29821
-53.21241
-53.83081
-53.54586
-53.92576
-54.37225
-55.82812
-57.11893
-58.78463
-60.13971
-61.54364
-62.40663
-63.89367
-63.58246
-65.99480
-62.92763
-56.54213
-54.95009
-53.93255
-53.82483
-54.53403
-54.75114
-55.72956
-57.76266
-59.24915
-60.92662
-63.87703
-64.89335
-66.98124
-66.43809
-69.09531
-65.07186
-53.32281
-52.36637
-52.70531
-51.87885
-51.97046
-52.10415
-52.68948
-52.92042
-54.17185
-54.33133
-55.15156
-56.48275
-58.62831
-59.65620
-61.48936
-62.71460
-62.47593
-58.66298
-56.05399
-56.01528
-55.64580
-56.60724
-57.54532
-58.71675
-59.96797
-61.30120
-62.40848
-64.28214
-65.84370
-67.89987
-68.57184
-72.30667
-67.03537
-60.92539
-62.40354
-60.74812
-59.88585
-60.74505
-61.73842
-62.42224
-62.91720
-64.54350
-65.19444
-66.32818
-66.87694
-69.06062
-69.24136
-72.88277
-68.38601
-59.60559
-56.40515
-56.66645
-57.50825
-58.77197
-59.05234
-58.42553
-58.89004
-60.14037
-61.07795
-62.48658
-62.96734
-64.12448
-64.59355
-65.99033
-65.52632
-56.77391
-57.76329
-58.33462
-56.50541
-56.85910
-56.41673
-58.43967
-58.50942
-60.25859
-60.58943
-62.56511
-62.93597
-65.35857
-66.11384
-67.92853
-69.05844
-59.91981
-57.32909
-54.21391
-54.23730
-54.40110
-54.44849
-55.17269
-56.18064
-57.73946
-59.01903
-60.65152
-61.73614
-62.90493
-64.51756
-64.76809
-67.75349
-59.83601
-55.78871
-56.70651
-54.12646
-54.45890
-54.62645
-54.80564
-55.16117
-55.43980
-55.85833
-56.55388
-58.04590
-58.77716
-60.31066
-61.24593
-63.48077
-63.21364
-60.05638
-61.79747
-59.71382
-56.59022
-57.41640
-57.86633
-60.47650
-59.06101
-59.83419
-60.37448
-62.20389
-63.79234
-66.21318
-66.46894
-69.72352
-67.41232
-58.64656
-58.46840
-52.70321
-52.37143
-53.22490
-52.80110
-55.00577
-56.02544
-57.32569
-58.21841
-61.18847
-61.83415
-64.11260
-64.28201
-66.49721
-65.69006
-53.56230
-51.69107
-53.27099
-52.98329
-53.22721
-52.52546
-53.83173
-53.64204
-54.10628
-54.65683
-55.44800
-56.33137
-57.07076
-58.48454
-58.68114
-61.72222
-52.80898
-51.31583
-51.92726
-52.03316
-52.75946
-52.07625
-53.04528
-53.73216
-55.59903
-56.65428
-57.94667
-59.32210
-60.82071
-63.10040
-63.34385
-66.78184
-60.74437
-56.42226
-57.99794
-53.81405
-53.11689
-53.41810
-53.87274
-54.38274
-55.78798
-58.44840
-59.27828
-63.20202
-64.58719
-69.58663
-67.90052
-76.47034
-66.35320
-57.90980
-58.05241
-62.84465
-65.58381
-69.07533
-65.67815
-69.68650
-62.91263
-54.53161
-55.04428
-55.54199
-55.49708
-58.41483
-59.07915
-61.27092
-60.66938
-53.67492
-53.50325
-54.30449
-54.34419
-55.17131
-55.59418
-57.76340
-57.91148
-54.21850
-53.45162
-54.19697
-54.74706
-55.23873
-57.06367
-59.19999
-61.10922
-60.35702
-59.11880
-60.68642
-58.61477
-59.16659
-59.43282
-60.96932
-61.04352
-62.47855
-63.65830
-65.31633
-66.19318
-67.80052
-69.66252
-70.19533
-74.62806
-63.46361
-59.18139
-55.95297
-55.05190
-55.37503
-55.14049
-55.76864
-56.67303
-58.28034
-59.61125
-61.10484
-62.80739
-63.43737
-66.24538
-64.81499
-71.93412
-58.61750
-52.39091
-53.32118
-53.97899
-54.47796
-55.22724
-57.40516
-58.81648
-60.56444
-63.44758
-64.61132
-67.67002
-67.02335
-71.06028
-68.01842
-77.05074
-62.92734
-52.17458
-53.13395
-53.54179
-53.74841
-55.89559
-56.70396
-58.78678
-59.01343
-60.81992
-61.34965
-62.83444
-63.06554
-64.42462
-65.03188
-65.98002
-67.20558
-56.00331
-54.30639
-54.50898
-53.82859
-55.24324
-55.96372
-57.49828
-57.79375
-58.33260
-58.37009
-58.77163
-60.64443
-62.24140
-63.95539
-66.97521
-69.21665
-70.54295
-61.45300
-61.32942
-63.95095
-65.70785
-63.28045
-62.29216
-63.13270
-65.32412
-67.58283
-55.85531
-54.32805
-54.57579
-54.35071
-55.26806
-56.20282
-58.32992
-59.66124
-58.42141
-58.25409
-55.18324
-53.78600
-54.42788
-54.73896
-55.23065
-56.41578
-58.48619
-59.23934
-61.77196
-62.42085
-64.63644
-64.24698
-67.00515
-65.71110
-70.84221
-61.94447
-57.40246
-58.81152
-55.43657
-57.06790
-60.08843
-63.03543
-63.47657
-63.51941
-63.81617
-64.91331
-67.38069
-68.07698
-70.78783
-69.59942
-73.73296
-70.18803
-85.09079
-61.20771
-54.10408
-53.67742
-53.43232
-53.90529
-54.22417
-54.51855
-56.05871
-57.85233
-58.96126
-60.63119
-61.83578
-64.06731
-65.08575
-66.92691
-67.00023
-70.14795
-69.50067
-74.42079
-60.62233
-60.43363
-59.65311
-53.61281
-53.97986
-53.49752
-54.01370
-54.66671
-56.27094
-57.91494
-59.62115
-61.81822
-63.42440
-66.48546
-68.99942
-71.38918
-73.47407
-75.74609
-76.16228
-60.26087
-60.30937
-60.76373
-56.53094
-56.43090
-56.01767
-57.47622
-58.46169
-59.52524
-60.47080
-61.74271
-62.92273
-64.38868
-65.69039
-67.45481
-68.30576
-70.53346
-69.46681
-75.93281
-60.21227
-56.09768
-57.78924
-57.59204
-58.19824
-58.29725
-59.13839
-59.07151
-59.48127
-60.01969
-60.40673
-61.40334
-60.17666
-56.49919
-57.30617
-58.25795
-60.10605
-60.22122
-59.03313
-60.86880
-59.55896
-58.60871
-60.29201
-57.10790
-55.35009
-55.91004
-55.34844
-56.92044
-57.69236
-59.19323
-59.69225
-61.47420
-62.28917
-64.40393
-65.60887
-67.87815
-68.66565
-70.76835
-71.17475
-73.78676
-72.43619
-60.52339
-59.81323
-61.81307
-61.10653
-55.46018
-55.45551
-55.42051
-55.59210
-56.19989
-57.37705
-59.01679
-60.32843
-62.28643
-63.22452
-65.27843
-65.90561
-68.02109
-67.74550
-70.74669
-69.10424
-73.59484
-57.09889
-57.83141
-57.63679
-53.90819
-54.62291
-54.75976
-55.51709
-55.94904
-58.66392
-59.43926
-62.15897
-64.18499
-67.17774
-67.64190
-69.66765
-69.52438
-71.77395
-71.82422
-74.41126
-73.16745
-78.10181
-70.95211
-58.81091
-58.25000
-59.88824
-55.16948
-53.63045
-54.25281
-53.92576
-54.68439
-55.35318
-57.25149
-58.14468
-60.07642
-61.00492
-62.72627
-63.71379
-65.28621
-65.85181
-67.37723
-67.89575
-69.52628
-69.51759
-72.10269
-67.68125
-60.71524
-62.13790
-58.36768
-57.42177
-57.15917
-57.72704
-59.14998
-59.98059
-61.31024
-61.98259
-63.56692
-64.42635
-66.29137
-67.14817
-69.05096
-69.60106
-71.14667
-71.58491
-73.20245
-73.93854
-75.25771
-76.39556
-76.75210
-79.32730
-63.55640
-60.73886
-63.98020
-65.46975
-64.29931
-62.08867
-63.13892
-64.62401
-67.83444
-68.41780
-70.13300
-70.04526
-73.56464
-72.37575
-83.62557
-65.53972
-56.55989
-57.73751
-58.38999
-60.78841
-60.05620
-59.43808
-60.45811
-61.69843
-63.78614
-65.39267
-67.31537
-69.01718
-71.15239
-72.64518
-76.04534
-75.42996
-86.02912
-59.99011
-55.48634
-57.61764
-56.88927
-54.75145
-53.98241
-54.01648
-54.90984
-56.25136
-56.24090
-54.64865
-55.24526
-56.54220
-58.21874
-58.77472
-58.81760
-60.14651
-61.03280
-63.23983
-64.25252
-66.41474
-67.01507
-68.85961
-69.37838
-71.99742
-71.63602
-74.89146
-72.91717
-80.35110
-65.04402
-60.05088
-62.11329
-65.26877
-62.74412
-55.27107
-55.82985
-58.97740
-63.00863
-64.47534
-64.26926
-64.39467
-65.56596
-67.90490
-69.51963
-71.94908
-71.99865
-74.65189
-75.40309
-79.03901
-79.17220
-82.16971
-82.11986
-86.52372
-83.48894
-88.04022
-85.14796
-96.92603
-85.72443
-93.30071
-66.47181
-62.61862
-65.86174
-65.46197
-66.15095
-65.99490
-68.03080
-68.20891
-70.49156
-70.20717
-72.76829
-71.70373
-74.61176
-72.79542
-77.45400
-74.03466
-86.75461
-67.38014
-55.80484
-57.09393
-63.11065
-67.27281
-65.33270
-68.45158
-72.57502
-71.64404
-70.71163
-72.67429
-72.53739
-76.67979
-68.77582
-67.16715
-71.31335
-71.16625
-64.05930
-63.53683
-63.99563
-58.10781
-58.76277
-55.33402
-56.26345
-58.61583
-60.19170
-59.16615
-54.13886
-55.06209
-57.44505
-59.90835
-60.40744
-60.75737
-61.06432
-61.83269
-62.87918
-63.88177
-64.83068
-65.75795
-66.96480
-67.70056
-68.76101
-69.61282
-70.77132
-71.62395
-72.67661
-73.35771
-74.65377
-75.31548
-76.53856
-77.09976
-78.33258
-78.89879
-80.22416
-80.73503
-81.96871
-82.71574
-84.00431
-84.68897
-85.73974
-86.68538
-87.74256
-88.86609
-89.50232
-90.73205
-91.52394
-92.99211
-93.23179
-95.09239
-95.07111
-97.26296
-97.03324
-99.29815
-99.23321
-101.67066
-101.44093
-103.61035
-103.68754
-105.47461
-105.87771
-107.66774
-108.63899
-109.90522
-111.54878
-112.06580
-114.37092
-114.37789
-118.05999
-116.67747
-122.54456
-118.94375
-125.34466
-121.84439
-131.00042
-125.60343
-137.46583
-129.15557
-143.07718
-133.52429
-151.19051
-145.41560
-151.90622
-159.81043
-170.81049
-157.25634
-153.00237
-150.75680
-149.45608
-148.72945
-148.40493
-148.39012
-148.63126
-149.09621
-149.76642
-150.63319
-151.69592
-152.96204
-154.44834
-156.18435
-158.21930
-160.63692
-163.58998
-167.39663
-172.90704
-184.46258
