-94.10891
-76.09052
-82.29516
-74.48361
-87.40706
-87.54112
-75.40982
-85.83205
-73.96907
-86.44232
-85.67078
-75.42854
-86.58275
-93.43037
-119.07072
-80.28560
-75.22714
-91.38600
-76.51178
-80.08231
-81.74301
-77.03199
-78.11731
-78.14726
-76.32264
-78.15004
-91.06911
-76.36549
-80.90111
-76.13448
-77.98308
-75.05517
-78.43191
-78.30116
-73.87019
-76.73518
-74.95348
-74.00232
-75.84202
-77.02483
-74.84801
-74.89881
-73.94606
-84.58087
-89.79034
-101.90832
-100.94294
-131.59666
-122.19141
-141.85833
-127.53220
-121.96066
-119.59116
-118.58991
-118.48419
-119.15252
-120.67723
-123.43428
-128.75895
-154.99215
-129.18349
-122.98473
-119.62093
-117.52794
-116.26616
-115.70279
-115.87676
-117.04664
-120.06897
-129.90453
-123.40618
-113.63398
-107.90357
-103.46089
-99.57467
-95.87347
-92.04114
-87.62920
-81.63477
-64.33298
-57.51404
-59.77505
-59.91242
-60.37476
-59.70661
-59.56003
-59.92359
-60.19385
-61.00834
-61.21798
-62.21010
-62.15486
-63.40817
-62.66119
-65.41595
-59.23971
-54.28615
-58.02869
-61.44233
-62.41270
-62.36984
-61.53201
-62.96381
-62.39035
-63.81260
-63.19394
-65.41212
-64.44787
-66.90346
-65.01694
-68.88311
-61.41725
-52.41034
-53.78212
-55.39256
-56.54573
-56.00079
-55.62275
-56.86524
-57.58587
-59.33132
-59.20152
-60.08351
-60.45767
-62.29111
-63.10509
-64.41305
-65.55936
-59.70097
-57.98343
-61.28919
-62.95174
-61.52342
-59.47956
-60.51305
-62.37478
-65.10512
-66.10319
-66.91341
-68.21983
-69.67703
-72.03984
-72.31766
-77.29064
-61.49901
-57.61207
-60.96616
-62.39778
-61.48110
-61.38596
-62.09911
-63.15323
-64.22541
-64.34683
-64.83743
-65.60226
-65.32941
-66.66082
-65.31064
-69.75377
-58.83158
-54.49217
-56.00710
-56.02837
-56.53735
-56.63751
-57.37834
-57.44998
-57.77837
-58.29962
-58.77034
-59.15926
-59.31817
-59.91683
-60.12053
-61.29649
-60.59832
-57.63469
-58.45414
-59.67823
-59.85775
-60.09401
-59.42960
-60.06151
-60.07871
-61.11426
-61.28253
-62.30683
-62.37348
-63.37248
-63.17399
-64.65550
-62.66260
-55.33732
-56.81960
-61.47396
-62.35529
-63.37508
-61.87926
-63.26304
-62.85687
-63.96112
-63.59048
-65.15138
-65.22733
-66.31291
-66.44257
-66.91855
-67.05326
-54.33774
-53.42126
-55.96123
-56.64479
-57.22890
-55.97568
-57.35914
-57.76137
-59.66417
-59.80104
-60.30758
-61.10884
-62.02721
-63.59258
-62.87082
-67.71330
-56.24933
-52.38138
-52.00088
-51.61340
-53.05043
-53.83577
-54.94288
-55.30154
-55.87104
-56.34180
-57.48744
-58.64507
-59.06004
-60.14241
-60.23799
-62.55040
-58.42404
-54.62549
-58.38935
-61.50136
-62.73972
-62.80932
-62.34017
-63.13690
-63.17879
-63.97747
-64.04771
-65.62829
-65.63530
-66.83777
-66.60065
-67.73260
-67.22731
-69.03465
-68.32136
-69.98185
-68.87998
-71.39453
-69.70486
-73.61071
-66.76356
-56.34341
-56.51864
-57.32440
-57.43899
-57.79066
-58.25470
-58.79007
-58.57517
-56.15798
-56.03850
-57.61622
-57.57768
-58.20078
-57.57116
-58.10210
-58.17701
-59.03241
-59.40292
-60.25777
-60.69041
-61.26118
-61.75915
-62.01873
-63.20369
-55.76475
-54.95911
-60.00534
-61.16226
-62.53310
-61.40733
-62.11164
-62.36001
-62.67913
-63.28497
-63.51166
-65.13746
-64.51105
-66.80096
-64.58880
-70.08636
-55.77189
-52.07556
-54.64017
-55.40197
-56.56502
-55.19011
-56.07306
-56.71651
-58.15584
-59.02060
-59.09979
-60.01512
-60.75583
-62.55398
-62.74601
-65.29270
-62.83933
-57.47808
-58.37454
-61.77369
-62.01031
-59.78948
-58.90967
-60.68110
-62.66308
-65.36670
-65.36412
-67.16559
-67.62288
-70.71934
-70.58752
-75.30567
-69.05569
-57.73857
-57.64758
-61.31279
-61.06037
-60.47105
-60.67148
-61.68194
-62.67162
-63.59573
-63.32314
-64.64548
-64.29562
-65.37245
-64.81455
-66.12903
-65.30323
-55.61181
-54.74869
-55.98078
-55.82708
-56.39767
-56.56305
-57.28869
-57.15243
-57.83729
-58.17980
-58.71304
-58.95537
-59.26846
-59.95575
-60.18138
-62.29031
-55.57636
-53.67296
-58.68733
-60.48438
-62.10158
-60.94456
-61.44541
-61.90481
-62.22509
-62.79166
-63.15957
-64.88098
-64.25992
-66.61623
-64.51690
-69.55266
-58.17849
-53.24968
-52.80331
-52.12043
-53.40182
-54.30769
-55.34836
-55.88128
-56.35029
-56.82024
-57.85706
-59.11818
-59.38392
-60.70032
-60.50398
-62.92283
-59.26149
-53.37818
-56.05802
-59.70595
-61.09402
-61.67420
-60.55840
-61.75027
-61.43257
-62.52891
-62.17737
-63.92996
-63.73998
-65.27145
-64.52198
-66.70603
-63.39884
-54.55160
-54.37137
-55.60768
-53.88143
-55.74360
-53.13272
-50.48067
-51.06983
-51.33306
-51.84604
-52.07656
-52.58111
-52.75459
-53.16303
-53.64621
-54.22586
-53.87353
-53.89088
-54.66687
-54.94758
-55.49019
-55.54086
-55.97339
-56.35364
-56.90377
-57.33585
-57.88590
-58.25017
-58.77356
-59.21304
-59.59836
-60.07396
-60.58419
-61.07709
-61.52838
-62.57790
-62.99738
-64.27664
-64.19929
-66.78687
-61.25864
-57.11770
-59.43996
-61.70580
-61.02949
-60.84053
-61.52018
-63.01227
-61.79753
-55.43412
-54.65554
-56.51951
-58.16480
-58.75748
-58.33604
-59.07214
-59.01764
-60.15170
-60.46188
-61.60840
-61.65545
-62.76781
-62.47175
-64.44245
-61.14215
-54.43997
-54.36339
-55.53209
-55.20498
-56.28977
-56.90710
-58.12777
-58.72880
-59.87148
-60.41518
-62.05774
-62.85857
-64.16341
-64.64113
-65.67942
-64.50498
-52.78677
-51.80129
-53.21854
-53.56773
-54.17952
-53.72151
-55.47191
-56.25773
-58.03066
-58.59132
-59.34576
-60.25843
-61.49667
-63.30350
-63.28999
-66.76463
-60.30504
-58.44549
-57.37138
-54.39103
-55.12200
-54.31159
-54.98344
-55.73727
-57.60499
-59.17541
-60.76788
-63.15726
-64.21223
-68.38544
-68.24709
-75.74911
-62.99934
-57.71184
-59.75022
-62.84379
-61.20830
-61.80176
-61.35188
-63.97892
-61.30044
-54.93785
-54.46262
-55.13480
-55.47025
-56.28145
-57.77393
-60.89003
-58.05413
-54.59673
-53.88615
-53.41635
-53.93897
-53.83686
-54.56687
-55.11098
-56.10224
-54.60966
-54.33617
-54.56474
-54.90430
-56.46490
-56.67384
-58.50747
-58.18031
-57.41087
-54.41442
-53.37784
-53.56089
-54.30007
-54.49593
-55.38815
-57.15702
-58.16482
-59.63677
-60.87660
-61.96448
-62.50124
-63.07593
-63.62221
-64.05575
-55.85513
-55.85768
-61.00465
-62.04684
-63.55027
-61.92782
-63.09662
-62.89471
-63.76837
-63.67117
-64.72067
-65.49413
-65.71181
-67.00571
-65.93739
-69.52764
-55.63634
-53.04917
-55.78650
-56.49462
-57.40822
-56.00029
-57.06167
-57.70411
-59.24431
-59.97321
-59.99838
-61.19789
-61.56908
-63.86304
-62.42553
-68.16266
-58.12813
-52.63848
-52.09977
-51.50619
-52.80197
-53.74938
-54.80812
-55.25953
-55.76915
-56.21880
-57.19862
-58.53729
-58.84950
-60.03703
-60.11297
-62.22351
-59.61292
-54.67802
-57.34630
-61.33174
-62.49887
-62.88963
-61.91665
-63.18822
-62.93142
-64.03945
-63.77898
-65.52352
-65.45102
-66.84269
-66.53423
-67.65379
-67.14988
-68.84427
-68.39828
-69.60016
-69.10070
-70.54941
-70.50398
-71.50195
-70.72145
-57.38926
-56.22884
-57.38226
-57.42792
-57.67596
-58.26115
-58.53230
-59.09796
-56.41381
-56.13452
-55.17549
-53.39420
-55.27521
-56.40437
-57.65810
-57.56487
-58.13358
-58.72526
-59.50618
-60.18102
-60.74629
-61.48474
-61.54810
-63.29032
-57.49415
-53.12891
-54.34228
-54.41221
-54.76129
-55.95391
-56.63585
-57.82257
-58.45239
-59.70318
-60.32893
-62.12047
-62.48154
-64.55666
-63.56910
-67.56021
-58.22973
-51.71185
-51.88100
-52.39106
-53.12364
-53.17728
-53.40488
-54.81066
-56.23007
-57.64758
-58.35164
-59.51462
-60.24421
-62.03653
-62.29708
-64.78244
-63.71798
-58.61780
-55.58354
-54.23300
-54.95849
-54.45315
-54.67085
-55.60198
-57.20971
-59.21637
-60.52307
-62.94428
-63.91090
-67.43264
-68.38149
-71.84476
-70.99696
-59.04678
-56.83715
-61.01831
-60.97074
-60.72253
-60.36888
-61.61987
-62.14858
-55.74257
-54.23454
-54.90290
-55.38703
-55.79458
-57.29425
-59.31803
-61.13487
-56.20259
-53.88730
-53.27800
-53.04839
-53.45442
-53.46607
-54.36187
-54.85790
-56.04049
-54.53744
-54.93203
-54.82771
-55.72844
-56.74088
-57.43030
-59.11685
-57.16295
-55.12014
-53.36886
-53.29748
-53.29044
-53.56233
-54.21525
-55.49853
-56.88663
-58.00715
-59.65347
-60.70745
-62.33606
-63.84192
-65.52967
-67.45596
-66.03236
-58.71953
-54.46245
-53.69457
-53.83481
-54.53458
-54.81713
-56.46166
-58.06565
-59.42354
-61.44423
-62.60924
-63.97153
-65.07530
-66.29180
-67.60827
-66.86761
-57.83365
-53.95750
-54.41563
-55.32996
-55.14391
-56.24805
-57.17070
-58.04435
-59.16272
-59.89476
-60.87937
-61.21448
-62.00924
-62.12759
-63.09658
-63.10639
-59.82496
-54.29351
-53.28103
-54.90142
-54.43335
-55.16216
-56.87716
-58.47616
-61.02867
-62.27617
-64.40986
-65.51469
-67.59403
-69.13366
-70.63367
-74.35929
-60.52891
-54.22068
-53.62212
-53.76515
-54.08280
-54.48479
-54.86918
-56.96051
-58.32987
-59.67216
-60.88198
-62.39732
-62.17826
-63.85618
-62.28693
-67.29121
-56.13001
-50.61921
-52.13200
-52.11343
-52.62071
-52.73252
-53.51915
-53.54664
-53.83766
-54.39071
-54.84250
-55.21363
-55.42810
-56.26315
-56.70872
-57.95153
-57.76025
-56.78113
-55.07931
-54.20328
-55.65517
-57.48515
-58.09584
-58.67143
-58.51545
-59.58547
-60.05926
-61.18104
-61.33319
-62.53942
-62.18575
-63.88235
-62.21452
-55.18074
-54.22909
-55.16938
-54.86449
-55.24238
-56.30345
-57.26478
-58.04768
-59.19941
-59.95651
-61.09110
-62.45250
-63.35676
-64.64339
-64.58920
-66.64015
-54.12185
-51.30145
-52.90733
-53.07079
-54.11092
-53.40815
-54.84717
-55.83926
-57.59210
-58.41596
-59.19249
-60.04005
-61.13604
-62.82310
-63.18403
-66.03337
-61.77718
-57.87485
-54.45239
-54.25626
-54.49425
-54.08917
-54.79792
-55.88112
-57.97715
-59.45730
-61.52419
-63.05803
-65.38603
-68.00223
-69.47590
-73.97386
-65.91371
-57.75592
-59.35298
-62.35003
-61.73359
-61.40298
-61.51550
-63.41216
-56.98520
-54.90828
-55.09368
-55.96919
-55.99629
-57.66630
-59.33173
-61.61881
-60.79611
-54.65672
-53.66464
-53.79884
-54.12596
-54.11953
-54.77571
-55.35340
-56.12483
-54.88057
-54.80204
-54.92683
-55.51171
-56.86583
-57.22803
-58.83078
-59.12123
-58.12434
-54.40589
-53.26123
-53.07513
-53.88884
-53.94554
-54.84992
-56.74994
-57.78294
-59.40720
-60.55455
-61.90336
-62.23042
-63.26893
-63.13041
-65.17270
-57.02127
-55.13844
-60.20826
-61.87754
-63.43580
-62.21463
-62.66692
-63.08148
-63.40648
-63.99201
-64.21600
-65.81545
-65.14794
-67.53049
-65.24799
-71.07825
-57.70614
-52.79674
-55.31348
-56.23602
-57.41135
-56.26297
-56.66161
-57.68571
-58.75686
-60.13907
-59.67507
-61.21166
-61.14997
-63.80600
-62.34120
-66.96478
-60.43102
-53.62686
-54.43942
-54.07965
-56.02092
-58.83439
-60.03805
-60.81757
-60.66179
-61.33559
-61.80027
-63.42359
-63.84343
-65.17597
-65.03533
-66.19038
-65.04712
-58.97862
-55.77455
-54.64220
-55.43124
-56.27902
-57.21355
-56.70569
-56.66451
-57.76149
-58.48817
-60.03285
-60.42963
-61.68478
-61.70634
-63.19650
-62.79187
-61.50999
-53.66780
-51.50615
-51.33587
-51.41295
-52.93117
-53.68060
-54.82838
-55.78680
-57.16990
-58.09913
-60.10459
-61.22186
-63.55121
-63.53652
-67.79328
-58.47135
-57.38418
-54.77219
-52.29817
-53.06678
-52.62026
-53.54985
-54.08388
-56.04269
-57.02465
-59.02315
-60.37703
-61.95251
-64.22557
-65.44633
-68.60750
-64.77571
-58.91653
-59.75081
-58.88416
-57.86524
-58.59739
-59.34176
-60.52066
-60.66538
-62.42871
-62.91692
-64.38322
-64.47969
-66.73703
-66.48661
-69.59429
-65.45972
-57.01558
-56.37524
-57.12752
-56.99204
-57.26156
-57.08008
-57.63508
-58.02084
-58.75564
-59.25294
-60.04318
-60.53050
-61.26351
-61.77081
-62.85121
-63.23582
-58.76537
-56.22356
-56.09614
-57.34350
-57.39467
-57.15413
-57.99523
-58.48239
-60.06861
-61.18403
-63.20534
-63.88392
-65.73328
-67.54866
-68.10582
-71.36434
-60.21318
-56.44460
-56.35666
-56.11459
-55.95116
-56.29277
-57.76381
-58.50907
-59.84839
-60.39003
-61.66347
-62.58558
-63.21696
-64.51865
-63.81664
-67.66052
-58.04952
-54.30204
-54.99804
-54.33402
-55.21337
-55.43683
-56.41902
-56.20653
-56.44897
-57.26660
-57.68035
-58.62456
-58.45691
-59.77221
-59.29988
-62.26216
-55.02767
-51.28530
-51.10592
-50.12443
-51.21311
-50.30382
-50.80359
-51.83342
-52.68812
-53.73919
-54.01217
-55.41905
-56.06948
-57.73091
-58.31081
-60.35954
-59.18697
-54.43881
-53.95074
-55.31199
-57.41350
-60.27525
-60.23545
-61.26598
-60.97293
-62.10315
-62.27620
-64.01387
-64.33403
-65.55793
-65.63820
-66.57287
-66.23950
-55.70476
-54.64141
-55.90153
-55.84400
-56.36622
-56.69287
-57.22651
-57.39941
-56.27463
-55.43726
-57.29529
-58.52930
-58.87969
-59.49103
-59.68842
-61.56525
-55.81104
-53.16704
-53.77139
-53.67215
-55.01736
-54.79851
-54.90554
-55.18025
-55.67914
-56.26077
-56.79736
-57.46127
-57.89809
-58.47588
-58.75129
-59.68326
-58.77486
-57.06753
-58.16854
-59.74241
-59.91422
-58.86817
-58.62023
-60.04500
-61.19619
-62.64520
-62.71164
-63.83250
-63.83469
-65.19389
-64.86670
-66.91506
-63.49911
-58.05740
-59.59382
-61.17183
-60.86907
-61.53776
-62.27862
-63.78766
-64.42088
-65.97500
-66.39547
-67.97795
-67.98745
-69.47319
-69.55311
-72.36998
-70.15189
-58.67889
-59.49127
-60.47790
-59.23753
-60.22910
-60.08228
-61.42296
-61.80159
-62.47745
-62.72896
-64.05762
-64.59170
-66.05622
-67.28977
-69.04827
-70.69472
-62.05408
-56.07564
-54.80873
-54.82433
-54.58256
-55.24026
-55.93579
-57.36986
-58.49036
-60.20219
-61.39215
-62.55340
-63.96293
-65.29592
-66.38771
-68.06568
-62.07054
-55.07971
-54.08854
-54.04434
-54.75550
-54.89382
-55.44970
-57.17277
-58.00388
-59.25432
-60.21174
-61.16022
-61.68411
-62.27570
-62.66160
-63.62687
-61.60480
-55.08047
-53.25349
-55.34138
-55.00134
-55.94184
-57.44337
-58.96870
-60.60133
-62.01994
-62.59084
-64.43467
-63.83967
-65.86000
-64.25395
-68.28995
-61.07066
-52.90662
-53.02258
-51.34297
-52.39615
-51.91264
-50.95772
-51.95446
-52.16436
-53.59240
-54.00480
-55.94233
-56.49856
-57.96188
-58.58880
-59.56286
-60.05735
-57.20266
-56.57688
-53.85552
-53.49322
-53.68177
-53.21361
-54.08850
-55.12472
-57.15861
-58.28701
-60.12677
-61.27962
-62.89403
-64.68719
-65.23255
-67.88649
-60.78459
-58.09752
-60.92675
-61.07817
-61.27609
-61.85353
-63.02030
-64.25026
-65.17421
-66.50062
-67.12780
-68.42830
-68.46253
-70.11380
-69.97599
-73.95205
-65.23354
-57.56075
-56.36735
-56.66619
-56.35624
-56.84032
-57.52422
-58.70951
-60.34346
-61.63314
-63.00466
-64.16512
-66.29234
-67.58669
-69.61143
-71.50083
-67.26362
-55.46243
-52.53176
-53.28121
-52.98382
-53.37444
-53.69463
-55.05978
-56.12920
-57.58761
-58.52131
-59.69656
-60.25656
-61.54400
-61.25446
-63.34845
-60.70524
-54.02602
-53.42176
-53.73505
-53.62406
-54.43428
-54.49061
-55.56519
-57.31491
-58.82851
-60.03713
-62.65282
-63.21357
-65.14041
-64.52911
-66.87928
-63.16327
-51.40083
-50.82022
-51.67940
-51.14290
-51.26709
-51.22821
-51.91477
-52.22118
-53.49933
-53.63485
-54.44757
-55.71628
-57.69676
-58.69900
-60.11131
-61.46960
-60.16448
-56.40302
-54.99452
-55.15646
-54.79208
-55.48653
-56.30724
-57.58378
-58.92520
-60.38499
-61.35444
-63.30158
-64.63372
-66.93439
-67.31982
-71.63540
-65.25956
-58.38297
-59.49502
-57.94664
-57.10935
-57.96148
-58.83883
-59.63516
-60.08674
-61.68370
-62.32168
-63.48213
-64.01455
-66.13587
-66.46812
-69.80250
-65.98096
-57.19061
-54.89432
-55.46152
-56.13108
-57.15870
-57.11909
-56.89546
-57.19860
-58.34057
-59.01667
-60.25338
-60.66721
-61.76405
-62.17677
-63.51498
-63.05888
-54.46357
-55.36323
-56.96226
-55.64617
-56.02910
-55.54560
-57.50638
-57.55808
-59.22544
-59.51389
-61.36267
-61.79218
-63.90472
-64.77291
-66.17218
-67.52985
-57.53981
-55.08237
-53.33717
-53.44122
-53.66604
-53.70812
-54.45010
-55.25563
-56.58747
-57.71757
-59.03541
-59.96605
-60.88327
-62.34479
-62.58506
-65.30272
-58.34119
-54.54705
-55.63163
-53.49063
-53.81819
-54.04688
-54.26274
-54.57265
-54.83058
-55.17960
-55.84462
-57.35259
-58.02777
-59.60128
-60.41139
-62.84330
-61.80115
-57.49414
-58.96149
-58.10934
-55.56844
-56.18307
-56.56562
-58.92602
-57.87060
-58.84784
-59.38296
-61.22489
-62.73779
-65.29145
-65.47769
-68.93717
-66.17811
-56.29754
-55.96760
-51.87536
-51.67204
-52.50802
-52.03338
-54.10327
-54.89679
-56.19473
-56.90470
-59.31147
-59.79911
-61.74665
-61.92196
-63.86261
-63.31048
-51.32650
-49.48113
-51.01016
-50.76002
-50.97849
-50.32588
-51.59604
-51.44127
-51.88133
-52.45129
-53.22359
-54.11285
-54.85810
-56.24858
-56.50095
-59.40744
-50.89892
-49.40265
-50.57028
-50.88034
-51.61374
-50.82435
-51.81043
-52.45776
-54.30829
-55.31725
-56.43925
-57.75187
-59.24097
-61.37649
-61.67809
-64.83001
-59.52823
-55.57542
-57.11368
-53.60961
-53.09369
-53.33766
-53.75145
-54.30869
-55.69168
-58.38789
-59.20376
-63.14907
-64.40545
-69.48788
-67.61012
-76.84131
-65.60067
-56.74038
-56.96730
-61.66692
-64.53573
-67.79137
-64.59520
-68.30204
-62.07814
-54.06599
-54.56834
-55.08497
-55.02041
-57.97855
-58.58695
-60.87979
-60.03759
-52.60865
-52.57531
-53.61867
-53.73859
-54.48084
-54.66697
-56.67430
-56.81334
-53.97457
-53.36792
-54.11974
-54.70947
-55.19477
-57.06743
-59.04837
-61.24810
-58.52934
-56.55015
-57.91468
-55.90068
-56.31076
-56.67999
-58.09039
-58.29203
-59.55578
-60.89398
-62.36075
-63.42314
-64.83884
-66.90024
-67.27433
-71.72073
-61.11082
-56.64207
-54.95042
-54.39320
-54.69633
-54.46414
-54.97351
-55.80936
-57.11796
-58.32288
-59.44930
-60.97369
-61.43512
-63.82591
-62.73697
-68.44130
-57.44366
-51.51405
-52.91326
-53.84390
-54.36128
-55.06105
-57.02370
-58.38726
-59.77564
-62.18615
-63.03775
-65.90609
-65.33167
-68.84855
-66.32242
-73.54831
-61.96800
-51.88521
-52.77857
-53.21865
-53.40612
-55.17924
-55.79584
-57.25275
-57.28155
-58.71969
-59.28398
-60.52259
-60.85733
-62.02824
-62.73424
-63.57585
-64.88191
-55.38722
-53.86271
-54.29730
-53.72115
-54.99006
-55.70878
-57.05481
-57.38123
-58.07690
-58.13745
-58.64185
-60.44441
-61.95734
-63.56630
-66.01067
-68.05809
-68.83110
-58.82096
-58.43209
-61.20640
-62.77424
-60.44967
-59.34131
-60.26778
-62.37249
-64.76281
-55.30670
-54.03398
-54.21753
-54.07797
-54.93465
-55.94812
-57.98307
-59.44496
-56.61447
-55.96627
-54.49161
-53.44389
-54.05934
-54.18932
-54.74366
-55.63994
-57.34592
-57.89824
-59.85733
-60.39488
-62.20130
-62.00981
-64.40930
-63.39955
-68.04529
-59.66188
-54.98002
-56.82495
-54.17346
-55.83977
-58.66485
-61.13625
-61.71184
-61.70798
-62.17363
-63.07166
-65.62779
-66.02071
-68.86311
-67.44287
-71.70372
-67.95737
-82.52174
-59.26402
-52.27783
-52.79509
-52.91998
-53.44309
-53.49727
-53.87141
-55.21912
-56.76631
-57.87199
-59.06601
-60.33340
-62.23454
-63.56848
-65.00465
-65.46398
-68.13037
-67.96192
-72.18832
-58.13192
-57.28256
-57.66960
-53.09735
-53.44058
-52.85133
-53.42200
-54.14401
-55.80399
-57.42951
-59.09788
-61.27577
-62.88247
-65.93090
-68.40085
-70.79804
-72.84270
-75.15861
-75.20563
-57.91494
-57.51985
-58.79057
-55.55641
-55.47690
-55.09884
-56.52657
-57.50890
-58.56130
-59.39857
-60.68856
-61.74941
-63.14967
-64.12608
-65.82690
-66.44549
-68.72148
-67.39686
-74.16493
-57.87986
-53.67512
-55.35786
-55.14832
-55.77597
-55.85790
-56.71719
-56.62129
-57.06305
-57.56901
-58.00401
-58.90263
-58.13706
-55.38844
-56.21122
-57.21522
-58.88281
-59.19281
-57.97742
-60.04880
-57.96434
-56.17373
-57.57397
-55.02506
-53.96222
-54.63111
-54.12248
-55.54357
-56.45244
-57.95794
-58.21047
-60.00176
-61.07738
-62.87903
-63.88840
-66.50340
-67.16311
-68.80409
-69.75633
-72.21850
-70.79805
-58.16151
-57.24812
-59.23765
-58.68393
-54.66551
-54.71142
-54.70741
-54.90023
-55.49380
-56.60614
-58.06210
-59.24466
-60.78913
-61.56964
-63.19500
-63.83606
-65.54246
-65.55854
-67.96102
-66.94670
-70.42260
-54.93858
-55.21763
-56.57181
-53.75807
-54.56742
-54.57060
-55.38870
-55.73844
-58.38933
-58.97978
-61.54885
-63.08720
-65.72545
-65.97790
-67.83783
-67.54499
-69.77178
-69.68769
-72.18030
-70.93899
-75.58298
-68.80720
-56.34867
-55.90383
-57.23498
-53.97338
-53.00614
-53.55632
-53.34813
-53.99541
-54.68581
-56.37585
-57.14794
-58.61804
-59.39475
-60.80865
-61.68845
-63.07766
-63.65212
-65.07576
-65.61123
-67.18193
-67.16600
-69.71219
-65.43066
-58.21457
-59.50046
-57.28750
-56.50899
-56.24702
-56.80283
-58.20543
-59.03808
-60.31884
-60.91277
-62.44784
-63.10008
-64.76288
-65.38747
-67.12345
-67.61836
-69.09992
-69.48622
-70.95479
-71.73265
-72.89285
-74.15508
-74.15152
-77.21708
-60.82175
-57.89493
-61.11283
-62.62470
-61.37209
-59.21430
-60.20231
-61.74608
-64.80811
-65.54736
-67.04590
-67.25691
-70.30421
-69.83898
-78.45352
-64.30108
-55.71917
-56.91078
-57.56664
-59.98053
-59.24774
-58.63658
-59.65366
-60.89259
-62.98521
-64.58189
-66.53464
-68.17966
-70.41450
-71.74422
-75.45710
-74.34343
-87.18816
-58.69574
-54.12243
-56.31204
-55.60217
-53.77341
-53.01030
-53.05620
-53.88934
-55.16719
-55.18094
-53.64477
-54.27222
-55.49492
-57.11335
-57.66052
-57.78920
-59.06454
-59.94351
-61.97783
-62.96508
-64.95070
-65.52282
-67.24037
-67.69256
-70.08394
-69.66562
-72.86119
-70.77991
-78.50948
-62.44162
-57.14960
-59.36981
-62.31587
-60.18175
-53.77664
-54.42275
-57.36076
-61.11830
-62.64049
-62.63441
-62.85098
-64.09398
-66.34488
-68.00447
-70.33998
-70.51561
-73.17005
-73.95709
-77.59461
-77.65745
-80.79492
-80.44812
-85.31655
-81.89854
-87.31808
-83.26343
-99.13098
-83.25556
-87.69123
-63.93422
-59.57147
-62.81417
-62.40754
-62.99787
-62.95314
-64.89223
-65.21485
-67.31889
-67.24759
-69.55020
-68.81056
-71.30708
-69.96498
-73.93309
-71.41065
-81.15997
-65.65671
-54.48808
-55.83037
-61.85536
-66.01081
-63.97627
-67.19952
-71.22603
-70.49584
-69.37430
-71.61217
-70.99308
-76.08579
-66.27501
-64.13042
-68.26715
-68.27946
-61.22779
-60.64857
-61.18424
-55.63758
-56.23613
-52.95511
-53.81972
-56.18464
-57.66479
-56.91150
-52.65041
-53.64894
-55.74060
-57.89196
-58.29761
-58.74880
-59.07511
-59.83068
-60.75100
-61.73436
-62.58428
-63.58914
-64.68074
-65.45535
-66.44093
-67.32006
-68.41973
-69.29671
-70.30302
-71.03808
-72.30771
-72.97840
-74.17006
-74.73880
-75.97843
-76.52144
-77.88588
-78.34048
-79.63840
-80.30482
-81.67425
-82.24986
-83.41966
-84.23071
-85.42852
-86.40119
-87.19973
-88.26502
-89.22751
-90.52411
-90.91212
-92.64060
-92.73111
-94.83343
-94.66717
-96.89342
-96.83448
-99.32397
-98.99328
-101.32474
-101.20017
-103.23875
-103.34051
-105.51070
-106.05332
-107.82010
-108.89946
-109.99295
-111.69565
-112.37125
-115.39332
-114.66037
-119.93595
-116.89793
-122.66118
-119.86784
-128.67985
-123.48466
-135.26808
-126.75663
-142.06072
-130.80313
-157.05151
-140.91873
-145.22545
-149.01854
-154.85280
-169.91205
-160.63604
-154.23781
-151.29017
-149.63745
-148.69769
-148.22889
-148.10847
-148.26738
-148.66465
-149.27614
-150.08901
-151.09928
-152.31106
-153.73726
-155.40211
-157.34653
-159.63932
-162.40239
-165.87578
-170.63454
