-106.02845
-91.61751
-96.67143
-89.53769
-100.16701
-97.69406
-90.39165
-99.38044
-90.21089
-98.78187
-96.79979
-91.49171
-98.34291
-101.53474
-100.18232
-93.39697
-90.32528
-111.46800
-90.46854
-92.38473
-95.12367
-92.00494
-92.93372
-92.93135
-92.48745
-93.91127
-110.86003
-90.92897
-95.30764
-91.19444
-93.44740
-90.95907
-93.47559
-93.13500
-89.63608
-92.09939
-90.32616
-88.76329
-91.34807
-91.81567
-89.43958
-89.64229
-90.02382
-98.52376
-101.23600
-107.51372
-101.62637
-107.74149
-129.03255
-130.65798
-127.83412
-125.99388
-124.39716
-122.95174
-121.64121
-120.46928
-119.44296
-118.56929
-117.85593
-117.31287
-116.95481
-116.80457
-116.89861
-117.29752
-118.10818
-119.53922
-122.07631
-127.34807
-148.85809
-124.03190
-117.22487
-112.69153
-109.06905
-105.88451
-102.88165
-99.85612
-96.56541
-92.59496
-86.94174
-70.33256
-63.18769
-65.29382
-65.46779
-65.94014
-65.32224
-65.16546
-65.51444
-65.80757
-66.59241
-66.88036
-67.75415
-67.86323
-68.85653
-68.48323
-70.52153
-66.03710
-62.02420
-65.66221
-68.61657
-69.57111
-69.55758
-69.00018
-70.20530
-69.89300
-71.09182
-70.70237
-72.52070
-71.93459
-73.86207
-72.59847
-75.37207
-70.17349
-62.99800
-64.39423
-66.00658
-66.99647
-66.62380
-66.19499
-67.52449
-68.10724
-69.92659
-69.69914
-70.67917
-70.97875
-72.74443
-73.67463
-74.60890
-76.19477
-62.26696
-59.85237
-63.22973
-64.56542
-63.06376
-61.10926
-62.12489
-63.94683
-66.67541
-67.78515
-68.69026
-69.92512
-71.41157
-73.57656
-74.45534
-78.31528
-66.47057
-62.46363
-65.66395
-67.05291
-66.15052
-66.17652
-66.94019
-67.97879
-69.00997
-69.15270
-69.69985
-70.34755
-70.19497
-71.25632
-70.33579
-73.71163
-65.26899
-61.58674
-63.04610
-63.13081
-63.55318
-63.70292
-64.39538
-64.50249
-64.77770
-65.34568
-65.77550
-66.20914
-66.30994
-66.97092
-67.12955
-68.38991
-67.46648
-63.58996
-64.29646
-65.51312
-65.68375
-65.87223
-65.19524
-65.75541
-65.81154
-66.77828
-67.03132
-67.93466
-68.12301
-68.94983
-68.94549
-70.13484
-68.79899
-62.93190
-64.57221
-68.68593
-69.48907
-70.41310
-69.33915
-70.50980
-70.30702
-71.28090
-71.06746
-72.38459
-72.57210
-73.54310
-73.67838
-74.28496
-74.24951
-64.65511
-64.10019
-66.52846
-67.17174
-67.74677
-66.59482
-67.95796
-68.35014
-70.18117
-70.35475
-70.84916
-71.66017
-72.47355
-74.13109
-73.21598
-78.50676
-65.78142
-61.81048
-61.46257
-61.10433
-62.54771
-63.30461
-64.41041
-64.76611
-65.34323
-65.81775
-66.95661
-68.14241
-68.50052
-69.68483
-69.60760
-72.30781
-67.02715
-62.62901
-66.61170
-69.82340
-71.25397
-71.04900
-70.59456
-71.28927
-71.30964
-72.15483
-72.11289
-73.84373
-73.68695
-75.07553
-74.65611
-75.98566
-75.23771
-77.34367
-76.31334
-78.29786
-76.84207
-79.72946
-77.62138
-82.10665
-74.37126
-63.53549
-63.68798
-64.48838
-64.59835
-64.90317
-65.39608
-65.84660
-65.74414
-62.39245
-62.01423
-63.65717
-63.56451
-64.14617
-63.43838
-63.89302
-63.97655
-64.77520
-65.18887
-65.97927
-66.44476
-66.96959
-67.44558
-67.78330
-68.71621
-63.06337
-62.71371
-67.18386
-68.08344
-69.34935
-68.53663
-69.30492
-69.49840
-69.98654
-70.41708
-70.79214
-71.96409
-71.81558
-73.34176
-72.18289
-75.42930
-65.67258
-62.74244
-65.18025
-65.98520
-66.98393
-65.86362
-66.59303
-67.41212
-68.54905
-69.73213
-69.43715
-70.86226
-70.90333
-73.61106
-72.41317
-77.88194
-68.56704
-59.39436
-60.35481
-63.49341
-63.61556
-61.31217
-60.58217
-62.21433
-64.28936
-66.85995
-67.20439
-68.76656
-69.52150
-72.04855
-72.74743
-76.17021
-72.93932
-62.76304
-62.39130
-66.01112
-65.68773
-65.20686
-65.49185
-66.52352
-67.49521
-68.37135
-68.19607
-69.41008
-69.14816
-70.06675
-69.65270
-70.82180
-70.25648
-62.42561
-61.84524
-63.00335
-62.90793
-63.39147
-63.62477
-64.28551
-64.19887
-64.81708
-65.22034
-65.70722
-65.98569
-66.25836
-66.98566
-67.22988
-69.26020
-63.33143
-61.54621
-66.42730
-68.17257
-69.77140
-68.68119
-69.21593
-69.66431
-70.04929
-70.55319
-71.00686
-72.60566
-72.19933
-74.27391
-72.64612
-76.75292
-67.09448
-62.64654
-62.20590
-61.60171
-62.85743
-63.76585
-64.77003
-65.33069
-65.77168
-66.27917
-67.27378
-68.59141
-68.76491
-70.20073
-69.82430
-72.59083
-67.99286
-61.37815
-64.13073
-67.81372
-69.36828
-69.78997
-68.61336
-69.78998
-69.42133
-70.58958
-70.11003
-71.99173
-71.67592
-73.36783
-72.43414
-74.88333
-71.12450
-61.77897
-61.50777
-62.94844
-61.33659
-63.02925
-60.25834
-57.60559
-58.21925
-58.47359
-58.97262
-59.19557
-59.70208
-59.86915
-60.28921
-60.75107
-61.36566
-60.76456
-60.60345
-61.54481
-61.76843
-62.33671
-62.26658
-62.67204
-62.94477
-63.54648
-63.98842
-64.52463
-64.92355
-65.48275
-65.85646
-66.27754
-66.79210
-67.22747
-67.78111
-68.18582
-69.29436
-69.53180
-71.07148
-70.60795
-73.88877
-67.07880
-62.16048
-64.30339
-66.76707
-65.79687
-65.87424
-66.31587
-68.24360
-66.74760
-62.26326
-63.26188
-64.15430
-64.68493
-64.71008
-64.36287
-64.92026
-65.04510
-66.03905
-66.28313
-67.31804
-67.41787
-68.43438
-68.23626
-69.89192
-67.47331
-62.25587
-64.18967
-67.18359
-67.42734
-68.26702
-67.77875
-69.03658
-68.98137
-70.06203
-69.94581
-71.52771
-71.62851
-72.88313
-72.75686
-74.00695
-72.45848
-63.50966
-63.63519
-65.51256
-66.12856
-66.38708
-65.67984
-67.09993
-67.64000
-69.38553
-69.54988
-70.13397
-70.96588
-72.05085
-74.09228
-73.41082
-78.99520
-64.01835
-59.61954
-62.41908
-64.19721
-63.38871
-61.11478
-61.73053
-63.40400
-65.80493
-67.46068
-68.03978
-69.62515
-70.65723
-73.27650
-73.61426
-78.59707
-68.47537
-62.49434
-64.69613
-67.19185
-66.21138
-66.18686
-66.69090
-67.90519
-68.54122
-68.10699
-68.32423
-69.25227
-68.92757
-70.14401
-69.44636
-72.72675
-66.83540
-61.68594
-62.66622
-62.92421
-63.18793
-63.36767
-64.04596
-64.32697
-64.43729
-64.76593
-65.01627
-65.49783
-65.60151
-66.40885
-66.63409
-67.74971
-67.65931
-63.77367
-63.50916
-64.84828
-64.81133
-65.30808
-64.75779
-65.27805
-65.57179
-66.34066
-66.81434
-67.61154
-68.07286
-68.67163
-68.95911
-69.54366
-69.81417
-63.34409
-63.66167
-68.29700
-69.25466
-70.53339
-69.37872
-70.34193
-70.34167
-71.09125
-71.12186
-72.03497
-72.77685
-73.05873
-74.05984
-73.55243
-75.80059
-65.74210
-63.73024
-66.35077
-67.04253
-67.89966
-66.61972
-67.65614
-68.30334
-69.75854
-70.53220
-70.51820
-71.78582
-72.01205
-74.41896
-72.74952
-79.06554
-67.73663
-62.06888
-61.55899
-60.99206
-62.30214
-63.22120
-64.27666
-64.72409
-65.23807
-65.69716
-66.66395
-68.04022
-68.28898
-69.57184
-69.50280
-71.90045
-68.48648
-62.71468
-65.51163
-69.65055
-71.00383
-71.18232
-70.11325
-71.37943
-71.05374
-72.23194
-71.84259
-73.69886
-73.55049
-75.01319
-74.65133
-75.81447
-75.24496
-77.02352
-76.51917
-77.75203
-77.21295
-78.67358
-78.61261
-79.62080
-78.64946
-64.56866
-63.39187
-64.55735
-64.56401
-64.83866
-65.34757
-65.66768
-66.20656
-63.14024
-61.77786
-63.17659
-62.77251
-63.65430
-63.34006
-63.72519
-63.92517
-64.45238
-65.10374
-65.60944
-66.25775
-66.62072
-67.39291
-67.38958
-69.01023
-64.35424
-61.98817
-65.38858
-66.47091
-67.20999
-67.33054
-67.70761
-68.60841
-68.78857
-69.74524
-69.79398
-71.34244
-71.09988
-72.98499
-71.71226
-75.06603
-67.58406
-62.59266
-64.19541
-65.23401
-66.19074
-65.71891
-65.80611
-66.94992
-67.82563
-69.40286
-69.19678
-70.57715
-70.70876
-72.95225
-72.63445
-75.79206
-72.19353
-60.23321
-59.69379
-62.87184
-63.58204
-61.63830
-60.38617
-61.77741
-63.58962
-66.32704
-66.92755
-68.23479
-69.19604
-71.21375
-72.69658
-74.73799
-75.44799
-63.93435
-61.78408
-65.52017
-65.82993
-65.26429
-65.32068
-66.35038
-67.15934
-67.58554
-67.22338
-68.26740
-68.30827
-68.92731
-69.28290
-69.75570
-71.26577
-63.40599
-61.44470
-62.71229
-62.54612
-63.06745
-63.28385
-63.95932
-64.03632
-64.33550
-64.78816
-64.86371
-65.59002
-65.26577
-67.00151
-65.95085
-70.62914
-60.36979
-56.45855
-59.20373
-57.76140
-58.22258
-58.56178
-59.12937
-60.14327
-60.33319
-60.83171
-61.45356
-62.59327
-63.15962
-65.04233
-65.93054
-68.49299
-66.95611
-61.46360
-61.74809
-61.25648
-60.00367
-60.62386
-61.35020
-62.47820
-62.72906
-64.18713
-65.01064
-66.09314
-66.66184
-68.14749
-68.88266
-70.27286
-70.28199
-63.49134
-63.05362
-64.79901
-64.32428
-64.59930
-63.90453
-64.34553
-64.49872
-65.31778
-65.85763
-66.55463
-67.09751
-67.52674
-68.17344
-68.24103
-69.72791
-61.72501
-59.33820
-62.11869
-63.71726
-62.53664
-60.63727
-61.42091
-63.16113
-65.79090
-67.04586
-67.79816
-69.20523
-70.35811
-72.73380
-73.03056
-78.26474
-65.03312
-59.87335
-62.66641
-64.38049
-63.55700
-63.43428
-64.10524
-65.09756
-66.06731
-66.35199
-66.77803
-67.75379
-67.33299
-68.75665
-67.40810
-71.43878
-62.49179
-57.73692
-59.17590
-59.25131
-59.64691
-59.82634
-60.54177
-60.62115
-60.85160
-61.44976
-61.88913
-62.26901
-62.49486
-63.28831
-63.83811
-64.92760
-64.95650
-62.74466
-62.83546
-63.70693
-64.10482
-64.83891
-64.38506
-64.96360
-64.96434
-65.93791
-66.27594
-67.17918
-67.40006
-68.25003
-68.26979
-69.37985
-68.53395
-62.52220
-63.30777
-66.65636
-67.09072
-67.82483
-67.59347
-68.60640
-68.73486
-69.79532
-69.87746
-70.94002
-71.62836
-72.31453
-73.04637
-73.01518
-74.38353
-64.36581
-63.10530
-65.32361
-65.83630
-66.65857
-65.67702
-66.78913
-67.38722
-68.96649
-69.62274
-69.89167
-71.06264
-71.44485
-74.07544
-72.83269
-79.44425
-66.12358
-59.65858
-61.75794
-63.97324
-63.74253
-61.42720
-61.35910
-63.16221
-65.32815
-67.37303
-67.89542
-69.39894
-70.34605
-72.98682
-73.26714
-78.11302
-70.66734
-62.84139
-64.00392
-67.15129
-66.36795
-66.10024
-66.55117
-67.66478
-67.89172
-68.39221
-68.33744
-69.56101
-69.05648
-70.41947
-69.70037
-72.19514
-68.70241
-61.86709
-62.32940
-62.96733
-63.13273
-63.39140
-63.87100
-64.33209
-64.31868
-64.66981
-65.08462
-65.48897
-65.75774
-66.32045
-66.69439
-67.46287
-68.33490
-64.58893
-63.12546
-64.87184
-64.83327
-65.40780
-64.84552
-65.14046
-65.55480
-66.17873
-66.76453
-67.34139
-68.05394
-68.38712
-69.11741
-69.14493
-70.63859
-64.32731
-62.96154
-67.59942
-69.07373
-70.40576
-69.60562
-69.99799
-70.46403
-70.79180
-71.37497
-71.62620
-72.97410
-72.61093
-74.41334
-73.00484
-76.71863
-67.45685
-63.46546
-65.89522
-66.81604
-67.87772
-66.87504
-67.25582
-68.30956
-69.27998
-70.68509
-70.20683
-71.78943
-71.63218
-74.32396
-72.72179
-77.78354
-69.63496
-61.35157
-63.62160
-66.13505
-67.95895
-69.12794
-68.58661
-69.64944
-69.45255
-70.40343
-70.33137
-71.94703
-72.14576
-73.37414
-73.32202
-74.18733
-73.30843
-64.67664
-63.26819
-64.87409
-64.87938
-65.30419
-64.65796
-64.98106
-65.06497
-65.86781
-66.31923
-67.05694
-67.49887
-68.05049
-68.53075
-68.83802
-70.02341
-64.30114
-61.54305
-62.67333
-61.19916
-60.53745
-61.28195
-63.25034
-63.55084
-63.54608
-65.33059
-66.38564
-67.23271
-67.61913
-71.01596
-69.64801
-76.90768
-60.19912
-57.05265
-59.67923
-57.95938
-58.74620
-58.82990
-59.65471
-60.41227
-60.76336
-61.13322
-61.91679
-62.95574
-63.60932
-65.57338
-66.36465
-69.25931
-66.33041
-61.39247
-62.21367
-61.29642
-60.35169
-61.04570
-61.83588
-62.90204
-63.19928
-64.75719
-65.43081
-66.63697
-67.01048
-68.80558
-69.12624
-71.20895
-69.47118
-62.65520
-62.70786
-63.99409
-63.89869
-64.14481
-63.40206
-63.96981
-64.07340
-64.88665
-65.21187
-66.00682
-66.38117
-67.02244
-67.57928
-68.41320
-69.13467
-60.93741
-59.13249
-61.96057
-63.88882
-62.16850
-60.11605
-61.06154
-63.40472
-66.12045
-66.32683
-67.72240
-69.41215
-70.17924
-72.21060
-73.58658
-76.41882
-65.30554
-61.52545
-64.51354
-65.66898
-64.83491
-64.87957
-65.77192
-66.70894
-67.83820
-67.87327
-68.68158
-69.19104
-69.24770
-70.10619
-69.39344
-72.41227
-64.63130
-61.35804
-62.78280
-62.60653
-63.09961
-63.25801
-63.98821
-64.04192
-64.31535
-65.02741
-65.32501
-65.99880
-65.86540
-66.88894
-66.70774
-69.01340
-65.10300
-61.29324
-61.01635
-60.31429
-61.51006
-61.95122
-62.63611
-63.53751
-64.07178
-64.79750
-65.29045
-66.86825
-67.25139
-68.63863
-68.65246
-70.71346
-68.92270
-62.49776
-63.69185
-67.16679
-68.48896
-70.24753
-69.07489
-70.51019
-70.00386
-71.38930
-70.93328
-72.78321
-72.80037
-74.14844
-74.03973
-74.93979
-74.44781
-62.96941
-61.81370
-63.08391
-63.00276
-63.53170
-63.80437
-64.40803
-64.39776
-64.55699
-64.75047
-65.48492
-66.01870
-66.15555
-67.00680
-66.80646
-69.03100
-62.15410
-58.78933
-60.70845
-60.67992
-61.32179
-60.73218
-60.71052
-60.99127
-61.40047
-62.14412
-62.50960
-63.26208
-63.49450
-64.25960
-64.27083
-65.64802
-63.23289
-59.52363
-60.78640
-63.24395
-63.14241
-61.34945
-60.91737
-62.62114
-64.17980
-66.47057
-66.35495
-68.10528
-67.82699
-70.46184
-69.10310
-73.77515
-65.54937
-56.55577
-57.95595
-59.58606
-59.25559
-59.99827
-60.72814
-62.28062
-62.84512
-64.48605
-64.88658
-66.53222
-66.42877
-67.94444
-68.05837
-70.78280
-69.25304
-58.81908
-59.61879
-60.68006
-59.34049
-60.43811
-60.27594
-61.59486
-61.91569
-62.38752
-62.73115
-63.81334
-64.58693
-65.69155
-67.51478
-68.37451
-71.58695
-63.63307
-60.67489
-61.51874
-59.80227
-59.88249
-60.52386
-61.61070
-62.15562
-62.96937
-64.32653
-65.05335
-66.05880
-66.81790
-68.40093
-68.65058
-71.26344
-66.19966
-62.68361
-64.19891
-64.34189
-64.78235
-64.39658
-64.35326
-64.85664
-65.09963
-65.99380
-66.24215
-67.18797
-67.33327
-68.28387
-68.02346
-69.86801
-66.65699
-61.89320
-63.23522
-65.61177
-65.17620
-65.13084
-65.76794
-66.70386
-67.83125
-68.36792
-68.55001
-69.72875
-69.35133
-70.54757
-69.68460
-72.09492
-68.19957
-61.33176
-61.76626
-62.30731
-62.27039
-62.82855
-62.98382
-63.64467
-63.40887
-64.28537
-64.46665
-65.23277
-65.27365
-65.96880
-66.34012
-66.84227
-67.39735
-60.34224
-58.63184
-61.53644
-62.75262
-61.42814
-59.74859
-60.78438
-62.46184
-64.75130
-65.94908
-66.56198
-68.09347
-68.62372
-71.42544
-70.23798
-77.66109
-60.63744
-56.25408
-59.24054
-59.24690
-59.62747
-60.13234
-61.46624
-62.45641
-63.56259
-64.70843
-65.57474
-66.71911
-66.82680
-68.37376
-68.42485
-71.98625
-65.41817
-59.85083
-61.38495
-64.11299
-63.78343
-61.69918
-61.24737
-62.98716
-65.24620
-67.64466
-67.95077
-69.42557
-70.21979
-72.78473
-73.33564
-77.62382
-71.38696
-62.53905
-62.91837
-63.97612
-63.96029
-64.06141
-63.54180
-64.07948
-64.21246
-65.10331
-65.40464
-66.26288
-66.51502
-67.36724
-67.32315
-68.64476
-67.40319
-61.47291
-62.74789
-66.49117
-67.14164
-68.00387
-67.23095
-68.57832
-68.64823
-70.05003
-69.85198
-71.83606
-71.72071
-73.40924
-72.84228
-74.64631
-71.96675
-61.87434
-62.10730
-63.81510
-64.28213
-64.45074
-63.78612
-64.89033
-65.55251
-66.96415
-67.15127
-67.71229
-68.85481
-69.96527
-71.53505
-70.89875
-75.22852
-64.40030
-59.18481
-61.45949
-63.66981
-63.01812
-60.90562
-61.01176
-62.77332
-65.01724
-67.13414
-67.39140
-69.21375
-69.80710
-72.83088
-72.61621
-78.41442
-69.09240
-60.89565
-61.63639
-60.60569
-59.68694
-60.34544
-61.22587
-62.22717
-62.52291
-64.04405
-64.80971
-65.87630
-66.40911
-68.33279
-69.09950
-71.46361
-70.00987
-62.94153
-62.80021
-64.20756
-64.19206
-64.53913
-63.83779
-64.36335
-64.40488
-65.27039
-65.58971
-66.48576
-66.77049
-67.69184
-68.11675
-69.27693
-68.99955
-62.11458
-63.08631
-66.90541
-67.66377
-68.55319
-67.55273
-69.05144
-68.97581
-70.19089
-70.15679
-71.55504
-72.16548
-73.35372
-74.54817
-74.87168
-77.00319
-64.82054
-62.62957
-63.78946
-63.62704
-64.17120
-64.22268
-65.01436
-64.93454
-65.61895
-66.42523
-67.30247
-68.00741
-68.56561
-69.84208
-69.97137
-72.56908
-66.64610
-62.47552
-64.70240
-65.76028
-65.40207
-65.62628
-66.09134
-66.78791
-67.29712
-68.02754
-68.55976
-70.25689
-70.16553
-72.42125
-71.46248
-76.40135
-68.29219
-59.67409
-60.45044
-63.74061
-63.53598
-60.75878
-60.46788
-62.87652
-64.61020
-66.16616
-67.53767
-70.25178
-70.21851
-73.37048
-75.36388
-79.64956
-74.75014
-62.25856
-61.73055
-62.81860
-62.66992
-63.19153
-62.27807
-63.07698
-62.98098
-64.07646
-64.56447
-65.82448
-66.35005
-67.52876
-67.96351
-69.32202
-69.41089
-59.72215
-58.20934
-59.61809
-59.53536
-59.63393
-59.07319
-60.25722
-60.20046
-60.57432
-61.19940
-61.93981
-62.83242
-63.62150
-64.90019
-65.38389
-67.73434
-61.09811
-60.04675
-62.12565
-62.78669
-63.56938
-62.58426
-63.56731
-64.18012
-66.01338
-66.89472
-67.83528
-68.95178
-70.52706
-72.27800
-72.87507
-75.19408
-72.15721
-70.08712
-71.73478
-69.73460
-69.87519
-69.86455
-70.11369
-70.83501
-72.18369
-74.96895
-75.85679
-79.76966
-80.66916
-85.94169
-83.42268
-95.22282
-79.76707
-70.46728
-70.98915
-75.50682
-78.53386
-81.48306
-78.56832
-82.09742
-76.51193
-69.90017
-70.36307
-71.15428
-70.77786
-74.15539
-74.15114
-77.42267
-74.59835
-64.74136
-65.00751
-66.93545
-67.50885
-67.74865
-66.97727
-68.77039
-68.86456
-69.13052
-69.14378
-70.12773
-71.01305
-71.41574
-73.86704
-74.06822
-80.09367
-62.68920
-59.31121
-60.44888
-58.49560
-58.73237
-59.27758
-60.49015
-60.85291
-61.91888
-63.44188
-64.68529
-65.90357
-67.15858
-69.22259
-69.79548
-73.20778
-66.42473
-62.27714
-63.90663
-64.16144
-64.47743
-64.06387
-63.87860
-64.39231
-64.69906
-65.79348
-66.30013
-67.59165
-67.87505
-69.55537
-69.18978
-72.54831
-66.11990
-61.20977
-64.73603
-67.52811
-68.48976
-68.59904
-68.58656
-69.80558
-69.69090
-71.46071
-71.63824
-74.47955
-73.81038
-76.93896
-74.84512
-80.52285
-71.56316
-62.66718
-63.16013
-63.71204
-63.88893
-64.26599
-64.77163
-65.27629
-65.26683
-66.14130
-66.93570
-67.68519
-68.36245
-69.00393
-70.19190
-70.43453
-72.62371
-65.05978
-62.74433
-65.64970
-66.23331
-65.87745
-66.19351
-66.97102
-67.91893
-68.83399
-69.41966
-70.25716
-71.39193
-71.89663
-72.94132
-73.59024
-75.43058
-73.79929
-60.88966
-59.84551
-63.10850
-64.12826
-62.12141
-60.74568
-61.90047
-63.88375
-66.54726
-66.69883
-67.75610
-68.42175
-69.49933
-70.26381
-72.09253
-73.31283
-75.65202
-63.70456
-61.97116
-63.79632
-63.55123
-63.98059
-63.18871
-63.64950
-63.73647
-64.46054
-64.99234
-66.11771
-66.70997
-67.93309
-68.12184
-69.78151
-69.61220
-72.66436
-67.02017
-62.59862
-65.77172
-66.50414
-68.34613
-69.33616
-70.02836
-70.71842
-70.89795
-71.61597
-72.26710
-74.61899
-74.71887
-77.16648
-76.01865
-79.55448
-76.52203
-86.86577
-69.33038
-63.09913
-65.06158
-65.92181
-66.65207
-66.08536
-66.33856
-67.52599
-68.45309
-69.97208
-70.08451
-71.84008
-72.81908
-75.18691
-75.40719
-77.05162
-78.37554
-79.42855
-81.25334
-60.55162
-58.27635
-61.42864
-62.54391
-61.07551
-59.39301
-60.32510
-62.17396
-64.62862
-65.89650
-67.03962
-68.72661
-70.63313
-73.15360
-75.56877
-77.76512
-79.40441
-82.57412
-80.87408
-63.21723
-61.98586
-65.30835
-65.17071
-64.52190
-64.80481
-65.70065
-66.85770
-67.63468
-67.71433
-69.02929
-69.41884
-70.47604
-70.63921
-72.25853
-72.57252
-74.70253
-73.44766
-79.03801
-64.78847
-60.81216
-62.51913
-62.26155
-62.91645
-62.93198
-63.84742
-63.66255
-64.19982
-64.60576
-65.16016
-65.84880
-66.04089
-66.44751
-67.19426
-68.46938
-68.85072
-70.65375
-69.43892
-74.03448
-64.39189
-59.21056
-60.42550
-58.73617
-57.97697
-59.39597
-60.69466
-60.51295
-60.91727
-63.10841
-63.80302
-64.22263
-65.67370
-68.01083
-68.48764
-70.17728
-72.01782
-73.39827
-73.93931
-76.28055
-76.21065
-63.95024
-62.82333
-64.72254
-64.63942
-64.56488
-63.88178
-64.17703
-64.38101
-64.98461
-65.58836
-66.20497
-67.02651
-67.80636
-68.53099
-69.42173
-70.19917
-71.19083
-71.83572
-73.12506
-73.44487
-74.93354
-62.97321
-62.65720
-67.36596
-67.90122
-69.41647
-68.03075
-69.19044
-69.03959
-70.50273
-70.30153
-71.91844
-72.58356
-74.62758
-74.67060
-76.42928
-75.85107
-78.23331
-77.76083
-80.48245
-78.83922
-83.75666
-76.45415
-63.43764
-63.20205
-64.07282
-63.81739
-63.99376
-64.49409
-64.87097
-64.90657
-65.54903
-66.10684
-66.56364
-67.01670
-67.74522
-68.59336
-69.40583
-70.45840
-71.08159
-72.36773
-72.86074
-74.53006
-74.20856
-77.39336
-71.79197
-63.35613
-64.31224
-66.87057
-66.40488
-65.98944
-66.51721
-67.54221
-68.58847
-69.22645
-69.38479
-70.47153
-70.33300
-71.49859
-71.61621
-73.16625
-73.44184
-74.92951
-75.11711
-76.49434
-77.22072
-78.14859
-79.72483
-78.83541
-83.46799
-62.62229
-59.44251
-62.66324
-64.21190
-62.78281
-60.77661
-61.63843
-63.40883
-66.10471
-67.30510
-68.26009
-69.33933
-71.12019
-72.73609
-75.92193
-73.99359
-70.03625
-71.69470
-72.21305
-74.90875
-73.94633
-73.64339
-74.44012
-75.90638
-77.81764
-79.49968
-81.51479
-82.81275
-85.99800
-85.52987
-93.66886
-86.01177
-93.81650
-67.08718
-62.25298
-64.57704
-64.12538
-64.29644
-63.80502
-63.77803
-64.18844
-64.82048
-65.19196
-65.05834
-65.86515
-66.46541
-67.32284
-67.69711
-68.39578
-69.13744
-69.89211
-70.82617
-71.63227
-72.79886
-73.42435
-74.59065
-74.97611
-76.86837
-76.28242
-79.78766
-76.71459
-89.45916
-64.67481
-58.62788
-61.18083
-63.36819
-62.67494
-59.99925
-60.32963
-62.07212
-64.69520
-66.25567
-67.13122
-67.99418
-69.75487
-71.17742
-73.39819
-74.68481
-76.01236
-78.33146
-80.17506
-82.74323
-83.48874
-86.25636
-85.51062
-91.50946
-87.74397
-101.28603
-87.05573
-96.40523
-84.05729
-81.73739
-62.33778
-57.53725
-60.62659
-60.40340
-61.00132
-61.24191
-62.86804
-63.54448
-65.07850
-65.70290
-67.20151
-67.50774
-68.64129
-68.95320
-70.67901
-71.33723
-73.69226
-72.15425
-67.27224
-68.95511
-73.95913
-77.49597
-76.20658
-79.84218
-81.22094
-84.07278
-80.30450
-88.39163
-79.88517
-90.48059
-63.60910
-59.78719
-64.56226
-64.14429
-61.76520
-61.13508
-61.67773
-59.83897
-59.67190
-58.38771
-59.21278
-60.84604
-62.01031
-62.29384
-61.74204
-62.61779
-63.45828
-64.43063
-64.91514
-65.63832
-66.12123
-66.90348
-67.65797
-68.71221
-69.31744
-70.62261
-71.49206
-72.56817
-73.18678
-74.39375
-75.26505
-76.43758
-77.18405
-78.30100
-79.32732
-80.30504
-81.26956
-82.05915
-83.16747
-83.87198
-85.19646
-85.67261
-87.07217
-87.56578
-89.19043
-89.38682
-91.03344
-91.33711
-93.12210
-93.41482
-94.99734
-95.23140
-97.02952
-97.41791
-98.77312
-99.50287
-100.40631
-101.79477
-102.38251
-103.94642
-104.41949
-106.53423
-106.46617
-108.74383
-108.42398
-110.94091
-110.28287
-113.59780
-112.67551
-116.32307
-114.98976
-118.96553
-116.38548
-117.58026
-122.05348
-120.88206
-125.00190
-118.40820
-118.45404
-128.25928
-123.69031
-127.76390
-132.78664
-132.65282
-134.91184
-135.31384
-142.58756
-145.59120
-148.60324
-148.88019
-149.39295
-150.05880
-150.88159
-151.85408
-152.97114
-154.23072
-155.63425
-157.18710
-158.89973
-160.78955
-162.88472
-165.23105
-167.90661
-171.05494
-174.97683
-180.47236
-191.43783
-191.11391
-182.93056
-179.50780
-177.52684
-176.24219
