-91.90539
-89.05043
-65.24577
-61.31971
-61.07933
-60.32194
-59.66545
-58.37236
-58.88914
-56.75787
-59.16111
-57.91086
-56.75076
-55.97371
-57.51847
-58.21048
-57.26827
-58.48088
-59.62182
-65.18865
-62.68465
-58.52259
-57.45932
-58.40021
-58.44513
-60.22132
-58.98545
-60.27964
-58.33661
-57.22082
-58.00614
-57.10387
-56.97144
-57.52603
-60.94231
-57.51535
-60.47302
-63.75979
-59.35591
-58.41002
-59.27592
-60.34935
-59.49625
-62.93068
-62.04394
-62.16627
-60.67969
-62.55897
-62.98062
-56.41400
-58.56603
-59.83562
-58.61698
-59.89152
-64.48199
-63.34504
-57.20863
-59.54376
-63.24085
-56.84818
-57.73660
-63.22618
-60.26908
-60.05797
-62.90187
-59.51098
-56.19990
-58.26094
-57.75626
-58.07846
-60.62770
-63.98608
-59.86789
-58.50221
-62.01298
-57.74386
-58.51716
-58.88126
-58.51781
-57.75739
-57.12910
-56.12341
-55.79619
-56.34826
-55.48871
-55.11494
-55.60220
-58.62104
-56.89521
-57.99121
-60.45367
-61.97915
-64.53550
-62.32329
-58.83589
-56.19447
-57.51182
-59.14791
-59.62356
-58.81943
-59.50910
-57.41556
-57.06659
-58.53535
-58.16100
-60.34638
-58.59147
-60.69490
-63.52376
-60.70175
-62.76185
-65.29184
-61.01685
-59.93622
-62.28517
-62.90985
-63.76318
-63.73824
-63.16417
-62.73515
-61.78708
-60.77461
-60.78388
-60.39651
-60.44391
-59.66242
-61.60447
-62.30992
-61.91426
-62.14666
-64.02545
-60.90181
-59.53180
-63.71239
-59.39319
-58.64120
-61.60323
-64.44344
-61.48256
-57.06127
-54.65134
-52.48400
-53.71756
-55.65912
-54.69485
-56.86293
-56.82078
-59.29928
-62.22885
-58.28008
-61.08042
-59.82069
-57.48082
-59.83132
-59.46815
-56.87046
-57.41786
-58.64298
-58.95138
-57.70067
-57.29464
-58.40284
-59.81911
-62.82100
-63.15878
-65.75984
-66.15115
-62.57070
-61.46644
-63.16515
-64.38586
-60.31892
-62.03711
-61.90400
-60.94129
-62.71670
-62.98965
-65.67761
-61.31382
-60.87696
-60.19149
-60.04766
-61.49496
-61.29723
-65.61896
-64.71084
-63.10421
-62.83163
-63.02815
-62.67324
-63.94681
-64.75244
-63.12542
-61.68536
-62.32638
-62.65084
-59.14878
-59.17003
-60.60409
-60.41475
-60.80359
-60.06595
-60.41821
-64.53655
-59.87387
-58.52329
-62.93432
-62.24520
-64.45642
-62.80882
-58.06381
-57.88765
-56.93903
-57.62879
-58.05808
-57.60404
-59.00816
-60.23051
-61.53012
-59.24360
-57.14782
-59.27118
-58.77989
-59.04182
-62.39733
-60.80352
-59.92425
-58.42830
-60.56891
-59.19222
-58.42276
-57.76791
-57.72860
-59.34330
-58.18914
-60.73035
-61.22588
-61.17041
-64.24765
-68.53797
-64.71021
-60.69791
-60.75666
-60.63879
-61.64772
-62.70286
-60.22021
-60.21341
-61.67596
-58.83787
-56.49971
-58.14833
-58.27435
-59.21132
-58.74745
-59.97718
-61.57054
-58.24471
-60.78454
-62.06213
-59.82820
-59.99833
-60.19353
-61.49729
-59.68898
-59.95129
-59.89407
-57.72636
-58.89912
-57.74954
-58.30803
-59.65988
-63.48270
-60.41189
-60.26089
-61.80445
-56.51400
-57.79606
-59.89413
-57.27583
-58.08802
-58.58005
-58.35837
-57.15070
-58.12999
-57.48440
-57.59299
-60.41478
-56.99576
-60.96956
-63.47562
-63.06738
-63.51803
-62.35469
-55.98365
-54.25771
-54.19155
-53.76926
-53.93055
-54.79512
-54.67394
-50.79755
-52.49997
-52.27827
-51.77637
-53.41891
-54.50383
-55.06583
-55.54742
-56.19045
-56.02994
-58.46566
-55.70293
-55.99789
-54.24015
-54.99453
-59.16747
-56.89278
-57.51439
-57.30707
-57.26690
-57.09380
-55.46898
-56.01038
-55.81713
-54.62734
-55.89450
-54.50174
-60.72250
-58.35534
-55.33616
-60.04503
-57.21068
-58.49621
-59.30401
-60.51149
-60.61123
-60.67202
-60.89337
-62.68092
-59.59306
-56.07732
-56.29027
-57.52299
-60.03908
-60.66725
-59.71061
-57.81807
-55.45871
-59.35228
-62.29609
-60.46265
-59.65976
-57.55047
-58.08377
-58.67030
-59.06424
-62.28987
-58.53000
-57.34231
-61.93470
-55.55628
-56.86065
-61.86614
-61.48596
-60.24923
-62.83902
-58.12185
-55.80936
-55.16967
-54.92126
-55.15868
-54.69239
-55.29332
-53.90072
-54.20206
-54.07434
-57.43201
-55.86685
-57.08007
-58.36475
-59.43570
-60.17497
-58.49728
-59.06954
-59.69727
-57.20153
-56.17967
-56.73314
-56.15450
-56.77171
-57.05959
-54.93208
-54.57590
-59.13213
-56.56958
-55.45009
-56.87522
-57.24129
-56.01538
-58.35276
-55.97486
-55.74754
-56.17229
-58.36075
-59.95171
-59.65227
-61.63874
-61.22152
-63.27375
-59.40487
-59.80825
-60.20500
-57.96681
-53.15680
-52.15509
-54.62189
-57.63181
-57.31088
-59.27510
-58.70497
-58.61344
-61.20400
-60.86486
-59.23455
-59.77792
-60.17850
-59.96173
-61.39412
-60.16839
-60.21128
-55.46966
-54.01214
-52.77443
-52.95352
-54.51661
-54.10432
-55.19723
-56.62872
-59.93880
-59.23133
-57.76798
-59.08070
-57.76514
-56.71681
-57.59088
-56.89143
-56.53714
-56.63859
-55.35857
-56.52756
-56.24895
-55.27993
-55.65154
-54.73685
-56.56359
-58.70356
-58.30566
-58.97748
-57.68506
-56.75243
-56.95793
-58.62658
-57.98989
-58.93423
-58.44437
-56.86541
-56.13864
-56.86955
-55.97520
-55.03950
-57.11693
-53.86229
-55.46693
-56.89962
-57.95235
-61.48010
-60.30949
-60.70364
-60.43946
-60.52982
-61.82002
-63.13950
-62.47599
-62.19581
-59.52866
-57.75273
-59.66151
-57.65427
-57.61400
-59.53705
-58.59872
-60.04864
-57.68733
-58.90562
-58.71348
-57.11576
-60.01654
-62.51755
-58.53993
-57.98138
-62.37470
-65.14216
-61.11547
-57.35937
-57.70330
-56.59301
-56.83514
-56.19608
-56.18286
-58.99233
-57.26784
-56.96873
-57.51629
-58.88568
-58.08447
-56.32163
-56.97926
-55.94778
-57.28008
-56.33343
-55.04788
-55.78262
-55.47974
-55.43706
-56.04091
-54.87301
-53.92880
-56.28929
-56.92697
-55.00962
-54.74148
-56.12077
-56.78853
-55.98672
-55.12316
-56.45473
-56.65864
-55.80914
-56.71628
-55.86786
-54.46697
-54.22727
-54.56322
-53.89883
-54.07260
-54.65682
-55.66851
-53.92361
-54.91952
-55.04452
-55.12094
-54.46022
-53.95845
-54.10439
-54.63032
-55.99176
-55.08337
-54.44734
-53.97923
-54.11859
-53.98051
-54.71601
-53.17173
-54.78874
-55.37388
-55.80014
-53.90403
-53.53316
-51.69918
-52.62546
-51.61691
-58.73969
-53.97610
-55.22729
-54.04523
-54.06229
-52.98787
-53.86239
-56.16085
-54.92471
-57.88264
-53.31155
-62.77763
-50.49855
-66.50432
-30.86310
-28.84641
-36.13777
-40.77613
-54.43831
-50.22005
-57.29307
-49.90301
-54.50048
-50.40270
-52.15513
-49.68491
-51.73560
-52.01531
-53.03360
-51.65783
-56.49815
-55.88867
-51.49945
-52.82899
-56.99712
-60.15217
-59.89266
-64.23369
-60.71529
-73.38933
-57.62219
-62.37021
-53.23965
-56.50251
-49.91320
-58.78262
-48.80451
-84.41907
-46.91725
-53.75167
-35.94898
-29.38819
-39.23273
-42.67380
-62.94006
-55.74882
-67.67287
-62.08361
-64.83381
-62.17611
-56.43457
-56.19959
-53.32460
-55.11050
-52.31628
-56.70020
-51.89671
-59.93160
-51.07278
-53.35082
-53.12468
-66.90591
-60.56501
-75.26669
-60.90852
-81.29092
-60.07921
-66.52953
-56.12871
-56.19976
-52.07411
-53.37754
-51.98373
-55.04724
-58.68135
-51.15750
-67.58378
-29.84302
-30.84060
-39.47641
-42.64600
-60.38715
-49.60017
-61.20665
-50.22817
-57.72313
-50.43256
-54.09907
-50.11101
-53.22866
-51.30241
-54.02974
-53.23858
-54.41802
-56.19933
-53.05615
-52.01403
-58.67630
-61.04080
-62.46611
-67.73825
-63.12503
-76.20965
-59.26508
-63.76517
-50.89131
-61.44876
-50.65434
-59.09734
-49.27509
-76.92305
-46.72893
-51.90573
-35.62207
-29.30174
-39.64677
-42.47338
-82.42734
-58.26486
-70.39218
-63.23960
-60.15017
-61.43454
-56.06198
-57.65177
-55.36053
-57.95901
-55.13881
-60.32149
-55.49883
-60.97276
-54.60060
-51.56537
-53.77365
-64.83681
-62.38342
-70.64845
-65.41973
-71.97038
-65.13041
-66.72356
-52.14720
-55.98778
-54.91612
-57.19792
-57.39021
-54.41750
-56.13706
-58.24676
-60.79667
-51.56640
-55.55298
-59.30664
-59.53925
-58.41881
-59.44976
-56.41402
-57.29277
-54.92449
-53.65909
-53.82690
-54.32645
-53.29230
-53.31569
-55.12239
-55.51710
-57.95900
-58.38163
-53.55070
-52.96759
-58.16428
-62.77557
-64.54062
-66.62555
-64.26103
-68.21099
-64.60817
-57.32418
-55.77778
-53.83329
-52.69228
-54.22742
-56.19773
-54.77487
-54.28967
-54.61275
-53.14470
-51.80960
-63.78084
-63.26680
-66.61643
-68.87689
-68.49662
-67.57851
-63.03953
-60.15985
-57.62868
-54.92870
-53.30669
-54.76783
-53.46756
-56.25407
-54.26517
-57.78703
-52.97275
-52.26343
-55.51234
-65.77330
-61.90183
-89.81485
-66.11870
-83.59040
-63.60282
-66.70660
-55.40184
-55.45012
-53.01026
-51.94591
-53.08596
-57.21630
-58.80522
-50.43628
-77.57160
-30.58836
-30.15221
-39.11066
-43.34185
-57.49812
-52.67296
-60.12946
-53.03363
-57.47835
-52.60854
-57.87266
-52.41152
-53.55354
-51.16755
-52.09704
-54.49145
-52.45523
-57.07838
-52.56344
-52.44552
-58.55198
-62.10303
-63.44679
-67.63621
-64.17088
-65.26085
-61.20571
-58.99962
-53.13056
-57.00407
-55.75100
-53.31944
-54.39939
-54.98193
-54.45876
-55.83209
-52.30023
-51.17318
-63.75540
-62.10237
-67.51338
-65.92036
-68.69818
-67.76783
-64.17619
-63.45866
-57.06130
-57.20730
-56.33246
-56.56726
-56.64051
-58.88450
-56.59352
-58.88578
-55.54696
-52.22855
-54.65239
-62.92711
-59.24257
-63.32282
-58.79089
-67.55300
-59.73179
-63.08182
-51.35822
-56.08101
-54.54478
-56.90235
-58.83283
-53.14222
-57.99180
-53.61400
-63.48487
-31.06639
-30.09444
-36.95098
-41.28586
-54.32233
-50.64986
-57.11674
-50.29357
-54.04832
-51.07154
-52.36694
-50.63866
-51.76752
-51.40342
-52.29451
-52.69644
-55.63642
-57.78033
-51.91745
-53.04400
-57.12177
-62.97745
-62.73847
-61.88856
-58.20799
-62.23074
-61.63850
-57.56344
-55.55638
-54.22526
-52.86978
-54.06923
-53.37083
-54.82032
-54.55421
-54.46491
-53.79832
-52.64453
-58.35401
-60.83597
-67.56135
-62.57897
-63.07280
-66.57701
-66.98873
-63.99847
-57.89514
-54.81929
-53.45159
-55.03530
-54.88813
-55.37637
-55.09340
-58.39088
-52.87578
-51.90430
-54.65356
-62.77416
-62.09363
-69.44860
-63.13610
-79.26141
-60.37668
-67.98510
-56.33722
-56.91728
-52.93371
-52.87111
-53.94988
-59.05338
-60.35385
-51.00956
-72.27225
-31.19837
-30.14908
-36.79204
-42.08956
-56.22115
-51.25731
-58.81411
-50.75341
-57.37102
-52.26807
-53.08376
-50.87435
-52.19283
-52.22737
-52.92032
-54.11102
-53.30764
-58.30645
-54.20382
-53.00013
-57.70695
-61.42489
-64.38420
-63.11945
-62.11975
-62.77086
-60.23030
-60.47562
-53.32857
-56.20480
-55.69138
-53.31610
-54.93049
-54.92409
-53.87199
-55.31096
-52.93400
-51.65231
-57.02261
-61.03162
-65.59928
-60.82185
-67.75081
-65.65071
-67.14021
-62.30373
-57.74197
-55.79311
-56.46594
-57.86876
-56.40559
-59.13156
-56.62704
-58.20244
-55.77001
-53.11416
-53.03989
-64.52963
-61.56499
-82.31691
-62.38053
-94.66998
-61.80399
-72.94379
-50.97662
-53.68466
-54.15836
-56.37923
-58.38476
-53.82247
-59.16178
-53.34356
-59.60936
-31.37296
-31.47286
-39.25032
-43.40214
-63.55206
-53.41815
-65.84783
-52.77330
-59.30629
-51.38598
-56.66784
-53.04019
-54.56810
-53.57519
-56.95434
-53.86011
-55.69101
-57.45165
-52.37015
-53.41705
-57.62417
-65.11039
-63.44737
-73.61001
-62.94134
-71.84562
-59.79460
-56.69147
-54.89988
-53.44391
-52.58965
-53.97104
-52.80523
-54.92621
-56.21159
-53.89391
-53.99676
-51.81289
-57.67585
-63.39026
-66.05270
-66.17006
-70.57590
-68.93386
-66.41122
-62.93052
-59.97590
-55.78239
-53.51239
-55.39294
-53.41301
-56.18526
-54.65576
-61.39410
-53.23379
-51.69122
-54.01373
-61.95006
-62.61503
-78.07600
-65.85149
-96.03003
-67.16812
-70.35887
-56.94058
-55.43295
-54.05499
-52.28258
-53.66396
-54.92156
-63.11017
-49.09840
-62.24545
-31.65432
-31.09607
-39.94770
-42.02381
-59.66434
-51.52867
-61.88634
-52.24085
-58.83112
-53.52872
-55.56109
-52.22669
-53.86461
-51.72023
-52.13404
-54.62864
-52.80281
-57.22849
-53.07228
-52.76877
-56.44939
-64.57989
-65.44650
-66.70186
-63.81171
-64.91206
-62.22241
-59.80903
-52.69164
-55.77782
-55.33447
-53.17351
-53.77667
-54.96215
-53.63349
-54.58847
-52.84611
-51.92009
-57.06418
-64.20508
-68.44432
-64.78641
-68.72768
-66.18109
-64.66825
-65.16742
-57.23798
-55.08147
-52.74109
-52.00418
-53.93460
-54.68493
-54.05231
-51.04287
-52.69860
-51.91514
-51.00011
-50.62244
-50.77506
-54.07814
-52.88947
-51.54729
-53.05077
-51.52327
-50.82441
-51.91935
-53.02286
-51.85275
-52.44739
-53.70137
-53.69933
-52.44188
-52.13955
-51.00275
-51.61079
-55.65341
-54.50485
-55.27026
-52.70271
-54.14738
-51.04372
-49.94842
-51.19117
-50.02928
-49.13636
-49.83920
-49.65718
-51.54883
-50.61277
-54.13547
-53.18637
-52.92555
-51.33767
-54.60086
-55.07981
-53.17374
-61.52379
-54.33738
-58.23145
-52.96578
-60.58088
-50.61710
-55.33481
-49.32004
-56.34129
-49.53020
-64.42886
-47.40324
-84.08284
-40.06163
-28.77261
-34.49759
-39.15478
-48.13674
-56.69183
-57.79706
-66.37127
-56.94840
-59.57549
-52.53959
-56.01179
-50.81074
-53.99221
-50.59794
-54.98235
-51.44958
-55.41452
-51.88870
-51.85971
-53.87489
-59.18376
-62.14286
-63.75165
-61.37233
-65.62564
-61.89952
-59.06054
-56.23719
-54.20187
-52.68865
-51.08649
-51.94629
-53.91636
-55.46123
-52.86680
-56.30482
-51.19554
-53.53430
-54.07459
-57.96777
-56.68855
-53.78848
-55.48371
-49.33539
-51.61725
-49.05223
-51.35403
-51.01359
-51.84480
-51.97406
-51.50489
-51.18899
-52.09634
-53.89624
-51.98851
-52.19957
-55.78362
-59.96882
-58.30862
-64.81691
-58.48425
-65.17298
-55.31632
-58.19765
-50.59563
-57.92875
-50.77235
-56.96115
-48.81882
-61.42540
-47.79145
-78.25322
-40.92473
-28.67457
-34.94752
-42.18501
-50.75962
-61.60307
-56.61253
-65.28735
-55.89966
-62.35636
-53.26262
-56.60685
-52.69134
-55.90695
-52.74321
-56.63758
-54.42397
-55.54728
-52.50053
-51.14186
-52.76232
-61.64098
-60.41505
-64.30492
-62.09154
-63.93934
-60.22553
-59.87109
-52.72691
-53.14924
-53.34555
-53.89933
-56.31712
-52.74222
-54.15806
-54.58850
-56.66276
-51.43706
-53.90056
-59.20034
-60.72039
-59.94740
-59.18578
-56.98438
-56.17391
-54.16558
-52.52686
-51.36095
-52.50973
-53.51625
-52.39657
-52.41273
-54.11259
-53.91314
-55.53940
-52.17963
-51.54805
-57.00731
-58.09693
-61.80666
-62.31271
-63.09259
-61.10151
-59.82130
-56.66568
-54.67414
-52.81959
-51.78403
-52.94807
-52.47077
-52.29974
-53.00433
-51.53900
-52.25378
-51.80662
-58.24077
-61.45032
-61.18867
-61.71356
-62.84415
-61.84474
-59.82474
-60.25990
-55.95632
-54.63250
-51.93778
-52.94168
-52.39120
-54.75308
-52.45344
-52.74394
-51.73969
-51.98691
-54.09636
-62.64690
-60.28890
-69.18301
-61.23453
-64.09325
-59.98249
-59.84652
-55.75074
-53.56985
-53.06619
-51.01731
-53.00893
-51.15405
-62.26787
-47.83068
-58.02271
-32.81759
-28.99925
-35.84013
-41.58753
-53.74541
-52.40928
-58.96588
-52.60098
-54.19170
-52.35780
-54.01986
-51.52618
-51.01720
-51.10133
-50.28614
-52.13469
-51.69414
-54.59178
-51.95011
-51.54189
-56.54303
-59.84262
-60.44040
-60.33676
-60.39260
-62.63446
-57.49649
-58.03954
-52.49664
-54.30357
-52.28052
-51.69592
-53.12452
-52.88243
-52.80801
-52.33998
-52.77844
-51.42458
-59.33224
-61.58011
-61.66833
-64.32952
-63.93794
-63.20793
-58.95996
-57.95804
-54.24271
-54.66873
-51.09077
-53.31848
-52.96237
-53.81017
-52.33032
-52.37252
-52.11315
-50.49238
-54.95338
-58.58524
-57.17519
-58.85942
-58.81294
-59.43588
-59.31564
-56.37509
-51.38706
-50.73559
-53.88398
-51.24791
-54.18478
-49.91492
-56.80112
-48.51300
-62.74782
-32.68510
-27.97691
-34.76838
-39.80719
-49.60762
-51.32707
-54.60873
-51.04505
-51.36927
-50.55974
-50.29839
-48.73510
-50.18958
-52.62328
-53.18026
-51.69881
-49.15118
-54.48365
-51.92827
-52.00702
-54.53564
-59.05883
-56.51772
-60.92399
-55.43877
-66.86203
-54.57152
-55.93807
-51.36774
-55.07031
-47.72018
-58.88937
-49.31402
-61.78343
-47.90609
-68.14932
-42.63241
-28.47734
-32.37743
-38.61473
-50.22215
-60.68315
-59.25724
-63.45231
-54.57945
-70.33575
-55.24118
-54.17283
-51.45308
-58.26304
-53.90280
-56.88245
-53.42372
-57.67429
-53.76021
-52.69315
-53.10652
-56.28371
-58.60987
-66.99649
-62.93839
-64.53935
-64.24968
-62.12954
-58.50647
-56.53805
-56.40261
-52.66542
-52.15013
-55.00820
-56.10819
-53.30773
-55.82702
-53.03637
-53.00330
-57.54871
-55.93555
-58.07463
-54.43408
-53.96217
-52.54609
-52.70648
-52.84638
-51.64789
-49.75457
-49.88643
-52.47566
-52.73666
-53.35108
-49.57976
-52.85263
-55.39470
-52.32998
-56.45572
-61.18695
-62.41379
-67.30516
-58.97906
-60.55837
-55.67069
-67.35587
-52.14797
-57.18422
-50.59937
-55.11275
-50.89443
-64.82571
-49.33475
-63.49953
-44.75081
-29.48092
-33.53643
-39.34297
-48.68816
-73.42966
-58.72685
-62.70219
-55.51722
-98.54523
-54.59292
-59.57251
-51.76492
-56.89804
-55.68004
-59.13194
-52.61058
-54.25122
-56.54052
-52.58977
-51.98009
-60.43650
-62.40214
-67.16246
-64.71325
-63.99212
-61.69917
-65.45736
-53.98906
-52.22257
-52.88298
-53.46307
-59.66829
-54.00126
-51.64999
-51.65406
-61.25275
-53.17276
-53.98309
-56.86889
-57.29753
-59.54359
-59.85783
-55.16396
-53.05073
-55.49064
-53.61666
-52.73021
-51.32188
-51.24627
-54.62652
-55.81652
-53.09052
-52.21075
-56.57582
-54.48149
-52.19398
-55.35297
-58.62224
-66.63782
-68.51600
-62.08704
-59.46916
-58.19780
-55.85716
-55.96314
-52.37208
-52.05386
-54.20930
-53.05824
-53.98369
-52.90278
-52.31193
-53.54995
-51.08965
-56.74301
-62.41784
-62.26197
-68.39631
-61.88657
-60.57173
-58.17367
-61.90200
-59.55162
-54.19693
-51.81514
-53.81755
-54.31193
-54.86774
-52.89061
-54.92145
-55.32098
-51.11943
-54.26031
-56.43641
-61.11415
-68.72450
-67.21135
-58.72521
-60.64299
-62.18040
-58.22332
-54.50429
-51.74370
-51.90292
-52.84073
-55.86134
-53.63445
-52.97207
-55.60826
-53.61241
-53.36259
-56.92884
-57.77911
-57.35705
-57.18313
-55.55599
-52.45501
-54.60432
-55.62295
-53.44273
-50.48477
-50.68037
-53.14463
-51.93429
-53.38567
-50.31901
-54.46366
-54.66131
-51.23405
-55.65662
-56.38813
-63.59110
-63.13742
-61.50557
-57.24488
-57.54297
-60.72101
-54.40908
-52.94594
-51.79842
-51.97648
-53.98241
-54.10142
-51.29402
-53.58624
-54.72157
-51.06323
-57.30533
-61.41079
-61.92985
-67.55478
-62.30536
-55.44047
-55.72945
-68.59669
-60.41080
-54.68078
-53.91513
-53.19108
-53.18205
-58.03092
-52.88827
-52.11913
-53.03060
-51.70173
-52.21044
-52.05041
-51.26841
-52.07967
-57.07360
-50.32350
-52.36970
-53.41970
-51.25023
-52.53185
-53.40703
-53.55884
-52.77645
-54.24320
-52.01749
-51.00689
-52.12281
-50.82827
-49.44073
-52.18620
-50.29483
-50.45697
-50.22868
-51.12737
-48.91721
-49.01341
-50.85387
-49.06558
-51.10943
-50.11329
-52.75366
-51.41773
-52.54006
-53.81100
-51.37083
-50.20311
-49.87619
-52.28443
-52.19434
-56.73385
-53.90248
-52.94355
-54.15394
-51.04461
-50.97202
-53.04191
-53.94311
-53.27644
-54.21822
-53.64533
-52.24807
-50.33300
-51.01834
-52.20575
-50.89096
-51.98352
-55.95181
-54.06692
-57.42468
-58.54637
-56.87033
-56.86517
-55.70446
-56.01177
-54.53149
-52.89265
-53.32068
-52.96734
-54.05348
-54.48533
-53.25661
-54.00924
-51.24927
-51.83693
-55.41032
-61.09125
-60.66228
-62.01636
-59.07241
-62.74984
-59.22070
-62.70317
-53.63075
-57.16940
-51.33157
-53.31315
-53.58395
-60.78471
-50.60227
-62.91422
-44.38253
-27.37359
-28.09006
-35.18340
-41.22425
-49.40479
-48.65172
-52.10531
-48.99562
-50.51579
-48.93184
-50.16085
-50.26052
-52.38106
-51.34532
-54.02623
-51.59038
-53.53174
-52.90875
-50.44545
-52.12203
-55.13672
-58.97145
-62.17202
-59.64274
-56.48637
-54.52701
-56.61185
-53.38634
-53.15259
-54.86679
-51.24834
-53.22003
-53.54307
-54.00183
-51.47971
-53.61105
-50.26602
-51.50260
-53.05984
-54.07714
-53.88496
-54.13177
-56.51758
-50.74837
-51.11534
-50.33744
-50.44496
-49.49676
-52.67853
-54.26217
-51.67036
-54.02806
-52.08442
-53.71444
-51.33716
-50.82611
-56.62354
-56.45239
-57.28570
-57.96637
-61.25273
-58.41766
-60.50556
-53.15541
-50.53595
-51.81643
-51.59532
-55.17982
-52.45356
-50.98969
-52.66805
-55.84752
-52.37127
-50.79225
-53.86237
-53.40290
-50.78484
-51.75429
-53.04985
-52.25061
-51.08245
-50.32830
-51.15946
-52.23638
-49.56739
-50.05616
-52.20946
-52.10576
-53.99253
-52.68393
-53.15344
-51.03115
-52.08819
-55.27426
-57.70511
-59.12694
-57.68689
-57.41151
-55.33479
-55.93494
-52.15510
-52.34365
-52.73084
-51.01856
-51.25456
-52.43055
-52.47407
-52.19796
-53.31948
-51.03849
-53.05419
-55.56724
-56.79633
-61.17190
-57.87262
-55.78080
-57.08911
-55.79983
-55.64209
-54.77587
-52.18368
-52.19220
-52.61643
-54.52803
-53.25470
-53.39739
-53.55472
-50.21979
-50.66086
-53.75167
-52.42519
-54.66710
-55.05538
-53.20516
-53.47069
-54.29819
-54.70398
-51.61695
-50.93846
-49.80633
-50.29669
-50.97741
-51.31348
-49.83582
-50.66339
-50.48144
-49.88109
-51.67870
-53.56754
-55.58886
-54.46434
-54.16863
-50.19203
-50.85055
-51.94797
-51.49930
-52.01235
-51.72780
-50.80033
-49.85256
-50.67022
-49.87725
-52.30871
-53.00724
-49.44222
-53.56168
-56.25864
-53.53346
-56.92304
-57.68672
-58.97688
-59.01079
-60.54596
-54.04394
-53.47201
-53.82964
-51.93931
-52.93570
-53.01190
-53.62210
-52.87306
-52.67622
-50.19884
-51.23577
-54.36004
-52.98671
-52.36809
-51.94867
-51.52093
-51.12866
-50.45704
-54.16566
-52.70778
-51.46624
-51.89347
-51.52518
-52.70436
-53.32047
-51.73570
-52.98084
-53.26409
-50.76063
-50.25357
-50.07473
-50.49906
-50.05814
-53.07833
-51.56162
-52.85379
-50.71028
-50.18793
-51.53784
-50.90772
-51.58086
-51.98861
-52.90310
-50.49927
-50.64545
-50.23355
-49.56854
-52.44072
-50.87979
-50.61777
-51.34884
-50.09716
-51.35372
-48.12668
-49.43333
-49.87011
-50.36890
-50.10382
-48.97267
-50.88240
-52.67133
-51.86903
-51.29218
-51.18027
-50.10722
-52.03811
-52.69722
-54.47901
-55.17068
-54.80457
-53.12068
-53.55987
-55.52619
-55.10184
-53.04928
-52.58680
-52.21049
-50.91185
-52.03006
-52.41644
-52.30185
-53.42273
-51.19752
-51.59650
-55.93932
-58.24407
-56.95223
-57.94790
-58.13949
-56.29171
-56.69864
-54.57391
-53.79700
-53.98200
-52.92938
-52.99464
-54.26647
-53.40224
-53.72959
-54.02600
-51.39161
-51.51220
-55.39467
-58.87002
-60.22371
-59.96958
-60.89547
-61.31226
-60.32434
-58.46789
-55.89692
-53.63429
-53.39921
-51.88475
-53.13560
-55.92164
-53.08707
-54.32957
-52.58994
-49.63188
-53.08572
-53.71123
-51.03824
-52.25734
-50.58257
-50.61293
-50.41694
-49.31327
-50.36770
-50.10236
-50.88111
-51.60447
-51.09540
-52.31650
-51.64791
-53.22742
-52.85638
-50.59695
-53.35684
-54.60580
-57.53639
-59.75113
-57.04359
-56.71724
-54.69694
-56.46261
-55.31905
-53.24713
-53.68635
-51.62508
-52.82020
-53.83685
-52.76560
-51.80713
-53.17969
-50.94945
-50.85329
-52.92458
-51.80700
-54.34636
-55.16639
-54.17534
-50.40198
-52.29322
-51.89575
-50.11140
-49.66196
-49.12885
-52.52230
-51.20880
-54.08670
-54.30427
-54.55148
-51.70925
-51.04063
-52.32550
-50.02057
-56.17097
-55.32241
-57.15632
-57.42876
-58.87634
-53.84957
-49.34588
-53.47877
-54.45409
-55.97676
-54.24479
-54.31699
-55.17254
-54.83775
-53.18612
-51.52275
-51.86988
-51.97226
-52.67696
-52.29726
-53.37498
-54.29790
-51.51577
-49.17123
-50.37364
-50.88299
-49.79426
-50.04206
-51.82465
-52.00218
-51.60825
-53.54555
-51.08819
-50.76323
-53.37267
-56.39767
-56.65937
-53.09895
-55.15451
-58.90365
-56.97658
-54.30353
-51.27733
-52.45769
-52.45807
-51.58588
-51.06564
-51.24193
-53.64437
-52.04079
-53.53995
-51.70489
-51.97877
-58.39632
-60.86319
-59.80998
-59.96780
-59.29969
-55.26125
-56.78333
-57.37722
-53.87226
-52.40074
-52.16432
-53.23420
-53.34495
-53.22105
-53.04882
-52.47094
-50.85992
-50.71669
-53.42839
-52.79756
-51.51773
-54.82906
-53.62345
-52.07799
-59.51749
-53.75507
-51.36733
-50.95828
-50.04765
-49.81822
-50.80936
-52.16974
-49.65198
-51.21157
-49.30770
-48.80299
-51.37233
-53.52613
-53.86989
-55.69395
-53.86391
-52.47887
-51.88332
-49.04598
-52.93952
-53.21438
-50.75054
-50.60017
-49.79760
-50.77489
-51.60420
-52.10938
-52.46283
-51.10074
-52.15935
-56.34739
-55.08068
-55.79603
-56.49496
-54.89432
-56.15169
-57.12296
-52.17312
-52.38397
-53.55558
-51.97060
-52.23699
-52.65914
-54.03444
-53.46680
-55.01851
-50.03331
-50.68840
-53.88546
-52.70059
-51.70469
-51.58713
-52.10611
-53.54425
-54.90730
-50.49518
-52.22740
-51.29195
-51.58506
-52.02383
-51.74109
-53.65941
-51.62320
-50.98528
-51.08009
-51.54028
-51.88963
-52.54984
-51.30284
-51.73188
-52.35101
-51.65826
-53.07627
-50.29956
-50.97895
-51.25013
-50.30751
-51.83809
-50.79287
-52.81095
-51.12675
-52.08379
-50.30325
-49.17151
-53.26089
-51.62175
-51.56857
-49.53561
-50.48084
-50.39179
-50.71029
-51.25796
-48.52884
-51.71413
-50.57827
-50.63757
-50.11632
-48.48425
-49.11998
-50.50313
-53.22920
-51.62986
-53.06677
-54.25608
-54.57125
-55.37416
-56.30268
-58.45442
-55.45438
-54.83298
-54.59524
-52.57681
-52.65552
-52.01402
-50.78591
-53.57390
-53.55796
-50.02544
-51.29282
-51.03512
-53.32695
-57.36116
-57.51630
-57.08909
-57.23129
-58.80389
-58.08135
-61.70677
-56.39071
-54.90080
-53.60843
-51.79180
-52.30584
-52.97009
-54.93923
-55.69982
-55.37215
-50.87410
-50.21816
-54.79232
-58.85680
-62.62760
-61.77195
-63.98920
-62.77906
-64.25286
-59.36046
-54.52369
-54.01150
-53.61756
-54.07009
-55.03388
-57.56354
-53.42999
-56.46406
-53.17676
-49.41810
-55.59041
-55.87922
-56.31501
-54.93764
-54.06174
-53.42980
-53.23336
-53.83377
-51.95693
-51.93395
-50.72956
-51.55664
-52.26453
-53.23038
-50.59542
-52.55792
-55.30393
-50.69243
-52.88071
-56.71222
-59.16455
-62.49000
-62.66813
-63.70192
-59.14835
-60.71680
-54.06608
-51.86565
-55.60850
-52.85059
-52.84204
-53.84979
-53.12165
-51.82001
-53.67980
-50.94556
-54.39184
-64.50819
-60.62091
-63.05215
-61.23479
-63.36254
-61.45469
-62.78236
-59.54793
-57.15536
-56.48418
-55.92923
-56.38773
-57.20525
-58.52099
-56.81122
-58.66356
-52.31378
-50.35080
-57.07258
-59.78096
-68.59337
-65.43238
-69.16459
-62.66348
-68.92355
-57.15411
-50.33080
-55.69864
-54.95358
-58.26832
-56.13416
-55.13243
-56.31509
-60.66787
-56.52567
-51.76514
-57.54993
-58.93247
-58.75881
-59.60217
-57.97888
-56.15762
-56.57879
-53.17374
-52.33806
-52.84813
-52.00936
-52.37333
-53.18622
-53.78463
-53.44928
-56.42949
-54.47994
-51.42782
-53.47954
-57.20954
-61.31573
-67.66301
-64.02154
-65.22017
-61.61885
-61.59888
-56.10650
-52.36362
-52.41986
-52.57440
-53.73822
-52.75963
-54.23924
-53.54903
-52.79386
-50.23408
-53.43020
-62.77253
-62.18858
-65.17094
-65.13739
-67.28227
-64.54444
-63.81335
-59.44382
-55.20649
-53.56458
-53.81150
-53.09290
-54.69596
-55.72712
-55.91736
-56.74643
-51.77328
-51.08260
-56.22957
-60.71276
-65.81617
-65.63913
-66.31789
-65.17601
-64.13252
-59.87249
-54.13170
-54.51943
-53.22784
-52.15801
-55.30844
-58.64204
-54.44219
-55.22608
-54.33462
-50.98003
-55.70741
-57.31138
-56.40304
-57.24349
-56.49275
-54.85713
-54.57192
-54.67231
-53.81105
-54.38039
-51.62923
-51.47206
-51.05553
-52.57558
-51.47689
-53.71307
-54.96573
-50.56603
-53.30144
-57.74015
-59.86587
-63.71550
-62.22075
-63.18644
-61.22655
-59.84518
-54.30375
-52.54977
-55.22187
-52.14364
-53.17172
-53.24705
-54.61676
-54.18019
-54.81309
-50.05797
-54.01764
-61.37583
-61.34440
-65.83540
-64.75314
-62.12829
-62.23716
-61.49158
-59.30618
-55.88103
-56.13665
-56.92127
-56.49125
-57.13030
-56.01187
-58.23456
-56.75944
-55.62714
-49.01081
-56.17000
-50.84941
-58.32480
-48.36828
-56.53283
-48.78803
-59.64500
-38.67235
-26.58286
-28.26259
-34.76256
-47.76512
-53.19001
-54.81118
-56.40254
-56.18455
-56.09653
-50.19519
-54.05570
-53.85902
-57.23784
-51.93539
-51.92575
-51.83154
-49.87609
-50.72342
-51.54886
-49.94625
-50.90881
-49.18347
-48.94627
-48.57297
-50.32189
-51.40349
-53.02382
-50.22432
-51.96528
-57.35715
-59.41429
-58.43117
-58.01007
-58.80423
-59.83748
-59.89681
-54.59041
-52.57192
-52.36468
-52.27444
-52.50144
-52.49234
-53.26063
-52.24058
-52.19713
-51.87619
-50.47463
-57.11707
-58.42541
-62.70653
-62.21773
-61.07711
-59.87293
-60.71773
-60.37452
-55.31134
-53.65509
-53.92611
-54.22059
-53.03484
-54.35121
-54.11936
-57.08535
-51.97534
-50.58990
-54.28360
-59.17801
-62.41707
-61.36892
-62.77898
-62.78221
-65.48966
-58.34873
-54.43953
-54.58439
-53.67551
-52.54242
-55.93207
-58.29039
-55.24888
-54.37367
-54.93290
-49.22049
-53.40524
-54.44886
-53.12971
-54.75690
-54.08858
-53.33987
-48.94812
-54.48146
-51.34662
-51.21897
-50.79506
-50.24322
-51.67749
-51.95167
-50.39987
-51.18661
-54.16164
-50.65553
-52.60174
-56.65031
-58.33793
-61.33240
-62.97158
-59.34833
-61.28475
-61.35785
-53.92645
-51.32867
-54.31880
-52.14770
-53.53091
-54.44412
-52.82987
-52.30929
-53.13028
-51.53657
-51.11736
-58.14569
-61.73378
-63.01418
-62.16872
-63.56677
-62.06057
-61.71790
-58.96897
-55.89479
-56.31326
-56.94017
-57.36238
-57.41467
-57.58327
-57.28304
-58.03652
-54.29954
-51.04228
-55.59282
-60.75321
-65.70809
-64.85534
-68.48160
-65.49953
-66.05007
-58.75768
-50.17167
-54.28323
-55.71606
-57.32189
-55.93517
-54.70686
-56.66701
-58.60829
-56.97024
-51.29757
-55.20627
-56.40748
-57.20918
-58.21492
-56.91647
-56.00399
-53.26148
-52.37180
-53.32396
-52.25470
-51.89599
-51.67246
-51.90507
-55.24156
-53.13381
-56.39504
-55.37585
-50.97100
-52.45251
-57.27872
-62.88287
-64.49379
-62.81209
-65.87812
-62.79665
-58.54756
-55.86090
-52.66802
-52.87029
-52.60483
-52.53191
-52.31218
-54.72328
-53.00806
-53.26306
-52.42245
-51.55559
-56.98987
-61.68184
-65.92437
-62.95028
-66.76320
-64.97574
-64.40865
-60.98668
-55.62327
-53.70354
-53.48099
-53.52576
-54.12209
-54.12052
-54.91267
-56.27164
-51.88304
-50.93545
-54.60786
-58.92276
-64.52365
-65.76553
-66.11697
-65.96665
-64.02224
-60.55303
-54.24719
-53.53836
-52.97315
-52.01521
-53.33591
-57.11933
-54.82001
-54.30835
-54.90669
-50.99856
-53.79951
-56.74451
-55.71212
-55.94666
-55.32329
-54.42425
-54.55013
-53.24188
-52.93522
-52.57424
-52.20336
-51.60047
-50.83832
-54.27808
-53.42644
-54.15014
-56.26488
-50.89620
-51.28887
-58.06742
-60.79786
-61.70244
-61.54050
-62.29916
-58.25595
-61.45196
-54.50072
-51.23471
-54.32471
-52.16544
-53.16294
-54.29697
-55.50467
-53.22772
-53.87781
-51.98118
-51.24975
-55.38160
-56.29404
-56.42061
-56.97104
-54.62791
-52.70038
-53.06939
-54.38860
-55.13406
-55.18530
-53.86961
-53.04526
-53.34690
-52.95017
-53.06953
-51.35123
-51.75400
-49.71963
-52.47462
-53.22165
-53.50185
-54.84620
-53.27169
-54.80651
-53.89773
-51.53838
-49.85563
-51.84131
-51.56063
-51.40372
-50.12445
-51.81824
-50.18833
-50.04851
-52.62929
-50.79462
-51.63068
-53.29029
-53.29593
-52.95825
-53.58398
-53.26377
-53.01633
-52.03126
-53.16223
-53.63787
-52.51501
-52.67062
-52.09699
-53.03547
-52.37754
-52.85098
-54.95800
-53.09814
-55.27884
-55.81646
-54.72554
-54.64846
-55.00545
-55.33895
-54.45369
-52.80687
-54.30472
-58.57942
-56.72948
-56.59753
-56.40774
-56.10682
-56.05752
-58.03655
-59.14152
-56.07090
-55.33945
-58.88155
-58.03635
-59.09877
-61.03720
-58.74455
-59.13519
-60.22588
-60.92811
-62.18170
-61.15171
-59.44270
-60.44348
-59.50839
-63.48663
-60.11172
-61.80303
-55.85643
-54.90126
-62.51084
-60.79948
-63.29010
-59.31610
-59.60090
-61.59635
-63.16805
-61.48416
-61.60778
-62.70692
-61.61568
-63.35694
-61.87567
-61.07422
-59.98136
-64.41398
-58.61842
-54.20120
-58.23648
-58.02091
-56.54698
-56.99485
-56.93026
-56.16348
-56.11716
-57.36241
-54.93747
-54.70936
-54.71806
-54.50954
-54.42694
-56.79908
-58.48718
-61.64788
-62.66742
-54.90269
-58.58926
-65.66635
-64.80974
-65.17462
-63.93920
-66.49935
-67.34610
-67.67224
-65.03769
-61.77165
-61.39281
-64.35089
-61.95372
-63.57814
-65.09253
-65.61821
-66.29820
-55.34726
-56.51235
-65.47303
-65.06155
-69.13573
-69.02347
-72.30858
-69.51462
-66.87008
-64.66592
-66.36767
-65.87320
-64.59607
-66.41964
-63.97892
-65.83125
-62.91466
-68.79850
-56.99944
-55.06029
-63.52904
-63.82525
-65.43963
-64.96164
-67.19567
-64.22832
-64.75805
-62.24837
-61.36620
-62.97234
-60.36581
-60.22345
-61.33583
-62.71991
-59.13215
-61.96971
-58.93003
-53.87972
-57.27734
-56.21173
-57.04750
-58.31334
-57.11817
-58.00971
-57.45735
-57.33396
-55.31838
-55.37705
-56.00799
-55.24541
-53.14084
-55.77600
-56.82171
-58.11285
-60.51499
-55.17277
-58.83821
-65.47051
-66.14874
-71.19186
-70.03217
-75.31686
-68.16844
-64.19526
-65.57052
-68.89025
-65.31101
-63.47996
-62.51382
-64.02165
-65.96952
-64.11393
-66.29639
-55.26789
-56.05265
-65.06970
-61.72522
-66.34745
-67.83539
-65.58296
-66.92934
-70.87048
-70.72982
-67.21848
-62.31663
-63.43987
-65.78377
-61.47474
-64.66864
-64.03066
-70.32400
-58.12702
-55.19188
-62.81407
-62.36553
-59.98103
-57.92477
-61.33271
-60.95962
-58.57084
-57.89061
-59.75922
-59.56235
-59.30877
-63.43994
-62.06102
-62.93859
-60.82881
-64.61198
-61.12905
-53.95610
-55.84611
-56.87397
-54.74857
-54.53630
-54.47299
-53.61451
-53.72491
-54.38626
-53.81732
-54.59591
-54.82115
-54.23924
-53.65247
-54.89127
-55.58165
-56.09803
-56.71316
-52.96094
-55.10959
-56.27060
-55.29968
-59.54563
-57.50481
-57.67337
-56.59292
-55.39818
-54.99948
-54.57367
-55.10758
-56.40780
-57.99077
-56.91660
-56.97049
-57.85858
-58.04632
-53.64160
-53.88393
-55.96917
-56.46996
-58.57820
-56.37976
-56.79643
-55.82986
-55.13395
-56.34880
-55.25781
-55.37508
-56.84155
-53.59844
-54.39399
-54.92087
-53.72531
-54.59759
-50.48366
-51.94814
-52.47390
-51.26545
-53.64921
-55.37306
-55.34081
-52.44527
-52.53491
-50.76678
-54.04981
-55.37015
-50.42644
-52.17784
-52.10457
-53.51345
-51.65388
-51.10365
-49.45885
-49.86808
-55.14580
-53.28451
-55.69730
-54.51649
-53.28085
-53.88093
-50.75382
-50.50924
-54.45090
-52.06296
-49.30584
-51.36773
-52.77835
-52.19330
-50.42909
-48.77070
-49.69349
-49.95864
-51.80251
-53.65921
-55.16906
-56.73198
-54.40539
-54.34745
-55.12904
-56.00374
-55.98287
-53.48917
-49.89142
-51.42143
-54.20396
-52.94396
-53.11139
-52.25366
-52.55111
-52.32466
-54.17952
-58.64010
-55.41817
-57.76356
-58.62454
-62.33261
-57.99584
-60.71629
-58.19544
-55.69745
-51.64364
-52.84483
-52.83933
-53.16789
-54.22857
-51.47155
-54.30178
-51.42349
-52.49833
-55.44548
-62.01154
-60.40796
-72.11081
-56.55777
-59.40079
-55.34202
-64.81687
-58.32704
-58.47631
-51.58656
-63.55275
-57.02314
-61.45553
-48.81254
-62.59063
-49.22609
-29.47800
-32.96829
-41.42756
-48.83246
-76.29044
-55.17357
-63.23767
-54.35117
-79.60317
-54.58520
-54.72493
-49.29415
-53.80428
-52.77821
-56.16223
-51.56229
-51.40440
-55.48545
-53.03136
-53.21349
-56.64614
-61.36296
-72.39072
-66.65971
-59.42300
-60.63496
-63.92483
-58.00110
-51.70749
-53.44635
-52.65705
-53.55033
-54.77191
-53.44400
-51.93632
-54.97476
-53.92459
-54.21354
-61.19077
-58.96397
-72.47175
-64.72155
-62.92316
-59.27407
-65.49557
-62.16475
-56.87561
-54.65743
-54.93782
-56.67110
-57.89310
-55.48999
-51.43938
-56.85259
-54.06295
-52.58823
-55.62873
-62.08795
-60.87034
-82.25521
-60.12667
-65.31412
-59.06897
-69.99299
-59.76134
-58.23219
-51.51237
-70.67767
-63.58044
-65.32867
-49.41569
-58.43855
-53.65746
-29.59199
-32.76797
-41.18625
-47.35673
-69.02127
-56.04866
-62.21507
-53.29992
-70.87409
-54.46224
-55.00376
-49.59870
-54.21081
-51.93850
-56.42031
-52.39322
-52.67003
-53.59209
-51.98788
-54.34911
-56.38015
-59.43080
-70.06167
-70.52283
-61.16988
-58.93828
-60.45346
-58.97925
-54.42459
-52.76046
-52.78375
-54.38249
-56.79755
-55.78403
-50.96682
-53.76356
-52.25965
-54.21467
-61.11808
-60.77502
-70.03619
-69.88794
-64.01963
-60.64895
-60.60092
-59.28767
-56.03666
-52.04542
-50.91163
-54.45124
-57.33304
-53.02984
-52.10651
-54.55405
-52.16414
-52.91993
-55.06319
-60.36272
-61.61436
-81.62673
-61.76070
-61.11266
-58.90977
-73.04900
-64.07824
-61.67764
-51.94398
-69.02282
-65.16353
-62.83815
-52.61284
-56.81195
-56.37327
-29.41268
-31.06744
-40.86531
-47.43976
-68.37631
-56.13235
-66.04986
-55.38532
-74.39145
-55.00120
-54.43921
-49.04145
-52.70104
-52.82371
-55.92618
-52.72748
-52.75473
-57.91764
-53.40442
-53.29633
-57.10981
-61.72223
-72.44673
-68.54592
-64.55161
-60.29215
-59.09907
-59.56288
-52.30973
-52.23295
-52.14636
-53.92314
-54.26713
-54.49293
-51.54753
-53.88076
-53.02686
-53.66758
-60.05821
-59.03238
-68.37491
-69.93652
-67.34391
-59.72502
-61.04923
-64.60048
-55.31532
-52.50632
-52.68899
-59.67531
-63.41660
-54.79327
-50.03202
-57.19403
-59.40638
-51.87422
-54.58818
-56.88523
-65.58615
-71.51943
-65.07826
-55.75597
-59.39018
-86.21836
-64.67917
-53.49781
-50.74114
-58.53389
-70.75526
-58.92049
-51.62063
-53.44659
-55.02496
-50.05074
-53.37800
-54.18031
-57.87844
-58.64150
-57.62347
-55.22534
-50.69133
-53.94507
-54.11470
-52.34362
-49.72878
-50.26564
-52.09606
-51.20797
-50.96083
-50.50928
-51.48445
-50.94907
-50.43771
-54.43958
-55.33900
-55.89999
-60.06267
-55.51970
-56.44737
-60.92978
-58.74063
-55.00412
-51.95611
-52.67427
-53.66107
-53.21840
-52.26344
-50.95783
-53.04493
-53.72566
-50.24967
-52.57839
-54.13298
-54.45099
-53.95667
-52.75722
-53.13217
-51.80041
-52.09102
-50.51806
-50.19711
-49.78914
-49.85546
-51.03293
-52.11629
-51.29734
-51.81382
-52.29652
-50.37266
-52.31924
-55.71554
-54.78813
-56.47620
-57.71873
-56.68712
-57.13192
-59.69533
-58.27586
-54.78255
-54.97519
-59.23376
-64.78228
-57.32609
-51.89064
-53.88855
-62.10026
-51.11395
-52.24891
-57.65338
-57.19643
-63.44255
-58.28747
-56.86375
-56.89727
-62.25874
-57.36689
-51.86015
-50.13725
-50.77650
-51.70288
-51.22912
-50.84707
-50.80650
-53.93892
-51.03729
-50.72991
-53.25138
-54.41861
-54.07262
-54.59139
-58.34229
-57.51891
-61.55557
-59.52070
-53.41541
-52.98184
-53.71147
-53.15742
-54.66222
-51.95187
-52.45474
-53.94256
-54.35116
-50.31417
-52.50432
-53.75675
-54.15465
-54.31729
-52.19617
-55.00758
-53.55225
-54.21367
-51.29542
-51.72831
-51.06357
-51.98641
-51.18414
-52.56287
-50.11131
-52.87688
-52.30780
-50.31170
-51.93731
-55.10047
-56.26736
-56.20194
-53.73622
-54.99726
-53.80557
-52.81163
-49.97239
-50.92960
-56.84538
-55.00215
-70.50052
-53.64376
-59.04551
-47.10693
-50.97935
-33.45712
-28.09042
-34.32711
-40.88283
-59.28260
-54.72745
-59.61327
-54.93892
-60.58224
-55.21528
-52.18307
-49.98167
-50.47030
-50.61518
-51.27941
-52.69046
-50.10373
-53.42166
-50.36258
-50.49846
-52.38512
-56.80242
-55.59992
-60.64032
-59.11548
-59.26850
-60.02349
-59.02701
-52.99839
-52.12296
-54.00053
-54.49802
-55.43595
-55.37365
-51.17081
-53.35214
-52.93227
-49.60024
-53.98657
-52.97912
-54.11914
-52.21120
-51.85740
-54.22145
-52.32538
-52.78481
-51.81926
-51.27550
-50.30585
-50.82106
-51.58190
-52.17924
-51.58189
-51.17839
-51.64153
-50.23130
-52.65493
-55.17613
-54.95375
-55.02112
-58.79806
-57.51236
-56.61652
-62.28350
-59.95025
-55.21294
-52.55116
-55.25035
-60.26367
-59.43742
-53.04041
-54.07449
-64.97946
-53.21033
-52.98772
-57.08565
-58.36010
-63.74163
-60.03968
-60.22037
-57.70606
-61.59309
-58.24963
-51.98074
-49.96377
-50.95224
-51.68036
-52.38081
-52.68565
-50.33634
-53.56386
-52.34603
-50.22492
-53.63084
-54.42808
-53.72393
-55.06700
-58.13225
-58.49800
-58.67678
-59.08525
-53.02298
-52.74190
-52.88992
-52.91974
-54.58666
-52.64200
-50.60086
-53.37497
-53.94468
-50.42675
-53.31826
-53.06161
-52.71669
-53.51814
-52.05842
-51.24872
-50.81927
-50.63380
-50.60623
-49.13663
-49.73029
-50.35560
-54.30475
-51.13545
-48.77603
-50.84114
-51.26970
-50.90807
-50.42186
-50.25937
-53.23155
-60.55879
-52.82976
-49.95412
-51.07594
-55.91802
-50.77260
-50.61030
-48.84686
-52.84888
-56.81818
-54.69678
-50.06117
-50.52966
-52.74249
-49.97310
-50.84235
-52.42475
-53.01209
-51.50650
-50.48601
-49.79754
-48.93680
-49.56433
-51.47993
-47.66589
-51.29768
-49.15873
-52.73988
-47.21179
-54.96463
-47.18118
-55.38914
-34.94388
-27.17580
-31.31320
-35.53403
-44.84882
-51.21678
-55.03938
-53.72981
-56.30920
-57.26821
-53.40948
-52.98844
-50.72363
-52.75354
-51.15216
-54.09838
-51.02424
-53.26735
-51.22506
-51.17312
-53.41555
-55.45103
-52.88228
-54.38794
-52.78134
-53.28164
-53.14571
-56.56445
-53.00567
-50.46124
-50.99371
-50.36935
-50.54788
-51.54629
-51.12197
-51.48729
-52.25559
-50.33859
-52.44603
-55.13833
-55.33667
-55.00351
-60.07377
-60.39448
-58.83433
-58.37186
-57.88293
-54.71594
-53.95549
-53.94288
-52.18781
-54.32510
-54.58729
-53.91324
-53.88939
-50.09390
-50.59113
-52.06788
-50.17045
-50.14191
-50.21897
-49.70451
-51.24043
-51.01307
-50.38762
-51.56558
-48.70078
-49.72353
-50.64443
-49.87709
-51.44459
-51.53359
-55.05132
-52.49588
-51.05276
-54.44552
-55.91935
-54.89215
-57.16874
-59.07871
-53.78785
-56.58979
-56.09087
-51.87747
-54.37511
-53.24546
-51.19407
-51.66872
-53.47013
-52.62150
-52.77179
-52.73901
-50.20338
-52.35201
-51.38629
-50.66885
-50.61941
-52.16787
-51.00816
-50.74304
-51.87212
-49.11378
-49.02573
-50.08063
-52.87234
-51.20550
-51.79305
-52.87092
-52.28298
-51.64894
-49.72662
-52.75981
-53.83656
-53.11800
-52.17021
-52.56919
-53.84185
-53.49395
-54.03085
-50.14038
-51.63524
-53.94650
-53.09024
-54.72297
-52.80378
-53.37480
-54.36350
-52.57761
-52.10047
-51.29352
-53.95557
-53.05649
-51.92088
-52.09931
-52.01747
-52.79170
-49.57159
-50.23620
-49.91425
-49.29961
-49.03237
-50.46104
-51.32598
-52.26936
-52.45765
-51.89923
-50.45960
-49.81584
-54.15101
-53.82429
-54.63691
-54.56439
-56.15631
-55.31249
-57.30020
-57.79518
-53.26163
-51.69397
-51.37544
-52.38645
-52.38433
-53.47983
-53.07313
-52.97386
-51.73815
-50.02547
-54.79036
-53.45310
-52.46567
-53.20959
-51.63530
-53.90137
-52.00205
-53.18636
-51.36025
-51.05049
-51.10262
-51.09879
-50.56061
-52.42698
-51.02064
-51.34559
-49.84497
-50.17346
-51.28965
-52.43945
-52.21141
-52.09923
-54.30770
-52.32433
-53.52455
-53.14348
-54.47965
-50.15113
-52.02474
-48.53898
-52.46779
-48.41933
-55.93064
-46.41972
-66.92220
-34.78100
-27.11052
-33.54401
-40.08919
-45.52062
-52.54128
-53.03742
-55.41242
-50.14268
-51.70497
-51.31198
-51.32079
-50.38358
-49.44497
-48.98040
-51.39920
-51.11093
-53.01182
-50.50784
-50.69905
-52.52248
-54.67074
-53.35270
-55.77379
-54.94034
-54.06051
-54.67300
-54.88534
-52.51511
-54.23993
-52.45926
-52.04743
-53.02931
-54.11739
-52.82913
-52.97680
-51.84688
-49.07163
-52.82317
-51.35394
-51.38184
-51.66450
-49.81730
-49.86079
-51.33689
-51.30200
-50.22426
-48.42141
-48.61177
-50.84641
-50.68619
-51.23746
-52.23834
-51.46950
-50.54546
-50.69245
-52.09563
-51.92854
-52.31551
-51.21677
-51.61015
-50.41028
-51.81446
-51.45431
-49.18306
-51.56616
-50.64824
-52.22072
-51.70157
-51.09485
-51.31858
-50.59319
-50.30173
-49.24787
-49.95699
-51.46125
-51.72161
-50.70126
-51.00980
-51.38111
-48.56984
-49.27321
-50.86510
-50.15524
-50.40189
-49.90133
-49.78603
-49.09975
-49.63292
-51.11301
-52.63430
-50.79688
-49.56650
-51.63155
-52.92511
-54.27943
-56.82466
-51.53187
-52.03671
-56.39656
-52.88084
-52.52157
-51.04557
-52.17025
-52.02463
-51.65951
-52.70381
-52.40746
-53.48402
-52.43619
-49.93565
-53.45876
-55.97043
-54.33475
-54.77640
-52.96318
-54.52628
-52.87024
-52.44883
-52.38149
-51.99852
-51.43121
-52.70150
-51.21530
-52.22743
-51.33348
-53.25193
-51.02717
-49.38016
-52.64485
-55.07618
-55.94336
-56.03454
-58.30863
-57.36440
-60.54036
-57.49918
-58.30698
-53.95498
-55.79384
-51.22675
-54.91750
-52.86799
-60.78190
-48.78207
-62.89402
-36.06703
-26.39486
-29.22324
-36.38667
-43.52619
-50.11125
-50.29829
-49.44818
-49.77871
-49.61278
-49.23323
-50.05698
-50.16839
-51.44687
-49.99652
-52.42173
-50.57714
-52.20262
-51.07242
-50.93173
-52.80045
-57.55524
-55.06388
-54.30436
-57.06208
-58.59720
-55.66138
-55.48325
-52.82401
-54.15426
-53.87208
-51.61523
-53.55474
-52.72500
-52.62922
-52.47923
-53.60208
-49.75095
-52.04544
-52.54867
-51.86034
-51.67672
-52.38731
-51.63943
-50.46062
-52.47388
-49.20662
-50.12107
-49.87262
-50.14759
-50.92935
-50.73202
-53.42240
-51.68203
-51.93640
-50.28545
-51.26929
-52.91877
-53.57359
-54.94725
-51.79432
-55.35147
-55.39603
-53.84397
-49.75290
-50.81685
-52.34720
-53.29898
-56.25645
-52.96359
-55.31329
-55.01857
-55.06585
-52.65957
-50.46856
-50.63059
-52.19694
-52.46690
-51.97835
-52.81697
-51.20793
-50.27189
-50.63656
-50.82945
-50.25175
-49.01296
-50.26449
-50.56540
-51.67130
-53.57032
-51.70610
-50.83083
-50.34678
-52.40128
-55.32554
-56.38145
-57.35603
-57.90843
-58.66928
-54.00787
-53.82036
-54.13081
-51.79322
-52.50234
-51.81410
-51.73404
-52.95272
-52.82510
-52.52971
-51.17993
-49.90312
-51.89763
-52.91912
-53.02188
-52.52286
-51.79196
-52.99669
-53.67397
-52.93949
-51.45866
-50.48104
-51.80259
-50.82367
-50.43291
-51.74477
-51.46068
-51.92990
-51.42769
-49.69560
-50.75178
-52.40421
-52.23238
-54.79213
-53.97739
-53.31206
-52.17164
-54.48819
-54.16323
-51.76477
-51.46349
-49.80559
-49.86878
-50.78013
-53.79311
-53.16578
-50.00484
-49.79207
-48.98464
-51.79598
-55.83806
-53.58535
-54.68357
-51.06872
-50.85821
-51.51399
-49.23143
-50.57316
-51.81221
-52.34201
-49.81089
-48.05489
-52.15116
-50.75509
-51.82403
-51.88556
-49.68672
-54.47436
-52.74321
-53.15241
-55.17769
-58.25481
-56.24475
-52.35171
-51.59305
-52.55137
-55.63468
-53.85518
-51.35861
-52.98713
-52.33292
-52.26911
-54.34100
-52.79804
-50.38966
-52.04409
-53.00001
-50.79842
-53.05317
-51.31425
-51.73726
-49.76262
-50.65221
-49.81409
-50.21415
-51.59010
-50.75345
-53.13677
-54.38183
-52.72129
-52.35977
-52.73349
-52.93914
-50.99694
-50.39799
-51.67947
-51.05672
-52.55907
-51.50446
-53.47359
-50.64510
-51.27700
-49.50317
-50.99980
-47.25418
-56.42323
-49.55822
-53.91062
-49.86295
-60.53391
-40.43251
-27.41854
-28.27385
-33.09658
-40.86877
-48.38411
-49.01963
-51.10005
-48.66064
-51.47645
-49.35620
-50.32888
-48.07356
-52.24974
-50.65721
-50.55589
-53.23517
-53.13493
-49.67047
-51.39786
-54.00621
-55.98061
-54.16452
-56.30404
-53.08252
-54.93291
-53.02077
-52.87626
-52.48651
-51.48179
-51.69769
-51.13926
-51.75916
-50.57970
-53.49670
-52.51332
-52.64811
-50.04421
-55.41313
-55.51568
-55.29909
-55.84448
-55.12513
-56.59620
-57.51610
-58.91416
-55.28261
-55.12995
-53.97610
-52.86800
-52.76050
-53.56507
-53.31639
-55.09993
-53.99358
-51.64620
-52.23556
-57.41396
-60.53018
-61.77767
-62.12775
-62.88730
-58.80020
-59.13116
-57.76393
-55.82923
-53.50757
-52.02605
-52.74468
-54.67166
-55.54332
-53.23952
-55.30659
-50.78355
-50.40690
-51.37317
-51.72105
-50.71627
-50.80839
-50.39614
-49.94162
-50.04353
-48.91498
-50.40263
-50.29354
-52.30373
-51.60648
-51.38744
-52.53126
-51.78852
-52.79428
-52.41906
-50.98777
-54.86679
-55.32628
-57.51263
-55.62379
-54.76416
-56.57712
-53.90259
-57.47650
-51.95488
-54.21592
-52.96019
-50.48183
-53.32766
-53.60175
-52.61475
-53.57895
-52.03722
-49.71987
-53.90588
-52.71455
-52.61185
-52.28712
-51.50408
-52.04003
-50.70775
-50.62339
-50.74916
-50.55771
-51.06786
-52.56012
-52.93907
-54.41747
-52.82919
-52.33372
-54.75866
-50.86485
-51.44476
-55.14698
-57.04041
-62.30102
-59.14635
-53.85116
-53.23524
-59.11339
-51.96749
-51.35616
-53.15945
-53.83794
-56.16245
-53.37801
-53.55266
-53.66713
-54.70979
-51.60818
-53.08641
-52.18927
-50.86545
-53.91263
-53.01772
-54.64266
-52.16731
-49.85552
-50.80988
-50.01515
-50.23399
-49.05977
-49.85006
-51.99090
-54.10691
-56.41976
-54.66466
-51.86706
-51.33990
-54.06072
-55.24535
-58.02936
-57.05073
-55.64977
-58.06646
-57.12534
-54.33968
-53.95240
-52.56342
-50.70143
-52.21826
-54.60653
-53.12678
-52.53645
-53.63740
-53.03631
-51.03830
-56.06553
-57.60949
-58.87094
-58.81140
-57.43672
-58.59705
-56.39273
-58.11762
-53.00745
-52.62831
-52.42860
-52.81931
-53.04368
-53.02993
-51.92413
-54.02464
-51.83871
-49.84704
-51.56781
-53.35448
-51.99127
-51.39722
-53.97738
-51.44879
-51.28444
-53.33267
-54.74030
-51.21345
-50.49930
-50.06620
-49.69922
-52.07355
-52.95085
-49.59859
-51.22967
-49.60511
-49.37567
-52.84411
-53.09718
-54.15765
-51.37833
-52.99628
-51.52516
-53.76623
-53.20528
-51.41596
-51.79623
-51.69998
-49.81797
-49.80548
-52.75933
-49.91159
-54.33063
-52.08173
-50.30586
-54.20342
-53.54058
-54.91563
-59.97986
-56.34380
-53.70715
-56.83886
-56.49706
-51.11827
-53.15929
-52.11265
-51.42000
-53.42633
-53.66027
-53.75496
-53.00904
-53.88002
-50.66348
-52.88082
-52.62729
-53.68683
-50.82903
-50.89518
-51.60240
-55.94235
-53.54482
-50.50678
-51.69554
-51.33910
-52.30645
-53.33352
-50.90529
-53.78977
-51.18888
-53.53741
-51.21225
-49.57004
-51.09791
-50.58612
-53.00133
-49.42790
-56.66476
-48.42452
-59.49110
-31.29002
-26.40886
-30.54985
-37.10897
-48.52248
-48.32845
-55.74378
-50.24243
-52.03635
-50.07050
-50.58899
-51.91461
-49.98500
-51.01825
-50.26614
-50.71415
-49.57316
-48.35903
-51.48960
-50.35541
-49.57618
-49.82600
-50.32798
-50.20493
-50.48957
-54.00418
-51.74932
-52.49646
-49.75847
-51.92230
-53.61587
-54.92067
-54.15883
-54.98144
-56.52228
-55.48084
-54.59844
-51.90784
-52.46975
-52.45242
-53.38857
-53.72464
-52.35109
-52.85787
-50.49409
-50.54301
-49.94549
-53.30886
-57.31804
-57.81944
-57.89294
-56.76533
-59.35959
-56.36886
-56.69365
-56.86823
-55.23028
-51.77162
-52.56906
-52.81095
-53.48221
-52.78127
-55.52374
-54.96306
-50.82862
-51.98257
-56.30659
-58.22578
-59.91203
-61.11715
-61.09102
-62.75501
-58.09850
-57.18220
-53.78234
-53.20963
-51.07417
-52.14663
-55.87602
-54.17963
-52.56691
-54.71840
-51.74050
-50.30842
-52.35996
-50.78098
-52.03082
-52.45518
-51.98326
-49.67780
-50.05656
-49.24312
-49.44495
-50.57703
-50.58296
-52.04197
-51.24494
-53.77701
-52.18987
-51.78116
-53.00124
-51.72367
-54.46284
-56.10448
-56.51716
-56.32097
-54.43498
-56.93939
-55.61570
-55.94853
-52.94974
-53.75565
-53.64926
-51.59116
-53.39045
-52.49513
-52.64193
-52.98395
-52.67393
-49.89377
-52.41018
-52.90110
-54.53828
-53.46480
-52.93165
-52.29261
-50.71184
-51.93491
-50.62788
-53.25504
-49.88659
-51.12411
-54.87108
-55.14978
-55.79428
-54.23187
-54.46545
-50.72263
-52.04980
-55.20607
-58.09624
-57.41419
-55.66133
-59.30655
-54.17274
-54.08141
-51.21021
-50.66739
-53.14847
-53.08293
-54.02791
-54.01759
-54.79910
-54.86385
-54.23827
-51.88998
-51.72571
-54.83623
-52.81938
-50.84222
-52.31485
-53.38177
-53.83459
-49.85562
-50.89931
-50.67008
-51.24475
-51.21716
-49.35854
-52.50625
-52.70804
-54.05969
-54.78500
-53.23903
-51.24606
-52.72871
-56.20721
-58.70583
-57.01756
-55.04956
-57.26169
-54.06359
-54.73866
-53.03211
-52.49900
-52.76665
-52.13415
-52.30647
-51.54139
-51.75753
-51.84076
-55.18425
-50.29767
-52.20573
-57.41938
-58.83797
-55.78609
-56.32401
-60.11834
-56.17491
-56.57481
-55.46975
-55.12198
-52.93505
-52.77666
-52.42526
-53.87409
-52.79974
-54.14828
-51.81162
-50.25270
-51.30953
-52.89976
-52.47575
-53.86296
-55.88218
-52.50387
-53.73722
-55.87198
-53.03438
-50.27304
-50.45946
-49.88132
-50.37946
-51.27891
-52.36226
-51.20150
-51.37381
-48.55709
-49.19034
-52.57437
-53.37014
-54.67696
-54.41708
-54.95892
-55.48749
-52.87722
-49.43415
-51.91399
-51.73935
-49.79633
-49.39991
-49.95910
-50.84348
-51.30110
-54.33559
-52.92582
-50.10414
-52.84700
-55.85836
-60.54301
-57.33830
-53.66090
-58.24765
-55.50680
-55.57412
-52.87746
-53.54763
-54.16172
-51.64829
-53.91116
-52.97226
-52.77685
-53.14439
-53.28094
-49.72795
-50.79429
-53.89969
-52.89778
-52.26348
-52.10401
-51.52987
-51.09643
-55.31654
-51.80995
-50.14521
-51.65219
-51.92821
-51.44520
-51.09490
-52.25469
-50.97853
-51.07746
-52.44357
-51.21431
-50.92141
-51.69515
-50.83939
-52.09120
-52.57281
-50.95685
-50.82219
-50.34742
-50.84582
-51.03161
-52.91986
-50.07656
-49.31824
-53.73116
-51.69800
-50.99370
-51.58043
-53.08116
-51.75499
-54.27124
-54.84549
-51.57803
-53.54519
-53.53253
-54.00328
-53.02474
-53.01647
-55.27381
-61.49331
-54.53951
-54.06637
-57.91956
-55.70483
-55.77035
-54.10018
-54.65800
-54.04006
-55.20842
-59.14036
-57.14717
-55.61406
-60.32709
-56.20335
-57.28729
-59.30836
-56.38391
-55.78855
-55.06753
-56.75348
-56.86703
-56.50470
-57.75234
-59.90448
-60.15952
-57.60017
-58.01593
-60.54929
-58.78703
-63.20089
-62.78856
-60.43519
-61.23987
-61.55715
-61.21900
-60.39539
-59.58870
-62.15428
-60.55418
-61.72079
-60.96251
-60.77372
-63.34481
-59.27013
-59.95164
-61.66081
-63.76119
-60.39621
-62.50207
-63.89691
-63.04177
-61.37220
-62.90852
-65.58015
-64.80661
-63.61649
-63.24572
-64.15623
-64.75798
-64.73800
-64.00883
-65.21713
-64.78967
-65.66301
-68.08856
-72.22120
-65.13226
-65.85231
-70.98562
-71.17168
-66.53780
-67.52967
-73.33631
-68.66761
-67.69099
-69.75401
-70.28610
-71.26163
-69.67842
-71.34116
-69.75970
-67.71906
-70.75993
-70.07587
-71.84982
-72.50285
-72.24915
-73.67263
-81.12770
-77.40919
-75.62214
-78.29265
-83.18663
-82.73831
-77.50058
-79.95974
-83.84605
-83.96686
-79.57154
-80.32250
-84.12089
-86.16495
-80.63366
-82.58907
-86.74040
-83.46154
-82.54127
-85.65732
-85.84634
-83.74192
-84.74648
-85.93485
-86.03404
-84.69222
-87.48023
-79.79079
-71.45677
-74.77876
-81.57985
-79.41133
-82.57938
-82.89172
-85.51853
-84.67227
-85.58054
-86.84439
-88.32244
-88.60154
-90.53679
-90.07224
-89.17772
-89.72186
-87.81312
-91.76234
-93.23068
-95.16060
-96.27817
-91.64943
-92.37684
-96.29209
-98.64754
-92.22967
-93.47136
-98.77466
-101.78669
-97.41978
-95.19603
-95.73815
-96.94280
-98.94549
-90.08990
-92.35446
-92.10570
-91.04165
-91.28598
-94.45821
-96.45107
-98.78752
-96.75559
-94.10368
-97.59672
-102.63663
-115.84934
-104.84321
-113.46828
-109.51223
-122.59265
-112.83471
-113.49399
-109.95594
-109.74439
-111.13895
-114.48463
-115.09214
-114.86393
-116.43096
-118.82305
-114.11969
-113.22234
-117.23287
-114.72294
-116.82994
-114.87230
-117.04269
-112.49615
-107.71977
-109.12900
-123.07607
-110.04297
-105.65433
-104.40409
-107.71425
-110.80830
-112.70037
-111.32994
-115.84654
-118.11793
-115.86871
-114.70660
-118.50830
-124.87360
-119.86404
-120.13805
-118.41671
-122.45592
-124.79216
-120.21530
-118.48188
-126.07767
-124.11621
-126.71301
-122.46145
-125.49802
-128.76790
-126.60956
-122.95214
-127.63828
-127.83971
-129.17215
-120.79403
-125.36329
-140.12175
-133.24010
-134.75921
-135.09842
-137.47240
-136.34347
-127.08704
-119.04638
-130.19365
-132.36248
-136.14045
-143.23698
-150.47957
-166.18096
-174.88114
-182.95418
-169.26280
-164.44464
-161.68850
-159.91705
-158.74162
-157.97795
-157.52524
-157.32363
-157.33609
-157.53968
-157.92115
-158.47472
-159.20112
-160.10781
-161.21017
-162.53435
-164.12290
-166.04631
-168.42850
-171.51324
-175.88608
-183.72032
-194.18598
-180.64825
-176.22978
-173.80057
-172.30499
-171.37374
-170.83521
-170.59702
-170.60531
-170.82768
-171.24522
-171.84864
-172.63652
-173.61499
-174.79887
