-92.35859
-89.49570
-64.48289
-60.59492
-60.71781
-59.95026
-59.36891
-58.20177
-58.72673
-56.56906
-58.39178
-57.95087
-56.16859
-55.42336
-57.18731
-57.57749
-56.43328
-56.91122
-59.28271
-65.13986
-62.31075
-57.53469
-56.31794
-57.37728
-57.41435
-59.26777
-58.13259
-59.20798
-57.33079
-56.28843
-57.10804
-56.39147
-56.26356
-56.83769
-60.10455
-56.72931
-59.75020
-63.61070
-58.46407
-57.37377
-58.04186
-59.09899
-57.87015
-61.10396
-60.20707
-60.52425
-59.10126
-61.04127
-61.63856
-54.67587
-57.03910
-58.03203
-56.91054
-58.04190
-62.99613
-61.76082
-55.44878
-57.79667
-61.92347
-54.87431
-55.79523
-61.91685
-58.73280
-58.59855
-61.60808
-57.99162
-54.44784
-56.71031
-56.22136
-56.68025
-58.96602
-62.51582
-58.24796
-56.96350
-60.31903
-56.15382
-57.44217
-58.83020
-58.46418
-57.88074
-57.32249
-56.08582
-55.47369
-56.05267
-55.44225
-55.34794
-55.92755
-57.81242
-56.55078
-57.78554
-59.61868
-61.05917
-65.07333
-61.47534
-57.34093
-54.79811
-56.15148
-58.19576
-58.24408
-57.81275
-58.24824
-55.99107
-55.91119
-57.52718
-57.14281
-59.68979
-57.39614
-59.53510
-62.51683
-59.39157
-62.06447
-64.71190
-59.16022
-57.95947
-59.61588
-59.80108
-60.91017
-61.01351
-60.46049
-59.85025
-59.54509
-58.24236
-57.48439
-57.09559
-57.32619
-56.52925
-58.55001
-59.58062
-59.09812
-58.76724
-61.32947
-57.90658
-56.56092
-61.39834
-56.54013
-55.78889
-59.05815
-63.00962
-59.06831
-55.01634
-52.91331
-50.91189
-51.97073
-53.73461
-52.99064
-55.02275
-54.76452
-56.66531
-59.54138
-56.71171
-59.12073
-57.47095
-56.04490
-58.15002
-58.25297
-55.58195
-56.36507
-56.89041
-56.88285
-56.04595
-55.91068
-57.14016
-57.75092
-60.54775
-60.47079
-63.83787
-63.86740
-60.03581
-58.86127
-60.81822
-62.29003
-57.55866
-59.70713
-59.77363
-58.80083
-60.40676
-60.13608
-62.97147
-58.06198
-57.77681
-57.33581
-57.33479
-58.72869
-58.33710
-62.85232
-61.74300
-60.59292
-60.42657
-60.46210
-60.09506
-61.37833
-62.16971
-60.34327
-58.91117
-59.58285
-60.10606
-56.51457
-56.47854
-58.11149
-57.85689
-58.23810
-57.46919
-57.85788
-61.95238
-57.14415
-55.73492
-60.35732
-59.93701
-62.22031
-60.47835
-55.57234
-55.50362
-54.91453
-55.62765
-55.66149
-55.30037
-56.94883
-57.99217
-59.90101
-57.56172
-55.41918
-57.96405
-57.41288
-57.83090
-60.85970
-60.14381
-58.87686
-57.15110
-59.90770
-58.78793
-57.63392
-56.27586
-56.87817
-58.45825
-57.58782
-59.27870
-59.34670
-59.30848
-61.90331
-67.46608
-62.84539
-59.10663
-59.00775
-58.80647
-59.64761
-60.84954
-58.42723
-58.13979
-59.62554
-57.03335
-54.79302
-56.57775
-56.56635
-57.45036
-56.95886
-58.22556
-59.48786
-56.04629
-59.17178
-60.81900
-58.56233
-58.59762
-58.84118
-60.20095
-58.34024
-58.55903
-58.96489
-56.74432
-57.81231
-56.90513
-57.31101
-58.74066
-62.31108
-59.15417
-59.25558
-60.64272
-55.28431
-56.58891
-58.54428
-55.95277
-57.11507
-57.58585
-57.06813
-56.01128
-56.98633
-56.42067
-56.40369
-59.31028
-56.06542
-59.92764
-62.50472
-61.66045
-62.34130
-60.94702
-54.80681
-53.70547
-54.31072
-53.71224
-54.09508
-54.69742
-54.40607
-50.95869
-52.48370
-52.51515
-51.76351
-53.07487
-53.95993
-54.19378
-54.57834
-55.15664
-55.65024
-58.09737
-55.93264
-55.88107
-54.25206
-55.04488
-58.36630
-56.70626
-57.14741
-57.06543
-57.05900
-56.79639
-55.26046
-55.49991
-54.99918
-54.35967
-55.51912
-54.21822
-60.82814
-58.13505
-55.06486
-59.25773
-56.71621
-57.78959
-58.54185
-59.07118
-59.11978
-59.91057
-59.99534
-61.49211
-58.26985
-54.63040
-54.47455
-55.56555
-59.64176
-60.88054
-58.79501
-56.36551
-53.91450
-58.07439
-62.23680
-58.85135
-58.21362
-55.92539
-56.60009
-58.69395
-57.41590
-62.18782
-57.20288
-55.72471
-60.49441
-53.66282
-55.55900
-61.28894
-60.01941
-59.22541
-61.77678
-57.27638
-55.34485
-55.08297
-55.24884
-55.47190
-54.94862
-55.29236
-54.21906
-54.61453
-54.32363
-57.00097
-55.69143
-56.69485
-57.76377
-59.30251
-59.31804
-57.54076
-59.48453
-59.61704
-56.70683
-56.53617
-56.81857
-56.43248
-56.41337
-56.86370
-54.17107
-54.21160
-58.96604
-56.46065
-55.83262
-56.39480
-56.87991
-56.30426
-58.91064
-55.59253
-55.65709
-56.17833
-57.30522
-58.39053
-57.84881
-59.71826
-59.59068
-60.81661
-58.13641
-58.35835
-58.42976
-56.61134
-52.97311
-52.58244
-54.27836
-55.62791
-56.55264
-57.86515
-56.59540
-56.75980
-58.43330
-57.88808
-56.05843
-57.98504
-58.87154
-58.38158
-59.34149
-59.00157
-59.02595
-54.04182
-52.25110
-51.12021
-51.49127
-53.02469
-52.70285
-53.30407
-54.84031
-57.67848
-56.90352
-56.45478
-59.39007
-56.90112
-56.52297
-57.72364
-56.28628
-56.93433
-56.00583
-54.82598
-55.90892
-55.72520
-54.65543
-54.79839
-54.63872
-55.84419
-58.22954
-58.36783
-59.68050
-58.01553
-56.94451
-57.77733
-58.27369
-58.57771
-58.46592
-58.40043
-57.49172
-56.17843
-56.76680
-55.36675
-54.21499
-55.35935
-53.96719
-55.61909
-56.37010
-57.49946
-61.56654
-59.66100
-59.42599
-58.76402
-58.23260
-60.39190
-60.87046
-61.37835
-60.63383
-58.06264
-57.05771
-57.72839
-55.83916
-55.57488
-57.96294
-57.28464
-57.73785
-56.52008
-57.65450
-58.31016
-55.89524
-58.62792
-61.74206
-56.53831
-55.69641
-61.33645
-63.96756
-59.57913
-56.46792
-55.80239
-54.95185
-54.85663
-54.32274
-54.71104
-57.77344
-55.61528
-54.66415
-57.04175
-58.99600
-58.04895
-56.91974
-56.93176
-56.46802
-57.34554
-57.28365
-55.44010
-55.78923
-55.74522
-55.96102
-56.44728
-54.85241
-54.38355
-56.82691
-56.75792
-54.96269
-55.87391
-57.14170
-57.01312
-56.00238
-55.03059
-56.10885
-57.21299
-56.38610
-57.28538
-56.20246
-55.06114
-53.98227
-54.85100
-54.47026
-54.81122
-54.03004
-56.65072
-54.23096
-54.77734
-54.90300
-55.53017
-54.55873
-54.52968
-55.19094
-55.14428
-57.01870
-55.31904
-55.11446
-53.86997
-54.52822
-54.08188
-55.30779
-52.47781
-56.32971
-55.26385
-57.71507
-53.74605
-54.84369
-50.53059
-52.42141
-50.51052
-62.65337
-54.10692
-56.89582
-53.69212
-54.97944
-52.86443
-53.56009
-59.34721
-54.01016
-63.43104
-50.74689
-70.65125
-45.95867
-49.44060
-26.36067
-25.24601
-36.23805
-37.94584
-61.52461
-47.29848
-62.27717
-48.00416
-55.96116
-49.06275
-52.39638
-48.36445
-51.29376
-50.60276
-51.69429
-50.71320
-54.44106
-55.54735
-48.73990
-48.89530
-53.04325
-58.00050
-57.49884
-67.01627
-57.78472
-78.42504
-54.99597
-73.48552
-52.18540
-58.45904
-47.72155
-61.26697
-46.35031
-64.90516
-44.09059
-48.50835
-33.01695
-25.48170
-33.26163
-36.75505
-59.27883
-53.14363
-71.10524
-60.59011
-64.24075
-63.27091
-54.94976
-55.07399
-50.76824
-53.95291
-49.83914
-56.14352
-49.39827
-59.84112
-48.50147
-50.23775
-48.15731
-62.81944
-56.60630
-85.75737
-57.73676
-83.71022
-57.52607
-68.47289
-55.72447
-55.09015
-50.22401
-50.81840
-50.76416
-50.88234
-58.83116
-46.63293
-59.49157
-25.52736
-26.33595
-37.27590
-39.20817
-80.23115
-47.21965
-71.32355
-48.78003
-59.94948
-49.27668
-54.47696
-48.92376
-52.24556
-50.26011
-52.32167
-52.46067
-51.94167
-55.31369
-49.58312
-48.03126
-53.26857
-62.68899
-58.76309
-76.66209
-58.11611
-75.32083
-55.62330
-73.72929
-49.38618
-63.63666
-48.69594
-57.80845
-47.66146
-80.63882
-45.86355
-55.28633
-37.25695
-26.82577
-32.63315
-37.59346
-56.48390
-59.19491
-62.38799
-65.26185
-57.65210
-63.31842
-55.08586
-55.54400
-53.07443
-54.00100
-52.37381
-55.18992
-52.74088
-55.45095
-52.37696
-47.29453
-49.58590
-59.09080
-59.50808
-64.92446
-62.08793
-76.99783
-59.23758
-63.45011
-29.38113
-27.43311
-30.42207
-38.51059
-52.18854
-47.45858
-63.26282
-47.81395
-53.85579
-25.75117
-25.48390
-36.22986
-41.02421
-58.53851
-51.28543
-61.35061
-51.65728
-56.65134
-50.38130
-54.67790
-51.26769
-53.31947
-50.72568
-54.06418
-52.75933
-56.01825
-56.52081
-50.68590
-48.51767
-53.13459
-62.03332
-56.89931
-80.70835
-57.00900
-73.95636
-55.92560
-70.60590
-51.32424
-59.73458
-47.52421
-63.32464
-48.13067
-76.16368
-45.45688
-52.40333
-35.90055
-24.66527
-33.46711
-40.66274
-49.32530
-69.87511
-57.83560
-76.22350
-55.89273
-69.84234
-52.84098
-57.14816
-49.18291
-55.82150
-49.42515
-57.48645
-50.28069
-59.02920
-49.79859
-49.57700
-50.37346
-65.30870
-55.94677
-111.58367
-62.83730
-88.41442
-62.21643
-63.44943
-55.97374
-53.34042
-52.07568
-48.97022
-52.63432
-51.90375
-62.14026
-46.10181
-55.50962
-26.28017
-25.12525
-36.09279
-40.40858
-63.34313
-50.29248
-66.28259
-51.55120
-59.56958
-51.37163
-58.13960
-50.75270
-52.70938
-49.97323
-51.42868
-53.95333
-50.79008
-56.75628
-49.61933
-48.42783
-53.18320
-62.00729
-56.00217
-81.98198
-57.17792
-74.89808
-54.78658
-75.91253
-49.33313
-66.00305
-49.28206
-59.44394
-47.77236
-87.96942
-45.98402
-53.16758
-36.50540
-24.54498
-32.93028
-40.72963
-48.88711
-70.39918
-58.36848
-71.81202
-56.76645
-75.56990
-52.87969
-60.59523
-50.83175
-57.18550
-50.82712
-59.51518
-51.01457
-57.90592
-50.79876
-49.67396
-49.61146
-63.79071
-55.04728
-69.44978
-56.68018
-74.50411
-58.67332
-66.36654
-48.33434
-51.17607
-51.48721
-52.61416
-58.18144
-48.65020
-58.14618
-48.38807
-52.30148
-26.73072
-25.98205
-34.56049
-38.77071
-56.90230
-48.63740
-59.58075
-49.07372
-54.52813
-49.99555
-52.28310
-49.16988
-50.87530
-50.20595
-51.37475
-51.21392
-53.39342
-56.85781
-49.46418
-49.27488
-53.75858
-61.09233
-60.03067
-62.04495
-57.22790
-62.65813
-59.71537
-58.05913
-55.80923
-53.18795
-51.63403
-52.68529
-51.86324
-53.40764
-52.72677
-53.08543
-51.76231
-48.77810
-53.07631
-56.50581
-63.52229
-60.95648
-63.16843
-64.48939
-66.61212
-63.61108
-57.17799
-53.26933
-51.45210
-52.93780
-52.65900
-53.62341
-52.52693
-56.58006
-50.47307
-48.96031
-50.25913
-61.01761
-58.43266
-70.98128
-59.53752
-109.80184
-57.57741
-70.50115
-55.49005
-56.35024
-50.95118
-50.77696
-52.34744
-54.71852
-59.50457
-47.23705
-55.50140
-26.89299
-25.69281
-32.87197
-39.12396
-60.01183
-48.82436
-64.07355
-49.15213
-59.30511
-50.71591
-53.71243
-49.26654
-51.67605
-50.38506
-52.06718
-52.43943
-51.11112
-56.88228
-50.88348
-49.30623
-52.75322
-57.92119
-61.82984
-63.38541
-60.58306
-64.51270
-58.53353
-62.23389
-52.40146
-55.33442
-53.61381
-52.12289
-52.97779
-53.75138
-52.00597
-54.05871
-50.98817
-48.21458
-51.14021
-55.89151
-63.10175
-59.46399
-66.07416
-63.47159
-67.22029
-61.40980
-58.29848
-53.80523
-54.87322
-54.02013
-54.12485
-53.74444
-55.32732
-51.54890
-56.52042
-26.84418
-25.02964
-37.07315
-44.86505
-60.09892
-50.48901
-52.44320
-47.53511
-45.61082
-28.28011
-23.48979
-30.08181
-36.90192
-52.48731
-47.47618
-64.43748
-47.29035
-50.40828
-26.98731
-26.61371
-34.70129
-39.00475
-70.27909
-49.28891
-81.91733
-49.60062
-60.57822
-49.06745
-56.92002
-50.75797
-54.14701
-50.79028
-55.14903
-50.90015
-53.58274
-54.68307
-49.81172
-49.19852
-54.06837
-61.77466
-60.13660
-69.95249
-59.75207
-69.98514
-57.99754
-57.10883
-54.98648
-52.53219
-51.21705
-52.80026
-51.38305
-53.56339
-53.80060
-52.50086
-51.71952
-48.13616
-51.34679
-59.26058
-61.83921
-63.28660
-64.95271
-66.26410
-63.04218
-62.32888
-58.73896
-54.42397
-51.27655
-53.79569
-51.20734
-54.50475
-52.12737
-58.52142
-50.75857
-48.67932
-49.61973
-57.58297
-57.94703
-71.27316
-63.77502
-92.55051
-67.99814
-66.31287
-57.82334
-53.20043
-53.24273
-49.03658
-53.64054
-50.03723
-79.27272
-44.73995
-49.89374
-28.80413
-27.17869
-37.52453
-38.53497
-67.77763
-49.54287
-66.42116
-51.75560
-58.97205
-53.60016
-54.17687
-52.19889
-51.34602
-51.88062
-49.29841
-57.26516
-48.42226
-74.44330
-38.54451
-26.26535
-28.20264
-42.19851
-52.73295
-68.61364
-59.42645
-69.49417
-60.54547
-60.18017
-52.04683
-54.71942
-54.23638
-51.85675
-52.31394
-52.93282
-52.22465
-52.46917
-51.58202
-48.16162
-51.41073
-58.25278
-64.94476
-62.13864
-65.87554
-63.97278
-63.52080
-66.72451
-56.36917
-54.95156
-51.43743
-52.00339
-52.73546
-56.01801
-52.51908
-51.73872
-51.16431
-53.03752
-49.58739
-51.19116
-49.22101
-54.72584
-51.61982
-51.58826
-52.46210
-51.12660
-49.72739
-48.40148
-53.03183
-49.16326
-55.22880
-48.64332
-70.87304
-44.72868
-50.43640
-27.40702
-23.32440
-32.07097
-38.23070
-51.72101
-49.70470
-54.51821
-50.51198
-49.76421
-52.59962
-48.34993
-50.49487
-47.62379
-51.67082
-48.17188
-55.78521
-48.95438
-71.36136
-39.45491
-25.22941
-27.94594
-35.47029
-41.39695
-77.22631
-49.49431
-77.36598
-49.58466
-69.23418
-48.45333
-65.92344
-46.61230
-64.38208
-47.14172
-68.41534
-45.13999
-56.67834
-37.82111
-24.92224
-30.26985
-34.64760
-44.67662
-55.98386
-55.65469
-73.66533
-55.24551
-65.49314
-51.81025
-57.32058
-48.61227
-54.18210
-48.50111
-56.42217
-49.72136
-58.29433
-50.30829
-50.18444
-48.57299
-57.22600
-58.09566
-66.46522
-58.90331
-68.28763
-62.72582
-60.57499
-58.37937
-53.36148
-53.67642
-48.28849
-53.91071
-49.43716
-68.71084
-45.21680
-47.93430
-27.75160
-24.51799
-32.74056
-38.17146
-59.43974
-48.73411
-61.51518
-47.64669
-53.82058
-48.33363
-52.98142
-50.17681
-51.54726
-51.49118
-50.92156
-51.81053
-50.31467
-54.55877
-50.00908
-48.65450
-51.06284
-63.19922
-55.37432
-80.95365
-54.71352
-94.95602
-53.33457
-73.30237
-49.24407
-63.11905
-48.69970
-59.46158
-46.90596
-84.30309
-45.81141
-57.49364
-38.46558
-24.88635
-30.82960
-35.87458
-45.98216
-64.47913
-54.20279
-84.97567
-54.31824
-89.14797
-52.90206
-62.49908
-50.41270
-57.35834
-50.91552
-59.05541
-51.66218
-57.35245
-51.49310
-49.11912
-47.47000
-60.51834
-57.04035
-65.18538
-60.43313
-65.13918
-61.80952
-60.98216
-50.68331
-49.44938
-53.24770
-49.24980
-63.93791
-47.11281
-71.74997
-45.87813
-47.02277
-28.27494
-24.20124
-34.55339
-40.29488
-56.63046
-52.12843
-59.30297
-52.90764
-54.75987
-51.31971
-51.02370
-51.95020
-52.86112
-52.27133
-50.95521
-55.11586
-51.83196
-58.98879
-49.65951
-49.18812
-51.00493
-61.74010
-54.25675
-77.52025
-55.15747
-86.31985
-54.94162
-70.91169
-51.97504
-57.40031
-48.73167
-58.76319
-48.94432
-59.09432
-49.11568
-59.62041
-43.23780
-25.34338
-30.41913
-40.39267
-45.25748
-77.25107
-53.61289
-69.52072
-53.52455
-82.24430
-52.98487
-58.23332
-48.96419
-55.39208
-49.42755
-56.21721
-50.48602
-54.98584
-50.66707
-49.31423
-49.80651
-60.72072
-57.42698
-66.20973
-63.97227
-63.98560
-62.89564
-58.19351
-59.20762
-51.95793
-54.61465
-48.72628
-53.85440
-48.27370
-72.92650
-44.92548
-48.69464
-28.92281
-24.20237
-32.51266
-38.84476
-53.45606
-50.89382
-60.91305
-52.24556
-54.90812
-52.34861
-54.03207
-51.45491
-50.55304
-51.60297
-49.86761
-53.36781
-50.32366
-56.26291
-49.53213
-48.45040
-50.84311
-62.80471
-54.36785
-68.77750
-55.33860
-80.62207
-54.10612
-73.32186
-49.87278
-59.51977
-48.96596
-54.61500
-49.29355
-57.85752
-49.17922
-58.45453
-44.55875
-25.05262
-30.21040
-40.93200
-44.72086
-67.49774
-53.18252
-64.26323
-53.28251
-74.74265
-51.10554
-62.26987
-48.27629
-55.53153
-50.21357
-55.64799
-49.98161
-52.66916
-50.42974
-48.77076
-50.28387
-57.53980
-55.33452
-60.76453
-58.83089
-59.52831
-60.64045
-56.89523
-50.46135
-47.62405
-53.94068
-48.67310
-55.90668
-46.86369
-61.79036
-44.91042
-49.56123
-28.76074
-23.70816
-32.26685
-38.51482
-48.39962
-50.86239
-52.63241
-51.34390
-49.26896
-51.12737
-48.25057
-49.94548
-48.09645
-54.80638
-49.09797
-57.16589
-46.50134
-64.92199
-39.49955
-25.83269
-28.48171
-37.74167
-45.23843
-61.40185
-51.78023
-67.23891
-50.56925
-61.42700
-48.59280
-61.94998
-45.81445
-65.25431
-46.56211
-72.31516
-46.25075
-65.08248
-40.28273
-24.66754
-29.18493
-35.02345
-44.60752
-65.65211
-54.63486
-82.65024
-52.07246
-84.57838
-53.02132
-55.35522
-49.38560
-57.53238
-51.32512
-55.35065
-52.40530
-56.90959
-51.70742
-49.69561
-49.09284
-53.72286
-58.89539
-63.93905
-62.22167
-62.80375
-67.02350
-59.92596
-58.66865
-55.35594
-55.18639
-50.38798
-50.13191
-51.94641
-52.83811
-50.49731
-52.89204
-49.33806
-48.42145
-55.79722
-53.77124
-56.77047
-54.03202
-53.71491
-51.88590
-52.19030
-52.29010
-51.68973
-50.20483
-50.12943
-51.22345
-51.67438
-52.65127
-49.50060
-53.49423
-52.52997
-48.37656
-51.89716
-61.07101
-59.47978
-72.75782
-56.57087
-66.83773
-54.58033
-77.06640
-50.70369
-59.48585
-49.09800
-55.21045
-48.68610
-66.16881
-47.82462
-70.91908
-43.08458
-25.47450
-29.62939
-35.67318
-44.75334
-64.67103
-54.04542
-72.54011
-52.92607
-63.77714
-52.40528
-63.11695
-49.90816
-57.01511
-50.94274
-58.27515
-50.78263
-55.21005
-52.44649
-49.69383
-47.37960
-58.17520
-58.37459
-63.47313
-62.83576
-62.72166
-64.90376
-62.49605
-51.91384
-48.02376
-53.16845
-48.62620
-69.12916
-46.92182
-61.11847
-44.64989
-47.45535
-30.03378
-24.39400
-32.72730
-39.30960
-52.21421
-54.01704
-55.11816
-52.46102
-53.86729
-52.55239
-51.09372
-52.32912
-50.15278
-53.87736
-52.29429
-52.66235
-51.26630
-57.57731
-51.25473
-48.75761
-51.18134
-59.07578
-58.92980
-66.74219
-60.97810
-61.45557
-57.21587
-55.65917
-56.25598
-52.33670
-51.54485
-52.56440
-51.84114
-52.60183
-52.34224
-51.40986
-52.08909
-47.44400
-53.36073
-59.86610
-58.98843
-63.95788
-60.17524
-62.90115
-58.55226
-62.81852
-57.72022
-54.28342
-50.54721
-53.02239
-51.32354
-54.05179
-51.33531
-54.44722
-52.58883
-48.78926
-49.57862
-54.81374
-58.37047
-64.44548
-67.65966
-59.71016
-64.09873
-58.59744
-60.85586
-51.64434
-54.28436
-48.42701
-55.56327
-49.19560
-88.65460
-44.83527
-49.37870
-30.46032
-24.16907
-32.58474
-39.67328
-51.85602
-53.80729
-56.82139
-53.50145
-54.61497
-55.70085
-52.70063
-52.19304
-50.19163
-53.34552
-50.05020
-55.32053
-49.49516
-56.42972
-51.65104
-48.01985
-51.49676
-57.92582
-57.86717
-63.25531
-60.39395
-60.39034
-58.02457
-61.84650
-53.48547
-53.63875
-52.14537
-50.75244
-52.39204
-53.26288
-51.51833
-52.44400
-53.40380
-47.47482
-52.96890
-59.64119
-57.46051
-63.62033
-60.37613
-58.14571
-57.19372
-72.93190
-59.08309
-53.83703
-52.77740
-52.22224
-52.02893
-56.66531
-52.13371
-50.73226
-52.49487
-50.12859
-51.78520
-50.28687
-50.98907
-50.25824
-59.14110
-48.59369
-53.43311
-51.05707
-50.79719
-48.13368
-54.51599
-50.24493
-53.40668
-50.78217
-52.86048
-48.04540
-53.61230
-44.26006
-25.24915
-26.02112
-32.26759
-38.36156
-49.89451
-48.43282
-51.55507
-47.48971
-53.13424
-48.08527
-53.18721
-48.70312
-53.31592
-49.86817
-52.62273
-52.33498
-50.76596
-49.80133
-47.28336
-47.99146
-50.96505
-56.03455
-53.15926
-53.15118
-53.69253
-50.89604
-50.73872
-53.98137
-54.13739
-53.75865
-53.22472
-53.99615
-51.53815
-50.41840
-50.04404
-52.11141
-48.38489
-47.31917
-53.68975
-54.66037
-59.18525
-58.18343
-57.74970
-56.30662
-56.45865
-56.97313
-53.95999
-51.60914
-52.43846
-51.93696
-52.40073
-52.92127
-51.69293
-53.12342
-49.31412
-47.69078
-50.77007
-60.23070
-58.32592
-67.59817
-57.69999
-70.13998
-57.43120
-71.26266
-52.31911
-59.52018
-48.90624
-52.74669
-51.17798
-64.18219
-48.40071
-69.37123
-41.80666
-23.61376
-25.89949
-35.10214
-41.08326
-52.84226
-47.76320
-55.27715
-48.36492
-52.64087
-48.87788
-51.97032
-49.33811
-52.90577
-50.11607
-54.46278
-50.30661
-53.42108
-52.65379
-48.95458
-49.07525
-53.43354
-58.69896
-62.57441
-60.57485
-57.81862
-56.45769
-58.12878
-54.95899
-53.06218
-55.17249
-50.33623
-53.10663
-52.43752
-53.85915
-50.98494
-54.08083
-47.80468
-47.36653
-51.69269
-54.11400
-54.32435
-54.69451
-56.66687
-51.25083
-51.61533
-50.97885
-50.85397
-49.52422
-52.08658
-53.42324
-51.11825
-52.70540
-51.55360
-52.87510
-50.55360
-47.42430
-52.17484
-55.95617
-57.67608
-58.24351
-62.55576
-59.09501
-63.38060
-52.00466
-46.13186
-49.91954
-50.71864
-53.35108
-50.96688
-50.27618
-51.66435
-54.50615
-52.12490
-47.52721
-51.49649
-52.51799
-50.67641
-51.79341
-52.28137
-52.07667
-51.37136
-50.06679
-50.59589
-52.01934
-49.36528
-49.96869
-51.36219
-51.21779
-52.77356
-52.00862
-52.51655
-48.65126
-48.60561
-53.19286
-56.58990
-58.78142
-57.70812
-57.63012
-55.51644
-56.14204
-53.06760
-52.54763
-52.25972
-50.57795
-50.70151
-51.56919
-52.46068
-51.29716
-53.29687
-49.32227
-48.52546
-53.33642
-56.21042
-60.90957
-58.09768
-56.17734
-57.60247
-56.50089
-56.51824
-53.93819
-51.49634
-51.77204
-51.88374
-53.09517
-52.21167
-53.09260
-53.41156
-49.53625
-48.41363
-51.27905
-52.89989
-55.26580
-56.40763
-54.16708
-54.74892
-55.06342
-55.36236
-51.77195
-50.55443
-49.35448
-49.21253
-50.28593
-51.11691
-49.59346
-50.35991
-50.18028
-47.34161
-49.91697
-52.82095
-54.50042
-54.50675
-53.46142
-50.77176
-51.24979
-52.00024
-51.02519
-52.14240
-51.16825
-50.64360
-49.51735
-50.69798
-50.06183
-51.45585
-52.99771
-47.04391
-49.11480
-54.31695
-53.66089
-57.30641
-57.84591
-59.39735
-58.97555
-62.04492
-54.84160
-53.71590
-53.60623
-50.68266
-52.22288
-52.35901
-53.00514
-51.47639
-52.35605
-48.50474
-47.40842
-52.12627
-51.68805
-51.27576
-50.72289
-50.44591
-50.16524
-49.23562
-53.32698
-51.69470
-50.21458
-50.53541
-50.21657
-51.68876
-52.31781
-50.69498
-51.74727
-52.00394
-48.96575
-48.47218
-48.83219
-49.10708
-48.64766
-52.25122
-50.88486
-51.55694
-49.18509
-48.01188
-49.58234
-49.60748
-50.85165
-50.40488
-51.62206
-49.93818
-50.38539
-48.69118
-46.51718
-50.15052
-51.08378
-50.98667
-52.09763
-50.70513
-51.59886
-48.25517
-49.99020
-50.44296
-50.05828
-49.57932
-48.52204
-50.42929
-51.65906
-51.64622
-50.97538
-51.03909
-47.44729
-48.21274
-52.44071
-54.36062
-56.04213
-54.86141
-53.46432
-54.76719
-55.57576
-56.21872
-53.27864
-52.74180
-51.83179
-50.35967
-51.60735
-51.61749
-51.05314
-53.42652
-49.04243
-47.27839
-53.75881
-56.88076
-57.62517
-59.13781
-58.38165
-57.03248
-57.73601
-56.63496
-53.64633
-52.93780
-51.74567
-51.61643
-53.29486
-52.46306
-52.65820
-53.56900
-49.95845
-47.68230
-50.90123
-57.29225
-59.06295
-60.64221
-60.89755
-63.14920
-60.08735
-59.66084
-56.18882
-52.34616
-51.81801
-50.65720
-51.42005
-53.89988
-51.33393
-52.05474
-50.85323
-46.48502
-50.20228
-53.73333
-52.60441
-53.36137
-51.52680
-51.40978
-50.88051
-50.05895
-51.15272
-50.57709
-50.58649
-51.37289
-50.31011
-52.08423
-50.76361
-52.03347
-53.26208
-48.82326
-49.52327
-52.40366
-57.05224
-60.31889
-58.72964
-58.19953
-56.26354
-57.85453
-55.56781
-53.45870
-53.96207
-51.08427
-52.07442
-53.27717
-52.51368
-51.79155
-53.19866
-48.74650
-46.53305
-51.95098
-51.53938
-55.22087
-55.16443
-55.04787
-50.79664
-53.32832
-52.54966
-50.56846
-49.86226
-49.22141
-52.51585
-50.81578
-53.50974
-52.93654
-54.57902
-50.24066
-48.51562
-48.97933
-51.46220
-54.05687
-59.11266
-54.84745
-63.28124
-56.31171
-56.49656
-45.01959
-51.86424
-51.12608
-56.32417
-51.15969
-53.21996
-53.07403
-54.47880
-50.86445
-25.13582
-25.32058
-32.80091
-39.45959
-52.33500
-49.22952
-59.78479
-48.98957
-51.05916
-48.30149
-52.31855
-48.62311
-50.94424
-50.34514
-52.09484
-50.22651
-52.94065
-51.16030
-48.65640
-48.62048
-53.30380
-56.55165
-53.40956
-56.47417
-57.73812
-57.90553
-54.16587
-52.65716
-52.38086
-52.44309
-50.73521
-50.95766
-50.46739
-53.51820
-51.19273
-53.39958
-49.78380
-47.55483
-54.53398
-57.93437
-59.77657
-59.28695
-59.48055
-55.39537
-57.23315
-57.65609
-54.11348
-51.41280
-51.18246
-52.03862
-52.13674
-52.70853
-52.34756
-52.78498
-49.38651
-49.09188
-50.42118
-54.24802
-51.07070
-58.56149
-52.71130
-55.40934
-56.51100
-57.89965
-50.34245
-52.41463
-48.30938
-49.86328
-48.72255
-52.47098
-48.53576
-50.65945
-47.73100
-25.18914
-25.28556
-33.44838
-40.73043
-55.00547
-50.33977
-56.49267
-49.68685
-51.97480
-50.84356
-54.84019
-48.95113
-51.57215
-49.03676
-51.27230
-50.70539
-51.62946
-52.61204
-48.25508
-48.23704
-54.27875
-55.16877
-55.31795
-57.64729
-54.70318
-57.48657
-56.58611
-52.73444
-51.87592
-53.37261
-50.31246
-51.81635
-51.57033
-53.27104
-51.99572
-53.85658
-48.49285
-46.91106
-51.70168
-51.06538
-50.64463
-50.20535
-51.41878
-52.50586
-54.97797
-49.12050
-51.22204
-49.95191
-50.33475
-50.73989
-50.26998
-53.11278
-50.10124
-50.14906
-48.90034
-50.26429
-49.14775
-52.32198
-48.66517
-52.12783
-49.59701
-51.71487
-50.27402
-50.76225
-47.46185
-50.18112
-47.60859
-52.10303
-48.30779
-52.08152
-49.62189
-49.84074
-50.86089
-26.25536
-25.77807
-30.54869
-36.69137
-46.24279
-46.42915
-52.98538
-47.44442
-53.13332
-45.89409
-53.06598
-48.55739
-50.89664
-48.05810
-47.67769
-47.10321
-49.31939
-51.78136
-49.99699
-50.12376
-52.50874
-53.12958
-53.16864
-55.46439
-56.75517
-55.64957
-53.08548
-56.90886
-52.07597
-52.42351
-50.41623
-49.42649
-51.57958
-52.33190
-48.03108
-50.11431
-48.95613
-50.27569
-55.32739
-56.06283
-55.27895
-55.95955
-57.29476
-57.52999
-60.75258
-56.02197
-54.75130
-51.92570
-50.18625
-50.26553
-51.09281
-52.85025
-53.91988
-52.98179
-49.44914
-46.90838
-50.20752
-57.22082
-60.98104
-61.59395
-62.76193
-63.42217
-63.40624
-60.09330
-55.82200
-53.14248
-51.62940
-51.99246
-52.86045
-55.07345
-51.51938
-53.98486
-51.84506
-46.94348
-52.57451
-55.03810
-55.68705
-53.89404
-53.42530
-53.30770
-52.93649
-53.74509
-51.45431
-51.02537
-49.64112
-50.55930
-51.26366
-52.66870
-49.19188
-51.30996
-55.28473
-49.18828
-49.89370
-54.47377
-58.24566
-60.91582
-62.61053
-61.91091
-58.88279
-60.51253
-54.64308
-52.24275
-54.85083
-51.69657
-50.95169
-52.21322
-51.00730
-50.00885
-52.11416
-49.01565
-49.72429
-60.35203
-57.18238
-63.89277
-59.68397
-64.73444
-61.19532
-63.69895
-59.62852
-56.25850
-54.69232
-52.99005
-53.80699
-53.60228
-56.00621
-52.85584
-56.12622
-49.47190
-47.85736
-50.43208
-60.27620
-59.79756
-86.97056
-60.74087
-74.77445
-60.39518
-59.78950
-45.06872
-52.32990
-50.01443
-56.33923
-51.97470
-51.72089
-54.36861
-53.44081
-63.01993
-25.78238
-27.79356
-37.38881
-40.52055
-87.61225
-49.27049
-65.79166
-50.45460
-56.38026
-48.93335
-54.39658
-49.01804
-52.53325
-50.40553
-53.44804
-51.85022
-54.89937
-53.28653
-49.59981
-50.03072
-53.65626
-60.38063
-62.21106
-64.66131
-60.77100
-61.86688
-59.10361
-58.66700
-51.60668
-51.86771
-50.66519
-52.55730
-50.88047
-52.76873
-51.54346
-52.07217
-48.80518
-50.08221
-60.31363
-57.67753
-64.91167
-61.73545
-67.63571
-62.41957
-64.03101
-60.58190
-54.87799
-52.12602
-51.96354
-51.43209
-52.29082
-54.19858
-52.81169
-55.91492
-49.68414
-49.03803
-51.10738
-64.87888
-57.85139
-81.25459
-59.69571
-82.60202
-58.21708
-66.96876
-52.86444
-55.77381
-50.22679
-50.73807
-52.70128
-55.17360
-54.57891
-49.49517
-78.97730
-26.28865
-27.71305
-37.03569
-39.96826
-88.98757
-49.33301
-68.35951
-50.47679
-62.16049
-50.58863
-58.08753
-49.11137
-51.77533
-48.90402
-52.43481
-50.01977
-52.68275
-54.05975
-47.91472
-50.82737
-54.23364
-59.66400
-61.49383
-63.96396
-60.93686
-64.31919
-58.73856
-56.28790
-51.98144
-55.19282
-50.67975
-52.57086
-51.45672
-53.58379
-52.39397
-54.64387
-48.05892
-50.06861
-58.62194
-57.17022
-67.22090
-62.92159
-63.70534
-62.69223
-63.09870
-60.75110
-55.02164
-54.39745
-54.23743
-53.63555
-53.96009
-53.31078
-54.65309
-53.96490
-53.36646
-49.33129
-52.42194
-49.27749
-52.70084
-48.32877
-54.99617
-48.11644
-63.26954
-37.42175
-25.70397
-27.15367
-32.35651
-44.56363
-49.73036
-51.08859
-54.92818
-50.99631
-70.62081
-26.65682
-25.33822
-32.90270
-40.55821
-50.17865
-49.26516
-54.25074
-48.49522
-51.61786
-49.65090
-49.98455
-49.00671
-48.21314
-47.09975
-47.15571
-48.43883
-49.60415
-51.87369
-48.18798
-47.88257
-53.71149
-59.11590
-57.18574
-58.73167
-56.92565
-60.82571
-58.58440
-56.95055
-52.83280
-51.66780
-51.03583
-51.22162
-51.16097
-52.00976
-50.92079
-50.99975
-50.52570
-46.37661
-53.16434
-56.51399
-61.66266
-62.53944
-60.29964
-59.07423
-59.52475
-62.65930
-54.96171
-52.45769
-51.77622
-52.66075
-50.67729
-53.32297
-51.55960
-56.29520
-49.97667
-48.07245
-48.73867
-60.56871
-58.12695
-68.26465
-58.36508
-72.03069
-61.10035
-60.57459
-54.52779
-54.49707
-51.54301
-49.96704
-54.60296
-52.38498
-58.36801
-47.28986
-61.08718
-25.39024
-24.66073
-34.13553
-37.90174
-57.38180
-49.07704
-59.15220
-47.18693
-57.77822
-49.29680
-51.73844
-49.12854
-49.47258
-50.24861
-50.94060
-48.87824
-49.58552
-54.39467
-48.77062
-50.20813
-52.95812
-58.89952
-58.94561
-66.70298
-56.98466
-62.43605
-59.02439
-56.17942
-51.67877
-54.82675
-50.87073
-52.70630
-53.22777
-51.77408
-50.67421
-51.84152
-49.92144
-46.24722
-53.03260
-57.58852
-62.63407
-61.11730
-65.58661
-61.95998
-62.11540
-59.32797
-55.36809
-54.37383
-53.93628
-54.31777
-53.68713
-55.20638
-53.22427
-55.16604
-51.41623
-48.83740
-49.49533
-60.79195
-59.60945
-80.17246
-61.11079
-83.84724
-59.85414
-61.22412
-45.53409
-50.45599
-52.22751
-53.70710
-53.08563
-50.06761
-57.54629
-48.57591
-56.75633
-26.26346
-25.28173
-33.27899
-39.34606
-59.82229
-49.75827
-62.08342
-49.36517
-54.36867
-50.22050
-53.47021
-49.38554
-51.17672
-49.82671
-53.82268
-52.01591
-54.30246
-54.66506
-48.97672
-48.55245
-52.78745
-61.04044
-59.95248
-63.88144
-61.69674
-63.96578
-56.15854
-58.72683
-52.67540
-52.28793
-51.21587
-51.59255
-50.72295
-53.15367
-51.07543
-51.77576
-51.85903
-47.56647
-52.81395
-58.81771
-62.24164
-62.98383
-64.20988
-64.57391
-64.45382
-63.10369
-55.21579
-52.45366
-51.26196
-51.77023
-51.65316
-52.67154
-51.90877
-54.70199
-49.72142
-48.98474
-49.85032
-57.16397
-58.29251
-68.82051
-62.31564
-72.26320
-62.04742
-61.28950
-55.08760
-52.10042
-51.39435
-49.01578
-52.73935
-50.69465
-57.60846
-46.44964
-55.66489
-28.42073
-25.47286
-33.66819
-40.02649
-54.09201
-50.79702
-58.53096
-52.72695
-55.76332
-51.74113
-52.65454
-51.02049
-50.93402
-50.14763
-53.41185
-53.28456
-52.05969
-56.35387
-48.17418
-47.65910
-53.39965
-60.62333
-58.97681
-64.55688
-60.08826
-59.89375
-59.76244
-56.42682
-51.01078
-54.22775
-50.67343
-52.33553
-52.91148
-53.97690
-52.08453
-53.03296
-50.90114
-47.10312
-51.85784
-54.07013
-55.55944
-55.24156
-53.82879
-50.94209
-52.10330
-52.93338
-55.66813
-53.18834
-52.47876
-50.80309
-51.58836
-50.75547
-51.30079
-49.96004
-50.28065
-47.41091
-48.97006
-52.62797
-51.92371
-56.25182
-51.33679
-57.11276
-51.48991
-53.65347
-46.38325
-50.52236
-47.58081
-52.35002
-46.26509
-53.38216
-45.40337
-57.64997
-39.07103
-24.21958
-25.77432
-33.04045
-41.16179
-49.36550
-50.15591
-52.46811
-49.76981
-51.30669
-49.25364
-52.12060
-48.69121
-50.62649
-48.11809
-50.86255
-48.92626
-51.39941
-52.41086
-51.08222
-51.56820
-54.10804
-52.79413
-53.72149
-53.61867
-54.24879
-53.24056
-51.48787
-52.99180
-56.21535
-55.77410
-54.26850
-54.30072
-53.12147
-54.00462
-54.10764
-57.16641
-52.17697
-51.55466
-56.08219
-56.21680
-56.78686
-59.03676
-56.90331
-57.60453
-58.38468
-59.74577
-60.21335
-59.39402
-57.08509
-57.88272
-56.93294
-60.32501
-57.30131
-59.33261
-53.02667
-50.86173
-57.60435
-57.77053
-61.16524
-57.77792
-58.03552
-60.20919
-63.67307
-60.97618
-60.75199
-60.43283
-59.18474
-60.49893
-60.49502
-58.35973
-58.07989
-60.77293
-56.40431
-49.94728
-53.95936
-54.02396
-53.76630
-54.41884
-54.37678
-53.61626
-53.38661
-54.22585
-51.53718
-51.63506
-50.96842
-51.47173
-50.57856
-53.88888
-53.57541
-58.74144
-57.10753
-52.01969
-52.22116
-62.95913
-57.64580
-66.17955
-58.05918
-69.29250
-61.43233
-71.05901
-61.04549
-59.20845
-58.25414
-57.93854
-60.54217
-54.80128
-71.23323
-50.72416
-49.29515
-30.24008
-27.43594
-37.70063
-43.34145
-84.97415
-56.10519
-71.94844
-61.10981
-65.07294
-62.49051
-59.04040
-72.70743
-54.56997
-71.07200
-51.40637
-58.63484
-47.42786
-47.15164
-33.58830
-26.54368
-34.87041
-41.51335
-58.12555
-59.32682
-68.17123
-64.93827
-62.24329
-66.04301
-57.35989
-65.08389
-55.49420
-58.16674
-54.97961
-63.87158
-53.79579
-60.01865
-53.97435
-50.96202
-52.31759
-53.91066
-52.80271
-55.90364
-53.39597
-55.04116
-53.76024
-53.87491
-51.80163
-51.92473
-52.43842
-51.26150
-49.82381
-51.57923
-52.99191
-53.71638
-57.95813
-51.13042
-53.73068
-58.96431
-61.75461
-64.72744
-67.44868
-70.44316
-65.87946
-60.43316
-62.94801
-64.69314
-61.55329
-59.20074
-58.46905
-59.12408
-60.83766
-59.38816
-61.61098
-51.59843
-51.13168
-58.75862
-57.39856
-61.93810
-63.50844
-61.91128
-63.16650
-67.22999
-67.45891
-63.37770
-58.65190
-59.08555
-60.87964
-57.36442
-60.59835
-59.96585
-64.82134
-54.66784
-50.70934
-56.90120
-58.79133
-57.89089
-56.55573
-59.91538
-59.68655
-57.19478
-56.62301
-58.99575
-57.42354
-57.31282
-59.93632
-59.58805
-59.92154
-59.18971
-61.56780
-59.07378
-50.13785
-52.49926
-53.49481
-52.03535
-52.62658
-53.01684
-52.11975
-51.54909
-52.00952
-50.55650
-51.61574
-51.00216
-51.34095
-49.73336
-52.51216
-51.59044
-54.03083
-53.11554
-50.88890
-51.82217
-57.16693
-53.13272
-59.99186
-54.91324
-57.68360
-54.63602
-54.63372
-53.25673
-53.63947
-54.84283
-53.32259
-59.40684
-51.48904
-66.94521
-47.99491
-50.57302
-30.10939
-26.66395
-32.99317
-38.53403
-58.39789
-49.48621
-67.22317
-51.13616
-58.48901
-52.97747
-55.81308
-53.23754
-56.51428
-52.04892
-52.72907
-53.94090
-51.12187
-53.98777
-47.76506
-50.27060
-49.14454
-51.62087
-50.24450
-58.17007
-51.10961
-54.60323
-49.09215
-52.21484
-50.07365
-59.43177
-47.02850
-54.11189
-48.68992
-55.49090
-48.96307
-50.61450
-47.34872
-25.80193
-27.53397
-34.00338
-39.74404
-61.73048
-47.13622
-66.05890
-46.80247
-54.97128
-49.59407
-57.72754
-47.05519
-53.37221
-49.85226
-52.30531
-51.83729
-46.26485
-54.69137
-26.50917
-24.69930
-31.35058
-39.79980
-54.99727
-50.18259
-57.09211
-52.31316
-57.30732
-54.35970
-53.90380
-49.34249
-51.52183
-52.11465
-51.64651
-52.45580
-52.78395
-52.35190
-49.34312
-49.90143
-57.47389
-54.74261
-55.72867
-58.24981
-60.98503
-58.75097
-59.19899
-58.06747
-54.53065
-50.53736
-51.63795
-51.42746
-50.88263
-52.87676
-49.98304
-54.79155
-48.77803
-48.90747
-51.75534
-62.75537
-55.81920
-90.47302
-54.13054
-62.08856
-53.06955
-69.26010
-55.52458
-66.11153
-50.80034
-76.14344
-53.98396
-69.36909
-49.18887
-82.31645
-46.94594
-24.44676
-28.99576
-38.60091
-43.56114
-63.21191
-50.62793
-68.25734
-51.50312
-68.50305
-51.26022
-58.31801
-48.43567
-54.67573
-50.55390
-56.40205
-50.97148
-52.34736
-54.46473
-49.62418
-49.44791
-54.69291
-59.77387
-66.61136
-67.18169
-60.49648
-63.62134
-62.54303
-58.41551
-51.54625
-54.34703
-51.18594
-52.06281
-53.09062
-53.14198
-51.40598
-54.22467
-50.76567
-49.47761
-59.19126
-57.18932
-64.96602
-63.54572
-66.04480
-60.84788
-66.95387
-62.58424
-56.17505
-53.48107
-53.39416
-53.68747
-53.73582
-53.92978
-51.53721
-56.05595
-50.50159
-48.72892
-51.89042
-63.48742
-56.12710
-71.52832
-57.97157
-80.94525
-56.70991
-62.70761
-56.61709
-63.68543
-50.51290
-76.88833
-59.33635
-74.12679
-49.43472
-59.40726
-52.38904
-24.45702
-28.26735
-38.60816
-42.80094
-60.87335
-50.84155
-70.66362
-50.89626
-72.69742
-51.89377
-58.81013
-49.01210
-56.18500
-50.38760
-56.88567
-52.24317
-52.77395
-52.94616
-49.43588
-50.17825
-54.41095
-59.06895
-64.98798
-71.74529
-61.93539
-62.47714
-59.74423
-61.39198
-54.29393
-53.34109
-52.34027
-54.12309
-54.81952
-55.34128
-51.13189
-53.71233
-49.77549
-49.45182
-58.64503
-57.90280
-63.92453
-66.74406
-67.44494
-62.36870
-61.69607
-59.21631
-56.59626
-52.43299
-51.02687
-53.87269
-55.96915
-53.22497
-52.15776
-55.02641
-50.52484
-49.21379
-51.39231
-62.85142
-56.95488
-74.16155
-59.46760
-75.88249
-57.65342
-64.16720
-59.99488
-78.56722
-52.42352
-74.17693
-60.40495
-75.38809
-53.88782
-61.14772
-54.90689
-24.45761
-26.81732
-37.03194
-42.48479
-63.21040
-51.20074
-68.21196
-52.51430
-77.20900
-52.06495
-57.23440
-48.87334
-53.60285
-50.56168
-55.74732
-52.09008
-52.46188
-56.19787
-50.01959
-49.55935
-54.39163
-60.68661
-66.37869
-69.66630
-64.77068
-63.96932
-59.63857
-59.44921
-51.81506
-53.56478
-51.68617
-52.22835
-53.18539
-53.88869
-51.60881
-53.69539
-50.68227
-48.79853
-55.92871
-56.41548
-65.04331
-65.67001
-73.87056
-61.10608
-63.96776
-63.81421
-55.36963
-53.01498
-53.30509
-58.38934
-57.84862
-56.16838
-50.81423
-58.75615
-53.59501
-49.01471
-49.96918
-58.35855
-57.21158
-79.38889
-59.38263
-63.70542
-56.47590
-63.58099
-58.61639
-57.29583
-49.82324
-63.29983
-63.34257
-58.88265
-52.49646
-50.10476
-64.46299
-24.69361
-24.64093
-32.82688
-40.99572
-62.45716
-50.32697
-66.64093
-48.34334
-59.47409
-51.17001
-55.89602
-49.10301
-52.63430
-50.84379
-53.33192
-51.05572
-51.94351
-52.80609
-50.02737
-47.16325
-51.31431
-55.71797
-56.01888
-63.47807
-55.28719
-58.89445
-59.62234
-61.02714
-54.76223
-52.49313
-51.91468
-53.04956
-52.03078
-52.63780
-51.23963
-52.67753
-51.94273
-46.75671
-49.76288
-55.72564
-56.42874
-57.76931
-55.30093
-57.02267
-54.34977
-56.04030
-52.65810
-51.73554
-49.93504
-51.93958
-51.28108
-53.54063
-51.48024
-53.83136
-51.34167
-48.60129
-47.78447
-55.06087
-54.72490
-59.06278
-58.75861
-59.07880
-60.59423
-60.15356
-65.58084
-54.44756
-63.28109
-54.87371
-61.77892
-51.25434
-67.30820
-45.84536
-44.41000
-28.04944
-22.90070
-31.62528
-39.46198
-60.55819
-52.75120
-64.33156
-55.16170
-63.18574
-56.02545
-52.28578
-51.76763
-50.32169
-52.91101
-51.16254
-53.01056
-50.05027
-56.46832
-50.55711
-49.21997
-50.03544
-55.83703
-54.23805
-58.07707
-58.03040
-61.73842
-61.39414
-61.19424
-53.06991
-53.97185
-53.05833
-51.74741
-53.21956
-51.62410
-52.31524
-52.41331
-53.04919
-46.61931
-50.25894
-54.66977
-56.32980
-57.29714
-55.14593
-58.17669
-56.13154
-58.09861
-53.49332
-53.60108
-51.33399
-53.10938
-51.81655
-54.13523
-50.64271
-53.78519
-51.71627
-49.21708
-48.39436
-55.56571
-57.44430
-61.25158
-56.50135
-58.33776
-57.18375
-56.60894
-48.46687
-46.44942
-60.64956
-52.54192
-61.82179
-50.25790
-65.02384
-43.84386
-43.73042
-29.06705
-24.09471
-33.49264
-38.19772
-65.86436
-51.73426
-63.13011
-54.98606
-61.16262
-55.86334
-52.96184
-51.58179
-50.82447
-52.42973
-51.44270
-55.42135
-49.97001
-55.94606
-49.88871
-48.33002
-49.95432
-57.41969
-55.90582
-64.39621
-60.14422
-62.24029
-60.41571
-60.42215
-54.17911
-52.57969
-53.80948
-53.77004
-55.02635
-55.11164
-51.85604
-52.47020
-52.20776
-47.04222
-51.01481
-54.53691
-56.16974
-56.06489
-54.50584
-57.99644
-54.60813
-57.05092
-53.01463
-53.58656
-50.32459
-52.22939
-52.37745
-54.66275
-51.85467
-53.30359
-51.98418
-50.06212
-48.54639
-55.15665
-54.42481
-57.64166
-60.58804
-59.92180
-61.02173
-60.90156
-75.60420
-54.12240
-62.38403
-52.00258
-60.44420
-50.51628
-57.34165
-44.79728
-42.91575
-29.32846
-24.13949
-34.25700
-37.78319
-66.58839
-51.72491
-69.39606
-55.76046
-62.40384
-57.48137
-52.23732
-51.89700
-50.06623
-53.34936
-51.01742
-56.13234
-49.42453
-57.32898
-49.76724
-47.62876
-49.96058
-57.67219
-53.47467
-59.39330
-57.76006
-63.55668
-58.86527
-61.22097
-53.17762
-54.15572
-52.62622
-51.35552
-53.87906
-52.23273
-51.84050
-52.11291
-53.76030
-46.95752
-50.24288
-53.83768
-54.96929
-55.11173
-53.71261
-52.94348
-51.86240
-52.08767
-51.86580
-49.97124
-49.62851
-51.67296
-53.06274
-52.56447
-49.40912
-52.53965
-50.59228
-52.29990
-49.84849
-50.65735
-51.73474
-60.57923
-51.96542
-50.68618
-50.90959
-55.07309
-49.19341
-48.37868
-50.09286
-50.49783
-64.49440
-50.28688
-57.21422
-44.89702
-53.18319
-27.33658
-23.52002
-30.04822
-36.23061
-46.83812
-47.33306
-53.92101
-47.69091
-52.40225
-50.05690
-49.28292
-49.63088
-51.24734
-49.97660
-49.61483
-49.94674
-52.40876
-54.54296
-49.29588
-49.02263
-52.18489
-55.56993
-53.77295
-56.55793
-53.37745
-56.86735
-55.95245
-58.88816
-54.00082
-53.49983
-50.23493
-52.10172
-51.22865
-52.85773
-51.58111
-52.55298
-51.34988
-47.67266
-53.06423
-55.21114
-55.41518
-55.96356
-55.62570
-54.59356
-56.08101
-57.34304
-55.14600
-51.06731
-51.37627
-51.39051
-51.48862
-51.79815
-51.98514
-52.39554
-52.62180
-48.53985
-48.29571
-53.71304
-55.54408
-57.62939
-60.67599
-62.38736
-60.83100
-59.45647
-58.05640
-53.99115
-51.82319
-51.74559
-50.36621
-52.43248
-53.23192
-51.85230
-52.93914
-48.17678
-48.75963
-52.81120
-51.13838
-51.51537
-50.80460
-50.53456
-51.66735
-51.48359
-51.09890
-51.81798
-49.09539
-50.11030
-50.63376
-50.11382
-51.55672
-50.77095
-55.17471
-51.23226
-48.32916
-51.79843
-55.66592
-55.58808
-58.62638
-59.50028
-55.54669
-57.77020
-57.94339
-52.35201
-54.97358
-53.02131
-50.84945
-51.68300
-52.56955
-51.99582
-52.23367
-51.71135
-47.86318
-51.56934
-51.77949
-51.71753
-51.70020
-53.43571
-52.03248
-51.31272
-52.87327
-50.26966
-49.53390
-50.22648
-52.83906
-51.22409
-51.92614
-52.86380
-52.25502
-52.71307
-49.21447
-49.54498
-53.17982
-53.65112
-53.61343
-52.88516
-55.07236
-54.23854
-56.70144
-48.13847
-48.18143
-52.19806
-50.96501
-53.77726
-50.61081
-51.92451
-52.42508
-52.98586
-49.25978
-48.19064
-52.83707
-51.77697
-51.86793
-51.96698
-51.62596
-52.83938
-49.72625
-50.02668
-50.09966
-49.10354
-49.17632
-50.81724
-51.51056
-52.49828
-52.78539
-52.65860
-50.80101
-48.37150
-51.89859
-53.55976
-55.66116
-55.31354
-56.58424
-55.83076
-58.07115
-59.35848
-53.81811
-52.02886
-51.15995
-52.05248
-51.76182
-52.76949
-52.17310
-52.97164
-51.10832
-47.72925
-54.30671
-53.67258
-53.67945
-56.01602
-53.48417
-55.82662
-53.96612
-56.00049
-53.06124
-52.27684
-51.16016
-52.22701
-50.63054
-53.12365
-50.79492
-52.77891
-50.43064
-49.66870
-48.97794
-52.16186
-52.63729
-53.45986
-55.49056
-53.70841
-55.05179
-53.82235
-55.85946
-49.75318
-52.60359
-47.33825
-52.91444
-46.49715
-60.16786
-44.00485
-53.19999
-32.02033
-24.72002
-32.63545
-38.04569
-45.94651
-52.57609
-52.42423
-57.14248
-49.36122
-54.20191
-49.07813
-54.44024
-47.81431
-53.49355
-46.49497
-59.68436
-46.21311
-61.30823
-38.25140
-25.83610
-28.05818
-35.09158
-44.18089
-54.19139
-54.39029
-56.24402
-53.34344
-58.21278
-51.29200
-55.96870
-51.02296
-52.77391
-51.05425
-55.09300
-50.97534
-53.55895
-50.43399
-47.02439
-51.14678
-51.17535
-50.88811
-51.58891
-49.57703
-49.31050
-51.52632
-50.58355
-50.86338
-47.03690
-48.23370
-49.52605
-51.49721
-49.61027
-54.08774
-50.80754
-50.60683
-49.15110
-51.56696
-49.72517
-51.07852
-49.59327
-49.64523
-50.66237
-48.34299
-59.19374
-28.41602
-25.09011
-28.43317
-36.50426
-48.41840
-46.95960
-53.60031
-48.09143
-52.78853
-45.84173
-48.86714
-48.41911
-54.53262
-49.35235
-53.44164
-50.59175
-50.29165
-48.12965
-52.21654
-49.12742
-51.14674
-49.17831
-50.01855
-48.91249
-49.20163
-52.14093
-51.24558
-50.24797
-25.28320
-25.21912
-34.04348
-41.09535
-61.80385
-49.60690
-56.83595
-53.99968
-56.72070
-51.58448
-52.42167
-50.81417
-52.41321
-50.17968
-52.95881
-51.96128
-52.89162
-52.53298
-46.94331
-48.86488
-55.57906
-55.26199
-57.01626
-55.25042
-56.61337
-55.36760
-54.94793
-54.47081
-53.00445
-52.11277
-52.48954
-51.25057
-52.26906
-51.36273
-53.61564
-51.95425
-47.93344
-48.37593
-52.88701
-57.10766
-57.38063
-61.31367
-57.56563
-65.39444
-56.89113
-62.72307
-52.07177
-57.05179
-48.70796
-56.30391
-49.63791
-77.07442
-45.06159
-51.51297
-32.24441
-22.95367
-28.24010
-36.60896
-44.78889
-50.81000
-50.62545
-50.76562
-49.93730
-50.89680
-49.15936
-50.88537
-49.46504
-52.14088
-49.73081
-53.27451
-49.86682
-54.55285
-51.69098
-49.33456
-49.53406
-56.33569
-55.65175
-56.90012
-57.74628
-60.18611
-56.64053
-56.76791
-53.07671
-53.94325
-53.20701
-50.51242
-52.91409
-51.72177
-52.42112
-51.37647
-53.08621
-46.75803
-48.61882
-52.74226
-52.01981
-53.21121
-53.29549
-53.12219
-50.85580
-54.55549
-49.93316
-50.95169
-49.79685
-50.87346
-50.80313
-51.12927
-53.18541
-51.89068
-52.25436
-49.33984
-48.49800
-51.78894
-54.63758
-55.90085
-53.43205
-55.35177
-59.00067
-54.49683
-50.23680
-45.92369
-54.29450
-49.45152
-68.63934
-47.83651
-64.88415
-47.44254
-52.81604
-34.72594
-23.60087
-27.25203
-34.75776
-43.92954
-51.03606
-51.44672
-52.33989
-49.28995
-52.04552
-49.80515
-51.52540
-47.96079
-51.78670
-49.69132
-53.42769
-52.93580
-53.17083
-50.46139
-48.38736
-48.82058
-55.45962
-55.76221
-59.28179
-58.01318
-60.31294
-54.45358
-54.64094
-55.90177
-52.12704
-52.07612
-50.91938
-51.64206
-52.57183
-52.91770
-51.89218
-52.21894
-47.16175
-48.78341
-53.17009
-54.15326
-55.35493
-54.40692
-55.23699
-55.43887
-54.67636
-53.48585
-51.47192
-51.68710
-50.81232
-51.05899
-51.90382
-52.21304
-52.25300
-51.51597
-48.46759
-48.15123
-51.52567
-52.70936
-55.47151
-55.01084
-54.36017
-53.34217
-55.67265
-55.27900
-52.00378
-51.25913
-49.29712
-49.36413
-50.69999
-53.33542
-51.45817
-50.13093
-48.69347
-46.79559
-51.34569
-54.50497
-53.67266
-54.45014
-51.59923
-51.60840
-51.88314
-49.71090
-51.02879
-52.13441
-51.57267
-50.26110
-48.29151
-52.62562
-50.95264
-52.36606
-51.96040
-46.51330
-50.58453
-53.00922
-53.72684
-56.31466
-59.32792
-56.77506
-53.40700
-52.19584
-52.85467
-56.06672
-52.98539
-50.08887
-52.06168
-51.43304
-51.20872
-53.48091
-52.79385
-47.53594
-48.40682
-52.33587
-49.70068
-52.76767
-50.28183
-50.92518
-48.43524
-50.13711
-49.03967
-49.39751
-50.34395
-49.63002
-51.90373
-52.91885
-51.23540
-51.08499
-50.73725
-51.52658
-49.55097
-48.91458
-50.80715
-49.28751
-51.93047
-50.21020
-53.49422
-48.98032
-50.60917
-46.51395
-50.22034
-45.34596
-58.38496
-47.00283
-54.47657
-46.61399
-70.41976
-37.10112
-24.16347
-27.40684
-33.25567
-40.58986
-48.53683
-48.62355
-52.80207
-47.77647
-52.92110
-48.66065
-50.97254
-46.93975
-52.39446
-49.30215
-50.46873
-51.91331
-53.53623
-48.72719
-49.03358
-51.45197
-55.64163
-52.97194
-56.51075
-53.24968
-55.90911
-53.07976
-52.44293
-53.34263
-51.34895
-51.36643
-50.77230
-50.90688
-49.98239
-53.12231
-51.85816
-52.15755
-47.52953
-52.48075
-55.07056
-55.43297
-55.89739
-56.10971
-57.61863
-58.24569
-58.84694
-55.51200
-54.31754
-52.29975
-51.66338
-51.81582
-52.37756
-52.42799
-54.07118
-53.08964
-49.42118
-47.78971
-53.23582
-59.14953
-62.34707
-62.76597
-62.62458
-59.50552
-58.79154
-58.17415
-56.01580
-51.93099
-49.97378
-51.06143
-52.92923
-53.04980
-50.82548
-53.11133
-48.74697
-48.38233
-51.57822
-53.37073
-52.03674
-51.55277
-51.11496
-50.63253
-51.05706
-49.55291
-50.81826
-50.21789
-51.54229
-50.99262
-51.07408
-52.38139
-50.98959
-52.67900
-51.80096
-48.36206
-51.29053
-55.34243
-57.82031
-56.34215
-56.10687
-57.73558
-56.08774
-58.12271
-52.43425
-53.94697
-53.17577
-50.21672
-52.51688
-52.68309
-51.86539
-52.47208
-51.81607
-47.51153
-51.69020
-53.61673
-52.16694
-53.32918
-51.40218
-53.07949
-50.51100
-51.74599
-50.54594
-51.47673
-50.51818
-52.36700
-51.06215
-53.87275
-51.69901
-52.11953
-52.77535
-50.10257
-48.70124
-52.82555
-57.27285
-60.91107
-61.87425
-53.10936
-55.34289
-57.11378
-52.34130
-45.77329
-54.28729
-48.93020
-64.47173
-47.29431
-63.64511
-45.92962
-52.87290
-35.51052
-25.10884
-28.33096
-32.94917
-45.04563
-50.17921
-53.72470
-52.48148
-49.29187
-51.70390
-48.80686
-51.33614
-47.82237
-51.21007
-50.14869
-55.25632
-53.51674
-55.39291
-50.56763
-49.59967
-49.93438
-54.98312
-56.22568
-58.29690
-54.92022
-59.18542
-56.64817
-55.21483
-55.05923
-52.35821
-49.99114
-51.26542
-53.58595
-52.47541
-52.76134
-53.06885
-52.93602
-48.18793
-52.77789
-56.55629
-57.22184
-60.34187
-56.58409
-59.77812
-55.83697
-59.02501
-53.15038
-52.70187
-51.49117
-52.04005
-51.39249
-52.36059
-51.68002
-53.48952
-52.19307
-48.77642
-49.22721
-51.02577
-53.57743
-51.15813
-57.67268
-50.94950
-55.22846
-51.71272
-59.72499
-49.02750
-53.01532
-47.02217
-51.33283
-47.82046
-58.56737
-45.69625
-68.75575
-38.19977
-24.58935
-28.53348
-35.47163
-42.78005
-53.10570
-49.83869
-55.86905
-50.64883
-57.55331
-49.42321
-54.03926
-49.21927
-50.89212
-48.18095
-54.17161
-48.32139
-55.04442
-50.56923
-48.46069
-51.30365
-53.41300
-54.73259
-59.95179
-56.50397
-53.89919
-57.54083
-56.12451
-51.77717
-52.60666
-52.22460
-49.99462
-52.67192
-51.73238
-53.01473
-51.37265
-53.45981
-47.90994
-50.34396
-51.36472
-51.95568
-49.89468
-49.32790
-50.80156
-53.95153
-53.62470
-48.94489
-51.17448
-49.33958
-51.72438
-51.06275
-49.83671
-51.46721
-50.38781
-51.54298
-50.13760
-48.36217
-49.29277
-49.59345
-50.41925
-50.17569
-51.31424
-52.00156
-52.69001
-48.96961
-48.50851
-49.69545
-50.49080
-51.32551
-49.23703
-51.77445
-50.50839
-50.55074
-48.40865
-47.21757
-51.00661
-49.78565
-50.52758
-50.49179
-50.88348
-50.01309
-48.41513
-52.25192
-50.09906
-49.30731
-49.24285
-49.98324
-49.29122
-49.93441
-52.97703
-52.08352
-51.95670
-46.95840
-48.11757
-53.50364
-53.90649
-54.44507
-55.33301
-56.76285
-55.82626
-54.18448
-52.82660
-52.35128
-52.47820
-53.34449
-53.27283
-51.79171
-52.07565
-49.71811
-50.83002
-47.69470
-47.63673
-54.87364
-56.34248
-59.90165
-56.85738
-60.07814
-56.39163
-58.41864
-57.58423
-54.95385
-50.87305
-51.65619
-51.05688
-52.46010
-51.89289
-54.31923
-54.48030
-48.82565
-47.94026
-51.37402
-59.30460
-57.64219
-68.68662
-58.41402
-74.43032
-55.01543
-61.74362
-50.94915
-55.28711
-47.58900
-53.99246
-50.48062
-63.17932
-46.99087
-65.01299
-37.76824
-23.71604
-26.45364
-34.12117
-41.82670
-53.66495
-50.49334
-52.08361
-48.89804
-51.63990
-48.45079
-52.47472
-49.20019
-52.51537
-49.86901
-55.17730
-50.60930
-52.82727
-52.55236
-49.64482
-49.72043
-54.47445
-56.40703
-57.27353
-56.39306
-58.17912
-57.64723
-56.60576
-53.64308
-53.41121
-53.73151
-50.78326
-52.93385
-51.57779
-52.46937
-51.95092
-52.96279
-47.20748
-47.80231
-52.21005
-54.20774
-54.49738
-53.03971
-53.77601
-50.62657
-52.92825
-50.88336
-53.74319
-49.53930
-50.75344
-53.17782
-53.95472
-54.17398
-52.69081
-53.61676
-49.28562
-48.62924
-51.29139
-59.73696
-55.65501
-58.73542
-56.31197
-57.76934
-52.27578
-52.19741
-45.06138
-54.68572
-48.65599
-59.22362
-48.44983
-58.49400
-47.92283
-68.84003
-39.27539
-24.54453
-28.95639
-35.37897
-39.92577
-53.82855
-49.29637
-58.88726
-47.80048
-53.60123
-48.42231
-53.69893
-49.11132
-50.94471
-50.28201
-54.13488
-52.37701
-55.74441
-53.06308
-48.88025
-48.41762
-54.86865
-57.19748
-57.55696
-55.67787
-57.06866
-54.63161
-54.60503
-54.19733
-52.29685
-52.84876
-51.17482
-51.80925
-50.54399
-51.59171
-50.58670
-56.24829
-48.72170
-48.35267
-54.99000
-57.27745
-56.26727
-56.26690
-60.79521
-56.54565
-57.72141
-56.24890
-54.91830
-51.58305
-52.24494
-51.20058
-52.71822
-52.12123
-53.36469
-52.41211
-49.06387
-48.69871
-50.36518
-53.95739
-53.32456
-59.40475
-51.99855
-57.53551
-54.09971
-56.77290
-48.96615
-52.36767
-47.44875
-51.71025
-48.56079
-56.01783
-47.46358
-59.00342
-39.58029
-24.22094
-26.46201
-35.36560
-42.94615
-56.38991
-51.31110
-59.55375
-50.68127
-51.88590
-50.30154
-53.20139
-48.67465
-50.79414
-48.57437
-52.12687
-49.79805
-54.06893
-52.14650
-47.40156
-49.09130
-55.17754
-59.04863
-57.28292
-54.13108
-58.29503
-56.06979
-55.31043
-54.01491
-52.82426
-54.16812
-50.50194
-53.59836
-51.55269
-52.58860
-52.17838
-53.13929
-47.58770
-47.67597
-51.78507
-51.77275
-50.93285
-51.15072
-50.44396
-50.05998
-54.94281
-51.07413
-49.24605
-50.38181
-50.66417
-50.09383
-49.71488
-50.50601
-49.40557
-49.58815
-51.69728
-49.86794
-48.95898
-50.22246
-49.34055
-50.38446
-51.97273
-50.34569
-50.10129
-49.31688
-48.88385
-48.98946
-51.47847
-48.97214
-47.79316
-51.79185
-50.46963
-49.97995
-50.12064
-51.36075
-50.61150
-52.94213
-53.28740
-50.23431
-52.39002
-52.33789
-52.54506
-52.00789
-52.03199
-54.17572
-60.52259
-53.21694
-53.10297
-57.40794
-54.79877
-54.85822
-53.01435
-53.59303
-52.80046
-54.01433
-58.81664
-56.38587
-54.51746
-59.82992
-54.79010
-55.90748
-58.11755
-54.90035
-54.59921
-53.76330
-55.22023
-55.74167
-55.57066
-56.31385
-58.65501
-58.61058
-55.99137
-56.80133
-59.85282
-57.79268
-62.13639
-62.26586
-59.16026
-59.93766
-60.39215
-60.01504
-58.89039
-58.30921
-60.75437
-59.39835
-60.65033
-59.91598
-59.85583
-62.48038
-58.15163
-58.41277
-60.95161
-62.40133
-59.20133
-61.64937
-62.87017
-62.25240
-59.79033
-61.23955
-64.28669
-63.06039
-62.08570
-61.87528
-62.39479
-63.00648
-62.92720
-62.39915
-63.41038
-62.91481
-63.86887
-66.86281
-71.00279
-63.26345
-63.97784
-69.57478
-70.10628
-64.64544
-65.39269
-72.31469
-67.19644
-65.73630
-68.22103
-69.26675
-69.57333
-68.18582
-69.77233
-69.35275
-67.41454
-69.37912
-68.85439
-70.68513
-72.70817
-71.14127
-72.30604
-80.59477
-75.51728
-73.93456
-76.58187
-82.10182
-81.27788
-75.76925
-78.23919
-82.97159
-83.82537
-78.30486
-78.31910
-83.96056
-85.32386
-78.83284
-80.89217
-86.53663
-82.03866
-80.78639
-84.15518
-84.74062
-82.43697
-83.39041
-84.94515
-84.62682
-83.84396
-86.20555
-79.63052
-71.36207
-75.04343
-82.02209
-80.21797
-83.34468
-83.41191
-86.63895
-85.10073
-86.26571
-86.09294
-87.79464
-87.37908
-90.04132
-89.34791
-88.44991
-89.36480
-87.23182
-91.30887
-92.46416
-94.07278
-95.25836
-90.75162
-91.27099
-95.10298
-98.04981
-91.66289
-92.89727
-99.19503
-101.58930
-97.60891
-94.88626
-96.08022
-97.01692
-99.88405
-89.63021
-92.45093
-93.06736
-91.95755
-92.67819
-95.48494
-97.48644
-99.15585
-98.00123
-95.21795
-99.05650
-103.46110
-115.37664
-104.35806
-112.07225
-108.95334
-122.21944
-113.11267
-113.12478
-109.68225
-109.97212
-111.93002
-115.09399
-115.95192
-115.26116
-117.18735
-118.73750
-115.07849
-113.84410
-118.07796
-114.15826
-116.36116
-114.47586
-116.61493
-112.59297
-107.32905
-108.46908
-121.17641
-110.95391
-106.90977
-105.74373
-109.00515
-111.87641
-113.65011
-112.38756
-116.39911
-119.47009
-116.55723
-113.99157
-118.11479
-123.47175
-119.86015
-119.44699
-117.60802
-121.91471
-125.58188
-119.52740
-117.41654
-125.08672
-123.60409
-126.10574
-121.75747
-124.80426
-127.89916
-125.95721
-122.39047
-128.84936
-128.56188
-129.41361
-122.01702
-126.40170
-139.82259
-133.81732
-135.50388
-135.36223
-138.94992
-137.19117
-128.62928
-120.40581
-131.79629
-133.52514
-137.97003
-143.82893
-152.79773
-162.56837
-167.44874
-175.79812
-178.60344
-168.40670
-164.25234
-161.82430
-160.26033
-159.23353
-158.58525
-158.22753
-158.10786
-158.19381
-158.46563
-158.91253
-159.53081
-160.32330
-161.29984
-162.47891
-163.89119
-165.58663
-167.64916
-170.23083
-173.64663
-178.73298
-189.68306
-187.93940
-179.78742
-176.23834
-174.18293
-172.90477
-172.12221
-171.69661
-171.55097
-171.63972
-171.93551
-172.42292
-173.09541
-173.95406
-175.00781
