-146.18683
-118.68704
-117.38063
-118.92450
-116.42042
-122.50991
-114.59313
-128.10609
-108.50268
-114.15224
-95.87925
-87.98660
-90.41106
-94.24562
-89.02353
-89.52849
-95.66490
-95.76666
-96.53179
-83.55178
-82.04621
-91.38221
-105.83048
-102.17232
-106.20750
-109.63007
-95.10353
-103.23534
-103.61759
-113.23156
-105.02268
-109.66744
-103.67243
-111.63129
-101.39594
-91.71485
-106.04906
-100.72289
-98.64047
-103.16324
-103.07453
-105.42859
-107.41495
-105.46920
-110.69680
-104.07599
-129.21611
-95.77752
-98.62285
-103.78414
-100.39884
-103.73670
-111.92525
-102.80624
-109.55822
-102.54937
-137.03893
-101.99795
-107.54847
-83.79205
-87.81223
-95.13612
-75.66552
-80.66668
-91.06005
-89.97331
-93.98422
-96.02927
-94.83192
-119.25864
-85.56986
-76.15576
-92.32321
-90.38242
-94.73882
-92.41622
-94.05534
-93.51868
-74.56761
-81.71570
-90.16809
-92.15024
-94.27396
-95.64375
-93.53407
-86.18336
-98.99102
-74.69467
-78.86085
-91.72284
-86.87285
-90.58042
-87.90589
-89.53662
-87.29551
-85.84511
-79.24126
-74.25468
-73.77898
-82.67978
-82.44230
-82.87941
-84.25036
-86.38700
-95.84875
-85.21782
-84.46266
-74.35141
-73.58850
-86.62064
-87.51984
-88.40993
-88.22623
-84.83440
-87.86141
-82.13309
-88.68103
-74.87821
-74.81909
-80.15058
-80.30148
-81.73730
-76.23882
-67.27854
-61.33514
-64.73843
-69.88527
-73.10854
-76.55590
-68.44502
-64.45834
-62.52903
-63.55237
-65.20789
-66.19023
-67.44232
-68.12201
-71.54457
-73.84348
-72.80261
-73.54577
-73.15039
-74.54305
-76.69323
-84.12594
-74.98695
-74.07321
-81.34814
-81.63122
-85.36295
-85.72689
-87.24179
-84.88791
-78.99845
-79.77413
-74.55765
-73.79317
-85.36603
-83.25791
-86.01491
-84.91707
-89.26462
-90.11763
-83.57697
-75.90056
-69.97074
-71.82373
-77.12643
-81.54302
-83.05420
-84.21801
-72.41661
-71.54019
-75.59287
-75.60498
-70.93494
-68.86345
-72.53086
-70.73576
-69.97685
-70.20273
-72.58791
-71.78854
-66.02408
-58.46332
-55.21240
-55.05391
-53.61543
-52.67035
-54.07933
-59.45326
-65.91539
-67.09851
-67.63685
-68.77827
-72.51827
-74.80147
-77.79086
-77.39483
-78.99930
-73.40525
-68.94861
-73.25083
-76.76396
-76.02875
-75.95635
-76.20634
-68.36355
-64.91668
-65.92425
-66.07932
-68.36665
-70.55944
-73.07230
-67.86239
-67.90276
-67.48023
-66.18770
-69.86949
-68.76481
-73.33102
-75.68433
-74.69799
-75.03587
-75.61916
-72.94112
-70.87630
-72.83476
-76.04360
-75.75371
-75.15633
-75.57800
-74.73350
-78.43177
-78.64338
-79.65096
-78.88190
-80.72255
-82.98100
-81.03206
-77.37661
-80.05380
-80.02330
-78.63913
-74.07946
-70.21986
-72.24806
-70.60953
-68.92306
-71.32367
-75.68150
-80.48760
-79.77024
-78.31161
-80.17075
-82.01100
-80.97661
-79.45253
-80.93118
-79.15136
-79.80755
-78.38434
-79.84598
-81.18647
-83.42288
-85.03047
-80.57496
-76.58885
-74.93111
-75.74036
-73.71352
-70.69628
-68.70651
-68.99979
-69.01213
-71.14146
-71.93916
-73.01204
-74.32740
-75.23736
-76.59894
-73.94007
-73.63215
-73.34811
-74.09947
-73.61595
-72.72982
-71.77767
-71.69917
-70.03562
-68.33951
-68.12247
-68.67971
-70.61907
-70.00016
-71.38765
-73.25014
-72.63297
-73.41189
-73.66415
-74.51665
-74.62349
-74.50056
-74.11073
-74.74090
-75.26710
-76.84967
-77.10934
-75.49645
-74.63111
-74.63456
-74.15417
-74.01616
-74.64855
-72.80597
-73.74157
-75.89038
-76.06564
-77.44309
-76.36381
-76.09070
-75.41462
-72.61716
-75.26792
-75.95490
-74.80207
-71.67207
-71.60986
-74.43707
-71.39441
-70.40730
-69.32014
-69.19655
-69.29701
-69.19209
-69.42344
-69.74166
-68.55378
-68.50546
-69.24553
-68.71953
-66.43864
-64.54775
-66.76448
-69.68654
-68.81434
-67.37207
-66.23378
-67.31610
-69.18068
-68.22163
-67.17980
-66.26403
-68.43119
-67.79763
-67.00669
-62.58610
-61.97545
-70.10768
-71.34079
-70.75312
-69.02484
-68.95897
-68.07698
-66.59217
-66.02356
-68.54146
-70.94328
-69.86641
-69.38282
-66.75420
-65.76013
-65.96977
-66.71114
-65.49182
-64.04853
-57.80875
-57.35085
-62.82359
-67.36402
-68.83209
-68.40475
-67.79402
-66.20662
-70.13112
-73.70930
-68.43611
-63.69416
-64.71602
-66.27699
-67.54250
-67.46797
-65.48016
-66.85123
-66.96305
-65.45827
-64.19639
-65.92023
-61.55914
-62.37736
-68.05373
-64.14322
-65.39532
-68.09578
-69.33617
-67.53021
-70.36078
-70.34852
-71.32687
-71.55290
-68.58891
-67.66573
-67.23517
-67.61742
-63.10229
-66.98899
-71.79233
-74.36074
-76.09719
-75.88032
-77.06314
-76.88949
-79.03055
-77.26686
-78.90457
-74.90149
-72.14229
-65.88484
-65.46191
-69.75134
-72.81513
-69.79277
-69.12331
-68.68423
-68.46917
-69.07005
-68.67130
-70.66237
-71.30950
-73.04237
-73.02699
-69.75089
-68.46217
-72.45695
-70.87263
-70.49545
-72.49857
-69.84699
-70.01535
-70.93237
-70.66927
-70.02490
-68.36742
-68.40975
-69.70638
-67.76190
-67.64070
-67.55781
-67.14053
-68.76707
-70.38828
-70.03685
-71.44215
-68.13912
-68.21142
-70.24246
-70.24451
-69.72639
-68.22267
-68.07561
-67.96636
-69.91551
-70.15119
-69.98288
-69.65071
-68.85437
-70.42404
-73.70195
-69.73970
-70.48162
-74.05154
-74.76939
-74.83632
-76.77971
-76.09756
-76.73174
-75.17859
-75.70662
-77.41676
-75.47161
-75.45443
-72.83688
-74.27893
-72.47966
-72.52075
-70.72417
-69.79339
-69.92554
-70.51853
-70.35641
-71.42586
-71.10324
-70.26682
-69.70576
-70.12883
-71.62789
-72.55290
-72.94778
-71.37892
-74.63228
-73.39008
-74.73130
-72.09011
-71.39099
-76.00755
-70.45062
-73.42228
-73.54550
-65.13670
-68.94172
-75.86667
-75.44364
-77.75275
-77.40947
-81.93831
-80.55404
-82.65117
-81.07929
-83.07371
-83.24010
-84.78373
-82.72644
-82.15506
-78.91952
-80.88981
-81.82417
-83.62172
-86.10374
-82.16406
-84.21117
-80.68895
-84.01333
-79.80085
-88.35075
-75.16404
-73.14113
-81.12720
-77.95673
-79.60696
-83.10698
-83.66737
-86.61058
-84.83307
-86.57929
-86.01176
-88.76396
-88.77976
-89.40323
-87.36846
-85.70642
-87.86757
-85.59275
-83.68194
-78.49082
-88.48219
-78.42653
-85.96888
-67.75170
-63.89254
-75.26340
-71.84938
-77.37861
-74.75457
-71.35995
-74.00900
-61.54605
-59.58224
-68.36033
-71.32109
-73.22080
-76.42276
-76.09633
-76.82131
-74.73602
-76.15645
-72.85724
-70.22102
-71.34994
-73.12564
-75.44794
-82.21234
-83.22214
-87.01778
-84.34679
-83.25318
-82.51118
-83.77400
-81.27142
-79.69925
-83.83240
-84.58226
-87.08263
-85.04497
-89.76867
-75.68195
-80.20647
-80.06924
-68.74993
-72.84921
-76.02742
-77.64596
-79.84908
-80.76068
-82.95231
-83.97760
-86.39158
-86.35396
-90.31195
-89.63176
-91.04238
-87.17434
-89.17556
-88.25951
-92.23607
-90.38805
-89.55803
-88.12851
-89.85415
-90.80530
-93.21493
-90.94513
-88.88414
-89.14895
-90.18713
-93.32876
-92.42592
-90.94946
-88.56983
-89.13390
-88.88667
-90.75335
-90.03005
-89.77582
-87.75511
-89.45333
-89.77791
-90.58624
-88.78009
-88.40762
-87.90978
-89.32995
-90.55169
-90.75026
-89.89840
-88.68660
-89.33778
-90.18619
-93.96615
-90.50779
-90.89031
-88.52348
-92.60916
-90.67188
-93.90934
-88.18562
-91.21770
-88.40155
-95.03473
-91.44445
-96.66211
-88.54465
-92.79884
-87.80958
-101.26401
-71.55983
-58.63155
-58.78558
-61.43417
-59.21122
-60.05864
-62.96506
-63.34042
-63.98878
-65.04750
-67.45329
-64.96953
-60.57431
-59.65871
-62.11901
-65.47114
-62.87724
-60.06684
-61.17921
-61.59634
-59.97538
-64.77576
-68.80985
-69.34584
-70.59052
-70.30337
-67.29688
-64.90257
-66.73207
-69.79299
-67.04238
-64.27284
-69.29798
-74.75382
-76.22413
-79.18172
-80.48098
-81.25393
-80.35971
-79.06260
-81.99867
-81.92521
-77.78250
-77.73774
-80.14889
-83.06655
-87.91954
-89.04313
-89.35489
-90.36518
-90.74998
-90.84942
-89.77092
-90.51988
-90.35470
-91.14891
-86.02128
-84.50363
-86.46802
-86.69858
-85.51784
-83.43497
-81.89319
-82.16293
-82.89161
-82.40873
-80.47877
-80.28905
-78.88937
-81.47158
-85.14862
-85.57948
-87.73708
-88.92728
-89.75352
-88.03262
-88.21002
-89.45526
-91.43255
-92.41177
-90.40546
-90.79407
-87.65035
-83.29244
-80.92800
-79.28360
-78.91922
-79.79278
-78.72830
-77.70557
-78.04075
-77.68489
-78.02521
-78.72294
-78.73861
-79.79188
-81.05047
-80.24396
-82.08053
-82.00528
-83.62489
-85.29421
-85.32213
-84.55278
-87.03179
-91.25103
-85.81219
-85.39487
-88.64579
-88.27116
-90.51188
-92.43026
-94.66702
-91.25967
-89.59672
-88.45135
-90.88182
-93.48635
-92.22322
-89.08960
-84.97100
-84.96252
-83.38661
-94.49137
-89.37397
-92.00630
-87.60470
-93.20803
-91.21498
-98.91823
-88.00730
-93.06033
-86.74230
-101.15530
-89.40661
-108.38757
-76.15963
-61.40337
-64.11992
-66.08044
-64.05497
-63.67268
-62.94588
-61.60575
-61.36216
-63.90789
-64.43177
-67.43780
-69.79427
-71.79403
-70.95199
-73.33816
-75.74429
-76.89946
-76.99207
-80.41997
-82.78582
-82.98384
-84.30754
-84.52346
-87.16331
-87.41725
-87.96333
-85.24037
-90.24559
-84.99182
-89.82415
-81.64190
-99.05562
-82.54603
-99.59044
-72.27042
-67.22974
-75.44993
-73.78052
-75.15285
-75.24084
-76.82160
-78.90785
-80.38118
-78.74463
-76.71005
-72.41358
-70.89819
-68.97898
-67.29499
-65.35322
-65.61274
-66.32689
-67.19735
-69.50172
-69.82245
-70.73649
-71.05426
-74.05429
-75.94408
-78.48994
-79.64191
-80.42896
-82.19562
-79.57090
-73.68621
-79.13116
-83.02326
-81.74682
-82.92344
-81.46425
-84.03613
-83.71276
-85.54216
-82.18277
-83.14188
-84.39769
-87.50137
-79.17722
-73.86145
-82.30487
-77.37609
-69.93375
-77.18816
-79.62652
-80.14759
-81.16766
-84.09203
-86.20090
-84.77910
-85.36501
-84.00431
-86.92309
-85.08255
-86.39729
-83.58971
-85.50095
-77.44695
-75.88630
-76.37493
-81.15906
-82.16187
-83.10461
-83.61231
-86.77035
-85.37642
-85.34421
-85.22080
-79.63749
-73.97218
-69.79538
-70.93425
-73.98053
-71.56777
-67.52296
-73.99354
-77.80340
-75.35650
-79.60506
-80.25218
-82.92725
-82.04442
-83.27134
-83.67214
-84.27662
-83.27469
-85.39281
-85.25253
-83.98133
-83.92132
-79.26210
-76.34651
-80.60878
-85.04151
-85.68272
-85.78946
-86.83925
-84.22280
-78.55747
-77.52880
-76.68080
-76.93591
-75.18251
-76.05557
-76.64614
-74.88589
-74.56770
-69.52159
-73.10542
-83.16271
-82.05169
-84.81015
-84.37683
-87.94093
-87.10209
-91.32235
-88.31495
-85.42340
-83.88245
-81.90327
-79.61382
-81.79363
-81.21103
-79.70110
-80.57853
-80.65815
-80.96096
-81.34141
-80.30695
-77.99135
-77.44170
-76.89870
-75.78775
-75.25963
-78.57183
-81.99883
-85.08567
-87.05878
-87.43892
-85.33235
-82.12937
-82.27227
-81.42537
-81.31795
-82.79448
-83.38261
-83.76032
-87.65983
-85.05828
-89.32685
-79.60398
-88.96304
-76.77209
-65.75657
-67.71857
-73.60868
-77.29032
-77.46531
-79.13656
-81.61792
-81.33988
-83.33321
-81.49468
-78.98054
-77.35628
-77.92162
-75.44423
-75.13164
-78.53841
-78.49595
-79.05648
-80.34877
-82.77627
-84.96249
-80.43078
-74.25830
-72.08397
-70.63549
-70.00742
-71.06589
-70.14862
-70.68618
-70.56048
-71.87328
-72.15475
-70.39549
-72.18071
-72.51545
-71.44440
-73.46667
-71.93498
-73.57263
-76.23556
-74.66200
-75.28135
-75.90046
-77.61180
-77.09754
-78.31066
-76.04293
-77.76645
-71.33993
-69.40093
-69.34437
-69.40389
-73.69196
-76.46233
-79.30085
-79.40003
-82.31691
-82.26981
-84.07612
-80.14818
-79.92926
-82.56902
-85.19087
-86.90440
-85.67246
-87.42371
-87.71264
-87.03046
-84.99247
-84.73884
-84.09641
-82.74730
-85.00818
-87.53246
-89.95043
-87.15630
-85.88678
-85.62497
-84.88206
-86.93987
-84.07465
-84.44285
-82.97153
-80.65136
-82.89287
-86.92683
-87.40379
-86.23842
-84.05211
-85.82748
-82.66424
-81.84307
-79.09260
-81.37155
-77.65574
-89.26889
-78.81872
-74.49091
-88.65471
-82.95545
-93.60083
-78.50796
-77.95187
-84.55593
-80.08866
-74.68439
-81.67365
-80.52890
-75.37610
-71.77292
-70.88100
-81.56747
-81.91820
-82.04156
-83.53116
-83.53491
-86.38098
-88.69293
-88.00918
-88.44398
-88.05832
-87.71609
-93.68325
-77.13462
-74.64706
-79.44313
-79.30927
-73.35276
-71.05626
-79.15275
-82.54868
-84.63025
-84.84554
-85.58145
-87.71932
-87.61969
-91.56546
-76.97765
-78.81400
-80.62070
-73.98899
-75.89051
-84.86252
-83.55853
-85.88510
-87.03137
-89.06878
-84.58153
-83.38580
-77.22755
-76.23125
-82.74827
-82.28789
-77.00636
-76.75828
-82.44588
-85.55047
-87.31763
-86.75351
-88.60272
-88.98946
-82.93323
-78.85987
-82.05864
-87.40179
-80.13544
-81.54646
-80.22944
-79.57024
-82.58204
-86.40701
-80.30109
-68.90038
-70.10093
-72.32249
-70.91827
-74.00865
-75.89694
-77.94475
-79.69699
-75.38129
-76.34204
-83.58074
-82.30345
-82.82801
-84.39857
-82.27603
-80.77590
-81.46367
-83.19422
-83.92972
-82.45168
-87.89283
-83.68292
-83.94985
-82.48807
-82.46818
-82.81385
-84.70382
-85.73319
-85.38344
-79.85627
-75.46057
-69.54633
-68.97431
-72.87015
-76.84074
-70.91408
-66.61812
-75.96908
-78.07656
-79.32005
-81.65525
-81.97859
-84.45884
-83.39358
-88.43842
-83.83385
-89.63254
-85.16141
-92.07474
-86.27653
-87.72456
-88.42018
-87.57244
-90.96768
-88.42119
-89.20791
-89.83484
-87.36077
-91.08874
-87.06271
-90.76896
-87.55659
-89.29526
-90.94259
-87.96147
-94.26367
-87.05309
-93.82267
-83.27290
-81.95850
-85.82657
-85.03332
-85.25733
-84.84424
-85.14513
-84.94175
-85.88713
-84.02008
-85.27647
-86.24189
-85.88342
-87.31321
-87.79510
-88.67670
-87.49515
-88.38126
-87.43740
-88.23195
-88.65702
-88.95293
-88.22991
-86.26175
-86.62813
-85.37176
-86.26651
-87.35798
-86.96497
-85.37949
-85.64880
-85.76153
-86.53554
-87.33441
-87.15002
-86.35610
-86.24962
-86.66414
-85.86309
-87.59075
-88.29627
-89.74334
-91.13143
-91.30912
-92.52517
-92.75308
-93.84101
-94.03180
-94.05102
-96.59500
-92.54662
-99.76423
-94.32321
-97.72772
-95.96233
-93.13929
-98.33192
-93.63796
-101.74931
-93.56311
-94.35540
-89.80304
-92.64591
-89.74706
-75.63423
-72.58334
-72.47255
-72.08352
-79.14656
-83.78046
-85.96454
-85.82267
-89.34780
-88.09928
-93.44778
-72.93152
-62.71728
-63.72757
-63.84631
-64.14398
-64.89906
-62.30577
-65.96184
-71.64319
-73.02090
-75.00209
-76.50383
-78.39741
-79.38937
-82.67124
-80.11278
-82.27611
-87.28767
-86.13570
-86.24201
-87.20451
-89.76535
-88.60729
-88.42308
-85.43017
-83.78923
-80.84478
-78.13506
-76.44872
-77.48952
-78.92232
-79.14354
-81.69652
-85.06883
-85.07061
-86.55689
-85.17787
-86.17684
-84.07741
-86.99013
-88.61803
-87.05986
-98.93839
-71.10763
-71.53492
-84.02324
-78.43751
-88.75817
-75.46442
-77.40737
-65.29043
-59.90856
-58.43973
-58.03942
-65.04227
-69.27099
-68.89179
-72.53620
-74.45435
-74.99857
-80.84781
-81.34347
-86.61587
-82.77764
-103.61494
-64.48731
-59.94087
-69.43482
-73.39632
-76.22065
-78.11733
-80.30932
-82.50018
-84.66044
-85.08784
-84.75805
-90.99216
-88.75085
-87.76567
-83.64819
-85.28187
-83.36988
-84.77866
-84.33057
-88.22812
-86.20106
-87.84505
-86.22527
-89.78775
-90.18247
-89.74867
-87.82423
-88.65999
-90.02379
-91.07149
-90.53239
-88.34332
-89.53724
-89.16833
-89.35850
-89.85166
-89.96717
-93.77212
-91.19129
-86.21876
-91.89482
-89.88657
-96.00441
-91.39867
-86.31319
-91.64443
-94.78668
-96.49959
-92.43797
-86.21559
-88.16158
-89.52054
-89.99183
-90.70479
-86.01685
-88.45160
-88.50728
-90.76512
-88.66017
-88.65251
-85.56969
-89.37121
-89.32511
-88.38328
-87.76874
-85.42386
-85.72415
-89.17376
-85.89546
-74.28146
-73.11812
-73.83249
-74.38622
-74.14395
-78.05263
-76.41386
-76.18954
-77.46100
-76.34189
-78.17705
-78.98481
-83.92827
-82.36915
-83.62466
-82.06647
-84.57546
-83.70519
-84.88133
-81.81224
-83.25953
-82.23741
-84.51289
-82.03699
-85.06894
-79.13203
-70.24395
-76.55633
-81.25538
-81.64469
-81.73119
-80.02664
-83.29567
-81.21968
-81.61499
-79.18665
-79.76215
-80.45961
-81.11137
-79.24688
-77.60790
-78.35175
-78.73345
-78.87348
-77.89786
-76.84311
-76.01638
-76.11103
-77.78596
-77.42747
-74.59614
-74.29173
-75.52050
-74.84328
-73.54158
-74.61583
-74.62482
-74.34293
-72.32828
-71.14460
-72.76888
-74.02136
-73.30712
-74.84357
-63.37800
-58.87195
-64.14339
-68.88086
-69.05586
-69.81059
-70.40697
-72.80917
-73.36955
-72.50693
-71.64444
-71.17969
-70.83932
-64.41678
-59.20783
-57.34132
-57.74120
-65.98652
-77.35617
-76.74273
-78.16132
-74.98136
-71.63608
-72.74001
-75.93965
-69.64719
-72.48413
-75.09064
-74.87909
-76.42442
-76.52595
-76.90405
-73.32698
-72.42705
-75.24986
-71.79839
-68.80750
-65.91567
-64.64494
-63.60723
-63.56791
-63.97806
-66.13319
-69.60256
-69.64246
-70.00469
-67.96459
-66.61491
-65.27299
-64.05892
-64.57140
-67.26237
-66.94107
-70.90735
-73.27582
-71.17273
-71.85874
-72.31027
-72.69863
-71.53999
-72.46166
-71.33048
-68.85981
-72.85148
-75.34284
-74.27051
-74.88908
-70.92028
-69.99218
-65.92400
-65.32453
-60.23187
-61.35794
-68.87704
-69.87222
-71.96842
-71.23053
-75.21030
-73.81911
-75.70647
-73.51268
-71.35197
-75.04070
-77.75484
-76.28558
-75.55494
-73.72809
-74.75459
-75.29713
-75.92244
-72.79775
-70.22916
-75.70635
-76.13637
-76.23612
-75.61030
-76.18603
-74.65141
-74.95879
-74.33535
-69.60894
-72.21137
-73.47225
-73.71947
-72.58162
-72.06042
-73.01473
-70.78417
-71.38829
-70.48426
-69.41780
-74.18436
-77.32901
-75.68928
-76.08181
-75.41458
-77.83245
-74.83185
-70.18685
-65.50738
-65.12130
-68.23129
-68.95148
-69.24656
-69.00601
-67.62324
-66.26314
-64.61700
-66.32444
-71.06464
-70.53926
-74.23014
-77.42832
-75.40652
-78.68042
-74.83664
-75.84731
-70.81338
-70.44557
-76.43704
-75.92348
-77.13591
-76.25524
-77.05208
-75.03102
-75.89322
-69.88098
-69.75373
-72.78586
-73.04260
-72.92631
-71.10851
-70.36906
-70.15674
-71.42982
-68.37824
-72.15012
-75.92607
-73.96800
-74.41830
-73.12330
-74.14187
-72.68010
-72.28800
-71.04581
-68.77698
-72.59048
-75.16065
-73.36657
-74.91979
-70.47901
-70.91883
-72.47063
-68.12437
-71.67651
-74.17500
-71.82636
-74.91483
-73.24870
-75.60817
-70.95218
-71.65737
-77.53507
-76.70974
-75.15365
-71.78731
-70.86578
-71.88801
-72.35079
-72.39145
-74.45813
-69.25418
-71.39370
-74.16297
-70.34841
-70.01967
-70.45544
-71.86454
-67.64963
-67.24182
-70.92317
-69.83286
-70.74758
-69.18828
-69.17715
-69.23319
-67.71679
-72.36909
-73.61385
-73.52147
-72.70229
-72.70600
-73.63264
-69.34952
-70.49088
-74.79722
-73.03929
-73.58492
-71.72787
-73.65508
-71.06265
-70.83549
-77.86997
-75.37767
-75.87484
-74.24102
-73.44119
-72.36563
-70.23134
-73.05969
-73.30002
-71.96368
-72.73311
-72.84735
-74.08146
-69.09099
-69.82599
-73.00158
-73.48256
-73.57522
-72.13780
-73.38589
-70.72386
-68.98979
-72.96929
-71.32037
-71.75343
-71.12462
-71.20237
-70.22995
-69.18065
-74.39008
-76.05060
-76.00409
-75.89159
-75.36204
-75.91408
-70.98736
-60.95290
-61.88390
-63.63624
-65.24423
-67.69526
-70.55616
-69.28840
-56.94675
-57.71483
-62.88271
-63.62921
-69.15037
-66.02396
-75.72625
-58.62335
-55.31610
-61.13428
-63.02662
-67.46763
-66.37252
-70.62507
-56.36434
-57.36502
-64.37040
-66.83770
-68.42886
-70.07407
-63.57437
-56.29952
-61.40955
-64.46347
-67.92934
-66.55509
-71.16781
-59.86636
-56.55637
-61.41018
-64.11516
-66.47177
-68.12275
-59.09236
-56.86997
-63.47251
-63.29528
-66.51294
-63.68450
-67.18770
-60.70440
-56.30544
-61.33441
-63.56263
-63.40258
-64.35287
-63.11172
-57.09579
-59.43805
-61.72690
-61.34753
-64.19336
-64.27008
-63.48950
-61.49151
-63.82206
-64.59930
-63.99812
-64.10974
-64.96512
-63.75686
-65.05107
-64.73771
-65.78901
-66.26548
-66.65068
-65.70708
-64.76673
-64.14944
-60.78261
-60.41047
-60.39494
-61.43717
-61.97176
-61.49841
-64.19635
-66.51932
-66.15337
-67.11118
-65.61256
-66.14392
-64.01741
-64.51666
-61.81697
-66.36876
-76.78965
-75.03539
-99.85383
-82.64606
-98.45747
-80.58744
-91.55061
-87.32069
-92.65733
-87.34225
-90.41487
-81.17758
-81.63380
-88.10619
-86.48185
-90.69701
-88.41154
-91.59661
-86.98391
-91.29199
-87.90839
-89.11547
-88.16263
-92.46806
-87.25977
-93.01669
-90.02398
-90.89237
-90.06977
-92.93917
-90.09039
-91.38726
-87.97134
-88.54648
-90.19071
-93.67597
-91.50656
-91.10355
-92.42617
-92.34296
-93.21828
-91.35163
-94.31254
-90.72570
-94.90075
-91.06641
-95.85338
-89.68996
-120.48433
-75.49949
-73.76325
-87.06635
-86.32249
-91.55903
-85.17987
-84.27115
-90.05562
-91.74963
-91.42877
-90.68397
-89.83339
-82.94065
-83.85596
-89.07875
-88.93075
-90.94335
-90.47304
-90.40200
-88.90577
-89.33685
-88.49989
-89.69922
-90.15065
-90.25685
-90.45722
-89.86364
-92.16529
-90.85152
-91.88303
-89.56582
-90.57193
-92.44936
-95.98751
-96.14657
-97.21139
-96.67188
-83.06172
-79.12476
-79.70406
-78.70573
-79.22422
-80.70656
-72.32836
-72.40377
-83.75491
-91.92165
-106.34557
-92.09011
-98.22064
-75.34637
-71.29369
-75.07277
-74.45185
-75.49323
-75.20520
-74.93366
-76.53306
-76.09279
-76.29812
-76.22755
-76.04002
-75.67487
-74.77394
-76.01442
-75.44572
-76.21205
-74.93667
-76.80738
-79.25897
-79.58660
-83.29014
-80.79921
-81.20798
-80.78166
-89.75867
-103.54287
-103.50620
-102.02770
-107.55323
-93.47720
-79.33981
-77.33551
-77.54100
-77.15265
-77.32014
-74.29274
-76.08740
-76.02932
-76.50939
-79.63739
-80.60074
-88.65078
-85.62256
-88.55437
-92.10950
-98.95420
-98.87282
-84.87422
-79.42663
-82.69343
-73.62769
-74.36642
-105.60867
-92.85335
-115.39312
-96.15101
-105.43391
-100.07014
-97.31622
-98.25100
-75.52999
-73.08951
-74.16989
-73.78384
-73.59962
-73.28744
-74.52562
-84.00005
-102.72715
-93.41564
-100.86701
-94.49638
-98.95454
-94.83430
-95.57995
-91.83788
-93.83809
-89.62607
-88.49316
-93.94480
-89.75212
-85.26534
-86.32920
-88.90801
-94.48650
-92.15790
-90.84538
-93.12146
-97.94868
-94.63119
-83.18459
-93.61756
-99.04595
-94.89760
-106.85796
-99.41926
-97.72941
-102.34874
-110.57257
-103.99125
-112.49292
-106.73541
-116.49524
-109.07862
-120.92374
-109.41281
-117.59626
-113.12336
-114.69793
-113.30359
-124.56920
-118.79209
-127.14015
-121.67413
-124.20578
-124.79321
-124.70578
-127.51157
-123.41659
-130.00130
-123.36685
-130.25249
-120.14036
-141.61302
-123.52635
-136.61945
-123.60106
-138.50865
-124.67622
-135.42049
-127.46687
-134.40706
-127.81392
-136.36081
-129.59918
-130.73885
-131.65999
-130.76362
-133.80017
-130.14512
-134.37480
-130.57404
-133.29021
-129.55831
-135.44880
-128.80635
-128.55499
-129.33289
-135.37763
-131.48711
-133.56141
-132.34456
-134.97213
-131.81353
-135.07140
-133.59272
-131.40591
-130.71289
-133.13177
-134.72790
-137.68794
-137.19542
-138.43406
-138.19326
-138.02728
-139.60070
-138.07062
