-127.31357
-113.99223
-117.08485
-114.36022
-115.07826
-118.09411
-112.29540
-121.47581
-103.84513
-108.33584
-92.11002
-84.56728
-86.17748
-91.71938
-82.87804
-82.73958
-91.57494
-90.59446
-92.50222
-81.03883
-79.48236
-88.37133
-101.62724
-98.80119
-100.85580
-107.50338
-91.49863
-100.24420
-98.13040
-112.30373
-99.19182
-107.47991
-98.28277
-111.95233
-95.82699
-86.99434
-100.55274
-96.64641
-95.40584
-98.47201
-100.25612
-99.79545
-105.93816
-99.17540
-114.96377
-97.75711
-115.21587
-91.48369
-99.48650
-95.45592
-101.00111
-95.48731
-112.58624
-94.98170
-119.51873
-95.11788
-106.03158
-94.62104
-96.93995
-76.08173
-79.02506
-84.04285
-65.22044
-69.96266
-81.31980
-79.49634
-83.83981
-85.45245
-84.58697
-120.05646
-75.60254
-65.76203
-81.88596
-80.35530
-84.08581
-82.54777
-84.61284
-84.17799
-63.99514
-71.14965
-79.99430
-81.57118
-84.48199
-84.79883
-87.06887
-79.02370
-99.95021
-64.11644
-68.39373
-85.43284
-77.50654
-83.03067
-80.37122
-82.85249
-81.97053
-79.46989
-75.46357
-66.75618
-64.13932
-75.80729
-75.68740
-77.19797
-78.70102
-78.63345
-92.23603
-76.28331
-84.54312
-65.36559
-63.43550
-79.08490
-78.09493
-79.57689
-81.43090
-78.26266
-83.33239
-75.07363
-88.47813
-65.51910
-65.27128
-74.40162
-72.40188
-75.82558
-68.86696
-61.95099
-55.86901
-58.76009
-61.97393
-64.31034
-71.43682
-64.12599
-61.48172
-60.02446
-61.33648
-62.16496
-62.41969
-65.10442
-61.80068
-63.96501
-69.29122
-67.14658
-69.59375
-68.10134
-69.84919
-70.25548
-82.22673
-65.58445
-64.75585
-74.62535
-72.88221
-78.04220
-77.00205
-79.56636
-77.80391
-72.50589
-75.14378
-65.55256
-63.51767
-76.35467
-74.26751
-78.03705
-76.15853
-80.71375
-81.65814
-77.05542
-74.35908
-63.72896
-65.14405
-73.09422
-74.46844
-76.11200
-76.59869
-65.15180
-65.41859
-67.69793
-65.16288
-60.35930
-58.08502
-61.79154
-59.91107
-60.04839
-60.27229
-61.83383
-62.46608
-59.85978
-56.09847
-53.00860
-53.62684
-52.21585
-51.61141
-52.53805
-58.00839
-61.61784
-59.28548
-60.34954
-60.54956
-64.55385
-66.37769
-69.77086
-68.42001
-69.63825
-63.35727
-58.97799
-63.57354
-66.62470
-66.33198
-67.36402
-68.10517
-64.71833
-61.17413
-62.30873
-60.89066
-59.28637
-60.84408
-63.71706
-59.23913
-60.27503
-60.77384
-58.63576
-60.43737
-60.00649
-64.96365
-65.84284
-65.03230
-65.21433
-66.36830
-64.88386
-62.87759
-64.90152
-68.23719
-66.53108
-65.63513
-65.91674
-64.93692
-69.58516
-69.98102
-71.38619
-69.58114
-71.43734
-73.52146
-72.67468
-70.25870
-71.57961
-72.05443
-68.89058
-67.97368
-64.76460
-65.94067
-66.34468
-65.75961
-65.20305
-67.48406
-74.79243
-73.94561
-73.24592
-74.64716
-75.99444
-74.49208
-74.17663
-75.40409
-73.87260
-73.69689
-70.87051
-71.47320
-74.67797
-76.37667
-78.14256
-75.95702
-72.88045
-72.68105
-71.60896
-71.42013
-64.38467
-62.59431
-65.01524
-64.21952
-65.45581
-64.12726
-65.33242
-65.33415
-65.87593
-67.17608
-64.14817
-63.40898
-63.15502
-64.09001
-64.77493
-63.33801
-62.22618
-62.53594
-62.43066
-62.01196
-62.43396
-62.84226
-62.84130
-62.41535
-63.06536
-63.78414
-63.03838
-63.32775
-63.81183
-65.86274
-66.82192
-66.74422
-66.39844
-67.18702
-68.39657
-68.98357
-69.26548
-68.97494
-68.80484
-69.12821
-69.41040
-68.24435
-68.53787
-67.45620
-67.02908
-67.62299
-67.19272
-67.18978
-66.36930
-65.87537
-65.94442
-64.48230
-67.41592
-67.79965
-68.09280
-64.13033
-63.13978
-66.66196
-63.45686
-62.19139
-61.77592
-62.29639
-62.18908
-61.12471
-61.32559
-62.53559
-61.36697
-60.62887
-60.55251
-61.21519
-60.34851
-59.91740
-62.04142
-63.66965
-63.22128
-62.67009
-62.50840
-62.48946
-63.88213
-63.37013
-62.59308
-61.35688
-62.98025
-61.79957
-62.05174
-57.66224
-56.80485
-64.02199
-64.27157
-64.12927
-62.97908
-62.83345
-62.34767
-62.38480
-61.69521
-63.15191
-64.85370
-64.78581
-64.07930
-61.71244
-61.23999
-61.64626
-62.23108
-61.03689
-60.10565
-54.47052
-54.05706
-59.05879
-63.30691
-64.36442
-64.03325
-63.68364
-62.25845
-66.14745
-68.09194
-64.10529
-60.02206
-61.21470
-63.18152
-63.08710
-62.13942
-59.89861
-61.61803
-60.96925
-58.85288
-57.23479
-59.17669
-56.49822
-57.22600
-60.10430
-56.86902
-58.56828
-58.59924
-59.72424
-58.26625
-61.28414
-61.51753
-61.92642
-63.80311
-60.65752
-62.60213
-61.77688
-62.67802
-60.84733
-62.71966
-65.13215
-66.61499
-66.92807
-67.68805
-66.89850
-68.46951
-69.28790
-67.95523
-69.25765
-66.19278
-66.52044
-62.46755
-62.76791
-66.33477
-67.39795
-66.14878
-65.26301
-64.21646
-65.08744
-65.84648
-64.10515
-62.58981
-61.64366
-63.79241
-64.11843
-60.08727
-58.13832
-63.92140
-61.93727
-60.66389
-64.16795
-60.43509
-60.76111
-62.58088
-61.92841
-62.42326
-60.14777
-60.95901
-61.92343
-58.41643
-59.81821
-60.74480
-61.04934
-60.99622
-62.72822
-61.79443
-62.48822
-58.36595
-58.77716
-62.20234
-62.77990
-64.00869
-61.70056
-63.82714
-61.76998
-63.76876
-63.49651
-62.14860
-62.70419
-60.80245
-62.84972
-66.16293
-59.98105
-60.36122
-64.48943
-65.01261
-65.39098
-68.47638
-66.66213
-68.18950
-65.96696
-66.69130
-68.92133
-67.13041
-67.29156
-63.48681
-65.95896
-64.53624
-66.40622
-65.12656
-63.73817
-63.44275
-63.50224
-62.23399
-63.05823
-63.44614
-63.73408
-61.89447
-61.23477
-63.74308
-63.68871
-65.68167
-65.12413
-67.70803
-67.37722
-68.73196
-67.99515
-67.84648
-69.86699
-66.97760
-68.59408
-68.63988
-64.17830
-67.33521
-72.29162
-72.52341
-73.57729
-73.11095
-73.65498
-72.54572
-72.89222
-72.65671
-73.26553
-73.96740
-74.34278
-72.19230
-71.65034
-69.21104
-70.97769
-70.83283
-73.50462
-74.96917
-72.57485
-73.80144
-72.16843
-73.19217
-71.84358
-74.55967
-70.85822
-70.79592
-75.17862
-73.31149
-74.21271
-76.17974
-76.82158
-78.82207
-77.03334
-77.02103
-77.09369
-78.36322
-79.53827
-78.75207
-76.88332
-76.04607
-77.15593
-76.98831
-77.30021
-74.65140
-76.98306
-73.21407
-81.95780
-67.13087
-64.68656
-73.34573
-70.35755
-74.02545
-71.95525
-69.40123
-71.74218
-62.22296
-60.16932
-67.71274
-69.92720
-71.57423
-73.29527
-72.33030
-72.10658
-70.43874
-71.53397
-69.27298
-67.07494
-67.69623
-69.06243
-70.92896
-76.27388
-77.14391
-77.50818
-76.15027
-76.39519
-77.15909
-77.93662
-75.69660
-74.34029
-76.18071
-77.26775
-79.28742
-76.53642
-77.98741
-72.07301
-75.89729
-76.07023
-67.61829
-71.56785
-73.42655
-74.38625
-76.57446
-77.59521
-78.63289
-77.63661
-77.91423
-78.52332
-81.79021
-82.58790
-80.69389
-77.47349
-78.26576
-79.32170
-82.32301
-81.39102
-78.98281
-77.86364
-78.98689
-80.88916
-82.89456
-80.60509
-78.04751
-78.16331
-79.46932
-82.37352
-82.13793
-80.12187
-78.01536
-78.56734
-79.74844
-81.88986
-81.08217
-79.36047
-77.84508
-79.06622
-80.82204
-82.25110
-80.11005
-78.55504
-78.08606
-79.91042
-82.12873
-81.74501
-79.71591
-78.59170
-79.21980
-80.51112
-83.98464
-80.57545
-79.87142
-78.14490
-81.09607
-81.08968
-83.68725
-79.01157
-79.87965
-78.24324
-82.84886
-81.85455
-84.18172
-78.56383
-80.36165
-78.32364
-83.53753
-64.68866
-52.48959
-53.17348
-55.59471
-52.24519
-53.30212
-56.50068
-56.90563
-57.08159
-57.66625
-60.48857
-57.65754
-53.45327
-51.97240
-53.88035
-57.14980
-54.59147
-52.01058
-53.14728
-54.73348
-53.95764
-58.36139
-62.27804
-62.56940
-63.19962
-62.79865
-59.45883
-56.69187
-57.79950
-61.05756
-58.27925
-56.61097
-62.60564
-67.44774
-68.74986
-70.96465
-72.64861
-73.09476
-73.69967
-73.27521
-75.42805
-75.48741
-73.68332
-73.80504
-75.99261
-77.44856
-79.60567
-80.44192
-80.07373
-80.89749
-80.83295
-81.08594
-79.98866
-80.53627
-80.26487
-81.48869
-79.27316
-78.57106
-78.91171
-78.85625
-78.72187
-77.82597
-76.66875
-76.70030
-77.00051
-76.73718
-75.82618
-75.73209
-74.42182
-76.06763
-78.07316
-78.34366
-80.47465
-80.75641
-80.49664
-79.18997
-78.99076
-80.33588
-82.21378
-81.94101
-80.07557
-79.76977
-78.99514
-76.65100
-74.04428
-72.81549
-71.70036
-72.80212
-71.21491
-70.79357
-71.36947
-70.18486
-70.62367
-71.22362
-71.36831
-72.12610
-73.57808
-72.28881
-74.42526
-74.66016
-75.83891
-77.61715
-76.72494
-75.98208
-77.74815
-81.31874
-79.89154
-79.07262
-79.21367
-78.14539
-80.16241
-82.41551
-84.17686
-80.73478
-79.07319
-78.42077
-81.05786
-83.57989
-82.94393
-79.44193
-77.17916
-77.97681
-77.43596
-86.00076
-79.96986
-80.10329
-77.64326
-81.10235
-81.88748
-87.12020
-78.16640
-81.13900
-76.27185
-88.94210
-78.92510
-98.24385
-66.52112
-55.51926
-58.61074
-58.15386
-56.09222
-55.09234
-54.64689
-52.50768
-52.41678
-55.00548
-55.61209
-58.76337
-61.58864
-63.86177
-62.83165
-65.61588
-68.30567
-69.11903
-69.09680
-72.41738
-74.65060
-74.57646
-74.82186
-75.29886
-77.05824
-78.38317
-79.37392
-76.85627
-79.81279
-76.14998
-79.09923
-73.15941
-85.43840
-74.33919
-89.83750
-65.02051
-61.05536
-69.39384
-67.38651
-69.80697
-69.16714
-70.56296
-72.48103
-74.24376
-73.00268
-72.62989
-69.44746
-68.32204
-66.35363
-65.85839
-63.30654
-63.21346
-64.83020
-65.13629
-67.29249
-67.73763
-68.68120
-68.60243
-71.27874
-72.59009
-74.24058
-73.86684
-73.19219
-75.59957
-73.14808
-66.87602
-72.48976
-75.67938
-74.96463
-74.94409
-75.02120
-76.59236
-76.63177
-75.41701
-73.82887
-74.73128
-76.47654
-77.70075
-72.58989
-67.31082
-75.44982
-68.99929
-59.61720
-66.94383
-70.07688
-71.01969
-72.44347
-74.88207
-77.36491
-75.05559
-75.63459
-74.35364
-79.06852
-75.94508
-80.67535
-74.38373
-78.11684
-67.39261
-66.23505
-69.14050
-73.40726
-74.00499
-74.73250
-75.03198
-78.54121
-76.64275
-77.27472
-75.65416
-72.70579
-68.60744
-64.08967
-66.03769
-70.78573
-66.77632
-58.45892
-64.44417
-70.92093
-66.62855
-71.76606
-72.32638
-75.34013
-74.55377
-75.98461
-74.68703
-76.32599
-74.79413
-77.92413
-77.55537
-76.64517
-76.33313
-71.66302
-70.21734
-73.35643
-77.51681
-76.80432
-76.93022
-77.72116
-78.48943
-71.56888
-67.68951
-66.10212
-66.39645
-64.51289
-65.42884
-65.96041
-64.27719
-65.33068
-58.99175
-62.57081
-73.85297
-71.90210
-74.89486
-73.86023
-78.88674
-77.22679
-83.85300
-77.89322
-77.09636
-76.35524
-76.09582
-74.40125
-76.78212
-76.13832
-74.95551
-75.39943
-76.09211
-76.93710
-76.54705
-75.35617
-73.63394
-75.03008
-74.31413
-73.83988
-72.59938
-75.25485
-76.26430
-78.70658
-80.77018
-80.81734
-77.14279
-75.25107
-74.96547
-75.94121
-75.92073
-78.15778
-75.58627
-75.19176
-77.77152
-76.25776
-81.55411
-72.48227
-78.97838
-68.20809
-59.70334
-60.43438
-65.77764
-70.00005
-69.97432
-71.75878
-73.36264
-73.76343
-75.10413
-73.00321
-68.82107
-67.61535
-67.57307
-65.19615
-64.70538
-68.41959
-68.05718
-68.80564
-69.97373
-72.44826
-75.08253
-69.61652
-66.82499
-66.84841
-64.49843
-63.89559
-64.37809
-63.72393
-64.21132
-63.77107
-65.21505
-65.06309
-63.17271
-64.43552
-63.79759
-62.54015
-65.38815
-62.56726
-64.29097
-67.73740
-65.63918
-65.80574
-67.20119
-68.70870
-67.75502
-68.39396
-66.58341
-67.76017
-65.51964
-65.27216
-65.45644
-65.63212
-68.51127
-71.33327
-72.13288
-73.22136
-75.58024
-74.96141
-76.53811
-73.24291
-73.95135
-74.77384
-78.77155
-78.62561
-77.35174
-79.24732
-77.59796
-80.08048
-77.26376
-78.85968
-78.67487
-73.92180
-77.93104
-77.79840
-82.35093
-78.56585
-78.30764
-79.10915
-77.18365
-83.36559
-76.87412
-79.95465
-76.90004
-76.51905
-78.62032
-78.37155
-82.15098
-77.69515
-78.45301
-78.99090
-76.77905
-78.19039
-73.77963
-77.21216
-72.08665
-80.93570
-75.28411
-69.85541
-80.17819
-75.49128
-83.09985
-73.85687
-74.21253
-78.70139
-74.39764
-69.91716
-74.72714
-76.34466
-71.61695
-67.69140
-66.37193
-75.12963
-77.41895
-75.31737
-78.54504
-76.31715
-78.66575
-79.84707
-77.69055
-82.33866
-77.69738
-79.63131
-80.10274
-73.48653
-73.56337
-74.63238
-71.60886
-64.21124
-61.53192
-69.78151
-74.49569
-75.17488
-75.01806
-75.59931
-77.16894
-77.54674
-81.68984
-68.18657
-70.44655
-71.77057
-69.12297
-71.20669
-78.23956
-76.71806
-77.06708
-80.07539
-77.64334
-77.75237
-78.47558
-71.15435
-70.69529
-75.88412
-73.71777
-69.21648
-68.49919
-73.65382
-77.24383
-78.44094
-76.37774
-80.34768
-77.71518
-75.00388
-70.85657
-73.08563
-81.74175
-73.00795
-77.40210
-73.95571
-75.26734
-75.96550
-77.21796
-73.85641
-60.88877
-61.81749
-64.63671
-63.23687
-64.99658
-67.09738
-69.56275
-71.71797
-66.78642
-66.93608
-74.30507
-73.90152
-73.91444
-76.44866
-73.78923
-73.31609
-73.80204
-73.99940
-76.32807
-73.59226
-79.82564
-74.33018
-78.20873
-75.38791
-76.53109
-76.81683
-76.29819
-77.44801
-76.21691
-72.04913
-69.32577
-61.77150
-59.93255
-64.45597
-68.14635
-63.58499
-58.25874
-67.27149
-70.31457
-70.72482
-72.97613
-73.25958
-75.69794
-73.87125
-80.02037
-73.90888
-82.33699
-74.91424
-82.72212
-76.74320
-77.72674
-78.89898
-76.62896
-81.76911
-77.61546
-79.09185
-79.13894
-77.04623
-81.79300
-76.50229
-82.11402
-77.19477
-79.45982
-80.71496
-77.51532
-83.85691
-76.80455
-82.55462
-75.62924
-75.61319
-77.37370
-77.00570
-76.74979
-76.75919
-76.86624
-76.72556
-77.73383
-76.09444
-76.99770
-77.61301
-77.34398
-78.49818
-78.98753
-79.42069
-78.79186
-78.96474
-78.16127
-78.91013
-79.26079
-79.39040
-79.25853
-77.15426
-77.35548
-76.39974
-77.10682
-78.21208
-77.75432
-75.90596
-76.22053
-76.33639
-77.29282
-78.03420
-77.75724
-77.15732
-76.88481
-77.30706
-76.21489
-77.74822
-78.52556
-80.10875
-81.43105
-80.86160
-82.80359
-82.04893
-84.16505
-83.31641
-83.81398
-85.86899
-81.92994
-88.91239
-83.72469
-86.85842
-85.55861
-82.08227
-88.12744
-82.67052
-91.62849
-82.84654
-83.35796
-79.76071
-81.69299
-80.21141
-65.14071
-63.08780
-62.60011
-63.76570
-72.15239
-75.34226
-77.71354
-77.15516
-80.30534
-79.95782
-83.50147
-69.82890
-61.27808
-61.66083
-60.84161
-61.00242
-61.34593
-59.98308
-63.57781
-68.66413
-70.15230
-71.03078
-72.34897
-74.47350
-75.22108
-77.21756
-72.94047
-74.95570
-81.34467
-78.59723
-77.97828
-78.83783
-83.66866
-82.63334
-81.92791
-77.36505
-75.33372
-73.52988
-70.67513
-69.47847
-70.08388
-71.50766
-71.66765
-75.20628
-78.56623
-77.75160
-78.26934
-77.62774
-80.22195
-78.70324
-80.68879
-78.63415
-78.51866
-85.92416
-69.75663
-71.45013
-78.33567
-74.74770
-83.55953
-72.16293
-75.24556
-64.21345
-59.42054
-58.93915
-58.55524
-65.02379
-68.94098
-68.67550
-71.63582
-72.81362
-72.58543
-77.71077
-79.08813
-80.08483
-78.45915
-80.54289
-65.03122
-61.32939
-69.46552
-72.73730
-73.67280
-74.25977
-78.02002
-79.88129
-81.60655
-76.96782
-76.31513
-83.26172
-81.26540
-77.03456
-74.60582
-76.02012
-76.58477
-77.10355
-76.90249
-78.30050
-77.06963
-77.93284
-77.01024
-79.52851
-81.41474
-78.89513
-77.61947
-77.87948
-79.49111
-80.23293
-79.75669
-77.83215
-79.15987
-78.71938
-78.28530
-79.41311
-78.95874
-83.96250
-80.11224
-75.50114
-80.67062
-79.40712
-85.31187
-81.26466
-75.19612
-81.16815
-84.26997
-87.33766
-81.90842
-75.47195
-78.09900
-79.58696
-80.04174
-80.57986
-75.29382
-77.58858
-78.05019
-80.16703
-78.31674
-77.79356
-75.01017
-78.84039
-79.31091
-78.03898
-77.96029
-74.97277
-75.62812
-79.31714
-76.54694
-65.56344
-64.48886
-64.60079
-66.00322
-65.73728
-68.87680
-67.58514
-66.76854
-68.51958
-67.43466
-69.27114
-69.96117
-75.06841
-72.71584
-73.14186
-72.24821
-74.18885
-74.10504
-74.58331
-71.67702
-72.33128
-72.19471
-73.88921
-72.34692
-74.02950
-69.71061
-62.22045
-67.87528
-71.97852
-72.51811
-71.54661
-69.88607
-73.23108
-71.13380
-71.13876
-68.91300
-69.05272
-70.17795
-70.63828
-69.17159
-67.59907
-68.51811
-68.68729
-68.64846
-68.69193
-67.80240
-66.19753
-66.39215
-67.83844
-67.72097
-64.84282
-64.50847
-66.47879
-65.07895
-63.33356
-64.76825
-65.42481
-64.67589
-63.12461
-61.78683
-64.15967
-65.23308
-63.96509
-64.03261
-60.95015
-58.18788
-62.45807
-64.37869
-62.09500
-61.95884
-62.21930
-64.30676
-64.63719
-63.50518
-62.66773
-62.60572
-62.52143
-59.99755
-55.97373
-54.93907
-54.61623
-60.31056
-69.93609
-68.87918
-69.21087
-66.83541
-63.91776
-65.40513
-67.75201
-60.66046
-63.34060
-66.49721
-65.83766
-69.00764
-67.71011
-68.13695
-63.76230
-62.93506
-67.29682
-65.47957
-64.20324
-61.22172
-60.99373
-59.94658
-61.07881
-59.28405
-59.66277
-65.26048
-64.59344
-65.46611
-64.13038
-63.34068
-61.34035
-60.56346
-60.81574
-63.21817
-59.46252
-62.39169
-66.40747
-64.09825
-64.85891
-63.98003
-65.26463
-63.20797
-65.06761
-63.63090
-60.23283
-63.69857
-67.22296
-65.61248
-66.46837
-64.11517
-63.69958
-60.87526
-61.21607
-56.93368
-56.95227
-64.83671
-65.40154
-66.09041
-65.51070
-67.78660
-66.78570
-67.81764
-66.77709
-62.68863
-66.15506
-68.82238
-67.72622
-68.27751
-66.74213
-68.35592
-67.62281
-68.29034
-64.31167
-60.90581
-66.87242
-68.03545
-67.44218
-67.06240
-67.61206
-65.89754
-66.68801
-65.82275
-60.07132
-63.35302
-65.08992
-65.02516
-63.77440
-63.39264
-64.74557
-62.61520
-62.57076
-61.16667
-59.89006
-64.41899
-69.29842
-66.83441
-67.44599
-67.13103
-69.64416
-66.70896
-63.28426
-58.75572
-57.08266
-61.49799
-62.60922
-62.49958
-62.92080
-60.56999
-60.51741
-58.82648
-59.87209
-63.84914
-61.49669
-64.65558
-69.65016
-66.41963
-70.27877
-66.00747
-69.42189
-62.67249
-61.13784
-67.73813
-67.25180
-68.85430
-67.20478
-68.58444
-66.09180
-68.45490
-60.92547
-61.26634
-65.07646
-65.03410
-65.73709
-64.40958
-64.56946
-64.14424
-65.24164
-59.33432
-62.72288
-67.88304
-65.80312
-67.25803
-65.44878
-66.99220
-65.27682
-65.88892
-64.16800
-59.55649
-64.25197
-67.93673
-64.83030
-66.62191
-63.17925
-63.82399
-64.40377
-59.06919
-62.42921
-66.36391
-64.09312
-67.53248
-64.56693
-67.62695
-61.81836
-61.93213
-68.44440
-67.61723
-67.27876
-65.55014
-64.13765
-64.95592
-65.66683
-65.45638
-66.82630
-59.92325
-62.22987
-66.12271
-62.59818
-62.65348
-62.18695
-64.88578
-59.46754
-58.36525
-64.73435
-62.74566
-63.43294
-62.04804
-61.88458
-61.44351
-58.61017
-63.35526
-64.89717
-64.80311
-64.14292
-64.38686
-66.17283
-59.79699
-61.03495
-65.78392
-63.90257
-64.96260
-62.91313
-65.57991
-61.95843
-61.20448
-68.99021
-66.54838
-67.11660
-66.16714
-66.25209
-64.80037
-61.06428
-64.34429
-65.38355
-64.37730
-65.24689
-64.87280
-66.91444
-60.42678
-60.54597
-64.46670
-64.77018
-65.69697
-63.70081
-65.94305
-61.98743
-59.32620
-65.01917
-63.43328
-63.67729
-62.95683
-63.41597
-62.32784
-59.81676
-65.54594
-67.20158
-67.12292
-67.48727
-67.09636
-67.54587
-63.74939
-56.21088
-56.23569
-57.54316
-58.69823
-61.00937
-63.35618
-62.86703
-53.65420
-53.90694
-57.95926
-58.48253
-62.84394
-60.76191
-66.88421
-55.14819
-51.66433
-56.86577
-58.70350
-61.87294
-61.52152
-64.23722
-53.24426
-53.84384
-59.52863
-61.84659
-62.60733
-63.86089
-59.50531
-53.98808
-58.39336
-60.44370
-62.90635
-61.29522
-64.08755
-56.21389
-53.89448
-57.83610
-59.24281
-60.91291
-61.71740
-54.87031
-53.40026
-58.32099
-57.76586
-59.55002
-57.70127
-59.35081
-55.47223
-52.49384
-56.10665
-57.49128
-57.26265
-57.54992
-56.52076
-52.39162
-54.69073
-56.57488
-56.33246
-57.78961
-56.82697
-56.47475
-55.57282
-57.34130
-57.53914
-57.54186
-57.50383
-57.23492
-55.66344
-57.19548
-57.74663
-58.17790
-58.21629
-58.81619
-57.55944
-56.47097
-55.80765
-52.66077
-52.70154
-52.64243
-52.82094
-52.96899
-52.29742
-55.21562
-57.93041
-57.04476
-58.22384
-57.16775
-57.45585
-54.79793
-55.37286
-52.69615
-57.21106
-81.11975
-70.14572
-85.62935
-76.46928
-91.85633
-75.23495
-86.32455
-79.56024
-85.49488
-80.97695
-83.53479
-76.88608
-77.93882
-83.94059
-80.58061
-84.72824
-81.47370
-84.32075
-80.41081
-84.76121
-80.34680
-83.91295
-81.41894
-88.79709
-81.36581
-84.50694
-82.57485
-83.67551
-82.23023
-84.93056
-83.25214
-83.66765
-82.41954
-82.21816
-82.76409
-84.72119
-83.15082
-83.43074
-84.96926
-83.97310
-84.57980
-83.65551
-86.72780
-83.84975
-86.28619
-83.87242
-86.22393
-82.41124
-91.03602
-72.45546
-70.08879
-81.56343
-82.35303
-86.45951
-80.11937
-77.69381
-84.72988
-84.82379
-85.58434
-85.12219
-84.40490
-80.27063
-81.04196
-83.90119
-84.30536
-85.45375
-84.67586
-85.82416
-84.66101
-84.46354
-83.88221
-85.46673
-85.48192
-85.57528
-85.68987
-85.73724
-86.12560
-86.31997
-86.04148
-84.91944
-85.27648
-87.12234
-91.34165
-88.17269
-88.43698
-89.22523
-81.19269
-77.96480
-78.60941
-77.57938
-77.90725
-79.46485
-70.74040
-70.87144
-82.28095
-85.96422
-94.21652
-86.77803
-90.73595
-73.66505
-69.51986
-73.88820
-72.93902
-73.85241
-73.10322
-72.59721
-74.86330
-74.36813
-74.59120
-74.65963
-74.99668
-74.15770
-73.35889
-74.81744
-74.16445
-75.02586
-73.99713
-75.92887
-77.87901
-77.77561
-80.50113
-78.77820
-79.13277
-78.88026
-85.83008
-92.87247
-93.26130
-92.76630
-93.49993
-88.76581
-77.55427
-76.22235
-76.47707
-75.97674
-76.00302
-72.47838
-74.53533
-73.83928
-74.64121
-77.77984
-78.59559
-87.56988
-83.78194
-86.93112
-88.62347
-92.98180
-92.32762
-83.42446
-77.96935
-81.82384
-72.37258
-72.55997
-117.64664
-89.61099
-101.40273
-92.04496
-99.25743
-94.74542
-94.63319
-94.62357
-75.17358
-71.85530
-72.39193
-72.39751
-72.22358
-71.92820
-72.54730
-82.61297
-99.33261
-92.09368
-100.71026
-93.33030
-97.15398
-93.57824
-95.05186
-91.24570
-93.63026
-89.48175
-88.64930
-92.95599
-89.68246
-85.56439
-87.22810
-88.95536
-94.40268
-92.07293
-91.54309
-93.02029
-97.61567
-94.34463
-82.55512
-93.08734
-99.18227
-94.71727
-105.30342
-98.76278
-96.50667
-101.00642
-107.70654
-103.48714
-110.83512
-104.50879
-111.34024
-107.03729
-112.36116
-106.03255
-113.89101
-109.99221
-112.08832
-111.15653
-116.40322
-114.28916
-118.68804
-115.92930
-118.55141
-118.82356
-119.19428
-121.02521
-120.27566
-124.28814
-120.82033
-123.00116
-116.01673
-129.65079
-121.06458
-130.84998
-121.68455
-131.97946
-123.64946
-135.57649
-125.84138
-131.34240
-127.13566
-133.15418
-129.04809
-130.69173
-131.90055
-129.72740
-133.86037
-130.15042
-136.27815
-130.41375
-136.18081
-129.17223
-139.79269
-126.91882
-123.48198
-129.62560
-136.37249
-131.70229
-135.23973
-132.78888
-136.10264
-132.72085
-135.45931
-135.31157
-128.24921
-127.60232
-130.82236
-132.97370
-139.34315
-135.64425
-140.67637
-138.06072
-139.25307
-139.76312
-139.12683
