-111.21724
-99.13209
-81.87684
-80.67080
-82.41650
-84.49999
-86.61746
-86.00632
-86.12993
-85.96558
-86.93633
-86.13638
-87.56711
-87.78194
-86.11306
-83.43904
-84.33267
-83.19749
-85.90650
-81.48463
-74.91261
-77.86265
-80.60040
-82.83985
-84.57044
-83.61826
-84.20185
-85.40426
-88.81277
-88.83602
-90.24558
-87.10386
-84.97272
-83.42727
-83.66812
-83.79879
-84.89807
-84.36706
-85.92604
-82.11994
-78.92872
-82.26967
-82.86461
-82.48571
-82.85482
-83.28332
-84.06746
-84.04081
-84.54839
-86.37319
-88.23223
-88.08512
-88.48191
-87.41619
-88.19894
-86.57291
-85.41886
-83.91008
-85.25329
-83.59224
-80.81063
-87.01829
-90.35454
-89.87260
-89.66623
-88.61883
-88.05753
-88.13695
-86.75723
-85.48155
-85.81934
-86.89923
-88.03697
-86.78246
-87.62691
-87.19725
-87.08591
-85.59695
-83.57467
-81.93539
-83.09941
-85.13293
-86.09776
-87.77425
-89.50950
-88.69373
-89.62146
-90.64011
-89.03610
-89.37882
-89.05682
-87.74523
-87.15236
-89.66883
-88.42554
-89.91891
-89.62876
-92.12922
-82.90749
-78.19937
-81.60463
-82.70000
-84.43930
-87.33358
-87.91364
-89.35295
-89.34507
-88.87111
-88.68461
-88.23138
-88.12583
-87.77095
-86.91548
-86.70212
-85.44735
-85.58573
-86.23848
-87.11698
-85.66570
-81.43083
-81.68167
-85.37966
-85.78659
-85.65289
-86.56845
-88.06626
-88.68477
-90.28735
-90.69430
-90.22926
-89.96427
-89.47362
-88.17323
-88.88211
-88.35223
-87.17327
-87.04310
-87.37018
-78.41338
-73.50835
-76.54384
-79.81321
-83.12109
-85.80026
-85.06502
-84.68124
-85.81821
-86.20971
-86.12217
-87.07929
-87.52499
-87.42653
-86.27294
-87.56112
-87.82808
-92.56158
-88.06804
-95.89872
-75.05938
-72.95496
-77.16332
-76.73708
-80.37927
-80.67052
-83.83480
-84.75087
-85.54477
-84.09276
-84.24379
-84.07643
-83.69727
-84.05378
-84.24571
-84.25698
-83.29513
-82.75164
-82.20410
-83.34528
-77.19284
-76.66291
-83.34513
-84.75084
-85.52752
-86.70987
-86.85789
-87.60021
-87.53431
-86.88437
-85.31158
-85.76140
-86.36058
-87.74700
-87.30232
-87.97077
-87.07955
-89.47690
-86.37138
-79.67675
-75.68437
-77.33298
-82.29914
-82.79827
-85.31663
-85.89164
-89.13676
-89.79616
-91.43486
-91.07094
-90.01758
-89.66616
-88.78729
-88.28699
-87.47114
-86.41976
-85.59595
-85.56890
-85.66120
-87.02894
-79.77410
-78.37094
-81.42846
-82.90767
-84.32453
-85.46203
-85.71869
-86.41180
-87.98796
-87.84713
-89.57491
-90.56961
-90.35222
-90.85295
-91.64219
-90.66307
-91.51792
-92.46650
-91.47317
-91.16383
-83.88195
-82.04886
-83.02722
-83.70222
-85.99563
-86.81969
-88.15644
-87.21520
-88.29680
-88.43628
-88.38285
-89.02655
-89.83977
-88.34281
-88.14181
-87.61686
-85.59017
-84.47858
-85.66804
-81.51657
-75.00665
-75.87819
-79.46069
-81.59056
-83.55966
-84.15458
-84.32676
-83.76560
-83.02120
-83.06587
-83.23844
-83.87913
-85.77547
-87.38132
-89.40136
-90.48786
-90.68472
-88.09755
-87.99400
-85.29763
-79.22393
-74.82693
-77.27456
-81.99735
-83.44535
-84.06177
-82.62065
-83.84095
-84.34292
-86.53667
-86.12262
-86.48546
-85.55986
-84.37993
-83.25179
-83.86524
-84.76667
-88.32168
-89.36819
-89.87898
-86.14858
-81.32737
-82.43102
-83.80496
-84.12204
-84.28102
-84.28105
-84.25030
-84.72681
-84.72727
-85.83256
-85.75455
-86.68513
-86.24364
-87.14030
-85.87186
-87.70951
-79.86336
-76.88938
-74.33792
-73.88092
-79.85215
-79.16013
-80.01695
-80.44619
-81.61135
-82.36864
-84.77766
-85.39711
-87.51891
-88.04719
-84.93623
-85.15396
-85.46223
-86.48236
-86.25201
-89.06021
-86.75717
-89.47557
-75.63392
-73.90433
-77.08453
-76.57086
-78.22933
-80.83936
-85.81256
-88.36690
-90.44278
-89.49583
-92.64410
-90.74368
-88.76453
-86.41381
-84.99910
-84.11747
-84.14102
-84.59656
-85.22289
-86.78186
-82.41517
-81.82401
-83.29450
-84.05833
-85.62345
-86.43660
-86.75389
-86.70965
-87.45387
-87.82569
-87.83812
-87.13586
-87.42507
-86.85770
-86.29030
-85.92305
-85.48028
-84.60376
-84.20014
-82.21977
-74.93025
-73.57597
-76.28334
-79.54006
-84.66770
-86.11361
-87.66403
-88.37382
-89.46010
-89.85228
-91.51765
-92.51468
-91.55721
-90.26696
-89.69882
-89.71269
-88.55841
-87.54330
-86.60243
-83.64754
-74.44510
-72.92604
-76.97979
-79.37669
-81.97357
-84.66378
-86.54189
-86.29207
-87.34081
-87.54118
-85.88506
-84.94312
-84.77840
-85.67139
-86.64410
-87.26911
-87.57709
-87.80071
-88.10566
-87.46557
-85.48270
-82.33877
-82.76721
-84.52652
-85.31379
-86.08172
-87.32667
-87.48170
-86.89337
-88.36859
-87.86272
-89.17029
-86.34184
-88.25132
-85.91708
-87.88339
-85.49438
-89.40404
-78.61189
-71.43752
-74.74301
-78.98182
-83.17285
-85.55969
-87.69854
-87.50012
-88.10009
-88.11379
-88.74486
-92.15572
-88.96766
-93.24819
-90.38373
-92.73136
-89.56324
-91.34784
-88.18850
-94.08786
-81.25994
-73.95672
-75.35976
-77.54142
-82.43100
-87.61177
-89.85272
-91.40925
-91.69792
-91.50727
-90.86353
-89.73122
-87.89623
-87.68229
-86.46607
-87.56022
-87.92796
-90.77269
-89.95085
-93.64894
-82.39062
-78.83991
-83.20000
-81.63507
-81.78102
-81.98035
-83.85660
-85.09606
-84.09058
-84.25890
-84.08169
-85.64505
-84.53942
-84.07130
-84.98750
-87.46857
-85.37658
-85.58335
-81.97931
-81.87478
-77.54440
-74.40621
-78.37384
-79.94178
-82.78965
-82.42300
-81.77103
-81.87993
-80.95340
-80.04735
-80.27639
-81.31312
-78.82895
-78.94698
-79.31190
-79.77733
-79.71590
-80.77496
-81.34867
-80.93620
-78.07515
-78.34458
-81.06421
-80.77780
-82.88673
-82.46963
-85.03994
-88.99213
-88.76727
-88.90479
-88.46686
-88.63208
-89.07761
-89.01454
-86.61613
-86.50317
-84.06046
-84.53506
-85.18197
-88.59420
-84.24083
-81.98376
-89.53781
-87.27021
-86.93171
-85.49077
-85.59187
-86.19588
-85.87527
-85.45541
-84.75973
-84.97554
-84.98881
-83.85695
-83.73302
-84.30401
-83.12128
-83.33544
-80.88207
-81.72736
-80.69411
-81.28718
-82.16569
-82.20223
-80.33080
-78.75791
-79.18648
-78.22848
-79.79183
-78.53197
-79.35467
-80.52798
-78.62349
-79.01747
-80.79243
-79.22978
-78.92684
-79.70236
-80.39718
-78.99016
-77.37198
-80.62050
-82.07385
-82.66608
-83.09726
-82.21551
-83.87322
-88.96409
-93.45555
-94.56953
-96.16329
-94.46030
-93.26435
-92.55909
-91.96246
-89.28911
-89.47044
-88.57719
-91.30285
-87.99309
-81.71273
-83.09190
-85.18524
-85.92951
-85.57371
-85.44962
-86.02718
-85.02098
-85.35939
-85.96453
-85.92403
-84.94564
-84.82648
-84.85085
-84.33545
-84.03458
-84.17266
-83.87205
-84.15796
-78.77360
-73.77608
-75.19175
-78.89080
-82.08331
-83.15832
-82.09204
-82.01327
-81.63007
-82.91072
-82.91228
-83.06959
-82.18033
-82.33231
-82.17465
-83.00730
-82.83576
-84.67190
-82.04940
-85.84681
-76.85578
-72.52683
-76.56564
-76.45967
-78.41388
-80.37335
-83.46030
-85.89673
-89.60743
-91.18461
-91.44780
-92.52940
-88.78187
-87.84014
-85.98122
-86.18201
-84.55439
-84.96235
-84.71015
-91.21427
-79.08506
-76.36830
-82.90909
-83.82702
-85.15407
-86.06664
-86.15028
-86.31650
-86.08447
-85.84615
-84.77235
-84.88126
-85.11819
-84.00910
-83.17667
-83.04665
-82.41516
-83.26399
-81.81622
-78.80999
-75.70481
-76.66469
-80.05048
-81.33040
-81.14102
-79.95880
-79.87383
-78.31159
-79.43538
-78.75463
-78.97529
-80.24349
-78.79355
-79.75902
-81.16890
-79.82640
-79.34365
-79.93500
-79.57507
-81.68123
-79.41067
-77.59652
-79.90885
-81.61088
-82.92567
-83.08975
-84.41015
-87.76504
-90.53729
-92.29504
-90.70277
-92.34003
-92.59809
-92.96033
-94.91671
-92.87814
-93.14577
-94.17354
-93.68994
-95.09146
-87.19043
-83.32888
-83.30652
-84.75034
-86.06398
-86.46572
-86.95739
-86.18058
-86.40480
-86.12778
-85.76565
-84.26357
-84.47100
-83.76720
-84.53049
-83.37562
-82.74943
-82.15816
-81.79036
-76.53032
-73.20847
-76.09288
-79.65089
-82.56514
-82.55008
-82.89489
-82.87996
-82.04989
-81.16742
-79.80776
-81.15811
-81.24870
-81.04676
-82.31786
-81.00689
-80.45097
-80.69777
-81.17810
-80.97486
-79.94812
-75.81848
-74.39002
-78.51496
-80.59004
-81.14851
-82.79202
-87.62331
-88.71077
-88.57527
-87.79810
-86.00691
-86.04005
-85.83704
-86.04233
-85.43273
-86.83916
-87.11600
-88.89725
-89.85913
-90.00468
-82.07519
-81.04869
-83.18755
-83.54995
-84.57457
-84.12690
-85.01270
-84.69712
-84.95875
-85.18566
-85.25881
-85.80432
-86.34576
-85.36922
-86.49817
-85.24734
-87.61415
-80.24931
-76.36830
-74.20477
-72.90759
-77.95036
-79.56949
-79.45545
-80.08739
-81.98299
-84.03050
-85.03482
-85.13436
-83.35331
-81.18936
-79.70974
-80.05274
-79.96461
-79.76485
-78.63480
-80.13009
-79.76241
-82.14387
-74.59568
-73.04115
-77.50214
-76.76083
-77.89136
-79.09810
-82.15236
-85.40933
-90.29478
-91.02912
-89.69985
-89.37487
-90.19630
-89.64596
-87.35458
-85.22882
-83.35133
-83.76402
-84.21898
-85.82635
-81.27811
-80.73061
-82.92966
-83.77394
-84.68748
-84.70068
-86.00453
-85.64960
-85.61795
-85.03843
-85.39523
-85.42935
-85.64629
-85.04118
-85.10441
-84.93366
-83.85349
-83.28325
-82.82306
-82.61705
-76.08307
-73.67292
-76.16276
-78.70487
-81.02226
-81.49429
-81.38367
-80.04965
-78.41532
-79.90255
-81.47733
-80.00675
-79.96280
-80.23266
-80.24467
-80.19357
-80.10350
-80.77087
-80.02624
-80.00518
-74.78276
-73.06071
-75.71955
-77.65766
-80.00804
-81.80867
-82.21030
-84.46765
-85.65098
-83.83680
-84.98704
-86.97473
-89.52133
-91.68680
-91.38719
-90.43449
-89.95599
-91.11044
-92.45574
-92.64255
-89.16022
-82.62271
-83.31136
-84.73970
-84.76711
-85.94585
-87.04459
-86.96096
-85.93233
-87.04930
-85.74021
-85.34362
-84.28822
-84.55400
-83.90663
-83.58973
-80.90436
-84.34592
-77.94933
-72.21697
-75.26964
-78.84969
-82.49347
-84.85881
-83.91522
-83.60569
-83.11273
-84.71603
-84.37036
-85.49205
-84.65635
-83.91206
-83.35247
-84.85941
-84.18437
-84.52555
-82.51671
-83.97600
-79.51554
-73.95293
-75.18582
-78.59578
-82.01320
-81.85353
-84.21012
-85.71159
-85.31675
-84.95274
-85.44131
-86.71425
-87.58239
-88.72352
-89.68657
-91.06859
-92.42268
-92.55615
-90.64315
-95.69747
-81.86887
-78.51922
-78.46211
-76.47149
-77.49913
-77.53604
-79.15859
-79.33926
-79.56796
-80.42779
-80.65312
-81.21269
-81.27070
-82.89931
-82.44518
-84.47349
-82.41298
-86.07139
-81.61816
-89.51592
-74.86200
-70.87535
-78.78901
-78.97347
-82.03847
-82.79630
-84.93651
-86.29571
-87.09576
-86.91354
-86.04990
-86.32866
-84.71236
-85.61662
-87.19254
-87.05763
-87.41898
-86.57708
-86.83731
-84.95450
-83.03827
-74.12248
-73.18832
-80.99672
-81.16561
-84.97297
-82.65362
-83.39035
-84.63334
-85.77257
-85.88524
-85.65053
-84.74905
-84.91964
-83.95991
-84.56017
-85.95694
-81.27288
-85.82763
-89.02961
-84.94686
-79.32472
-76.92637
-77.05519
-77.83619
-78.64911
-79.73818
-79.72017
-80.56084
-80.32285
-81.72257
-81.22588
-82.60984
-81.91637
-83.47807
-82.53287
-83.46418
-83.63872
-84.70398
-84.42842
-72.41502
-75.65498
-78.69455
-78.36528
-82.53481
-82.22516
-84.67366
-83.88789
-87.59200
-86.22121
-85.87280
-86.24189
-85.57902
-85.74295
-85.74408
-86.44223
-85.81364
-86.31097
-85.00650
-93.78168
-80.30210
-71.49002
-74.74335
-77.70664
-78.66230
-80.20369
-81.46955
-84.26227
-84.22441
-85.71000
-84.48118
-84.80122
-83.90921
-84.64453
-83.44313
-86.34413
-82.71501
-82.02455
-87.49696
-87.24671
-88.00309
-80.32634
-76.55848
-78.74985
-78.44922
-79.11773
-78.64785
-79.81738
-81.94661
-80.22122
-79.19219
-83.87603
-84.17596
-83.39833
-84.29489
-84.32694
-84.22350
-83.30874
-85.87393
-73.01363
-74.15560
-78.92770
-78.39051
-82.39225
-85.63158
-87.55591
-87.60311
-85.98371
-85.42112
-85.65169
-85.40270
-85.64838
-83.66507
-84.11603
-87.03358
-88.38856
-83.78982
-90.49057
-87.48475
-87.17997
-73.04440
-73.48325
-83.24182
-81.24428
-82.90175
-82.43725
-84.87390
-83.74314
-85.98699
-84.49653
-84.57511
-83.93047
-83.75788
-83.12860
-83.94612
-81.17744
-85.35016
-89.13840
-87.60094
-87.16395
-80.33006
-77.64902
-76.92461
-77.48207
-78.39293
-79.48348
-79.07882
-79.09588
-78.58388
-82.72551
-85.68123
-81.89487
-81.78493
-86.34779
-80.75730
-83.72408
-83.06312
-86.55689
-81.54459
-72.18936
-76.99974
-79.20301
-77.64884
-80.15264
-82.24843
-85.99878
-85.94828
-86.98281
-86.02795
-87.22024
-86.54587
-87.23990
-85.50393
-85.71202
-88.49462
-86.43431
-89.61013
-84.90714
-90.76998
-77.10519
-73.03811
-77.44379
-76.91335
-80.25815
-80.43433
-80.55199
-82.60808
-86.18246
-84.30831
-81.66353
-85.36151
-83.09872
-82.32193
-82.49764
-83.31022
-80.90730
-82.08694
-88.57099
-86.83730
-87.10892
-80.02933
-77.09160
-77.92416
-77.64504
-79.11947
-79.34068
-80.51501
-80.86678
-81.15774
-81.52188
-81.74146
-82.60030
-83.18828
-83.90745
-83.19519
-83.99578
-82.63509
-85.96975
-76.44625
-71.83371
-76.34785
-77.99646
-79.98470
-81.62496
-84.09782
-86.42276
-85.70378
-87.47311
-85.47481
-86.78711
-83.85035
-86.36316
-85.62298
-88.60402
-85.42529
-89.29009
-83.80178
-90.36695
-77.74540
-72.19520
-79.14495
-80.50113
-82.75901
-82.07943
-83.01668
-84.59551
-84.40705
-84.86178
-84.21831
-84.43306
-83.29055
-84.62692
-84.36895
-84.90978
-84.43547
-81.23969
-83.92440
-87.56702
-89.10582
-81.75453
-76.21651
-76.42704
-77.42422
-77.93576
-78.93702
-79.76606
-80.69117
-80.96825
-81.54798
-81.71896
-81.64416
-83.16565
-83.36336
-83.69185
-82.73648
-84.24803
-82.09301
-86.50734
-75.38209
-73.00647
-78.46011
-77.86419
-80.51482
-82.05965
-82.07874
-83.22884
-84.67477
-87.73924
-88.71146
-87.45618
-84.84611
-83.99377
-83.36457
-85.88819
-85.52978
-88.03656
-87.04379
-87.70404
-87.07939
-72.75136
-74.03648
-75.89022
-76.92703
-80.61265
-79.82561
-82.90706
-81.89809
-83.51003
-82.54612
-85.13238
-83.48963
-85.39631
-83.39383
-84.70070
-81.97438
-80.73615
-84.94425
-87.84668
-90.08777
-80.41053
-77.26304
-77.35835
-77.56842
-78.15821
-79.22263
-80.33990
-79.55074
-81.31883
-81.30917
-81.18358
-83.06107
-85.18543
-84.17993
-82.09349
-83.02596
-81.49288
-89.76934
-75.62698
-72.05796
-75.32485
-77.52958
-80.01023
-81.66977
-86.80159
-85.34366
-83.96964
-85.67576
-87.06424
-86.68066
-85.30470
-84.82305
-84.51594
-88.31255
-88.31354
-87.89363
-85.39390
-83.36256
-87.06980
-72.75750
-72.60004
-80.21781
-80.53768
-83.24409
-82.79998
-83.58979
-82.28222
-83.06277
-82.22189
-84.15514
-83.56764
-84.12023
-83.94865
-83.40577
-83.16601
-80.06386
-82.26057
-85.32796
-88.77264
-81.78804
-76.83440
-76.74126
-76.82665
-76.90581
-78.59197
-79.35486
-80.52098
-79.96090
-80.05213
-80.99020
-83.44012
-83.37637
-84.16397
-82.36835
-81.42184
-84.16801
-81.67188
-83.45430
-73.74131
-73.90294
-77.80017
-75.33193
-78.88807
-81.28980
-84.18713
-84.94306
-85.25565
-83.33857
-82.91763
-84.38332
-83.29973
-84.87227
-84.73271
-87.56691
-84.14462
-85.74897
-82.38561
-88.34587
-79.18995
-72.72133
-76.51123
-74.00204
-76.79590
-79.59425
-80.04785
-83.17132
-83.99848
-85.32292
-84.24876
-86.04874
-84.28922
-87.55210
-86.28876
-89.14371
-82.93736
-82.74117
-86.94007
-86.37608
-86.76205
-79.82224
-76.66044
-76.44020
-75.86720
-76.86213
-78.21013
-79.02587
-79.82798
-80.59433
-81.29054
-80.31507
-81.46809
-81.68400
-81.41738
-82.34595
-83.15038
-82.05634
-81.96641
-75.02270
-70.75580
-71.81910
-73.05049
-76.84871
-80.17831
-82.84108
-83.03425
-82.39892
-83.72953
-81.66903
-82.90696
-83.14323
-86.92615
-87.58555
-88.87966
-85.22862
-86.27507
-83.55075
-87.51794
-80.70979
-71.85594
-71.33256
-74.45912
-75.14042
-75.07394
-79.36263
-78.70531
-80.79279
-83.19508
-83.33830
-83.52822
-82.98408
-82.92839
-82.25021
-83.14628
-80.08789
-82.34940
-86.98013
-86.25739
-88.22660
-81.68224
-75.99612
-77.05204
-77.99707
-78.16853
-79.82259
-79.38683
-80.34791
-80.22292
-81.24364
-80.69543
-82.43379
-82.28208
-84.00318
-83.73104
-84.02545
-82.79700
-83.37421
-82.82370
-73.27728
-76.45894
-77.25001
-72.41607
-74.01404
-77.18316
-79.60242
-82.26771
-85.54821
-83.78174
-85.36603
-84.26634
-85.60290
-83.73283
-83.29032
-86.67798
-85.25903
-87.95651
-83.77490
-92.54379
-75.18893
-73.48699
-81.35642
-74.61834
-74.05501
-76.35116
-77.96661
-77.42196
-80.55286
-82.11802
-83.64691
-82.42641
-82.11017
-85.16842
-82.80657
-81.87517
-80.98556
-81.34844
-84.14249
-85.91629
-85.92756
-80.35687
-76.81780
-79.81611
-77.19438
-78.39836
-78.86597
-80.76532
-82.83591
-79.68454
-79.50385
-82.16571
-84.79909
-82.27941
-83.19910
-83.84913
-86.26605
-82.27887
-87.61662
-75.35919
-71.66072
-72.06476
-71.77408
-78.62879
-80.85061
-82.98420
-84.10478
-83.86047
-82.66352
-80.64127
-82.18892
-83.58570
-88.10475
-85.85422
-86.94289
-82.49471
-88.87684
-83.67204
-84.88198
-82.62593
-70.91649
-70.95477
-73.31121
-73.91804
-76.11498
-80.02017
-80.54272
-81.76858
-83.38007
-83.46081
-85.09428
-84.12922
-84.80310
-83.62904
-84.39778
-81.00749
-80.88530
-85.90784
-87.19012
-86.71365
-77.97599
-73.32753
-75.81521
-79.21013
-78.26410
-78.30783
-77.59247
-78.87742
-81.16422
-83.32301
-81.04308
-81.94045
-81.71491
-81.31097
-83.62284
-84.46758
-80.25817
-83.66216
-82.81998
-72.58055
-76.59413
-73.91856
-71.56886
-75.17091
-77.52685
-81.41672
-81.78561
-83.40504
-83.14834
-86.07302
-85.98993
-87.17734
-85.98341
-85.54638
-84.67780
-85.66095
-84.89181
-86.27082
-84.09327
-77.75474
-73.55177
-71.94492
-70.55401
-71.94876
-76.62591
-77.66000
-80.05851
-81.78309
-83.37795
-82.39823
-82.65178
-83.62826
-83.18209
-83.90265
-81.34212
-81.19843
-85.58093
-85.11301
-85.69737
-85.41372
-82.72520
-81.76984
-82.59635
-84.53137
-84.38932
-85.87945
-86.10256
-86.37875
-87.37026
-88.08867
-87.80217
-90.81171
-90.91272
-92.98290
-91.36192
-90.43102
-85.95741
-91.06871
-79.02322
-70.88170
-72.64493
-76.49625
-80.61043
-81.06514
-82.92138
-84.09020
-84.97808
-85.99869
-85.36061
-86.33840
-84.95141
-86.81088
-84.86065
-87.32610
-84.44149
-88.41869
-83.57082
-95.00118
-78.57305
-72.89066
-76.29734
-76.10559
-79.36153
-81.12758
-83.14611
-82.66770
-83.31504
-84.02228
-84.26005
-84.40002
-84.57742
-84.65323
-84.55755
-84.26358
-85.00619
-81.90320
-83.12199
-90.99252
-90.74349
-89.24966
-81.84563
-81.66906
-83.53536
-83.88678
-83.37947
-84.32111
-85.61788
-88.03502
-88.63993
-87.87176
-88.09912
-90.13565
-92.42250
-93.77102
-92.58817
-87.51632
-88.30108
-84.35126
-75.78193
-74.72143
-80.64943
-77.00518
-77.36857
-80.87954
-81.41251
-83.65496
-83.90725
-85.55255
-84.60454
-86.31799
-84.51219
-86.34020
-84.49719
-86.78001
-84.30250
-87.34133
-84.08514
-95.00073
-80.26991
-72.11829
-78.12181
-77.28597
-77.70106
-80.79306
-81.90294
-80.87676
-81.75285
-83.98913
-83.03131
-84.49652
-84.22709
-84.17674
-84.70004
-82.06220
-81.02216
-85.28851
-86.49142
-90.51280
-91.97610
-88.67884
-85.84001
-84.78920
-83.87082
-85.78828
-86.88213
-87.24541
-86.90673
-86.66018
-86.97668
-87.72752
-89.35902
-89.79720
-90.84363
-92.04360
-87.13484
-87.77955
-86.04733
-78.83768
-72.80666
-71.42093
-73.28078
-77.11333
-81.41562
-83.17512
-86.01670
-85.16792
-86.85440
-85.38979
-87.17517
-85.22851
-87.62576
-85.19413
-87.72968
-85.08767
-88.34912
-84.54006
-91.86766
-81.72463
-72.47579
-75.74847
-72.83790
-75.34828
-79.35075
-79.62558
-82.63187
-82.53426
-83.45221
-82.28922
-83.24878
-82.41740
-83.12274
-82.40690
-83.14985
-82.68290
-80.65021
-84.48178
-90.04903
-90.63156
-92.54558
-84.55721
-81.41818
-82.32371
-84.84493
-84.25206
-85.14685
-85.19341
-85.39714
-85.45639
-86.62019
-86.40400
-88.30040
-89.78614
-91.70175
-88.47219
-86.47282
-86.85249
-86.66687
-84.18641
-75.28692
-72.65333
-73.61925
-76.88510
-80.48210
-82.79851
-84.40345
-84.50085
-84.83119
-84.61470
-84.70598
-84.76753
-84.79205
-84.84232
-84.56086
-84.96428
-84.62424
-86.42068
-88.50523
-86.01510
-75.41509
-71.52773
-73.31954
-76.02473
-78.53722
-79.53538
-81.65978
-82.15828
-82.02686
-82.36881
-82.52398
-82.44264
-82.50707
-82.45971
-82.39084
-83.09591
-86.06489
-88.06543
-91.85361
-88.89896
-81.46851
-81.05052
-80.48245
-81.48021
-81.51832
-82.32094
-82.64954
-82.10933
-81.04469
-80.35744
-81.87076
-82.98348
-84.15355
-84.85804
-84.57242
-82.86664
-82.79906
-83.28196
-77.74384
-71.24160
-73.62492
-78.56870
-79.30950
-82.49563
-82.89650
-84.83893
-85.50808
-86.61986
-84.00688
-85.04742
-84.34606
-88.81049
-85.78905
-84.25507
-82.31975
-85.22283
-84.46079
-88.78403
-77.81031
-71.19581
-77.22255
-78.90969
-79.79281
-82.36434
-82.17038
-83.00550
-82.45397
-83.10418
-82.87061
-85.00533
-83.49531
-87.55954
-80.71110
-77.01031
-78.03394
-77.72948
-82.10764
-83.87829
-81.92570
-80.45865
-81.22847
-82.73258
-81.66831
-81.87642
-83.19430
-82.64296
-83.24674
-83.80712
-85.87422
-85.37142
-84.15354
-82.72993
-81.61716
-83.89456
-84.82007
-86.86555
-82.52571
-83.25868
-73.61496
-75.07035
-82.97824
-81.82547
-84.42391
-81.12315
-81.57699
-82.13378
-85.17974
-85.12939
-85.08858
-84.48119
-83.10606
-82.77162
-83.85359
-83.74911
-85.14467
-85.35637
-86.09225
-81.78209
-77.65269
-72.58311
-75.58626
-80.44359
-80.53104
-83.99369
-81.51644
-83.12508
-82.32383
-84.09187
-83.89467
-83.97112
-83.66897
-85.16859
-79.81424
-80.15715
-79.12391
-78.60608
-81.30685
-81.21879
-80.13498
-79.80343
-81.57592
-81.99823
-82.93450
-82.62141
-82.52793
-81.61888
-81.93312
-81.72979
-81.99265
-81.11705
-81.24289
-82.17504
-83.13184
-81.78602
-81.05973
-80.51759
-82.08684
-74.86519
-70.38002
-74.72685
-78.59502
-79.10328
-81.60246
-83.01088
-83.67686
-83.56334
-82.68496
-81.19570
-82.45105
-83.42998
-88.70385
-85.55062
-82.44864
-80.28388
-82.74729
-83.59972
-88.32789
-74.53906
-69.35656
-74.59797
-77.66251
-80.43103
-81.77212
-83.70846
-85.07994
-86.02131
-89.47313
-87.74227
-88.97742
-88.15596
-90.14407
-87.42948
-89.03956
-84.83223
-80.88714
-85.93359
-90.27816
-77.21621
-77.55459
-81.78397
-81.01906
-81.28030
-81.94322
-83.78074
-82.51314
-83.09916
-82.74054
-84.66289
-84.03735
-84.92277
-83.42583
-82.63150
-83.33620
-84.66917
-85.61196
-83.25461
-82.64316
-72.45276
-71.82665
-78.30103
-79.92867
-82.46920
-81.50355
-81.95710
-82.98648
-83.81853
-84.59656
-84.29939
-84.39640
-82.85838
-83.32069
-83.31662
-83.59767
-83.12880
-86.42950
-83.42416
-89.39589
-76.55287
-71.97614
-78.76383
-80.39700
-82.23220
-82.13761
-82.60421
-83.59200
-85.63284
-88.05455
-88.00448
-86.94454
-85.64550
-84.85126
-80.32983
-80.27253
-78.36886
-80.10210
-80.68062
-81.52698
-82.04745
-81.29061
-81.71272
-81.11394
-83.11061
-82.98057
-81.76441
-81.01210
-81.54899
-80.98096
-81.97276
-83.69637
-83.06553
-81.20433
-80.58364
-80.17554
-83.89979
-84.03333
-85.26446
-79.10359
-72.54510
-77.38176
-84.24380
-84.76852
-85.35933
-82.42598
-82.06327
-81.41945
-84.15000
-84.46181
-88.54152
-84.34426
-82.81488
-82.64256
-83.33978
-83.14014
-83.00439
-83.63125
-83.50011
-81.45004
-73.34361
-77.47014
-85.20218
-82.09114
-82.66605
-81.59226
-82.53023
-81.68501
-82.58235
-81.75812
-82.56511
-81.25910
-83.69215
-82.14274
-79.37491
-77.67789
-79.18247
-81.08712
-78.38428
-79.52687
-79.54803
-79.55649
-81.23461
-81.97971
-82.04526
-83.51950
-82.47670
-83.54907
-82.63687
-80.78493
-80.77088
-83.32991
-82.47399
-82.02929
-84.33281
-84.04453
-86.68223
-79.74389
-76.54636
-70.85923
-70.56923
-76.86837
-77.70670
-77.71775
-77.05816
-77.56702
-77.94038
-81.14383
-83.74911
-82.02374
-81.52428
-82.20817
-84.25132
-82.24273
-83.02504
-81.79766
-83.40736
-82.79779
-86.34748
-73.52156
-70.20911
-74.87495
-75.12462
-78.48560
-77.75977
-78.88147
-79.40325
-79.40750
-83.32563
-84.23718
-81.84413
-78.96146
-80.22064
-79.75656
-77.79843
-76.09636
-80.24743
-80.82043
-81.35176
-81.36005
-77.05480
-77.58473
-79.09914
-81.09385
-81.59173
-82.76953
-83.08326
-78.63831
-77.38520
-78.93252
-79.80042
-79.99002
-81.28671
-86.75228
-85.99542
-85.09796
-82.44313
-86.95403
-78.97532
-70.84053
-74.11004
-77.88181
-79.25196
-80.46940
-78.53021
-79.18301
-79.23593
-78.01684
-79.19758
-82.98334
-84.56166
-86.21990
-83.96102
-85.71662
-81.11524
-85.36478
-83.76045
-91.53933
-76.20151
-69.31674
-74.52891
-77.12394
-79.60358
-82.07934
-83.79531
-84.81788
-85.40104
-89.58202
-88.69664
-90.45310
-86.60887
-89.07460
-81.37225
-79.32399
-79.27673
-79.28345
-78.93456
-79.36358
-79.41710
-76.99202
-79.37042
-81.78987
-82.61748
-84.02291
-84.30413
-84.83519
-84.97206
-84.90350
-84.55194
-84.08529
-83.58497
-83.74262
-83.95677
-85.03328
-87.58652
-86.47809
-86.60731
-75.03546
-71.92361
-75.97371
-80.03155
-84.97352
-84.88940
-85.07826
-83.97274
-86.56838
-88.64882
-88.27218
-87.07075
-87.74465
-87.15787
-86.16242
-88.85625
-87.17265
-86.52648
-85.18388
-90.22267
-76.80809
-73.65181
-76.56604
-79.40821
-84.51799
-85.05098
-86.55709
-86.48957
-87.31550
-87.39569
-88.33644
-87.99039
-87.88452
-87.02448
-87.39703
-88.32992
-87.07844
-86.25295
-84.97316
-86.27453
-87.70444
-90.15389
-80.67281
-77.21459
-78.31676
-78.32395
-79.00530
-79.34160
-79.91235
-80.09732
-80.50132
-80.69076
-81.11095
-82.73076
-82.92744
-83.53915
-83.76564
-82.96191
-81.98391
-82.74607
-82.89677
-81.53856
-81.76350
-81.94795
-82.44564
-82.17328
-82.35521
-83.23224
-83.52241
-83.58114
-82.70956
-82.92892
-82.33727
-82.67400
-83.56416
-83.82226
-83.67139
-83.21860
-83.70702
-83.38677
-86.27258
-83.69478
-80.47439
-81.12855
-80.63077
-80.72546
-80.34266
-80.18424
-80.99858
-81.00418
-81.10695
-80.96150
-80.86077
-80.82438
-80.63198
-80.71945
-81.23566
-82.07831
-85.06409
-85.86493
-87.85586
-84.86723
-77.88144
-77.94492
-78.46230
-78.70410
-79.23168
-79.81148
-80.25189
-79.98060
-81.34995
-81.62030
-82.80726
-82.78860
-83.58716
-82.68505
-82.64876
-83.45193
-83.02630
-83.55344
-82.88849
-83.14387
-83.48202
-84.61728
-85.89143
-84.27273
-83.55833
-81.69710
-81.06328
-82.00060
-82.99318
-85.20114
-84.34186
-83.49459
-82.70792
-82.16871
-82.43781
-82.22055
-82.93111
-86.33197
-83.10413
-80.75557
-80.73393
-80.34387
-80.98724
-80.38276
-80.37895
-80.70746
-81.13139
-81.08543
-80.98435
-80.71161
-80.92960
-80.60589
-80.62974
-80.91626
-81.31869
-83.53687
-86.04380
-86.39286
-88.07011
-81.08189
-76.87809
-78.94549
-78.93087
-78.34894
-78.22413
-79.36247
-82.45927
-80.06229
-78.95400
-82.62653
-84.47441
-83.41062
-83.95355
-85.38969
-83.24202
-83.23997
-83.22317
-82.72398
-84.11065
-83.73549
-81.87153
-80.70868
-83.91113
-84.11033
-85.08055
-83.79296
-84.57543
-84.17738
-83.76643
-83.01175
-81.04296
-81.28848
-84.93407
-84.94396
-81.40684
-85.43604
-84.27585
-88.11673
-84.32301
-80.57052
-80.78236
-80.72458
-80.51174
-80.33801
-81.13229
-80.99621
-81.17671
-80.85895
-80.96238
-80.63737
-80.74400
-80.34572
-80.71118
-81.27229
-82.44218
-85.49431
-86.30341
-87.67902
-84.73603
-78.46515
-77.02441
-77.10211
-77.96449
-78.73821
-78.63992
-78.42465
-78.91932
-81.51868
-86.85746
-81.74724
-81.62948
-84.92320
-80.47183
-82.90631
-83.94638
-83.93242
-82.71608
-80.62751
-81.86691
-82.43974
-80.93064
-82.36165
-84.11335
-83.13068
-83.38583
-83.70856
-84.55550
-84.36444
-84.11036
-83.87076
-83.16258
-83.48767
-84.51154
-84.12800
-84.63367
-84.65093
-84.68850
-84.82888
-81.92910
-81.38073
-81.55149
-80.42168
-81.28014
-79.70323
-79.73225
-82.44136
-81.73922
-79.12592
-81.16684
-80.98307
-79.25499
-80.72579
-79.49094
-81.25772
-81.64464
-84.92527
-85.98129
-85.68870
-80.95622
-77.06238
-78.02554
-77.89771
-79.15510
-79.68491
-80.43764
-80.61206
-81.00315
-80.91656
-81.41038
-82.64520
-83.47736
-84.43486
-84.03243
-83.45133
-82.35148
-82.38940
-82.43214
-81.77877
-81.98511
-81.94473
-82.34266
-82.24873
-82.10380
-83.32299
-82.84561
-83.26481
-82.59337
-83.11478
-82.24979
-82.56355
-83.43789
-83.79323
-83.99180
-82.77813
-83.26830
-83.26694
-86.37779
-83.84973
-81.01237
-81.06473
-80.68648
-80.62083
-80.47504
-80.12845
-80.64325
-80.85856
-81.17060
-81.06319
-80.13114
-80.89927
-80.97948
-80.62220
-80.97798
-81.13348
-83.56542
-84.80727
-86.81471
-84.73346
-77.86906
-77.41757
-78.32333
-78.78044
-79.34155
-79.85652
-80.10320
-79.88522
-80.97033
-81.46294
-82.39637
-82.80390
-83.13667
-83.02146
-83.01247
-83.08701
-83.33851
-83.09723
-80.38952
-79.63071
-79.76100
-79.53492
-81.40205
-82.39690
-84.22536
-85.60380
-84.42514
-82.59660
-81.34458
-82.03198
-83.09477
-84.67591
-84.92819
-84.42598
-84.14896
-83.21862
-82.99399
-86.77258
-83.78359
-80.96614
-81.09128
-80.73861
-81.10973
-80.37605
-80.26007
-80.42763
-80.86576
-80.75293
-80.62159
-80.56062
-80.72561
-80.32957
-80.54030
-80.69242
-80.72852
-81.58160
-83.27958
-84.73352
-86.21554
-80.65002
-76.92176
-78.92850
-78.17407
-78.29343
-78.88091
-80.41099
-82.54240
-79.09906
-79.40302
-83.24088
-82.59045
-81.92397
-82.97270
-85.90354
-86.13459
-84.32079
-84.15990
-82.00602
-81.86295
-81.20382
-81.37005
-80.95849
-84.91035
-86.88088
-85.61553
-83.30417
-82.18456
-82.36913
-82.19460
-83.01272
-82.23897
-81.97290
-85.00789
-87.18394
-81.83826
-85.86422
-86.75901
-88.03148
-84.73516
-80.66139
-81.14443
-80.41635
-80.38982
-80.54456
-81.06086
-80.78569
-80.80299
-80.69077
-80.67354
-80.44475
-80.50708
-80.08399
-80.64407
-81.02895
-80.83968
-82.86025
-83.97971
-86.23110
-83.48277
-76.98462
-75.82447
-76.60067
-78.07497
-80.01976
-81.44372
-81.46617
-82.95406
-86.83649
-82.78999
-78.70367
-81.37011
-84.13934
-81.32336
-84.16813
-84.28795
-83.71380
-82.70051
-81.13046
-82.67556
-81.76845
-80.69203
-83.06396
-84.14269
-82.70916
-83.32721
-83.60091
-84.10798
-84.60442
-84.19454
-84.14496
-83.44231
-83.45037
-84.66104
-84.29235
-85.28928
-84.92607
-85.52476
-83.65261
-79.59071
-79.12102
-79.10955
-80.00812
-80.90963
-82.19715
-81.90969
-79.97294
-79.74120
-82.40364
-80.21747
-80.24070
-81.78677
-80.28507
-82.08820
-80.64453
-83.84930
-85.49507
-86.42958
-87.20474
-84.36546
-85.42702
-86.80830
-88.62448
-89.88186
-93.54580
-95.24686
-99.09360
-100.46857
-104.58042
-105.38614
-109.58011
-110.21278
-114.09790
-114.82851
-117.33116
-119.29392
-121.21011
-125.68027
-124.68127
-140.08435
-127.73292
-142.16824
-128.83204
-137.40844
-129.10668
-137.42646
-130.37822
-138.26378
