-107.25181
-95.24926
-77.98042
-76.77150
-78.47191
-80.54522
-82.64614
-82.05173
-82.15781
-81.99883
-82.95905
-82.17228
-83.58926
-83.84489
-82.11202
-79.45801
-80.30643
-79.22407
-81.83305
-77.67976
-71.20410
-74.07747
-76.80747
-78.98618
-80.60221
-79.62171
-80.19273
-81.41089
-84.80753
-84.86394
-86.25171
-83.12888
-80.95618
-79.43703
-79.65027
-79.81588
-80.86917
-80.39753
-81.85530
-78.36983
-75.23332
-78.41985
-78.97591
-78.52076
-78.86448
-79.28093
-80.06768
-80.03274
-80.54319
-82.37427
-84.23758
-84.10105
-84.48589
-83.49996
-84.22473
-82.58702
-81.40686
-79.91985
-81.22344
-79.68341
-77.00750
-83.11803
-86.41822
-85.92269
-85.69807
-84.65587
-84.06655
-84.15933
-82.76491
-81.48840
-81.81342
-82.91403
-84.03453
-82.79876
-83.62221
-83.22725
-83.07106
-81.69453
-79.78356
-78.20622
-79.27264
-81.18726
-82.13171
-83.77822
-85.55909
-84.70245
-85.65210
-86.65596
-85.06585
-85.37409
-85.10147
-83.73446
-83.18306
-85.64865
-84.47827
-85.88169
-85.73191
-87.98049
-79.17899
-74.56483
-77.78274
-78.84241
-80.52049
-83.39314
-83.94444
-85.37316
-85.36360
-84.86982
-84.70326
-84.21950
-84.14128
-83.76117
-82.92071
-82.69981
-81.46916
-81.58294
-82.26688
-83.09791
-81.74628
-77.60874
-77.80484
-81.48801
-81.87589
-81.72622
-82.64258
-84.12908
-84.75953
-86.35642
-86.78989
-86.25478
-86.02320
-85.49777
-84.21015
-84.89611
-84.38850
-83.16593
-83.08085
-83.34027
-74.74284
-69.86714
-72.77267
-75.96620
-79.23148
-81.86589
-81.06899
-80.69257
-81.81864
-82.21776
-82.12412
-83.08319
-83.53688
-83.43133
-82.28755
-83.54834
-83.86852
-88.52023
-84.16420
-91.63928
-71.42113
-69.27079
-73.33898
-72.91171
-76.47986
-76.77894
-79.87208
-80.79238
-81.53033
-80.10977
-80.23117
-80.08434
-79.68745
-80.05341
-80.28540
-80.28404
-79.30727
-78.75417
-78.21273
-79.35854
-73.50946
-72.92771
-79.44432
-80.86816
-81.59078
-82.80603
-82.91940
-83.69347
-83.59205
-82.91527
-81.34195
-81.76802
-82.38623
-83.75032
-83.34729
-83.96205
-83.12652
-85.43033
-82.51055
-75.99056
-72.02597
-73.68129
-78.56295
-79.01126
-81.46888
-82.03843
-85.17070
-85.81850
-87.43994
-87.08782
-86.02640
-85.66739
-84.79109
-84.27443
-83.47474
-82.40473
-81.60266
-81.54442
-81.67519
-83.02345
-76.14488
-74.69746
-77.57066
-79.06271
-80.40188
-81.54880
-81.77142
-82.44363
-83.98358
-83.84981
-85.56830
-86.58158
-86.35614
-86.84452
-87.70886
-86.87227
-87.67381
-88.54987
-87.54765
-87.19476
-80.18276
-78.26617
-79.09599
-79.80534
-82.04445
-82.90609
-84.21790
-83.27135
-84.31713
-84.47963
-84.40367
-85.08278
-85.88531
-84.38010
-84.15572
-83.63134
-81.59177
-80.48051
-81.66910
-77.65651
-71.37224
-72.19543
-75.59587
-77.68961
-79.58168
-80.18053
-80.32268
-79.77212
-79.01458
-79.06512
-79.23113
-79.87707
-81.77256
-83.38661
-85.41709
-86.50909
-86.70235
-84.10809
-83.98864
-81.39533
-75.54915
-71.22022
-73.58599
-78.17528
-79.57972
-80.10691
-78.64460
-79.82687
-80.35895
-82.53383
-82.15062
-82.47442
-81.57373
-80.36781
-79.27219
-79.88372
-80.79143
-84.36511
-85.43745
-85.93588
-82.25843
-77.42801
-78.50134
-79.85247
-80.16622
-80.31270
-80.30102
-80.27362
-80.73600
-80.74318
-81.83168
-81.77376
-82.67737
-82.28045
-83.11226
-81.92012
-83.63914
-76.05678
-73.11970
-70.56650
-70.13873
-75.98179
-75.20705
-76.00870
-76.45319
-77.60047
-78.37107
-80.77813
-81.39948
-83.53224
-84.05678
-80.93912
-81.14358
-81.47520
-82.46965
-82.27682
-85.02682
-82.80922
-85.43644
-71.92164
-70.16563
-73.20767
-72.62514
-74.22334
-76.85800
-81.80357
-84.41580
-86.44559
-85.54374
-88.65030
-86.80656
-84.78258
-82.41826
-80.99245
-80.13815
-80.15386
-80.61563
-81.23662
-82.80404
-78.61414
-78.01230
-79.47445
-80.21366
-81.75995
-82.56094
-82.88162
-82.84709
-83.54631
-83.92622
-83.87477
-83.20759
-83.46665
-82.89979
-82.29844
-81.94166
-81.49196
-80.60777
-80.20762
-78.25846
-71.23002
-69.87906
-72.51904
-75.75052
-80.78391
-82.20090
-83.66853
-84.43086
-85.45110
-85.92127
-87.56870
-88.60824
-87.60016
-86.30779
-85.74135
-85.74887
-84.58986
-83.54216
-82.61362
-79.77640
-70.82861
-69.26237
-73.21420
-75.57450
-78.08517
-80.78125
-82.56837
-82.32895
-83.34556
-83.56233
-81.88402
-80.94900
-80.77673
-81.67218
-82.71772
-83.34698
-83.63722
-83.85225
-84.12972
-83.51330
-81.61647
-78.49572
-78.93098
-80.67041
-81.43866
-82.19981
-83.46428
-83.55650
-82.96688
-84.40446
-83.94086
-85.20715
-82.39354
-84.24856
-81.96392
-83.85506
-81.54710
-85.29780
-74.85957
-67.76498
-71.01419
-75.16615
-79.28586
-81.63991
-83.76524
-83.51266
-84.13833
-84.10658
-84.78914
-88.15129
-85.02066
-89.23460
-86.44983
-88.68329
-85.65255
-87.26960
-84.30861
-89.76384
-77.64393
-70.31850
-71.56178
-73.68548
-78.51942
-83.70753
-85.87314
-87.45517
-87.72027
-87.53294
-86.87603
-85.73158
-83.89925
-83.68126
-82.55350
-83.66055
-84.06539
-86.88008
-86.10790
-89.78372
-78.72600
-75.11567
-79.32412
-77.74602
-77.87753
-78.04175
-79.91418
-81.13739
-80.14543
-80.31120
-80.14291
-81.74703
-80.63847
-80.13872
-81.11906
-83.67371
-81.52598
-81.70776
-78.13962
-78.00703
-73.84423
-70.70599
-74.61578
-76.17991
-78.96383
-78.59641
-77.98804
-78.18042
-77.24548
-76.26311
-76.45521
-77.52740
-74.99131
-75.10735
-75.45608
-75.88638
-75.85609
-77.00124
-77.66622
-77.18795
-74.44099
-74.63803
-77.23152
-76.92296
-78.98805
-78.70435
-81.34936
-85.17836
-84.78404
-84.92737
-84.46316
-84.65474
-85.09283
-85.06857
-82.68673
-82.51577
-80.07300
-80.52514
-81.20554
-84.56410
-80.43385
-78.19374
-85.64989
-83.46186
-83.06988
-81.59825
-81.71354
-82.33147
-82.01987
-81.63155
-80.91151
-81.20569
-81.18475
-80.05071
-79.94526
-80.51793
-79.31980
-79.53090
-77.13732
-77.98473
-76.97749
-77.48861
-78.26705
-78.29475
-76.49071
-74.98098
-75.45075
-74.43556
-76.04793
-74.79497
-75.62306
-76.81489
-74.85570
-75.27525
-76.98262
-75.47229
-75.15647
-75.98058
-76.74090
-75.31693
-73.70122
-76.82637
-78.21129
-78.79384
-79.25165
-78.46890
-80.04747
-85.03865
-89.55484
-90.64119
-92.28447
-90.54559
-89.30636
-88.60106
-88.00133
-85.38603
-85.50028
-84.64026
-87.30655
-84.12061
-77.90161
-79.22203
-81.33399
-82.07127
-81.69266
-81.55789
-82.11666
-81.10861
-81.41600
-82.04176
-81.99093
-81.01829
-80.87844
-80.91780
-80.40021
-80.09915
-80.19679
-79.95501
-80.21490
-75.02100
-70.13815
-71.43899
-75.03326
-78.23463
-79.25619
-78.16883
-78.07323
-77.71508
-79.02941
-79.06580
-79.18327
-78.27471
-78.40825
-78.28582
-79.07577
-78.96135
-80.79283
-78.21349
-81.88719
-73.22488
-68.86431
-72.74385
-72.60538
-74.50512
-76.48725
-79.53335
-81.96429
-85.64092
-87.23334
-87.48594
-88.55433
-84.81598
-83.81754
-82.05429
-82.23904
-80.60450
-80.95039
-80.77537
-87.14294
-75.42161
-72.67061
-79.05277
-79.95729
-81.22824
-82.18355
-82.28314
-82.46102
-82.25969
-81.99203
-80.91727
-81.04976
-81.29240
-80.20611
-79.34672
-79.17703
-78.55547
-79.40683
-78.04727
-75.16072
-72.06413
-73.00919
-76.29298
-77.56762
-77.36176
-76.15945
-76.10735
-74.50526
-75.67080
-75.02013
-75.24515
-76.50542
-75.02732
-76.02882
-77.43670
-76.07795
-75.61081
-76.20264
-75.95956
-77.98014
-75.78965
-73.96876
-76.10375
-77.81896
-79.06960
-79.32996
-80.61725
-83.84763
-86.58098
-88.29903
-86.72187
-88.34807
-88.63740
-88.95665
-90.99941
-89.12402
-89.46829
-90.33332
-89.85630
-91.17565
-83.51704
-79.48578
-79.37797
-80.86934
-82.16456
-82.61994
-83.07434
-82.34148
-82.51992
-82.30036
-81.90128
-80.37900
-80.55386
-79.87847
-80.60441
-79.52834
-78.87486
-78.29136
-77.90725
-72.79618
-69.57803
-72.35635
-75.81997
-78.70494
-78.77123
-79.15950
-79.05995
-78.27136
-77.42166
-76.05345
-77.38935
-77.48086
-77.19933
-78.46802
-77.27991
-76.73414
-77.00420
-77.46541
-77.20988
-76.15237
-72.17520
-70.77353
-74.73977
-76.74259
-77.25813
-78.91765
-83.71606
-84.75903
-84.61077
-83.81297
-82.01916
-82.03836
-81.84384
-82.03671
-81.46287
-82.88011
-83.15006
-84.93295
-85.91627
-86.11466
-78.28420
-77.15282
-79.26141
-79.59987
-80.62408
-80.18977
-81.06656
-80.76359
-81.00180
-81.23710
-81.27860
-81.86071
-82.36953
-81.43953
-82.56811
-81.35409
-83.67331
-76.49636
-72.61807
-70.43716
-69.16044
-74.12038
-75.65019
-75.46968
-76.10502
-77.99991
-80.09873
-81.15719
-81.26540
-79.47217
-77.27937
-75.79479
-76.12641
-76.06294
-75.82095
-74.74710
-76.18950
-75.87467
-78.18480
-70.91675
-69.35596
-73.63733
-72.86645
-73.89399
-75.13273
-78.15754
-81.44532
-86.29415
-87.07085
-85.69055
-85.39182
-86.21847
-85.66479
-83.37466
-81.26040
-79.37300
-79.76396
-80.24714
-81.83025
-77.46149
-76.94239
-79.12884
-79.95972
-80.89396
-80.90346
-82.23230
-81.85280
-81.81566
-81.23960
-81.54981
-81.55769
-81.79967
-81.24631
-81.27727
-81.04851
-79.95645
-79.37878
-78.96440
-78.80088
-72.40598
-69.99062
-72.39490
-74.90330
-77.12986
-77.58241
-77.49393
-76.22428
-74.60146
-76.08806
-77.64097
-76.13056
-76.07633
-76.41548
-76.52063
-76.46789
-76.36396
-76.96345
-76.21143
-76.16003
-71.11663
-69.40017
-71.95586
-73.86550
-76.15286
-77.98100
-78.47659
-80.69760
-81.65770
-79.85250
-80.98057
-83.01111
-85.55925
-87.72386
-87.51657
-86.61347
-86.08528
-87.22818
-88.60006
-88.75336
-85.38455
-78.78871
-79.47702
-80.89518
-80.93916
-82.11387
-83.20578
-83.11187
-82.05755
-83.15438
-81.86157
-81.44917
-80.39246
-80.63682
-80.03511
-79.68330
-77.03157
-80.43908
-74.21541
-68.55717
-71.54739
-75.03159
-78.64076
-81.01595
-80.04001
-79.75804
-79.32978
-80.96317
-80.64516
-81.73916
-80.94507
-80.16342
-79.63267
-81.08715
-80.49095
-80.76269
-78.78165
-80.08655
-75.90037
-70.33488
-71.39257
-74.75737
-78.10023
-77.88377
-80.19317
-81.72181
-81.29453
-80.95629
-81.42043
-82.71999
-83.56567
-84.74398
-85.83834
-87.39393
-88.76667
-88.76865
-86.77121
-91.89994
-78.18166
-74.80284
-74.51422
-72.54051
-73.53992
-73.58017
-75.19629
-75.36562
-75.60995
-76.44688
-76.70585
-77.21270
-77.33593
-78.86683
-78.55144
-80.39610
-78.55240
-81.89569
-77.83251
-84.80033
-71.48733
-67.53618
-74.96797
-75.18865
-78.06439
-78.88577
-80.91645
-82.37026
-83.11117
-82.99841
-82.06597
-82.38994
-80.71320
-81.67224
-83.18596
-83.16413
-83.39215
-82.70988
-82.72890
-81.14546
-79.12066
-70.70215
-70.09796
-77.22745
-77.31713
-80.93863
-78.73134
-79.37517
-80.70661
-81.79385
-81.93796
-81.69614
-80.77481
-80.98112
-79.98816
-80.63323
-81.97919
-78.11596
-82.42188
-85.05073
-81.15000
-75.50581
-72.96357
-73.11030
-73.85728
-74.69852
-75.73492
-75.77520
-76.55516
-76.37991
-77.71071
-77.27343
-78.60019
-77.96669
-79.47159
-78.56584
-79.47947
-79.64672
-80.80268
-80.34295
-69.32242
-72.48211
-74.87433
-74.62197
-78.51775
-78.36906
-80.62513
-79.98844
-83.56995
-82.29499
-81.87024
-82.27178
-81.62599
-81.74409
-81.83547
-82.40845
-81.94005
-82.22405
-81.16350
-89.28188
-76.76758
-68.41621
-71.26500
-73.86165
-74.83218
-76.23134
-77.63070
-80.21806
-80.37182
-81.63276
-80.63721
-80.71499
-80.06060
-80.54007
-79.60555
-82.14869
-79.23241
-78.88590
-83.71412
-83.29446
-84.09437
-76.35370
-72.61912
-74.76803
-74.49828
-75.12274
-74.68678
-75.81433
-77.99788
-76.22719
-75.21546
-79.89262
-80.20767
-79.44267
-80.30946
-80.41448
-80.16136
-79.46103
-81.57613
-69.79724
-70.83058
-75.04086
-74.62175
-78.41727
-81.79815
-83.49228
-83.75052
-81.95698
-81.48495
-81.63297
-81.46465
-81.63676
-79.72473
-80.08898
-83.14427
-84.31398
-79.89634
-86.26851
-83.81802
-83.05141
-69.84376
-70.30395
-79.21129
-77.45486
-78.79797
-78.56184
-80.82198
-79.84236
-81.97159
-80.57158
-80.58746
-79.97320
-79.79000
-79.14553
-80.06602
-77.89364
-81.72307
-85.14982
-83.71786
-83.24222
-76.51007
-73.67099
-72.99634
-73.47501
-74.44220
-75.45062
-75.13176
-75.06330
-74.63387
-78.66655
-81.82231
-77.83862
-77.86987
-82.23346
-76.84081
-79.62188
-79.21341
-82.33305
-77.94109
-69.01853
-73.53040
-75.50881
-73.89696
-76.19088
-78.37950
-81.97111
-82.07936
-82.95006
-82.13526
-83.19744
-82.62060
-83.25528
-81.52796
-81.75368
-84.46758
-82.55422
-85.44589
-81.16392
-86.04420
-74.00895
-69.80266
-73.69678
-73.26390
-76.33323
-76.60102
-76.60704
-78.69682
-82.21714
-80.34064
-77.71024
-81.34775
-79.17712
-78.28898
-78.60386
-79.19320
-77.55420
-78.73500
-84.56816
-82.96768
-83.10012
-76.07831
-73.12075
-73.97557
-73.67999
-75.16679
-75.36070
-76.56369
-76.88145
-77.20972
-77.53198
-77.79414
-78.59595
-79.25434
-79.89590
-79.27690
-79.95966
-78.73678
-81.82540
-72.81031
-68.72959
-72.88678
-74.16797
-76.16673
-77.63885
-80.20377
-82.38035
-81.84078
-83.40818
-81.61336
-82.70474
-79.97414
-82.25914
-81.81903
-84.43060
-81.66191
-84.99201
-80.09404
-85.60795
-74.46481
-69.01022
-75.44105
-76.66255
-78.81040
-78.13711
-79.05541
-80.63110
-80.46677
-80.88133
-80.27969
-80.45182
-79.34583
-80.64299
-80.44386
-80.94778
-80.51797
-78.08166
-80.37702
-83.50758
-85.37839
-77.88153
-72.29026
-72.45348
-73.47150
-73.95333
-74.98599
-75.78037
-76.74387
-76.97673
-77.60973
-77.71162
-77.71462
-79.12678
-79.46857
-79.60863
-78.88302
-80.09472
-78.31298
-81.99735
-72.01436
-70.02412
-74.90594
-74.20316
-76.68146
-78.15051
-78.13456
-79.23218
-80.75073
-83.72962
-84.87565
-83.42305
-80.94532
-79.96694
-79.43572
-81.86484
-81.60858
-84.04990
-83.08711
-83.80822
-82.94585
-69.61046
-70.72760
-72.06858
-73.18089
-76.60211
-75.99329
-78.86379
-78.03671
-79.42930
-78.66694
-81.06262
-79.62404
-81.31728
-79.54546
-80.58072
-78.33750
-77.38072
-81.07268
-83.95147
-86.19081
-76.44157
-73.29565
-73.39464
-73.60561
-74.19355
-75.24503
-76.37224
-75.56518
-77.35945
-77.31462
-77.23233
-79.03882
-81.29979
-80.11676
-78.19609
-78.91468
-77.68512
-85.07794
-72.35004
-68.76872
-71.55443
-73.79367
-76.07990
-77.81953
-82.79825
-81.42393
-79.96789
-81.74572
-83.09072
-82.75390
-81.30826
-80.85834
-80.51916
-84.41185
-84.30697
-84.07371
-81.31785
-79.52632
-82.89448
-69.38911
-69.43794
-76.33940
-76.75203
-79.21175
-78.93527
-79.55833
-78.35975
-79.05504
-78.27167
-80.17834
-79.61046
-80.17369
-79.97541
-79.48954
-79.17635
-76.71932
-78.59002
-81.33379
-84.88714
-77.93146
-72.92341
-72.81948
-72.84807
-72.94605
-74.59133
-75.38312
-76.52201
-75.98415
-76.04990
-77.00928
-79.45582
-79.38523
-80.20503
-78.33507
-77.48385
-80.07225
-77.83714
-79.13868
-70.48004
-70.71822
-74.08994
-71.71280
-75.04006
-77.47126
-80.20274
-81.02506
-81.27606
-79.35477
-78.95134
-80.36921
-79.36271
-80.82019
-80.85832
-83.47258
-80.29755
-81.59492
-78.55886
-83.90995
-75.66165
-69.59110
-73.03047
-70.28688
-72.99131
-75.70042
-76.18113
-79.23188
-80.11800
-81.25132
-80.36045
-81.96079
-80.40607
-83.42717
-82.49646
-84.82258
-79.76424
-79.51083
-82.95118
-82.49416
-82.77100
-75.87162
-72.68928
-72.48422
-71.89174
-72.90019
-74.23169
-75.07575
-75.84421
-76.64985
-77.29437
-76.36842
-77.46347
-77.75418
-77.39635
-78.43443
-79.08669
-78.18167
-77.91489
-71.46783
-67.39802
-68.09586
-69.24267
-72.93171
-76.22244
-78.88986
-79.03703
-78.44815
-79.70753
-77.73246
-78.87692
-79.23130
-82.84932
-83.78419
-84.75675
-81.41292
-82.11931
-79.77222
-83.10376
-77.36806
-68.64006
-67.66975
-70.69773
-71.21527
-71.10364
-75.38751
-74.71750
-76.82079
-79.22163
-79.40258
-79.54755
-79.04893
-78.94392
-78.32202
-79.12922
-76.69985
-78.73685
-83.01606
-82.40474
-84.25761
-77.84987
-72.09943
-73.14322
-74.03422
-74.24294
-75.84293
-75.44916
-76.34702
-76.29946
-77.22824
-76.76802
-78.41132
-78.37682
-79.96403
-79.84851
-79.97871
-78.90802
-79.30087
-79.06923
-70.16137
-73.01002
-73.46945
-68.76408
-70.23573
-73.37344
-75.70534
-78.38593
-81.52411
-79.87438
-81.35305
-80.33905
-81.61986
-79.77374
-79.31943
-82.67155
-81.37742
-83.83010
-79.99752
-87.65732
-71.97742
-70.28604
-77.43723
-70.92835
-70.26092
-72.52359
-74.06783
-73.48830
-76.59797
-78.13883
-79.71603
-78.41836
-78.18904
-81.11789
-78.94379
-77.77440
-77.37937
-78.02405
-80.24214
-81.97151
-82.00698
-76.35826
-72.85971
-75.84650
-73.24780
-74.40344
-74.92595
-76.77495
-78.91397
-75.69413
-75.53814
-78.18641
-80.83973
-78.31902
-79.18462
-79.96382
-82.17442
-78.46150
-83.12405
-72.08321
-68.31678
-68.38215
-68.05696
-74.76799
-77.05377
-79.03446
-80.19301
-79.88766
-78.67970
-76.67809
-78.17465
-79.67174
-84.04420
-82.01681
-82.86535
-78.60366
-84.71095
-79.85404
-80.66671
-79.11891
-67.68695
-67.38040
-69.49378
-70.00512
-72.17338
-76.17173
-76.56803
-77.89635
-79.33778
-79.58287
-81.03954
-80.25638
-80.73111
-79.77894
-80.28700
-77.56146
-77.47386
-81.88295
-83.39537
-82.77061
-74.36086
-69.54019
-71.98344
-75.30329
-74.36570
-74.33642
-73.65109
-74.87815
-77.24758
-79.34277
-77.10565
-77.93946
-77.76866
-77.30965
-79.66670
-80.50934
-76.25215
-79.74311
-78.75716
-69.39725
-73.42843
-70.23593
-67.92031
-71.32102
-73.69079
-77.41788
-77.87139
-79.39508
-79.19464
-82.10734
-82.03215
-83.24818
-82.01220
-81.62571
-80.68146
-81.73563
-80.88098
-82.34676
-80.11334
-74.06699
-70.52473
-68.52828
-66.80944
-68.14345
-72.72782
-73.82818
-76.07590
-77.87604
-79.36116
-78.45586
-78.65497
-79.66844
-79.24045
-79.83724
-77.81484
-77.78116
-81.57738
-81.24765
-81.69087
-81.47281
-78.74412
-77.85937
-78.73787
-80.61864
-80.53548
-81.96883
-82.29870
-82.44084
-83.55351
-84.11148
-83.99500
-86.80559
-87.16784
-88.96401
-87.64836
-86.39507
-82.08979
-86.95941
-75.33478
-67.69106
-69.18303
-72.74940
-76.88739
-77.15355
-79.12375
-80.10549
-81.10786
-81.93293
-81.49349
-82.25846
-81.09592
-82.69661
-81.01957
-83.16386
-80.63728
-84.13985
-79.85027
-89.68008
-75.40012
-69.79188
-72.68162
-72.41971
-75.46120
-77.26897
-79.21767
-78.77404
-79.37945
-80.07903
-80.28550
-80.44062
-80.60018
-80.70951
-80.56079
-80.35709
-80.93392
-78.47601
-79.84469
-86.95626
-87.01142
-85.46243
-78.12757
-77.90241
-79.74335
-79.94315
-79.48471
-80.36168
-81.74894
-84.13019
-84.83038
-83.92967
-84.24645
-86.14699
-88.63707
-89.69691
-88.88602
-83.43302
-84.53727
-80.29758
-72.36860
-71.90577
-77.15590
-73.27199
-73.62191
-77.00497
-77.60571
-79.67834
-80.04767
-81.47365
-80.74381
-82.21795
-80.66226
-82.23068
-80.65338
-82.65276
-80.45783
-83.18998
-80.25744
-90.45839
-76.60948
-69.02711
-74.86081
-73.52793
-73.94097
-76.83778
-78.07727
-76.87834
-77.84909
-80.00370
-79.08955
-80.52489
-80.23783
-80.26491
-80.59958
-78.56854
-77.68729
-81.27552
-82.63909
-86.50886
-88.13203
-84.75050
-81.99459
-80.99239
-79.99333
-81.95032
-82.98712
-83.39690
-82.94005
-82.77129
-83.00432
-83.81070
-85.41260
-85.90042
-86.95356
-88.10533
-83.24219
-83.72961
-82.25019
-75.01589
-69.59147
-68.05602
-69.57883
-73.42125
-77.44236
-79.38172
-81.93825
-81.34226
-82.76196
-81.54277
-83.07034
-81.38267
-83.51695
-81.34873
-83.59515
-81.25127
-84.17572
-80.73961
-87.39749
-78.21946
-69.47008
-72.28663
-69.21296
-71.69219
-75.46108
-75.78212
-78.60946
-78.66436
-79.40848
-78.39693
-79.21507
-78.51214
-79.09778
-78.48809
-79.14703
-78.76534
-77.33236
-81.03524
-86.01104
-86.95152
-88.56956
-80.82612
-77.60825
-78.51473
-80.98643
-80.43021
-81.28360
-81.34562
-81.51516
-81.56616
-82.70279
-82.49368
-84.42353
-85.89487
-87.86114
-84.54435
-82.55524
-82.89389
-82.75591
-80.29093
-71.56559
-68.93871
-69.84629
-73.05335
-76.60860
-78.88168
-80.44788
-80.53969
-80.87186
-80.65023
-80.75312
-80.79509
-80.83257
-80.87038
-80.60462
-80.99102
-80.66910
-82.43974
-84.58465
-82.22548
-71.71427
-67.88680
-69.59294
-72.22952
-74.67930
-75.62079
-77.71356
-78.20162
-78.06509
-78.40608
-78.56391
-78.47609
-78.54500
-78.49298
-78.43645
-79.15231
-82.15471
-84.14908
-87.95644
-85.07463
-78.03416
-77.27095
-76.56213
-77.55497
-77.58101
-78.41078
-78.70891
-78.19172
-77.07428
-76.38783
-77.88480
-79.08345
-80.23802
-80.98597
-80.60074
-78.94529
-78.77142
-79.49646
-73.93007
-67.89976
-70.25816
-74.62880
-75.50346
-78.44340
-79.04363
-80.81342
-81.73431
-82.65782
-80.18103
-81.08747
-80.60955
-85.01736
-82.06645
-80.24368
-78.45875
-81.21828
-80.82084
-84.77252
-74.15822
-67.96594
-73.75615
-74.96504
-75.91319
-78.39790
-78.29528
-79.00423
-78.52305
-79.06825
-78.91573
-80.96057
-79.52984
-83.53512
-76.73905
-73.01362
-74.02951
-74.17930
-78.50732
-79.84965
-77.98416
-76.61826
-77.47509
-78.83055
-77.70318
-77.92118
-79.22094
-78.68332
-79.27567
-79.88182
-81.94980
-81.47077
-80.20480
-78.75598
-77.66354
-79.91845
-80.97923
-82.86814
-78.76930
-79.18795
-70.43284
-71.87167
-78.92990
-78.01560
-80.35997
-77.22559
-77.57703
-78.23035
-81.24571
-81.34991
-81.21248
-80.60086
-79.19597
-78.85088
-79.90619
-79.84886
-81.24016
-81.51668
-82.21398
-78.00865
-73.94673
-69.41690
-72.35786
-76.39244
-76.69854
-79.90863
-77.64640
-79.06740
-78.40872
-80.01554
-79.97195
-79.90920
-79.73834
-81.11220
-75.91749
-76.12197
-75.48334
-75.05537
-77.31374
-77.33078
-76.19723
-76.10286
-77.73017
-78.10059
-78.99689
-78.74342
-78.56495
-77.68053
-77.95173
-77.80446
-78.01038
-77.15695
-77.25450
-78.22195
-79.18089
-77.83599
-77.08181
-76.54273
-78.11543
-71.10712
-67.10246
-71.33246
-74.62789
-75.24885
-77.55737
-79.12861
-79.64146
-79.67669
-78.64886
-77.25993
-78.43557
-79.52680
-84.72058
-81.69296
-78.43355
-76.33115
-78.72677
-79.69876
-84.27267
-70.93938
-66.01464
-71.10599
-73.79524
-76.60171
-77.82299
-79.86562
-81.05855
-82.11176
-85.39765
-83.85015
-84.90780
-84.27318
-86.01861
-83.70037
-84.97612
-81.33462
-77.96699
-82.37151
-86.32610
-73.57465
-73.77439
-78.07152
-77.31779
-77.28910
-78.04723
-79.81253
-78.61093
-79.11542
-78.82951
-80.72681
-80.15049
-80.98689
-79.47985
-78.68454
-79.36290
-80.80265
-81.63630
-79.44077
-78.57761
-69.20493
-68.52508
-74.47599
-76.23601
-78.55191
-77.66783
-78.01269
-79.12509
-79.91190
-80.75364
-80.48125
-80.46032
-78.98995
-79.33772
-79.46410
-79.57827
-79.36349
-82.40372
-79.82363
-84.85529
-73.25645
-68.85010
-75.08602
-76.62510
-78.32689
-78.27141
-78.68582
-79.65617
-81.67597
-84.08812
-84.05719
-82.95927
-81.67120
-80.89254
-76.36066
-76.43285
-75.07202
-76.31435
-76.73001
-77.58898
-78.08212
-77.58156
-77.85317
-77.16255
-79.17113
-79.05037
-77.79329
-77.08801
-77.56643
-77.04155
-78.01043
-79.82248
-79.07325
-77.28311
-76.60637
-76.24261
-79.91193
-80.16420
-81.28541
-75.30974
-69.40808
-74.19082
-80.21422
-81.13425
-81.35602
-78.58947
-78.01118
-77.53746
-80.10832
-80.65753
-84.58780
-80.48859
-78.80845
-78.72920
-79.36772
-79.23993
-79.07783
-79.71560
-79.63880
-77.58722
-70.31581
-74.29055
-81.16283
-78.32611
-78.71534
-77.78730
-78.52345
-77.76093
-78.57443
-77.81350
-78.59247
-77.31443
-79.70437
-78.20554
-75.36672
-74.12388
-75.53431
-77.08291
-74.43988
-75.49508
-75.60437
-75.74627
-77.42187
-77.98082
-78.14965
-79.52841
-78.57866
-79.54543
-78.73243
-76.79177
-76.83548
-79.36034
-78.51780
-78.06279
-80.35979
-80.13422
-82.66436
-75.95437
-72.70191
-67.44851
-67.06196
-72.97147
-73.85619
-73.67540
-73.11060
-73.53194
-73.97283
-77.13561
-79.82927
-78.05597
-77.57039
-78.27384
-80.28295
-78.35292
-79.02337
-77.94697
-79.34518
-79.10505
-82.01674
-70.18386
-66.76212
-70.96759
-71.26368
-74.47714
-73.83741
-74.89393
-75.47119
-75.42080
-79.40077
-80.25584
-77.89688
-74.97821
-76.26577
-75.79047
-73.91829
-72.44242
-76.39182
-76.88570
-77.40930
-77.48380
-73.20521
-73.73456
-75.17301
-77.13751
-77.64867
-78.85394
-79.22971
-74.65469
-73.40815
-74.92518
-75.84571
-75.98305
-77.35788
-82.82989
-82.18901
-81.08434
-78.54766
-82.92359
-75.37047
-67.52403
-70.54542
-74.03614
-75.42465
-76.47554
-74.59101
-75.14942
-75.30147
-73.99183
-75.26108
-78.94346
-80.74710
-82.18159
-80.17406
-81.74775
-77.24598
-81.28898
-80.08785
-87.18028
-72.76628
-65.99101
-70.87239
-73.39864
-75.78167
-78.20316
-79.90044
-80.91310
-81.50066
-85.64011
-84.80354
-86.44347
-82.68167
-85.01371
-77.42451
-75.31285
-75.99455
-75.58119
-74.92006
-75.39195
-75.44379
-73.22389
-75.49862
-77.90747
-78.71134
-80.12789
-80.40309
-80.93385
-81.03949
-80.97925
-80.60448
-80.13364
-79.61233
-79.78819
-79.98627
-81.11025
-83.65742
-82.59021
-82.65337
-71.32882
-68.24301
-72.19318
-76.19147
-81.04472
-80.99048
-81.13135
-80.04792
-82.65380
-84.81243
-84.43593
-83.20007
-83.84969
-83.26595
-82.28354
-84.98487
-83.32625
-82.61925
-81.29237
-86.25896
-73.22357
-69.96026
-72.72351
-75.55912
-80.57090
-81.10911
-82.57838
-82.55353
-83.34639
-83.44850
-84.36629
-84.05742
-83.90541
-83.10908
-83.58629
-84.50469
-83.16799
-82.29158
-81.02888
-82.32336
-83.73657
-86.19296
-76.70858
-73.24335
-74.34935
-74.35291
-75.03941
-75.37668
-75.94535
-76.13235
-76.54546
-76.72918
-77.14725
-78.77300
-78.98796
-79.60324
-79.83477
-79.01573
-78.02832
-78.79550
-78.96301
-77.59404
-77.83096
-78.01187
-78.49795
-78.24635
-78.41633
-79.31618
-79.59611
-79.67598
-78.78528
-78.99148
-78.39845
-78.75309
-79.64347
-79.88659
-79.74468
-79.27557
-79.80462
-79.46761
-82.41412
-79.79863
-76.52596
-77.19038
-76.69768
-76.79079
-76.39976
-76.22996
-77.03365
-77.04011
-77.14367
-76.99844
-76.89299
-76.86076
-76.66084
-76.75270
-77.27244
-78.11609
-81.10844
-81.90336
-83.88596
-80.90028
-73.90748
-73.97247
-74.49596
-74.73303
-75.26005
-75.84430
-76.28754
-76.01498
-77.39384
-77.66210
-78.86188
-78.83345
-79.62546
-78.72020
-78.68728
-79.50753
-79.08954
-79.62655
-78.94882
-79.21303
-79.53584
-80.71082
-82.03179
-80.36623
-79.61783
-77.73325
-77.10446
-78.04035
-79.04340
-81.28559
-80.42221
-79.55747
-78.76740
-78.22172
-78.48988
-78.28300
-79.00228
-82.43872
-79.16555
-76.79945
-76.79319
-76.39633
-77.03775
-76.42929
-76.43228
-76.75196
-77.16779
-77.12277
-77.01834
-76.74669
-76.96130
-76.63738
-76.65923
-76.94960
-77.35324
-79.57341
-82.08464
-82.42287
-84.10185
-77.11038
-72.89676
-74.96908
-74.95801
-74.37113
-74.25039
-75.39588
-78.50346
-76.09419
-74.97855
-78.67986
-80.53184
-79.44865
-79.99748
-81.44362
-79.29586
-79.28118
-79.27383
-78.78772
-80.18058
-79.79654
-77.91008
-76.74659
-79.98233
-80.19300
-81.19585
-79.85687
-80.62953
-80.23879
-79.80642
-79.05429
-77.09467
-77.31686
-80.99786
-81.03544
-77.43271
-81.50196
-80.32332
-84.24149
-80.42267
-76.62231
-76.82914
-76.76061
-76.55133
-76.37476
-77.17464
-77.03209
-77.21249
-76.89509
-76.99415
-76.66826
-76.77520
-76.37364
-76.74291
-77.30647
-78.47514
-81.53028
-82.34311
-83.71928
-80.75837
-74.47753
-73.03823
-73.11426
-73.97588
-74.74779
-74.64890
-74.43275
-74.93825
-77.54178
-82.92290
-77.78981
-77.65109
-80.96649
-76.48835
-78.93906
-79.99742
-79.98768
-78.76535
-76.65812
-77.92046
-78.49156
-76.95059
-78.41254
-80.17881
-79.18589
-79.44407
-79.76061
-80.61482
-80.41549
-80.16356
-79.91754
-79.20714
-79.53533
-80.58570
-80.19196
-80.70552
-80.72956
-80.76061
-80.89355
-77.98120
-77.43338
-77.59332
-76.46135
-77.31689
-75.73706
-75.76369
-78.47894
-77.76856
-75.15904
-77.20102
-77.01052
-75.28498
-76.75387
-75.52401
-77.28780
-77.67557
-80.96295
-82.02682
-81.71738
-76.99030
-73.09755
-74.05841
-73.92868
-75.19136
-75.72144
-76.47401
-76.66277
-77.05425
-76.96924
-77.45696
-78.69153
-79.52015
-80.49371
-80.08813
-79.51490
-78.41943
-78.45427
-78.49731
-77.82635
-78.05057
-78.01189
-78.40138
-78.31287
-78.15935
-79.39499
-78.92972
-79.34243
-78.66922
-79.17696
-78.31345
-78.64199
-79.51398
-79.85269
-80.06379
-78.86507
-79.36510
-79.35223
-82.45829
-79.90262
-77.04593
-77.10543
-76.72453
-76.66291
-76.51565
-76.16581
-76.68303
-76.89987
-77.20935
-77.10552
-76.18675
-76.95074
-77.02246
-76.66607
-77.03069
-77.18571
-79.62752
-80.87779
-82.90698
-80.82922
-73.90515
-73.44703
-74.35159
-74.80872
-75.37721
-75.88497
-76.13894
-75.91741
-77.01235
-77.49824
-78.44811
-78.86481
-79.17864
-79.06482
-79.05743
-79.13627
-79.40311
-79.16414
-76.43321
-75.66785
-75.79585
-75.56109
-77.43647
-78.44977
-80.29145
-81.72858
-80.51594
-78.65778
-77.38129
-78.08266
-79.16439
-80.74855
-81.01844
-80.50355
-80.22737
-79.28965
-79.07549
-82.88159
-79.84847
-77.00922
-77.14215
-76.78478
-77.15815
-76.41574
-76.30023
-76.46965
-76.91140
-76.80196
-76.66125
-76.59722
-76.76240
-76.37181
-76.57316
-76.73192
-76.78067
-77.63017
-79.34900
-80.80729
-82.27466
-76.68543
-72.94281
-74.95139
-74.19874
-74.31390
-74.90215
-76.44431
-78.58311
-75.12889
-75.42239
-79.28936
-78.64031
-77.94693
-79.01190
-81.94789
-82.21699
-80.38252
-80.22793
-78.07884
-77.92435
-77.29959
-77.43220
-76.99527
-80.98699
-82.95802
-81.71130
-79.36193
-78.23053
-78.40874
-78.22653
-79.05305
-78.28420
-78.00550
-81.08069
-83.30102
-77.88209
-81.94497
-82.83820
-84.15619
-80.80330
-76.70077
-77.19236
-76.45000
-76.42816
-76.59154
-77.11006
-76.82785
-76.84864
-76.73899
-76.72430
-76.48613
-76.55308
-76.12970
-76.68549
-77.08269
-76.88341
-78.91847
-80.07138
-82.31703
-79.53667
-73.00768
-71.83651
-72.60477
-74.08182
-76.02609
-77.45694
-77.48686
-78.96884
-82.89777
-78.82783
-74.70904
-77.37286
-80.15974
-77.32907
-80.18842
-80.32407
-79.74730
-78.72953
-77.15166
-78.70864
-77.79467
-76.70641
-79.08826
-80.17530
-78.72991
-79.35742
-79.63227
-80.14511
-80.63990
-80.22506
-80.17935
-79.46668
-79.47625
-80.69348
-80.31832
-81.32028
-80.96535
-81.55110
-79.67865
-75.61787
-75.14844
-75.13397
-76.03479
-76.94520
-78.23575
-77.94699
-76.00525
-75.77721
-78.43888
-76.25001
-76.27505
-77.82093
-76.31339
-78.11961
-76.67677
-79.88204
-81.53094
-82.46947
-83.24283
-80.37856
-81.43464
-82.81413
-84.63096
-85.88987
-89.55541
-91.27276
-95.12144
-96.50997
-100.63085
-101.45606
-105.66952
-106.29307
-110.19454
-110.92996
-113.44068
-115.42625
-117.36345
-121.88906
-120.85756
-137.16114
-124.04940
-136.24354
-125.37600
-132.11354
-125.75173
-132.00653
-126.94361
-132.83759
