-86.33205
-74.69075
-55.48706
-54.32543
-55.55514
-57.04572
-59.24679
-58.84666
-58.67325
-58.70635
-59.70583
-59.34427
-60.32999
-61.15298
-59.47361
-56.99458
-57.12366
-56.93889
-58.05461
-58.11177
-54.58192
-55.75233
-58.44091
-59.56554
-58.57272
-57.07258
-57.47426
-59.17124
-61.91012
-63.01564
-63.88295
-61.32550
-58.45221
-57.16890
-56.89912
-57.79372
-58.14178
-58.25225
-58.46176
-58.72726
-60.16795
-59.10945
-57.55480
-56.50579
-56.24261
-56.85153
-57.33098
-57.26157
-57.68451
-59.77187
-61.51588
-61.99008
-61.93568
-61.45264
-61.59363
-60.10224
-58.60990
-57.55098
-58.17528
-58.22760
-57.03861
-60.47402
-63.28629
-63.16023
-62.50642
-61.89651
-60.86020
-61.11629
-59.86680
-58.61769
-58.86378
-60.08148
-60.99061
-59.94405
-60.62947
-60.83947
-60.00748
-60.57761
-61.26049
-60.22089
-59.42750
-59.43090
-59.78037
-61.56274
-64.24497
-62.36748
-63.53844
-65.07842
-63.45847
-62.90271
-63.91603
-61.82264
-61.80678
-63.34009
-63.00874
-62.73350
-64.16840
-63.00842
-61.47407
-61.54481
-58.27548
-58.30085
-58.99582
-61.24727
-62.07243
-62.86685
-62.78740
-61.63414
-62.25895
-61.14199
-61.42939
-60.54712
-60.08152
-59.63327
-58.88394
-58.45164
-59.62357
-59.80288
-60.34329
-56.93283
-55.57645
-59.68349
-59.83877
-59.64510
-60.43014
-61.92464
-62.54894
-64.38022
-64.83788
-63.25405
-63.94817
-63.54297
-61.77003
-63.12173
-62.30197
-60.74621
-61.04177
-60.89096
-62.00120
-57.15959
-55.69389
-56.05341
-59.27468
-60.86044
-58.28516
-58.16351
-59.09624
-59.74578
-59.60086
-60.75603
-61.46918
-61.11774
-60.27219
-60.75981
-62.44490
-64.63234
-64.12663
-64.24150
-60.16945
-57.23266
-53.82565
-54.01929
-55.76715
-56.17666
-58.13340
-59.07542
-59.05565
-57.98673
-57.72484
-57.76959
-57.20864
-57.38921
-58.07359
-57.77501
-57.09502
-55.87030
-56.01399
-56.14325
-58.85765
-56.82822
-56.59552
-58.82119
-58.41039
-60.31983
-60.55822
-61.57966
-61.13365
-60.39599
-59.14519
-58.96699
-59.88543
-60.54050
-60.69731
-60.59438
-60.93258
-61.72262
-61.74406
-61.54548
-59.86283
-61.70816
-63.65544
-62.09544
-62.26761
-62.63527
-63.47546
-63.65202
-64.88021
-64.48752
-63.52187
-62.82699
-61.93567
-60.81942
-60.26067
-59.02831
-58.49122
-57.83977
-58.62438
-59.37230
-60.06473
-59.16286
-58.24796
-59.93641
-59.02641
-60.13368
-59.66711
-59.89520
-60.76521
-60.55927
-62.24283
-63.36822
-63.02269
-63.21540
-64.68135
-65.44429
-65.92845
-65.50308
-65.02235
-63.72623
-64.28713
-58.57973
-55.58815
-57.17457
-58.80129
-60.49068
-61.48950
-60.86653
-61.60076
-62.04462
-61.96568
-63.09448
-64.17520
-63.10712
-61.98639
-61.44213
-59.16415
-58.23128
-58.87299
-58.26273
-56.38549
-56.56493
-56.48187
-56.39225
-57.51139
-57.95766
-57.90551
-57.36940
-56.65946
-56.74990
-56.69556
-57.38560
-59.13459
-60.86086
-62.78559
-64.33771
-64.10427
-61.96723
-61.55301
-61.01495
-61.69252
-59.37459
-59.43829
-60.34616
-59.63197
-57.98206
-56.34373
-57.12178
-58.07857
-60.04866
-60.17057
-60.38131
-59.44584
-57.71197
-56.71913
-57.14523
-58.29841
-61.91738
-63.24861
-63.55494
-60.51084
-55.36269
-55.74929
-56.77367
-57.12540
-56.64217
-56.60812
-56.66091
-56.92444
-57.11029
-57.99762
-58.27612
-58.56071
-59.41526
-58.99006
-59.62644
-58.86279
-58.67692
-57.23652
-55.16350
-55.30946
-55.58367
-53.49683
-53.06382
-54.05846
-54.77983
-55.95960
-58.06163
-58.90144
-61.23614
-61.48376
-58.18888
-58.22532
-59.16714
-59.37670
-59.86980
-61.57655
-61.22512
-61.76091
-58.61606
-55.45786
-52.95371
-50.90854
-51.30267
-54.39734
-58.81156
-62.15339
-63.28307
-63.53781
-66.00067
-64.12523
-61.80552
-59.45927
-57.77168
-57.26752
-57.31237
-57.63735
-58.47553
-59.98236
-60.27358
-59.55245
-60.28412
-60.34383
-60.21325
-61.22951
-61.63409
-61.81827
-61.84223
-62.40998
-61.61202
-61.77902
-61.68786
-60.58643
-59.51629
-59.47221
-58.96865
-58.13737
-57.79353
-56.43892
-56.05015
-56.17392
-58.60652
-60.85394
-61.30413
-61.44123
-61.14928
-62.80497
-63.35700
-65.16006
-66.83257
-68.74996
-66.73876
-65.70101
-65.68188
-64.66228
-62.77447
-60.98105
-60.15401
-59.49312
-59.72202
-57.36013
-57.63407
-58.26804
-58.66900
-61.28102
-60.85239
-60.13147
-60.80790
-60.93448
-59.11771
-58.22542
-58.01470
-58.80548
-60.27774
-61.00486
-61.12128
-61.39044
-61.67723
-61.15880
-60.55596
-58.79348
-58.30439
-59.30588
-59.75235
-60.67400
-62.64485
-61.42988
-60.34328
-61.45483
-61.88013
-62.09936
-60.55812
-60.84533
-59.07954
-59.56728
-59.21677
-59.86517
-57.46322
-52.41478
-54.11240
-56.90354
-58.12718
-60.42159
-61.49294
-60.40367
-61.66326
-60.46850
-61.96847
-64.55360
-63.12251
-65.43842
-64.18363
-64.11518
-63.74539
-62.84463
-63.03940
-62.25170
-63.17841
-58.84241
-53.56703
-53.89834
-57.52540
-62.71480
-63.58770
-64.64720
-64.76830
-64.43895
-63.60554
-62.12177
-60.39203
-59.77954
-59.49107
-60.30994
-61.50929
-63.15721
-64.29932
-64.97679
-65.23965
-58.25162
-57.56108
-55.77149
-55.27125
-55.32576
-56.66996
-57.82822
-57.38317
-57.48700
-57.67354
-60.00914
-59.30446
-58.84206
-61.27645
-63.69077
-59.98452
-60.99516
-60.27635
-60.87158
-58.21310
-54.66709
-56.91761
-58.24504
-60.46891
-60.47660
-58.84483
-61.95865
-60.93744
-58.64996
-58.28307
-57.30757
-55.47833
-54.40079
-54.49484
-54.94209
-55.47319
-58.01278
-62.21345
-60.27277
-60.71339
-60.56598
-56.95581
-56.10227
-57.88671
-60.68521
-65.41759
-65.22858
-62.42781
-62.11268
-61.57851
-62.06070
-62.69720
-63.28879
-61.24567
-60.46089
-57.82008
-57.94003
-58.82785
-61.78271
-60.57189
-58.04832
-64.08863
-63.98780
-63.29370
-61.16191
-61.75783
-61.82404
-61.17607
-62.07360
-61.14652
-62.02184
-60.88382
-60.42631
-60.89724
-62.59893
-61.61193
-60.41207
-60.06882
-60.01425
-59.72865
-58.00942
-56.79617
-56.59621
-56.86966
-56.73277
-57.32482
-57.97291
-58.23980
-58.04441
-58.79540
-59.43304
-58.15880
-57.65921
-58.47401
-60.09445
-60.08022
-61.47371
-60.07263
-59.56177
-59.96314
-57.40485
-57.16168
-57.50263
-58.89736
-59.50438
-59.99244
-63.51454
-68.10699
-68.83996
-71.00441
-69.83238
-67.34074
-66.86778
-65.71374
-64.10668
-63.24831
-62.72120
-63.81358
-63.28326
-57.32784
-57.06990
-60.41148
-60.96733
-59.92142
-59.84787
-60.48473
-59.29514
-59.59930
-60.70104
-60.45605
-59.35075
-58.91021
-59.36536
-58.99255
-58.81630
-58.12365
-59.09291
-58.67346
-59.10743
-58.13049
-54.68048
-55.20213
-59.06197
-59.35294
-57.35515
-57.79094
-58.13194
-58.67627
-58.60937
-59.06021
-58.05535
-57.61516
-58.14618
-58.09784
-59.03759
-60.93826
-60.62343
-62.42171
-61.34360
-57.74515
-53.80598
-52.18144
-53.81734
-55.67044
-58.56556
-60.53167
-63.71716
-65.20007
-65.91627
-64.95126
-62.61681
-60.75354
-60.12257
-59.70420
-58.88785
-57.73806
-59.15666
-61.96447
-62.27994
-59.70887
-57.52214
-58.08887
-58.39017
-60.16096
-61.43196
-61.64061
-61.54603
-61.28061
-60.56296
-60.26755
-59.76694
-59.38349
-58.86774
-58.20642
-58.06947
-58.03948
-58.10220
-59.02646
-59.49753
-60.21803
-61.07931
-60.18789
-58.69137
-57.64758
-57.77273
-57.25010
-57.01545
-57.19165
-58.23227
-58.25574
-59.84310
-61.42273
-61.67257
-63.30694
-62.05338
-61.31770
-61.74796
-61.48874
-60.90519
-60.45496
-59.38305
-60.36983
-59.92174
-59.81857
-61.01311
-62.07113
-64.73295
-65.76550
-63.87892
-65.44195
-65.94010
-66.00474
-68.30355
-67.45588
-69.45456
-68.87980
-68.78191
-68.85157
-69.43823
-58.09659
-56.27283
-58.97370
-59.35221
-61.17696
-60.76586
-61.74034
-61.22289
-61.88989
-61.11152
-59.73637
-59.25687
-58.87545
-59.05130
-59.81021
-59.07659
-58.28185
-58.49482
-57.19186
-56.81659
-57.89015
-58.14733
-59.23339
-61.61333
-61.07123
-60.93440
-61.25489
-60.22200
-59.08644
-59.49512
-59.99294
-59.71168
-60.16772
-62.46222
-61.79412
-60.71708
-60.33087
-60.41165
-59.15160
-56.57240
-56.55680
-56.79996
-56.86336
-56.60335
-58.21697
-62.61635
-62.66205
-62.66849
-61.68871
-59.87207
-59.82370
-59.54876
-59.59195
-59.15859
-60.36469
-60.55205
-62.21459
-63.87745
-65.88865
-58.54804
-55.08062
-56.67359
-56.62343
-57.61278
-57.24654
-58.24233
-58.28796
-58.57698
-58.65204
-58.28532
-59.65289
-59.37517
-60.15784
-60.40341
-60.36565
-60.88491
-59.82181
-57.99450
-56.23453
-55.65652
-55.75383
-54.38718
-53.01418
-53.68001
-55.78932
-58.68903
-61.57042
-61.91613
-59.93618
-57.19279
-55.79469
-55.57178
-55.98545
-55.27171
-55.36200
-55.53700
-56.21984
-57.53658
-57.38833
-56.09122
-54.01666
-51.98215
-51.09619
-52.72898
-55.25946
-59.15611
-63.49144
-64.46892
-62.77753
-62.69850
-63.76671
-62.96097
-60.42703
-58.24417
-56.85707
-56.68969
-57.53222
-58.24397
-58.51270
-58.43467
-60.43329
-60.88589
-61.55795
-62.34242
-62.87143
-62.83568
-62.49417
-61.83847
-61.16171
-61.26802
-61.58913
-61.79527
-60.42994
-60.22795
-59.52297
-59.06992
-58.26506
-58.11442
-57.20419
-55.40280
-56.36415
-57.10317
-56.69668
-56.66331
-56.79897
-57.12831
-56.50208
-56.83058
-57.02578
-56.78432
-56.24696
-57.15325
-58.50999
-58.91976
-58.79074
-57.91138
-56.90086
-55.56231
-57.57580
-56.35681
-56.10338
-57.04121
-56.64306
-58.91173
-59.83588
-61.65934
-59.48578
-57.81741
-58.76975
-61.51442
-64.05790
-66.17909
-66.90920
-65.56258
-65.95310
-67.59419
-69.29782
-68.82207
-67.02810
-59.37235
-58.71802
-60.19570
-60.28036
-62.72288
-63.09608
-62.80317
-61.47258
-61.42753
-61.86463
-61.72630
-60.39488
-60.35165
-60.44548
-58.68124
-57.63471
-58.73747
-57.03370
-52.99799
-54.18198
-55.74963
-58.08828
-61.31478
-59.07695
-59.46109
-61.04870
-63.18737
-63.56001
-64.28209
-64.91205
-63.82502
-62.41575
-62.22597
-62.09359
-61.45078
-60.05697
-59.52283
-59.81439
-57.40709
-53.44942
-55.03440
-56.60425
-54.53340
-56.51269
-57.90033
-57.33441
-57.08461
-57.57761
-58.80381
-59.86815
-61.04993
-63.45941
-66.71397
-69.25782
-66.13321
-65.09498
-66.64213
-64.90276
-58.57470
-54.39289
-53.01140
-53.28845
-53.48804
-55.15766
-55.88563
-55.79065
-56.46903
-56.53905
-57.02835
-57.14030
-58.51292
-59.17517
-60.06784
-59.55294
-60.92642
-59.19479
-60.31914
-57.79371
-54.72507
-56.83136
-56.94041
-58.66292
-59.09677
-60.42462
-63.85887
-64.78216
-64.95554
-63.16120
-63.15069
-60.50659
-61.41443
-64.38221
-63.84716
-64.80523
-63.34254
-63.32469
-60.45646
-62.83108
-59.85033
-55.44571
-56.32729
-58.19867
-61.87064
-59.11294
-58.33148
-62.96909
-64.35822
-64.58044
-64.27336
-62.41017
-63.00663
-59.86552
-61.72263
-64.05297
-63.55194
-66.47526
-66.21231
-62.29090
-55.96335
-53.37058
-53.08262
-53.95194
-55.39649
-56.09215
-56.42264
-56.67405
-56.57556
-57.13198
-56.70390
-57.76202
-57.44079
-58.30078
-57.53454
-57.63600
-59.20140
-60.29892
-61.61819
-57.90845
-61.58462
-57.62631
-55.55881
-58.74390
-60.06041
-61.49667
-61.14301
-64.82041
-62.28627
-60.37072
-63.41393
-63.03971
-63.24493
-63.71646
-63.03444
-63.36285
-60.84730
-60.89442
-68.77789
-63.09811
-59.09268
-57.39138
-55.50189
-55.07927
-56.11289
-59.06964
-60.85692
-63.19170
-63.49353
-63.77507
-61.58007
-62.33436
-60.11022
-60.04955
-63.82679
-63.36366
-65.03681
-67.05661
-63.92072
-65.07657
-56.86728
-53.13622
-54.70048
-54.58347
-55.57782
-55.26567
-56.20998
-58.11960
-56.71621
-55.46389
-59.95264
-60.60463
-60.15874
-61.13173
-61.29408
-60.34822
-60.66817
-60.05451
-56.80188
-56.52972
-55.90913
-56.20163
-58.53687
-63.19261
-62.16803
-65.88227
-59.97752
-61.00825
-62.36148
-62.49113
-62.37622
-61.06359
-60.61535
-64.14969
-63.80106
-58.59685
-65.86921
-65.80071
-67.31673
-59.87559
-57.42323
-58.19939
-58.72748
-57.17568
-59.46379
-61.67246
-62.05857
-64.42297
-63.28181
-62.36170
-61.37784
-61.13863
-58.54169
-61.66675
-61.98328
-64.86247
-67.95706
-65.85777
-64.66087
-57.41770
-53.19087
-53.16154
-53.09740
-53.95505
-54.60154
-54.72233
-54.38247
-54.19390
-57.32986
-61.41215
-57.04417
-56.72063
-59.96810
-56.25866
-57.74683
-58.40107
-60.92962
-58.88942
-55.58010
-59.61824
-59.34403
-55.30327
-54.92292
-58.68781
-62.48698
-63.90598
-64.31660
-64.15557
-63.74611
-62.54612
-64.32362
-59.53150
-60.70990
-65.18965
-63.76274
-66.23825
-64.14815
-64.10542
-59.46465
-58.80540
-60.12902
-58.37381
-57.79560
-58.67345
-58.87697
-60.95612
-64.82958
-62.24981
-60.14677
-61.40887
-61.05626
-58.64290
-58.33446
-60.36151
-60.95941
-62.58789
-67.70315
-65.53928
-64.04750
-56.70202
-54.61041
-54.52935
-54.25347
-55.76335
-56.17753
-57.72292
-57.89123
-58.27341
-58.60771
-58.21616
-59.19065
-59.24510
-59.86743
-59.33332
-59.70852
-59.34739
-60.51244
-60.24507
-55.86280
-55.66528
-55.15771
-57.53212
-58.28739
-60.03378
-64.26226
-63.88947
-65.18226
-63.19526
-63.67288
-60.31682
-62.04823
-65.08677
-65.32815
-64.93759
-64.51863
-63.08155
-61.64905
-59.82283
-59.91142
-59.46750
-58.27600
-60.17901
-58.18383
-60.27691
-63.08905
-63.28951
-63.26513
-62.91530
-62.50571
-60.61956
-62.73990
-63.68185
-63.76009
-63.34839
-63.10390
-62.36254
-62.97292
-69.48908
-58.13457
-51.19099
-50.49797
-51.04593
-52.24792
-54.87830
-56.20256
-57.49192
-58.06701
-58.13217
-58.15386
-57.70662
-59.41475
-59.79788
-58.30516
-58.02170
-58.35959
-57.92782
-58.47981
-57.92663
-59.24281
-62.21785
-58.91735
-58.39260
-59.32401
-58.41646
-60.10952
-62.15718
-65.22367
-67.77861
-64.54777
-62.57119
-59.84954
-59.32934
-62.98518
-63.34340
-65.38992
-65.03058
-64.29628
-64.15044
-57.69634
-56.53932
-55.42014
-56.47585
-56.83329
-57.13083
-59.84953
-60.03592
-58.95461
-59.81400
-63.29853
-62.51060
-63.68165
-62.85998
-62.12440
-61.49806
-59.58412
-60.47303
-66.08050
-67.59463
-57.19326
-53.49236
-52.42608
-52.36211
-53.14346
-54.38658
-56.61417
-56.09842
-57.79142
-57.80087
-57.66075
-58.15827
-60.34700
-58.03327
-57.42119
-58.62768
-59.00585
-63.64195
-58.10103
-55.88066
-55.02139
-55.99481
-55.89638
-57.83163
-62.62892
-62.67720
-60.92919
-63.75847
-63.77006
-64.09784
-60.55393
-59.27425
-61.91788
-65.30323
-66.92579
-65.76566
-62.92123
-59.85459
-66.59241
-55.20241
-56.60682
-59.61079
-57.81800
-60.91050
-61.12183
-60.97041
-59.79769
-59.68280
-58.54912
-62.41221
-61.99580
-63.09920
-62.77564
-62.11055
-60.83017
-60.71857
-59.49949
-60.06247
-67.96845
-57.40725
-52.50607
-52.00414
-50.63782
-50.49078
-51.58885
-52.49291
-53.19944
-53.61914
-53.43124
-54.64360
-56.36267
-57.22792
-57.78366
-56.28758
-55.70057
-58.40335
-57.00158
-56.80969
-57.84792
-56.96508
-58.60172
-57.47893
-58.60337
-59.45588
-60.92285
-61.69325
-61.05147
-58.55598
-57.80619
-59.87827
-59.42971
-60.24579
-62.62967
-64.55939
-62.12103
-60.49659
-59.02103
-60.75459
-58.13804
-56.47909
-61.80617
-55.91627
-53.47469
-55.78329
-56.46892
-59.73682
-60.10325
-59.81793
-61.14089
-59.98627
-59.67377
-62.76759
-63.26582
-63.77906
-65.31500
-64.25960
-63.96331
-62.05007
-61.78916
-56.69395
-53.69454
-52.90443
-52.16399
-52.96443
-54.06966
-54.74943
-55.85324
-56.87842
-57.94837
-57.37890
-58.63962
-58.77270
-58.18221
-58.61180
-58.62990
-57.97373
-58.33820
-57.56595
-52.62341
-52.83707
-51.52519
-51.79494
-54.88094
-57.57014
-57.92982
-57.06413
-59.87238
-59.17109
-60.13162
-59.31464
-62.13794
-65.89526
-65.65255
-64.01308
-62.65728
-61.91651
-61.00375
-60.67626
-58.52834
-55.16771
-55.55360
-50.71669
-49.30877
-53.84779
-52.99547
-55.89165
-61.20918
-62.20508
-62.28238
-61.37158
-61.11772
-59.20403
-60.17446
-61.47593
-62.88418
-66.53999
-64.69504
-65.58112
-60.39172
-54.41674
-54.90096
-55.56978
-56.50322
-57.48445
-56.89869
-57.52945
-57.97249
-57.40180
-57.80155
-59.76478
-60.05847
-61.72429
-61.64868
-61.12255
-59.80220
-59.06675
-58.77961
-57.89897
-61.08477
-60.72346
-58.11731
-55.51027
-55.96845
-57.02176
-59.04318
-62.28896
-61.29980
-63.61605
-61.30899
-62.94133
-60.28534
-59.11456
-63.63124
-63.73991
-64.55176
-63.22759
-64.49191
-58.95574
-57.61819
-58.53090
-59.19409
-55.45154
-55.20220
-57.18338
-54.34554
-57.34976
-58.31365
-60.65356
-58.39125
-58.17664
-62.94684
-61.23488
-60.13308
-61.31496
-62.72566
-62.43889
-61.76873
-62.37800
-55.87553
-53.08150
-56.76374
-54.02331
-54.74143
-55.60401
-57.22285
-59.49619
-56.14977
-55.68006
-57.41418
-61.38345
-58.82016
-59.44722
-61.31051
-62.36991
-59.67408
-61.06130
-57.18458
-55.42902
-54.61917
-50.86721
-57.32061
-60.17464
-60.45081
-62.21299
-59.17720
-59.16630
-56.48779
-58.68123
-60.75643
-65.45719
-65.48151
-63.65666
-59.51716
-63.47712
-61.32756
-58.70687
-61.02689
-57.52862
-57.32553
-52.15459
-48.19399
-51.35491
-56.77033
-56.56559
-59.01804
-59.35299
-61.77541
-62.56599
-63.06852
-61.86523
-62.00234
-60.54842
-61.16168
-58.62257
-60.93163
-64.84633
-65.16165
-63.47527
-52.29335
-53.32996
-55.42598
-54.56783
-54.09627
-52.89849
-53.99147
-56.67187
-58.50267
-56.50829
-57.45083
-57.55819
-56.56164
-58.97887
-59.63786
-55.68399
-57.72715
-58.87283
-55.77758
-60.43877
-57.86692
-54.04136
-52.94997
-53.58450
-56.87335
-58.27063
-58.40514
-58.35835
-62.17383
-63.65831
-63.47188
-64.59810
-62.61377
-61.97073
-61.62358
-61.32732
-61.87076
-60.64031
-58.51583
-57.73274
-57.27158
-49.03049
-48.71186
-55.52332
-56.13446
-57.39593
-58.33075
-60.08296
-57.92159
-58.17038
-60.72770
-60.72879
-60.84177
-61.72992
-61.71005
-62.88051
-61.70572
-60.75254
-61.68498
-56.04186
-56.77036
-59.23666
-60.09991
-61.14120
-62.55560
-64.43790
-64.79238
-65.23571
-65.42146
-66.28515
-66.99588
-68.26926
-69.31705
-71.77417
-67.41016
-64.30941
-65.67208
-62.74811
-57.60122
-59.12945
-60.97006
-60.18409
-60.23863
-62.15697
-62.90099
-63.02298
-63.61412
-63.62334
-63.83339
-63.43051
-63.90959
-63.53190
-64.02564
-63.43030
-64.42458
-63.08441
-66.71096
-62.14426
-59.15844
-60.20066
-58.86290
-57.90777
-59.46784
-61.61436
-61.14828
-62.35702
-61.93391
-62.45165
-62.28191
-63.06140
-62.76133
-62.94933
-62.50320
-63.06338
-62.19310
-64.68565
-68.78788
-70.63655
-73.14690
-61.56224
-61.00327
-61.49500
-59.64794
-59.14500
-59.66292
-61.88684
-65.36440
-66.76979
-65.63084
-65.27598
-66.76432
-68.87705
-71.19130
-69.53229
-65.58848
-64.50163
-65.52970
-60.45857
-58.86090
-62.34660
-58.38632
-57.59610
-59.29010
-60.90135
-61.73865
-62.14411
-62.04035
-62.55821
-63.51272
-63.01986
-63.56313
-63.01683
-63.77406
-62.93140
-64.02500
-63.03538
-68.74922
-63.02388
-58.34628
-60.93273
-59.71964
-57.10451
-58.94703
-60.37769
-56.07657
-58.35517
-61.88272
-61.20564
-62.72746
-62.30178
-62.63587
-62.41922
-62.03830
-61.67986
-63.36930
-65.29235
-68.77665
-71.19266
-63.11369
-63.34193
-63.37558
-62.37392
-63.98570
-65.28703
-64.90661
-64.21624
-63.68307
-63.93751
-64.19137
-66.71517
-66.01955
-67.99296
-69.34899
-65.15217
-64.47302
-64.18455
-63.04787
-56.48148
-56.31349
-57.37097
-58.67185
-59.15477
-60.86929
-63.12437
-63.05537
-64.22278
-63.43077
-64.22464
-63.33720
-64.38845
-63.46690
-64.26244
-63.35764
-64.61222
-63.35915
-66.24454
-64.34544
-59.50942
-58.81655
-57.91459
-58.67194
-58.53355
-57.97324
-59.87901
-62.09742
-61.45586
-61.54198
-61.20038
-61.41049
-61.28087
-61.40392
-61.45346
-61.65704
-61.99813
-65.71716
-68.33502
-71.52392
-71.87273
-65.41775
-61.40429
-61.23469
-63.03863
-62.85331
-63.45309
-63.52543
-63.70816
-63.53802
-63.96580
-63.07583
-64.90963
-66.55026
-68.49397
-66.01125
-63.89838
-63.69116
-64.26709
-62.13499
-58.25550
-56.03178
-54.89933
-56.78854
-59.26936
-60.95403
-61.70931
-62.45790
-62.63415
-62.48764
-62.73502
-62.66065
-62.82243
-62.60290
-62.69591
-62.64082
-62.77417
-63.88963
-67.40396
-66.84846
-60.52273
-58.25737
-56.34511
-57.31588
-58.48509
-57.83360
-60.01976
-60.79232
-60.63110
-60.92719
-61.23932
-60.93175
-61.16752
-60.97537
-61.05802
-61.71898
-64.74799
-66.98240
-71.07665
-69.73147
-61.37755
-55.43515
-54.86311
-55.72689
-56.21999
-58.14212
-57.13102
-56.80998
-54.96503
-54.25467
-55.59283
-58.89153
-60.42582
-61.25856
-59.17658
-56.86143
-56.51751
-59.68765
-57.31157
-51.21933
-52.04261
-53.67000
-55.09301
-56.67542
-57.66692
-59.02175
-61.88183
-62.44246
-60.48127
-61.67538
-63.67527
-70.89398
-63.45201
-58.10938
-58.24917
-59.59065
-63.21410
-63.08684
-57.13431
-55.89504
-55.16616
-53.44677
-55.06806
-57.82737
-58.09587
-57.56342
-57.44371
-57.29813
-57.78275
-59.04686
-58.42315
-61.74678
-55.98655
-51.74296
-52.85862
-53.92744
-57.98899
-58.09370
-56.95782
-56.34013
-55.71188
-57.41552
-56.82792
-56.87143
-57.16592
-56.60894
-57.02143
-58.26821
-61.06630
-60.71252
-58.45033
-56.62382
-55.81192
-57.93482
-61.33049
-62.92597
-59.34907
-57.51427
-55.80113
-55.97363
-56.50906
-57.21499
-58.03419
-55.61525
-55.35520
-56.55207
-59.23956
-63.83012
-61.67042
-59.65512
-58.37708
-57.70018
-58.08194
-58.70799
-60.96862
-63.47207
-61.99034
-58.39327
-56.93922
-55.02142
-55.84482
-54.74075
-55.86248
-58.01921
-56.72385
-57.23433
-57.05822
-58.17212
-58.72001
-58.17382
-58.20910
-59.79091
-58.53888
-57.85372
-57.85574
-57.40903
-57.81432
-58.23908
-55.96663
-55.60923
-56.53397
-56.64317
-57.04942
-57.74496
-57.61723
-56.65397
-57.09798
-57.15603
-56.84584
-55.88723
-56.22041
-56.83758
-57.73828
-56.62876
-55.42375
-55.78245
-56.08738
-56.66706
-54.85559
-53.83961
-53.80867
-54.38777
-56.54397
-58.08915
-58.61387
-59.03079
-57.25389
-56.42737
-57.37726
-59.51964
-65.08702
-62.07412
-57.16717
-55.60229
-57.27535
-59.27793
-61.23499
-59.09592
-55.51605
-54.70562
-54.93391
-56.22552
-57.07567
-59.12450
-58.61064
-59.77238
-62.29305
-61.78980
-62.32785
-62.45103
-62.49008
-62.61148
-62.76279
-61.46453
-60.97644
-62.27047
-62.93659
-63.00758
-57.74858
-55.41295
-56.46726
-55.48239
-56.93765
-58.17037
-57.16841
-56.89052
-57.16887
-60.14077
-61.24478
-59.86690
-57.89501
-57.02830
-57.64290
-60.43039
-61.68274
-58.72746
-57.61396
-56.00213
-56.44649
-58.16355
-60.34717
-60.34630
-57.80168
-57.32609
-57.92186
-58.93057
-61.12826
-61.18588
-59.08124
-58.73401
-57.73814
-58.17132
-57.74530
-59.57980
-62.27489
-60.92551
-60.96052
-56.71813
-56.78842
-59.56151
-58.57840
-58.60573
-57.78356
-58.02511
-58.38895
-59.91800
-63.74384
-63.92272
-61.53090
-60.53351
-59.91266
-57.88898
-59.89827
-60.53984
-58.42609
-57.21151
-57.60339
-59.02984
-56.99756
-55.86774
-57.07119
-59.09335
-57.67828
-56.33991
-55.95235
-56.19588
-56.45633
-58.15748
-59.66032
-57.79709
-55.92441
-55.31917
-55.43945
-58.28562
-60.65467
-58.89261
-57.82756
-55.39513
-57.06293
-59.98670
-62.88102
-61.71348
-58.85053
-56.80513
-56.27903
-58.02413
-60.81573
-64.95663
-60.48964
-58.17810
-57.78581
-57.82200
-58.34350
-59.34762
-60.45525
-60.32513
-58.20869
-56.13314
-57.97143
-61.29407
-61.06290
-60.84957
-60.26308
-58.26645
-57.94996
-57.84489
-57.49203
-59.05774
-57.65339
-59.65654
-58.74333
-55.38594
-55.58118
-56.61608
-57.24749
-54.41663
-55.09531
-55.31999
-54.19830
-55.22013
-55.27891
-56.16940
-56.64672
-56.14042
-56.70177
-56.56935
-56.14456
-56.35468
-57.65332
-56.29602
-56.93595
-57.68285
-58.96839
-59.47158
-57.29710
-55.74721
-53.58414
-54.09336
-53.55846
-53.02327
-51.54147
-50.75988
-50.86693
-51.42470
-54.48562
-58.94782
-58.39099
-56.98060
-56.98066
-57.70648
-58.56876
-58.20972
-58.73542
-58.91683
-60.28635
-60.14770
-56.48043
-52.58427
-51.94472
-51.66115
-52.42314
-53.52452
-54.62276
-56.31958
-57.05248
-61.67354
-60.51152
-58.29119
-55.76893
-56.28703
-59.67530
-57.40544
-56.69176
-59.59302
-59.26394
-58.18432
-61.47943
-54.83384
-53.15121
-54.88669
-56.22431
-56.95600
-58.86086
-59.73779
-53.30140
-52.40778
-53.59286
-54.81254
-54.71551
-56.57846
-62.42593
-62.39375
-60.35826
-58.44299
-61.41937
-59.47600
-55.31784
-55.89640
-56.48463
-56.43989
-55.13440
-53.68794
-53.58949
-54.44137
-52.83951
-54.10454
-57.59222
-61.56342
-61.99193
-62.02167
-61.31131
-57.33685
-59.92472
-62.21349
-65.91972
-60.57522
-56.41485
-56.88993
-58.20666
-58.52265
-58.57697
-59.93560
-60.04273
-61.17097
-64.88287
-65.91892
-66.15071
-62.15682
-62.59040
-57.27411
-55.34538
-58.96555
-56.42902
-54.85226
-55.33866
-55.42250
-54.14439
-55.59913
-57.05666
-57.86075
-59.08489
-59.92347
-60.70591
-60.74179
-60.98704
-60.02316
-58.03283
-57.43826
-58.07683
-58.65147
-60.38182
-62.91543
-62.75687
-60.74773
-56.02580
-53.23923
-54.24782
-56.51524
-59.31064
-60.53891
-59.58379
-58.96305
-62.22439
-65.89076
-65.30175
-62.73870
-62.95458
-62.29848
-60.99038
-64.83565
-67.02633
-63.04091
-61.32478
-63.06737
-62.45141
-56.19405
-53.69572
-56.09022
-59.11227
-59.60133
-60.91225
-62.51854
-62.52587
-62.37016
-63.44329
-64.42672
-62.57324
-62.91153
-65.81646
-64.41063
-60.43469
-58.98077
-59.09420
-60.34654
-62.48571
-64.50148
-58.03957
-55.29187
-56.34086
-55.89011
-56.89937
-57.47953
-57.80537
-58.12059
-58.44919
-58.46767
-58.10850
-60.44983
-61.28791
-61.92086
-62.02530
-60.70124
-59.18595
-59.05872
-60.51991
-59.31793
-59.91220
-59.75042
-60.20675
-59.61309
-59.49622
-61.64063
-61.46550
-62.26079
-60.97570
-61.10853
-59.32779
-59.98797
-61.88804
-61.59466
-62.05139
-60.90187
-61.78275
-59.95252
-63.37877
-63.22882
-59.35615
-60.59527
-59.56151
-59.97483
-58.29350
-57.60666
-59.82282
-59.90326
-60.16609
-59.88205
-59.52779
-59.45287
-58.16022
-58.62988
-60.29066
-60.75372
-64.18742
-64.06988
-64.94808
-62.08382
-55.13912
-55.50894
-56.16016
-56.38182
-56.79870
-57.38629
-57.63312
-57.00159
-58.99371
-59.24666
-60.80554
-60.40360
-60.90202
-59.59691
-59.22279
-61.09978
-60.94927
-61.47938
-60.45028
-61.22443
-60.08367
-61.80311
-65.71431
-62.99146
-61.85950
-59.27669
-58.83992
-59.08474
-59.15033
-63.46877
-63.07444
-61.53548
-61.07467
-59.61977
-60.18513
-58.94635
-59.26576
-64.48162
-61.65709
-59.79502
-59.76187
-59.03569
-59.85219
-57.92263
-58.10021
-59.79389
-60.13672
-59.95446
-59.93917
-59.09193
-59.57425
-58.27156
-58.12570
-59.66966
-60.14175
-62.28629
-64.93644
-63.59910
-64.80442
-57.91947
-53.60270
-56.02509
-56.14371
-55.50265
-55.45530
-56.62404
-59.08883
-57.18268
-55.43623
-59.75846
-61.56856
-60.67569
-61.38044
-62.55167
-60.56171
-60.42474
-59.92529
-58.79496
-62.03653
-61.22237
-59.19571
-58.07134
-62.16430
-61.28389
-64.05785
-59.29488
-59.74260
-62.05277
-60.96425
-60.48613
-58.74342
-58.55804
-62.44727
-63.13804
-57.60166
-63.30927
-61.68136
-67.28600
-64.04783
-59.43504
-59.20889
-59.34330
-58.07107
-58.03868
-60.05089
-59.78047
-60.25753
-59.72949
-59.67618
-58.92404
-59.07692
-57.17976
-58.87732
-60.02671
-61.16643
-64.22408
-64.44853
-65.08440
-60.81986
-54.21914
-52.58167
-52.58018
-53.29888
-54.08374
-54.03315
-53.94134
-54.20079
-57.10600
-63.45914
-58.37179
-56.91955
-60.93511
-56.34564
-58.85159
-61.57434
-61.06104
-59.89608
-56.69603
-58.84783
-59.45316
-56.45632
-58.90222
-61.96321
-60.11041
-61.00839
-61.74160
-62.88733
-61.67357
-61.04417
-61.31141
-58.72049
-59.46634
-62.42549
-61.44729
-62.63539
-63.02000
-62.09294
-61.84763
-59.73269
-59.75102
-57.96931
-56.93627
-59.56130
-58.25489
-58.41603
-61.37820
-60.23716
-57.86560
-59.11990
-59.23647
-57.17871
-57.44151
-57.92329
-59.55465
-60.15610
-63.87307
-64.81473
-63.12839
-58.59801
-55.29949
-56.04724
-55.62930
-56.99491
-57.82636
-58.46932
-59.04796
-59.02524
-58.91346
-58.39025
-60.53802
-61.62744
-62.76010
-62.30820
-61.42985
-59.88832
-59.27388
-60.37723
-59.43230
-60.13185
-59.88770
-60.34684
-59.52446
-59.17244
-61.67104
-61.11196
-61.92619
-60.76623
-61.08724
-59.43436
-59.82647
-61.94650
-61.82695
-62.33749
-60.95078
-61.78265
-59.97580
-63.28229
-63.02213
-59.61251
-60.14524
-59.31883
-59.42560
-58.58838
-57.79487
-59.48479
-59.90414
-60.08924
-60.21246
-59.04031
-59.69714
-58.37900
-58.57736
-60.10250
-60.01604
-62.63692
-63.46431
-64.48872
-62.54769
-55.34802
-55.01413
-55.96165
-56.49163
-57.06900
-57.04928
-57.41700
-56.77352
-58.65166
-58.96620
-60.18238
-60.55382
-61.04353
-60.01733
-59.45994
-60.85046
-61.23875
-61.16182
-57.91199
-57.28174
-56.89560
-56.75196
-58.90942
-60.06444
-62.56933
-64.60493
-62.69647
-60.07078
-57.80187
-59.57957
-61.40399
-62.91152
-63.81873
-62.29353
-62.09402
-60.09541
-59.59672
-64.69802
-62.53868
-59.84209
-60.15780
-59.25213
-60.08306
-58.15390
-58.16249
-59.41593
-60.01339
-59.90461
-59.59084
-59.00481
-59.32353
-58.18423
-58.07582
-59.38915
-59.80482
-60.54197
-62.59992
-62.83465
-63.84053
-57.62101
-53.54601
-56.01837
-55.22037
-55.36585
-55.71222
-57.58153
-59.77115
-56.36957
-55.17518
-59.33967
-59.97813
-58.74578
-60.35604
-63.26683
-63.38485
-61.78528
-60.90374
-57.86702
-59.76306
-59.59134
-59.23781
-58.26573
-63.23326
-63.68616
-64.33338
-60.00536
-58.75818
-59.65021
-59.27090
-60.40942
-59.62506
-59.45448
-62.64631
-65.40819
-57.57774
-63.82757
-64.25677
-67.30617
-64.31618
-59.40973
-59.73377
-58.93481
-57.98021
-58.12746
-59.87510
-59.48834
-60.11061
-59.66489
-59.68767
-58.86634
-59.09302
-57.27159
-58.78739
-60.14226
-59.67571
-61.88175
-62.77863
-64.72014
-60.21780
-52.96340
-51.41168
-51.92148
-53.59285
-55.35258
-56.63736
-57.15299
-58.79863
-64.04669
-59.31536
-54.31420
-56.05253
-59.58058
-56.89099
-60.37959
-61.73324
-60.66351
-59.38897
-57.35502
-59.54808
-58.44131
-56.13036
-59.15599
-61.53877
-59.03212
-60.06614
-60.73417
-61.79035
-61.97213
-61.03033
-61.49340
-58.70558
-58.75254
-61.83030
-61.08441
-62.72574
-62.79749
-62.26349
-60.58408
-57.00232
-57.18478
-56.71954
-56.86078
-59.33011
-60.63673
-60.52762
-58.87789
-58.52290
-60.87426
-58.43044
-58.81132
-59.46218
-56.98896
-59.81639
-59.27306
-61.88573
-64.45155
-64.55407
-65.20392
-59.35379
-58.93017
-60.43531
-61.61240
-63.39837
-66.56885
-69.68116
-73.54492
-76.43207
-79.91268
-82.17919
-85.52372
-87.04265
-89.75381
-92.03128
-94.64338
-98.25383
-101.01416
-107.40111
-105.71898
-136.95551
-109.04106
-117.34339
-111.24751
-114.11871
-112.70261
-114.11539
-113.92510
-115.38603
