-96.28303
-84.67887
-67.28794
-66.12729
-67.46824
-69.40399
-71.46541
-70.97406
-70.93070
-70.80318
-71.71389
-71.05909
-72.31670
-72.88155
-70.75815
-68.20382
-68.73929
-68.02186
-69.95050
-67.75712
-62.33586
-64.62715
-67.15641
-68.80715
-69.46185
-68.26900
-68.73906
-70.10064
-73.32839
-73.71445
-74.90516
-71.97435
-69.49604
-68.14679
-68.15416
-68.57755
-69.31534
-69.21748
-70.04501
-68.69269
-66.51011
-68.28485
-68.30227
-67.44198
-67.52604
-67.94161
-68.67193
-68.62518
-69.09727
-71.03995
-72.86911
-72.88422
-73.10246
-72.50088
-72.88790
-71.31339
-69.91615
-68.63189
-69.63646
-68.97976
-67.33681
-72.48058
-75.39649
-74.86199
-74.47513
-73.53092
-72.67427
-72.91086
-71.41754
-70.15229
-70.37437
-71.64170
-72.60314
-71.52290
-72.18773
-72.06433
-71.53391
-71.09653
-70.21673
-68.79976
-69.21484
-70.29994
-70.97660
-72.48849
-74.53673
-73.43388
-74.49410
-75.43562
-73.91387
-74.02132
-74.06997
-72.34222
-72.07438
-74.17822
-73.48737
-74.25216
-74.98859
-75.67929
-69.97346
-66.40155
-67.95843
-68.67591
-69.79593
-72.44763
-72.87067
-74.09970
-74.14923
-73.46067
-73.49651
-72.73938
-72.87701
-72.28103
-71.60134
-71.23605
-70.21617
-70.09701
-71.04742
-71.49585
-71.07796
-67.68364
-67.29623
-70.88840
-71.10435
-70.93301
-71.82538
-73.27057
-73.89672
-75.46278
-76.00092
-75.08807
-74.96293
-74.38862
-73.00981
-73.70639
-73.19620
-71.86173
-71.88243
-71.99834
-66.27046
-61.69913
-63.63068
-65.82286
-68.95064
-71.04564
-69.73120
-69.38566
-70.43519
-70.88483
-70.78381
-71.73663
-72.25553
-72.06618
-71.04099
-72.04417
-72.83094
-76.70066
-73.61791
-78.33788
-63.20776
-60.95555
-63.55650
-63.12838
-66.01449
-66.28936
-68.89571
-69.72843
-70.12007
-68.85587
-68.79556
-68.77276
-68.28418
-68.66199
-69.04735
-68.98073
-68.03592
-67.36114
-66.93204
-67.97608
-65.02046
-63.89592
-68.70302
-70.38911
-70.62225
-72.04286
-72.01467
-72.93586
-72.57440
-71.73124
-70.17304
-70.38806
-71.16825
-72.36791
-72.24264
-72.47112
-72.05259
-73.76492
-72.05014
-67.43680
-63.69643
-65.44990
-69.71652
-69.61567
-71.64581
-71.92871
-74.10715
-74.59685
-76.13015
-75.79982
-74.72567
-74.25922
-73.44464
-72.79148
-72.09520
-70.91415
-70.24414
-69.99666
-70.34994
-71.65258
-67.69524
-66.01655
-67.52053
-69.07948
-69.75760
-70.90408
-70.83391
-71.29794
-72.57022
-72.47689
-74.12353
-75.26051
-74.95790
-75.38455
-76.59419
-76.57475
-77.11178
-77.44621
-76.55729
-75.88156
-71.48910
-68.55400
-68.13036
-69.17590
-70.97191
-72.12766
-73.23780
-72.29456
-73.06667
-73.40352
-73.18176
-74.10147
-74.85528
-73.34715
-72.86245
-72.39933
-70.20768
-69.20574
-70.17951
-67.59792
-62.91886
-63.31105
-65.49004
-66.99971
-68.43904
-68.94801
-68.93908
-68.41281
-67.60654
-67.69039
-67.81030
-68.50328
-70.36258
-72.07527
-74.14460
-75.36548
-75.42488
-72.87891
-72.55697
-70.89690
-67.17468
-63.29917
-65.02442
-68.48564
-69.32071
-69.10299
-67.41524
-68.37770
-69.08472
-71.17846
-70.98625
-71.07458
-70.30294
-68.91448
-67.96843
-68.50929
-69.52324
-73.14007
-74.40665
-74.77655
-71.61925
-66.92336
-67.66740
-68.85612
-69.15521
-69.10146
-69.08181
-69.06402
-69.38319
-69.46406
-70.42885
-70.51151
-71.17431
-71.16801
-71.46637
-70.97452
-71.66785
-66.53224
-64.12568
-61.40358
-61.18397
-65.67916
-64.24162
-64.57547
-65.15589
-66.15967
-67.03635
-69.42763
-70.06402
-72.29011
-72.73015
-69.59398
-69.67462
-70.22201
-70.96227
-71.09287
-73.35040
-71.85336
-73.75267
-63.22419
-61.23071
-62.94397
-61.75256
-62.80295
-65.62845
-70.37483
-73.39092
-75.06357
-74.52324
-77.33191
-75.84180
-73.52251
-71.06509
-69.53458
-68.84600
-68.84144
-69.30364
-69.92456
-71.51701
-68.92163
-68.29729
-69.66203
-70.13963
-71.26722
-71.97293
-72.39800
-72.43727
-72.73393
-73.28655
-72.72025
-72.29581
-72.36737
-71.78787
-70.93432
-70.66721
-70.14852
-69.26177
-68.83420
-67.19616
-62.55285
-61.46303
-63.72582
-66.53686
-70.55184
-71.53403
-72.33210
-73.44911
-74.05234
-75.04744
-76.59113
-77.88221
-76.54885
-75.28529
-74.71596
-74.65924
-73.41840
-72.19022
-71.22819
-69.63415
-62.97704
-61.10612
-64.28743
-66.08341
-67.80780
-70.44050
-71.50816
-71.18971
-72.04090
-72.24443
-70.50178
-69.57758
-69.38714
-70.28489
-71.59322
-72.32588
-72.52027
-72.67247
-72.88596
-72.35488
-71.08314
-68.51878
-68.90931
-70.40293
-70.96186
-71.71890
-73.14294
-72.68379
-72.03576
-73.25124
-73.11889
-73.96370
-71.41857
-72.74936
-70.89777
-72.18620
-70.58924
-73.03107
-65.60934
-59.17722
-61.92321
-65.44557
-68.80902
-71.02075
-72.86591
-72.19784
-73.01445
-72.63726
-73.68003
-76.72379
-74.03766
-77.69812
-75.52880
-76.87029
-74.88259
-75.32488
-73.73987
-76.41119
-69.27227
-62.17419
-62.01400
-63.55162
-67.96173
-73.06120
-74.73330
-76.35043
-76.49829
-76.22522
-75.56860
-74.28597
-72.51955
-72.18069
-71.47022
-72.57315
-73.26229
-75.79548
-75.58915
-78.48979
-70.31712
-66.27755
-69.05060
-67.15718
-67.15476
-67.11597
-68.87472
-70.02247
-69.15414
-69.25195
-69.14846
-70.96761
-69.82971
-69.23640
-70.82332
-73.78280
-71.12094
-71.16200
-68.05843
-67.87966
-65.08076
-61.95707
-65.31028
-66.75690
-69.03341
-68.67945
-68.07124
-69.03156
-68.22530
-66.69359
-66.60927
-67.54479
-64.81172
-64.72496
-65.02733
-65.31959
-65.41073
-67.07722
-68.72447
-67.73218
-65.99099
-65.82847
-67.10470
-66.57934
-68.38631
-69.16715
-72.24040
-75.03810
-73.55306
-73.65915
-73.07324
-73.37744
-73.88588
-74.01501
-71.72794
-71.23519
-68.81324
-69.09236
-70.00568
-72.97751
-70.61341
-68.57020
-75.12703
-73.55447
-72.87365
-71.21949
-71.42423
-71.95570
-71.73696
-71.59450
-70.69803
-71.46504
-71.04776
-69.93405
-70.11143
-70.78092
-69.54560
-69.50333
-67.82186
-68.76115
-67.82616
-67.61217
-67.59193
-67.43529
-66.41646
-65.31487
-65.89561
-64.83625
-66.50336
-65.63101
-66.39256
-67.49429
-65.44983
-65.88502
-67.14410
-66.25417
-65.85009
-67.02394
-67.84436
-66.61636
-65.36907
-67.08569
-67.85463
-68.31323
-68.93877
-68.79818
-69.86215
-74.16960
-78.77147
-79.68050
-81.56806
-79.73817
-78.12164
-77.51499
-76.75431
-74.57596
-74.22338
-73.61549
-75.74661
-73.67026
-67.95904
-68.75730
-71.11947
-71.76512
-71.21524
-70.99834
-71.44528
-70.35820
-70.46190
-71.19956
-71.11649
-70.12562
-69.84774
-69.99120
-69.45282
-69.17792
-69.00705
-69.19528
-69.17134
-65.80171
-62.09489
-62.37383
-64.86881
-68.21353
-68.73522
-67.35272
-67.18125
-66.98223
-68.45945
-68.69597
-68.60165
-67.55075
-67.57536
-67.75252
-68.20590
-68.48044
-70.16783
-68.12610
-70.98075
-64.85603
-60.69640
-62.99082
-62.35964
-64.00404
-66.01478
-68.86062
-71.07561
-74.59199
-76.12915
-76.45983
-77.21249
-73.69332
-72.25003
-71.07564
-71.04636
-69.61278
-69.38368
-69.87424
-74.94864
-67.19875
-64.20578
-68.68869
-69.52296
-70.38563
-71.61193
-71.95305
-72.21965
-72.10835
-71.72775
-70.51343
-70.87211
-70.87132
-70.04858
-69.19364
-68.74066
-68.26834
-68.98200
-68.14003
-66.66641
-63.93419
-64.68895
-67.33965
-68.24263
-67.77726
-66.33002
-66.50055
-64.80500
-66.09760
-65.65657
-65.98592
-67.08594
-65.78653
-67.01610
-68.23469
-67.15936
-66.56389
-67.12894
-67.46048
-68.78934
-67.47351
-65.74989
-66.66912
-68.29850
-69.02208
-69.65252
-70.76966
-73.11010
-75.52863
-76.95265
-75.42318
-77.02071
-77.42924
-77.58595
-80.01000
-79.04005
-79.92622
-79.77399
-79.28942
-80.15221
-75.06999
-69.21549
-68.48647
-70.35001
-71.41242
-72.35604
-72.42033
-72.17022
-72.00486
-72.08813
-71.39468
-69.76777
-69.72367
-69.19980
-69.68880
-69.09258
-68.38632
-67.84090
-67.54515
-63.91594
-61.38723
-63.40633
-66.06780
-68.44465
-69.24521
-69.56852
-69.01199
-68.63816
-67.98127
-66.71726
-67.75443
-67.79305
-67.16216
-68.22497
-68.06801
-67.52451
-67.75990
-68.03733
-67.45910
-66.55308
-63.62956
-62.54210
-65.32247
-66.55008
-66.73693
-68.42602
-73.00566
-73.71278
-73.53520
-72.56343
-70.75635
-70.68839
-70.53482
-70.64280
-70.21900
-71.61273
-71.91297
-73.66388
-74.79599
-75.45548
-68.54037
-66.66775
-68.46930
-68.62682
-69.58171
-69.20839
-70.09372
-69.88080
-69.93437
-70.19162
-70.04252
-70.90820
-71.10687
-70.64589
-71.65939
-70.80706
-72.57426
-67.34374
-63.72233
-61.39756
-60.34778
-64.36132
-64.86742
-64.21261
-64.85129
-66.76029
-69.17560
-70.75811
-70.91675
-68.96518
-66.58671
-65.09355
-65.29039
-65.43060
-64.91297
-64.23949
-65.27974
-65.35759
-67.12460
-62.35798
-60.87756
-63.47631
-62.33856
-62.56810
-63.97799
-66.78829
-70.27406
-74.91931
-75.94149
-74.25835
-74.09233
-75.00002
-74.39277
-72.11266
-70.00581
-68.15711
-68.34267
-69.05051
-70.33326
-67.69563
-67.42081
-69.37546
-70.07486
-70.93838
-71.09462
-72.44158
-72.02303
-71.95989
-71.35388
-71.17564
-71.07181
-71.45354
-71.33997
-70.99615
-70.43140
-69.37528
-68.77495
-68.44605
-68.62417
-63.90861
-61.48860
-63.35362
-65.42112
-66.64120
-66.83228
-66.75404
-66.06607
-64.75569
-66.06376
-67.14751
-65.78237
-65.59857
-66.40785
-67.16876
-66.94816
-66.71237
-66.80565
-66.03914
-65.80081
-62.69991
-61.08121
-62.93903
-64.52439
-66.04937
-67.96738
-68.91161
-70.89894
-70.34539
-68.61838
-69.58722
-71.96506
-74.49461
-76.64418
-76.77243
-76.07360
-75.47213
-76.49848
-78.12319
-77.98026
-75.50302
-68.89905
-69.37469
-70.65510
-70.83537
-72.16691
-73.03018
-72.90524
-71.65740
-72.48640
-71.51177
-71.08093
-70.02982
-70.05998
-69.84824
-69.04212
-66.95665
-69.78856
-65.15206
-60.06648
-62.43045
-65.17457
-68.42402
-70.98342
-69.58075
-69.55196
-69.65445
-71.55354
-71.24642
-72.19551
-71.82441
-70.83344
-70.42408
-71.30285
-71.20377
-71.08914
-69.21211
-69.72644
-67.38412
-62.19840
-61.93133
-64.73285
-67.54143
-66.65853
-68.72772
-70.30891
-69.78708
-69.50300
-69.92229
-71.25125
-72.10749
-73.33399
-75.16017
-77.52027
-79.19723
-78.03110
-76.13478
-80.43638
-69.68311
-66.12802
-63.69714
-61.80250
-62.59951
-62.65337
-64.25220
-64.34979
-64.68156
-65.42814
-65.81592
-66.07571
-66.43989
-67.60289
-67.89227
-68.97871
-68.04047
-70.11410
-67.62349
-71.20637
-63.44566
-60.00640
-65.11158
-65.26410
-67.26963
-68.10819
-69.74381
-71.53550
-72.24504
-72.33866
-71.13299
-71.48661
-69.62221
-70.68042
-72.24812
-72.47158
-72.45359
-72.02306
-71.40376
-70.49029
-69.30426
-63.14222
-62.98282
-66.64735
-66.95046
-69.78158
-68.00244
-68.10642
-70.08564
-70.86901
-71.22410
-70.87280
-69.89525
-70.14731
-69.00922
-69.80669
-71.09725
-70.45335
-73.72065
-73.88704
-71.39009
-65.54399
-62.08135
-62.23533
-62.85216
-63.79651
-64.57861
-64.87169
-65.39843
-65.48702
-66.51768
-66.28632
-67.40410
-67.03246
-68.20216
-67.54196
-68.18718
-68.65089
-69.81973
-69.48806
-62.88784
-65.66820
-65.43885
-64.85717
-67.67079
-67.93087
-69.41145
-69.30779
-72.50352
-71.53532
-70.60897
-71.35624
-70.67190
-70.74803
-71.10420
-71.27138
-71.33881
-70.78558
-70.55812
-76.61662
-68.44082
-62.34434
-63.20477
-64.01246
-64.59165
-65.50841
-67.39280
-69.17258
-69.90643
-70.49705
-70.18084
-69.42602
-69.54821
-69.13841
-69.00500
-70.63398
-70.09285
-71.12791
-73.45435
-72.39374
-73.34361
-65.43390
-61.78966
-63.70601
-63.52991
-63.99968
-63.68637
-64.63667
-67.06881
-65.10735
-64.12255
-68.77100
-69.26219
-68.47639
-69.34857
-69.59605
-68.84752
-68.81315
-69.54953
-62.71683
-63.15051
-64.89401
-64.77970
-67.70415
-71.50697
-72.13149
-73.44884
-70.68839
-70.56649
-70.44488
-70.54211
-70.42924
-68.83560
-68.86143
-72.49059
-73.03542
-69.03925
-74.63336
-73.87116
-72.74680
-63.05856
-63.10818
-68.07101
-67.24562
-67.26771
-67.95442
-69.59683
-69.23781
-70.95310
-69.91057
-69.58238
-69.09957
-68.83035
-68.07604
-69.43139
-69.37494
-71.74634
-74.49697
-73.11665
-72.87203
-66.48562
-62.63383
-62.16864
-62.24746
-63.36621
-64.07227
-64.06223
-63.70009
-63.54932
-67.18724
-71.20068
-66.41402
-66.87615
-70.58505
-65.86052
-68.05338
-68.52526
-70.62049
-68.07245
-61.96799
-65.33379
-66.54316
-64.30362
-65.27241
-67.92861
-70.91834
-71.58588
-71.90006
-71.52062
-72.10486
-71.75950
-72.32542
-70.31926
-70.80990
-73.26668
-71.96781
-73.83997
-71.21740
-72.81245
-66.89970
-62.99592
-64.87555
-64.61371
-66.03159
-66.46640
-66.05867
-68.07148
-71.50087
-69.40249
-66.89989
-70.14864
-68.44200
-67.06180
-67.82565
-67.82950
-68.74236
-69.64124
-73.76912
-72.40649
-72.06380
-65.13473
-62.20831
-63.09052
-62.80008
-64.25496
-64.42003
-65.66421
-65.92959
-66.32594
-66.53806
-66.84185
-67.52995
-68.34923
-68.78551
-68.46557
-68.71436
-68.05507
-69.96772
-64.35825
-61.95317
-64.21805
-64.37262
-66.02519
-66.84344
-69.31258
-71.42394
-71.25167
-72.30470
-70.98420
-71.44712
-69.25435
-70.81675
-71.61194
-72.91799
-71.65772
-72.92793
-70.26158
-72.03939
-66.75627
-62.39968
-66.09384
-66.48516
-68.16734
-67.28922
-68.18125
-69.78260
-69.77371
-69.95707
-69.56688
-69.49715
-68.54311
-69.69390
-69.78917
-70.11374
-69.88433
-69.94674
-70.67502
-72.14242
-75.83651
-67.73653
-61.52237
-61.44597
-62.46748
-62.91653
-64.04918
-64.76979
-65.79103
-66.00763
-66.67395
-66.64891
-66.77946
-67.96121
-68.63885
-68.19734
-68.20490
-68.48909
-67.92014
-69.17014
-64.33802
-64.23526
-66.82699
-65.54389
-66.82324
-67.70044
-67.21503
-68.23298
-69.91821
-72.85012
-74.65743
-72.38450
-70.24167
-68.75429
-68.53022
-70.70461
-70.90058
-73.01832
-72.36495
-72.95900
-71.67658
-62.79482
-63.02072
-62.60287
-63.69921
-65.78629
-65.73223
-67.82714
-67.56733
-68.01736
-68.06052
-69.85411
-69.14536
-70.10178
-69.14880
-69.23400
-68.55955
-68.33954
-70.33910
-73.33506
-75.69272
-65.41400
-62.27745
-62.37896
-62.58671
-63.15591
-64.15536
-65.35583
-64.47191
-66.35823
-66.20787
-66.23896
-67.78396
-70.55261
-68.68375
-67.31600
-67.40448
-67.25101
-71.95276
-64.62869
-61.23842
-62.23761
-64.30861
-65.45399
-67.43634
-71.80918
-70.67824
-68.84443
-71.02303
-72.20607
-72.06611
-70.15976
-69.72312
-69.49765
-73.65098
-73.58102
-73.69097
-70.24332
-68.70714
-72.36373
-61.69345
-62.39533
-66.27672
-66.55598
-68.32212
-68.47285
-68.44471
-67.60701
-67.91268
-67.40106
-69.22339
-68.80738
-69.34199
-69.16115
-68.74309
-68.25352
-67.86469
-68.51215
-70.10597
-74.55627
-67.62411
-62.30148
-62.10735
-61.73443
-61.87815
-63.24670
-64.20083
-65.17999
-64.80753
-64.66656
-65.83409
-68.12693
-68.24558
-68.94470
-67.02015
-66.30211
-68.71463
-67.07941
-67.06590
-63.36888
-63.43987
-65.06979
-63.27049
-65.50152
-67.50139
-69.40086
-70.31607
-70.21039
-68.24640
-67.84979
-69.13572
-68.41517
-69.42514
-70.32639
-72.13452
-69.90643
-69.76884
-68.15340
-70.96948
-66.69313
-63.00989
-65.25128
-61.60773
-63.09312
-65.38831
-65.81745
-68.73834
-69.51636
-69.78553
-69.69339
-70.41726
-69.62928
-71.88220
-72.14490
-72.68881
-72.06737
-71.23860
-72.06488
-71.65470
-71.67857
-64.96228
-61.79278
-61.57007
-60.92774
-61.90206
-63.22845
-64.15923
-64.85575
-65.75728
-66.23708
-65.41467
-66.41578
-66.87278
-66.27736
-67.55506
-67.80222
-67.31835
-67.16220
-63.19074
-59.32000
-58.96853
-59.60672
-62.26351
-65.31030
-67.85265
-67.94501
-67.35920
-68.57006
-66.84962
-67.76169
-68.34226
-71.52178
-73.51459
-73.38560
-71.06654
-70.59685
-69.50972
-70.67415
-68.90781
-61.94928
-59.14207
-61.42950
-60.58207
-60.01495
-64.28365
-63.55145
-65.75523
-68.32839
-68.68716
-68.68110
-68.29220
-68.02456
-67.53160
-68.06809
-67.94194
-69.19525
-72.38393
-72.03378
-73.48220
-67.87455
-61.74364
-62.54588
-63.15683
-63.58856
-64.95590
-64.60111
-65.29615
-65.55443
-66.06234
-65.93001
-67.27990
-67.66492
-68.84119
-69.23676
-68.86134
-68.14608
-68.02590
-68.59267
-63.61341
-65.13166
-64.46203
-60.57923
-60.99494
-63.59715
-65.57530
-67.86533
-70.42223
-69.21502
-70.34208
-69.54230
-70.67081
-68.82240
-68.29985
-71.55823
-70.83853
-72.31846
-69.95572
-73.74509
-64.73572
-62.93595
-66.71156
-62.26692
-60.95737
-62.66181
-63.84664
-62.79195
-65.74830
-67.17016
-68.91257
-67.33720
-67.35090
-69.99147
-68.39524
-66.48840
-67.83072
-69.46275
-69.55044
-70.99995
-71.21093
-65.17536
-61.86751
-64.93211
-62.31278
-63.26979
-64.01557
-65.70786
-68.09919
-64.58347
-64.46461
-67.08293
-69.92686
-67.33418
-67.96700
-69.40210
-70.78420
-68.03974
-70.30337
-64.25060
-60.78882
-59.84143
-59.04765
-65.06227
-67.43341
-68.50895
-69.66423
-68.79375
-67.59055
-65.61160
-66.99623
-68.90256
-72.87164
-71.82331
-71.61060
-67.85448
-73.01140
-69.51732
-68.63848
-70.20545
-60.67768
-59.37640
-59.90033
-59.17174
-61.55975
-65.85603
-65.79615
-67.42418
-68.12718
-69.01349
-69.82693
-69.71780
-69.45736
-69.27679
-68.89498
-68.46925
-68.13830
-70.74001
-72.98583
-72.41404
-66.41875
-59.93701
-61.89450
-64.81494
-63.76633
-63.37531
-62.63744
-63.72231
-66.43988
-68.42203
-66.14405
-66.76515
-66.80119
-66.05387
-68.66711
-69.43144
-65.10288
-68.57217
-67.83659
-62.27131
-66.17037
-61.85748
-59.55997
-61.52433
-63.47086
-66.30049
-67.16367
-68.07254
-68.30446
-71.00883
-71.33520
-72.22756
-71.40555
-70.71576
-69.86400
-70.66485
-69.95757
-71.20081
-69.38846
-65.40518
-63.97319
-61.23548
-57.62163
-58.30871
-62.84712
-63.70901
-65.34671
-67.07659
-68.33615
-67.41478
-67.56887
-68.70151
-68.40283
-68.58894
-68.43546
-68.71463
-70.60459
-70.58044
-70.47386
-70.53434
-67.49020
-67.29748
-68.52080
-70.04864
-70.18629
-71.49406
-72.33755
-72.09360
-73.21385
-73.40235
-73.82741
-75.99892
-77.14361
-77.91438
-78.12442
-75.15120
-71.74775
-74.92463
-66.80094
-60.93900
-61.39627
-64.15048
-67.40309
-67.14620
-69.12679
-69.51694
-70.45867
-70.76686
-70.87698
-71.02067
-70.55501
-71.28255
-70.56964
-71.53820
-70.34327
-72.12280
-69.91017
-75.05285
-68.08346
-63.23201
-64.22320
-63.66401
-65.33904
-67.06786
-68.83166
-68.35935
-68.80214
-69.23281
-69.41264
-69.50158
-69.74659
-69.82398
-69.64303
-69.58290
-69.83343
-69.32406
-71.26615
-75.76196
-77.07821
-76.47970
-68.99963
-68.63751
-69.83523
-69.16809
-68.83209
-69.50115
-71.32700
-73.79422
-74.77375
-73.42220
-73.75840
-75.42278
-78.09467
-79.09577
-78.62629
-72.56937
-73.68531
-70.28535
-64.77484
-65.89043
-68.27610
-64.28196
-64.38714
-67.00862
-67.84403
-69.02418
-69.62129
-70.19474
-70.16966
-70.87187
-70.16536
-70.82279
-70.18806
-71.13794
-70.04445
-71.50879
-70.01294
-77.05531
-67.82158
-62.73880
-67.00232
-64.54684
-64.44709
-66.43991
-67.99871
-65.84850
-67.21651
-69.12298
-68.31895
-69.57137
-69.33581
-69.48253
-69.39219
-69.07304
-68.66088
-70.17373
-72.21992
-75.47420
-77.88540
-73.80688
-72.01296
-71.14636
-69.81037
-71.77806
-72.78348
-73.04280
-72.27010
-72.15853
-72.21489
-72.98666
-74.79782
-75.22042
-76.51404
-77.47184
-72.66870
-72.56616
-71.90440
-66.23503
-62.44287
-60.53755
-60.99167
-64.27756
-67.13218
-69.21685
-70.80375
-70.85121
-71.52877
-70.99735
-71.71091
-70.87177
-72.07198
-70.89184
-72.01762
-70.84906
-72.41308
-70.56913
-74.47127
-69.90484
-63.48724
-64.18242
-61.10431
-63.02965
-65.41793
-65.57379
-67.59756
-68.23247
-68.27374
-67.82643
-68.05983
-67.88340
-67.99487
-67.82708
-68.10590
-68.15437
-68.64311
-71.80317
-74.97444
-77.24717
-78.04374
-71.44364
-68.02336
-68.71373
-70.80534
-70.51157
-71.19172
-71.14413
-71.18163
-71.16897
-72.08265
-71.87660
-73.83636
-75.38931
-77.51848
-73.94924
-71.84353
-72.08055
-72.06363
-69.94796
-62.87849
-60.32093
-60.72019
-63.42648
-66.50827
-68.43067
-69.52336
-69.68055
-69.96009
-69.74791
-69.91538
-69.87200
-69.95307
-69.90410
-69.78231
-70.01700
-69.86904
-71.38213
-74.09284
-72.51142
-63.09333
-59.83619
-60.96113
-62.98905
-64.78009
-65.19102
-67.00980
-67.39519
-67.21935
-67.53119
-67.75797
-67.58363
-67.70967
-67.60125
-67.61211
-68.38463
-71.50892
-73.58200
-77.26175
-75.35555
-69.29709
-66.78139
-65.87441
-66.68817
-66.81731
-67.86424
-67.90855
-67.47867
-65.97683
-65.25147
-66.64119
-68.58946
-69.82921
-70.66664
-69.63367
-67.95804
-67.47288
-69.40542
-64.63450
-59.94418
-61.75643
-63.97376
-65.21538
-67.16561
-68.32515
-69.62226
-71.65170
-71.98358
-69.90755
-70.39075
-71.22242
-76.03741
-72.56674
-68.99478
-67.96390
-69.95542
-71.88827
-73.63559
-65.03449
-61.09739
-64.62439
-64.03774
-65.18244
-67.52557
-67.62461
-67.78124
-67.54640
-67.64121
-67.80555
-69.41557
-68.37338
-72.06907
-65.67214
-61.68186
-62.77679
-63.74776
-67.97595
-68.41247
-66.95569
-66.48405
-66.79279
-67.87144
-66.71116
-66.94726
-68.09670
-67.57765
-68.16563
-69.01292
-71.23057
-70.83746
-69.25545
-67.60089
-66.61207
-68.80764
-70.61929
-72.01315
-68.81178
-68.20041
-63.36643
-64.31748
-67.48565
-67.63752
-68.94539
-66.37413
-66.33143
-67.38641
-70.29960
-71.58013
-70.82752
-69.99246
-68.48183
-68.03806
-68.85224
-69.14534
-70.60038
-71.35953
-71.72419
-68.03175
-64.72990
-62.14502
-64.32072
-65.02994
-66.05941
-68.45467
-66.88117
-67.65854
-67.40697
-68.46862
-68.89124
-68.42119
-68.61656
-69.79614
-65.42900
-65.21746
-65.56734
-65.32065
-66.37181
-66.72511
-65.69375
-65.87486
-66.93616
-67.39643
-68.14915
-68.25537
-67.57133
-66.69716
-66.91185
-66.95995
-66.89983
-66.04867
-66.05816
-67.16333
-68.20305
-66.85696
-65.83004
-65.52384
-66.65199
-62.23831
-60.04989
-62.81479
-64.00911
-64.64702
-66.39502
-68.19806
-68.42385
-68.76693
-67.30148
-66.18766
-67.18170
-68.72162
-73.90272
-71.26323
-67.11236
-65.25708
-67.30207
-69.10761
-72.42816
-62.93350
-58.76043
-62.47387
-63.88476
-66.30018
-67.21853
-69.45026
-69.85227
-71.11469
-73.90669
-72.94968
-73.45512
-73.39609
-74.23807
-73.43559
-73.73678
-71.64730
-70.90471
-72.71741
-74.95649
-65.62584
-64.56480
-67.28628
-67.10946
-66.18171
-67.34454
-68.80195
-67.84495
-67.92592
-68.01305
-69.97575
-69.67694
-70.09459
-68.51834
-67.64076
-68.29776
-70.22508
-71.01718
-68.83840
-67.75248
-62.02383
-61.12979
-65.07276
-67.23271
-68.56877
-67.37123
-67.28797
-68.50890
-69.25211
-70.51437
-70.38810
-69.56159
-68.45909
-68.26487
-68.86113
-68.42394
-69.28909
-71.61791
-70.62109
-72.24900
-65.31241
-62.35767
-66.02014
-67.02537
-67.88236
-67.81302
-68.09510
-68.79964
-70.67980
-73.11407
-73.24791
-71.77426
-70.65946
-69.90333
-65.64460
-66.18777
-66.40201
-65.91652
-66.06514
-66.75511
-67.46047
-67.05055
-66.78471
-66.28325
-68.28574
-68.06043
-66.77399
-66.19718
-66.44440
-66.11853
-67.17763
-69.29554
-67.91611
-66.38251
-65.47299
-65.34877
-68.67323
-69.90034
-69.78587
-65.81937
-62.35558
-65.88218
-69.35981
-71.49811
-70.62098
-68.04948
-66.72436
-66.67202
-68.77077
-70.38683
-73.94073
-69.91291
-67.68474
-67.84139
-68.25460
-68.44595
-68.26946
-69.05899
-69.27877
-67.25106
-63.36790
-66.30749
-70.17059
-68.36715
-68.29390
-67.92468
-67.39835
-66.93205
-67.39567
-66.85406
-67.65629
-66.38657
-68.73280
-67.30102
-64.25008
-64.25400
-65.31880
-66.03269
-63.39659
-64.18952
-64.52749
-64.97601
-66.87768
-66.89018
-67.38253
-68.44549
-67.71666
-68.38049
-67.87660
-65.69965
-65.87581
-68.39052
-67.35989
-67.06933
-69.10269
-69.44261
-71.27559
-66.20725
-63.20284
-59.57975
-58.97253
-62.77700
-63.35841
-62.27188
-61.94619
-62.06334
-62.70713
-65.83147
-68.94562
-67.04766
-66.51367
-67.36559
-69.08388
-67.69364
-67.78938
-67.42238
-67.93332
-69.43817
-70.10650
-62.33805
-58.57496
-60.61433
-60.85305
-63.31124
-63.00701
-63.88916
-64.68008
-64.49912
-68.69596
-69.37460
-66.99945
-64.03097
-65.31375
-65.23668
-63.33754
-62.45990
-65.99456
-66.35828
-66.63897
-67.60092
-62.95851
-62.91611
-64.29320
-66.13331
-66.63652
-68.15682
-68.83825
-63.43588
-62.20669
-63.63238
-64.71395
-64.69466
-66.41353
-72.27189
-71.94498
-69.91952
-67.78453
-71.66172
-66.64418
-60.13402
-62.03463
-64.31032
-65.32045
-65.39133
-63.51817
-63.70590
-64.22218
-62.62792
-64.16680
-67.50622
-70.46932
-71.07868
-70.15462
-70.79901
-66.54773
-69.81536
-70.57744
-75.43908
-65.03736
-58.88131
-62.26494
-64.57966
-66.24939
-67.89896
-69.43429
-70.07208
-70.77825
-74.76250
-74.23723
-75.21821
-71.76306
-73.42041
-66.37102
-64.04966
-67.18931
-65.03239
-63.66134
-64.17959
-64.37141
-63.58505
-65.37298
-67.40503
-68.22633
-69.53990
-70.01493
-70.35659
-70.43575
-70.28594
-69.87244
-69.09579
-68.52539
-68.77252
-68.96931
-70.37927
-72.95882
-72.18290
-71.73864
-62.64340
-59.62506
-62.78078
-66.10712
-70.20945
-70.44045
-70.22365
-69.30981
-71.98491
-74.75562
-74.28147
-72.78660
-73.27261
-72.67832
-71.85512
-74.59524
-73.27999
-72.08568
-70.78945
-75.01111
-65.28509
-61.42157
-62.87510
-65.46313
-69.77283
-70.20368
-71.52951
-71.78630
-72.39441
-72.53613
-73.42840
-73.32680
-72.83267
-72.34842
-73.47333
-74.19023
-72.20703
-71.08517
-70.04899
-71.33217
-72.75712
-75.26159
-65.81464
-62.31833
-63.42304
-63.40150
-64.12957
-64.46855
-65.02981
-65.23383
-65.70681
-65.85739
-66.19312
-67.88711
-68.22855
-68.85774
-69.17429
-68.25830
-67.17168
-67.87673
-68.20739
-66.82991
-67.13367
-67.25009
-67.67170
-67.56561
-67.67150
-68.67908
-68.88461
-69.17725
-68.14425
-68.29046
-67.62249
-68.07698
-68.96785
-69.11867
-69.13231
-68.50105
-69.25953
-68.77252
-72.16516
-69.40392
-65.76812
-66.54344
-66.04256
-66.13627
-65.62308
-65.38225
-66.19085
-66.21422
-66.32884
-66.16727
-66.03376
-65.99834
-65.75911
-65.86832
-66.44157
-67.26549
-70.34574
-71.06963
-72.97437
-70.00139
-62.90250
-62.99050
-63.55157
-63.77708
-64.28872
-64.89505
-65.33798
-65.05243
-66.52466
-66.79433
-68.08964
-67.97026
-68.69208
-67.75841
-67.75787
-68.72776
-68.39577
-68.96154
-68.20842
-68.57247
-68.71177
-70.19862
-72.01637
-69.94188
-68.88492
-66.83024
-66.23019
-67.12476
-68.14074
-70.75093
-69.87098
-68.81883
-68.08249
-67.39670
-67.66865
-67.46695
-68.22005
-71.98848
-68.44813
-66.03871
-66.08656
-65.64882
-66.27034
-65.60548
-65.65989
-65.97302
-66.35250
-66.29643
-66.18322
-65.87613
-66.09539
-65.73753
-65.74918
-66.10301
-66.49913
-68.74285
-71.30933
-71.48393
-73.14501
-66.10725
-61.82711
-63.93455
-63.96229
-63.33873
-63.25025
-64.42802
-67.59416
-65.14405
-63.92640
-67.87619
-69.72419
-68.52280
-69.09899
-70.59175
-68.46534
-68.39324
-68.41479
-68.02494
-69.56151
-69.05217
-66.98871
-65.82933
-69.35631
-69.58439
-70.96515
-69.06813
-69.76006
-69.55631
-68.89496
-68.14722
-66.28895
-66.32755
-70.32014
-70.61468
-66.41294
-70.89640
-69.47050
-73.96026
-70.06224
-65.88635
-66.03427
-65.88953
-65.69845
-65.48802
-66.38211
-66.21069
-66.37890
-66.06027
-66.13616
-65.78951
-65.89113
-65.42281
-65.85984
-66.45803
-67.60925
-70.70912
-71.51790
-72.87813
-69.67261
-63.30191
-61.86536
-61.89117
-62.74063
-63.50098
-63.41623
-63.20010
-63.76753
-66.42472
-72.20915
-66.86518
-66.53316
-70.06635
-65.33336
-67.93624
-69.20544
-69.18126
-67.89461
-65.63834
-67.13566
-67.66861
-65.82978
-67.58273
-69.49565
-68.34135
-68.69258
-69.02252
-69.91733
-69.58606
-69.34175
-69.08915
-68.28575
-68.65831
-69.93764
-69.43173
-70.02710
-70.15392
-70.06504
-70.13016
-67.22037
-66.67911
-66.67100
-65.54594
-66.45588
-64.85323
-64.90055
-67.66888
-66.87632
-64.28402
-66.32001
-66.09260
-64.37590
-65.79277
-64.65330
-66.40132
-66.78606
-70.16349
-71.26548
-70.77604
-66.06145
-62.20749
-63.15150
-62.99922
-64.29342
-64.82633
-65.56977
-65.87206
-66.23867
-66.17906
-66.59109
-67.84936
-68.68069
-69.75435
-69.34455
-68.79925
-67.71917
-67.72153
-67.76628
-67.00074
-67.34228
-67.29154
-67.67344
-67.57959
-67.37378
-68.74022
-68.34784
-68.74925
-68.04532
-68.42851
-67.55744
-67.98714
-68.86538
-69.11258
-69.42705
-68.31214
-68.87820
-68.65984
-71.82805
-69.21744
-66.19300
-66.32638
-65.89829
-65.86227
-65.66065
-65.26485
-65.84737
-66.10455
-66.39325
-66.34793
-65.47593
-66.20445
-66.15800
-65.82324
-66.27802
-66.42590
-68.96155
-70.24992
-72.37582
-70.26058
-62.97963
-62.47522
-63.37577
-63.85181
-64.45706
-64.90480
-65.21557
-64.95013
-66.13761
-66.55399
-67.62936
-68.10486
-68.32759
-68.19065
-68.15944
-68.33422
-68.68943
-68.47215
-65.56089
-64.77747
-64.84671
-64.57254
-66.47735
-67.59952
-69.63253
-71.50762
-70.03813
-67.89397
-66.43202
-67.25140
-68.48055
-70.11860
-70.54927
-69.91181
-69.61628
-68.58091
-68.40637
-72.45626
-69.24078
-66.22443
-66.39106
-66.00850
-66.42701
-65.59373
-65.44320
-65.67025
-66.15062
-66.05976
-65.85268
-65.75588
-65.92764
-65.55455
-65.67795
-65.87702
-66.04406
-66.87196
-68.73645
-70.17829
-71.52283
-65.73650
-61.86585
-63.92748
-63.17535
-63.24362
-63.82344
-65.46753
-67.71222
-64.15084
-64.31199
-68.40138
-67.80955
-66.89757
-68.11816
-71.01803
-71.52877
-69.64646
-69.52282
-67.39593
-67.21064
-66.85075
-66.70592
-66.09058
-70.38522
-72.24653
-71.34727
-68.62595
-67.36140
-67.47638
-67.24789
-68.15766
-67.39651
-67.02973
-70.42083
-73.07884
-66.95879
-71.40343
-72.20546
-73.93777
-70.24519
-65.86876
-66.42639
-65.57768
-65.52884
-65.73129
-66.31744
-66.01054
-66.10309
-65.97660
-65.97811
-65.67130
-65.76387
-65.29979
-65.84637
-66.37195
-66.08465
-68.16816
-69.55235
-71.73254
-68.69070
-61.91929
-60.65539
-61.33743
-62.83084
-64.78537
-66.26956
-66.36770
-67.82719
-72.25026
-67.93643
-63.46499
-66.08408
-69.05958
-66.09866
-69.15779
-69.43663
-68.80318
-67.71799
-66.08938
-67.76873
-66.77945
-65.57747
-68.08065
-69.26561
-67.68213
-68.37737
-68.67281
-69.27923
-69.73213
-69.28032
-69.26549
-68.40398
-68.42295
-69.73347
-69.31762
-70.37876
-70.11246
-70.55398
-68.66416
-64.64369
-64.19623
-64.19162
-65.07736
-66.08886
-67.41594
-67.13058
-65.14955
-64.93396
-67.60011
-65.36434
-65.42624
-66.92091
-65.34277
-67.20021
-65.79000
-68.98832
-70.68210
-71.65664
-72.39779
-69.21256
-70.15719
-71.52763
-73.31682
-74.62801
-78.28987
-80.23198
-84.05447
-85.64310
-89.80269
-90.84053
-95.25702
-95.90114
-99.80713
-100.68771
-103.26183
-105.38555
-107.46997
-112.30616
-110.93939
-131.29558
-114.08557
-122.64909
-115.75832
-119.01932
-116.55083
-118.80235
-117.47395
-119.77171
