-90.55759
-79.17143
-61.16878
-60.05631
-61.17897
-62.91833
-65.05746
-64.59870
-64.44237
-64.38046
-65.29785
-64.77035
-65.88420
-66.67017
-64.37761
-61.85473
-62.11854
-61.72540
-63.09839
-62.50846
-58.40576
-60.06760
-62.36579
-63.51080
-63.28100
-61.85494
-62.25348
-63.77106
-66.77646
-67.55016
-68.54197
-65.83996
-63.11287
-61.85287
-61.67629
-62.34463
-62.84773
-62.94448
-63.39038
-63.28334
-63.03455
-63.20144
-62.28295
-61.23023
-61.08064
-61.61937
-62.20248
-62.17617
-62.57677
-64.67013
-66.43362
-66.71012
-66.68613
-66.25817
-66.40574
-64.96442
-63.40751
-62.31871
-63.07429
-63.08650
-62.42362
-66.38349
-69.05377
-68.58025
-68.01288
-67.20176
-66.12709
-66.47378
-64.96047
-63.71941
-63.88462
-65.22967
-66.09690
-65.10832
-65.68881
-65.81187
-64.99462
-65.27206
-65.54237
-64.33927
-64.04834
-64.28399
-64.69939
-66.25544
-68.61584
-67.20102
-68.33235
-69.34338
-67.85256
-67.75749
-68.18366
-66.17025
-66.09270
-67.88071
-67.53474
-67.76065
-69.04730
-68.61552
-65.55155
-63.84406
-62.95621
-63.24555
-63.94565
-66.29308
-66.84528
-67.82407
-67.90400
-66.93132
-67.24859
-66.20091
-66.47262
-65.70899
-65.16839
-64.70377
-63.85521
-63.52412
-64.66851
-64.88130
-65.20638
-62.25478
-61.33480
-65.06878
-65.14456
-64.94872
-65.72164
-67.28614
-67.83693
-69.46900
-70.05763
-68.77549
-68.84008
-68.32071
-66.70427
-67.60337
-66.95126
-65.58288
-65.68276
-65.68704
-63.72149
-59.42945
-59.58881
-60.43720
-63.72555
-65.30103
-63.29078
-63.01465
-63.99206
-64.49256
-64.40576
-65.38850
-66.00629
-65.68639
-64.82920
-65.51437
-66.85528
-69.74059
-68.25669
-70.11558
-61.03593
-58.82331
-58.37766
-58.26332
-60.44917
-60.68663
-62.91665
-63.62074
-63.77399
-62.60045
-62.42765
-62.44311
-61.92239
-62.20263
-62.73772
-62.55660
-61.76056
-60.83033
-60.68511
-61.28698
-61.95574
-60.23836
-62.41410
-64.54152
-64.22754
-66.01473
-65.98427
-66.93226
-66.41483
-65.45072
-63.95999
-63.96443
-64.86837
-65.84789
-65.91429
-65.87131
-65.85801
-67.11538
-66.34498
-64.53874
-61.48607
-63.21058
-66.52471
-65.49702
-66.68173
-66.74038
-68.06577
-68.37917
-69.79175
-69.42000
-68.38596
-67.77193
-67.02410
-66.17477
-65.57938
-64.29913
-63.76271
-63.30098
-63.90403
-64.92848
-63.88894
-62.59970
-62.59713
-64.15497
-63.93572
-65.10367
-64.72777
-64.97994
-66.05092
-65.94605
-67.57540
-68.75960
-68.41385
-68.71687
-70.15661
-70.47884
-71.01485
-70.93235
-70.28371
-69.24787
-68.06355
-63.57023
-61.64152
-63.06777
-64.61054
-66.08474
-67.04954
-66.15097
-66.75411
-67.15956
-66.91537
-68.02322
-68.83108
-67.42857
-66.63102
-66.20685
-63.85087
-62.95320
-63.63959
-62.56421
-59.63706
-59.73317
-60.60965
-61.08596
-62.24227
-62.61704
-62.55106
-62.00042
-61.23246
-61.33024
-61.38559
-62.12325
-63.91118
-65.76742
-67.86764
-69.28897
-69.10275
-66.73558
-66.21347
-65.53485
-64.28099
-61.09304
-62.04767
-63.87387
-63.98564
-62.84824
-61.07903
-61.92783
-62.77975
-64.81852
-64.78306
-64.80225
-64.01379
-62.44072
-61.52069
-62.00503
-63.13213
-66.74905
-68.16541
-68.45276
-65.56222
-61.01676
-61.44213
-62.53433
-62.86487
-62.54478
-62.58700
-62.56063
-62.77230
-62.93512
-63.84653
-64.00034
-64.40522
-64.84798
-64.65761
-64.90799
-64.58495
-62.38998
-60.77482
-57.94323
-57.96865
-60.23128
-58.14902
-58.06094
-58.84985
-59.69989
-60.70378
-63.02166
-63.72834
-66.03027
-66.36119
-63.16154
-63.15755
-63.91907
-64.40195
-64.77458
-66.67728
-65.81668
-67.03932
-60.18364
-57.75030
-57.56641
-55.76893
-56.33159
-59.31089
-63.89527
-67.19952
-68.64228
-68.40553
-71.01457
-69.56670
-67.06681
-64.58607
-62.94887
-62.35345
-62.36725
-62.79143
-63.52215
-64.97307
-64.19352
-63.71402
-64.72962
-64.96065
-65.38841
-66.13359
-66.49837
-66.69469
-66.73979
-67.38802
-66.47356
-66.34777
-66.32106
-65.52473
-64.50269
-64.32732
-63.78323
-62.87766
-62.46919
-61.00452
-59.23518
-58.89976
-60.93352
-63.19749
-65.48475
-65.87995
-65.98315
-67.38927
-67.78232
-69.24670
-70.75719
-72.30092
-70.67596
-69.46943
-69.02268
-68.66715
-67.24722
-65.81396
-64.87023
-64.10666
-61.05470
-58.94331
-60.78658
-61.70335
-62.63010
-65.28197
-65.47480
-64.93678
-65.67805
-65.81144
-64.04960
-63.13524
-62.93795
-63.79135
-65.24383
-66.16500
-66.23238
-66.30818
-66.54296
-66.06537
-65.31422
-63.53188
-63.58249
-64.79912
-65.20263
-65.94757
-67.68383
-66.65050
-65.82756
-66.89825
-67.10418
-67.52802
-65.37748
-66.16164
-64.59432
-65.30679
-64.49698
-65.70358
-61.41897
-55.74390
-57.86917
-60.84498
-63.01755
-65.32047
-66.67988
-65.72881
-66.75603
-66.01264
-67.37630
-70.16583
-67.97624
-70.99408
-69.40570
-69.88389
-68.88283
-68.39529
-67.94526
-68.51440
-65.94880
-59.91435
-57.51647
-58.31503
-62.29194
-67.30816
-68.60307
-70.01924
-70.16310
-69.75728
-69.08056
-67.64921
-65.95012
-65.45120
-64.97800
-65.95817
-66.98383
-69.09313
-69.57257
-71.29190
-67.59580
-62.55936
-63.30011
-61.25413
-61.01966
-60.86709
-62.46066
-63.60500
-62.92162
-62.98288
-62.90621
-64.94977
-63.86202
-63.26863
-65.52989
-68.51378
-65.32193
-65.49326
-63.39334
-63.32077
-61.41091
-58.32175
-60.87233
-62.11888
-64.20388
-63.91407
-62.85770
-64.83117
-64.25221
-62.17171
-61.81395
-62.09074
-59.47969
-58.91405
-59.12224
-59.49805
-59.75970
-61.87054
-64.89015
-63.18174
-62.88423
-62.74384
-61.54977
-60.82947
-62.58179
-64.68238
-68.44291
-69.46871
-67.30389
-67.21754
-66.63626
-66.97439
-67.63263
-67.93235
-65.73054
-65.00680
-62.54773
-62.69344
-63.72261
-66.47474
-65.44826
-63.55044
-69.33578
-68.64042
-67.79024
-65.85984
-66.26052
-66.37933
-66.19930
-66.44603
-65.43145
-66.40796
-65.43062
-64.50573
-65.11486
-66.27407
-64.96283
-64.39487
-63.49076
-64.21893
-63.58544
-62.42221
-61.68449
-61.38541
-61.32434
-60.76692
-61.24684
-60.83709
-61.80988
-61.48129
-62.36656
-63.12457
-61.45824
-61.49006
-62.35515
-62.82099
-62.35776
-63.72713
-63.76902
-63.03498
-62.61035
-62.07683
-62.19611
-62.50503
-63.42743
-63.70368
-64.49401
-68.21445
-72.76578
-73.56075
-75.63091
-73.97361
-71.86219
-71.39233
-70.40212
-68.63571
-67.91488
-67.44447
-69.00959
-67.97792
-62.57357
-62.78356
-65.68421
-66.21247
-65.40263
-65.14954
-65.54323
-64.41267
-64.42758
-65.33614
-65.19241
-64.07432
-63.67039
-63.94799
-63.45737
-63.24699
-62.78887
-63.42081
-63.12039
-62.07932
-60.12551
-58.51564
-59.61634
-63.28591
-63.34473
-61.58402
-61.55412
-61.52550
-62.79060
-63.02605
-63.01151
-61.94477
-61.78556
-62.16965
-62.32821
-63.01125
-64.65795
-63.41532
-65.47961
-62.27153
-58.94503
-58.21436
-56.70102
-58.32116
-60.36307
-63.19709
-65.09079
-68.52792
-69.98296
-70.53950
-70.62438
-67.50698
-65.67556
-64.90126
-64.60822
-63.51187
-62.73862
-63.85662
-67.57221
-64.70800
-61.78698
-62.94735
-63.66567
-64.21670
-65.67673
-66.54930
-66.76138
-66.57134
-66.18841
-65.06504
-65.31205
-64.86856
-64.40709
-63.71306
-63.07594
-62.83636
-63.15603
-62.73908
-62.94710
-61.72933
-62.27951
-64.07086
-63.92381
-62.99452
-61.60493
-61.92984
-60.66430
-61.34185
-61.32453
-62.00804
-62.54083
-62.44861
-63.87845
-64.57117
-64.73162
-63.54716
-63.88936
-64.29000
-64.66813
-64.05418
-63.01043
-62.97795
-64.02567
-64.04650
-64.47175
-65.72861
-67.06577
-69.43224
-70.61719
-69.03508
-70.60875
-71.06907
-71.16680
-73.68877
-73.01955
-74.34241
-73.65788
-73.29479
-73.80866
-72.05100
-63.52725
-62.23661
-64.51444
-65.13215
-66.70384
-66.32132
-66.79536
-66.18311
-66.50230
-65.66104
-64.08380
-63.71782
-63.32562
-63.64424
-63.65128
-62.93065
-62.33056
-62.28531
-60.37683
-58.91758
-60.16784
-61.69628
-63.24933
-64.85431
-64.60853
-64.11019
-64.20673
-63.60043
-62.50888
-63.12666
-63.27236
-62.56726
-63.33259
-64.44667
-63.87611
-63.51162
-63.39706
-62.93145
-62.19581
-59.95981
-59.53593
-60.80742
-61.08111
-60.99045
-62.70043
-67.17067
-67.58229
-67.45136
-66.30867
-64.54148
-64.41153
-64.24833
-64.24448
-63.86410
-65.17281
-65.54321
-67.20484
-68.58926
-69.83483
-63.37917
-60.77051
-62.36638
-62.36203
-63.29446
-62.90726
-63.91888
-63.83370
-63.80552
-63.97230
-63.61046
-64.80930
-64.64917
-64.85802
-65.51048
-65.20011
-66.14214
-63.47203
-60.72009
-58.29643
-57.60512
-59.73931
-58.96843
-57.88154
-58.52444
-60.53941
-63.18714
-65.40418
-65.63832
-63.62881
-61.10310
-59.66723
-59.61214
-59.93677
-59.27132
-58.97269
-59.62723
-60.03168
-61.36079
-59.33867
-57.97908
-58.31553
-56.64178
-56.10697
-57.65016
-60.26482
-64.00379
-68.51353
-69.66012
-67.78321
-67.67011
-68.68638
-67.97248
-65.62715
-63.48146
-61.82651
-61.78713
-62.68948
-63.52606
-62.84459
-62.94484
-64.68211
-65.24073
-65.78101
-66.27950
-67.25650
-67.00234
-66.97594
-66.25231
-65.59362
-65.46491
-66.01138
-66.16321
-65.25305
-64.74954
-63.80104
-63.22884
-62.66011
-62.79974
-60.55600
-58.42345
-59.69773
-61.07597
-61.10412
-61.00158
-60.98760
-60.85110
-60.02727
-60.82394
-61.33430
-60.64258
-60.18325
-61.29541
-62.42905
-62.28004
-61.90957
-61.46121
-60.73602
-59.93552
-59.93143
-58.55012
-59.40494
-60.44837
-60.82520
-62.99441
-63.94977
-65.73255
-64.02902
-62.37394
-63.30644
-66.05397
-68.59795
-70.64240
-71.01089
-70.13041
-69.78766
-70.91341
-72.67014
-72.22725
-70.44382
-64.09029
-63.97077
-65.16462
-65.47588
-67.35020
-67.74454
-67.48583
-66.15475
-66.57696
-66.36751
-65.99701
-64.81575
-64.74727
-64.94831
-63.35437
-62.05616
-63.89064
-60.99990
-56.55026
-58.14698
-60.25537
-62.99326
-65.98090
-63.94541
-64.17252
-65.06190
-67.13729
-66.79541
-67.71199
-68.13033
-67.05730
-66.16197
-66.42570
-66.42232
-66.22020
-64.45428
-64.32422
-63.52855
-59.53789
-57.55454
-59.42842
-61.72087
-60.13488
-62.10196
-63.62325
-63.08802
-62.79854
-63.24842
-64.52784
-65.48457
-66.65117
-68.87613
-71.57836
-73.85365
-71.55550
-70.15066
-72.92850
-67.13461
-62.67047
-58.14662
-56.49927
-57.03111
-57.18753
-58.78004
-58.95953
-59.23453
-59.94169
-60.32155
-60.52230
-60.81775
-61.94959
-62.54275
-63.29178
-62.81393
-64.25529
-62.52059
-64.34984
-60.10218
-57.23935
-60.37064
-60.23532
-61.86604
-62.57336
-64.00568
-66.27464
-67.14294
-67.28400
-65.87859
-66.06806
-63.98244
-65.02100
-67.05940
-67.10570
-67.34856
-66.60972
-65.99964
-64.62174
-64.95638
-61.02348
-59.25366
-60.77541
-61.83903
-64.47672
-62.65573
-62.24238
-65.19997
-65.88806
-66.35904
-65.93392
-64.76196
-65.05085
-63.44424
-64.50357
-66.09138
-66.12406
-69.27717
-68.52874
-66.49772
-60.43405
-56.70957
-56.71376
-57.26378
-58.41361
-59.05062
-59.46524
-59.84375
-60.00951
-60.83693
-60.61207
-61.67920
-61.41935
-62.34417
-61.72060
-62.03622
-63.03539
-64.01091
-64.55935
-60.41928
-63.34782
-61.17953
-59.66048
-62.31970
-62.78098
-64.08913
-63.99582
-67.23993
-66.03230
-64.59152
-66.01494
-65.34006
-65.49541
-65.93997
-65.78559
-66.09095
-64.86048
-64.85336
-70.81671
-65.19648
-60.70118
-59.86027
-59.18166
-59.19391
-60.09472
-62.45825
-63.90751
-65.07758
-65.46668
-65.36991
-64.07553
-64.52172
-63.51261
-63.55308
-65.52757
-65.41350
-67.02915
-68.77966
-66.94549
-67.95364
-60.02431
-56.36247
-58.06089
-57.94602
-58.45783
-58.17665
-59.03143
-61.51665
-59.57489
-58.49041
-63.08539
-63.77481
-63.04014
-63.98272
-64.15760
-63.19061
-63.40563
-63.57032
-59.88115
-59.66573
-59.74060
-59.71180
-62.28874
-66.46647
-66.25312
-68.68261
-64.69308
-64.93995
-64.92909
-65.08136
-64.85989
-63.50094
-63.28004
-67.28536
-67.39995
-63.19764
-69.04480
-68.84738
-68.50112
-61.15272
-60.18827
-62.25002
-62.12061
-61.22090
-62.71640
-64.22534
-64.27105
-65.96473
-65.10337
-64.42109
-63.92318
-63.55749
-62.41001
-64.27307
-64.74669
-66.88767
-69.85651
-68.23405
-67.92067
-61.45336
-56.82431
-56.56343
-56.41777
-57.47044
-58.07692
-58.15465
-57.75792
-57.65259
-61.08555
-65.54337
-60.47910
-60.87064
-64.38699
-59.98423
-61.95410
-62.70166
-64.89616
-62.56335
-58.68313
-62.04726
-62.50681
-59.24809
-59.35558
-62.57215
-65.47943
-66.49041
-66.73455
-66.49751
-66.64112
-66.18927
-67.07038
-64.16484
-65.02215
-67.85649
-66.68918
-68.43367
-66.51984
-66.85094
-62.87122
-60.80553
-61.99323
-61.14375
-61.10798
-61.63929
-61.23692
-63.12282
-66.69966
-64.26987
-61.93318
-64.54918
-63.37458
-61.52269
-62.21338
-62.61254
-63.85838
-64.79212
-69.12455
-67.53702
-66.72797
-59.70061
-57.01758
-57.73886
-57.50208
-58.88843
-59.13140
-60.39821
-60.65949
-61.02599
-61.22978
-61.29406
-62.09908
-62.80260
-63.31855
-62.89139
-63.13578
-62.67154
-63.94986
-61.62975
-58.87147
-59.58535
-59.32230
-60.96078
-61.57639
-63.55283
-66.40500
-66.13886
-67.18808
-65.75432
-66.11955
-63.74622
-65.15695
-66.92239
-67.58113
-67.04118
-67.13675
-65.58516
-65.33208
-63.06371
-60.79166
-61.90455
-61.55714
-63.08248
-61.77563
-62.94315
-64.84920
-64.95133
-64.97086
-64.68108
-64.41681
-63.33858
-64.62900
-65.01439
-65.22481
-65.04407
-65.43282
-65.46554
-66.39550
-71.59963
-62.70080
-55.89316
-55.52097
-56.41532
-57.03780
-58.49332
-59.33883
-60.33447
-60.69652
-61.17371
-61.20812
-61.17752
-62.49133
-63.09234
-62.35756
-62.44247
-62.60792
-62.27214
-62.70395
-61.20783
-62.27207
-64.24001
-61.98189
-62.05764
-62.58838
-61.67301
-62.87063
-64.58924
-67.77704
-69.98372
-67.17420
-65.03139
-63.09827
-62.91184
-65.30850
-65.73266
-67.68472
-67.40132
-67.37588
-66.59812
-60.31681
-59.54016
-58.54117
-59.41754
-60.43924
-60.59106
-62.59414
-62.52884
-62.30990
-62.84428
-64.81557
-64.32960
-65.08839
-64.43461
-64.03873
-63.78329
-63.05866
-64.60079
-68.27731
-70.63645
-59.92153
-56.71126
-56.59080
-56.72079
-57.36841
-58.36072
-59.79729
-58.93441
-60.78114
-60.65938
-60.67266
-61.91352
-64.77834
-62.53692
-61.46367
-61.67716
-61.92377
-65.96485
-61.06162
-58.14013
-58.13632
-59.62973
-59.78237
-61.83688
-66.31125
-65.37399
-63.39119
-65.95599
-66.92151
-66.99731
-64.34977
-63.76556
-64.15916
-68.30949
-68.70510
-68.61056
-65.13562
-63.01755
-68.18842
-58.22754
-59.35171
-61.97317
-61.43408
-63.47103
-63.57016
-63.28384
-62.42658
-62.46124
-62.00522
-64.19045
-63.85229
-64.43805
-64.32604
-63.74709
-63.12321
-63.06658
-63.10814
-64.24025
-69.77782
-62.12625
-56.66649
-56.36050
-55.60211
-55.68226
-56.82077
-57.87187
-58.71645
-58.61053
-58.34069
-59.68074
-61.73725
-62.17342
-62.66610
-60.89665
-60.09733
-62.81975
-61.13240
-60.91196
-60.64693
-59.81730
-61.25100
-60.01101
-61.54844
-62.74546
-64.15472
-64.95393
-64.49802
-62.37725
-61.88377
-63.35054
-62.73704
-63.61191
-65.14180
-66.86307
-64.85627
-63.78204
-62.67173
-64.39842
-61.84486
-60.09578
-63.04325
-58.49562
-57.82045
-59.96658
-60.56017
-63.52570
-63.91473
-63.74469
-64.30220
-64.24972
-63.86272
-66.09649
-66.77952
-66.77496
-68.00725
-66.79190
-66.82244
-65.76304
-65.78124
-59.55889
-56.50867
-56.15954
-55.46524
-56.37068
-57.67843
-58.64336
-59.36635
-60.26870
-60.80681
-59.96136
-61.08044
-61.50522
-60.87763
-62.00382
-62.12253
-61.61181
-62.02473
-60.21832
-55.74509
-55.33720
-55.14966
-56.47575
-59.38456
-61.84985
-62.08391
-61.37246
-63.03318
-61.53425
-62.42009
-62.70331
-65.77764
-68.54739
-68.00547
-66.16139
-65.11701
-64.44479
-64.50128
-64.25052
-59.99913
-56.28724
-57.74332
-55.04496
-53.96336
-58.33715
-57.54821
-59.99668
-63.26923
-63.83416
-63.78943
-63.31896
-62.99502
-62.21769
-62.79827
-63.37794
-64.67863
-67.81290
-67.10028
-68.24789
-63.22108
-56.93872
-57.40203
-57.89265
-58.60979
-59.84055
-59.36018
-60.00320
-60.38567
-60.50743
-60.54537
-61.97800
-62.46936
-63.70568
-64.06390
-63.62135
-62.68672
-62.50179
-62.68486
-60.54482
-62.45196
-61.47880
-58.42129
-57.37066
-59.07268
-60.71851
-62.53770
-65.03654
-63.99572
-65.33246
-64.19291
-65.47770
-63.33300
-62.64994
-66.14976
-65.87746
-66.82124
-65.30765
-67.22303
-61.64999
-59.97303
-61.44239
-59.56736
-57.37331
-58.15947
-59.35129
-57.56834
-60.49056
-61.70333
-63.64881
-61.78426
-61.83858
-64.92900
-63.35926
-61.44423
-63.30617
-65.01717
-64.53291
-65.29771
-65.67494
-59.38339
-56.24321
-59.53147
-56.81431
-57.61843
-58.46873
-60.10602
-62.59644
-58.98564
-58.75951
-61.23903
-64.44304
-61.79776
-62.30337
-64.18214
-65.20222
-62.72554
-64.00748
-60.42562
-57.89118
-56.78194
-54.92503
-60.76120
-63.32460
-63.59866
-64.69290
-62.95564
-62.01781
-59.89906
-61.47072
-63.52799
-67.60880
-67.35680
-66.25098
-62.37016
-67.10317
-64.36750
-62.41396
-65.45151
-58.71087
-57.51637
-55.52588
-53.03797
-55.87958
-60.52401
-60.29993
-62.25525
-62.50973
-63.96492
-64.56596
-64.81761
-64.13492
-64.19162
-63.35957
-63.69258
-62.64476
-65.00488
-67.67427
-67.71041
-64.33596
-55.38812
-56.79312
-59.28989
-58.19100
-57.68396
-56.72195
-57.82550
-60.68068
-62.69176
-60.35314
-60.98129
-61.07635
-60.12838
-62.80988
-63.58186
-59.28974
-62.34123
-62.48495
-58.77988
-62.92268
-59.38738
-56.68573
-56.84447
-57.95091
-60.56647
-61.65347
-62.12222
-62.56231
-65.42141
-66.23855
-66.56262
-66.62576
-65.37839
-64.73189
-64.88376
-64.57382
-65.27930
-64.09332
-62.00170
-60.80368
-59.07249
-53.09526
-53.13476
-58.59779
-58.93706
-60.24383
-61.61440
-63.00128
-61.62087
-61.87956
-63.35918
-63.14124
-63.24513
-63.73454
-63.96723
-65.34435
-65.02301
-64.56614
-64.93712
-61.14862
-61.65166
-63.39051
-64.51847
-64.90857
-66.27338
-67.62230
-67.50487
-68.16895
-68.38151
-69.13210
-70.68491
-72.01913
-72.58777
-74.14257
-69.78412
-66.78127
-68.63598
-63.90245
-58.94165
-59.34250
-61.72847
-62.96659
-62.73644
-64.43447
-64.75834
-65.28091
-65.56777
-65.75637
-65.78236
-65.51736
-65.90662
-65.58979
-66.06117
-65.46083
-66.47439
-65.17930
-68.66331
-64.79622
-61.07390
-61.19247
-60.54814
-60.76940
-62.21994
-64.12288
-63.50894
-64.06238
-64.07299
-64.37712
-64.28213
-64.76892
-64.66239
-64.64095
-64.42439
-64.79227
-64.44252
-66.68024
-70.54531
-72.42907
-73.46757
-65.00826
-64.49816
-64.99076
-63.64623
-63.18782
-63.77500
-65.80802
-68.89308
-69.99017
-68.53087
-68.46383
-70.14008
-72.41662
-74.41380
-73.10525
-67.75954
-67.68205
-66.73104
-62.18391
-62.00937
-64.17297
-60.77749
-60.52239
-62.41316
-63.45736
-64.15040
-64.61623
-64.76186
-64.98546
-65.56939
-65.11145
-65.51992
-65.15048
-65.76122
-65.05617
-66.01946
-65.16903
-70.76620
-64.50852
-60.30448
-62.80378
-61.16172
-60.17352
-61.80592
-63.20512
-60.16758
-61.90530
-64.05158
-63.25536
-64.45704
-64.25003
-64.39380
-64.28979
-64.08841
-63.78363
-65.08411
-67.29464
-70.45555
-73.02282
-67.91281
-67.14564
-66.41120
-65.14352
-66.83734
-68.11997
-67.93500
-67.21014
-66.81229
-66.96873
-67.43943
-69.69186
-69.65795
-71.37899
-72.18391
-67.58015
-67.05195
-66.78012
-63.77949
-59.15885
-57.90666
-58.19019
-60.45552
-62.36735
-64.04787
-65.53646
-65.57156
-66.30722
-65.77970
-66.35468
-65.70893
-66.61313
-65.81521
-66.46224
-65.76695
-66.78166
-65.72391
-68.31864
-66.66451
-61.74429
-60.82071
-58.73551
-59.90745
-60.99855
-60.76973
-62.33674
-63.49359
-63.17182
-63.00647
-62.90088
-62.97769
-62.89631
-62.94384
-63.02063
-63.29679
-64.03984
-67.25857
-69.94922
-72.93410
-73.31886
-67.37883
-63.91928
-64.19932
-65.94062
-65.69152
-66.27312
-66.35553
-66.32580
-66.17708
-66.89849
-66.44321
-68.35328
-70.06673
-72.31396
-68.81620
-66.53926
-66.67786
-66.92547
-64.88151
-59.90681
-57.53846
-57.25057
-59.56105
-61.95626
-63.51188
-64.21497
-64.53238
-64.74157
-64.56890
-64.78924
-64.69218
-64.82350
-64.67633
-64.68688
-64.75450
-64.80405
-66.04565
-69.32567
-68.25597
-60.51728
-58.14701
-58.25175
-59.42699
-60.49834
-60.40122
-62.08930
-62.43264
-62.23897
-62.53772
-62.80956
-62.55442
-62.74013
-62.58221
-62.63409
-63.38368
-66.44406
-68.73925
-72.38955
-71.41018
-65.30785
-60.89492
-60.01461
-60.76236
-61.15890
-62.65330
-62.09816
-61.74502
-59.84996
-59.05961
-60.37139
-63.36911
-64.70483
-65.51011
-63.84007
-61.73050
-61.23123
-63.97588
-60.84293
-55.36909
-56.55948
-58.26833
-59.45800
-61.15554
-62.22839
-63.59509
-66.15699
-66.51069
-64.47134
-65.21438
-66.86051
-72.93980
-67.70050
-62.66448
-62.35751
-63.84927
-67.50840
-67.32249
-60.61709
-58.56976
-59.38474
-58.05926
-59.28334
-61.75025
-61.94046
-61.68073
-61.57969
-61.45691
-61.77525
-63.12728
-62.30759
-65.84823
-59.77372
-55.56351
-56.70956
-57.79394
-61.96114
-62.10191
-60.92217
-61.01109
-60.71930
-61.90382
-60.93588
-61.15636
-61.95760
-61.37795
-61.93687
-62.98565
-65.52113
-65.19099
-63.25101
-61.42147
-60.51789
-62.68921
-65.35983
-66.59219
-63.57337
-62.14194
-59.84110
-60.30140
-61.26359
-61.95968
-62.73232
-60.29685
-60.07568
-61.31295
-64.08956
-67.04833
-65.50136
-64.14730
-62.72931
-62.15217
-62.73283
-63.24188
-64.97967
-66.52947
-66.21553
-62.56351
-60.30233
-58.65011
-59.86001
-58.99180
-60.19379
-62.29594
-60.93206
-61.50204
-61.36448
-62.24169
-62.79713
-62.22298
-62.46005
-63.89871
-60.88771
-60.36499
-60.78383
-60.46446
-61.11579
-61.57034
-60.35392
-60.21642
-61.01165
-61.56287
-62.11502
-62.58275
-61.75630
-60.82301
-61.14851
-61.22771
-61.02219
-60.05327
-60.11937
-61.10558
-62.24156
-60.89198
-59.70066
-59.68080
-60.24844
-58.98520
-57.70896
-58.19633
-58.38348
-58.88077
-60.49201
-62.17049
-62.48536
-62.85001
-61.21000
-60.25212
-61.17280
-63.12899
-68.59332
-65.96183
-61.02925
-59.33137
-61.14317
-63.52471
-65.76311
-60.63051
-57.06964
-58.34968
-59.05773
-60.76803
-61.61701
-63.83921
-63.61010
-64.84847
-67.53205
-66.84757
-67.21728
-67.33990
-67.57544
-67.50084
-67.59270
-66.11178
-65.88039
-67.14264
-68.17004
-63.99948
-60.91368
-60.83972
-61.40930
-60.18698
-61.65768
-62.87115
-61.95767
-61.72494
-61.99926
-64.35014
-64.67493
-64.29359
-62.53212
-61.61139
-62.27919
-64.70867
-65.70315
-63.04576
-62.11994
-59.17956
-58.68963
-61.23779
-63.46159
-64.01220
-61.89874
-61.58893
-62.57261
-63.40207
-65.21410
-65.09204
-63.57092
-62.92688
-62.28839
-62.88933
-62.35101
-63.85192
-66.13164
-65.53163
-65.70607
-61.12605
-59.93236
-62.25522
-62.46749
-62.56879
-62.19596
-62.46550
-62.91742
-64.60675
-67.54562
-67.70915
-65.80673
-64.86553
-64.13750
-60.86218
-61.87595
-62.43428
-61.18206
-60.89979
-61.44871
-62.44933
-61.28780
-60.51786
-60.75960
-62.72655
-62.02092
-60.80566
-60.27161
-60.44436
-60.42006
-61.72394
-63.60305
-61.95612
-60.31176
-59.52019
-59.53317
-62.55785
-64.63732
-63.32220
-61.41361
-58.76652
-60.83041
-63.89082
-66.34210
-65.17675
-62.51017
-60.83681
-60.62702
-62.60187
-64.97613
-68.52950
-64.32280
-61.93408
-61.96038
-62.14931
-62.54599
-62.72015
-63.65184
-63.88383
-62.08877
-59.74667
-61.68199
-64.90195
-63.49339
-63.38661
-63.38399
-61.66482
-61.33166
-61.57351
-61.13359
-62.13263
-60.78989
-63.14902
-61.78168
-58.55054
-58.77346
-59.85242
-60.39304
-57.61865
-58.32006
-58.70237
-58.98017
-60.76695
-60.76624
-61.39094
-62.24962
-61.57394
-62.09281
-61.82326
-59.96761
-60.13241
-62.45987
-61.15770
-61.17244
-62.68073
-63.66160
-64.70277
-61.33920
-59.17055
-56.51112
-56.35995
-57.81863
-57.56565
-56.06400
-55.62154
-55.67419
-56.30765
-59.43520
-63.01277
-61.43700
-60.68360
-61.40893
-62.68819
-62.15460
-61.88050
-61.98223
-62.04422
-64.26949
-64.06870
-59.01785
-55.11897
-55.47349
-55.54008
-57.17417
-57.40829
-58.36313
-59.42377
-59.40683
-63.84888
-64.09494
-61.59510
-58.77137
-59.85885
-61.00285
-58.69950
-57.86429
-61.51921
-61.79944
-61.56541
-63.74008
-58.04626
-57.06285
-58.53868
-60.22850
-60.77461
-62.63206
-63.40153
-57.27040
-56.19252
-57.53228
-58.68731
-58.63976
-60.51216
-66.74814
-66.53322
-64.07099
-62.15182
-65.41958
-62.90547
-57.82849
-58.70032
-59.88040
-60.21326
-59.30520
-57.52095
-57.49864
-58.22009
-56.57052
-58.05960
-61.36130
-65.09527
-65.49393
-65.05908
-64.95285
-60.91850
-63.60925
-65.59016
-69.64528
-62.55937
-57.40688
-59.37300
-61.27987
-62.01522
-62.57666
-63.90628
-64.12455
-65.07433
-68.91561
-68.99422
-69.41219
-65.96932
-66.99433
-60.60209
-58.23138
-62.01875
-59.36860
-57.88060
-58.34734
-58.62074
-58.74970
-60.36088
-61.89323
-62.85519
-63.93748
-64.76874
-65.12805
-65.19206
-65.10080
-64.47904
-63.09984
-62.45615
-62.87594
-63.19339
-64.88525
-67.44977
-67.09460
-65.73713
-59.33990
-56.40391
-58.36292
-60.93623
-64.25061
-65.03780
-64.36393
-63.72451
-66.54631
-69.90165
-69.25100
-67.28416
-67.67240
-67.04368
-66.15545
-69.20330
-69.03247
-66.93437
-65.53419
-68.45194
-63.35166
-58.51500
-58.00467
-60.35585
-63.92153
-64.32080
-65.60030
-66.35376
-66.70326
-66.78289
-67.71933
-67.99633
-66.99819
-66.78779
-68.69611
-68.81110
-65.91934
-64.63580
-64.06168
-65.41868
-66.98425
-69.39199
-60.58439
-57.16838
-58.25802
-58.14326
-58.95373
-59.34234
-59.83736
-60.10311
-60.57163
-60.66498
-60.78793
-62.64115
-63.17763
-63.80561
-64.17166
-63.09110
-61.85137
-62.29018
-62.98995
-61.63788
-62.03278
-62.07769
-62.43017
-62.36254
-62.40325
-63.62395
-63.68661
-64.23763
-63.14001
-63.24710
-62.22517
-62.79008
-63.88686
-63.92399
-64.14383
-63.28431
-64.18902
-63.32673
-66.95096
-64.71642
-60.87429
-61.82932
-61.18144
-61.32764
-60.54247
-60.18632
-61.28372
-61.33727
-61.50052
-61.28945
-61.09905
-61.04075
-60.61129
-60.78983
-61.57992
-62.32054
-65.55034
-66.06989
-67.69287
-64.74984
-57.54845
-57.69548
-58.30479
-58.51693
-58.99633
-59.61215
-59.98707
-59.62248
-61.28372
-61.54322
-62.91878
-62.72437
-63.32373
-62.33259
-62.27476
-63.51035
-63.29034
-63.86193
-63.04328
-63.54085
-63.30702
-64.96666
-67.65280
-65.14533
-63.81660
-61.57944
-61.02397
-61.75449
-62.57901
-65.89322
-65.05125
-63.71047
-63.06758
-62.14026
-62.47495
-62.02725
-62.70193
-66.93572
-63.48201
-61.22293
-61.23764
-60.73580
-61.39521
-60.46566
-60.56940
-61.14722
-61.49586
-61.40973
-61.30064
-60.87265
-61.13807
-60.61388
-60.59746
-61.17980
-61.58926
-63.81704
-66.46814
-66.16556
-67.69996
-60.65295
-56.31215
-58.47597
-58.56956
-57.90835
-57.84878
-59.00638
-62.13360
-59.77408
-58.34722
-62.55862
-64.33831
-63.17253
-63.72558
-65.18935
-63.15522
-63.05773
-62.95638
-62.55055
-64.54849
-63.80604
-61.59525
-60.50161
-64.29759
-64.32686
-66.25504
-63.38399
-64.06658
-64.41385
-63.51061
-62.79689
-61.10505
-60.94088
-65.25395
-65.85403
-60.87146
-65.98968
-64.20342
-69.29297
-65.55234
-61.01185
-61.04882
-60.91655
-60.57372
-60.35688
-61.50815
-61.30758
-61.53275
-61.18189
-61.19133
-60.77952
-60.86845
-60.10606
-60.82517
-61.54294
-62.66658
-65.83274
-66.50744
-67.69702
-64.04321
-57.51335
-56.03336
-55.95615
-56.76745
-57.49234
-57.44956
-57.29817
-57.77838
-60.58802
-66.88115
-61.36992
-60.71383
-64.52868
-59.51938
-62.25777
-64.01834
-63.89718
-62.58487
-59.95305
-61.79458
-62.26566
-60.03905
-62.13360
-64.37469
-62.95444
-63.47512
-63.96663
-64.91451
-64.35686
-63.99487
-63.86502
-62.60421
-63.10700
-64.83482
-64.12708
-64.93651
-65.22015
-64.89988
-64.77872
-62.15563
-61.71462
-61.18230
-60.12651
-61.41732
-59.85022
-59.95940
-62.80506
-61.86061
-59.34407
-61.23981
-61.03021
-59.27143
-60.47127
-59.68496
-61.37238
-61.79617
-65.31441
-66.45505
-65.52963
-60.82528
-57.10855
-58.00903
-57.79327
-59.12395
-59.70220
-60.40483
-60.86080
-61.12218
-61.09390
-61.22010
-62.67616
-63.58746
-64.72764
-64.31377
-63.68871
-62.54469
-62.35319
-62.60560
-61.78036
-62.24160
-62.15818
-62.55923
-62.30887
-62.06730
-63.71626
-63.29285
-63.81356
-62.99656
-63.30896
-62.28746
-62.67704
-63.90555
-64.02509
-64.37590
-63.28420
-63.94054
-63.22803
-66.52926
-64.42994
-61.22792
-61.49796
-60.97021
-60.97957
-60.61071
-60.12781
-60.95062
-61.27412
-61.50331
-61.54931
-60.63326
-61.32628
-60.97398
-60.72509
-61.43107
-61.53581
-64.16540
-65.36207
-67.25358
-65.10999
-57.68769
-57.19104
-58.08048
-58.60019
-59.22179
-59.50882
-59.89924
-59.54482
-60.88554
-61.24674
-62.42532
-62.88558
-63.15770
-62.82763
-62.66750
-63.15748
-63.60164
-63.40258
-60.25938
-59.54281
-59.47071
-59.20339
-61.13274
-62.33251
-64.68171
-66.84715
-65.12463
-62.65316
-60.93540
-61.99016
-63.38090
-65.11727
-65.79018
-64.85296
-64.56493
-63.24123
-62.99345
-67.42042
-64.38312
-61.33656
-61.53016
-61.07119
-61.59149
-60.54193
-60.38830
-60.80563
-61.37276
-61.27471
-60.97579
-60.78955
-60.95838
-60.47560
-60.53802
-60.91945
-61.22918
-62.01824
-64.00323
-65.20327
-66.40725
-60.34734
-56.32574
-58.48339
-57.73470
-57.77936
-58.28468
-60.06108
-62.42091
-58.78509
-58.59180
-62.80265
-62.51634
-61.40612
-62.78965
-65.69763
-66.14263
-64.41083
-64.21292
-61.86462
-62.09848
-61.95090
-61.49490
-60.73872
-65.42153
-66.92812
-66.64069
-63.34242
-62.01013
-62.09512
-61.77394
-62.78968
-62.05968
-61.70526
-65.29443
-68.44150
-61.37997
-66.52482
-67.02122
-69.31575
-65.69526
-60.94255
-61.52305
-60.57047
-60.37001
-60.56780
-61.38205
-61.10871
-61.34355
-61.13183
-61.13222
-60.69930
-60.82220
-60.13003
-60.83313
-61.56091
-61.17964
-63.30151
-64.67441
-66.81789
-63.28291
-56.16224
-54.77925
-55.34331
-56.90034
-58.83372
-60.26898
-60.51396
-62.06760
-67.21413
-62.57990
-57.58807
-60.01133
-63.29316
-60.21501
-63.59958
-64.20414
-63.43288
-62.23947
-60.45766
-62.38118
-61.29635
-59.77548
-62.50328
-63.97591
-62.10458
-62.87322
-63.30824
-64.10003
-64.46464
-63.94011
-64.00825
-62.60556
-62.67243
-64.39954
-63.87963
-65.10099
-64.96641
-65.11052
-63.21655
-59.39823
-59.07822
-59.05042
-59.81700
-61.10311
-62.47587
-62.21373
-60.24982
-60.03846
-62.62846
-60.33289
-60.48223
-61.77456
-60.00376
-62.05473
-60.82219
-63.91964
-65.77892
-66.72671
-67.34083
-63.33219
-63.93049
-65.29415
-66.88300
-68.32431
-71.94835
-74.40351
-78.08612
-80.14643
-84.12988
-85.69679
-90.06661
-90.99206
-94.47443
-95.89864
-98.50264
-101.28148
-103.53136
-108.99654
-107.05448
-139.22946
-109.93265
-117.12113
-111.52978
-114.00235
-112.48639
-113.88843
-113.41316
-114.93421
