-93.47100
-69.82089
-63.30776
-63.18824
-63.05139
-62.92597
-62.83087
-63.11680
-62.89687
-63.48849
-63.28076
-63.12655
-62.93364
-63.02641
-63.03327
-63.26785
-63.27288
-63.19070
-63.14264
-63.08807
-63.16585
-63.32300
-63.06268
-63.10579
-63.22943
-63.14791
-62.97948
-62.96476
-63.16124
-62.97047
-63.03421
-63.01535
-63.30761
-63.24482
-67.05917
-64.25980
-63.71262
-63.85095
-63.56824
-64.50657
-63.02463
-64.72522
-62.91559
-64.43697
-63.72431
-64.29871
-64.64978
-63.57304
-65.35320
-63.55628
-65.32242
-63.35797
-64.44649
-64.40443
-63.75908
-64.77581
-63.22815
-65.28731
-63.54037
-64.68740
-63.90087
-67.11833
-68.51487
-63.30064
-64.85214
-63.96755
-63.78430
-64.73590
-62.82241
-62.73421
-63.64162
-63.64959
-64.20827
-63.49474
-63.62311
-63.50548
-63.63990
-64.04866
-64.04769
-63.77416
-63.77410
-64.16348
-64.50520
-63.82590
-63.99832
-63.92477
-64.01748
-63.98167
-63.96137
-64.73622
-64.23844
-64.07315
-63.99008
-64.13572
-64.04006
-64.54936
-64.29964
-64.26862
-64.30302
-64.53399
-64.18466
-64.48968
-64.79360
-64.98575
-65.64611
-65.53977
-65.69147
-65.48106
-65.62465
-65.66903
-65.68680
-65.67550
-65.82396
-65.89545
-65.84058
-65.92107
-65.96724
-66.12757
-66.11848
-66.02153
-66.37995
-66.06619
-66.20188
-66.40405
-66.63493
-66.42028
-66.85912
-66.26812
-68.55058
-68.73767
-64.04705
-64.86278
-64.11736
-66.12767
-84.02208
-73.89404
-65.68851
-64.56657
-64.15324
-64.41918
-64.24921
-64.30283
-64.23586
-64.32318
-64.31404
-64.50996
-64.33922
-64.30364
-64.44800
-64.30940
-65.02985
-64.48093
-64.51807
-64.75353
-64.65889
-64.38575
-64.61910
-64.39016
-66.22020
-68.12319
-68.55144
-69.91733
-65.93191
-65.59510
-65.64323
-65.47472
-65.96896
-68.42252
-80.31352
-71.25129
-65.93125
-65.88111
-65.73612
-66.07042
-66.01594
-66.27283
-66.15113
-65.96101
-65.95995
-66.07257
-65.89602
-66.49386
-66.63379
-66.11384
-66.32244
-66.00835
-66.44448
-65.87327
-66.14070
-66.04743
-66.09030
-66.45451
-65.72782
-66.95782
-69.53892
-82.98732
-79.09748
-74.52174
-81.46812
-82.19833
-92.86614
-92.91837
-98.69837
-92.34355
-93.60021
-86.21465
-86.15294
-91.02282
-92.82464
-88.51229
-89.53723
-93.07433
-84.04109
-85.57550
-89.11622
-91.05884
-92.01704
-97.78590
-96.67908
-96.17991
-93.43811
-99.23345
-86.76046
-86.35818
-101.18015
-91.88352
-90.80906
-85.72036
-86.23254
-90.27724
-90.32679
-90.77511
-92.70057
-93.73182
-96.50749
-94.86326
-93.80077
-88.93781
-89.94767
-97.13554
-93.03871
-98.48712
-93.14455
-104.34578
-91.65988
-93.04001
-84.38476
-76.93789
-80.97844
-99.25358
-89.51061
-95.16923
-91.66305
-81.94214
-97.04432
-100.35808
-100.88576
-96.82112
-97.77554
-91.48336
-86.09455
-89.88416
-94.94038
-95.02336
-91.35348
-92.34860
-94.96360
-92.35553
-89.75980
-90.92244
-92.25962
-100.09119
-88.02080
-89.47583
-91.95612
-88.98167
-87.60708
-85.67844
-82.63138
-81.97658
-81.48926
-80.07014
-81.02568
-80.17505
-79.85657
-79.03345
-78.51043
-78.01385
-77.66507
-77.16923
-76.61108
-77.03264
-76.39179
-76.60483
-76.35400
-76.59454
-76.25697
-76.56364
-76.04538
-76.36052
-75.03031
-71.42889
-74.18057
-77.67798
-76.41732
-76.57766
-75.48627
-74.27082
-75.98384
-76.13988
-75.77943
-76.13504
-75.74558
-76.00566
-75.38341
-75.34425
-75.55310
-75.87343
-75.92643
-75.68007
-75.76613
-75.68213
-75.62665
-75.68645
-75.84861
-75.89518
-75.87157
-76.04365
-76.03462
-76.08611
-76.12576
-76.46561
-76.34544
-76.67951
-76.76483
-76.71175
-76.34360
-76.93968
-76.63688
-77.43233
-76.93964
-78.13876
-74.97704
-74.24750
-77.13731
-74.72576
-78.06749
-78.24496
-78.56429
-79.06654
-78.84436
-79.32170
-79.53199
-79.96911
-79.93353
-80.62977
-80.46559
-81.29755
-81.01507
-81.81662
-81.85764
-82.55309
-82.48189
-83.18815
-83.44704
-84.29319
-84.49839
-85.27345
-85.53727
-86.29010
-87.01460
-87.67701
-88.86178
-89.28974
-90.72990
-91.68676
-93.54534
-94.52174
-97.28080
-99.07799
-103.98174
-107.00956
-109.42985
-109.64345
-111.74753
-108.76025
-108.17009
-109.65498
-112.01037
-108.19250
-109.16813
-108.66330
-112.57681
-111.36067
-112.17696
-109.29064
-113.40457
-111.25312
-115.62345
-102.69361
-101.02872
-118.97412
-107.00464
-112.88489
-110.12777
-112.64616
-97.91828
-92.97548
-88.08876
-85.75133
-82.88987
-81.44916
-79.51170
-78.52922
-77.47551
-75.99952
-75.71891
-74.92105
-74.58745
-73.27579
-73.37580
-72.70806
-72.35943
-71.73688
-71.43812
-71.25187
-71.03212
-70.73533
-70.36838
-71.00758
-70.33168
-70.98417
-70.23853
-70.28385
-70.42381
-70.45934
-70.28678
-70.01278
-70.50241
-69.89625
-70.46819
-70.04911
-70.27841
-69.78020
-70.06506
-70.06242
-69.87426
-69.96576
-69.94350
-70.30630
-69.78563
-70.33918
-69.82108
-70.24239
-69.79364
-70.35939
-70.09978
-70.12022
-70.64640
-70.29038
-70.45987
-69.83141
-70.64535
-70.29488
-70.68415
-70.39813
-70.80638
-70.63674
-70.75087
-71.16626
-70.93917
-71.36888
-70.15659
-69.54928
-69.04006
-68.63806
-68.23280
-68.08669
-67.82618
-67.80121
-67.71638
-67.49454
-67.62948
-67.70964
-67.65236
-67.55655
-67.49869
-67.46900
-67.54308
-67.62567
-67.61443
-67.59072
-67.51436
-67.51852
-67.53939
-67.40573
-67.36781
-67.38156
-67.24146
-67.00099
-67.03518
-66.94305
-66.77305
-66.71419
-66.59788
-66.68336
-66.65508
-66.49324
-66.53616
-66.36191
-66.28893
-66.30281
-66.35326
-66.26727
-66.26360
-66.40431
-66.23261
-66.16874
-66.17311
-66.17923
-66.31983
-66.29800
-66.33725
-66.41008
-66.38157
-66.48431
-66.55132
-66.68148
-66.70132
-66.91936
-66.88742
-67.07881
-67.02524
-67.28729
-67.54183
-67.48331
-67.67990
-67.73698
-68.01884
-67.49987
-68.04243
-68.19326
-67.81644
-67.67395
-67.57379
-67.37870
-66.93245
-66.71834
-66.61821
-66.88894
-66.95910
-67.14120
-67.07001
-66.74106
-66.86262
-67.18021
-67.17406
-67.32720
-67.27034
-67.21779
-67.04952
-67.20320
-67.09354
-67.26147
-66.90969
-66.91679
-67.13599
-66.79953
-67.24044
-66.51044
-67.04368
-66.71710
-66.37874
-67.20389
-66.93826
-66.75282
-67.16014
-66.89603
-66.73663
-67.07170
-66.78804
-67.34648
-67.19536
-67.09590
-67.32337
-67.26133
-67.28818
-67.30801
-67.72533
-67.06704
-66.53233
-66.72567
-66.97475
-67.12508
-67.11624
-67.17293
-67.09060
-66.82496
-66.61284
-66.90217
-67.38353
-67.94796
-68.20289
-68.36699
-68.14224
-68.77659
-67.78628
-67.11222
-67.53323
-67.25028
-67.18394
-67.49288
-68.14465
-68.58968
-69.27188
-68.85178
-69.60778
-69.21076
-69.67110
-69.86450
-69.53322
-69.68041
-69.87847
-70.82456
-70.98653
-72.06049
-72.10224
-72.25811
-73.03522
-73.60529
-74.32021
-74.36488
-72.63802
-72.66041
-73.54358
-74.13936
-74.58359
-75.35398
-75.84637
-76.09846
-75.92330
-75.91945
-76.44123
-76.46680
-76.83384
-77.06715
-77.31507
-77.86319
-78.00033
-78.56925
-79.06122
-79.58837
-80.06257
-80.73158
-81.20911
-82.11492
-81.78465
-76.78419
-76.34735
-76.66326
-76.84982
-77.11335
-77.44135
-77.63686
-77.59382
-77.80261
-78.59898
-78.91967
-79.36336
-79.63104
-80.25695
-80.35121
-81.03653
-81.04594
-75.68086
-74.97129
-75.05845
-74.66407
-74.34145
-74.21486
-73.62432
-73.45800
-73.02847
-72.00194
-72.12705
-71.58444
-71.99761
-71.88387
-70.30330
-71.18788
-70.45177
-69.32069
-69.57897
-69.54616
-69.16178
-69.41466
-69.23036
-69.09781
-69.76656
-67.79111
-68.18509
-68.37721
-68.00197
-68.52890
-68.54938
-68.82945
-69.12654
-68.22817
-67.84992
-68.15250
-67.89922
-68.25771
-68.20993
-68.66805
-68.49544
-68.38500
-68.84558
-68.61556
-69.03735
-69.50849
-69.67797
-69.89735
-69.79713
-70.00187
-67.62803
-66.73554
-67.32075
-66.87130
-66.66844
-66.90154
-66.90534
-66.94579
-67.10770
-68.20643
-68.49982
-68.04204
-68.89090
-68.93788
-69.22482
-69.94815
-70.72545
-68.49564
-67.26794
-67.25649
-67.04603
-67.21114
-67.38574
-67.31646
-67.85543
-67.15877
-66.63707
-66.87782
-67.02321
-67.35977
-66.41935
-66.83486
-66.81353
-66.68844
-66.28654
-66.13329
-66.49696
-66.07511
-66.01314
-66.10305
-66.00382
-67.77326
-65.50372
-63.33759
-63.66843
-63.48723
-63.76806
-63.70357
-64.21574
-64.38559
-64.60947
-64.57749
-65.11840
-65.34077
-65.66421
-65.86060
-65.87598
-65.92514
-66.37257
-66.53743
-66.82064
-67.58571
-68.01648
-68.91232
-69.34407
-69.42003
-69.27604
-69.59909
-68.67692
-69.46031
-69.28448
-70.23548
-70.25925
-71.34660
-70.62642
-71.65302
-70.38156
-71.40106
-71.25748
-72.24294
-71.05754
-71.31269
-70.61423
-71.24898
-66.88405
-52.23886
-49.55456
-50.10941
-50.34489
-50.93588
-51.16843
-51.48881
-51.41946
-51.96524
-52.04599
-51.93098
-52.31648
-52.49767
-52.95886
-52.91421
-53.71404
-52.65648
-49.38775
-50.61579
-49.14713
-50.47640
-50.91652
-49.65959
-53.10665
-50.01527
-52.55400
-52.37486
-50.83401
-54.00483
-50.91998
-53.35419
-53.66258
-52.43701
-56.62456
-52.55683
-54.67038
-55.03983
-52.85744
-56.96312
-53.16021
-57.31950
-56.78167
-54.61709
-59.44390
-54.63717
-57.74631
-56.35929
-55.80110
-59.61273
-56.83436
-52.46320
-49.81788
-49.93082
-50.30399
-50.45006
-50.71464
-51.23127
-51.14715
-53.13501
-52.50465
-51.18444
-51.76309
-52.01597
-52.16144
-52.28517
-52.77977
-53.36787
-53.38286
-53.59825
-53.84332
-54.37725
-54.55767
-55.06898
-55.27156
-55.59764
-55.15812
-50.38899
-49.51818
-49.98549
-50.76262
-51.93060
-52.23690
-51.84252
-51.11410
-51.35204
-52.13317
-53.56172
-53.76888
-53.68852
-53.21302
-53.25718
-54.16862
-55.14503
-55.59594
-55.54346
-55.00317
-55.01791
-55.74527
-56.63613
-57.46672
-57.35895
-57.03522
-56.71416
-57.51473
-58.91550
-59.31916
-59.41231
-58.82036
-58.80209
-59.11425
-60.55632
-61.41759
-61.26048
-60.75516
-60.94682
-61.11284
-62.12690
-63.11258
-63.34789
-62.66301
-62.48628
-63.42205
-63.79933
-65.29754
-65.11726
-65.11321
-64.28019
-65.43724
-65.44066
-67.98391
-66.22729
-68.32190
-64.98189
-71.17139
-57.35497
-49.97593
-50.36079
-50.47428
-50.93603
-51.22213
-51.68560
-52.01236
-52.17633
-52.64895
-53.19387
-53.26773
-53.81751
-53.58148
-54.53924
-54.22346
-55.66147
-52.22251
-49.13469
-51.18912
-49.13825
-51.37735
-50.72791
-50.23033
-53.17349
-49.89023
-53.13781
-51.58312
-51.73758
-54.12226
-51.32248
-53.96168
-53.39569
-52.52900
-52.12030
-48.75475
-51.56570
-50.41324
-49.89091
-53.62321
-49.40886
-52.27933
-51.98373
-51.12901
-52.43233
-53.24585
-51.30219
-54.90584
-53.95719
-51.81961
-58.07571
-50.83797
-49.96172
-50.24200
-50.57989
-50.92234
-51.25659
-51.37546
-52.09494
-52.15150
-52.73647
-52.62007
-53.16208
-53.45456
-53.68531
-54.00704
-54.43377
-54.43479
-50.67235
-49.57662
-50.68325
-50.94069
-50.13211
-52.42219
-50.92268
-51.83171
-52.09929
-52.03123
-52.53633
-53.72551
-52.37532
-49.40879
-49.87516
-49.64792
-50.16099
-50.31312
-50.70646
-50.92454
-51.32968
-51.54929
-51.84777
-52.06511
-52.87082
-50.90566
-49.73001
-49.94312
-50.73164
-50.55956
-50.85896
-51.04841
-51.28472
-52.46968
-50.34755
-50.52074
-50.59210
-51.06519
-51.61036
-51.77576
-52.17123
-52.47004
-52.77317
-52.95047
-53.03855
-53.18542
-53.67184
-53.71342
-53.99335
-54.46202
-54.78010
-55.45047
-55.38391
-55.63930
-56.18788
-56.21413
-57.02124
-56.88898
-57.51958
-57.56784
-57.83905
-58.37049
-58.67199
-58.32369
-59.21374
-58.96569
-59.77912
-52.93585
-49.16438
-49.75407
-49.67686
-49.96595
-50.02298
-50.37066
-50.41397
-50.39975
-50.57246
-50.92641
-51.08171
-51.21749
-51.52138
-51.70046
-51.80047
-51.79430
-51.42865
-50.05235
-49.10136
-50.99879
-49.88698
-50.13737
-51.95397
-50.12282
-53.70739
-51.44342
-51.54412
-53.62846
-51.00305
-54.52487
-52.30270
-53.22834
-54.36561
-51.40294
-56.09849
-53.53515
-53.68057
-56.55491
-53.10547
-58.21307
-55.12724
-56.32033
-58.50779
-54.56089
-58.47520
-55.36129
-56.96755
-58.14182
-56.93435
-50.83884
-48.63500
-50.16028
-50.08705
-50.77836
-50.74724
-50.97147
-51.13545
-52.52603
-51.84493
-50.28604
-50.64931
-50.82582
-50.73335
-51.58228
-51.93910
-51.97115
-50.68148
-52.14109
-52.93408
-53.18138
-53.56987
-53.71190
-53.96315
-54.24270
-54.54507
-50.00331
-49.19511
-49.84166
-50.88403
-51.85686
-51.62638
-51.21374
-51.18973
-49.84464
-51.50252
-53.94144
-53.11998
-53.23900
-52.75017
-53.45127
-54.25891
-55.21180
-55.02591
-54.85536
-54.62850
-55.21778
-55.41369
-57.03679
-57.61453
-56.33903
-58.07057
-57.30806
-57.45020
-59.10063
-59.01414
-58.84909
-58.11603
-59.06247
-59.36270
-60.99644
-60.79087
-61.08547
-59.61238
-60.79146
-60.59373
-63.54332
-58.85919
-52.89955
-58.11939
-62.88988
-63.01332
-64.39379
-65.23150
-64.82292
-64.47093
-64.40239
-65.22319
-65.52152
-67.33196
-66.33188
-68.69986
-65.29033
-70.64161
-56.75855
-49.92451
-50.44951
-50.63655
-51.27227
-51.25713
-52.05684
-52.36289
-52.72362
-53.15954
-53.40514
-53.68797
-54.36234
-53.93860
-54.55287
-54.62407
-55.73449
-51.46458
-48.35723
-51.30098
-49.35178
-50.01528
-51.61607
-49.57922
-52.75527
-50.30145
-51.99238
-52.94077
-50.85218
-54.18871
-51.38956
-53.34664
-54.23109
-52.06927
-51.91669
-49.13361
-50.87080
-50.65564
-49.14989
-53.97435
-49.91574
-51.98586
-52.61540
-50.46915
-52.47258
-53.16569
-51.60795
-53.71736
-54.72608
-51.69989
-58.22272
-49.36425
-48.53540
-50.44099
-50.45491
-50.89616
-51.07188
-51.74590
-51.65261
-52.44886
-52.33782
-53.12509
-52.77896
-53.52138
-52.89625
-53.42787
-54.68701
-53.89691
-52.24782
-49.87051
-50.26203
-51.15064
-49.97139
-52.32514
-50.87336
-51.67957
-52.57969
-51.92429
-52.63343
-53.46990
-53.33162
-49.75725
-49.56367
-49.88220
-50.18873
-50.79158
-50.78678
-50.88824
-51.21399
-51.36926
-51.99987
-52.10963
-53.48392
-51.65596
-49.72787
-49.76246
-50.49371
-50.54488
-50.66747
-51.31319
-51.36962
-50.45973
-48.72751
-49.98693
-50.40838
-50.46833
-51.36167
-51.10354
-51.50784
-51.90330
-52.15368
-52.25760
-52.80661
-52.69007
-53.61468
-53.70503
-54.10806
-54.02093
-50.70655
-53.05759
-55.34350
-54.86378
-55.31621
-56.69255
-56.95212
-57.05648
-56.91960
-57.09379
-57.72137
-57.77221
-57.38596
-54.83619
-57.00400
-58.19886
-59.40310
-49.86071
-48.14289
-49.91311
-50.03365
-51.59267
-51.17031
-51.98103
-51.94052
-52.86553
-52.37137
-53.58302
-53.27806
-53.73049
-54.25415
-55.15086
-54.83424
-54.55281
-52.55436
-48.36205
-51.20442
-50.03854
-49.58483
-51.86950
-49.52588
-51.96372
-51.23839
-51.30444
-53.83468
-50.91461
-55.01353
-52.75131
-52.12355
-55.53086
-51.61346
-56.05416
-53.86926
-53.40640
-57.42366
-52.77734
-56.18221
-54.53071
-54.61498
-57.41586
-54.53067
-59.01559
-57.11914
-54.76651
-56.61096
-55.51420
-58.86253
-56.91533
-50.00704
-49.47730
-49.95369
-50.43693
-50.95597
-51.37919
-50.94589
-53.25631
-51.64832
-48.60861
-49.25642
-49.52726
-49.11887
-49.91994
-51.17968
-50.16587
-50.17364
-49.39178
-50.20888
-51.87365
-51.77025
-51.91283
-52.35306
-52.84099
-53.21265
-50.00639
-49.36438
-50.62185
-51.17285
-50.81140
-50.35807
-50.47553
-51.43712
-51.20187
-51.69546
-53.33769
-52.38496
-52.63248
-52.91970
-54.26657
-54.99150
-54.75589
-53.18521
-53.89591
-54.24215
-56.40578
-53.86523
-54.29934
-59.27592
-54.63456
-54.07549
-55.89655
-57.95883
-59.09748
-58.52178
-57.85975
-58.44089
-59.62085
-59.15380
-59.72977
-59.86836
-60.85471
-57.75228
-56.82898
-61.03424
-62.39554
-62.03155
-60.30690
-61.77226
-62.38350
-63.21254
-63.77648
-64.54319
-63.87830
-64.11844
-59.45741
-60.03570
-63.49140
-66.72559
-60.10269
-58.57118
-62.24603
-65.71383
-58.52491
-51.00290
-50.46600
-51.04321
-51.28042
-51.27253
-51.94395
-52.39033
-53.04463
-52.52216
-53.70990
-53.63822
-54.57260
-53.74168
-54.12454
-54.48364
-56.75525
-53.61331
-47.98273
-50.48851
-50.17000
-49.15753
-52.04714
-49.52558
-52.40708
-51.12978
-50.64529
-54.17089
-50.56105
-54.00288
-50.56071
-51.36031
-53.75116
-52.90146
-49.61470
-49.17770
-50.01669
-50.11966
-49.68784
-52.19944
-50.74243
-50.37715
-54.25306
-49.96613
-53.24370
-52.84809
-51.63066
-53.13060
-53.88715
-51.41660
-56.15140
-53.78437
-51.65702
-52.10166
-51.52434
-51.18470
-51.55747
-53.06026
-52.98056
-53.51994
-53.45734
-53.89593
-54.40001
-53.22275
-51.76385
-58.31461
-54.78856
-56.04525
-53.23490
-49.67973
-50.00753
-51.10959
-50.63617
-51.88161
-51.08045
-51.23581
-52.82580
-51.44511
-53.06158
-52.98506
-53.72562
-50.26033
-49.17640
-50.20306
-50.07909
-49.70641
-50.83993
-50.46996
-50.52938
-51.17876
-52.15956
-51.76045
-53.05234
-51.78790
-49.68034
-49.80878
-50.09678
-52.08846
-52.02703
-51.18619
-51.14981
-53.13328
-51.62821
-50.27483
-50.99808
-50.63221
-50.57897
-51.05332
-51.27175
-51.64158
-51.56236
-52.00116
-52.45313
-53.12693
-51.55911
-52.16338
-53.14078
-54.14164
-52.13580
-52.05988
-55.28791
-54.86252
-55.72883
-55.15969
-56.07401
-56.49034
-56.91750
-56.57502
-57.44500
-56.99473
-57.78977
-54.69903
-56.41130
-58.14379
-58.64380
-52.88337
-49.01304
-49.95639
-49.95534
-50.14571
-49.80340
-50.24992
-50.09164
-50.72895
-50.93999
-51.52510
-51.10669
-52.28842
-52.71771
-52.50297
-52.05775
-53.14636
-49.61739
-49.76800
-49.61653
-49.25168
-52.19088
-49.56335
-53.04482
-50.78988
-51.74838
-52.64291
-50.15247
-53.92959
-51.59081
-53.29160
-56.28833
-51.89854
-55.60387
-51.87341
-52.22745
-56.51712
-52.23382
-55.98159
-54.40710
-54.39462
-57.23912
-53.22787
-57.36279
-55.55228
-55.75218
-58.75308
-54.15972
-58.57935
-56.87399
-53.91429
-50.80277
-50.07379
-50.01282
-50.39575
-50.67105
-51.20127
-51.33531
-52.11566
-51.09718
-49.01278
-48.87269
-49.14403
-49.29871
-49.55744
-50.96593
-50.05865
-51.86311
-50.42855
-50.46553
-51.49720
-51.56035
-51.61122
-52.14283
-52.40864
-53.18049
-51.02158
-49.80967
-51.49704
-51.13773
-51.13736
-50.50384
-50.82586
-51.80854
-52.71758
-52.51885
-52.91880
-52.29031
-52.64537
-53.84071
-54.74228
-54.90778
-54.80127
-53.10756
-54.11808
-55.13193
-56.98143
-54.12130
-53.57496
-58.04335
-55.32746
-55.34583
-56.58784
-58.35702
-58.57254
-57.84956
-57.74357
-58.42439
-59.60154
-60.08702
-60.38019
-59.02700
-59.82695
-59.04829
-57.82508
-61.53283
-61.81820
-61.08172
-59.09425
-60.65277
-62.55550
-64.29849
-62.91146
-63.66205
-63.03270
-64.77715
-59.61913
-59.26397
-62.91014
-65.28304
-61.40345
-56.95898
-63.25226
-64.58377
-67.66564
-49.83227
-47.91363
-50.45508
-50.43322
-51.61404
-51.86357
-52.64060
-52.70664
-53.58209
-53.32376
-54.09051
-55.00578
-54.28319
-54.41749
-55.31267
-56.43775
-54.41022
-49.35194
-50.36449
-50.48385
-48.99833
-50.12861
-49.71119
-51.07549
-52.33795
-50.18330
-53.53994
-50.87274
-52.78408
-52.92349
-49.96638
-54.33557
-52.42050
-52.20475
-47.88094
-50.85820
-51.45957
-48.56436
-53.03051
-51.06911
-50.11273
-52.88231
-51.91203
-51.65029
-53.22459
-52.80534
-52.96090
-52.22275
-53.90459
-55.00730
-53.23477
-50.85397
-50.50753
-52.10869
-51.66532
-51.80430
-51.38105
-51.66658
-51.64979
-52.83142
-53.46943
-54.61600
-53.91735
-52.60813
-54.44951
-54.50615
-54.69987
-54.20219
-53.61942
-50.44288
-51.06389
-49.89695
-52.40356
-51.24885
-50.91873
-52.76876
-51.09204
-52.26112
-52.99524
-52.97641
-48.44625
-48.13013
-48.65081
-48.81858
-48.38849
-49.22324
-49.12626
-49.96652
-49.74253
-49.92340
-50.12934
-50.75004
-50.39015
-50.41961
-49.57839
-49.30833
-51.42200
-49.75477
-51.75034
-51.23402
-50.14533
-49.10046
-49.15719
-50.18377
-51.11514
-51.14614
-51.40709
-52.22274
-52.10436
-52.45029
-52.66097
-53.05908
-53.41957
-53.42198
-53.84228
-53.76375
-55.07614
-53.19874
-53.81336
-55.72672
-55.45233
-55.64020
-54.81390
-55.91904
-56.06390
-56.74821
-57.63086
-57.82894
-57.69905
-58.53680
-54.63036
-55.48718
-58.12422
-60.22667
-50.78226
-47.68694
-49.33157
-50.21039
-50.38896
-51.29664
-51.36036
-50.94935
-52.27709
-51.60230
-52.57394
-53.06973
-52.00553
-52.24892
-52.11490
-53.74166
-53.52773
-48.27807
-48.58489
-49.39241
-50.09160
-49.11129
-49.09824
-50.60494
-51.02686
-51.46807
-51.96789
-51.71959
-52.16657
-51.54586
-50.87495
-51.55898
-53.46964
-51.78530
-48.57819
-52.75005
-53.77580
-55.13050
-55.39567
-55.85633
-56.05843
-56.41724
-56.44525
-56.94289
-57.17148
-57.58728
-56.81397
-55.36070
-57.39809
-60.42831
-54.60114
-48.57334
-49.43067
-49.47112
-50.99074
-51.69995
-50.59321
-50.90374
-51.88576
-53.01002
-50.33726
-49.81738
-50.74520
-49.75027
-50.68142
-50.17742
-53.20121
-48.83952
-48.08471
-53.03710
-52.01706
-53.69991
-53.52648
-54.59377
-53.78947
-55.26171
-54.92512
-53.76697
-53.50476
-53.78503
-54.23126
-55.45426
-54.43662
-56.24625
-50.35215
-48.23970
-54.06441
-59.07588
-54.82595
-53.59965
-57.06828
-57.50958
-57.14397
-55.98014
-57.00906
-58.75987
-58.09501
-56.19746
-58.00260
-58.11125
-61.72632
-49.74512
-48.87583
-55.39979
-62.19008
-62.82539
-59.73082
-62.64135
-63.28757
-62.85417
-62.87536
-62.95581
-64.51893
-62.17859
-58.43189
-61.37356
-63.86962
-63.71944
-51.12949
-53.12887
-57.82082
-65.02319
-70.89788
-65.19643
-65.98034
-71.54099
-61.79989
-57.28998
-61.58434
-68.09841
-65.08860
-59.60542
-61.77839
-69.77140
-60.47703
-48.86357
-49.49870
-49.72747
-50.33798
-50.52770
-51.02501
-51.19269
-51.54225
-51.59868
-51.02372
-51.82067
-52.65527
-52.76737
-53.22710
-52.06347
-54.55350
-50.72432
-45.84107
-49.33929
-49.88767
-50.94873
-51.09697
-51.87698
-52.54585
-52.67113
-52.77556
-53.13192
-53.26429
-53.90715
-52.70586
-53.48273
-55.96304
-54.90817
-51.63837
-47.49887
-49.25148
-50.86180
-50.05408
-50.74802
-51.06599
-51.51654
-52.07819
-49.81852
-52.39193
-52.87647
-52.39994
-54.19774
-52.74320
-53.86305
-54.63675
-51.14314
-48.16678
-50.23342
-54.26008
-52.05287
-53.46876
-53.85871
-53.52655
-54.69671
-55.21588
-54.56343
-54.85657
-54.85116
-52.36128
-53.35400
-55.19526
-55.51811
-50.38328
-56.27120
-61.40640
-58.08770
-57.77909
-57.25368
-58.05707
-58.09602
-58.69544
-58.69437
-58.12249
-60.16664
-58.48472
-51.35822
-50.35330
-51.20402
-50.58206
-45.99711
-49.08501
-51.16889
-51.98109
-52.92216
-52.01199
-53.33020
-53.88475
-53.46338
-49.84703
-49.92224
-49.84718
-51.10501
-50.46958
-50.98196
-51.41005
-51.76932
-49.72321
-49.05792
-50.36327
-50.20742
-50.41212
-51.20234
-51.05294
-51.54313
-50.79111
-50.67696
-52.01807
-52.90420
-52.81921
-52.28224
-53.47068
-54.18847
-52.72896
-50.51031
-53.44127
-54.95580
-55.46937
-55.75104
-55.76405
-56.41836
-56.68436
-56.80348
-56.96833
-57.26391
-58.02476
-56.81573
-57.60738
-58.00078
-60.88050
-53.40997
-46.87804
-48.62805
-49.73450
-50.31516
-49.61457
-49.23125
-50.34543
-50.96028
-52.16073
-52.11870
-53.03498
-52.42045
-51.77359
-51.58788
-53.00777
-53.75532
-50.75057
-48.76335
-50.19585
-50.27464
-50.32760
-52.60494
-49.32956
-51.39983
-52.05311
-50.75841
-53.28078
-52.09724
-54.18441
-52.89366
-51.37304
-55.43202
-53.90073
-49.58646
-51.72653
-53.85814
-56.04575
-53.83508
-53.95737
-57.44679
-56.15819
-56.17388
-56.97978
-57.04608
-57.76066
-57.89384
-55.59078
-57.62327
-59.90379
-56.97732
-49.62246
-49.25566
-49.79685
-50.35354
-50.46871
-49.90176
-50.65714
-51.16582
-52.75083
-50.97869
-49.86191
-51.37841
-49.67156
-49.06403
-51.57921
-52.77380
-50.05953
-48.43917
-51.58487
-52.31729
-53.67041
-52.36894
-52.07880
-53.30730
-54.71335
-54.76363
-53.00668
-53.42568
-54.01599
-53.51581
-55.39574
-55.86691
-57.34709
-52.33125
-50.03639
-57.37732
-58.34972
-54.37536
-52.84114
-54.89098
-57.47934
-57.80223
-56.18003
-58.46934
-58.18410
-60.02168
-55.91444
-55.25186
-57.78117
-61.58277
-52.40350
-49.07802
-57.48362
-66.62599
-59.04016
-56.21233
-57.81805
-59.71511
-61.24742
-61.99355
-63.02532
-63.52769
-63.22449
-56.79823
-57.17447
-58.67560
-64.58479
-51.81091
-51.22253
-58.39847
-67.56858
-63.38788
-56.82181
-58.37562
-63.38431
-63.23176
-58.18080
-62.80824
-68.30473
-66.13371
-54.52471
-56.56866
-63.78843
-65.81330
-51.87201
-48.61962
-49.64483
-50.34842
-49.40452
-48.07028
-48.75753
-50.28085
-50.84866
-52.09540
-52.57118
-52.62649
-53.14012
-54.94080
-55.39648
-55.85390
-52.84171
-46.63226
-48.72452
-49.56186
-50.38730
-50.69564
-51.03207
-52.07956
-52.29262
-52.65548
-52.86113
-53.56497
-53.44376
-54.57477
-54.81109
-54.38329
-53.68322
-54.25256
-49.27617
-48.88041
-50.68475
-50.49381
-50.64877
-50.94550
-51.69622
-51.78899
-52.35061
-52.41685
-52.51102
-53.30723
-52.89598
-52.70144
-51.89146
-55.34026
-50.50567
-46.77021
-50.41425
-54.72791
-52.48329
-52.40787
-54.83812
-54.36120
-54.84006
-56.20359
-54.91055
-54.84322
-55.67285
-52.41374
-51.75593
-52.93589
-56.94887
-49.98237
-50.27542
-55.49824
-55.69374
-55.83218
-55.83479
-57.28004
-60.48296
-58.05464
-55.43240
-59.38540
-59.44853
-61.35158
-53.37300
-50.04608
-50.52707
-51.08043
-47.04275
-48.58763
-51.01972
-51.40483
-51.53303
-51.73586
-52.82838
-53.48465
-53.49191
-50.09950
-49.80848
-49.84898
-50.76161
-49.06013
-50.73097
-51.91944
-51.00884
-48.21681
-48.06989
-49.72029
-50.00897
-50.18448
-50.51768
-50.63670
-51.31172
-51.81538
-51.16068
-52.06070
-52.86942
-53.27166
-54.56363
-54.45476
-55.48131
-53.37095
-49.67707
-53.23115
-54.94757
-54.65466
-54.45522
-55.83573
-56.52741
-57.15411
-56.84073
-57.79202
-57.42379
-58.91786
-54.66379
-53.11008
-56.12819
-59.57216
-53.84025
-47.76396
-49.44097
-49.73281
-49.99763
-49.13225
-49.22248
-50.03055
-50.99742
-51.64585
-51.97115
-52.59553
-52.43188
-53.95052
-55.91722
-55.64100
-54.96940
-52.58819
-49.10891
-49.65041
-50.11041
-49.95413
-50.39905
-50.40082
-51.34386
-51.31946
-52.30661
-52.24778
-52.36606
-53.18261
-53.10895
-56.19300
-54.39948
-54.68884
-51.78955
-51.19020
-55.07185
-54.91772
-55.47297
-57.77573
-54.63232
-55.65861
-56.98224
-55.99673
-57.25460
-57.19316
-58.08316
-54.99947
-54.52958
-57.82795
-60.23605
-50.13419
-48.48648
-49.60788
-50.11504
-49.91488
-48.54393
-48.97263
-50.14175
-52.13789
-50.96234
-50.39268
-51.37041
-50.05511
-49.93393
-51.37035
-51.38790
-50.53837
-49.82563
-51.35658
-52.64600
-53.23639
-51.69493
-52.04634
-53.04617
-54.10361
-55.23137
-54.13161
-53.19572
-54.04867
-54.40798
-55.75009
-56.13703
-57.50895
-53.15800
-54.14176
-61.84445
-55.10858
-54.51492
-53.95834
-56.53365
-57.31480
-58.00178
-55.70999
-56.32952
-57.74608
-59.25927
-57.61226
-55.54551
-56.66902
-61.87711
-54.02042
-50.35604
-59.72788
-61.99670
-58.25510
-57.47632
-57.82995
-59.80557
-61.96515
-62.29405
-63.37051
-62.69453
-65.66813
-57.56958
-56.10749
-57.17919
-66.79606
-52.41083
-51.51278
-64.82437
-57.36090
-56.15193
-54.91778
-56.64666
-58.56844
-59.10837
-57.58286
-59.13733
-60.05504
-60.66019
-55.82842
-55.40376
-59.69358
-62.04477
-49.99778
-48.60500
-51.11504
-50.10719
-51.22921
-52.09423
-52.20456
-51.70438
-51.71582
-51.79778
-52.75602
-52.49902
-53.36694
-52.48215
-52.94411
-53.99650
-53.49773
-51.46991
-50.57017
-51.42654
-51.80949
-50.54407
-51.04453
-51.42520
-52.34171
-52.06796
-53.05374
-53.10112
-53.91256
-52.91009
-50.96229
-52.61259
-56.20894
-53.09602
-47.36944
-48.90396
-50.88044
-49.81722
-52.06281
-51.42306
-49.38882
-52.52099
-50.99746
-51.73797
-51.42948
-53.82700
-50.75516
-52.11268
-54.01775
-52.99738
-51.64440
-50.09057
-56.98272
-51.31433
-53.59626
-54.74192
-54.04445
-52.49599
-53.84470
-55.64601
-54.88426
-54.88235
-55.23246
-54.06472
-51.91938
-53.84632
-56.80310
-51.38876
-49.43086
-53.63573
-56.15572
-57.98892
-56.33310
-56.74319
-57.15276
-58.55941
-56.43788
-59.40858
-58.95443
-61.03101
-52.85385
-49.71086
-51.02215
-50.62945
-52.41424
-50.09317
-50.30667
-52.13339
-51.51142
-52.19464
-53.47233
-54.03066
-54.34106
-50.68708
-49.46736
-50.32045
-50.31335
-47.96071
-49.18600
-53.07731
-50.80452
-48.57256
-49.09849
-50.54276
-49.76479
-52.29391
-55.31151
-54.45539
-53.14323
-51.38872
-51.65599
-51.52488
-53.04171
-52.14385
-51.83394
-51.42236
-53.61222
-52.60204
-48.30147
-49.83145
-49.56933
-50.26241
-51.63177
-49.52300
-50.60139
-53.39598
-51.07889
-52.16656
-52.53742
-53.06281
-52.85313
-52.11779
-52.36135
-55.16856
-51.78270
-47.68957
-49.92600
-50.36071
-50.75955
-50.17622
-50.44159
-50.38024
-51.22096
-51.36451
-51.81109
-52.12926
-52.62584
-53.42666
-52.61984
-51.38500
-53.66018
-50.87120
-47.44469
-49.59477
-49.75780
-50.55399
-49.91184
-49.65383
-51.83764
-51.63480
-50.57049
-52.15002
-51.61252
-53.34790
-53.43606
-52.12290
-54.59368
-55.22559
-50.19112
-50.49501
-53.93001
-55.40728
-53.82616
-52.58137
-56.84775
-54.97752
-56.46956
-57.05946
-56.79545
-57.89298
-57.18980
-56.14506
-55.88581
-55.52374
-60.28520
-50.30152
-48.12090
-50.01174
-49.69686
-50.23831
-51.12558
-53.13824
-51.23617
-53.20651
-51.75870
-50.19377
-50.22881
-50.84245
-49.75371
-49.58917
-52.22788
-51.89727
-48.76607
-49.97426
-52.91731
-53.29476
-53.11949
-53.02966
-53.61455
-54.31211
-55.33697
-54.59058
-53.03295
-54.71733
-52.83572
-51.67324
-52.61821
-55.35470
-53.43835
-48.70923
-50.52731
-53.32749
-57.78645
-54.16285
-53.04170
-54.77368
-57.53866
-55.76699
-55.78217
-56.95042
-60.08186
-55.73766
-54.05789
-55.71572
-59.98178
-55.21386
-50.14971
-55.67733
-55.93283
-61.55497
-61.06768
-59.79853
-61.23483
-63.16589
-61.54213
-61.98003
-62.71027
-64.97498
-60.67169
-59.80104
-62.16022
-68.66963
-56.07494
-49.87535
-52.73542
-57.47357
-59.88798
-59.65107
-57.42505
-57.76629
-59.06465
-54.97251
-56.88077
-59.60796
-60.48588
-55.99294
-57.44643
-56.67521
-63.94482
-50.89536
-46.83787
-48.88507
-49.80305
-50.51870
-49.57528
-49.94254
-50.67613
-51.60279
-51.13104
-51.40874
-52.37753
-52.56863
-53.77824
-58.15041
-56.66337
-56.52878
-47.25520
-48.56153
-51.98062
-51.18091
-50.55812
-50.41943
-52.52573
-52.42860
-52.81691
-52.33544
-53.25133
-53.40045
-54.38656
-52.64531
-51.48243
-53.74212
-54.40731
-48.79775
-49.90243
-50.27619
-50.45261
-50.26925
-51.99536
-52.27073
-50.91642
-52.87302
-53.66593
-51.64157
-52.84150
-52.55948
-51.49416
-53.26858
-54.42168
-52.58896
-47.88044
-49.16475
-52.35653
-53.81934
-54.20861
-54.22632
-51.98841
-54.08484
-54.83744
-55.30975
-54.50739
-55.49143
-53.83751
-54.17666
-52.97117
-56.69249
-53.03630
-50.92980
-59.64841
-57.97012
-57.85012
-55.25969
-55.87361
-56.06006
-58.82749
-54.02646
-56.50870
-57.87065
-60.77752
-55.27954
-50.38254
-49.94736
-52.08423
-48.28214
-47.91959
-51.83283
-51.41242
-52.04454
-50.61748
-52.28656
-53.12268
-55.04469
-50.97193
-49.80119
-49.90420
-50.46504
-47.53413
-50.33069
-52.31088
-50.90129
-50.30306
-49.35346
-51.10898
-50.45799
-50.79446
-50.71142
-52.32870
-51.42550
-52.23336
-53.23699
-53.35301
-53.30442
-52.99537
-51.37832
-52.29367
-53.33837
-53.76548
-51.73937
-49.36866
-49.77743
-50.94420
-48.10777
-48.67586
-51.85220
-51.28567
-48.87450
-50.23416
-53.18161
-53.61893
-52.17296
-49.02829
-53.03303
-53.63889
-59.85273
-72.67536
-71.28413
-75.73154
-72.31564
-75.63904
-72.40680
-75.94362
-72.14578
-75.83853
-72.42672
-75.56469
-72.61916
-75.48940
-73.11989
-75.17475
-73.23856
-74.97985
-72.94346
-74.29864
-72.79000
-73.67700
-72.96620
-73.57595
-72.62147
-73.06468
-72.52822
-72.51662
-72.30787
-72.85650
-71.97809
-72.47468
-71.60618
-73.28978
-67.15335
-54.69724
-53.45648
-53.91235
-53.93579
-54.71427
-54.52841
-54.83451
-55.15105
-55.53137
-55.73341
-55.96171
-56.24759
-56.60540
-56.94576
-57.31233
-57.19660
-57.96163
-58.01495
-58.08681
-58.67508
-59.05149
-59.35902
-59.75332
-59.97249
-60.24896
-60.25714
-60.88595
-61.19353
-61.39343
-61.87954
-62.22358
-62.46828
-62.65085
-62.97269
-63.29782
-63.74097
-63.97870
-64.42655
-64.78871
-65.19981
-65.22464
-65.57487
-66.02181
-66.23203
-66.46791
-67.10453
-67.15782
-67.70350
-67.90907
-68.65629
-67.60079
-69.23363
-68.07857
-70.20113
-68.90889
-71.19123
-69.08693
-73.61375
-63.33445
-52.61749
-51.64952
-51.68478
-52.04328
-52.30671
-52.63460
-53.18452
-53.48027
-53.74428
-54.05105
-54.33100
-54.76877
-55.05343
-54.83650
-55.33743
-55.84322
-57.31058
-56.42828
-56.36389
-56.64148
-57.16794
-57.56029
-57.97898
-57.96805
-58.06339
-58.73098
-58.88623
-59.20943
-59.55030
-59.87979
-59.79545
-60.33357
-60.84519
-61.18760
-61.10253
-61.46791
-61.93951
-62.05093
-62.35515
-62.96378
-62.93448
-63.50718
-63.54664
-64.04686
-64.27257
-64.75475
-65.14356
-65.38963
-65.78360
-65.79007
-66.15957
-66.77666
-67.02148
-67.15893
-67.53515
-67.60532
-68.14762
-68.71611
-68.64038
-69.12979
-69.51545
-69.72417
-69.83427
-70.12583
-70.72050
-70.83791
-71.50169
-71.25637
-72.19459
-71.86398
-73.07385
-72.59453
-75.25362
-72.15449
-78.86016
-61.34480
-54.81825
-54.77081
-54.75018
-55.48133
-55.44828
-56.01347
-56.09070
-56.42167
-56.95105
-57.14532
-57.22030
-57.56614
-58.07728
-58.37909
-58.80424
-58.85008
-59.23270
-59.58484
-59.85494
-60.00039
-60.44758
-60.55590
-61.03236
-61.28660
-61.69688
-62.15181
-62.43002
-62.52672
-62.92589
-63.14767
-63.09798
-63.94945
-64.27187
-64.41906
-64.97166
-64.91158
-65.26291
-65.36415
-66.03531
-66.11633
-66.82016
-66.91795
-67.37927
-67.40214
-67.55583
-67.82606
-68.54501
-68.90454
-69.16253
-68.41240
-68.50135
-69.81809
-68.71298
-70.14981
-69.24284
-71.70164
-69.38976
-73.99562
-58.36947
-52.73320
-52.96879
-52.98890
-53.63994
-53.79027
-54.05647
-54.34189
-54.64249
-55.01175
-55.54405
-55.49097
-56.02157
-56.27245
-56.54763
-56.20576
-57.59607
-60.07934
-59.63112
-60.24419
-60.47811
-60.97330
-61.38926
-61.07235
-61.67016
-62.12502
-62.15037
-62.57125
-62.33191
-62.94253
-63.09098
-63.56990
-64.14636
-64.32652
-64.31525
-64.72471
-65.12112
-65.09287
-65.53589
-66.18202
-66.29025
-66.53861
-67.08225
-67.31076
-67.46586
-68.16249
-68.06251
-67.93265
-68.62201
-68.92525
-69.21169
-69.48582
-69.88681
-70.22969
-70.67916
-70.79307
-71.36878
-71.32178
-72.12109
-72.13242
-72.49733
-72.15701
-73.66608
-73.30483
-74.31918
-73.48152
-74.71838
-74.28894
-75.78357
-74.32919
-75.13742
-75.80836
-76.52729
-76.64354
-76.22570
-73.66690
-56.07044
-53.14868
-53.78538
-53.76972
-54.49654
-54.67576
-54.95204
-55.03323
-55.52403
-55.42549
-55.78866
-56.31145
-56.38168
-56.56968
-57.19577
-57.40974
-57.71268
-57.89160
-58.09525
-58.42996
-58.98139
-59.37433
-59.52241
-59.78458
-60.11664
-60.24051
-60.54142
-61.02638
-61.29326
-61.49809
-61.88834
-62.23953
-62.60678
-62.97403
-63.30797
-63.50112
-63.58124
-64.15143
-64.41703
-64.56601
-65.15943
-65.43262
-65.72236
-66.19992
-66.21004
-66.92767
-66.64645
-67.82947
-67.43165
-68.62857
-67.05318
-68.26048
-67.66978
-68.74021
-68.31246
-69.72023
-68.90771
-71.35351
-66.25614
-53.19171
-51.46242
-51.93540
-52.23592
-52.39176
-52.57185
-52.97028
-53.08702
-53.54315
-53.69923
-54.46577
-54.66219
-54.79519
-55.02354
-55.57674
-55.78753
-57.16004
-56.79981
-56.78671
-56.96386
-56.98620
-57.37657
-57.76918
-58.21039
-58.11985
-58.92910
-58.99732
-59.10744
-59.66848
-59.88292
-60.00813
-60.55244
-60.61346
-60.70346
-61.08430
-61.62214
-61.87766
-62.20118
-62.62278
-63.00266
-63.19663
-63.55473
-63.74117
-63.78854
-64.33172
-64.78392
-64.99511
-65.44901
-65.42919
-65.63318
-65.96444
-66.52577
-66.34632
-66.75559
-67.14834
-67.52275
-68.08656
-68.45688
-68.01859
-68.05855
-68.91208
-68.94985
-69.70044
-69.70284
-70.37030
-70.18688
-70.92824
-70.50976
-71.92241
-71.24392
-72.96353
-71.53159
-74.16309
-71.04224
-77.81447
-63.67310
-54.46857
-54.56422
-54.81506
-55.11592
-55.10768
-55.36983
-55.85573
-56.17105
-56.82903
-56.91974
-57.26687
-57.69543
-57.86372
-57.82274
-58.75170
-58.74029
-59.01846
-59.09820
-59.67036
-59.99333
-60.48323
-60.79155
-61.04059
-61.38494
-61.29688
-62.08836
-62.21218
-62.19411
-62.60798
-62.97463
-63.56270
-63.63972
-63.84546
-64.40843
-64.64898
-65.13353
-65.29522
-65.43249
-65.94817
-66.32137
-66.77549
-66.91196
-67.14613
-67.27647
-67.66200
-67.86022
-68.32635
-68.84918
-69.10336
-68.75034
-67.54003
-68.50964
-68.11024
-69.22378
-68.49944
-70.79046
-68.70500
-73.78960
-59.96403
-52.55071
-52.70135
-52.84803
-53.46695
-53.72739
-53.87910
-54.45925
-54.87226
-54.71901
-54.94910
-55.42809
-55.83142
-56.18414
-56.41729
-56.86720
-57.35513
-60.30023
-60.38168
-60.18468
-60.48964
-60.95043
-60.86715
-61.21718
-61.67167
-61.60745
-62.30203
-62.32827
-63.21425
-63.29152
-63.50160
-63.83479
-64.29228
-64.19701
-64.52279
-64.92935
-65.17260
-65.32212
-65.84539
-66.28161
-66.48897
-66.92611
-66.38741
-66.58335
-66.82482
-67.42571
-67.74864
-67.96619
-68.41550
-68.95416
-69.01096
-68.95174
-69.49009
-69.70825
-69.90596
-70.18765
-70.42634
-70.90502
-71.46476
-71.29079
-72.34911
-72.09367
-72.78249
-72.66432
-72.82324
-73.03635
-73.83009
-73.38572
-74.37319
-73.86303
-74.49247
-74.03632
-74.21209
-74.54010
-75.02282
-75.51176
-76.78112
-79.31483
-77.55442
-79.09665
-76.93510
-79.49316
-76.75207
-80.04610
-76.56724
-80.46744
-76.36449
-80.39831
-76.25659
-80.22114
-76.31672
-79.84060
-76.21685
-77.90101
-76.29939
-76.95416
-76.79303
-76.03467
-77.96522
-75.05930
-80.39924
-73.90015
-83.26684
-72.83678
-96.46097
-71.13378
-85.58108
-68.35114
-70.57580
-53.92527
-49.79476
-58.31442
-62.94776
-65.35058
-56.25666
-55.86494
-60.80936
-69.74950
-68.79265
-73.19451
-68.76182
-77.97100
-56.20330
-53.67938
-55.92277
-68.52161
-54.02982
-52.18695
-60.08046
-64.44370
-64.01931
-57.50425
-57.32055
-62.98334
-66.39558
-58.82948
-62.91975
-67.46822
-70.42227
-56.63231
-56.97162
-60.11378
-68.06897
-51.47726
-52.56963
-60.49268
-64.33702
-63.63926
-59.26072
-61.20605
-64.16193
-72.40379
-70.98670
-72.76533
-73.08204
-69.28070
-57.10860
-57.62889
-62.70747
-65.36560
-51.32439
-54.50488
-61.42257
-66.78719
-58.71076
-55.18627
-58.23852
-68.25045
-62.36492
-58.70457
-65.59827
-73.77434
-63.63036
-55.37801
-55.86310
-62.97175
-61.09470
-50.84957
-55.56536
-60.82224
-66.66102
-58.83086
-55.93648
-59.85894
-70.80482
-72.14467
-77.71531
-71.02637
-96.83192
-59.27466
-55.28195
-57.99320
-68.18947
-58.22178
-51.27214
-57.94612
-62.45623
-65.64682
-57.57507
-60.85163
-65.39698
-74.32742
-62.52461
-63.70062
-67.11700
-79.20926
-62.28202
-60.27090
-62.07965
-74.97278
-54.81065
-50.71580
-59.17323
-62.70198
-66.30025
-61.58537
-62.09475
-63.72891
-73.85581
-72.46384
-76.20296
-72.64834
-77.61982
-59.47019
-57.30783
-58.19412
-73.25148
-53.22938
-52.40365
-59.89089
-65.20315
-62.09352
-55.30536
-56.32663
-63.13036
-67.01440
-59.24235
-64.00846
-70.33226
-72.38424
-53.14725
-52.41939
-58.48912
-67.11724
-51.32319
-53.56115
-60.78590
-65.89340
-62.94505
-58.34564
-59.85343
-69.06836
-64.72261
-57.38269
-63.12983
-74.56758
-65.92623
-56.27778
-57.92964
-64.76683
-63.89131
-50.49511
-54.29412
-60.15673
-65.68000
-56.55741
-56.65002
-61.86524
-67.72870
-70.69582
-73.51975
-73.12524
-85.74914
-63.28858
-55.25233
-57.69238
-74.84586
-57.83137
-49.22175
-57.47329
-61.18433
-67.37851
-61.03480
-59.45701
-61.12228
-71.82908
-60.82055
-60.86596
-65.83462
-83.27441
-61.48005
-56.27878
-57.52868
-68.05722
-56.61603
-49.83156
-56.24597
-62.73847
-61.98991
-54.34722
-56.40221
-59.37310
-69.67410
-71.94663
-82.34160
-72.92604
-87.22291
-56.49322
-55.12073
-59.42031
-73.41675
-53.70488
-51.34543
-59.38469
-62.60314
-64.48989
-58.08325
-59.68902
-63.96711
-72.52623
-57.64352
-61.63013
-68.24387
-75.82949
-56.50412
-56.94955
-62.02141
-73.46013
-52.34429
-52.60719
-60.76294
-64.06462
-63.24537
-58.21286
-64.96595
-67.83023
-76.21848
-73.11777
-77.32504
-75.94727
-73.62819
-58.43133
-58.15181
-62.34217
-68.32537
-50.46027
-52.97419
-60.79848
-64.54214
-64.06894
-59.01123
-60.00682
-68.22114
-62.77454
-59.01823
-63.68687
-77.63319
-63.94592
-54.52679
-56.04977
-60.51215
-62.96858
-50.31191
-54.36036
-60.68131
-64.92568
-55.27846
-53.58998
-55.62112
-55.30456
-62.79309
-73.75040
-75.65745
-86.48184
-63.12824
-53.95018
-53.88662
-63.09242
-58.23412
-50.48960
-53.43706
-53.09109
-53.23299
-52.47082
-52.40948
-52.09094
-52.40804
-52.11687
-52.47479
-52.75263
-53.49394
-52.20240
-52.50353
-53.27049
-55.27770
-50.93165
-50.43124
-54.91112
-55.53654
-54.29243
-50.99518
-54.05788
-52.60044
-52.41396
-51.68018
-53.33703
-53.08647
-53.44830
-52.36645
-50.13649
-52.57783
-55.77723
-49.80071
-50.97322
-57.18426
-57.68822
-56.97369
-52.02743
-55.63888
-57.43607
-56.22630
-58.39756
-57.08013
-59.22992
-57.23013
-52.63357
-55.97272
-55.91268
-57.72563
-51.85579
-52.49178
-56.65809
-54.93428
-56.53855
-58.88529
-59.93037
-54.64965
-53.13827
-51.18911
-50.35119
-51.60911
-50.77690
-51.84911
-51.48074
-51.28888
-52.28263
-49.32067
-53.60409
-55.91820
-56.44606
-55.66529
-55.32195
-54.61258
-54.81734
-55.84974
-54.35816
-53.57451
-54.48683
-53.37176
-51.90225
-52.10872
-54.13301
-53.61630
-49.37492
-52.91562
-60.63198
-64.30230
-54.76435
-53.28439
-55.50365
-57.57403
-56.41731
-57.23289
-59.23853
-59.37362
-58.45907
-54.46694
-52.61926
-58.84943
-53.51527
-50.17081
-54.46062
-59.97122
-66.01186
-55.40031
-54.46288
-57.57595
-62.37705
-62.29640
-63.99346
-63.28103
-66.80997
-56.81428
-54.83246
-57.29623
-67.43832
-54.40151
-52.14006
-58.67587
-61.31476
-66.10702
-58.75265
-60.21799
-67.25307
-70.36695
-59.85809
-61.95387
-67.84059
-68.88069
-60.08035
-59.85386
-61.98335
-67.82757
-52.77624
-51.50789
-53.93702
-53.29366
-52.53793
-51.77579
-51.51280
-51.85419
-51.39113
-49.74186
-51.51245
-51.88398
-53.78552
-57.76629
-60.29981
-57.93164
-56.35533
-48.14787
-51.20061
-56.10028
-56.37339
-53.95323
-51.15144
-52.62750
-52.39727
-53.19236
-52.94614
-53.53939
-54.06678
-54.01599
-52.17873
-52.84430
-53.72973
-54.92119
-50.70411
-51.61413
-54.35156
-53.86098
-51.35886
-53.89030
-51.74311
-50.38055
-55.05995
-52.01550
-51.90168
-54.31737
-53.42975
-52.03201
-54.09681
-56.06191
-52.36985
-51.56377
-53.14273
-56.30089
-60.21734
-54.84504
-56.18575
-55.04994
-54.78481
-56.56135
-55.22898
-54.74723
-56.10919
-54.04270
-53.93893
-55.90696
-58.55872
-52.85404
-53.97703
-62.66129
-66.07337
-62.55611
-56.02731
-55.11109
-55.51864
-58.31470
-55.85776
-59.00278
-58.95751
-61.42600
-53.83254
-50.21373
-50.03368
-52.45022
-47.34081
-49.12172
-56.88301
-57.37065
-56.89423
-51.56414
-53.98086
-53.56828
-55.28818
-51.66334
-50.40141
-50.34478
-50.49481
-46.74207
-50.54680
-52.89094
-50.59172
-52.30000
-51.67983
-54.40675
-53.42739
-52.14197
-50.21542
-50.94061
-51.74922
-51.61549
-52.26803
-53.84526
-53.19729
-53.62119
-50.93907
-50.55782
-52.25653
-54.45802
-52.12233
-53.19480
-58.49668
-58.88107
-55.34873
-54.77962
-56.96252
-56.37695
-57.39709
-57.47688
-58.32804
-59.16809
-56.84637
-53.95613
-55.50759
-58.30658
-57.45342
-50.80934
-52.77237
-55.51854
-54.64042
-53.68388
-51.32646
-52.14042
-52.20225
-53.79221
-53.63746
-54.99044
-54.93381
-55.49795
-55.86616
-55.91542
-57.89860
-53.21461
-50.82950
-53.69606
-55.96352
-52.89231
-57.70916
-51.62045
-49.83485
-54.56334
-50.29470
-53.05910
-52.37231
-51.80802
-55.37224
-49.33036
-50.98850
-54.95411
-50.35997
-52.20404
-54.44750
-59.02402
-56.45341
-52.06966
-56.07680
-54.22573
-56.18899
-55.76077
-55.23362
-59.52981
-55.16400
-56.50052
-56.03159
-57.05535
-58.86063
-50.69167
-50.38644
-52.45739
-53.30845
-51.29961
-49.11694
-50.18834
-49.72167
-50.94321
-52.83563
-51.50909
-51.99876
-52.21858
-50.93061
-50.87137
-53.30198
-52.76173
-48.89318
-51.30918
-55.91330
-58.02420
-57.29135
-54.67229
-53.54043
-55.67435
-55.41743
-54.93948
-53.65777
-55.36080
-53.16611
-50.53147
-51.71252
-53.34546
-54.40432
-49.58143
-53.05724
-62.16922
-63.09603
-53.83762
-52.81402
-53.98667
-56.34138
-56.72922
-58.63705
-57.79800
-60.83499
-56.69577
-52.44241
-53.92606
-57.26270
-56.47988
-48.52558
-53.21050
-62.47050
-66.82112
-58.22481
-56.42853
-58.83442
-62.24823
-61.87474
-62.68622
-63.27667
-65.39647
-59.88529
-58.19518
-59.15186
-67.69294
-56.73581
-51.04663
-56.67228
-61.57392
-70.79456
-61.52561
-59.90550
-63.45265
-69.61566
-59.26353
-61.44939
-64.08437
-72.43598
-55.68974
-53.89442
-60.51836
-66.65683
-57.30833
-52.38882
-53.51380
-53.99500
-52.22317
-49.48686
-49.38361
-50.89766
-51.96129
-51.14941
-53.87172
-53.97090
-54.07885
-54.82349
-59.71893
-59.13451
-58.21821
-49.40049
-50.10971
-55.10949
-56.91126
-57.01795
-51.72636
-51.99156
-51.34263
-51.78470
-53.06647
-56.09161
-56.35978
-54.91981
-52.59932
-51.21051
-52.99337
-55.03482
-54.51149
-53.61480
-51.49127
-54.77787
-51.38697
-50.46521
-54.63318
-51.34474
-50.74036
-57.51701
-51.57440
-52.05599
-56.57369
-51.73485
-53.22509
-56.11784
-53.04168
-48.35747
-51.25137
-58.58817
-58.96272
-55.97043
-56.60706
-53.44012
-54.18558
-55.21496
-55.72991
-54.87861
-55.22960
-53.54151
-51.23196
-51.27714
-54.16002
-53.21471
-53.38784
-57.49009
-57.42919
-57.82127
-53.12131
-52.74266
-53.29882
-56.91634
-53.03264
-54.28936
-55.90804
-58.10425
-53.44608
-49.97718
-50.43415
-51.06694
-49.90805
-50.59092
-53.88924
-54.56007
-55.27368
-52.00753
-52.25835
-53.00496
-53.94951
-50.88403
-51.17175
-49.10670
-51.54429
-49.79110
-49.95864
-52.68824
-50.65597
-50.30900
-50.93858
-55.86420
-55.62306
-55.23865
-53.55988
-53.74445
-53.11993
-53.87457
-53.27020
-53.76644
-54.31976
-54.90276
-53.77902
-54.93575
-55.26654
-55.88466
-51.10230
-51.79061
-57.67365
-58.85832
-57.87707
-55.93112
-56.85686
-55.56979
-57.46301
-58.78940
-58.48356
-59.45192
-58.90741
-51.81251
-53.64996
-57.34704
-59.16991
-50.56843
-50.67658
-54.12519
-52.77519
-51.39120
-49.43622
-49.63741
-50.20905
-51.48662
-50.87180
-52.36110
-51.53973
-52.05961
-52.25287
-52.47895
-53.70914
-51.82015
-49.23355
-54.40281
-53.57385
-54.32863
-55.10150
-50.33587
-54.29024
-50.77790
-52.68488
-52.48608
-50.76575
-54.99123
-51.11325
-54.79683
-54.95357
-52.79497
-54.67497
-51.19455
-54.70184
-55.57928
-54.58898
-58.73070
-53.25884
-54.55828
-57.25664
-54.29053
-58.40171
-55.05823
-57.69473
-57.99462
-52.99162
-54.97108
-58.00179
-54.17384
-53.03658
-56.13865
-56.62991
-54.48308
-50.38015
-50.15798
-51.45460
-53.47379
-54.90375
-53.05010
-53.12057
-53.53180
-53.70758
-53.97432
-53.20941
-55.72855
-52.27979
-53.40945
-58.29988
-57.66182
-57.60228
-56.08742
-55.32152
-57.28397
-58.03844
-54.94404
-53.55596
-54.08258
-54.20155
-51.76599
-51.02934
-52.79002
-54.76051
-50.17037
-55.20829
-62.32464
-58.65529
-55.95927
-53.59803
-53.96367
-55.96042
-57.05726
-55.79753
-57.78938
-59.26715
-58.52641
-54.80172
-53.79447
-58.56306
-57.67306
-49.17610
-53.62329
-64.06498
-62.67392
-57.66783
-55.43458
-57.50852
-61.38519
-61.67951
-63.95973
-63.30112
-67.58922
-59.44273
-53.43024
-54.75340
-61.63663
-59.18191
-50.85989
-55.35301
-63.80802
-67.25277
-57.83657
-55.82503
-59.41764
-66.81759
-58.87779
-59.86051
-65.20522
-69.09107
-61.91878
-54.85115
-55.63608
-68.31745
-57.81040
-51.47474
-55.27866
-55.29746
-55.41873
-53.10376
-53.10182
-54.36392
-55.46155
-55.50093
-57.32668
-56.95676
-57.91486
-55.48105
-56.84163
-56.44464
-58.93579
-52.82563
-50.50064
-56.87801
-58.37560
-57.39131
-52.90891
-53.23040
-54.40795
-55.88867
-57.94126
-57.64871
-55.56817
-53.70798
-50.01770
-52.05451
-55.60589
-58.39345
-53.79608
-54.61716
-53.38784
-55.50843
-60.90882
-48.59130
-52.74208
-57.75048
-51.84654
-55.09979
-54.34233
-54.63103
-55.65419
-56.18522
-53.45949
-53.66626
-59.86980
-48.97799
-51.76324
-62.52129
-57.80659
-55.60428
-54.43726
-53.33790
-55.12867
-58.10553
-58.67919
-58.86768
-59.08573
-58.08058
-53.03570
-54.12351
-58.53920
-57.85943
-52.09727
-53.76622
-57.12684
-59.67045
-58.22114
-58.19998
-57.72791
-60.35494
-57.92865
-56.25150
-58.60995
-62.07121
-57.33839
-52.78897
-52.95093
-54.53734
-52.67022
-49.13050
-52.32936
-54.77478
-55.90407
-55.64275
-56.22497
-56.11779
-57.38081
-54.47912
-54.69247
-53.39770
-53.48924
-55.98788
-52.16848
-53.65351
-55.49187
-51.67003
-53.06622
-57.39765
-58.75603
-57.54878
-52.42475
-52.25764
-53.64215
-55.52786
-55.15678
-56.59648
-57.04895
-58.03892
-56.77755
-59.85523
-62.04306
-63.13944
-52.87091
-51.31652
-58.24364
-60.53038
-61.05577
-57.14303
-57.98336
-56.90096
-59.85141
-60.23668
-61.55388
-61.17541
-61.94180
-56.33099
-57.53554
-62.79720
-63.03827
-59.92487
-54.72538
-55.01977
-55.52923
-54.90822
-55.80082
-55.80673
-55.81688
-57.09793
-55.92101
-57.62852
-56.83635
-57.65224
-56.05728
-56.68535
-58.49427
-59.95108
-56.48732
-54.12910
-53.79455
-55.83884
-52.97928
-53.22367
-56.96694
-54.94186
-55.78830
-54.57014
-57.15508
-56.79381
-57.96036
-56.62148
-56.52472
-59.03206
-58.14031
-56.33970
-57.19924
-58.32893
-59.19000
-60.54699
-60.56143
-60.75648
-60.90732
-60.85416
-61.64326
-61.51530
-62.92507
-59.97177
-58.03135
-62.27250
-62.47216
-63.18009
-55.60237
-54.45148
-55.07479
-54.90084
-54.79464
-55.70608
-55.50197
-57.25389
-57.07316
-54.26055
-55.75066
-55.53626
-56.86173
-57.54993
-55.22838
-55.85237
-55.95859
-55.21928
-56.66810
-57.24908
-58.29736
-58.51735
-59.68877
-59.01903
-59.34276
-56.20746
-54.71340
-55.05014
-55.50265
-54.52544
-54.55556
-56.15928
-56.43156
-56.41510
-56.97519
-57.08941
-57.65674
-56.67958
-53.83067
-56.17289
-59.53334
-58.85750
-56.90065
-58.97984
-60.39732
-60.69631
-57.89864
-57.99570
-61.71193
-61.65079
-58.56076
-58.78175
-62.29204
-63.14414
-63.22419
-63.29405
-63.51736
-63.93085
-63.94331
-65.05919
-64.64515
-65.80474
-64.10308
-59.66824
-62.42252
-65.19456
-66.30422
-66.38215
-67.63169
-66.86124
-68.17439
-67.65203
-69.66844
-67.68513
-72.25715
-61.33757
-59.04261
-64.86247
-70.99723
-63.75458
-59.64805
-63.66233
-70.49623
-66.11927
-57.26386
-56.78858
-55.89179
-56.02422
-55.31443
-55.79618
-55.84800
-56.60497
-54.03383
-54.15358
-56.40004
-56.34569
-56.54895
-56.10383
-58.48111
-59.36303
-58.68366
-56.82542
-54.49335
-54.66841
-55.43116
-54.87620
-55.05178
-55.84433
-56.10281
-55.89181
-56.86201
-56.76431
-58.05562
-53.56113
-54.70519
-57.05369
-58.76707
-55.90878
-55.43144
-55.47946
-53.95941
-55.86731
-55.56179
-56.31767
-56.63832
-55.98168
-55.33492
-57.86467
-56.40878
-57.86314
-55.64152
-57.23036
-58.04456
-59.37092
-56.33545
-52.41735
-53.53574
-54.69528
-55.75813
-56.03401
-56.39944
-57.36525
-57.75995
-57.93983
-58.19680
-58.16566
-57.93062
-56.61522
-57.73156
-57.78120
-59.93361
-54.43465
-55.45148
-54.78549
-54.59646
-55.76041
-55.65101
-56.46054
-56.19486
-55.11409
-53.51701
-56.74022
-57.70804
-57.51105
-54.33308
-54.74603
-55.30122
-55.70662
-54.91232
-54.47129
-55.55622
-56.46327
-56.01441
-56.46516
-57.28825
-57.46127
-57.65894
-54.82871
-54.51182
-55.56028
-53.74530
-53.02173
-55.53163
-56.40853
-56.13041
-55.90931
-56.04223
-55.29915
-56.27627
-56.59530
-56.46547
-56.94108
-57.53694
-56.73530
-56.19991
-57.95887
-58.99006
-57.60234
-58.03011
-59.39368
-60.58151
-61.16401
-57.65988
-58.24417
-61.55031
-60.45011
-58.64415
-61.09152
-62.08938
-62.62547
-64.66342
-64.02205
-64.72309
-65.46733
-58.77427
-58.98174
-64.80786
-66.82479
-66.70520
-67.11037
-68.23005
-66.67797
-68.99612
-69.19275
-70.09626
-70.16910
-70.24832
-70.20955
-71.69475
-71.65441
-72.09855
-72.28755
-72.82558
-74.13616
-74.63883
-74.75500
-74.47932
-75.43555
-75.47342
-75.12638
-74.82569
-76.54489
-76.36183
-77.68670
-77.56495
-78.25317
-78.85190
-79.64833
-79.07128
-80.03634
-80.16302
-80.94354
-81.26900
-81.80707
-81.93200
-82.64234
-82.93880
-82.90352
-84.61652
-83.89415
-84.79564
-84.88041
-86.08436
-86.37115
-87.25450
-87.54941
-88.73304
-88.90545
-89.87315
-89.74367
-90.24213
-90.53185
-90.94015
-91.68490
-92.21954
-93.08911
-93.25611
-92.19670
-91.94932
-92.93629
-92.83087
-93.83048
-94.06588
-94.61449
-94.12105
-94.52795
-94.33327
-94.64006
-95.33307
-96.35845
-96.48841
-96.62075
-96.99467
-96.50401
-98.00753
-97.26461
-99.69009
-95.77330
-95.33775
-100.86346
-100.26165
-100.53090
-98.74648
-99.65674
-99.73089
-100.05127
-100.74033
-101.39011
-101.66764
-101.74508
-101.57241
-101.11092
-101.38708
-102.47769
-102.68175
-102.02428
-102.21602
-101.96854
-102.19810
-102.44463
-102.26807
-101.56537
-101.99191
-100.63140
-102.03962
-103.26707
-104.14032
-101.71074
-100.72151
-101.57084
-101.76432
-102.03009
-102.18676
-103.44820
-102.84060
-103.40371
-102.72141
-104.02708
-103.28380
-104.56114
-102.91401
-101.79542
-104.52563
-104.74396
-104.65566
-104.19912
-105.68959
-105.97669
-106.50047
-105.16477
-108.03358
-105.49964
-101.71859
-104.27714
-104.62003
-104.52803
-106.38590
-106.18965
-105.98153
-105.31577
-102.86877
-102.39456
-104.47239
-105.93961
-105.35296
-105.47012
-101.33255
-101.24532
-104.19708
-105.43176
-106.61490
-103.63421
-103.93945
-106.70304
-104.59836
-103.08772
-105.46151
-106.70962
-103.96745
-104.69360
-104.23515
-95.55101
-99.84760
-103.78226
-102.85548
-103.16683
-101.71185
-105.43722
-99.43348
-101.92462
-102.06423
-104.16097
-101.56870
-102.84618
-97.11668
-96.39489
-96.78607
-97.93831
-97.15490
-96.10010
-98.11028
-99.47578
-98.46933
-100.17489
-100.12965
-97.23140
-94.53222
-88.90803
-98.36848
-97.90818
-103.71598
-88.56725
-83.10759
-83.56696
-82.94914
-83.82760
-83.64462
-84.18558
-84.29008
-85.14436
-85.21576
-86.40092
-86.26659
-87.36166
-87.33123
-89.04053
-88.57120
-91.85517
-85.87178
-81.20590
-81.60691
-81.48774
-82.20830
-82.60214
-83.08457
-83.61528
-84.27311
-84.57799
-84.91784
-85.41499
-86.23269
-86.70515
-87.94725
-87.87157
-90.77451
-82.07939
-79.11695
-79.68893
-79.66611
-80.47340
-80.66472
-81.27190
-81.73956
-82.16009
-82.70625
-82.99020
-83.77938
-84.21520
-85.26484
-85.75695
-87.07382
-86.63145
-79.02343
-77.86275
-78.19981
-78.43393
-79.01996
-79.37295
-79.84834
-80.55103
-78.47965
-77.21845
-77.66056
-77.77930
-78.59087
-78.97651
-79.59419
-80.24228
-80.07112
-78.99373
-79.50253
-79.82133
-80.54264
-80.92969
-81.61623
-82.10841
-82.95429
-83.07271
-83.73874
-84.18406
-85.07052
-85.60653
-86.97199
-87.19022
-89.29283
-86.46273
-81.15121
-81.00014
-80.93986
-81.66225
-82.04027
-82.75115
-82.84968
-83.50327
-84.36446
-85.06473
-85.47482
-86.86215
-87.21057
-88.34954
-87.96062
-91.18030
-83.93664
-79.06298
-79.28259
-79.37151
-79.95781
-80.32462
-80.94680
-81.31868
-81.86638
-81.58902
-81.92453
-82.35552
-82.97554
-83.61064
-84.59061
-84.92725
-86.49723
-80.25663
-78.15054
-78.62248
-78.56313
-79.22975
-79.35628
-79.94504
-80.16069
-80.77622
-80.80587
-81.48121
-82.01275
-82.87594
-83.32033
-84.45943
-84.95718
-86.48470
-81.95283
-80.19891
-80.67395
-80.79940
-81.62312
-81.95979
-82.44495
-82.87774
-83.21127
-83.63939
-84.25191
-84.79708
-85.25258
-86.10623
-86.70851
-87.67938
-87.99287
-80.89798
-80.02054
-80.44461
-80.73584
-81.24898
-81.54615
-82.17565
-82.60057
-83.24355
-83.59611
-83.98462
-84.82571
-85.01919
-86.14454
-86.07237
-88.56211
-85.39790
-78.61088
-78.53219
-78.46757
-78.96430
-79.52064
-79.96775
-80.36822
-80.85504
-81.17352
-81.81429
-82.21699
-83.12238
-83.41142
-84.70482
-84.84444
-87.23207
-83.87582
-77.22404
-77.19751
-77.16608
-77.51296
-78.02544
-78.41909
-78.94753
-79.50248
-79.92001
-80.40609
-81.08008
-81.69642
-82.33906
-83.19783
-83.58450
-85.42962
-82.41152
-80.15009
-80.90906
-80.97940
-81.68293
-81.98371
-82.62444
-82.79817
-83.44280
-83.48900
-84.19627
-84.62516
-85.43863
-85.72826
-86.93517
-87.13181
-89.18402
-81.82045
-79.62176
-80.08210
-80.05213
-80.97072
-81.29335
-82.03718
-82.25177
-83.22062
-83.46869
-84.25784
-84.48291
-85.62802
-85.73035
-86.98005
-87.47539
-87.75176
-78.95196
-78.51218
-78.47486
-78.97861
-79.21755
-79.86654
-80.20052
-80.84627
-81.24126
-81.71740
-82.22287
-82.65441
-83.91886
-83.76050
-85.83643
-85.04007
-86.94522
-77.62368
-77.75487
-76.76066
-78.49203
-77.53523
-79.38305
-78.12982
-80.36231
-79.18930
-82.34098
-80.71554
-83.88371
-82.09492
-85.04516
-84.11997
-86.79971
-81.82262
-64.62209
-62.86061
-62.65721
-62.41621
-62.14369
-61.71596
-61.92956
-73.83604
-65.13613
-58.60873
-57.75751
-57.43126
-57.10689
-56.60078
-55.83358
-62.72862
-66.36170
-54.87613
-53.93750
-54.17738
-54.26912
-54.14398
-54.05048
-56.58806
-70.60997
-57.94413
-53.15487
-54.09105
-53.81339
-54.32695
-54.68032
-55.10784
-63.63569
-63.07411
-54.87216
-55.03216
-55.16800
-55.96717
-55.86106
-56.52160
-59.82989
-71.68304
-59.69637
-56.36609
-56.86099
-56.51313
-56.98846
-56.94608
-58.36900
-69.26471
-64.83443
-56.38313
-56.52412
-56.91138
-56.67709
-57.02040
-56.40348
-62.34551
-68.40450
-55.76233
-54.62702
-55.11809
-55.36167
-55.48299
-55.59920
-57.95226
-70.08632
-58.19600
-54.02053
-55.15997
-55.09684
-55.90480
-56.12990
-56.87878
-65.85961
-65.92811
-56.46409
-58.24084
-58.80867
-60.14720
-61.24561
-62.34713
-66.59036
-81.65629
-67.91099
-64.41630
-63.61162
-62.93652
-61.79820
-61.58387
-62.10519
-70.63405
-67.78719
-58.84119
-57.79877
-57.71069
-57.27536
-56.87602
-56.27798
-61.76091
-69.15564
-55.99529
-54.27189
-54.51280
-54.30616
-54.45381
-54.68894
-56.17354
-67.94313
-58.21014
-53.28781
-54.13041
-53.98232
-54.58909
-54.52173
-55.12274
-62.19886
-67.46664
-55.87671
-55.72899
-56.36019
-56.97402
-57.39752
-56.94008
-60.63778
-71.44760
-62.16365
-58.89225
-59.01228
-59.05094
-59.27588
-59.20646
-59.01514
-68.94378
-64.18085
-56.57213
-56.97514
-57.01991
-57.03368
-57.30392
-57.27127
-62.07261
-69.79679
-55.89105
-55.12629
-55.62036
-56.01496
-56.70531
-56.61417
-58.84505
-72.26045
-62.00219
-56.83492
-58.84495
-59.38168
-61.08823
-61.49308
-62.48884
-69.03321
-74.75121
-61.90683
-60.66178
-60.09187
-59.94938
-59.27522
-58.45730
-60.42192
-72.35916
-58.52507
-54.79788
-54.79236
-54.13476
-54.36904
-53.82855
-54.21465
-63.56335
-62.11956
-52.85176
-52.86533
-52.70185
-52.98171
-52.86501
-52.62734
-57.15038
-70.19421
-56.15321
-52.89111
-53.50076
-53.59711
-54.20717
-54.15163
-55.38247
-66.15069
-61.92359
-55.02355
-55.57352
-55.45056
-56.23124
-56.49460
-56.60135
-62.71051
-70.15239
-57.19764
-56.05130
-56.67983
-56.52483
-56.58276
-56.25604
-58.84670
-72.82014
-59.12127
-54.76828
-56.20466
-56.86754
-57.81933
-58.30519
-59.63482
-69.55719
-69.02526
-60.03065
-61.50257
-61.92571
-62.64768
-62.32551
-61.82239
-64.21217
-74.01363
-60.89386
-57.99621
-57.92474
-57.43882
-56.68914
-56.76377
-57.04163
-67.53200
-62.27080
-54.37452
-54.64685
-54.38447
-54.62495
-54.68464
-54.56676
-59.80523
-68.29886
-55.03225
-53.35624
-54.23483
-54.20237
-54.78662
-55.25270
-57.21340
-68.99817
-60.37832
-55.31692
-55.91836
-56.27432
-56.54628
-56.88663
-57.53019
-64.70227
-67.94048
-57.82838
-56.94673
-57.65548
-57.61375
-57.62743
-57.44255
-60.52498
-71.36773
-57.21820
-54.52758
-55.19727
-55.48357
-55.55266
-56.36736
-56.39479
-71.80873
-56.05983
-50.63589
-55.03506
-55.92214
-57.17397
-57.56472
-58.00340
-64.10310
-72.35276
-60.72631
-60.56060
-62.02130
-62.67829
-63.63989
-63.84692
-64.01116
-75.85507
-56.06067
-54.17937
-55.61436
-59.07842
-58.41963
-58.28868
-57.97544
-63.50041
-67.67224
-56.36923
-55.18829
-54.82039
-54.79191
-54.73478
-54.82337
-56.52076
-69.82030
-48.99904
-50.76905
-53.96310
-52.36037
-54.43562
-53.33607
-55.07658
-61.61516
-62.66318
-53.56533
-54.41565
-54.07060
-54.89208
-55.03643
-55.09309
-58.82914
-66.24351
-49.77050
-50.62394
-57.04782
-55.73756
-58.22634
-56.69761
-59.02388
-67.15832
-65.07091
-58.08513
-57.56118
-57.95489
-57.62826
-58.48341
-57.00335
-64.05394
-64.19252
-54.79149
-54.11728
-55.37955
-56.35755
-55.66581
-55.76013
-57.76514
-70.54255
-57.97424
-54.48676
-55.15072
-55.85827
-55.63491
-56.80879
-56.01894
-70.22944
-56.65027
-50.23860
-55.12147
-56.53331
-58.26261
-58.47032
-60.04870
-64.37453
-73.76603
-63.23049
-63.08987
-62.89710
-63.76476
-62.19679
-63.95271
-62.02937
-84.68528
-55.40077
-54.18779
-57.67830
-57.34800
-59.04179
-57.53966
-58.26168
-61.69048
-69.22870
-55.72639
-55.94889
-55.14737
-56.10847
-54.91966
-55.18592
-56.36218
-75.45684
-51.86536
-48.91162
-54.43398
-53.48227
-54.54652
-54.27376
-54.75719
-62.65172
-64.36453
-55.44900
-55.25038
-55.86124
-56.12575
-57.04807
-56.66367
-60.58362
-68.23395
-50.13256
-52.25136
-55.17916
-54.84202
-56.09470
-55.67000
-57.26076
-65.49318
-64.00423
-56.18596
-56.90309
-56.17305
-56.58792
-56.73051
-56.40914
-62.16350
-64.39406
-51.16656
-53.17494
-55.49459
-55.81328
-56.56802
-56.48661
-58.91737
-71.78175
-61.05533
-56.48110
-57.84865
-58.81392
-59.72465
-61.44879
-60.86143
-73.90987
-59.73210
-51.08893
-56.54913
-59.23072
-61.10129
-59.96456
-59.25291
-60.46975
-70.54124
-58.42530
-54.93154
-55.15570
-54.59385
-54.31526
-53.99509
-54.16656
-65.05377
-57.09651
-50.29625
-52.52421
-52.39553
-53.21559
-53.28952
-53.59489
-57.70872
-69.94664
-55.83685
-53.54973
-53.89181
-54.42406
-54.45733
-54.53837
-56.05132
-67.25890
-56.66834
-51.54321
-54.95736
-55.34149
-56.04759
-56.40069
-56.56574
-62.40454
-68.41489
-57.88733
-56.32897
-56.24410
-56.23123
-56.45094
-56.42627
-58.47653
-74.15190
-52.77395
-51.50188
-55.72192
-55.86089
-57.38883
-57.47446
-58.80018
-67.46017
-65.82981
-58.31833
-59.88691
-60.74008
-61.32765
-62.08068
-61.55060
-64.71840
-68.84076
-52.00002
-53.32162
-57.25437
-57.93184
-58.10765
-57.22921
-57.72790
-66.94772
-61.87458
-54.35621
-54.09483
-54.23412
-53.88877
-54.31765
-53.65573
-60.25478
-61.63242
-48.80065
-51.28906
-53.14688
-53.16091
-53.90602
-53.88164
-56.00600
-67.29148
-59.24542
-53.84189
-54.92839
-54.88285
-54.93349
-55.28591
-55.96807
-64.33362
-59.77228
-49.49488
-53.56306
-57.07819
-55.94789
-57.27959
-55.88356
-59.98686
-67.16363
-57.70415
-54.93727
-55.27293
-55.10437
-55.20128
-55.44484
-55.72894
-66.82785
-54.34933
-50.62340
-54.44870
-55.40369
-57.33909
-56.86410
-57.97603
-61.48938
-64.43953
-57.51538
-57.90654
-58.92779
-59.64747
-59.91670
-60.15858
-60.92739
-65.55163
-54.34038
-51.78186
-57.02158
-60.38133
-59.11245
-59.88443
-58.84725
-63.62360
-64.64270
-57.55922
-56.09717
-55.74620
-55.40969
-55.30507
-55.19724
-57.01672
-65.45911
-53.51591
-53.16418
-53.82164
-54.37517
-54.48670
-54.96263
-55.34124
-62.35922
-62.62612
-54.30640
-53.67909
-54.24627
-54.38057
-54.77046
-54.69687
-58.93199
-62.34533
-47.55516
-51.33941
-56.59280
-54.40749
-56.83160
-55.61859
-58.42139
-65.17632
-64.37534
-57.98313
-58.75726
-58.31142
-58.31129
-58.77339
-58.14796
-65.32173
-60.77971
-51.57995
-53.15226
-56.98197
-57.13509
-57.24066
-57.36704
-59.38322
-71.53398
-58.65589
-54.78598
-55.36458
-55.80562
-55.60329
-56.03340
-55.72267
-66.56159
-59.29694
-51.27641
-53.79818
-55.24056
-56.00901
-56.34626
-57.04834
-61.48606
-68.64692
-58.26888
-57.29338
-59.16381
-60.12834
-60.61169
-61.94088
-62.79171
-72.72265
-55.69030
-53.16386
-57.17929
-60.25247
-61.59071
-60.50351
-60.86398
-61.97017
-65.49331
-58.90595
-57.38002
-57.12003
-56.86866
-56.44827
-56.41690
-57.70564
-65.89445
-54.03403
-51.15697
-52.55669
-53.62891
-53.61341
-53.85781
-54.00173
-60.46589
-60.95102
-53.62893
-53.72475
-53.73745
-53.88248
-53.98515
-53.64085
-56.82031
-63.47302
-51.10503
-51.61279
-53.29145
-53.32317
-54.17514
-54.12813
-55.80186
-62.17350
-59.64886
-55.36122
-55.10556
-55.12589
-55.20068
-54.96052
-54.73953
-59.70077
-59.21841
-49.61071
-52.57805
-54.59959
-55.08421
-55.96395
-56.33744
-58.44376
-66.15882
-59.93451
-56.37159
-57.67087
-58.78771
-59.50571
-60.74698
-59.86448
-67.26927
-58.91308
-51.15027
-56.30213
-58.66068
-59.11233
-58.84603
-57.44127
-59.77064
-67.16652
-58.27114
-55.25999
-54.99858
-54.89008
-54.26038
-55.03191
-54.26440
-66.62189
-53.96397
-49.00024
-53.23034
-52.50495
-54.20214
-53.73499
-54.23779
-58.00922
-65.85570
-55.61103
-53.80060
-54.26982
-54.64188
-55.41523
-55.49136
-56.80801
-65.68820
-54.33800
-52.19817
-56.30703
-56.16587
-57.67968
-57.17940
-58.15479
-62.37766
-64.59497
-57.33313
-56.85978
-56.53926
-56.53383
-56.45983
-56.47915
-58.47581
-65.77643
-52.88775
-51.49866
-54.55189
-55.19213
-56.53232
-56.89857
-58.45860
-63.94259
-62.51082
-58.51869
-59.70490
-60.38050
-59.82552
-60.90388
-59.93352
-62.48610
-63.63727
-52.38199
-53.67979
-56.43771
-56.28849
-55.26082
-55.43401
-56.25282
-65.38416
-59.35007
-53.93684
-53.36372
-53.47282
-52.93618
-53.61438
-53.02731
-59.62472
-58.69031
-49.98169
-53.63210
-53.19384
-55.53875
-55.18883
-55.80569
-57.21062
-66.15409
-59.20309
-56.33407
-56.27739
-55.96321
-55.83029
-56.12033
-56.90585
-64.04090
-56.34035
-47.71915
-55.17784
-56.27585
-55.89265
-57.56667
-56.81952
-60.21983
-64.17791
-58.38189
-54.96621
-55.79171
-55.43963
-55.85644
-55.27757
-56.11644
-62.95742
-56.22395
-50.82966
-53.14263
-54.53201
-54.91058
-55.67521
-55.72057
-60.40227
-63.98018
-56.42572
-56.02040
-56.96359
-57.60446
-57.85303
-58.75832
-59.81554
-67.45880
-52.47346
-51.06666
-59.54869
-59.68066
-61.87125
-62.08212
-61.38160
-65.16588
-64.86934
-61.35834
-60.04216
-60.22583
-58.72956
-58.98263
-57.86453
-60.67571
-64.82667
-53.19474
-53.41593
-54.46745
-55.97627
-55.35163
-55.33262
-55.67477
-65.12985
-60.08839
-53.64455
-54.10706
-54.15593
-54.40930
-54.49771
-54.21162
-58.75632
-63.93843
-49.60683
-52.61565
-54.60292
-54.77613
-56.37556
-55.67397
-58.29777
-65.68027
-62.58593
-56.48808
-57.91663
-57.61318
-58.26393
-58.56952
-58.31677
-66.46055
-60.67524
-49.72501
-53.50975
-59.81290
-57.79697
-59.99478
-58.25777
-60.86688
-67.20396
-59.12878
-56.78367
-56.61601
-56.95585
-56.27358
-56.59123
-56.01217
-66.36919
-55.74238
-50.71266
-53.31969
-53.68057
-55.26834
-55.07853
-55.67287
-59.08957
-67.14866
-56.34315
-54.69594
-56.03565
-56.52029
-56.99378
-57.66514
-58.09013
-68.97214
-54.19334
-51.51656
-58.09246
-59.01310
-61.12063
-61.09116
-60.29316
-63.65888
-66.75818
-59.49384
-57.62539
-57.39873
-56.31987
-56.19184
-55.14357
-57.01900
-63.93094
-51.20954
-50.75225
-52.88493
-53.03726
-53.06835
-53.09238
-53.73832
-59.63082
-59.68476
-52.50947
-52.70161
-53.12254
-53.67144
-53.66985
-54.49644
-56.62689
-62.08123
-52.98416
-51.62611
-53.94630
-54.26321
-54.74480
-55.34068
-56.31205
-63.11239
-60.65822
-56.64925
-55.97242
-56.12859
-55.96135
-56.94214
-55.58076
-61.88874
-59.90066
-49.86320
-53.13504
-54.80429
-55.72075
-56.17159
-56.33836
-58.44844
-68.73392
-59.40318
-56.02880
-57.64858
-58.08521
-58.76570
-59.82593
-59.43022
-67.43757
-59.95782
-51.79600
-56.34657
-59.93734
-60.70408
-59.97903
-58.66289
-61.17138
-66.91548
-57.98022
-55.59195
-55.83804
-55.34825
-55.02669
-55.42824
-54.40084
-67.05413
-54.02921
-49.86553
-53.72746
-53.02305
-55.09784
-54.82168
-55.13188
-58.71368
-64.06484
-56.52973
-54.93659
-55.25539
-55.27805
-55.69316
-56.20012
-57.45628
-67.60917
-51.95422
-51.39097
-56.29149
-56.15607
-58.36471
-56.73682
-58.05525
-61.70684
-65.54708
-56.90323
-56.05602
-56.37919
-56.45730
-56.77255
-56.78397
-59.46418
-64.99087
-52.24963
-52.35338
-56.23191
-56.86531
-58.65432
-58.87145
-61.10718
-65.51943
-64.95770
-61.51069
-62.07832
-62.08812
-61.81320
-60.59324
-60.28221
-62.80426
-64.32867
-51.10110
-52.09573
-57.97104
-56.89774
-57.10808
-56.46741
-57.29871
-65.31151
-61.56438
-55.03773
-55.10796
-55.30876
-54.92205
-55.39463
-54.46078
-60.29830
-61.38765
-54.06687
-53.29411
-53.73384
-54.89947
-54.80836
-55.27344
-56.33794
-66.48835
-58.13011
-55.87451
-55.54941
-56.60321
-55.82735
-57.44484
-56.52035
-64.84001
-55.68405
-49.54620
-58.01687
-55.93533
-58.15888
-57.46652
-58.02835
-61.19746
-65.49609
-60.43590
-57.14609
-58.08054
-57.39310
-57.89735
-57.71397
-58.00965
-66.91930
-54.69814
-50.68559
-55.35551
-55.77513
-56.43746
-56.92037
-56.94214
-61.19246
-65.87794
-56.26652
-55.78421
-56.31737
-57.05275
-57.63175
-57.77133
-59.83200
-70.88368
-55.39696
-52.65581
-57.90672
-58.73929
-60.37087
-60.10468
-61.89970
-67.00399
-68.51603
-64.97629
-65.63796
-65.68196
-64.72299
-64.82344
-63.27957
-65.66916
-69.07440
-55.44110
-53.93607
-57.41380
-58.69520
-57.63941
-58.59194
-57.61545
-67.71799
-61.77536
-55.52791
-55.40705
-56.08313
-55.34662
-56.20817
-55.19987
-61.53895
-62.46292
-51.22872
-55.03079
-54.26847
-55.69223
-55.83466
-55.83515
-57.16574
-67.56070
-59.87327
-55.64713
-56.75861
-57.36721
-57.87078
-57.89791
-58.01711
-64.49516
-60.14614
-49.26005
-55.78156
-58.06749
-57.37999
-59.30571
-57.89867
-60.73281
-64.92421
-62.87561
-58.73020
-59.27852
-58.93591
-58.78261
-59.56964
-58.01188
-68.79938
-55.90952
-50.54840
-55.78436
-56.38546
-57.19813
-56.92200
-57.09806
-61.06650
-66.22730
-57.58520
-56.93645
-58.07165
-58.53096
-59.20954
-59.98801
-60.64632
-66.67053
-56.16155
-53.87829
-59.05420
-59.79882
-61.33712
-60.83537
-61.16309
-63.10222
-63.97400
-59.65467
-58.09685
-58.74941
-58.14615
-57.65686
-56.78355
-58.78672
-65.00032
-51.61599
-51.76656
-54.64714
-54.17206
-54.69853
-54.52083
-55.17420
-61.35453
-61.02099
-54.39491
-54.91603
-54.75698
-54.73291
-55.29352
-55.77250
-59.28195
-66.06852
-54.00375
-54.31177
-56.85198
-57.34396
-57.84320
-57.71350
-59.29152
-66.46619
-63.12987
-59.07386
-58.89060
-58.64721
-58.55646
-58.79906
-58.28562
-64.32982
-63.53440
-52.28739
-54.84003
-57.02771
-57.93421
-58.64084
-58.75850
-61.49470
-69.01639
-62.41102
-59.70023
-61.18693
-62.77308
-63.29766
-64.91987
-64.01707
-70.45327
-59.92710
-53.75268
-58.48860
-60.15111
-61.17523
-60.90830
-60.47826
-62.21466
-66.01232
-58.92483
-57.28829
-56.94857
-57.40604
-57.01927
-56.46996
-56.35042
-64.95788
-56.64772
-51.84588
-54.96611
-55.52780
-56.09577
-56.06065
-56.24292
-60.13519
-66.00572
-57.56444
-55.83457
-55.99266
-56.19475
-56.11233
-56.68820
-57.36831
-67.70609
-53.65387
-52.32763
-57.09895
-56.10805
-57.17460
-56.99429
-58.17776
-62.95831
-66.52876
-57.47813
-57.66131
-57.76208
-57.98312
-58.41220
-58.96800
-61.32023
-68.89696
-54.57226
-54.39950
-58.21902
-58.52323
-60.14599
-59.76406
-61.78984
-67.43329
-65.96440
-61.41581
-62.89179
-63.87411
-64.79153
-64.56105
-64.66570
-66.18825
-64.88935
-52.19080
-56.13601
-62.81342
-60.30395
-63.42875
-60.58858
-62.03108
-65.49660
-62.81108
-58.24622
-58.13128
-57.80201
-58.01459
-57.93719
-57.49348
-62.24388
-59.14125
-53.58952
-53.85179
-55.70186
-56.39945
-56.47928
-56.89696
-58.62942
-67.32406
-59.54530
-56.93821
-57.25556
-57.58078
-56.80809
-57.45210
-57.35081
-64.97291
-59.54047
-56.30266
-59.29523
-58.08284
-60.95565
-59.02708
-61.05168
-62.21700
-68.11523
-62.59432
-61.66570
-61.29387
-61.43660
-61.42322
-62.12316
-61.64599
-72.74782
-57.02416
-52.70127
-58.77521
-59.46139
-59.59480
-58.80865
-59.31292
-64.84856
-68.36069
-58.34194
-57.43133
-58.25183
-58.40044
-58.75538
-58.76542
-61.52107
-71.72091
-55.94484
-54.98295
-59.13328
-59.31351
-61.16738
-60.94895
-63.04441
-68.99148
-70.31280
-62.60978
-64.33378
-65.37966
-66.52295
-67.31058
-67.51564
-70.67595
-72.45238
-55.99499
-56.20593
-64.71157
-63.30241
-64.11172
-63.71071
-63.58115
-69.28569
-66.40073
-61.04694
-59.98762
-60.28159
-59.56024
-59.88903
-58.85864
-63.32561
-65.30659
-58.10114
-57.29773
-57.02141
-58.73422
-57.92151
-58.62365
-59.58021
-65.91129
-62.21984
-58.09563
-58.89423
-59.31677
-59.73834
-59.67540
-60.18748
-66.21688
-64.59648
-56.64858
-57.69981
-58.67648
-59.07302
-59.10850
-59.19909
-61.82290
-68.44084
-62.37902
-59.24187
-59.73663
-60.40206
-60.07052
-60.83301
-61.19715
-67.25406
-61.59832
-55.78772
-58.88099
-60.40261
-60.83440
-61.07377
-61.12128
-63.82833
-66.64584
-61.35448
-60.73472
-61.71454
-62.71770
-63.02871
-63.96161
-64.35997
-68.32054
-59.90812
-58.09266
-63.88002
-65.07146
-66.60854
-66.34241
-66.20513
-66.50270
-66.79396
-64.50208
-63.69516
-63.25786
-63.16066
-62.87028
-62.99593
-64.30820
-70.73353
-58.33396
-56.57121
-60.07446
-59.75118
-60.21576
-60.21618
-60.57037
-66.93960
-65.54351
-59.64822
-60.30586
-61.15574
-61.04877
-62.00490
-61.93175
-65.79887
-67.50733
-56.99528
-59.46529
-62.84411
-63.04394
-63.85620
-63.46577
-65.20797
-70.85331
-67.06805
-62.69632
-63.30189
-63.02557
-63.13073
-63.37259
-63.21856
-67.17548
-67.29456
-59.44568
-60.87268
-62.93577
-64.21086
-64.69799
-64.84777
-66.12281
-69.96660
-66.19949
-65.35492
-66.38403
-67.72893
-67.76041
-69.13232
-67.37591
-71.58244
-62.34808
-58.43990
-64.74185
-64.73050
-65.66029
-64.98336
-65.32584
-66.15110
-70.33128
-64.16528
-61.71662
-62.50066
-62.00272
-62.08555
-62.19097
-62.45952
-69.17589
-64.60203
-59.19632
-61.30395
-61.53886
-61.64806
-62.32828
-62.27826
-67.18562
-70.92810
-63.71377
-62.44893
-62.72014
-62.51146
-63.65908
-63.80721
-64.25980
-71.89933
-62.46422
-63.46635
-65.02274
-64.07434
-66.00065
-65.02622
-65.79211
-69.18438
-72.96812
-65.56478
-65.08363
-64.56122
-64.80266
-64.80322
-64.17589
-67.03772
-70.59453
-60.86260
-61.88372
-64.96118
-64.99500
-66.10218
-65.37293
-66.40480
-69.87908
-68.74250
-65.71552
-66.83941
-67.29774
-68.19134
-68.89534
-68.44080
-70.24643
-68.94413
-61.89107
-65.78303
-68.58021
-68.20994
-69.28272
-68.91258
-69.54543
-70.36728
-70.06476
-68.62817
-67.93871
-67.32569
-67.39344
-67.54404
-66.20744
-70.55316
-68.66348
-61.04930
-63.00617
-65.53202
-64.61945
-65.42305
-65.62120
-67.32454
-74.18640
-66.34210
-64.01264
-65.02122
-65.18281
-66.28000
-65.96494
-66.46703
-73.41193
-68.66841
-65.30632
-65.56686
-66.54725
-67.56300
-67.03798
-68.10132
-70.12370
-77.43607
-69.81298
-69.42923
-69.47305
-70.13444
-69.71707
-71.22078
-70.16352
-81.44849
-66.29273
-64.17673
-72.05025
-68.99914
-71.07033
-69.78639
-70.35248
-74.15157
-76.83603
-67.81050
-67.67393
-67.89768
-68.30836
-68.64892
-68.59546
-70.54626
-80.91175
-69.49014
-65.28885
-67.99914
-68.53423
-69.24267
-69.29145
-70.34240
-75.38796
-74.59769
-68.84038
-69.99571
-70.27996
-70.96600
-72.14590
-72.94864
-75.79463
-77.56583
-67.77178
-70.90217
-76.77361
-74.75884
-76.70810
-74.87864
-75.14685
-75.20210
-74.18369
-72.55443
-72.22683
-72.06526
-71.53780
-71.41863
-70.70350
-74.50541
-73.73139
-66.63480
-68.62725
-68.59099
-68.58795
-68.87253
-68.29507
-70.50378
-75.75180
-71.32420
-67.98026
-68.32902
-68.13303
-68.38819
-68.85848
-69.76700
-72.39572
-71.02703
-66.95386
-67.98003
-68.07154
-68.69121
-69.17972
-69.72477
-70.70680
-72.90263
-70.79777
-69.25106
-69.81328
-69.58140
-69.94902
-70.35404
-70.91407
-73.06596
-72.46078
-68.99289
-70.12321
-71.23266
-71.14826
-71.34445
-71.21562
-72.67799
-73.51095
-71.40110
-71.84867
-73.18213
-73.46982
-73.40346
-73.56492
-74.53269
-75.85610
-72.62073
-72.75545
-75.30419
-75.03297
-75.78640
-75.49851
-75.18047
-76.77818
-77.30432
-74.06505
-73.06923
-72.53277
-72.56958
-72.79895
-72.20047
-74.27637
-77.70893
-73.49584
-71.19689
-71.68287
-72.06473
-72.20004
-72.04053
-72.60276
-77.46825
-75.95706
-71.49096
-71.55218
-72.64923
-72.82769
-73.09205
-73.00174
-74.87942
-76.75276
-72.47073
-72.37679
-73.34560
-74.30402
-74.72000
-74.26872
-75.19797
-77.34577
-75.56002
-73.28638
-73.20084
-73.27819
-72.99979
-73.39796
-73.66917
-76.26315
-76.18066
-72.76077
-73.86187
-74.30538
-75.05466
-75.51823
-75.80066
-77.10713
-78.55360
-77.10974
-76.58539
-77.26534
-77.74135
-77.76655
-77.97283
-77.53934
-78.72819
-78.14807
-76.45125
-78.38309
-78.33240
-78.26512
-77.75601
-77.29971
-78.90310
-80.50223
-76.81664
-74.89158
-75.07869
-75.12662
-75.06559
-75.23187
-75.88715
-80.18893
-78.84880
-74.68069
-75.10944
-75.96898
-76.76486
-76.79454
-77.28147
-80.91582
-82.77326
-78.62712
-77.61330
-78.30833
-78.40238
-78.86260
-78.84941
-79.41575
-81.39778
-80.84308
-79.90851
-78.45914
-79.13684
-79.30826
-79.26632
-79.61498
-80.81345
-80.82147
-78.54992
-78.79669
-78.43227
-78.75897
-78.58605
-78.77900
-79.89300
-81.67290
-78.44578
-77.58023
-78.71155
-78.30575
-78.88050
-78.81721
-79.67202
-81.66054
-81.97742
-79.45316
-79.51866
-80.25903
-80.52132
-81.46964
-81.52589
-83.52312
-85.04836
-83.93597
-85.26367
-85.85075
-86.57100
-86.88443
-87.22791
-87.45921
-87.66355
-87.59851
-87.48785
-87.57075
-87.52379
-87.44568
-86.81323
-86.39986
-87.66465
-86.81288
-83.65488
-84.01833
-84.23444
-84.48057
-84.66372
-84.28072
-86.31680
-90.58326
-87.01452
-84.33393
-85.42286
-85.67869
-85.54998
-85.40770
-85.83074
-91.90303
-92.04749
-86.06686
-85.67518
-86.23892
-86.49056
-86.90935
-87.53275
-90.51761
-94.49849
-89.18467
-87.86338
-89.21675
-89.76474
-90.32022
-90.81922
-92.11081
-96.67193
-93.63856
-91.79458
-91.73383
-90.68695
-90.94796
-90.38523
-91.02768
-92.74901
-93.64844
-90.72256
-89.97803
-89.93849
-90.26696
-90.68654
-90.57056
-91.39309
-94.72220
-90.99789
-89.50090
-90.38464
-90.43104
-90.91970
-90.74694
-91.22984
-92.76550
-92.99223
-91.44207
-92.78753
-92.27493
-93.71990
-93.36993
-93.58825
-95.73797
-96.44985
-95.90175
-96.15114
-97.16222
-96.92353
-97.74413
-96.80367
-97.38017
-97.09971
-96.63335
-96.41141
-96.15486
-96.37284
-95.97664
-95.69132
-94.89884
-95.78164
-96.68832
-94.27844
-93.81557
-94.25717
-94.20353
-94.02267
-94.17073
-94.80847
-96.25336
-95.87776
-94.78926
-94.80064
-95.14105
-95.56240
-95.88857
-96.03728
-98.24536
-98.92327
-96.71108
-97.25879
-96.99591
-97.43336
-97.81135
-98.41152
-99.68502
-101.06401
-101.34885
-100.80698
-101.16591
-101.26455
-100.81854
-100.32983
-100.61126
-101.87994
-101.81673
-100.89301
-100.94598
-101.49032
-101.82285
-101.77447
-102.56200
-103.10542
-103.67415
-103.18678
-103.38661
-104.05985
-104.45732
-104.91503
-106.16155
-106.74445
-107.15429
-106.59355
-106.45149
-106.59192
-106.57869
-106.63779
-106.64381
-106.77093
-107.49020
-108.39118
-107.05106
-106.52122
-106.10100
-106.14743
-106.13999
-106.73204
-107.88131
-109.19510
-107.38825
-107.10466
-107.01761
-106.95765
-107.80893
-107.45667
-108.56550
-111.12429
-110.33916
-108.67403
-109.68162
-109.12572
-109.30863
-109.74509
-110.46925
-111.77110
-112.84558
-112.11401
-111.70226
-111.78626
-111.77571
-111.79275
-112.34296
-113.54425
-115.10078
-114.20010
-112.82485
-114.05621
-113.67848
-113.92450
-114.08685
-114.12914
-115.94121
-116.04177
-114.91437
-115.77748
-116.62496
-117.63338
-118.01159
-117.98659
-119.09769
-120.13529
-119.99796
-120.82305
-122.19317
-122.33181
-122.83265
-125.32902
-128.49401
-134.02869
-150.55462
-153.72559
-162.17210
-153.15131
-167.07242
