-89.17048
-65.74560
-59.76281
-60.08976
-59.87730
-59.92097
-59.75897
-60.06261
-60.05361
-60.39284
-60.16316
-60.07759
-59.88899
-60.10157
-59.88334
-59.93758
-60.05143
-59.82027
-59.80060
-59.94034
-59.94187
-60.09891
-59.70737
-59.72107
-59.98192
-60.29325
-60.01279
-60.07484
-60.42287
-60.17533
-60.22677
-60.42146
-60.22749
-60.41595
-64.72659
-61.25100
-61.32383
-61.16835
-60.93193
-62.21081
-60.47176
-62.01311
-60.46981
-62.00611
-61.04369
-61.51940
-61.56039
-61.02400
-62.51973
-60.58271
-62.69459
-60.96338
-62.05614
-61.62742
-61.31342
-62.12732
-61.18056
-62.68101
-60.82034
-62.31687
-61.17761
-65.00639
-65.19634
-60.49732
-62.48292
-61.60145
-61.41310
-62.10624
-60.47729
-60.51107
-60.97588
-61.05435
-61.30524
-60.92122
-61.46268
-61.06571
-61.13952
-61.14637
-61.26894
-61.08797
-60.97042
-61.10396
-61.13909
-61.11305
-61.01526
-61.02880
-61.17735
-61.28139
-61.29825
-61.51163
-61.51653
-61.46990
-61.42570
-61.49179
-61.39103
-61.50693
-61.54425
-61.32935
-61.12135
-61.33517
-61.33710
-61.08439
-61.07050
-61.49291
-61.63675
-61.67428
-61.74181
-61.47956
-61.58941
-61.63547
-61.48854
-61.55847
-61.40848
-61.93157
-61.86529
-61.83731
-61.94453
-62.23245
-62.22414
-62.11330
-62.38916
-61.98654
-62.26411
-62.38948
-62.61440
-62.40514
-62.80361
-61.99789
-64.69294
-65.47164
-60.92800
-61.89260
-61.09579
-63.33921
-83.05840
-69.88091
-62.55439
-61.74487
-61.41925
-61.73281
-61.76696
-61.84661
-61.72540
-61.85139
-61.63104
-61.92948
-61.87022
-61.91078
-61.76550
-61.94521
-62.43729
-62.05848
-62.20450
-62.10869
-62.44012
-62.01805
-62.21453
-61.94137
-63.26074
-64.12692
-64.68239
-66.63631
-63.01698
-62.49082
-62.67803
-62.42176
-63.09359
-68.08478
-84.30547
-67.73843
-62.78464
-63.01622
-62.77689
-62.96218
-63.06890
-63.13322
-63.12607
-62.98009
-63.03445
-62.80243
-62.84916
-62.97571
-62.99181
-62.81198
-62.88318
-62.74243
-63.09639
-62.89808
-63.18361
-63.21095
-63.38512
-63.78607
-61.87862
-62.40466
-66.26778
-82.47047
-75.19142
-72.88913
-80.29517
-76.52929
-92.33493
-89.20656
-93.94864
-87.68398
-89.43854
-78.29555
-76.80895
-84.78313
-84.24503
-84.43458
-85.94098
-88.72262
-83.75161
-82.37632
-84.39007
-86.25858
-85.46886
-89.51819
-90.60467
-85.46670
-86.73503
-91.01441
-83.93077
-84.64007
-90.79918
-88.52540
-86.11808
-83.07026
-81.40659
-81.47817
-85.41514
-89.43549
-87.91265
-85.74743
-89.50778
-89.02082
-88.53327
-86.76235
-87.79827
-91.32651
-87.35691
-90.56294
-86.22840
-95.10751
-85.89209
-93.50965
-74.68747
-68.53142
-73.78637
-90.15727
-82.82677
-87.92250
-83.65824
-74.74341
-93.43019
-92.62191
-93.50802
-89.76651
-90.94219
-83.09661
-77.28956
-82.38108
-86.19250
-89.54699
-87.33328
-89.36303
-87.46750
-85.77724
-86.52956
-86.59415
-86.42881
-92.62585
-85.41830
-84.99816
-84.59015
-82.73886
-80.89701
-79.34646
-77.45434
-76.23820
-75.70083
-74.88355
-74.54774
-74.01832
-73.50169
-72.72362
-72.12188
-71.51500
-71.18813
-70.88583
-70.70142
-70.43613
-70.06490
-70.21452
-70.04731
-70.05946
-69.91531
-70.01402
-69.83325
-69.77993
-68.39670
-64.25347
-66.01685
-71.28573
-69.70504
-70.09599
-68.93694
-67.82265
-69.63372
-69.65450
-69.42883
-69.62889
-69.33038
-69.57375
-68.78606
-68.56243
-69.19950
-69.38575
-69.58747
-69.21597
-69.36256
-69.14136
-69.15929
-69.37290
-69.42838
-69.53391
-69.40800
-69.59726
-69.59820
-69.61203
-69.84267
-70.03393
-70.05204
-70.23116
-70.31493
-70.28078
-70.09435
-70.62909
-70.27066
-71.01471
-70.58611
-71.68818
-68.78040
-69.00332
-70.68995
-68.45940
-71.95550
-71.76631
-72.22719
-72.56964
-72.45478
-72.83266
-73.28183
-73.63447
-73.75401
-74.16359
-74.14867
-74.83994
-74.72416
-75.46478
-75.66095
-76.24502
-76.23328
-76.98860
-77.19904
-77.94205
-78.13217
-79.02292
-79.37861
-80.01853
-80.83068
-81.52684
-82.49456
-83.15244
-84.25862
-85.72037
-87.20599
-88.71716
-90.93169
-93.61517
-98.48236
-102.82657
-105.25161
-103.51871
-106.24977
-104.06649
-100.83312
-102.59454
-106.02294
-101.31465
-102.73587
-101.62922
-108.37939
-104.71303
-108.97211
-101.56090
-112.89015
-102.37712
-119.11515
-91.79411
-90.85836
-122.10222
-99.15565
-106.47621
-105.49377
-104.10734
-90.25796
-87.20337
-82.57632
-80.01215
-77.19176
-75.86890
-73.86744
-72.97385
-71.64352
-70.52511
-69.88645
-69.32484
-68.70436
-67.62357
-67.64245
-66.81543
-66.86300
-65.95771
-65.92030
-65.44122
-65.42909
-64.98743
-64.74957
-65.18654
-64.48438
-65.08344
-64.51585
-64.70718
-64.55116
-64.79552
-64.39694
-64.52461
-64.71685
-64.40488
-64.71644
-64.39718
-64.64889
-63.98064
-64.51255
-64.28774
-64.32492
-64.14533
-64.28293
-64.36780
-64.21265
-64.62847
-64.28928
-64.62431
-64.14359
-64.84161
-64.33499
-64.55716
-64.68211
-64.70389
-64.73514
-64.37572
-64.82563
-64.74178
-65.10857
-64.65342
-65.30872
-64.90119
-65.12775
-65.14818
-65.34044
-65.69529
-64.54891
-64.02297
-63.56589
-63.21841
-62.83098
-62.68664
-62.52656
-62.53710
-62.38795
-62.30474
-62.33326
-62.45927
-62.37023
-62.26566
-62.26368
-62.26169
-62.23820
-62.26442
-62.36625
-62.17173
-62.10673
-62.19514
-62.03511
-61.91922
-61.94005
-61.91091
-61.77875
-61.65031
-61.70197
-61.54657
-61.38927
-61.41591
-61.25840
-61.33682
-61.29178
-61.09947
-61.18658
-60.97561
-60.81772
-60.77970
-60.84608
-60.72723
-60.66481
-60.89109
-60.68777
-60.62821
-60.65846
-60.63721
-60.82903
-60.83189
-61.00261
-61.05007
-61.05726
-61.16168
-61.28595
-61.38943
-61.43871
-61.75226
-61.71402
-61.85097
-61.82987
-62.03525
-62.21006
-62.15024
-62.40991
-62.34631
-62.60498
-61.15381
-60.09734
-60.02735
-59.83530
-60.14435
-60.62279
-60.34618
-59.54501
-58.94096
-58.72476
-59.71855
-60.13414
-60.55914
-60.28283
-59.46563
-59.53844
-60.05776
-60.87673
-61.12984
-61.16819
-60.95026
-60.52308
-60.64957
-60.47485
-60.53375
-60.47477
-59.60921
-60.21743
-59.85963
-59.88609
-59.70862
-59.02455
-59.38143
-59.04452
-59.36624
-60.13793
-60.09768
-59.49963
-59.85378
-59.53218
-59.70282
-60.41928
-60.38810
-60.80891
-60.50618
-60.86550
-60.63584
-60.74622
-60.79938
-60.91460
-60.13559
-58.75625
-59.28974
-59.70819
-59.71234
-59.80574
-59.61890
-59.20903
-58.74851
-58.29500
-58.88696
-59.73224
-60.65870
-61.11168
-61.34268
-61.06308
-61.46214
-60.17563
-59.04059
-59.55892
-59.15193
-59.03528
-59.19817
-60.19404
-60.88833
-61.35253
-60.87251
-60.86708
-61.06437
-61.24968
-61.44192
-61.40822
-61.22885
-61.54796
-62.22661
-62.70531
-63.62135
-63.75130
-64.16953
-64.97680
-65.35961
-66.30410
-65.80852
-63.88713
-64.04484
-64.60350
-65.43108
-65.71261
-66.34214
-66.90536
-67.15718
-66.66771
-66.54916
-66.91082
-66.93632
-67.27901
-67.28510
-67.47734
-67.88276
-68.03924
-68.54664
-68.97890
-69.46739
-69.98822
-70.56742
-71.05946
-71.85745
-71.85383
-67.34538
-66.89785
-67.23690
-67.42058
-67.69267
-68.01752
-68.28902
-68.27030
-68.40263
-68.89972
-69.25048
-69.65007
-70.04920
-70.61280
-70.92695
-71.39077
-71.66838
-65.48211
-63.98272
-64.23139
-63.86162
-63.88016
-63.82389
-63.82094
-63.60933
-63.33396
-63.32313
-63.40614
-63.41478
-63.43578
-64.35295
-64.14373
-63.92047
-63.16913
-61.61867
-61.91863
-62.16761
-62.17549
-62.46352
-62.06941
-62.06425
-62.71063
-60.20426
-59.87076
-60.71457
-60.30812
-60.44733
-61.05638
-61.18599
-61.85405
-60.98595
-59.68102
-59.86293
-59.80177
-60.22271
-59.82882
-60.01125
-60.07450
-59.77487
-60.47115
-60.92360
-61.33699
-62.10251
-62.06914
-62.04405
-61.95454
-62.67146
-59.56910
-58.06064
-58.42248
-57.93573
-58.00151
-57.76911
-57.70901
-57.74109
-58.20549
-59.57689
-59.92726
-59.40643
-60.27203
-60.27280
-60.55950
-61.30077
-62.18941
-60.01249
-58.54977
-58.77422
-58.68132
-58.91989
-59.20328
-59.24344
-59.95116
-58.96130
-57.87138
-58.12176
-58.53349
-59.29178
-58.36899
-58.66420
-58.75785
-58.52581
-57.89865
-57.78138
-58.25414
-57.94473
-58.04276
-58.09746
-58.15248
-59.54098
-58.12954
-56.66938
-56.91208
-56.70037
-56.97669
-57.28273
-57.93751
-58.27769
-58.43222
-58.33986
-58.86672
-59.20197
-59.65736
-59.85771
-59.93392
-60.13605
-60.47258
-60.29247
-60.31471
-60.82828
-61.12238
-61.57417
-62.09073
-62.14875
-62.41842
-62.22232
-61.21223
-61.55728
-61.73996
-62.26721
-62.85919
-63.44818
-63.43725
-63.83277
-63.05390
-63.47616
-63.99387
-64.41789
-63.86710
-63.56025
-63.33286
-63.65184
-61.57589
-55.70335
-53.88793
-54.02034
-54.28063
-54.50492
-54.83106
-55.02275
-55.07885
-55.28371
-55.65728
-55.37265
-55.84159
-56.02364
-56.26551
-56.05084
-56.61751
-56.60618
-54.51324
-55.80047
-54.27245
-55.68649
-56.00468
-54.81937
-57.63001
-55.04986
-56.53204
-56.45714
-55.27375
-57.72726
-55.57363
-56.87472
-57.31935
-56.26861
-58.41250
-56.31952
-57.78310
-58.19734
-56.98995
-59.27482
-57.35716
-59.55092
-59.07503
-57.69453
-60.40713
-58.06173
-59.80482
-59.27565
-58.48934
-60.15971
-58.97670
-54.72462
-52.14217
-52.56635
-52.67970
-53.11360
-53.37905
-53.75372
-53.63032
-55.71368
-57.33210
-56.46317
-56.78079
-57.02157
-57.73934
-57.67622
-58.31832
-57.79653
-57.01860
-57.13545
-57.26462
-57.65324
-57.88914
-58.43416
-58.39758
-58.80673
-57.97441
-55.18022
-54.68700
-55.43266
-56.31925
-57.00651
-57.21191
-57.05517
-56.55424
-56.60998
-57.67207
-58.88915
-59.23212
-59.18122
-58.87490
-59.27614
-59.81665
-59.90385
-60.26192
-60.60044
-60.37259
-60.51598
-61.16353
-61.87947
-62.35986
-62.19755
-62.02977
-61.79715
-62.46975
-63.11674
-63.47123
-63.60648
-63.35111
-63.57938
-63.69638
-64.74605
-65.24015
-65.70577
-65.64411
-66.00214
-66.34400
-67.22844
-65.64370
-64.67014
-65.09524
-65.29668
-65.77267
-66.21859
-66.88106
-66.70505
-66.85864
-66.81390
-67.70936
-67.94114
-69.40044
-68.67860
-70.13584
-68.73885
-71.61613
-60.77695
-55.23508
-55.60274
-55.75326
-56.19551
-56.42832
-56.82815
-57.19940
-57.24214
-57.69484
-58.17226
-58.29320
-58.84832
-58.75287
-59.72326
-59.58857
-60.88003
-56.03976
-53.48323
-54.94263
-53.51777
-55.33410
-54.83072
-54.70283
-56.51858
-54.20521
-56.06217
-55.07441
-55.10817
-56.71817
-54.98281
-57.00498
-56.57376
-56.18565
-56.28902
-54.39637
-56.25501
-55.34171
-55.34856
-57.26888
-55.04288
-56.92662
-56.79540
-56.02631
-57.62476
-58.13473
-56.76294
-59.34545
-58.25010
-57.87114
-59.46432
-55.33689
-55.27348
-55.37340
-55.85054
-56.09846
-56.36989
-56.58744
-57.03020
-57.09234
-57.65115
-57.65478
-58.21946
-58.47488
-58.91353
-59.15162
-59.99935
-58.66111
-55.43521
-54.93288
-55.81711
-56.02840
-55.64040
-57.08306
-56.22308
-56.87019
-56.57295
-56.36825
-57.24352
-57.77587
-55.66982
-53.84415
-54.14049
-54.08962
-54.51357
-54.74324
-54.85502
-55.29406
-55.39335
-55.78176
-56.03171
-56.36580
-56.58001
-54.02608
-53.41331
-53.48875
-54.20625
-54.05669
-54.52984
-54.81333
-54.99197
-55.90222
-54.47413
-54.71964
-54.79518
-55.36992
-55.65381
-55.65472
-56.20843
-56.54087
-56.87119
-57.13437
-57.31549
-57.64141
-58.17960
-58.26318
-58.59674
-58.92890
-58.75047
-59.55683
-59.61953
-59.95067
-60.68453
-60.89363
-61.62738
-61.42977
-61.63774
-61.60704
-61.92829
-62.56622
-62.13089
-61.80163
-62.39647
-62.64369
-62.26405
-56.28198
-53.71337
-54.12870
-54.24023
-54.48091
-54.57292
-54.95691
-54.99058
-54.95665
-55.03438
-55.46360
-55.42302
-55.66923
-55.85013
-56.01687
-56.22840
-56.10901
-56.10849
-55.16864
-54.34771
-55.99674
-54.89638
-55.23360
-56.85832
-54.99612
-57.96922
-56.16305
-56.29171
-57.80278
-55.66267
-58.19478
-56.68076
-57.31206
-57.20442
-55.71614
-59.27941
-57.86631
-58.06956
-60.36739
-57.64625
-61.13671
-59.27689
-60.07599
-61.77629
-59.28710
-62.92480
-59.35559
-61.20419
-61.67202
-61.30939
-54.33307
-51.30566
-52.84984
-52.87727
-53.43748
-53.42912
-53.56273
-53.61167
-55.23797
-56.35465
-55.82614
-56.43040
-56.55447
-56.84839
-57.32224
-57.83212
-57.75419
-55.29255
-56.98222
-58.17621
-58.23265
-58.66653
-58.81503
-58.98101
-59.26253
-58.70095
-55.39885
-55.02748
-55.57963
-56.41127
-57.08846
-56.91758
-56.76068
-56.77928
-55.77364
-57.52150
-59.17817
-58.78223
-58.79000
-58.65364
-59.31471
-60.14873
-60.56020
-60.06625
-60.52601
-60.66443
-60.83064
-61.54883
-62.74732
-63.85582
-59.68079
-60.77806
-63.33356
-62.63480
-64.44555
-64.11671
-64.33486
-63.43286
-64.63368
-64.62687
-65.61659
-65.52603
-66.55795
-64.23736
-64.86054
-65.90326
-69.59333
-61.95619
-58.56802
-64.23460
-66.15473
-67.04909
-67.45732
-68.62345
-68.14908
-68.31701
-67.21736
-68.19311
-68.81354
-70.47997
-67.89471
-70.27186
-69.22906
-73.57565
-60.16142
-55.00477
-55.75389
-55.73071
-56.42259
-56.21444
-57.04518
-57.09238
-57.59614
-57.83324
-58.19843
-58.36916
-59.11916
-58.99715
-59.61107
-59.69148
-60.44067
-55.27029
-52.98564
-55.44317
-53.77041
-54.58934
-55.37759
-54.38871
-56.59184
-54.72703
-55.80998
-56.51808
-55.13848
-57.45029
-55.42933
-56.78701
-57.85291
-56.02067
-56.01767
-54.36100
-56.13225
-56.08853
-54.91650
-58.03116
-55.30494
-56.75229
-57.19721
-55.85312
-57.65765
-58.12663
-56.84379
-58.90314
-59.08246
-57.98358
-60.31433
-55.10268
-55.51879
-56.54592
-56.84571
-56.97471
-57.24614
-57.77738
-57.77827
-58.03384
-58.03047
-58.52440
-58.64697
-59.07808
-59.21805
-59.83608
-61.11091
-57.93748
-56.07938
-55.65881
-56.00641
-56.94665
-55.93179
-58.02948
-56.84153
-57.31316
-57.60369
-57.30734
-57.94968
-59.06865
-57.38882
-54.60527
-54.72094
-55.14353
-55.41006
-55.59493
-55.79156
-55.97998
-55.88113
-55.86896
-56.63371
-57.08607
-57.98423
-55.44788
-54.14755
-54.15016
-54.79128
-54.36545
-54.38567
-55.32701
-55.50669
-54.27885
-53.31065
-54.81082
-55.17782
-55.14356
-56.22828
-55.98996
-56.39582
-56.91446
-57.31170
-57.50645
-58.03942
-58.20049
-58.30356
-58.64414
-59.52086
-59.28713
-55.80040
-58.50888
-59.91589
-60.12944
-58.57409
-59.85347
-61.62757
-62.38648
-61.82915
-62.59169
-62.29631
-64.05157
-60.07981
-54.55341
-58.32883
-61.90511
-61.81349
-53.09976
-52.72589
-54.31080
-54.42318
-55.64195
-55.60335
-55.93529
-56.36506
-54.97414
-53.67232
-56.08705
-56.84585
-57.01315
-56.45478
-57.37269
-57.51970
-58.05778
-56.64113
-53.58074
-55.90927
-54.76021
-54.48053
-57.03545
-54.65588
-56.91483
-54.27960
-54.54270
-56.61146
-55.81355
-56.08421
-55.04203
-56.83100
-59.18093
-55.60932
-56.67811
-56.97966
-57.29240
-59.86222
-56.88828
-59.41551
-58.45069
-58.20988
-54.92617
-55.44520
-59.17328
-59.60505
-55.95459
-56.67051
-58.91396
-61.07343
-57.86599
-52.47657
-52.09528
-52.48102
-52.99461
-53.15197
-53.32377
-53.39317
-54.70565
-54.25944
-54.69687
-55.91759
-55.77770
-53.28810
-54.69957
-56.14886
-56.67383
-54.31619
-53.45566
-55.25226
-56.65963
-57.12185
-57.24344
-57.40020
-57.49170
-56.94958
-53.84862
-54.28442
-55.77079
-56.00633
-53.25454
-54.93768
-56.56421
-56.67062
-56.61329
-57.82943
-58.87195
-58.37458
-58.30871
-59.08186
-59.69679
-61.67809
-57.61544
-54.80488
-57.37941
-60.24636
-58.70853
-56.28336
-59.13832
-63.75615
-58.45362
-54.58919
-58.89131
-61.54311
-63.93273
-62.94766
-62.77195
-63.25994
-65.78664
-58.97969
-57.73577
-61.61734
-64.63141
-61.01745
-58.49745
-63.57670
-65.27946
-63.39712
-62.49969
-62.78793
-61.96380
-62.61411
-62.18369
-63.21330
-62.96086
-63.40995
-55.49613
-56.60625
-59.90786
-62.93093
-57.93553
-56.72104
-61.10456
-63.41964
-58.43723
-54.07031
-55.15555
-55.13883
-55.89307
-55.52734
-56.04412
-56.07108
-56.44509
-53.54512
-54.52631
-56.60256
-57.38045
-56.32048
-56.97466
-57.16042
-58.17107
-55.31519
-52.16911
-54.13792
-54.16292
-52.75787
-53.39514
-53.16063
-54.81173
-54.27578
-53.22638
-55.33003
-54.97309
-56.91426
-52.83928
-54.29019
-57.09653
-55.73409
-53.63372
-53.88519
-55.25238
-55.38523
-55.02279
-57.48994
-55.82739
-56.32725
-56.69139
-53.21284
-55.49066
-57.60636
-55.97306
-54.65533
-57.24154
-56.62496
-59.46297
-57.32453
-56.81481
-56.99793
-57.18771
-54.78273
-56.25249
-57.98414
-58.34947
-56.27172
-54.53741
-56.40259
-58.87551
-56.20083
-54.19875
-58.51218
-58.19295
-58.51754
-54.38749
-54.51605
-55.05965
-55.52826
-55.15983
-57.02891
-56.55297
-57.24748
-56.79571
-55.15126
-56.52296
-57.21401
-55.53421
-53.47290
-53.69499
-54.43375
-54.54811
-54.16089
-55.15927
-54.84465
-54.67647
-54.12571
-55.81170
-55.66767
-56.93554
-53.81688
-52.77924
-53.71419
-54.22858
-53.65215
-53.78878
-54.33513
-54.87981
-54.66568
-53.92971
-54.93526
-55.27961
-55.36217
-55.34846
-55.63369
-56.13789
-55.69808
-52.86864
-54.37494
-55.99191
-57.17004
-54.54955
-55.40630
-57.07663
-58.01342
-56.03656
-56.90599
-58.48735
-59.18717
-57.54751
-55.54396
-58.69334
-60.14763
-58.54533
-55.81232
-58.32379
-59.68117
-59.82856
-54.67941
-56.37329
-60.11124
-59.30557
-53.38972
-52.33624
-53.61197
-53.78149
-54.38817
-54.38004
-54.74608
-54.54464
-54.31794
-54.36573
-56.01437
-55.62583
-56.15713
-54.36011
-55.07226
-55.67480
-56.49963
-53.57030
-54.12927
-53.89372
-53.54318
-55.68305
-54.05688
-56.28216
-55.14065
-54.35878
-55.39704
-54.66612
-57.87644
-55.99216
-55.78910
-57.84423
-56.21325
-57.84602
-54.26068
-55.90271
-58.87542
-56.41459
-57.80252
-57.18672
-57.20184
-58.90427
-54.24214
-55.59661
-57.54886
-58.82440
-57.22505
-55.30960
-58.37640
-58.20673
-56.59780
-53.17793
-52.52289
-52.30943
-53.01964
-53.64083
-53.95496
-54.02522
-54.27350
-53.44928
-53.60715
-54.95056
-55.34732
-54.71987
-54.88794
-56.52328
-56.08904
-54.92222
-55.62747
-56.68511
-57.26978
-57.12520
-57.59152
-57.68016
-58.23868
-57.32705
-54.22822
-55.23882
-56.85169
-56.55397
-54.20446
-54.44669
-55.98374
-56.75189
-55.75692
-57.43957
-57.90471
-57.45438
-57.81224
-59.12782
-59.51194
-60.98009
-57.83133
-54.76083
-57.71962
-59.46357
-60.43633
-56.03075
-57.73189
-62.46797
-59.80524
-57.01245
-59.73914
-63.24483
-63.13180
-62.43848
-63.18450
-62.99092
-64.61973
-61.87477
-60.78048
-61.73739
-63.95015
-61.14619
-57.86651
-63.45997
-65.52356
-63.06545
-61.24946
-63.13552
-61.40963
-63.01788
-62.10099
-62.88345
-62.33163
-63.71621
-57.93411
-57.18956
-60.54677
-62.93753
-58.74299
-56.61928
-60.77229
-61.85366
-60.75626
-52.97275
-53.53519
-55.03721
-55.49577
-56.19527
-56.51206
-56.80962
-57.17646
-55.16954
-54.56448
-57.91898
-59.10035
-56.10781
-55.51222
-57.28277
-58.47066
-56.50904
-53.20562
-54.13780
-54.10002
-52.62693
-53.06554
-53.58389
-54.44376
-55.27584
-53.04399
-54.92776
-54.25674
-55.69424
-55.14995
-53.92329
-57.58518
-55.84171
-54.46108
-53.32371
-55.88355
-55.92205
-54.52636
-57.32482
-55.84207
-55.93348
-56.92053
-56.54300
-57.53132
-58.82445
-57.48414
-54.85279
-55.98488
-58.93020
-59.47734
-56.94256
-57.60929
-57.16694
-59.09115
-55.38122
-55.09100
-57.04154
-57.81741
-55.61682
-53.99282
-56.17018
-58.49568
-58.73652
-54.99211
-56.92279
-58.47907
-58.60003
-56.39639
-56.41068
-55.70716
-56.31562
-55.38267
-57.40869
-56.59266
-56.27124
-54.56035
-53.34651
-55.36854
-56.88551
-55.99886
-52.53855
-53.24609
-53.63699
-53.92573
-53.76381
-54.75130
-54.34900
-54.93567
-53.40314
-54.15949
-54.78069
-55.44560
-53.23038
-53.04645
-52.88328
-53.46125
-53.87813
-52.30565
-54.75116
-54.17297
-53.33120
-52.96373
-53.74424
-54.11341
-54.88277
-54.80805
-55.25648
-55.62557
-55.66257
-52.74428
-53.35912
-55.08635
-56.24865
-56.08204
-55.54571
-57.09697
-57.52376
-56.31385
-56.96184
-58.08291
-59.26081
-58.35897
-57.65511
-57.87814
-58.11119
-59.38545
-57.51558
-58.46896
-58.65809
-59.85050
-54.57813
-55.11860
-57.84627
-59.31605
-53.70208
-51.64143
-53.63025
-54.25963
-54.44084
-55.18193
-55.52181
-55.45713
-56.36385
-55.31826
-56.45237
-57.38395
-56.24239
-54.90005
-55.61677
-58.03997
-57.39153
-52.90234
-54.33250
-54.68006
-55.48715
-53.94092
-53.68501
-55.34666
-56.38169
-55.30159
-54.73717
-56.00202
-57.02806
-56.72425
-55.40626
-56.72160
-59.10614
-56.08236
-53.04982
-57.94771
-58.77894
-60.44360
-60.31187
-61.24820
-60.93907
-62.06508
-58.18905
-58.02564
-60.54057
-62.55672
-59.41995
-57.26793
-61.33626
-65.78218
-58.28295
-53.07247
-54.49370
-53.90018
-55.38764
-54.36174
-53.80196
-54.80431
-55.76249
-56.32660
-56.25649
-56.49472
-57.50131
-55.67536
-56.44131
-56.68919
-59.67582
-54.48220
-53.82544
-58.63974
-58.49104
-59.97382
-59.45925
-60.46944
-59.96400
-60.73966
-58.34296
-59.51816
-60.78096
-62.35419
-58.38314
-59.37537
-61.15745
-64.60070
-55.58262
-56.70848
-62.91030
-67.58953
-61.41574
-57.40833
-62.54775
-66.50450
-62.04313
-55.21007
-58.23416
-62.48355
-64.59487
-58.57309
-59.95738
-65.06206
-67.16100
-54.35209
-56.11265
-63.00219
-67.40317
-69.37295
-67.07611
-69.84537
-71.66575
-67.14455
-61.78289
-64.66643
-69.44333
-66.08462
-59.84642
-63.02157
-70.96338
-66.96207
-56.16596
-63.44800
-67.17348
-74.09936
-74.27495
-75.97975
-71.88640
-105.20333
-60.86637
-54.93345
-59.68632
-67.24074
-64.02710
-58.11360
-62.86828
-70.29244
-62.84202
-53.36082
-55.05542
-55.45703
-55.94858
-56.01152
-56.68414
-56.74419
-57.53183
-54.56763
-54.19472
-56.63441
-58.19983
-57.06051
-56.12969
-56.99814
-59.97766
-55.62040
-52.68736
-57.58406
-57.49689
-58.59853
-57.00829
-58.82658
-59.52005
-60.37980
-57.80763
-58.45617
-59.58144
-61.58240
-57.13782
-57.23901
-61.83734
-62.62674
-56.92688
-53.27811
-55.67884
-56.63006
-56.13120
-56.74775
-57.01006
-57.69513
-57.51811
-52.37109
-55.39960
-58.11044
-58.32997
-57.10504
-56.97386
-59.46260
-60.47271
-55.44806
-55.67451
-59.04277
-63.04408
-59.70229
-57.84336
-60.67611
-62.60026
-60.92224
-57.54719
-60.19700
-62.89825
-62.48260
-55.65736
-57.14997
-62.69560
-62.84460
-54.86906
-60.04950
-65.96469
-66.06401
-66.97358
-67.01791
-66.76995
-68.90189
-62.60678
-57.87315
-61.55406
-66.64446
-62.60138
-55.36433
-56.38510
-58.43457
-57.35416
-53.24648
-57.22631
-58.82819
-59.74300
-56.09275
-56.95478
-59.85077
-61.18452
-57.76448
-53.45958
-54.06946
-54.58813
-54.44708
-53.40603
-54.95350
-56.28385
-54.60049
-53.26329
-55.14088
-55.43480
-55.86436
-55.45533
-56.69372
-56.32381
-57.59299
-53.76791
-53.77468
-56.91977
-58.84628
-55.84750
-55.14129
-57.39602
-59.41631
-54.98456
-53.71317
-59.57674
-60.14130
-60.38095
-56.68227
-59.09506
-61.21652
-61.63504
-58.04715
-59.37243
-61.18561
-63.51449
-57.75757
-56.86810
-61.10486
-65.02959
-55.64840
-50.92090
-53.15023
-53.97977
-54.87912
-53.69839
-53.80796
-54.78341
-55.53786
-56.10441
-56.78541
-57.34929
-57.28780
-55.27817
-55.30350
-57.05202
-57.70483
-54.70329
-54.46775
-55.67718
-55.96810
-54.93351
-55.12217
-54.01914
-57.05803
-56.33251
-54.01017
-57.30686
-57.49449
-58.25355
-56.25939
-56.68117
-61.14708
-58.30355
-53.41117
-57.14301
-59.06366
-61.74444
-58.96594
-58.80914
-60.83312
-61.95014
-57.82273
-56.16396
-59.14594
-62.07866
-61.13844
-56.95770
-59.97544
-64.88244
-60.57282
-53.59787
-54.29853
-54.29550
-55.02986
-53.98230
-53.92904
-54.93976
-55.69644
-55.50127
-55.29948
-55.91741
-57.77110
-55.36533
-55.08281
-57.85444
-59.39252
-55.39466
-53.33897
-57.23359
-57.99669
-59.76226
-57.99328
-58.16295
-59.82178
-61.25730
-57.05546
-57.78344
-59.84730
-62.76726
-59.33047
-58.25956
-59.64755
-66.25688
-56.69529
-56.73325
-65.98566
-67.54508
-61.57925
-55.30793
-58.40764
-63.61719
-64.75253
-55.62358
-59.23433
-62.60291
-66.57865
-59.16930
-58.41322
-63.69677
-68.01345
-56.78065
-55.98392
-63.82405
-68.84755
-67.44922
-64.45018
-66.39229
-68.51850
-66.22357
-59.55362
-62.81194
-67.04932
-68.17586
-58.25476
-59.34973
-64.71605
-67.65670
-56.42811
-60.53697
-68.01601
-73.80237
-67.89198
-63.20780
-64.33336
-72.92382
-64.39564
-56.61953
-60.66656
-68.04223
-66.65958
-56.48092
-59.89040
-68.40111
-67.24416
-55.05255
-54.35980
-55.07482
-55.94815
-54.66927
-53.50074
-54.10812
-56.19625
-54.64612
-54.46724
-56.52027
-57.57208
-57.14992
-56.36574
-58.05527
-60.47497
-57.67182
-53.30608
-56.95621
-57.24220
-58.73888
-56.81703
-58.27850
-59.32892
-61.00096
-56.15459
-55.63226
-58.99908
-61.69119
-58.54826
-56.91738
-60.33705
-61.86991
-58.52841
-54.10210
-55.89095
-57.00350
-57.18007
-56.64994
-57.62267
-57.74593
-58.41155
-54.50079
-54.97128
-57.98225
-59.51660
-56.58684
-56.12928
-57.21378
-61.24943
-54.53217
-54.06220
-59.33414
-61.69283
-60.84226
-57.34971
-60.80019
-61.90497
-62.17053
-58.02855
-59.37222
-62.61274
-64.64819
-56.60365
-57.00952
-61.91296
-64.39286
-54.69273
-57.36990
-63.81023
-64.42027
-63.16837
-60.69602
-61.59904
-67.03659
-62.18880
-54.51760
-58.49119
-63.61041
-65.26952
-56.95019
-56.38505
-58.15127
-58.51130
-52.08234
-55.50866
-58.90190
-59.87490
-56.84895
-55.64893
-59.26144
-61.18085
-59.29946
-53.51659
-54.13325
-54.30043
-55.06414
-52.85189
-54.53401
-56.74473
-55.01485
-52.77452
-53.93419
-55.30652
-56.03479
-55.44155
-56.29860
-55.96679
-57.31924
-54.95948
-53.95598
-56.65982
-58.52409
-57.74472
-57.39962
-58.37878
-61.98754
-56.14972
-52.96804
-58.73677
-59.55336
-60.60463
-56.85477
-59.22556
-61.22012
-63.24373
-57.18967
-57.59929
-60.25373
-64.29062
-56.96633
-54.32304
-59.35686
-63.21758
-57.63521
-52.06943
-54.01651
-54.14106
-54.75385
-53.84578
-53.90882
-54.61122
-55.53043
-54.58570
-55.52630
-56.71353
-57.34330
-56.53479
-57.46713
-59.19825
-59.08903
-55.51306
-54.81400
-55.67775
-55.99709
-55.51735
-55.17370
-56.16879
-57.11833
-56.90879
-55.62243
-56.82063
-57.95753
-58.83526
-56.47243
-59.63158
-60.14119
-60.21754
-55.38081
-56.25070
-60.30505
-60.94199
-60.23713
-61.94784
-59.28803
-62.21027
-59.16917
-54.48899
-57.81059
-61.36668
-61.53600
-56.59307
-58.35932
-63.07415
-62.99598
-53.72367
-53.64114
-54.33319
-54.96822
-53.41929
-52.22689
-52.89808
-54.73274
-55.02270
-55.14748
-57.02522
-58.36202
-56.50207
-55.37051
-57.36567
-58.67588
-56.08710
-53.27353
-57.57044
-59.22132
-60.20641
-58.20152
-59.02664
-59.54789
-61.48922
-58.69119
-59.33337
-60.28893
-62.51865
-59.52280
-57.38898
-59.78540
-65.39841
-58.04516
-58.00151
-68.87342
-62.64467
-63.44722
-57.37899
-60.54185
-63.79719
-65.11186
-56.69718
-57.67933
-62.10364
-66.47017
-61.38206
-59.10250
-63.70520
-70.19966
-58.10780
-55.97846
-64.19976
-66.41777
-66.44694
-63.02995
-64.35810
-66.54861
-70.33156
-61.11288
-62.46565
-66.07053
-71.18874
-59.55523
-58.27323
-62.07437
-69.28103
-56.67710
-59.41794
-69.34338
-63.86504
-63.43966
-60.72609
-62.03739
-66.32553
-63.10068
-55.11643
-58.51668
-63.63703
-66.67093
-57.83235
-57.74171
-64.20294
-66.58894
-54.15477
-54.15275
-56.33197
-55.81724
-56.28109
-57.06043
-57.11001
-57.41283
-55.42033
-53.87644
-56.63627
-58.14202
-58.20146
-56.42620
-57.55184
-60.03700
-57.92278
-52.85395
-56.29204
-57.74669
-58.90012
-56.42004
-56.73069
-58.15126
-59.73362
-57.61861
-56.84983
-58.68241
-61.30559
-58.07510
-55.28538
-58.89431
-63.49047
-58.48178
-53.08355
-55.81551
-57.18639
-56.76141
-57.85915
-57.96812
-55.50691
-59.75934
-53.80779
-54.36937
-57.04664
-60.26377
-55.73732
-55.00966
-58.21935
-59.87261
-54.84920
-54.10262
-62.92922
-58.56582
-61.85092
-56.68018
-58.88756
-60.25691
-61.60266
-55.90849
-56.34857
-59.87545
-62.39412
-56.91986
-54.98958
-60.07095
-64.04839
-56.96056
-55.80610
-61.67204
-63.26362
-64.89650
-63.18155
-64.28473
-65.32534
-64.35328
-56.28514
-59.52432
-64.79068
-66.44420
-56.82746
-56.57488
-58.55848
-58.61268
-54.61902
-54.70907
-57.89175
-59.31763
-57.33689
-55.92948
-58.97720
-60.16295
-60.37592
-54.12348
-53.78472
-54.59164
-54.60703
-51.98479
-53.43992
-56.97876
-54.98598
-52.85057
-55.05172
-56.61667
-55.95952
-58.04356
-60.18120
-59.34951
-59.67766
-55.50540
-53.75591
-55.82697
-57.91117
-56.88783
-55.92340
-56.25060
-59.58297
-57.01842
-52.55617
-56.54298
-56.21410
-57.09511
-56.66037
-54.97412
-57.13718
-59.42016
-55.78986
-57.00491
-58.41166
-60.00658
-57.37522
-55.76559
-57.74108
-62.28256
-55.77829
-51.56931
-54.14792
-53.70820
-54.47471
-53.95304
-54.83495
-54.91799
-55.96273
-54.66663
-55.26936
-56.31351
-57.71155
-56.67154
-56.22877
-56.13315
-58.49675
-53.88177
-52.40180
-55.39410
-55.10150
-55.89006
-53.59000
-54.68709
-56.94873
-56.83851
-53.65999
-55.90357
-56.72484
-58.83039
-56.20169
-55.52901
-58.94217
-59.51796
-54.27595
-54.91429
-58.75016
-59.93371
-58.78410
-57.38823
-60.53474
-60.08186
-59.94080
-56.42318
-57.83187
-60.60657
-61.26806
-57.47772
-57.27383
-59.55824
-62.30127
-53.70665
-53.27267
-54.45033
-54.40313
-54.28338
-54.98456
-56.91373
-56.90914
-56.07687
-53.88962
-55.61685
-56.68003
-57.16561
-55.02329
-55.58947
-58.75781
-57.16390
-52.37714
-55.16522
-58.02408
-58.78422
-58.90368
-59.11100
-59.08569
-60.43208
-59.42227
-58.95992
-59.75593
-62.05055
-58.52380
-56.46188
-57.78802
-61.51629
-57.98074
-54.52838
-59.87125
-61.24709
-63.66066
-57.08221
-59.40754
-61.51610
-66.72371
-56.23220
-54.76031
-59.89188
-63.40880
-60.58045
-58.25701
-60.18561
-64.06164
-59.01574
-54.68788
-60.49079
-61.24753
-64.37237
-62.28636
-63.25978
-63.78713
-65.73889
-58.27405
-58.42370
-61.51427
-65.76859
-61.00679
-59.47196
-63.96228
-70.44312
-58.70877
-56.84652
-62.18601
-62.62593
-64.48158
-62.94768
-62.98025
-63.55251
-63.33753
-55.12430
-57.28643
-62.39588
-63.01293
-57.99361
-59.29294
-60.84963
-65.67663
-55.11499
-52.04052
-54.45687
-55.27225
-55.72096
-55.02212
-54.98563
-56.39959
-55.62045
-53.62721
-55.92928
-58.06447
-58.56018
-56.96686
-59.59347
-61.60708
-60.55868
-52.81132
-56.51667
-58.75164
-58.10835
-55.94530
-55.65430
-58.04711
-59.70305
-56.45305
-53.48605
-56.14429
-58.86230
-57.96393
-54.55795
-56.37959
-59.73401
-58.42560
-52.57638
-55.26225
-55.43996
-56.00836
-55.78528
-58.03181
-57.29363
-57.39486
-54.75752
-53.46179
-56.20112
-58.63990
-57.42928
-55.52888
-58.00088
-60.71723
-56.69292
-52.83663
-56.50446
-57.89263
-59.75982
-57.49895
-58.46003
-58.76571
-60.47301
-55.90781
-56.63382
-58.35496
-61.48341
-56.56212
-54.67846
-57.20790
-60.65840
-57.55994
-54.95625
-60.29336
-61.08500
-62.58399
-60.01504
-60.98881
-61.55495
-63.00051
-54.26307
-56.10073
-59.24052
-62.42140
-57.72822
-55.26694
-56.46283
-58.20088
-54.03337
-53.73292
-57.61879
-58.14962
-57.54031
-54.58664
-56.95372
-59.14173
-58.99741
-53.73712
-53.78890
-54.45251
-54.16307
-51.17949
-53.11970
-56.12768
-55.17445
-52.97007
-54.10364
-55.36446
-55.15440
-55.20297
-56.25759
-57.16079
-56.86611
-55.06355
-53.87873
-56.58743
-57.91046
-57.31948
-54.57385
-55.89875
-58.15412
-57.56977
-53.09066
-53.89480
-55.75019
-56.11513
-51.54818
-53.78545
-58.03617
-56.85987
-53.77895
-54.39958
-58.67117
-58.78936
-55.78384
-53.61189
-58.98692
-58.29259
-65.49764
-65.38738
-64.84494
-64.65703
-64.28452
-64.19109
-63.99531
-64.52651
-63.93647
-64.46673
-63.83205
-64.46634
-63.75962
-64.57586
-63.85932
-64.53829
-63.89144
-64.58203
-63.58231
-63.88446
-63.18059
-63.59890
-63.19557
-63.54501
-62.87753
-63.00130
-62.62633
-62.41964
-62.50626
-62.69134
-62.13716
-62.28858
-62.02795
-62.30757
-61.26818
-59.14062
-61.37257
-61.64191
-62.02544
-62.13787
-62.11760
-62.71036
-62.97435
-63.34420
-63.83646
-63.94722
-64.38529
-64.62137
-64.91295
-65.49121
-65.58537
-66.23438
-66.46835
-66.56918
-67.10806
-67.82540
-67.97761
-68.48966
-68.95893
-68.88667
-68.20097
-68.94194
-69.22333
-69.67096
-70.15422
-70.68712
-71.01581
-71.42213
-71.74871
-72.22349
-72.55247
-73.08640
-73.33780
-73.83462
-74.08083
-74.15079
-74.14870
-74.70994
-74.61193
-74.41787
-74.73562
-75.14650
-75.25770
-75.46296
-74.90212
-66.63137
-65.63935
-65.90909
-66.46676
-66.67685
-67.52520
-67.34354
-68.34722
-65.99317
-59.71023
-59.38778
-59.43066
-59.80694
-60.23979
-60.44916
-60.84232
-61.07208
-61.41864
-61.79507
-62.14857
-62.54868
-62.93487
-62.75212
-63.27616
-63.59818
-65.28599
-65.58219
-65.43492
-65.70386
-66.12689
-66.63423
-67.26879
-67.74355
-67.72653
-68.13889
-68.18337
-68.35974
-68.20517
-68.41851
-68.61753
-68.95186
-69.80689
-70.19923
-70.73960
-71.06981
-71.33918
-71.27324
-71.61299
-71.87513
-72.52480
-71.98191
-70.96681
-71.85486
-71.85968
-72.22037
-72.21703
-72.14896
-71.84269
-71.68512
-72.30580
-73.46906
-74.20250
-73.86032
-73.81375
-73.98733
-74.45568
-74.93143
-75.94991
-77.10938
-77.23498
-77.31123
-76.65639
-77.32558
-77.05457
-78.34819
-77.89803
-77.71824
-77.86656
-78.44982
-78.08117
-78.55562
-78.39207
-78.82993
-78.28897
-64.64406
-61.64367
-61.96247
-62.04604
-62.70505
-62.75905
-63.25977
-63.62575
-64.28934
-64.60148
-64.99826
-65.10130
-65.68037
-66.12049
-66.55050
-67.07485
-67.34672
-67.98461
-68.49181
-68.80780
-69.16324
-69.58702
-70.09536
-70.43809
-70.75872
-70.28814
-70.28861
-70.68750
-71.11926
-71.78337
-71.95984
-71.97999
-72.75737
-73.15400
-73.37995
-73.92925
-74.08413
-74.18040
-74.38589
-75.00198
-75.20232
-75.79569
-75.84204
-76.56337
-76.35760
-76.79268
-76.57305
-77.95214
-76.95095
-79.60004
-70.72773
-67.23263
-68.01435
-67.50300
-68.50461
-68.20818
-69.33064
-69.14727
-70.21916
-64.47195
-61.15446
-61.50072
-61.66467
-62.09120
-62.21680
-62.45335
-62.70730
-63.26274
-63.61799
-64.07738
-63.79578
-64.22352
-64.59745
-64.54465
-64.48218
-65.26511
-67.56201
-68.36384
-68.14390
-68.26550
-69.22333
-69.33820
-68.99433
-69.71777
-69.93791
-70.37153
-70.73761
-70.00551
-70.82817
-71.84745
-71.97853
-72.77152
-71.88312
-72.39513
-73.65216
-73.44579
-73.02250
-73.11934
-74.05855
-74.85459
-74.88924
-72.64724
-72.01086
-72.43891
-72.77335
-73.41187
-73.24688
-73.38245
-74.32570
-74.11273
-74.91165
-74.88320
-76.25716
-77.43935
-77.78380
-77.89359
-78.23178
-78.89442
-79.32887
-79.38410
-77.62816
-79.55526
-79.01876
-80.06457
-79.36015
-80.38277
-79.74393
-80.59014
-79.73716
-80.81434
-80.32782
-83.11797
-79.92624
-85.45603
-72.09967
-61.43680
-60.46449
-60.64259
-60.70397
-61.06567
-61.35195
-61.51147
-61.61164
-62.00712
-62.27076
-62.93345
-63.46755
-63.45038
-63.56599
-64.05648
-64.05728
-64.57979
-64.81871
-65.13720
-65.65132
-66.39586
-66.95388
-67.17891
-67.78422
-68.04642
-67.25380
-67.51447
-67.87912
-68.06224
-68.29081
-68.83596
-69.47300
-69.83741
-70.04338
-70.21950
-70.24497
-70.48359
-71.03133
-71.67448
-71.83728
-72.06520
-72.28050
-73.06579
-73.52476
-73.87327
-73.81401
-73.94754
-74.03778
-74.37025
-73.18045
-66.13254
-65.29974
-65.27366
-65.73448
-65.97370
-66.73652
-66.99772
-67.83350
-65.99285
-59.77842
-59.02216
-59.28710
-59.63857
-59.78878
-60.01609
-60.29052
-60.23163
-60.85521
-61.14268
-61.87346
-62.20313
-62.30801
-62.55556
-63.09906
-63.49877
-63.31284
-63.62490
-64.02226
-64.31548
-64.74904
-64.80317
-65.31729
-65.27004
-65.30378
-65.62746
-65.86307
-66.15768
-66.90028
-67.10776
-67.53371
-67.94963
-67.90537
-68.38551
-68.76201
-69.10047
-69.73559
-70.26415
-70.70291
-70.93276
-71.40326
-69.76756
-67.78559
-67.76484
-68.09659
-68.44574
-69.11155
-69.62511
-69.61675
-69.61642
-69.21790
-69.57239
-70.09200
-70.76952
-71.12519
-71.23486
-71.17533
-72.40578
-68.79889
-67.33053
-68.27865
-68.24146
-68.17448
-67.97396
-68.02699
-68.18861
-68.23117
-68.48853
-69.78372
-69.90887
-70.81064
-70.91930
-71.75461
-71.91231
-73.72120
-64.62304
-60.96873
-61.70769
-61.50464
-61.93357
-62.02773
-62.59611
-62.93277
-63.04239
-62.94666
-63.44722
-64.26092
-64.87845
-64.53983
-64.27324
-65.02370
-65.54564
-66.26515
-66.79668
-67.37038
-67.70069
-68.05485
-68.96265
-69.38359
-70.18800
-68.42592
-68.27673
-68.57146
-68.04336
-68.77155
-68.94493
-69.24119
-69.69943
-70.18220
-71.12180
-71.41985
-71.24348
-71.36732
-70.84097
-70.76384
-70.94646
-72.26974
-69.02832
-68.68120
-69.32797
-69.43516
-69.43012
-69.73017
-69.87729
-70.10634
-67.12713
-64.41647
-64.86373
-64.52245
-64.99512
-65.31746
-65.93103
-66.03808
-66.83566
-62.06556
-59.34319
-59.82097
-60.29302
-60.76869
-60.88104
-61.39159
-61.48912
-62.00834
-62.06757
-62.58795
-63.06740
-63.40872
-63.66703
-64.09596
-64.60843
-64.86507
-66.22126
-66.14116
-67.03254
-67.34271
-67.29293
-68.16730
-67.94740
-68.49005
-67.92944
-68.19939
-68.51321
-69.45872
-69.26177
-69.46891
-69.94583
-70.27916
-70.15522
-69.69555
-69.99421
-69.94359
-69.91896
-70.38156
-70.54572
-70.78577
-71.16235
-65.54320
-64.96352
-65.96561
-65.33088
-65.52615
-66.43360
-67.15503
-67.94346
-68.54517
-68.58058
-69.30714
-69.02737
-68.50854
-68.01641
-68.80853
-69.16666
-70.21313
-70.51599
-70.99069
-71.02316
-71.24986
-71.10818
-71.12275
-70.73984
-70.96198
-69.93054
-70.16509
-70.70425
-70.71238
-70.19087
-69.23933
-68.71174
-69.24699
-70.53872
-71.29690
-70.48874
-69.16431
-69.26542
-69.01693
-69.51804
-69.02329
-69.46065
-68.97453
-69.93014
-68.96031
-69.84189
-68.80306
-69.77038
-68.82830
-69.85055
-68.48277
-67.98450
-67.27541
-67.90430
-68.23249
-68.89792
-68.01877
-67.56561
-68.27557
-67.62137
-69.63049
-68.25658
-70.57804
-67.39316
-71.38073
-66.60733
-76.94315
-57.28417
-56.04954
-64.38131
-68.94005
-67.34290
-60.63554
-60.54103
-63.73732
-67.62495
-67.46642
-68.53157
-67.78445
-69.59926
-58.14984
-57.50369
-61.03222
-68.63756
-56.93864
-60.62021
-68.83783
-73.35660
-64.87946
-58.18226
-60.99587
-67.69108
-63.64402
-57.49727
-62.46374
-67.12791
-67.47996
-58.23716
-59.37881
-63.82928
-65.69903
-55.51450
-58.79754
-65.68253
-69.32324
-67.59714
-65.45879
-67.05270
-68.19713
-68.20951
-69.04876
-68.38507
-70.65475
-65.21324
-57.70875
-59.47324
-65.82954
-63.43989
-56.07532
-65.44327
-68.32103
-75.69493
-59.79125
-58.91596
-63.17546
-71.76161
-61.25484
-57.90077
-64.10375
-69.44099
-62.81578
-56.84974
-58.89256
-64.71081
-62.40092
-56.03235
-61.77798
-65.45474
-70.64277
-61.18326
-59.35395
-62.89001
-69.82776
-68.40169
-70.69310
-68.01655
-74.54708
-60.06131
-57.44011
-60.94937
-69.33165
-59.32581
-57.91414
-68.95041
-70.05614
-70.00815
-56.75317
-59.33178
-65.42890
-70.71819
-61.23134
-63.55265
-67.75870
-73.02881
-61.13099
-59.42497
-63.20791
-69.45975
-56.83109
-55.98366
-65.17079
-68.21705
-68.76293
-63.00928
-64.52613
-66.46448
-71.28520
-69.71686
-71.18942
-70.48239
-71.29979
-59.71660
-59.75736
-63.33559
-70.25311
-56.58386
-61.41693
-69.46299
-74.04036
-66.86901
-60.24863
-60.96948
-68.48973
-67.01868
-58.95033
-62.79466
-68.94246
-67.56621
-55.33999
-55.78360
-63.43962
-66.56832
-54.22957
-59.72652
-66.01769
-72.96888
-67.15355
-63.66569
-64.22134
-74.15773
-63.63350
-58.62523
-64.28135
-73.63446
-65.14350
-58.71027
-61.18606
-69.78925
-63.29408
-53.97924
-61.90612
-66.71054
-72.97514
-56.85439
-58.28022
-63.80788
-70.02275
-70.40018
-73.09543
-71.63135
-86.21428
-60.99611
-55.62981
-61.37780
-72.33614
-61.70268
-54.83253
-64.13556
-66.10826
-74.25354
-63.01339
-62.89027
-63.94048
-75.87036
-60.22127
-59.90883
-67.83541
-79.27797
-62.72211
-59.52221
-62.22818
-71.47782
-59.14833
-55.59046
-63.19497
-70.22099
-65.31916
-55.98394
-58.95493
-61.92139
-70.01892
-70.42019
-79.99203
-73.26880
-85.59425
-57.34527
-56.89394
-62.63238
-73.72729
-56.34120
-56.96845
-66.72908
-67.21977
-69.06424
-62.80910
-64.25468
-68.18580
-70.30577
-57.99854
-62.38918
-70.24883
-74.06970
-57.01298
-57.68716
-63.01083
-71.22013
-55.75813
-58.39522
-66.81961
-71.38118
-63.60742
-59.07092
-66.48730
-70.91201
-76.24904
-73.72129
-78.16238
-76.12123
-72.84536
-56.94752
-58.14410
-66.55437
-67.12578
-55.00009
-59.86120
-67.51880
-71.98568
-66.04837
-63.68261
-64.81251
-75.66535
-62.79720
-59.47487
-65.79218
-84.40342
-64.65063
-56.96968
-60.05561
-67.19183
-63.48275
-53.99811
-61.01233
-67.22598
-70.31657
-56.93471
-57.26759
-59.91170
-60.42985
-67.28018
-74.52865
-75.93753
-85.21607
-61.94989
-55.26755
-57.20992
-67.74505
-60.23479
-54.31474
-58.33688
-57.42747
-57.71489
-56.50377
-56.97606
-56.54087
-57.03109
-56.58607
-57.32356
-57.31488
-58.31180
-55.84323
-55.74590
-57.41801
-59.85861
-54.65124
-57.09857
-62.02216
-61.04409
-58.95896
-54.90326
-58.13722
-57.86475
-57.55687
-54.34769
-57.18784
-57.96431
-58.72885
-55.75932
-54.52578
-58.23232
-60.90025
-53.92337
-56.09328
-62.00416
-62.73383
-61.66477
-56.81404
-60.65063
-62.31667
-61.52909
-63.49596
-62.10953
-65.26456
-61.20002
-54.41408
-56.89947
-59.80304
-62.24560
-55.90482
-59.47901
-60.97267
-60.20078
-57.09192
-57.24433
-61.39479
-59.18008
-56.19287
-54.82195
-56.73155
-58.00967
-56.78535
-55.12659
-56.51063
-57.87952
-57.83256
-54.64420
-59.94288
-62.01182
-62.76142
-61.62410
-61.40914
-61.18377
-61.64326
-62.75997
-63.69413
-62.32847
-65.03931
-59.62028
-57.48154
-59.35612
-64.02096
-59.68179
-56.27489
-63.81616
-67.41466
-71.47225
-58.33829
-58.60497
-61.42439
-66.59467
-59.34441
-60.12011
-65.18262
-68.88743
-61.14602
-57.11607
-58.76705
-66.58874
-58.92199
-55.64938
-63.07330
-66.81122
-69.04706
-59.72031
-59.58271
-63.23348
-70.22068
-68.09374
-71.71470
-70.63135
-77.57457
-59.81468
-57.62324
-61.70508
-71.70093
-58.04163
-59.72285
-69.67020
-70.03088
-72.46284
-63.42612
-65.12943
-72.49534
-72.27259
-58.75545
-61.95126
-69.61095
-72.14862
-59.46459
-60.85262
-66.17508
-71.38952
-56.70605
-57.23520
-60.30927
-58.90198
-57.77147
-56.89442
-56.58516
-57.44510
-56.37563
-54.57930
-57.14824
-57.77740
-58.43930
-58.18196
-60.09523
-62.38262
-60.02681
-52.12925
-57.76126
-62.42979
-64.19196
-57.06129
-55.01076
-58.25468
-59.07130
-60.00650
-60.38562
-60.72180
-61.71863
-59.27626
-54.82643
-57.25198
-60.82262
-61.09156
-55.70228
-58.50870
-60.29398
-59.93149
-56.97397
-60.35614
-57.16306
-57.28370
-57.64585
-55.83156
-58.04296
-60.46229
-58.39729
-57.03838
-58.86127
-62.58075
-56.16457
-54.63566
-61.51961
-64.29762
-67.24179
-56.44421
-59.28643
-62.41178
-63.63111
-63.63181
-64.69838
-63.46329
-67.11780
-57.46685
-56.14644
-62.12689
-67.31741
-58.02422
-57.98548
-67.08579
-68.07497
-70.47237
-63.46460
-62.66192
-63.83387
-66.33463
-57.80899
-62.51474
-66.92772
-70.26475
-57.89677
-55.85437
-56.82988
-59.09328
-53.43376
-55.44960
-62.73309
-64.48891
-61.72168
-56.08713
-59.58687
-60.13038
-62.09221
-55.96405
-54.71107
-54.78267
-54.72953
-50.48689
-53.61371
-56.90472
-54.85475
-54.95634
-57.69321
-60.25038
-58.77758
-57.24391
-55.88021
-56.28761
-57.32763
-55.91382
-55.53406
-58.31308
-58.82801
-57.91243
-54.72385
-55.85997
-58.62990
-58.94096
-54.97517
-59.25017
-63.35424
-65.20826
-58.00897
-58.05819
-62.07845
-61.57653
-62.42561
-62.57828
-62.52171
-65.35939
-58.21303
-53.74674
-57.85191
-63.57756
-59.29089
-53.83501
-57.65173
-58.23997
-58.44542
-56.87380
-55.72663
-56.08323
-56.02870
-56.74692
-57.38953
-58.77765
-59.32984
-56.34418
-55.86892
-59.07411
-61.28902
-56.98268
-55.63810
-59.43071
-60.30856
-57.53060
-59.19942
-55.97460
-55.22333
-59.58401
-53.49777
-56.16919
-56.64441
-56.88899
-57.18441
-52.54161
-55.80310
-59.09896
-54.19496
-56.49907
-58.63974
-61.77961
-60.26547
-56.83752
-59.27897
-58.16364
-59.87016
-57.82552
-58.54935
-60.67629
-59.26895
-57.85866
-57.03397
-59.86625
-61.48320
-54.75027
-56.47632
-57.07889
-57.19153
-54.97118
-53.35617
-54.53433
-54.06508
-53.93282
-54.44646
-56.34995
-56.93167
-56.74132
-54.75597
-54.34426
-57.51318
-57.83292
-53.74264
-57.34830
-60.49406
-62.76373
-60.60042
-59.05607
-58.36875
-61.13178
-58.90246
-57.53112
-58.77591
-63.02711
-58.82367
-55.44919
-56.83119
-61.19249
-60.34786
-55.04625
-63.29635
-66.93402
-70.44939
-58.02002
-57.99803
-60.60710
-65.80342
-59.56679
-58.13209
-61.96287
-66.95453
-61.41571
-57.01485
-59.59124
-66.14811
-59.68726
-53.94915
-61.23461
-67.43332
-71.97022
-63.20799
-63.30139
-64.23689
-69.70061
-58.95694
-58.43780
-62.42619
-67.53367
-60.27831
-58.30432
-62.15584
-69.84987
-58.97018
-57.87448
-67.95208
-69.25037
-73.99162
-64.06489
-64.70305
-67.66550
-69.89363
-57.01121
-59.38100
-63.06857
-70.42305
-57.65281
-56.93806
-63.23771
-69.51425
-58.44853
-55.96443
-59.52979
-58.85583
-57.71928
-54.92888
-54.86411
-56.06526
-56.57886
-54.19829
-56.39432
-58.09446
-58.67576
-56.70233
-58.97007
-61.11380
-61.80393
-54.01117
-56.20472
-60.70184
-63.37161
-59.66442
-56.35743
-57.13650
-58.32723
-56.06358
-54.31316
-57.59993
-60.71672
-58.99068
-53.64644
-55.50515
-57.95550
-60.16965
-55.85490
-57.87513
-57.37782
-60.01470
-57.21700
-56.80405
-59.38474
-57.42260
-54.70236
-56.07233
-56.87431
-58.31963
-60.19355
-55.28668
-57.34802
-60.93922
-57.42004
-54.08620
-59.94873
-64.52372
-66.44380
-57.31087
-58.26266
-59.57131
-61.74831
-58.47415
-57.89684
-59.71611
-61.80493
-57.14589
-54.06040
-56.55425
-60.19526
-57.71716
-57.29953
-63.29619
-61.63431
-62.73146
-57.91359
-58.06195
-58.69123
-62.94649
-53.73236
-53.77002
-57.90593
-61.37599
-57.33195
-55.82170
-57.41843
-58.46821
-54.05173
-54.47904
-60.61690
-60.79653
-60.51434
-55.33346
-57.37738
-59.45635
-60.10695
-53.27026
-53.64036
-53.22264
-55.53929
-53.33398
-53.45509
-57.03176
-54.81309
-54.29686
-56.78542
-60.83263
-60.31203
-60.14836
-58.22104
-58.14837
-58.44533
-58.03757
-56.18026
-57.84821
-59.56970
-59.44289
-56.01145
-57.52825
-60.10768
-59.39381
-53.37652
-57.32457
-62.30161
-63.88000
-60.09063
-58.62928
-61.57751
-60.88273
-61.49095
-60.82040
-62.22261
-64.41870
-61.84193
-54.04681
-56.53019
-61.00412
-61.07854
-53.85694
-55.72884
-57.75751
-57.16545
-55.71762
-54.20714
-54.04806
-54.91546
-54.42389
-53.24073
-55.55077
-55.71153
-55.35166
-54.49562
-55.93853
-57.38064
-55.16567
-54.50306
-60.72920
-57.72515
-58.86344
-57.94018
-55.35551
-58.32922
-55.59893
-55.33161
-55.41220
-55.38550
-59.30733
-55.67985
-57.35286
-58.47280
-57.72792
-57.40996
-55.15505
-59.45335
-60.74162
-58.96196
-60.05725
-56.88207
-59.39899
-61.50406
-57.47722
-61.31650
-59.29230
-62.05014
-58.03850
-55.70799
-58.44132
-61.86400
-55.63148
-57.52778
-60.68232
-60.32531
-58.12540
-53.01880
-53.82716
-56.01447
-57.20116
-55.58430
-57.31340
-58.31450
-59.09407
-56.50749
-57.07106
-58.57350
-59.90843
-55.63293
-57.10275
-61.13891
-61.59613
-60.51892
-59.30864
-58.68485
-61.15060
-59.33034
-56.80218
-58.30469
-60.21586
-59.73369
-57.51803
-57.89945
-60.22924
-60.17902
-54.56599
-63.00722
-64.98683
-66.99905
-59.01315
-57.79670
-60.41514
-64.33881
-60.81462
-56.39638
-59.34214
-62.56580
-61.21793
-57.13490
-58.36107
-63.31935
-60.08963
-53.49681
-60.02414
-65.40568
-68.76457
-62.16291
-60.06048
-61.55879
-66.27844
-61.11240
-60.84436
-64.47894
-70.60525
-61.85977
-56.52741
-58.25456
-65.94457
-60.35754
-56.35324
-65.91987
-66.68050
-68.31160
-60.69812
-60.24640
-62.74881
-68.05111
-56.53982
-57.34836
-61.51879
-66.09497
-60.30232
-56.49247
-59.17975
-67.23330
-57.67054
-55.22898
-61.02627
-59.63862
-60.76314
-58.14240
-58.22745
-58.80397
-59.49533
-55.39959
-57.93729
-59.63129
-61.26142
-57.12035
-57.26343
-59.36641
-61.08828
-55.78117
-56.23138
-61.25744
-62.16708
-59.09117
-55.06644
-57.61491
-59.61746
-59.64646
-57.76794
-59.10892
-59.23897
-57.97974
-53.39476
-55.32575
-58.68011
-60.12216
-54.81018
-57.69951
-58.34902
-58.88367
-61.11532
-54.32104
-56.82389
-61.03535
-56.23720
-56.28583
-57.89099
-60.14918
-59.51963
-56.36655
-56.52116
-59.57453
-62.57112
-53.53978
-58.81391
-63.04400
-62.97244
-56.63352
-55.83095
-58.47685
-61.12196
-58.03048
-55.77531
-58.30905
-60.43572
-59.93272
-55.67325
-57.57988
-61.07068
-58.25415
-53.95184
-58.42050
-58.84206
-60.12362
-59.79468
-60.79828
-60.73441
-61.41633
-56.43840
-55.10308
-57.82802
-60.58759
-57.79555
-56.58850
-57.66997
-59.24548
-55.28358
-53.18542
-57.66398
-59.36853
-59.90334
-55.26229
-57.25056
-59.07642
-60.22207
-56.50818
-57.09175
-57.14954
-57.92376
-55.78294
-53.64824
-56.33907
-58.52934
-54.55756
-56.16815
-60.89891
-61.04851
-60.44674
-56.95186
-56.83991
-58.26422
-58.96156
-54.68966
-57.15849
-60.01407
-62.14781
-57.50964
-58.94026
-62.51974
-64.84088
-55.13262
-56.92845
-64.74497
-65.81737
-61.65368
-56.71359
-60.35461
-61.59638
-62.42202
-57.87226
-60.03244
-62.07126
-63.79073
-56.11302
-57.90348
-61.96193
-64.03910
-59.15785
-57.34641
-59.94762
-59.66694
-59.59966
-60.15687
-60.52405
-60.43929
-61.11893
-60.21618
-61.69954
-60.95381
-61.02814
-57.32301
-59.60123
-62.26435
-63.49692
-61.06373
-59.33997
-59.01088
-61.31724
-56.57564
-58.16413
-61.55492
-60.89133
-58.50944
-56.79958
-61.11848
-62.25746
-60.25617
-57.55283
-60.84112
-63.69830
-61.78345
-56.12496
-59.07116
-62.68947
-64.45879
-65.06850
-65.03703
-65.56697
-66.16168
-65.55498
-66.96902
-66.14753
-68.99336
-62.01090
-58.89297
-63.83995
-67.20301
-66.16316
-58.13827
-57.12035
-57.85436
-57.65357
-56.24053
-57.55371
-58.09291
-59.76387
-56.71537
-57.22373
-60.46880
-62.37523
-58.43551
-58.72535
-61.41270
-63.00134
-59.11717
-56.10347
-60.25993
-61.59741
-63.07595
-62.96804
-64.24654
-64.04062
-64.56214
-61.41004
-61.15764
-61.21599
-61.61733
-55.65859
-57.11269
-61.70725
-62.16482
-62.38590
-63.20893
-62.76456
-64.50659
-59.90242
-56.90216
-61.40523
-65.77008
-63.32897
-58.99078
-63.44615
-65.53583
-66.06612
-59.19242
-61.40031
-66.41614
-67.31976
-59.13060
-59.27496
-65.98472
-67.59536
-67.74238
-66.72314
-68.98758
-68.61034
-68.90595
-69.94305
-69.73040
-72.76756
-65.87039
-58.75378
-62.96630
-67.03119
-70.32383
-69.14659
-70.66241
-69.88078
-72.24584
-70.21246
-73.36237
-70.84403
-79.04939
-60.94724
-58.70462
-64.92074
-73.05461
-64.02358
-58.53873
-63.98816
-71.23050
-67.10024
-58.55828
-60.63827
-61.42967
-61.66933
-61.25773
-61.58697
-61.62497
-62.20765
-57.40303
-58.79591
-61.91753
-62.84759
-59.44311
-57.99290
-62.25261
-64.70226
-62.15049
-58.58657
-58.48012
-59.43965
-59.13210
-57.05021
-58.64713
-60.29536
-60.63948
-60.15755
-61.07126
-61.03892
-62.36965
-54.68956
-56.34961
-60.79685
-62.64752
-59.34573
-58.63870
-60.73836
-60.21045
-61.65587
-61.57425
-61.86751
-63.04210
-60.23561
-56.65184
-61.67141
-62.30722
-63.88957
-58.25891
-60.17414
-62.53849
-64.53793
-58.95123
-57.79844
-60.19547
-61.25101
-60.62874
-59.67461
-62.34538
-63.01340
-64.07468
-64.45692
-64.08007
-65.02103
-62.63033
-56.78465
-60.68260
-63.99640
-65.49286
-57.43518
-58.93389
-60.43580
-60.75604
-61.74543
-61.79488
-61.90783
-62.96827
-58.59522
-56.50841
-61.03204
-63.51666
-60.26671
-56.20282
-58.29972
-60.40937
-59.73899
-56.66545
-59.23168
-60.72490
-61.64640
-56.94652
-58.20835
-62.03053
-62.49889
-61.19179
-58.90405
-58.68695
-59.98409
-56.03022
-55.02120
-59.36979
-60.44118
-59.28939
-58.54875
-61.26034
-60.18189
-61.65755
-61.30363
-61.81224
-62.07405
-63.30170
-58.52394
-59.20644
-62.35593
-64.65112
-59.82617
-59.58952
-63.30099
-66.00507
-61.19023
-58.21059
-62.47642
-65.51131
-63.53731
-58.45664
-63.07248
-65.70767
-67.06709
-67.92588
-68.10882
-68.44455
-68.78336
-56.96007
-57.77783
-66.13080
-68.28460
-70.92437
-69.16948
-72.11737
-69.57819
-73.08223
-71.48580
-74.33467
-73.06765
-73.19333
-70.78922
-73.50114
-72.93271
-74.48599
-73.40634
-74.75175
-76.34652
-76.45285
-74.49190
-73.94360
-76.10961
-76.18310
-76.23167
-75.82149
-78.31087
-77.69362
-78.29844
-77.29383
-80.09306
-79.93545
-80.90535
-79.19536
-81.88574
-81.77369
-82.92281
-80.11796
-81.61301
-81.62636
-82.22375
-82.52450
-83.45097
-83.88778
-83.40035
-83.62911
-83.08850
-83.97525
-83.39462
-84.60111
-83.56203
-84.81418
-83.88313
-84.73384
-84.09770
-84.75756
-84.11971
-85.27526
-85.11660
-85.67576
-86.40720
-86.64323
-85.04757
-84.49135
-85.31264
-85.31473
-86.03467
-86.15052
-87.01804
-86.96756
-86.76693
-85.99856
-86.94163
-87.56647
-88.29247
-88.49594
-88.67604
-88.68686
-88.00524
-90.04235
-88.97840
-92.19491
-86.04005
-85.77241
-93.79889
-91.68360
-91.76476
-89.63396
-91.54220
-91.20427
-92.30206
-91.93527
-93.12370
-93.22754
-93.17033
-93.34566
-92.58675
-92.91295
-93.60368
-94.36006
-93.09255
-93.87313
-93.27734
-93.77572
-93.43719
-93.82191
-93.52259
-93.48114
-91.65900
-93.46727
-95.18688
-95.22677
-93.47699
-93.13614
-93.79899
-93.73062
-94.57500
-94.35484
-96.03014
-95.62593
-96.16007
-95.03331
-95.70158
-95.34900
-96.57164
-95.05737
-94.49603
-97.28657
-97.19302
-97.50803
-97.21513
-98.03696
-98.06130
-99.59817
-98.44248
-100.34334
-96.41079
-94.03138
-97.69837
-97.57533
-97.37494
-99.19047
-99.19909
-99.76967
-97.47586
-95.52441
-97.08710
-97.43325
-98.75354
-99.92892
-98.62804
-98.85649
-98.19787
-99.14644
-99.46070
-98.19381
-97.26471
-97.50904
-99.20625
-96.85876
-97.90121
-98.93573
-98.89831
-97.18741
-98.48525
-97.74575
-89.44107
-95.49549
-98.00551
-94.82382
-98.01768
-95.03396
-96.72511
-93.84560
-96.28969
-94.91301
-98.32815
-93.95741
-98.03559
-91.60887
-88.45583
-91.95323
-92.58030
-91.61606
-93.32743
-92.48528
-94.22940
-93.41819
-94.29127
-93.01959
-89.41364
-87.42600
-79.83799
-90.92427
-91.71282
-101.30219
-79.37073
-72.03339
-72.14605
-71.69338
-72.39838
-72.40608
-72.89785
-72.97300
-73.77313
-73.94481
-74.95635
-75.04614
-75.97388
-76.06384
-77.61037
-77.36136
-80.15624
-75.06845
-70.17222
-70.36298
-70.31494
-70.98676
-71.36673
-71.84600
-72.35773
-73.03087
-73.40256
-73.80465
-74.24720
-75.03661
-75.55647
-76.70424
-76.79869
-79.41525
-71.76964
-68.54433
-69.01233
-69.02965
-69.76530
-69.95620
-70.56704
-71.02718
-71.52619
-72.04566
-72.36341
-73.14398
-73.64411
-74.56699
-75.20659
-76.31161
-76.32709
-69.12734
-67.66474
-68.11497
-68.32371
-68.88412
-69.23316
-69.72027
-70.50234
-68.39229
-66.61875
-66.94885
-67.20605
-67.96292
-68.36512
-69.02219
-69.66679
-69.56763
-68.41566
-68.47260
-68.80444
-69.46546
-69.86566
-70.47984
-70.94125
-71.78044
-72.01885
-72.67145
-73.21347
-74.03911
-74.64828
-75.92963
-76.33424
-78.04095
-75.95730
-70.45535
-69.85845
-69.96856
-70.58563
-71.02257
-71.70894
-71.85816
-72.48429
-73.34671
-73.98598
-74.47207
-75.76248
-76.15935
-77.14744
-77.00891
-79.75014
-73.57371
-68.60854
-68.68227
-68.90127
-69.39031
-69.74128
-70.38999
-70.64908
-71.32684
-71.19808
-71.54023
-72.00731
-72.62543
-73.23218
-74.19935
-74.49022
-76.19110
-70.55210
-67.94122
-68.41243
-68.35620
-69.05394
-69.17597
-69.76460
-70.07970
-70.73988
-70.76576
-71.45504
-72.10809
-72.74886
-73.23155
-74.47599
-74.81699
-76.42595
-71.86087
-69.28090
-69.71217
-69.88620
-70.59216
-70.96342
-71.44113
-71.82433
-72.24001
-72.74398
-73.35701
-73.90120
-74.42473
-75.24557
-75.91585
-76.76381
-77.50160
-70.52879
-69.08751
-69.61303
-69.84244
-70.40788
-70.70290
-71.29107
-71.72038
-72.34462
-72.65458
-73.18373
-73.93348
-74.18791
-75.23349
-75.29774
-77.48173
-74.99404
-68.51704
-68.20492
-68.26188
-68.69473
-69.25271
-69.69098
-70.13702
-70.60195
-70.99245
-71.59225
-72.06413
-72.86673
-73.15185
-74.39917
-74.66424
-76.59992
-74.20909
-67.76373
-67.40491
-67.56980
-67.97633
-68.49993
-68.94740
-69.48378
-70.02970
-70.46281
-70.91053
-71.38294
-72.07245
-72.74421
-73.61336
-73.91801
-75.64356
-72.74499
-69.60485
-69.95998
-70.14772
-70.69868
-71.10912
-71.60095
-71.82314
-72.38446
-72.78718
-73.39152
-73.99834
-74.71460
-74.99682
-76.20287
-76.44828
-78.54809
-71.62669
-68.78436
-69.27348
-69.19452
-70.05542
-70.43373
-71.02158
-71.38847
-72.25324
-72.81904
-73.24392
-73.94856
-74.49812
-75.15837
-75.82295
-77.05330
-76.61048
-69.06682
-68.12729
-68.46116
-68.59896
-69.19720
-69.53497
-70.01976
-70.59735
-71.00002
-71.41546
-71.90090
-72.56763
-73.29353
-73.94432
-74.89281
-75.48293
-75.82431
-68.69083
-67.41408
-67.58521
-68.17282
-68.53692
-69.05416
-69.26373
-69.94906
-70.45458
-71.92965
-71.91407
-73.31615
-73.25246
-74.83591
-74.79435
-76.74567
-74.29306
-65.80028
-65.53199
-65.76960
-65.33798
-65.00928
-64.45763
-65.07748
-72.75348
-66.09954
-62.36920
-62.02980
-61.87935
-61.50518
-61.13924
-60.86225
-67.79066
-67.88565
-58.71685
-58.24555
-58.39109
-58.35867
-58.08138
-57.80517
-60.32829
-71.96441
-60.64563
-57.03347
-58.41588
-58.28637
-59.09471
-59.44408
-60.27365
-69.25431
-66.72464
-59.52238
-60.29425
-60.45078
-61.37787
-61.40324
-61.50244
-65.11767
-70.60151
-64.88010
-64.28944
-64.59910
-64.27299
-63.79394
-63.68987
-64.57141
-73.29964
-65.23306
-59.94095
-60.16270
-59.67424
-59.36047
-59.43371
-60.15609
-65.85942
-66.61453
-58.57873
-58.06858
-58.38993
-58.57472
-58.76851
-58.12987
-60.32661
-68.91709
-59.92457
-57.25073
-58.39217
-58.62455
-59.35045
-59.49083
-60.24761
-67.37581
-66.37200
-59.76660
-61.33659
-61.71426
-62.69794
-63.83204
-65.51113
-69.89631
-77.10065
-67.16475
-65.49535
-65.31563
-65.19391
-64.13797
-64.01998
-65.36601
-71.27783
-67.52505
-62.46220
-62.16810
-62.27145
-61.94632
-61.48136
-60.73995
-66.25062
-71.10096
-59.15918
-57.88936
-58.32538
-58.00261
-58.16238
-58.02988
-59.72571
-68.99927
-60.25947
-56.52257
-57.53803
-57.74846
-58.47265
-58.75810
-59.78334
-67.05625
-68.21966
-59.86467
-60.06813
-60.17253
-60.21481
-60.37298
-60.41791
-63.88965
-69.59973
-64.17874
-63.64942
-63.93734
-64.96963
-64.87952
-64.27622
-63.82496
-72.28390
-64.62053
-58.60141
-58.74769
-58.83425
-58.41595
-58.41128
-58.40985
-62.98631
-67.90066
-56.88815
-56.44696
-57.10958
-57.57312
-58.31327
-58.05507
-60.04521
-71.77661
-61.88315
-57.19829
-58.87772
-59.21220
-60.79446
-61.27846
-63.03880
-68.14788
-70.23840
-65.83736
-65.91403
-64.80424
-63.70890
-63.15208
-61.95677
-63.96783
-72.68416
-60.69109
-57.74765
-57.70317
-57.34551
-57.56265
-57.38103
-57.70272
-65.42019
-62.45330
-55.86548
-56.25697
-56.32534
-57.06730
-57.41414
-57.59728
-62.05143
-70.30030
-59.62165
-57.91470
-58.44437
-58.66225
-59.40459
-59.55496
-60.75030
-66.84576
-64.69504
-60.83429
-60.99032
-60.72190
-60.17188
-59.91550
-59.45953
-64.98261
-67.76746
-57.96891
-57.12196
-57.67775
-57.69073
-57.62801
-57.05212
-59.19543
-68.76525
-59.58125
-56.07568
-57.23139
-57.87590
-58.46396
-58.64193
-59.42417
-68.87682
-66.95399
-59.09437
-60.54099
-61.38134
-62.27328
-62.68512
-62.74915
-64.80616
-69.28277
-63.18363
-61.44956
-61.25370
-61.08823
-60.22336
-59.70430
-59.86098
-69.51065
-61.06288
-55.16702
-55.66434
-55.65830
-56.12962
-56.66981
-56.68097
-61.76458
-67.70981
-56.68114
-55.72192
-56.91127
-57.28295
-58.58386
-58.62610
-61.05079
-71.41701
-61.80886
-59.08792
-60.87030
-61.86227
-62.49125
-63.24655
-63.54487
-67.48675
-66.35515
-59.99355
-59.10654
-59.34924
-59.03247
-59.12837
-58.47365
-61.74851
-68.58043
-57.92492
-55.57885
-56.80413
-56.81022
-57.26253
-57.44761
-57.66042
-67.82483
-58.16097
-55.83964
-59.41125
-59.44116
-60.45629
-60.46484
-60.59430
-66.04386
-71.31026
-61.76724
-61.08993
-61.95900
-63.29393
-64.78826
-65.31452
-65.73639
-68.90780
-57.17334
-59.17520
-61.13109
-60.84615
-61.23582
-60.89329
-61.12164
-65.39311
-64.89427
-58.53759
-58.60772
-58.86528
-58.91031
-59.41180
-58.75037
-60.83264
-64.70944
-53.89844
-55.97570
-58.26943
-57.72104
-58.68371
-58.34814
-59.34982
-65.49754
-62.94769
-58.33955
-59.10702
-58.49968
-58.47137
-59.45918
-58.86856
-61.96995
-61.49413
-54.29923
-58.20075
-60.83373
-61.57218
-62.70382
-62.04439
-62.95373
-66.47274
-63.46575
-60.93996
-60.88924
-60.74457
-60.06841
-60.11657
-59.43554
-64.22964
-61.82586
-58.06254
-59.28556
-59.09527
-59.85377
-59.07293
-58.99505
-60.09481
-68.15730
-59.24177
-56.24682
-56.87496
-57.32772
-57.48782
-58.35463
-58.23282
-68.44245
-58.32295
-54.89866
-59.84622
-59.27478
-60.69504
-60.31868
-61.00750
-63.72439
-68.13364
-61.75893
-61.20245
-62.61344
-64.51575
-64.23354
-64.86771
-64.25971
-68.12886
-58.27887
-59.15264
-61.74178
-61.70539
-62.12070
-61.46898
-61.53445
-65.68183
-66.90148
-58.48607
-59.21779
-59.62990
-59.92126
-59.35348
-58.59194
-60.17214
-69.11131
-54.68418
-54.95546
-58.78902
-57.86882
-58.94079
-58.43515
-59.16842
-65.85695
-65.82134
-59.54970
-59.94584
-60.42196
-60.39847
-61.50738
-61.20317
-65.23939
-65.77231
-55.08818
-59.57132
-60.96500
-61.35926
-61.95137
-61.66877
-62.61185
-68.41494
-64.52836
-58.96580
-58.84812
-58.31557
-58.16271
-58.30829
-57.93453
-62.48368
-61.39033
-53.64914
-55.77173
-56.49970
-56.70116
-57.14192
-57.03959
-59.06086
-67.30001
-60.14570
-56.48238
-57.87312
-58.48134
-58.97344
-59.50585
-59.36443
-66.18298
-59.54593
-56.88138
-63.35079
-63.95669
-65.29219
-62.63799
-61.97475
-62.67614
-68.37130
-59.39374
-57.13249
-57.11842
-57.20003
-57.08125
-56.82133
-57.10558
-64.61946
-56.80248
-53.19854
-55.71558
-55.34675
-56.29944
-56.46898
-56.79787
-60.48380
-66.50656
-57.35129
-56.36298
-57.22038
-58.03841
-58.98566
-59.25498
-60.93782
-64.33769
-58.57430
-58.42632
-60.42055
-60.26392
-60.44844
-60.12246
-60.15246
-64.56167
-64.81923
-58.57891
-57.85421
-58.10056
-57.43342
-57.45433
-56.87031
-59.02463
-66.56797
-54.22981
-54.21014
-56.81904
-56.86704
-57.95197
-58.17396
-58.89346
-65.19634
-62.83666
-57.26011
-58.49779
-59.61992
-60.84134
-62.05450
-61.81474
-64.35044
-63.27945
-56.94953
-60.22231
-60.37688
-59.40129
-58.97717
-58.76323
-59.53057
-66.05564
-60.60458
-55.96163
-55.94401
-56.43285
-56.23758
-56.77826
-55.88636
-62.82122
-61.30211
-52.48446
-55.43546
-56.41409
-57.06934
-57.73066
-57.86698
-60.36246
-68.28399
-61.00108
-57.97583
-59.45871
-59.98756
-60.65550
-61.10365
-60.96494
-68.42351
-60.83813
-56.30042
-60.10911
-60.00033
-60.63608
-60.66409
-59.70063
-61.22521
-63.62678
-59.01042
-57.71658
-57.81558
-57.50271
-57.46974
-57.06759
-57.29651
-61.52572
-55.02955
-54.22249
-56.47560
-56.53077
-57.21982
-56.91262
-57.41238
-58.48488
-59.07473
-56.72063
-56.39350
-56.56887
-56.84646
-56.40553
-55.79843
-56.39515
-57.91281
-54.61578
-56.80758
-58.17148
-57.85649
-57.92321
-56.77223
-56.71626
-59.09840
-60.48341
-59.33630
-57.88596
-57.69372
-57.56786
-57.07736
-57.53830
-58.55447
-59.29234
-55.00300
-57.24039
-57.77052
-57.49827
-57.20734
-57.52322
-58.54506
-61.35925
-58.88335
-55.58199
-55.88629
-56.54458
-56.43612
-57.04488
-56.86987
-60.04905
-58.15482
-52.71130
-56.18466
-57.61955
-57.48039
-58.06322
-58.28714
-59.97720
-63.74366
-61.64392
-60.21581
-60.72527
-61.07610
-60.53410
-61.06868
-59.96911
-63.63228
-58.66867
-55.72011
-59.94711
-59.71587
-60.59285
-59.72637
-59.62032
-61.05418
-65.23649
-59.69099
-57.53909
-58.11465
-58.73908
-58.38956
-58.38864
-58.20165
-63.21852
-59.12688
-55.53017
-57.60793
-58.04928
-58.83498
-58.94238
-59.56239
-62.02360
-63.60785
-59.90942
-59.83384
-59.64998
-59.00729
-58.39825
-59.16252
-60.33874
-62.87029
-56.83995
-58.40608
-61.94432
-60.52746
-60.78624
-59.09854
-58.96117
-58.52164
-59.75154
-58.10593
-56.72686
-56.96018
-56.71521
-57.15570
-56.89806
-58.74092
-60.47737
-54.54082
-54.59290
-55.38382
-55.33401
-55.21921
-55.10777
-55.24859
-58.72673
-58.44399
-54.98900
-55.16362
-55.89792
-56.35252
-56.75193
-56.51758
-58.36430
-58.45872
-54.17797
-54.91128
-55.22598
-56.35671
-56.56393
-56.54053
-56.68316
-58.19713
-57.32266
-56.06348
-55.44679
-54.38594
-53.84486
-53.94469
-53.84794
-56.93692
-56.08538
-52.40242
-54.32820
-55.23533
-55.70034
-55.76877
-56.20119
-57.51367
-61.61752
-57.82700
-55.39306
-56.41804
-57.37825
-57.63316
-58.44626
-57.79889
-60.79438
-56.46493
-55.41698
-61.91506
-60.81449
-60.80959
-59.74667
-59.77698
-60.66240
-61.87893
-58.09879
-56.77236
-57.11688
-56.82110
-56.34794
-56.72708
-56.64472
-62.05998
-55.87171
-53.27654
-55.23190
-55.05566
-56.05293
-55.84827
-56.26602
-58.51303
-60.26990
-56.08559
-55.41959
-55.91521
-56.59155
-57.00294
-57.48238
-59.33597
-61.16669
-55.38158
-57.21472
-60.15560
-58.40282
-58.25920
-58.00328
-58.54674
-60.68206
-61.10364
-56.81821
-56.36464
-56.56980
-56.74583
-57.30689
-57.07136
-58.46367
-59.91382
-54.58245
-53.86170
-54.71870
-55.37419
-56.12795
-56.62915
-57.27210
-60.82579
-59.49431
-57.56116
-57.90433
-58.42295
-57.90791
-58.84296
-58.45760
-60.71549
-59.57341
-54.70745
-58.25274
-58.89230
-58.67617
-57.95606
-58.41208
-58.93120
-63.03274
-58.38963
-54.64770
-54.85954
-54.83449
-54.72829
-55.00002
-54.87503
-60.26908
-58.79016
-54.82133
-58.53051
-58.15794
-59.14497
-58.69264
-58.76729
-59.50941
-63.14466
-59.27488
-58.28934
-58.19882
-57.92483
-58.12303
-59.00422
-58.83209
-61.60451
-56.39186
-54.11574
-59.07849
-58.70241
-59.60270
-59.10418
-59.69752
-59.73447
-59.79566
-56.40274
-55.11075
-55.75279
-55.78059
-55.76809
-56.28260
-56.59848
-57.82012
-54.96254
-53.25780
-54.13206
-54.19623
-54.69869
-54.91009
-54.63211
-56.73782
-58.29484
-56.57405
-56.71510
-56.65466
-55.82176
-56.03255
-56.73753
-57.65338
-59.00844
-54.21182
-54.96709
-58.15617
-58.42651
-58.49729
-59.02565
-59.03900
-59.39124
-60.09974
-59.67213
-59.40326
-59.43796
-59.12639
-60.02556
-58.93260
-60.36344
-60.06912
-56.01832
-57.79866
-57.65645
-58.24868
-57.94267
-57.80193
-57.82894
-62.26688
-59.27359
-56.33660
-56.51777
-56.70369
-56.75641
-56.70425
-56.20146
-60.36083
-60.07652
-54.37479
-57.65815
-58.05407
-58.35934
-59.10334
-59.34501
-59.94813
-62.89062
-59.83278
-57.36338
-57.59238
-58.81704
-60.18570
-61.46480
-61.21338
-67.22292
-59.98674
-56.07186
-61.40284
-61.50873
-61.84077
-61.38564
-59.38136
-59.89398
-61.38579
-58.48943
-57.54697
-56.71675
-57.42238
-57.78784
-58.50505
-57.60637
-61.78169
-55.53475
-53.40450
-55.86914
-55.55352
-56.46274
-55.81792
-56.36463
-58.36378
-61.10646
-57.06276
-56.53427
-57.06668
-57.60922
-58.50237
-57.80554
-58.40130
-61.12874
-55.93907
-56.66869
-59.45228
-59.16870
-60.59174
-60.84282
-60.22933
-61.61659
-61.46137
-59.66536
-59.40366
-59.04870
-58.28395
-58.41275
-57.34974
-58.07360
-59.16466
-52.57382
-53.87132
-54.50194
-54.31967
-54.44472
-54.15311
-54.79867
-57.63347
-56.71813
-53.15378
-53.37455
-53.65435
-53.94461
-53.75423
-54.02577
-55.06432
-55.60642
-54.15654
-55.06860
-55.91922
-56.01189
-55.86049
-56.38674
-56.99170
-59.18918
-58.16459
-57.32682
-56.52741
-56.56777
-56.29856
-56.60459
-55.70445
-59.05910
-57.02243
-52.98676
-54.93353
-54.90072
-55.59512
-55.72744
-56.32416
-58.04117
-63.57420
-58.04829
-55.88037
-56.75021
-56.43895
-56.24974
-56.63288
-56.86788
-60.65758
-57.97871
-56.66855
-60.60093
-60.33250
-60.66576
-60.39405
-59.84069
-60.07907
-61.36866
-57.72612
-56.49845
-56.96783
-56.76072
-56.68942
-56.95504
-56.53606
-62.37357
-54.45664
-53.59038
-56.20370
-55.50802
-57.18788
-56.19602
-56.37409
-58.61825
-60.50416
-56.60164
-56.36984
-56.80789
-56.72349
-57.30446
-58.07748
-59.21565
-60.38036
-54.97453
-56.85176
-59.22909
-59.07099
-59.29466
-58.32643
-58.33726
-60.23721
-60.18378
-56.39618
-55.88941
-56.61388
-56.52149
-57.05585
-56.50776
-58.83200
-60.73950
-53.69338
-55.24203
-56.87456
-57.48488
-58.25359
-58.40982
-59.26022
-62.15823
-61.11033
-59.04673
-59.49057
-60.49800
-61.18920
-60.83559
-59.71349
-61.41576
-59.65654
-56.04078
-59.43343
-60.55721
-61.11375
-60.66547
-60.07305
-59.71267
-62.51956
-59.98966
-57.31812
-57.68162
-58.33037
-57.93334
-58.51833
-57.36063
-61.09975
-57.69093
-54.49484
-57.21748
-56.83210
-56.80408
-56.85604
-57.40802
-58.11518
-60.32448
-58.00236
-57.87491
-56.99551
-57.59552
-56.85656
-56.52325
-56.31870
-58.14653
-55.18519
-54.98016
-59.70165
-58.44582
-59.18103
-58.62027
-59.31056
-59.79271
-60.43856
-59.59553
-59.80970
-60.04334
-59.86026
-59.55777
-59.43281
-58.56598
-59.93324
-55.56252
-55.94245
-58.83165
-58.38842
-59.23218
-59.37604
-59.51039
-60.64007
-60.14141
-56.42044
-56.07545
-56.16214
-56.62259
-57.13877
-57.41067
-58.99847
-61.76604
-57.01931
-56.20316
-57.47996
-57.49825
-57.60708
-57.12270
-57.72841
-61.57087
-62.62730
-63.84920
-64.02349
-63.76608
-62.56520
-62.59394
-61.14952
-63.14370
-62.43790
-56.69648
-60.58662
-61.15305
-61.50328
-61.28505
-61.49148
-61.30924
-65.14574
-61.41316
-58.00511
-58.11744
-58.71905
-58.18110
-58.76709
-58.46664
-63.06163
-60.79212
-55.28756
-59.39258
-58.13810
-59.14328
-60.08465
-60.44993
-61.17233
-64.26617
-59.85368
-58.59916
-60.06676
-61.39768
-61.70871
-61.11521
-59.79958
-63.53857
-58.07889
-54.62446
-60.06267
-59.42423
-60.14452
-59.34592
-59.22502
-58.87285
-59.77966
-60.19457
-59.79134
-60.02451
-60.25157
-60.04329
-60.49560
-59.91399
-63.27823
-57.40525
-55.09049
-57.72017
-57.57492
-57.75713
-57.21274
-57.35514
-59.12456
-61.24913
-56.78293
-56.11459
-57.13490
-57.16385
-57.53484
-57.62013
-57.90640
-59.68138
-55.03995
-55.40641
-57.86450
-57.82605
-58.88889
-58.78679
-59.26750
-59.18639
-58.88856
-56.79915
-56.18218
-56.91589
-56.87734
-56.53600
-56.06268
-57.34193
-58.42822
-53.99640
-54.39027
-55.33952
-55.78450
-55.98749
-55.72699
-56.27165
-58.68504
-58.25846
-56.31473
-56.75908
-56.92743
-56.89568
-57.67152
-58.26893
-60.52993
-61.11706
-57.20393
-58.32121
-58.64407
-59.64650
-60.22343
-61.19232
-61.50733
-62.42450
-60.38970
-59.27395
-58.80455
-58.61926
-58.36399
-58.65109
-58.15753
-62.15648
-60.67918
-54.96590
-56.53798
-57.32575
-58.07792
-58.17388
-58.61064
-60.31680
-63.17654
-59.74704
-58.42629
-58.88573
-59.11381
-59.59830
-60.80958
-60.83380
-63.51643
-59.01384
-58.08353
-61.92656
-59.79514
-59.65358
-59.23926
-59.37453
-60.76425
-61.26350
-57.70625
-57.52194
-57.79890
-58.06555
-57.47886
-56.67697
-56.73108
-60.13547
-56.36528
-55.34811
-57.75420
-58.18844
-58.77987
-58.29959
-58.44583
-60.28374
-61.43507
-58.33257
-58.66150
-59.16167
-59.26879
-59.02054
-59.45003
-60.09434
-61.93702
-56.41895
-57.58254
-59.66365
-59.04874
-59.69152
-59.25439
-60.11306
-62.17166
-62.23894
-57.49473
-57.23836
-57.35053
-57.05524
-57.79108
-57.68220
-60.26035
-62.13867
-57.06153
-59.27882
-60.90413
-61.26809
-61.47965
-61.12829
-61.60113
-63.74773
-62.13639
-59.95621
-60.79376
-61.69047
-61.31394
-61.67882
-61.02705
-62.45954
-59.36498
-56.07453
-60.92211
-60.70415
-61.20640
-61.93748
-61.32485
-60.49743
-61.01164
-59.31022
-57.32928
-56.63872
-56.93594
-56.86829
-56.81399
-56.76151
-57.79989
-55.87369
-54.47583
-55.49582
-55.55290
-56.40339
-55.92595
-57.01818
-58.61755
-61.07380
-58.97523
-57.79970
-57.78999
-57.72191
-57.47979
-57.04181
-56.78922
-59.92849
-57.06018
-56.92833
-60.50594
-60.90451
-62.53274
-61.73429
-62.42101
-60.94906
-60.78851
-60.53869
-61.34976
-61.90784
-62.51398
-61.96590
-62.63290
-62.49055
-63.84032
-58.43479
-58.63900
-61.02397
-60.36005
-60.36417
-60.31731
-61.10432
-63.14059
-64.12089
-60.44872
-59.85282
-60.63993
-60.68214
-60.35036
-60.51177
-62.08703
-64.37203
-57.72872
-59.96266
-62.30408
-62.10051
-63.06577
-62.77216
-64.24308
-65.90755
-65.85028
-63.07981
-63.72176
-64.60148
-64.52629
-65.66069
-66.45764
-68.74085
-66.27035
-60.25917
-63.23050
-63.78426
-62.78991
-62.68930
-61.21668
-61.40993
-64.97572
-62.61529
-60.98812
-60.96356
-61.36411
-60.67378
-61.35088
-61.10308
-62.73240
-60.91869
-57.38790
-60.07420
-59.53809
-59.73258
-58.78047
-59.23322
-59.84617
-60.46610
-60.80370
-60.68054
-60.91174
-61.38541
-61.58710
-61.61526
-61.96261
-63.48090
-61.05872
-59.79151
-61.60740
-61.64283
-62.22329
-62.07400
-61.82481
-62.20677
-63.39364
-62.15058
-61.76462
-61.46827
-61.33351
-60.65282
-60.62308
-60.50394
-62.04624
-59.55038
-58.37763
-59.30323
-59.92507
-60.53403
-60.25782
-60.44064
-61.38721
-62.19216
-59.39469
-58.97617
-59.59967
-59.95198
-60.24655
-60.29607
-60.71041
-61.42877
-59.39960
-60.68630
-62.05019
-61.90970
-62.23891
-61.70867
-61.23257
-61.07853
-61.07407
-60.87149
-60.75740
-61.22404
-61.70511
-62.40224
-62.53596
-63.15390
-63.60017
-58.74870
-59.19697
-60.16819
-59.89221
-60.03948
-60.09545
-60.53470
-63.10915
-62.53991
-60.47802
-60.85602
-60.88437
-61.30468
-61.94653
-62.07585
-63.46596
-63.43608
-60.91417
-62.69954
-63.17282
-63.70807
-63.95725
-63.91026
-64.06324
-65.85892
-64.84393
-63.17153
-63.19471
-63.36003
-63.07427
-63.65378
-62.60385
-64.57453
-62.96595
-59.71412
-61.87180
-62.39635
-63.19721
-62.72750
-62.63467
-63.27744
-65.05490
-63.86505
-63.14950
-63.61021
-64.34493
-64.94590
-65.31759
-64.92423
-65.45442
-61.92088
-61.69460
-64.54809
-63.88036
-64.65351
-64.14913
-64.25500
-64.63848
-65.92154
-63.73587
-62.82881
-63.43084
-63.33069
-63.10806
-63.07750
-63.23091
-66.16352
-62.98296
-61.83934
-63.94008
-63.74943
-64.29587
-64.72735
-64.71376
-66.47684
-67.53695
-64.87440
-64.72349
-65.05887
-65.21683
-65.44375
-65.34122
-66.12190
-67.53770
-64.02146
-65.01830
-65.74146
-65.93215
-66.95934
-66.23680
-65.82831
-67.23106
-67.92248
-66.31572
-65.70469
-64.99215
-64.65457
-64.99395
-64.53974
-65.38948
-64.76104
-61.49538
-63.71106
-64.44573
-64.50899
-64.90181
-64.37519
-64.17426
-64.66882
-64.61681
-64.07453
-64.11021
-64.53842
-65.04173
-64.93093
-64.55392
-65.34302
-64.12122
-62.88216
-64.29923
-63.88053
-64.15827
-64.15879
-64.32037
-64.25341
-64.45612
-64.50674
-64.81840
-64.04551
-64.08588
-64.01805
-64.59244
-64.64193
-65.79798
-63.45403
-62.26181
-64.61249
-64.75785
-65.32458
-65.59797
-67.38114
-67.17452
-68.01482
-64.27122
-62.94236
-64.24613
-64.55866
-65.60852
-65.49614
-66.05615
-68.40229
-66.54738
-65.49033
-65.89729
-65.84888
-66.30787
-65.98981
-65.74073
-67.37619
-69.58980
-69.58549
-69.86403
-69.35663
-69.14220
-68.90302
-68.79213
-68.66836
-71.38928
-67.53721
-69.42172
-71.98587
-70.90797
-71.71501
-71.26484
-71.08593
-71.78016
-71.44026
-67.90478
-69.04894
-69.65319
-69.72405
-69.39048
-69.83123
-71.22264
-74.16266
-69.42371
-68.19011
-69.68215
-69.71848
-69.89367
-69.76317
-69.66532
-70.67714
-70.07485
-68.19602
-69.05275
-69.37622
-69.33237
-69.73825
-69.74012
-71.22167
-70.96881
-68.88652
-71.63941
-72.07004
-71.43524
-71.32754
-71.26789
-70.53380
-69.46359
-68.40262
-68.55211
-68.85151
-69.48189
-69.06388
-68.81918
-68.97505
-69.56099
-69.30190
-67.45910
-68.86584
-68.48280
-68.91993
-68.82582
-68.12483
-69.46099
-70.47581
-68.79574
-67.99371
-68.74088
-68.25374
-67.88826
-68.56706
-68.57064
-68.46483
-67.38559
-66.58929
-66.82025
-67.08048
-67.41838
-67.40302
-67.11452
-67.18157
-67.63453
-66.31454
-65.91239
-66.47485
-66.75405
-66.93413
-67.38669
-67.03459
-67.39330
-67.66410
-67.62702
-67.94739
-67.95949
-67.88861
-67.34105
-67.55585
-67.63427
-67.88548
-68.17239
-68.34224
-68.93651
-68.98441
-68.70748
-68.56277
-69.19582
-69.98441
-68.84033
-69.62624
-70.48498
-70.39545
-71.06040
-71.33913
-71.68356
-71.81265
-71.72444
-70.62237
-70.22323
-70.18361
-70.36236
-70.44401
-70.36992
-70.97329
-71.46697
-70.52430
-69.94355
-70.45100
-70.82187
-71.14280
-71.27757
-71.73124
-72.90517
-72.45463
-70.93815
-70.94071
-71.39722
-71.12674
-71.59728
-71.93936
-72.06708
-71.80148
-71.17239
-71.33675
-71.56180
-72.43723
-72.35046
-71.98218
-72.57611
-73.34619
-72.79571
-71.70843
-71.42033
-71.38036
-71.39847
-71.65266
-71.74520
-72.99512
-73.06006
-71.40302
-71.66825
-71.69972
-72.21980
-72.72600
-73.31332
-74.05319
-74.03060
-73.51076
-73.18692
-73.93037
-74.04376
-74.07076
-73.88723
-73.82523
-74.36671
-74.47227
-74.91529
-75.66989
-75.91625
-75.88130
-75.73479
-75.75816
-76.34435
-76.81621
-75.22467
-74.25613
-74.42740
-74.78847
-75.05088
-75.15502
-75.53217
-76.99727
-77.41886
-76.83269
-76.36441
-76.54699
-77.66122
-77.58098
-77.78278
-78.30019
-78.19876
-76.65825
-76.07165
-76.41033
-76.79460
-76.71440
-76.28217
-76.35640
-76.08618
-75.32546
-75.36945
-75.52762
-75.87548
-76.06351
-76.09957
-76.07126
-75.72920
-75.40349
-74.43813
-74.78794
-74.68025
-74.90317
-75.15551
-75.42184
-75.83135
-75.70597
-75.00156
-74.38647
-75.00122
-74.58382
-74.64564
-74.53260
-74.86730
-75.39457
-76.01025
-76.09615
-75.89850
-76.63014
-76.55280
-76.80304
-76.12552
-77.31581
-78.70891
-79.33143
-80.72284
-80.79616
-81.10365
-80.80959
-81.37401
-81.08730
-80.86218
-80.94230
-81.66854
-81.82929
-81.76551
-81.82797
-82.26598
-82.74173
-81.47530
-80.99358
-80.26482
-80.13585
-80.45907
-81.02940
-81.41792
-82.27516
-83.26386
-83.97457
-83.19762
-82.15310
-82.63755
-83.99288
-85.14767
-84.13391
-84.93173
-87.14285
-86.85729
-86.08164
-86.39873
-86.29996
-86.80081
-86.91454
-86.52108
-87.34657
-87.81475
-87.50785
-87.32365
-88.02260
-89.03896
-89.76572
-90.50508
-90.82158
-90.97551
-90.27529
-90.42524
-90.22518
-88.99896
-88.66023
-88.41782
-87.89236
-87.99624
-87.56534
-86.35597
-86.50344
-87.55320
-88.07175
-87.60445
-87.46066
-87.57176
-88.33001
-88.25653
-88.34237
-88.30250
-87.76006
-87.39948
-86.75458
-86.68265
-87.22976
-87.67763
-88.24749
-88.92858
-88.37099
-89.32036
-88.97427
-88.96928
-90.02724
-90.48534
-90.45700
-90.74849
-91.54566
-91.36278
-91.81250
-91.54337
-92.30365
-91.73935
-91.41653
-91.45346
-91.52973
-91.89788
-92.16040
-92.13219
-91.49935
-91.41680
-91.57820
-91.49307
-90.78486
-91.55780
-91.70172
-91.16777
-90.95580
-90.98663
-91.01146
-91.13417
-91.04877
-90.99889
-91.45850
-91.77553
-92.04837
-92.36335
-93.48847
-93.85131
-93.52104
-93.26783
-92.86619
-92.68924
-93.04461
-93.48259
-94.13525
-94.93529
-96.35454
-96.88789
-96.38667
-96.48762
-96.35072
-95.73373
-95.24298
-95.85091
-96.19152
-96.21403
-95.85544
-96.37882
-96.65993
-96.58245
-97.16116
-97.43792
-97.82225
-97.85059
-97.96431
-98.21786
-98.66366
-99.21325
-100.18389
-100.54569
-100.87738
-100.74754
-100.51482
-100.46420
-100.27151
-100.28092
-100.74735
-101.04238
-101.76514
-102.76664
-102.44264
-102.33010
-102.19081
-102.37698
-102.27382
-103.06213
-103.85122
-103.88860
-103.89576
-104.47182
-104.14325
-103.97339
-105.11063
-105.27772
-106.16702
-107.58893
-107.33920
-106.99238
-106.93436
-106.24726
-105.93226
-105.65297
-106.36104
-107.41902
-108.01923
-108.47998
-109.17417
-108.85718
-107.63705
-107.83863
-109.24546
-109.86682
-110.75149
-110.94664
-110.41247
-110.93208
-110.54836
-110.88409
-111.03821
-110.99482
-111.62228
-111.34376
-111.50312
-112.55020
-113.53135
-114.64482
-114.67173
-113.93376
-114.31494
-115.23997
-115.51670
-116.00111
-117.07020
-117.78153
-118.44934
-120.87957
-123.92451
-129.59274
-142.13023
-145.14892
-146.22556
-144.84146
-146.10300
