-69.05557
-40.16939
-37.33163
-42.00664
-44.84997
-47.43377
-48.20294
-51.74455
-52.26384
-55.45515
-53.02718
-53.21764
-53.04980
-54.33996
-53.63003
-54.95822
-53.81658
-54.27136
-54.06294
-53.83773
-54.71647
-54.77899
-53.51496
-53.82721
-54.75576
-54.53901
-54.06840
-54.29734
-55.59863
-53.81645
-55.24249
-54.77884
-56.18464
-55.84228
-81.87138
-52.20316
-56.63574
-53.16514
-55.53774
-55.94841
-52.59927
-60.99164
-49.86119
-67.11419
-51.69241
-62.12968
-54.24743
-55.13943
-59.86129
-51.46169
-64.03934
-49.91195
-62.64661
-53.25183
-57.32601
-54.89855
-52.21752
-63.90956
-51.95888
-60.39829
-53.08489
-67.65910
-59.05878
-47.41093
-56.01302
-51.32468
-53.12315
-57.96339
-47.53159
-52.76323
-56.35245
-57.40449
-59.01118
-54.24706
-55.75193
-55.00494
-55.70407
-56.89636
-57.80392
-55.28229
-54.54615
-57.13914
-58.81988
-53.66707
-55.31220
-54.66272
-55.37357
-54.62646
-56.61565
-58.18094
-55.13246
-55.09145
-55.23576
-55.29379
-55.75948
-58.28851
-56.18664
-56.40398
-56.64175
-57.41377
-55.49355
-57.35462
-56.69292
-61.69869
-63.26372
-60.72672
-61.15228
-58.17416
-59.13179
-59.33318
-58.46524
-58.67057
-59.11310
-58.69609
-58.30535
-58.91390
-58.73190
-59.13871
-58.21578
-57.56476
-59.22124
-56.73969
-58.64640
-57.93075
-59.39636
-57.32841
-59.18834
-55.99474
-64.92277
-52.08525
-47.49388
-52.61318
-51.29262
-59.02765
-71.39466
-56.88393
-46.50383
-46.62805
-49.05251
-51.48029
-52.90559
-53.34624
-54.28418
-54.55547
-55.13993
-56.28957
-54.57624
-55.94246
-55.56192
-56.36803
-59.29915
-54.82969
-56.43753
-56.92916
-56.14361
-55.27159
-56.05858
-56.28565
-67.83578
-89.41636
-81.28481
-58.12172
-50.78963
-52.56651
-54.34170
-54.43376
-59.31932
-68.28795
-67.05129
-53.59965
-46.48069
-49.94127
-52.13164
-54.90700
-55.83636
-57.11723
-56.10068
-55.51909
-56.40797
-56.40672
-56.69465
-59.86880
-57.71840
-56.88143
-56.66044
-57.06501
-59.04278
-55.27283
-57.37181
-56.72204
-57.47324
-59.39459
-54.14796
-63.00915
-76.13186
-77.80399
-93.66814
-80.80017
-86.45888
-78.33064
-82.60598
-83.45417
-82.99666
-81.01833
-80.63527
-64.04881
-65.24383
-77.10315
-82.99732
-74.74512
-79.77163
-76.37082
-64.39397
-71.75964
-79.94188
-94.86728
-81.53246
-91.31444
-86.34014
-76.20283
-80.61412
-83.07355
-63.30096
-67.61881
-75.57415
-74.01863
-79.17557
-64.18590
-70.79488
-82.31875
-79.37228
-128.75009
-78.19625
-77.82741
-100.81457
-83.89992
-93.86046
-69.02573
-78.42639
-83.82899
-79.79054
-81.71159
-75.56621
-74.16463
-68.10448
-89.78392
-55.30617
-50.74118
-62.30377
-72.16308
-71.96731
-71.40784
-63.93037
-56.35808
-71.87988
-78.36001
-82.48533
-77.92524
-82.66358
-65.78490
-62.15514
-78.98922
-86.96849
-87.13443
-77.16924
-89.17099
-84.20281
-77.06719
-73.38181
-75.62794
-84.45514
-103.71384
-65.87233
-76.68412
-85.38898
-70.60349
-68.41689
-65.27393
-61.67243
-63.69952
-63.51338
-62.88282
-68.44993
-65.66490
-66.85797
-64.00986
-64.25314
-64.18940
-65.09561
-64.10764
-64.44049
-67.80738
-64.57097
-69.05226
-66.65909
-71.45915
-66.99261
-72.59572
-65.86170
-75.84606
-59.00222
-50.43269
-63.10729
-71.80377
-71.14159
-99.68959
-64.29992
-60.00220
-83.64147
-72.21418
-70.78288
-73.47671
-68.12978
-72.22008
-64.48029
-66.52492
-71.68241
-72.88561
-71.60019
-68.51158
-70.34028
-69.42919
-70.19389
-70.04677
-70.60390
-70.84286
-70.67658
-71.93737
-71.25336
-70.64436
-71.98516
-73.09467
-71.92079
-73.76974
-73.19006
-71.82361
-69.80487
-73.86140
-70.30018
-82.40749
-69.76892
-85.67922
-56.76111
-60.83493
-70.96144
-58.89286
-73.17145
-75.05964
-93.75065
-77.50775
-81.72976
-79.01061
-82.78047
-81.51832
-80.27171
-83.69069
-79.61145
-86.87436
-77.37013
-88.04805
-80.16988
-86.05461
-81.18396
-91.25782
-84.29945
-106.79054
-86.18724
-101.51127
-88.71052
-109.96794
-92.88026
-107.31464
-99.30173
-106.79909
-105.12733
-110.15571
-115.91421
-132.48594
-119.95640
-113.40039
-109.96351
-107.66375
-105.92872
-104.48925
-103.12684
-100.46353
-99.59794
-99.62965
-100.46469
-92.58409
-104.52391
-92.30816
-96.98860
-94.65142
-96.72996
-89.10525
-91.50990
-87.86155
-85.64725
-72.90723
-77.47435
-86.82320
-89.05024
-97.33996
-104.02706
-94.96116
-70.47461
-66.89039
-62.53675
-61.82272
-59.35404
-59.75147
-57.95272
-59.59192
-57.65305
-57.73885
-58.85620
-59.28703
-59.32723
-57.01505
-60.34864
-58.68018
-59.62527
-57.99975
-59.31839
-59.52131
-60.66715
-58.58332
-60.53185
-63.79829
-60.98518
-65.29475
-60.20972
-61.74412
-63.78856
-64.57179
-61.26999
-62.69137
-64.14480
-61.99497
-65.07860
-63.03662
-63.18348
-61.69976
-64.38809
-63.53734
-62.48521
-63.03145
-64.31965
-63.95002
-62.30903
-65.65734
-63.27906
-64.09603
-62.76521
-66.66016
-63.22764
-64.88753
-66.58757
-64.48960
-62.82175
-61.90257
-65.93513
-64.61548
-66.59836
-64.10134
-67.27805
-64.16729
-66.67395
-67.17999
-66.89332
-67.35642
-60.99935
-59.00543
-58.25180
-57.46468
-57.37746
-58.32104
-58.46370
-60.06570
-59.77861
-59.57299
-61.75970
-62.55261
-61.47566
-61.12489
-60.84950
-61.12757
-61.89257
-62.43331
-61.61397
-61.44123
-60.70237
-61.06220
-60.52869
-59.85656
-60.46809
-60.56127
-59.71516
-58.79896
-60.25577
-59.49462
-59.48655
-60.12202
-59.98064
-62.34568
-61.86513
-61.25841
-62.23021
-61.03611
-61.62132
-62.05783
-62.81929
-61.95746
-62.48785
-64.00294
-61.51406
-61.73623
-61.92663
-62.16977
-63.58162
-62.68954
-63.37018
-63.20082
-62.50478
-63.33482
-63.27100
-63.77389
-63.47558
-64.73151
-62.86147
-64.32856
-62.27805
-65.40763
-64.95618
-63.54131
-64.88688
-63.83522
-65.43892
-56.68982
-61.41745
-65.48703
-60.86679
-61.38577
-61.18970
-59.21486
-57.55878
-56.82768
-58.51382
-62.71036
-62.32408
-64.31418
-60.34872
-59.05331
-61.90892
-64.50472
-63.12776
-62.81826
-62.52422
-61.42673
-59.88573
-62.46002
-60.29392
-63.40373
-57.64731
-59.72603
-63.55605
-58.28584
-65.47148
-56.72821
-62.12578
-60.07772
-57.35830
-67.88810
-63.42654
-59.22144
-63.77585
-62.57704
-58.83131
-64.77696
-60.92419
-64.71158
-62.34787
-60.55355
-64.78209
-61.51263
-62.22008
-61.34468
-65.52864
-57.71304
-55.54548
-60.56228
-62.05181
-64.12209
-62.71999
-63.17571
-62.60820
-59.79519
-60.26182
-64.92748
-69.32116
-72.41536
-71.24124
-69.50327
-65.48139
-72.93087
-56.11112
-55.66571
-63.04915
-58.83073
-61.46456
-64.12946
-76.51766
-78.86587
-74.04942
-69.67087
-73.45051
-67.87950
-69.76509
-70.49308
-66.62354
-66.61241
-71.77170
-82.63069
-86.44858
-99.18124
-84.44562
-85.38757
-94.59030
-86.59789
-92.02327
-75.27109
-61.22121
-65.41837
-76.31434
-84.02575
-86.92808
-97.85070
-98.54597
-95.50127
-76.56663
-80.25836
-82.80587
-81.75153
-83.66366
-86.54466
-81.98932
-122.74894
-84.16516
-98.13362
-89.08869
-92.02532
-89.02318
-88.26126
-86.16220
-82.05509
-71.12201
-54.68313
-58.69601
-63.74188
-69.20952
-74.16642
-82.04902
-80.56270
-81.77791
-82.46389
-90.43838
-89.51431
-89.81959
-87.91331
-87.65069
-85.12309
-82.84916
-72.66428
-52.32150
-54.81568
-58.49701
-60.09596
-61.86488
-64.63463
-63.23077
-64.30249
-62.42186
-59.01323
-64.60781
-60.56329
-68.87601
-66.73983
-56.22834
-63.84036
-59.82131
-54.84121
-60.12363
-62.84164
-59.02538
-64.10262
-60.59957
-63.17740
-64.38298
-52.08202
-58.31869
-62.43416
-59.63394
-64.60704
-66.39364
-67.44854
-70.08599
-58.63538
-58.96591
-61.62948
-61.40633
-65.93603
-63.86133
-68.89413
-65.04181
-65.34882
-69.58729
-67.18218
-70.57987
-75.24792
-70.79757
-72.00504
-67.90091
-70.07266
-49.53485
-50.39796
-58.04756
-54.96577
-57.33854
-60.31585
-62.64170
-63.34914
-68.84151
-128.84801
-79.46795
-70.81518
-94.30012
-77.21887
-80.19861
-86.21559
-88.13565
-53.84739
-52.13274
-55.74009
-56.89807
-61.26941
-64.26423
-62.38763
-74.87305
-56.66094
-55.47122
-60.73233
-63.50429
-68.48619
-56.98473
-63.39418
-61.90404
-62.22329
-57.82572
-59.93259
-64.57379
-59.61585
-60.92001
-62.00463
-61.52277
-68.34031
-49.99513
-46.51020
-50.96860
-51.29226
-55.12615
-55.91621
-64.23446
-62.85705
-65.54835
-62.27285
-70.74365
-67.56956
-79.71328
-69.02872
-69.19391
-65.01996
-71.37948
-65.69836
-70.16213
-75.79068
-79.26496
-108.11373
-82.09576
-76.89618
-68.65307
-69.20469
-60.03450
-70.48458
-63.92436
-84.82307
-67.58914
-71.93783
-63.75562
-79.30753
-59.14019
-76.67297
-62.50253
-69.24699
-57.98407
-90.34802
-56.30206
-62.58318
-43.48595
-27.22293
-28.14014
-33.32330
-36.48338
-40.18110
-41.96786
-43.47919
-43.25901
-45.49688
-45.30756
-43.83719
-46.69891
-45.51114
-49.66006
-44.58194
-59.69961
-38.67712
-32.59339
-40.31421
-34.31795
-45.78703
-40.45111
-39.40609
-53.90871
-36.01085
-51.19181
-39.95742
-40.67270
-60.07526
-38.52160
-53.89091
-43.41813
-40.68089
-52.09674
-37.99334
-53.15745
-45.19788
-42.30183
-73.53787
-39.84797
-55.77772
-41.51459
-41.68060
-55.43484
-40.72985
-92.80417
-44.88378
-46.13740
-51.86579
-43.12302
-32.28062
-29.86191
-34.84035
-38.34151
-40.23291
-42.11283
-44.30651
-44.15779
-53.71818
-43.12744
-40.46511
-42.57859
-43.19847
-42.67231
-43.27407
-44.53611
-46.08019
-44.56403
-45.85055
-45.27879
-47.17713
-45.98945
-48.51049
-46.03103
-49.79496
-41.68886
-31.39156
-33.46435
-36.64075
-41.23190
-45.22675
-44.52224
-41.41618
-39.26543
-41.26804
-45.43899
-51.35032
-47.97049
-45.90417
-42.87890
-43.91726
-47.93892
-50.89928
-50.26669
-48.08485
-44.81585
-45.63445
-48.66734
-52.37514
-53.16284
-50.16794
-47.85692
-46.64068
-51.06780
-57.54058
-54.47434
-53.10206
-48.69605
-49.28587
-50.84276
-59.49749
-57.53192
-54.96208
-51.00365
-52.30191
-52.16747
-58.50082
-58.74397
-57.14797
-52.33880
-53.47793
-56.89228
-58.01935
-65.31248
-57.71841
-57.55490
-53.04415
-61.23233
-56.42247
-68.31610
-53.54368
-67.64637
-48.35364
-50.34732
-32.10054
-26.78755
-32.45080
-34.72007
-38.83569
-40.23172
-43.35072
-43.65648
-44.56643
-46.43699
-47.74687
-45.96637
-48.83152
-45.44627
-50.44409
-44.14832
-64.61053
-33.38397
-31.86856
-41.63145
-34.03279
-54.73323
-37.96954
-43.51923
-50.93879
-37.22907
-60.89703
-39.24735
-47.55070
-48.89311
-39.72813
-58.73776
-42.25507
-44.31844
-38.31155
-32.26871
-49.63722
-35.99066
-39.17851
-50.56654
-34.43900
-52.38574
-40.65900
-41.25215
-46.93079
-47.37282
-38.42560
-71.45295
-39.90475
-40.51296
-72.45902
-32.36837
-34.31664
-36.16139
-38.44212
-39.47418
-40.83544
-40.62500
-43.03669
-41.68480
-44.14456
-41.79740
-44.86399
-43.58310
-45.15404
-43.71009
-47.02455
-41.82029
-33.07302
-33.74022
-40.06767
-38.76050
-38.42893
-49.44912
-38.73198
-45.69120
-42.69909
-43.56691
-44.02461
-54.96311
-38.09336
-33.40179
-37.41354
-37.44906
-40.48973
-40.96943
-42.67041
-43.26063
-44.41725
-44.63831
-45.25211
-45.74491
-48.34877
-36.85466
-35.92707
-38.84918
-43.43101
-41.32703
-44.12426
-43.32517
-45.88303
-46.87655
-37.81128
-40.46176
-40.22750
-43.45429
-44.05073
-44.37640
-44.99573
-45.93391
-45.89468
-46.19120
-45.02982
-45.98313
-47.11406
-46.39534
-46.74929
-48.30554
-48.41268
-51.10879
-47.81193
-49.59459
-50.04821
-49.82074
-52.44434
-49.94873
-52.55489
-50.46225
-51.18310
-52.97298
-52.23821
-49.27523
-54.89369
-50.02366
-54.66831
-30.96191
-28.84659
-34.44873
-35.76357
-38.91727
-39.61086
-42.24462
-41.64391
-41.61156
-42.89450
-44.34727
-43.79298
-43.82444
-45.16275
-44.55494
-44.70575
-43.41482
-41.54509
-35.75021
-35.64918
-46.10863
-37.45544
-42.37660
-46.54524
-38.38001
-55.51165
-37.77603
-43.67744
-48.45953
-39.29319
-62.26293
-39.49341
-45.75493
-42.00374
-35.96090
-64.49458
-41.00748
-47.97735
-60.36547
-40.37476
-84.94319
-40.23340
-47.45663
-46.35249
-42.00706
-69.68515
-41.97472
-51.97913
-47.20663
-45.02734
-28.54313
-29.52063
-37.92182
-37.57074
-43.12992
-41.76261
-44.59755
-42.76949
-50.76358
-41.04934
-37.37573
-39.83684
-39.82776
-40.03350
-43.19797
-43.11646
-42.09423
-36.33767
-44.27242
-45.46695
-45.98604
-45.75123
-46.17268
-44.68350
-47.63742
-43.23413
-31.60041
-33.72726
-37.28811
-41.61105
-45.07117
-42.13304
-40.72606
-39.89090
-35.99399
-46.78000
-56.62232
-45.78912
-45.09088
-42.73649
-46.67240
-48.88543
-51.51276
-46.48681
-45.84414
-44.61475
-47.24402
-46.86043
-57.22328
-52.11501
-45.00359
-51.34681
-47.20430
-49.90113
-55.63659
-51.86983
-49.90516
-46.92533
-52.61091
-51.55788
-62.74942
-51.99561
-55.59003
-45.63426
-54.53479
-49.21137
-54.41397
-37.80871
-32.91156
-69.37572
-69.70254
-79.61280
-73.87915
-78.18162
-60.34227
-58.27704
-55.40602
-63.71165
-56.87822
-79.80749
-53.62392
-67.56400
-49.57554
-52.72976
-31.42453
-26.95659
-32.90741
-35.23407
-39.91270
-39.59538
-44.84285
-43.68786
-46.21137
-45.58907
-46.48666
-46.64848
-49.05459
-44.58376
-48.27586
-45.41926
-54.26976
-31.49609
-30.31648
-46.38929
-33.78793
-43.79635
-42.59082
-39.06465
-56.91583
-37.74255
-56.91782
-43.06622
-41.95904
-52.69928
-39.21544
-53.00268
-45.54022
-41.06320
-38.07228
-33.08032
-44.55245
-37.26785
-36.38173
-80.56636
-34.84450
-50.46588
-41.58139
-38.45083
-47.68201
-48.80856
-39.30951
-54.26493
-44.00505
-39.23498
-62.87434
-29.17757
-32.88190
-38.91406
-38.89546
-40.22803
-41.14401
-42.08606
-41.63918
-43.51018
-42.57716
-44.57556
-42.17298
-44.95817
-40.91133
-44.69331
-47.82706
-40.99819
-37.14271
-32.93093
-38.33035
-39.95411
-37.47124
-50.67567
-38.36592
-45.82790
-44.63031
-43.21482
-44.67385
-50.66519
-42.01469
-33.13111
-36.04527
-38.48922
-39.86622
-43.15597
-42.39636
-43.29305
-43.91829
-44.51050
-46.93385
-46.42977
-54.62278
-37.97289
-35.00328
-38.02886
-42.74366
-40.64154
-43.45015
-46.10464
-46.04363
-37.62028
-34.73564
-43.06487
-41.97544
-43.25467
-46.66677
-43.48172
-45.77562
-46.32405
-46.58926
-45.80452
-48.35960
-45.53608
-51.39282
-47.00780
-53.08909
-43.85061
-34.78708
-51.64316
-59.27833
-51.54207
-47.40246
-58.00368
-53.43382
-57.17678
-48.74477
-54.53048
-50.14517
-57.87860
-44.15355
-37.67088
-52.63393
-60.39135
-54.43129
-26.86075
-29.98701
-38.33851
-39.99768
-50.36678
-42.57665
-49.82621
-44.54113
-52.03700
-43.68799
-56.87720
-44.93487
-49.16086
-44.98755
-56.92115
-44.31544
-48.00555
-36.34946
-29.93951
-43.57967
-35.19853
-38.65166
-48.43453
-36.82696
-58.37802
-40.02039
-44.05709
-47.67445
-38.71108
-66.53059
-38.63459
-45.49236
-65.91109
-38.10989
-58.23738
-39.18402
-42.41925
-57.98118
-38.99942
-70.67360
-42.57173
-46.62401
-48.90621
-41.58573
-53.44317
-43.92953
-41.20311
-49.17403
-43.53684
-56.29453
-39.66108
-28.46304
-32.35379
-36.13828
-39.93201
-43.96922
-44.97370
-43.86132
-65.54991
-37.84708
-33.49785
-37.45883
-38.22438
-36.18314
-40.71713
-44.46696
-38.68555
-38.48826
-36.25395
-41.88078
-47.35827
-42.57146
-43.27442
-43.79653
-46.29573
-42.65453
-33.61746
-35.87367
-41.40829
-41.63550
-38.17088
-39.30681
-40.57381
-44.16122
-40.60973
-44.01380
-50.14658
-42.87050
-43.98525
-45.32021
-50.20407
-52.23797
-44.29239
-38.92468
-44.38093
-48.79159
-53.43814
-39.75859
-44.78945
-57.67442
-39.33265
-39.31695
-55.34747
-57.07403
-77.34535
-52.36410
-48.02130
-51.25330
-57.83801
-48.17821
-52.20602
-52.24228
-68.58647
-39.88995
-41.74011
-62.82670
-58.65411
-57.69501
-47.24096
-56.66754
-54.62524
-60.39278
-59.35627
-60.43105
-57.18080
-52.99048
-37.02370
-45.55197
-70.53946
-62.00383
-39.83047
-40.95978
-68.41278
-61.33353
-35.64079
-28.84070
-32.64817
-36.52881
-38.82223
-39.64766
-43.17732
-44.01136
-45.81514
-41.74618
-48.33195
-44.38496
-52.35256
-42.55846
-46.50651
-44.32709
-55.02729
-33.53284
-28.03490
-42.96721
-36.04829
-37.53882
-49.58649
-36.63224
-61.80804
-37.96673
-43.22674
-56.67140
-38.67153
-83.74568
-35.14242
-42.13338
-53.99241
-43.65220
-32.40908
-35.45878
-39.09712
-39.30549
-38.79172
-55.62247
-37.37720
-40.47860
-47.39827
-35.74422
-60.30579
-42.79379
-40.40043
-45.44415
-46.21378
-38.62713
-68.76792
-37.15416
-37.86121
-38.40382
-38.72179
-36.02171
-40.08748
-45.31718
-44.02316
-43.45133
-43.83182
-43.51079
-48.02104
-36.91747
-36.62366
-49.15552
-41.82885
-57.46850
-35.10863
-32.13437
-35.98223
-41.05964
-38.53878
-46.29159
-38.58778
-43.58299
-45.95216
-40.80487
-47.76476
-45.70755
-44.21916
-33.35676
-34.70920
-40.07021
-38.21656
-38.12407
-44.90859
-40.68186
-41.56053
-42.57530
-49.21771
-43.39466
-55.14526
-38.55795
-35.40738
-37.96485
-41.12420
-50.62824
-44.41146
-41.43498
-43.62794
-52.53153
-39.60787
-38.38901
-41.54583
-40.13387
-41.07732
-43.28316
-44.01045
-44.32611
-42.89808
-45.65375
-47.35173
-48.51468
-39.13166
-45.56228
-49.15598
-56.64026
-38.42848
-42.00642
-67.99988
-51.62117
-51.40796
-46.31976
-53.60797
-55.28627
-52.66913
-49.50676
-52.98878
-51.64510
-50.91397
-36.64545
-48.83264
-57.36529
-58.01784
-31.41108
-29.34342
-35.66286
-36.77400
-38.43219
-38.53304
-41.46983
-41.49330
-43.71855
-43.76497
-45.42996
-43.37157
-48.13396
-45.71024
-45.99622
-43.89871
-47.18212
-33.10287
-38.88341
-36.19022
-38.10497
-47.61976
-36.38135
-58.16926
-37.40462
-43.89504
-43.71760
-38.48040
-70.75192
-37.46602
-45.12742
-48.51221
-38.48822
-66.01811
-34.94287
-44.99171
-57.57645
-37.63293
-54.25617
-40.44006
-45.83922
-53.26100
-39.15337
-58.12154
-42.80557
-47.12643
-45.56426
-39.05991
-61.63485
-45.02453
-37.24681
-31.25844
-33.83846
-36.07780
-40.67509
-41.04843
-45.53810
-43.43010
-47.94768
-39.68357
-35.18222
-36.21367
-38.28983
-37.56971
-40.11361
-45.25621
-40.26312
-46.69763
-38.19117
-41.97894
-44.62895
-43.39903
-42.75138
-45.15461
-43.75646
-46.38431
-35.43361
-36.36358
-43.12469
-39.95083
-38.06633
-38.02527
-42.10467
-44.70796
-45.10117
-45.16910
-45.59882
-41.20700
-44.40154
-48.98310
-49.34790
-48.46006
-45.11612
-37.99975
-45.24827
-50.12411
-62.77579
-38.84566
-41.68583
-58.99488
-43.07159
-44.28456
-48.67267
-96.17178
-53.82407
-48.43554
-49.07830
-51.94985
-57.72922
-51.62244
-55.46621
-46.05975
-54.46471
-43.60431
-42.57790
-61.52129
-56.96648
-51.72608
-45.27550
-58.39775
-56.91370
-70.46979
-51.23565
-62.71304
-51.48750
-71.40467
-38.08596
-44.75642
-59.46950
-56.00773
-41.31588
-38.01496
-55.29572
-55.45682
-60.88825
-25.20801
-28.56917
-38.70668
-38.03569
-45.38405
-43.52657
-48.48095
-45.26188
-50.28087
-44.71964
-50.75974
-51.28809
-42.50894
-46.42682
-49.74041
-63.60298
-37.31090
-29.73096
-38.02145
-36.44840
-35.00718
-40.13499
-39.03020
-47.10369
-46.44409
-39.20096
-66.18174
-37.73387
-63.05756
-41.39676
-37.27513
-98.20624
-43.24485
-39.16005
-29.88914
-51.04040
-38.74527
-34.82553
-63.27368
-38.18008
-39.26025
-53.04985
-41.65721
-42.49469
-49.66020
-43.13584
-42.14293
-41.53939
-53.86146
-50.13836
-39.92087
-34.57527
-36.93000
-43.32351
-39.12138
-39.76030
-39.04843
-40.59438
-40.56186
-47.01144
-45.58393
-51.57227
-42.38267
-38.48808
-45.07185
-47.56811
-44.28909
-43.77773
-39.48734
-33.64481
-37.99775
-35.41211
-50.60899
-37.41634
-41.25103
-44.06573
-39.18221
-44.21983
-49.62637
-40.87701
-30.32920
-33.67661
-36.55113
-37.72535
-37.22135
-41.26139
-39.69713
-43.86190
-38.91130
-41.83561
-41.21255
-45.22573
-40.26892
-41.99279
-36.86290
-39.09346
-48.02326
-36.82871
-47.65857
-42.34402
-37.11332
-34.97958
-38.38479
-42.50158
-45.97454
-42.86553
-44.80765
-46.22821
-44.78280
-44.06672
-44.84652
-45.59779
-46.20715
-45.10664
-45.30216
-45.73893
-52.60018
-39.86853
-46.62885
-51.69545
-50.97228
-47.14965
-44.19861
-48.28938
-49.50487
-50.54701
-55.30311
-49.45961
-51.75423
-52.13215
-35.72278
-42.49464
-80.21528
-56.98387
-28.06698
-28.41465
-37.06215
-39.73186
-41.39245
-46.51979
-42.82151
-42.95002
-48.76670
-43.77945
-49.76622
-49.30264
-41.07748
-43.49247
-42.65167
-78.30588
-41.43573
-29.28054
-35.61166
-38.32429
-41.91540
-35.92304
-39.24673
-46.67326
-45.50647
-45.99533
-47.22254
-43.58741
-48.29174
-39.78531
-39.32059
-42.75488
-71.07935
-36.07085
-31.55405
-55.16076
-46.78627
-70.97405
-50.54791
-60.15666
-49.70605
-55.06405
-47.53235
-54.30957
-48.62807
-58.66635
-42.67915
-42.27981
-51.03153
-49.87856
-33.24075
-26.96209
-33.91575
-35.46554
-45.22105
-42.29614
-39.96829
-42.52904
-48.65625
-44.67345
-36.31569
-37.91388
-40.43489
-36.97787
-41.47456
-39.17210
-61.82458
-30.33273
-32.48036
-64.97572
-43.66343
-57.04168
-46.52601
-52.18889
-43.74310
-54.18531
-41.47155
-40.35453
-39.71107
-41.42491
-41.37059
-47.21495
-41.22583
-53.91866
-29.47245
-30.77030
-65.55465
-86.56801
-41.48017
-39.74454
-55.35514
-51.38463
-44.70746
-40.63407
-46.97306
-59.00870
-44.79931
-41.75069
-50.46811
-49.10218
-58.15317
-26.30808
-31.71333
-62.14593
-57.23642
-64.19309
-55.07593
-69.39229
-64.24378
-51.90803
-54.44459
-50.25446
-71.62335
-43.13505
-40.32194
-50.88171
-55.57426
-42.34023
-27.67699
-39.87698
-51.90955
-62.67421
-61.79011
-63.35929
-53.95873
-50.17581
-37.04144
-35.33071
-58.96730
-56.59373
-46.93332
-41.53270
-50.20460
-45.32507
-34.20602
-25.03603
-32.08426
-33.63691
-39.24455
-39.11617
-43.51150
-42.05620
-45.22640
-42.05180
-40.98124
-44.99529
-49.85583
-44.85859
-47.47110
-40.15578
-50.87008
-31.11141
-26.44347
-43.70378
-38.49351
-46.40120
-41.05610
-47.85358
-44.88075
-45.19990
-42.48621
-44.51311
-43.42484
-45.59507
-40.29712
-47.86505
-52.93067
-46.23310
-32.52475
-28.21297
-36.98031
-41.13739
-38.80802
-42.40157
-42.17157
-44.93488
-43.49277
-35.22798
-50.23239
-45.47924
-45.40180
-48.31607
-41.86413
-49.71473
-48.28760
-32.82085
-30.02633
-39.38493
-64.46091
-40.39523
-49.95650
-44.53349
-44.44605
-47.57266
-49.47863
-41.93637
-48.55746
-40.74638
-34.87752
-42.45034
-58.10553
-42.27829
-31.52739
-69.94472
-67.88591
-53.49979
-45.88127
-48.54152
-46.96701
-50.32466
-48.00178
-48.27656
-43.88875
-63.99172
-39.49331
-29.54778
-32.35380
-38.26600
-33.60851
-26.35922
-42.18601
-43.36569
-51.54594
-47.51245
-44.67260
-49.49280
-51.46310
-41.30938
-32.88453
-36.63557
-38.04636
-44.06072
-38.59799
-43.84607
-45.32194
-44.86408
-34.18681
-36.13640
-42.87190
-40.75533
-42.56666
-45.25927
-43.31270
-45.47634
-38.94349
-41.31682
-47.68887
-52.46542
-43.27579
-42.52177
-49.03945
-53.12999
-38.90983
-34.42962
-47.03376
-53.72496
-55.23220
-47.94501
-51.28722
-51.89087
-53.40792
-48.89445
-52.58492
-49.69732
-63.13476
-41.57125
-50.82749
-49.60260
-48.75286
-30.31107
-24.97463
-35.11193
-38.21130
-42.93991
-37.24105
-38.92023
-44.30076
-47.16592
-53.72125
-47.85143
-54.83957
-44.30351
-40.87419
-41.47654
-52.96152
-49.39213
-32.88340
-32.36063
-41.00807
-39.09455
-41.63172
-43.23118
-34.75824
-52.49765
-43.28317
-42.13257
-54.44608
-44.43406
-56.80619
-39.62740
-38.91251
-52.23201
-39.70694
-31.05305
-41.94639
-48.75992
-80.50168
-42.40839
-46.22326
-62.20877
-51.05624
-47.61240
-53.46462
-49.40061
-67.65128
-46.24733
-41.85110
-49.73047
-56.96308
-38.53121
-27.43476
-32.40655
-35.73873
-39.71265
-38.56320
-38.99544
-42.81636
-45.64418
-48.68258
-39.10078
-38.51318
-44.75241
-35.18496
-36.18234
-43.81213
-53.84259
-34.29564
-32.85472
-49.48941
-45.34556
-58.46693
-40.33015
-42.94817
-46.39734
-57.35411
-44.86020
-41.03798
-43.56354
-44.40969
-42.81955
-69.82092
-47.93354
-60.58226
-32.11737
-33.08702
-54.82378
-50.92941
-39.40934
-37.02516
-50.91218
-58.89679
-56.65236
-42.13707
-61.23788
-48.49158
-74.72259
-37.31556
-40.08434
-49.64827
-52.63369
-29.47741
-30.69314
-54.99908
-63.49579
-48.07420
-40.53457
-49.09003
-55.18973
-55.92765
-58.36064
-64.12185
-89.05393
-49.75477
-34.85215
-42.11237
-52.61857
-67.42380
-28.51605
-34.99926
-61.57044
-66.01074
-52.73680
-42.22276
-51.73442
-58.27595
-45.83950
-40.75502
-63.94314
-57.98135
-46.32175
-31.63413
-44.72185
-55.59823
-46.00466
-27.81121
-28.13019
-34.56616
-38.16556
-34.67428
-33.29222
-38.69768
-46.11159
-45.03825
-52.95742
-48.95562
-50.34716
-46.85573
-59.01693
-46.30606
-56.31022
-34.43947
-25.87584
-37.38431
-37.80048
-44.25781
-39.71001
-43.18144
-46.12202
-46.73289
-46.18478
-47.36295
-47.86470
-46.75542
-47.07908
-45.58260
-44.34785
-44.50961
-40.50988
-29.22801
-34.01819
-41.20347
-39.79906
-41.34451
-42.66623
-45.50533
-44.73540
-43.86473
-45.08099
-45.93442
-49.44981
-42.31856
-41.68144
-40.45447
-50.34935
-30.73173
-28.35175
-44.46122
-52.13647
-41.20683
-43.26126
-53.25929
-43.28495
-47.74872
-46.87635
-40.31594
-42.22262
-42.59987
-34.24679
-36.36429
-44.84123
-56.86566
-29.78573
-35.71951
-61.46790
-46.76418
-45.89361
-47.34699
-51.66039
-64.15964
-41.64896
-38.93338
-59.21110
-50.19986
-55.94226
-32.25883
-30.84406
-35.79696
-37.02680
-27.40676
-35.84779
-46.31442
-45.12768
-43.78345
-44.14776
-47.14973
-53.95540
-44.53107
-33.83712
-36.38202
-38.91105
-43.17895
-35.33462
-45.32053
-52.78782
-40.97488
-32.37382
-36.42928
-44.61281
-44.06084
-43.43172
-44.35184
-43.49119
-49.45933
-44.08737
-42.05670
-48.00999
-54.20526
-50.22813
-62.32536
-48.77852
-62.06533
-37.36255
-31.87481
-50.21185
-52.92897
-54.21001
-44.72971
-57.18463
-53.52436
-60.69948
-49.59482
-69.60575
-48.75304
-57.11917
-34.78056
-36.44049
-51.85865
-51.73419
-32.95908
-26.91394
-36.29969
-36.78042
-41.00960
-36.36586
-40.29475
-43.21060
-51.59087
-49.32241
-53.56236
-50.19309
-50.23563
-55.04727
-66.69135
-52.70218
-52.78700
-35.81615
-30.28127
-36.81877
-38.84623
-39.93680
-41.33292
-42.78549
-47.68298
-45.61035
-51.44592
-45.57636
-48.34611
-49.68443
-46.48763
-87.23913
-44.96698
-52.74246
-33.59735
-34.98201
-52.90822
-49.05594
-55.27513
-57.87794
-41.53931
-54.97275
-50.37563
-48.36243
-54.24375
-57.99205
-51.42223
-38.31175
-42.31672
-61.08426
-56.84619
-28.05671
-30.03859
-36.68027
-39.65853
-38.20680
-34.87406
-39.30190
-46.96928
-54.22522
-41.07177
-42.38949
-46.08236
-37.53414
-38.77124
-44.14696
-44.74508
-38.22519
-34.54570
-41.58476
-47.80309
-50.28683
-40.23343
-44.56645
-48.42426
-56.89824
-47.37526
-40.32736
-39.24826
-41.90247
-42.86143
-48.15692
-46.77842
-51.02656
-33.95413
-41.30664
-63.83845
-37.99786
-39.46867
-38.69428
-49.98214
-46.35801
-49.74565
-38.92355
-44.94801
-47.63003
-56.49422
-41.47582
-40.37328
-45.08285
-51.67661
-31.29758
-32.00986
-49.84139
-50.54017
-50.60320
-45.52318
-48.44262
-53.46279
-65.46352
-54.66840
-59.11257
-52.83939
-77.15962
-35.85562
-36.93769
-44.83070
-48.80273
-28.85476
-34.26774
-47.06317
-39.91410
-39.67300
-37.52255
-45.47455
-47.33383
-45.59890
-40.88068
-47.93894
-48.37189
-47.63183
-36.79911
-39.74886
-63.07657
-47.92543
-26.32399
-30.60030
-40.42736
-37.03713
-44.85060
-46.39155
-45.22447
-42.49938
-42.36721
-41.94438
-48.29984
-46.02489
-48.41584
-40.53545
-44.45960
-50.95080
-43.14330
-33.85760
-35.92760
-40.62485
-40.63469
-36.61199
-39.34882
-40.82793
-44.19027
-41.49325
-47.53867
-42.81785
-49.16283
-38.50537
-36.24562
-43.63710
-50.17940
-35.26242
-27.18995
-37.29180
-42.80570
-38.95551
-48.89721
-38.46146
-36.99519
-56.79141
-39.22156
-45.01876
-42.66072
-74.09839
-35.55252
-45.49059
-47.03333
-47.96953
-34.73793
-34.46222
-56.48770
-34.26278
-53.69027
-44.64152
-41.65695
-37.20098
-45.39761
-43.78183
-41.62212
-41.48056
-43.35363
-37.25816
-34.69435
-42.25211
-50.30345
-30.51210
-32.30875
-51.04795
-50.85755
-55.11568
-45.35615
-45.32984
-46.56703
-46.17580
-39.69661
-65.05038
-45.28986
-60.21958
-30.46442
-30.76055
-35.65593
-37.41602
-39.45840
-33.04080
-39.20106
-46.21380
-40.46573
-41.82252
-44.83276
-50.54349
-47.55692
-33.46707
-33.82954
-41.36016
-37.95258
-32.33967
-39.71556
-55.73879
-40.13547
-31.62479
-38.13630
-44.72450
-41.07743
-63.77104
-73.54186
-62.35525
-43.78712
-37.84621
-39.26433
-41.84040
-52.00700
-41.59191
-42.80311
-40.24137
-55.04182
-36.86254
-30.02635
-40.53655
-36.90899
-45.41965
-43.66120
-36.80923
-44.53119
-59.03048
-40.68891
-49.70983
-45.95273
-51.50020
-43.39313
-41.36884
-42.04847
-49.10417
-33.32320
-28.79893
-40.79472
-40.11323
-43.61639
-40.03581
-42.88198
-42.08040
-48.92087
-44.14148
-49.01424
-46.51374
-55.79620
-44.11649
-42.67040
-40.16715
-58.04222
-33.32849
-30.34068
-42.94431
-40.12112
-46.10105
-38.52989
-40.83044
-51.43134
-46.02416
-40.80984
-50.99766
-44.53312
-79.65623
-42.64117
-40.52955
-53.53403
-51.63168
-32.35042
-38.51388
-78.18034
-96.70457
-43.77050
-38.84239
-62.56455
-47.24221
-65.77040
-53.09981
-53.53643
-66.55110
-48.63506
-42.26298
-44.70357
-43.27065
-53.63327
-27.67257
-29.64233
-37.54452
-37.97224
-41.03497
-46.91180
-69.73428
-43.34190
-53.27815
-38.94323
-39.12321
-39.45821
-43.48879
-35.94236
-38.21081
-63.70490
-41.71399
-31.93694
-40.96880
-57.85439
-49.90052
-47.63671
-46.07323
-48.14684
-52.23089
-48.47091
-40.63802
-38.18610
-45.40926
-35.42804
-34.03014
-37.71808
-51.65296
-36.17221
-29.50803
-38.48808
-47.90890
-59.74318
-38.07940
-38.55921
-44.35248
-59.19103
-41.74988
-46.86736
-52.22522
-55.34507
-36.97688
-37.27862
-42.86423
-57.41413
-34.06788
-30.78534
-65.83721
-45.93171
-52.12387
-50.29491
-53.27552
-52.51245
-79.05894
-45.86161
-54.28559
-51.94159
-62.50173
-41.65672
-44.43558
-54.44459
-49.47384
-31.50312
-28.16614
-38.12147
-50.47324
-52.83874
-47.68416
-40.58319
-44.45587
-43.77117
-35.62805
-44.41083
-53.03726
-49.71990
-38.82892
-45.81451
-41.69366
-49.96966
-26.89474
-26.57519
-35.98091
-39.43630
-42.18643
-38.28693
-41.33258
-45.86796
-46.91527
-41.27845
-43.99276
-52.75806
-47.12622
-53.07287
-68.18549
-57.19344
-46.46188
-25.44886
-34.58747
-45.86516
-40.13678
-35.96067
-36.54158
-44.04628
-42.67657
-44.27479
-41.42059
-45.36364
-44.25635
-47.28337
-35.71322
-35.94075
-57.38561
-39.11382
-29.64542
-37.69221
-37.02736
-40.47806
-38.98782
-47.90978
-42.51555
-40.54603
-48.88415
-45.51264
-39.27590
-48.02146
-40.49028
-40.10122
-46.65184
-58.42324
-36.20173
-28.87328
-36.77439
-44.86463
-48.27244
-46.93645
-43.29525
-36.93561
-47.22055
-43.92456
-43.66654
-40.88557
-45.00645
-37.87823
-39.68313
-38.32935
-73.57040
-33.88188
-35.11687
-48.95202
-48.01045
-49.89906
-40.77535
-46.39126
-45.55980
-51.09888
-35.94608
-51.25318
-47.03054
-57.77614
-34.91563
-30.59223
-33.96684
-41.38589
-29.20962
-31.78733
-47.86782
-42.62141
-41.48288
-36.43459
-43.78873
-46.19906
-50.62597
-34.51224
-34.86311
-38.31142
-38.94411
-30.22645
-48.36415
-51.27474
-43.77951
-38.87189
-36.92406
-43.98390
-40.82052
-42.48764
-43.19550
-51.12526
-42.17148
-46.59478
-47.91488
-47.37107
-47.08248
-42.24277
-36.45321
-43.53887
-47.25746
-48.38338
-35.20169
-33.04107
-38.35181
-40.14304
-31.25486
-36.30587
-71.72973
-41.67863
-34.14319
-39.83662
-51.69093
-60.52545
-37.22168
-33.31853
-56.84290
-45.21595
-57.44581
-58.87888
-61.31558
-64.16869
-67.68972
-72.56400
-81.57179
-86.87356
-75.47316
-72.22708
-68.68362
-69.45060
-65.16436
-68.58086
-64.55039
-69.72133
-63.46569
-70.70114
-61.00183
-76.86768
-60.57311
-81.24156
-62.65953
-77.40770
-60.91713
-98.05233
-61.23404
-76.17315
-62.58244
-73.94849
-59.78709
-73.11741
-58.22744
-59.59698
-44.22634
-31.20461
-34.06546
-36.55409
-38.72812
-40.64032
-40.48166
-42.05734
-42.63224
-43.72890
-43.83976
-44.39099
-44.74566
-45.06924
-45.87229
-46.22340
-45.16963
-48.11139
-46.34136
-46.51954
-47.99012
-48.48981
-48.57421
-49.24824
-48.90630
-49.30503
-48.67199
-50.69527
-50.06535
-50.43977
-51.63027
-51.82071
-51.41400
-51.72313
-51.60990
-52.73638
-52.90410
-53.42547
-53.68662
-54.20504
-54.36760
-53.17858
-54.09064
-55.09394
-54.63708
-54.88076
-56.52530
-55.53564
-57.39891
-56.50867
-58.65343
-53.39125
-61.61791
-54.27196
-72.64894
-54.13565
-71.11057
-51.81889
-55.49212
-38.72196
-28.84743
-31.92653
-34.16457
-37.07883
-38.45804
-40.28723
-41.98040
-42.58456
-42.96519
-43.55775
-43.99411
-44.89150
-44.77674
-43.59445
-45.20060
-46.14699
-49.24642
-44.35493
-44.87459
-44.86070
-47.19474
-47.44413
-47.72462
-46.27986
-46.85651
-47.99145
-47.75034
-48.26479
-49.39487
-48.67994
-48.67028
-49.84131
-50.80613
-50.90462
-49.63816
-50.78025
-51.22396
-50.87021
-51.58291
-52.68740
-51.43644
-53.55087
-52.55755
-54.13921
-53.04309
-54.45588
-54.59211
-55.22954
-55.45003
-54.15059
-55.40112
-56.97066
-56.00447
-56.62235
-56.75027
-56.50295
-57.25240
-58.55930
-56.98811
-59.97468
-58.98424
-59.64865
-57.71646
-59.67640
-59.24345
-60.15730
-61.04220
-60.28496
-62.85354
-60.20201
-64.61042
-60.90985
-78.57160
-56.56338
-62.74956
-35.70387
-32.15995
-36.05039
-37.77143
-41.23838
-41.28339
-44.29010
-43.54368
-45.04153
-45.85149
-45.58104
-45.41754
-46.85585
-47.32943
-47.80637
-48.20833
-48.03456
-48.93003
-48.71697
-48.92951
-48.65178
-49.96390
-49.60018
-51.02399
-50.92784
-51.36523
-52.10884
-52.37289
-51.94645
-52.54271
-51.80620
-51.63162
-54.95951
-53.87222
-53.69350
-55.15138
-54.03868
-55.17187
-54.18099
-55.98898
-55.60693
-58.19061
-55.98407
-58.04212
-55.82528
-57.39887
-56.60847
-60.85510
-58.68365
-60.08596
-54.47259
-55.70701
-58.59642
-58.67052
-60.26921
-58.97323
-76.19492
-55.79432
-63.92598
-33.58431
-30.73414
-34.72748
-36.40772
-39.70063
-40.12664
-41.80029
-42.36284
-43.35806
-44.15453
-45.04698
-44.28291
-46.00518
-45.90402
-45.80030
-44.34201
-50.13730
-56.32043
-50.02490
-51.80776
-50.59123
-50.59631
-50.36425
-48.85039
-51.46193
-50.81673
-50.16721
-50.33006
-49.18430
-52.14458
-50.71097
-52.70054
-53.69248
-52.42796
-52.04721
-53.55493
-53.13773
-52.85748
-53.73177
-56.10651
-53.94855
-55.25506
-55.63811
-55.03369
-56.52179
-57.46476
-55.93172
-55.52163
-58.26843
-57.89496
-56.53270
-58.89944
-58.23806
-59.68007
-59.91480
-58.54459
-60.48027
-60.28186
-63.00514
-59.93731
-60.34851
-58.34332
-66.36564
-61.08136
-66.03561
-58.53551
-68.30559
-60.48844
-71.83489
-57.45390
-67.43527
-61.65282
-106.45111
-60.20794
-83.69022
-48.37635
-30.89787
-31.84608
-35.40468
-37.01929
-40.12800
-40.51055
-41.65737
-41.59469
-43.32874
-42.48276
-44.04977
-44.67263
-44.04811
-44.53425
-46.26750
-45.57699
-46.51466
-46.02320
-46.35680
-46.75831
-48.25293
-48.28063
-47.87638
-48.18923
-48.75528
-48.06694
-49.04288
-49.78241
-49.84176
-50.20378
-50.37467
-51.03504
-51.63149
-52.02878
-52.54705
-51.67358
-51.81268
-53.09722
-52.95600
-52.93504
-54.02752
-53.96089
-54.49176
-54.63566
-54.35544
-56.03115
-54.59179
-58.44544
-54.85046
-59.83227
-50.83582
-57.94028
-52.63707
-61.29130
-54.19153
-79.46045
-53.62194
-60.03547
-42.96974
-29.15260
-31.38620
-34.75869
-37.00680
-38.12875
-39.65686
-40.80272
-41.12702
-42.56232
-42.47041
-44.89147
-43.99716
-44.33577
-44.21916
-45.65296
-45.40445
-49.48655
-44.94320
-45.27666
-44.72805
-45.60970
-46.46445
-46.82583
-47.39390
-46.48092
-48.76191
-47.35093
-47.95747
-48.98095
-48.90186
-48.96064
-49.93840
-49.28129
-49.17557
-50.82770
-51.33695
-50.91739
-51.16633
-51.78333
-52.23991
-52.63444
-52.52531
-52.25628
-52.16757
-53.55440
-54.49603
-54.02141
-55.13519
-53.74294
-54.62249
-54.77235
-56.73861
-54.35736
-56.72617
-56.30301
-57.71038
-57.96449
-59.33220
-54.34253
-56.27079
-59.01858
-58.84578
-60.57363
-59.66468
-61.25758
-58.10481
-62.73490
-58.98516
-66.61304
-59.36439
-81.95188
-57.15258
-73.58828
-53.89487
-55.29425
-38.09284
-31.13418
-36.03759
-38.19941
-40.65256
-41.13125
-43.16138
-43.77384
-45.49573
-46.29283
-46.14109
-47.00116
-47.66172
-47.32319
-46.70506
-49.67972
-48.08435
-49.03543
-47.80178
-49.60126
-49.51583
-51.01557
-50.45962
-51.18199
-50.44262
-50.39632
-53.04757
-50.83913
-51.62914
-52.14483
-53.12017
-53.90048
-53.03779
-54.25190
-54.63929
-55.01703
-55.02730
-55.07159
-54.13081
-56.03165
-55.43025
-57.16083
-55.62374
-56.89477
-56.05226
-57.39798
-56.62081
-59.12301
-58.81144
-59.65353
-53.84939
-51.98364
-57.48644
-54.15253
-66.14195
-55.44080
-91.20360
-55.14891
-57.69789
-35.29108
-30.00296
-34.29274
-35.99603
-39.25362
-39.77367
-40.96644
-42.50874
-43.57610
-42.15866
-43.45696
-44.34535
-44.92140
-45.34086
-45.53042
-46.54872
-46.96056
-58.03243
-51.72631
-48.57273
-48.38404
-49.76987
-47.65588
-48.95813
-48.90818
-49.00922
-50.47514
-49.56842
-51.93707
-50.41646
-50.27042
-51.62483
-51.54699
-50.76155
-51.62396
-51.84014
-51.86067
-51.99705
-53.24681
-53.63836
-54.19991
-53.90357
-51.11523
-52.18463
-53.51798
-54.42246
-54.94551
-55.98370
-56.79247
-60.59596
-56.80445
-57.15776
-58.07771
-57.68408
-57.44801
-56.94343
-58.40378
-58.56996
-60.82723
-60.10717
-62.29096
-59.59634
-62.87182
-59.36069
-62.18724
-59.82424
-64.43887
-59.68690
-65.28214
-60.77460
-63.43691
-59.64074
-60.89257
-61.17630
-66.22409
-66.41874
-88.10816
-84.89672
-75.40333
-100.33274
-68.66808
-75.18011
-66.20624
-69.47734
-64.49374
-66.30733
-62.13182
-65.13354
-60.72034
-64.42681
-60.15954
-63.80198
-58.93301
-70.27010
-59.86188
-70.44521
-62.09018
-78.24411
-67.34498
-75.27390
-78.92421
-62.73919
-63.24679
-57.12672
-55.20976
-51.70711
-49.47144
-45.70185
-41.18763
-26.56611
-28.01208
-48.25562
-51.95862
-71.11639
-37.25242
-42.48318
-66.58319
-69.68504
-69.02285
-65.97263
-61.53419
-56.93287
-31.24164
-33.02253
-46.45952
-51.85138
-30.39503
-36.01503
-54.48426
-69.99853
-49.34644
-40.30916
-44.32105
-62.55372
-46.77430
-41.38026
-78.00212
-64.59331
-55.20984
-34.19214
-40.41998
-64.61840
-48.70522
-27.46472
-38.96501
-59.21335
-64.70862
-53.35166
-46.42720
-55.40364
-71.73462
-73.89054
-63.86858
-58.44356
-53.30360
-43.88671
-32.80934
-39.85161
-58.81869
-42.52768
-28.25258
-46.01899
-61.94509
-56.67884
-37.39244
-38.24738
-54.64839
-58.33742
-42.07089
-44.51403
-87.32131
-54.92942
-40.97887
-33.66406
-40.73537
-48.89961
-36.74960
-29.27101
-58.44175
-55.98122
-58.64984
-41.10992
-41.99923
-57.12067
-62.55163
-60.23948
-56.87273
-53.00299
-47.99309
-33.01411
-34.05926
-47.48833
-47.02955
-33.03282
-30.85669
-57.72944
-56.69391
-60.12668
-38.75172
-86.12442
-59.89475
-61.19643
-43.52313
-62.38150
-61.09521
-53.64459
-38.79873
-41.69478
-49.99508
-48.15065
-28.90727
-30.67720
-47.85466
-50.06697
-54.00586
-49.89709
-56.28291
-55.15365
-61.17637
-64.60879
-67.41034
-70.58885
-67.74428
-34.39996
-36.09810
-44.67705
-52.69318
-28.52210
-35.96545
-61.55479
-65.39155
-44.28120
-36.37453
-43.95069
-61.96943
-49.87339
-45.23101
-66.90944
-58.82714
-48.65078
-28.44407
-34.21878
-57.30940
-45.38953
-28.66356
-42.60468
-70.14292
-66.29053
-49.24690
-46.50412
-50.26354
-52.01654
-40.98481
-38.53000
-56.84599
-50.55008
-40.96996
-35.23502
-45.04883
-46.54036
-37.15522
-27.46276
-49.62146
-55.17281
-62.93130
-35.12837
-47.83452
-69.02875
-73.51670
-62.27106
-56.75950
-52.26268
-47.28096
-35.34634
-31.81529
-43.16720
-42.79400
-31.57257
-27.06248
-46.30442
-48.47730
-51.76159
-45.08298
-47.70373
-50.08017
-54.59363
-38.76871
-51.96875
-57.51430
-50.94156
-36.66204
-35.71807
-43.61570
-46.25842
-31.07005
-28.86246
-62.55701
-68.03049
-45.03638
-34.84614
-50.75533
-53.21895
-58.13729
-59.86436
-59.45750
-57.08875
-53.83225
-29.95517
-35.02974
-57.85432
-52.90667
-28.90193
-33.12465
-50.18504
-52.47700
-72.04484
-43.86280
-56.14325
-85.03224
-52.24056
-37.27582
-55.22829
-63.28035
-54.57180
-32.17913
-40.15342
-58.81390
-58.07934
-27.84618
-37.43514
-56.51813
-62.44317
-49.17667
-43.89457
-56.28577
-60.98241
-70.55851
-73.00492
-62.22188
-56.01353
-46.19368
-32.84495
-38.39067
-65.58492
-43.95035
-26.38964
-39.71363
-67.95971
-75.11418
-52.19458
-43.09129
-46.62600
-53.17588
-40.36237
-43.63909
-58.26889
-49.07546
-37.57960
-31.75664
-40.21226
-81.35292
-39.37430
-27.77423
-47.26298
-57.77565
-75.32822
-33.90120
-38.14229
-42.61511
-43.44703
-59.75874
-62.46621
-70.58083
-62.95380
-37.38742
-30.38760
-35.86677
-46.62065
-33.94110
-29.89067
-41.78785
-39.72697
-41.89693
-38.08391
-40.86008
-40.26584
-43.38367
-41.69981
-44.86531
-44.93250
-49.81795
-39.61445
-40.48765
-43.66823
-68.23209
-32.52423
-39.29600
-64.87733
-56.10432
-41.71081
-34.57859
-49.18162
-40.13544
-41.84434
-37.57168
-50.72032
-43.77117
-49.12126
-38.12329
-35.09259
-48.45507
-66.06717
-31.60370
-42.01457
-56.83802
-64.44706
-48.64016
-35.65587
-53.81143
-55.69466
-49.57560
-101.37451
-46.96077
-55.44013
-40.42861
-33.18059
-50.34410
-47.35568
-49.01819
-30.84124
-40.13086
-59.14546
-45.13390
-55.29446
-56.61369
-59.87593
-38.74398
-36.13068
-33.02326
-35.27127
-40.44208
-37.62968
-43.16672
-38.52119
-41.59940
-41.43365
-32.92751
-65.71381
-51.82157
-63.34371
-47.41749
-47.85788
-42.22694
-46.99602
-46.74593
-41.01121
-39.81486
-45.13027
-37.75751
-36.65604
-38.77762
-50.05953
-39.23854
-31.35682
-52.15202
-62.45065
-74.03083
-37.58417
-36.54458
-45.90390
-56.16276
-44.03623
-50.43574
-63.35046
-59.03539
-45.04895
-35.02910
-36.48461
-46.85978
-32.63190
-31.84127
-57.64595
-60.90053
-65.56301
-38.45048
-39.60065
-55.51521
-67.44050
-64.29009
-67.15329
-56.00764
-56.57758
-33.96886
-35.76400
-49.12735
-49.58974
-31.01212
-34.74441
-59.44196
-58.77529
-55.64057
-42.14628
-49.90174
-63.05804
-51.33811
-39.38669
-51.82143
-57.24998
-52.36613
-39.79856
-44.04233
-54.87931
-58.70963
-28.21127
-33.86191
-41.85962
-39.79439
-38.27938
-38.17905
-37.98032
-42.90216
-37.33888
-35.46121
-45.79328
-46.49316
-55.42804
-68.58946
-59.37101
-66.93547
-41.23156
-26.39867
-42.71393
-62.92747
-60.16217
-37.97325
-35.32056
-42.04715
-41.47338
-45.04857
-42.51932
-45.36088
-47.35817
-42.39151
-36.94750
-42.21023
-46.38693
-43.66451
-33.64486
-39.90687
-47.49220
-45.07140
-36.60329
-49.78850
-35.21841
-38.72863
-66.34776
-37.03062
-42.05305
-54.75911
-42.45006
-39.09901
-48.28618
-66.21304
-35.56101
-35.40699
-43.62034
-55.09463
-62.77831
-39.72411
-48.74721
-41.73318
-43.71215
-47.33321
-42.03509
-41.93424
-47.81876
-37.91711
-41.16214
-50.06339
-74.81197
-33.40907
-43.44984
-55.11662
-64.92514
-54.74582
-37.74093
-38.33050
-42.97428
-51.33379
-40.30699
-54.50435
-50.26503
-75.98781
-32.35190
-30.08580
-34.12207
-41.86501
-27.29634
-36.68666
-49.97569
-57.96214
-43.53451
-34.90958
-46.10157
-41.79894
-52.26328
-34.38649
-34.86859
-37.77614
-36.64551
-28.58748
-45.49932
-47.97460
-44.11305
-47.42089
-40.40908
-56.31436
-46.18582
-39.28228
-35.65261
-40.84057
-43.65559
-41.28644
-43.67918
-52.19429
-45.49559
-46.58575
-35.45141
-38.41796
-48.18077
-58.26251
-38.56775
-42.53329
-74.79030
-60.99238
-40.85026
-44.16686
-51.06630
-45.90557
-50.36003
-52.47690
-51.16224
-72.29048
-38.71720
-35.68553
-45.90001
-66.16915
-40.72031
-30.87617
-43.54475
-49.78170
-47.19452
-39.80086
-36.44274
-41.12863
-42.08094
-50.63401
-45.86943
-57.01904
-49.26107
-47.02136
-44.55599
-51.06877
-65.82319
-33.84466
-33.39299
-51.48843
-42.91416
-38.92395
-60.05930
-30.85004
-34.49054
-74.29740
-34.20515
-51.30193
-38.54420
-42.75964
-47.89964
-31.10974
-43.84587
-65.14229
-34.56161
-47.00575
-53.56477
-58.56752
-40.04935
-38.05908
-60.48677
-42.37666
-64.25210
-44.84819
-46.83933
-51.96068
-40.14422
-49.21987
-42.69925
-53.96397
-52.88784
-29.08414
-33.87024
-43.09963
-46.12529
-35.93009
-32.62383
-39.24592
-37.67460
-44.63484
-48.84972
-41.99220
-43.68094
-42.00509
-38.27802
-39.12989
-53.65820
-40.57931
-31.35709
-41.12556
-61.35090
-101.72605
-48.79876
-41.08782
-40.38977
-52.46788
-44.25437
-42.45801
-38.83297
-49.78543
-35.06176
-33.48574
-39.09137
-45.95974
-42.98097
-31.54853
-50.05318
-86.99516
-89.05163
-35.13378
-37.20746
-43.58475
-54.37180
-45.74684
-60.02906
-46.72642
-52.74663
-37.28891
-33.72174
-41.28745
-54.21592
-36.15691
-27.62272
-62.79005
-56.82120
-58.26345
-45.13194
-44.16927
-54.96678
-72.47840
-52.33234
-59.48604
-57.64377
-61.96149
-39.62071
-40.84584
-46.98189
-46.64808
-32.36979
-30.63085
-75.24443
-54.43303
-58.96476
-48.44831
-47.17010
-61.02587
-57.08540
-37.56532
-59.52474
-59.34779
-53.42542
-31.30044
-35.63919
-58.34084
-72.03249
-34.23270
-32.14299
-38.96694
-40.59449
-35.95669
-31.43224
-35.28116
-42.57852
-43.58130
-39.36267
-52.53555
-48.35275
-47.41947
-53.38260
-70.75524
-54.62851
-50.38450
-27.57142
-34.19833
-51.49169
-48.37000
-42.43454
-34.13147
-37.01636
-36.71879
-39.65809
-45.27211
-58.87284
-47.50988
-42.18612
-35.47086
-37.03788
-45.15629
-46.64016
-42.82303
-40.16438
-36.69477
-62.23644
-34.14318
-37.58884
-64.07149
-36.04442
-38.87806
-59.73526
-34.62013
-44.96179
-51.84554
-37.01716
-43.94342
-71.85782
-37.08466
-29.22961
-44.21305
-68.06077
-54.38162
-47.89356
-45.02979
-37.18006
-42.14988
-43.04763
-46.13280
-41.40313
-43.71042
-37.71743
-33.77693
-37.18728
-47.21765
-37.94372
-40.80279
-62.22036
-49.63906
-51.25594
-36.47183
-37.62206
-41.98316
-52.78024
-34.67420
-43.54645
-44.91749
-61.59795
-35.16109
-31.66550
-35.66629
-38.51583
-35.10219
-37.30603
-48.04053
-49.51603
-47.57866
-36.50959
-39.48361
-45.33794
-43.94921
-35.04636
-37.74966
-33.81864
-47.90229
-34.35011
-39.57869
-56.80245
-38.89899
-39.09339
-42.19866
-61.66009
-54.19154
-50.66489
-42.47349
-43.35922
-42.41302
-45.68383
-41.39807
-45.68809
-49.04145
-47.00914
-40.77309
-51.59725
-48.52041
-50.79269
-31.37295
-38.86610
-63.01456
-76.28784
-50.21339
-44.42184
-47.54465
-44.51962
-52.20711
-61.63450
-49.09064
-66.45166
-43.42505
-30.00990
-42.24849
-98.88415
-48.19436
-29.37950
-36.58388
-49.82832
-41.34833
-36.80404
-33.64589
-36.94540
-40.71511
-46.79826
-42.02340
-52.28270
-41.90392
-46.11943
-42.28139
-44.61591
-52.48213
-36.93965
-32.24527
-74.29909
-41.06941
-107.95149
-40.24219
-33.72249
-46.54043
-34.53712
-47.84465
-38.62271
-40.37271
-58.33642
-37.41486
-50.38836
-39.99581
-42.89091
-38.97770
-33.86760
-48.87147
-43.51551
-47.87000
-56.42154
-35.26974
-43.22560
-49.33531
-42.84558
-56.92637
-41.72991
-65.32583
-42.34491
-35.05050
-46.39631
-73.47132
-35.92655
-39.63732
-47.89572
-51.70554
-38.30591
-30.79719
-35.06609
-42.52361
-51.21652
-48.40806
-43.34283
-44.94054
-45.00102
-45.33189
-42.16500
-43.81156
-55.43529
-36.08893
-45.32769
-53.31413
-58.43470
-48.55628
-42.52825
-40.44721
-50.51972
-50.15609
-38.86765
-37.78314
-41.65072
-40.42995
-34.94629
-35.04023
-45.97931
-42.87992
-31.89616
-85.44113
-57.22626
-64.97186
-39.25542
-36.80935
-39.73367
-50.72085
-46.63429
-44.21220
-54.59783
-79.70521
-44.64079
-36.01885
-37.13166
-49.58533
-38.41922
-27.86337
-51.57296
-66.71652
-65.74645
-41.65838
-40.20617
-50.45463
-65.29352
-57.20208
-58.61822
-53.12484
-48.94878
-36.87819
-31.94283
-41.27165
-50.22283
-37.64961
-30.26078
-57.47003
-59.97356
-66.47912
-40.19752
-40.83229
-62.26962
-65.56568
-37.87312
-52.92751
-66.97867
-70.33437
-40.58161
-33.59122
-41.42495
-47.84957
-32.92407
-31.16640
-44.60069
-43.43912
-46.96000
-38.03677
-41.57720
-46.50400
-49.94496
-47.20082
-58.91367
-50.90520
-54.43504
-41.65265
-49.03571
-45.14350
-64.78548
-31.46963
-33.16368
-57.19593
-51.93937
-43.58647
-35.30091
-41.39050
-45.60157
-51.55242
-61.77018
-47.21561
-43.61028
-36.23560
-30.27016
-41.81279
-59.27370
-56.53363
-36.60393
-42.37732
-38.77594
-73.25863
-45.44982
-27.92516
-42.60573
-53.49142
-37.48467
-57.38777
-44.86744
-50.55186
-46.16445
-48.90959
-37.40654
-47.00396
-59.38511
-28.19983
-39.91520
-53.35925
-50.40072
-41.16587
-38.66574
-37.16646
-48.89558
-55.18301
-58.40601
-49.51853
-54.05584
-42.06593
-33.57566
-41.87684
-61.36271
-40.67785
-32.59162
-42.61255
-49.47534
-63.31379
-47.67235
-46.66158
-44.90984
-80.02466
-39.93803
-42.61860
-51.37260
-54.52268
-39.04920
-33.33246
-36.53895
-42.77566
-34.37789
-30.58626
-47.95268
-47.74295
-52.45053
-45.32610
-47.89806
-47.21705
-50.50232
-39.48456
-44.50098
-38.30855
-42.78333
-48.86231
-37.08444
-48.30512
-50.86188
-34.23677
-43.29500
-65.08009
-66.69247
-49.36726
-34.90039
-38.90350
-47.24369
-51.84658
-45.04706
-60.58583
-54.17909
-62.72133
-47.45404
-70.77879
-55.65222
-54.93898
-30.24787
-33.96762
-51.30776
-53.86970
-58.95982
-40.93842
-48.82272
-44.75757
-79.54478
-54.34603
-72.39830
-55.50117
-57.30602
-36.20647
-43.53428
-77.66731
-63.66850
-41.35882
-35.79766
-41.30298
-44.41952
-42.99446
-49.96195
-46.26753
-50.13071
-53.23864
-47.80269
-58.65202
-48.94709
-53.86548
-41.37593
-49.73087
-58.60561
-71.01196
-40.55139
-37.97744
-40.43086
-52.82389
-36.15785
-41.12220
-58.76970
-46.18583
-47.33281
-42.73515
-70.48389
-50.20323
-67.07431
-42.82449
-47.24275
-66.21153
-48.70433
-40.31329
-51.84000
-57.37094
-65.96715
-68.10248
-60.95814
-57.27523
-58.14946
-53.68681
-63.12690
-52.68502
-67.06645
-41.58959
-41.10831
-69.93943
-66.87995
-53.91842
-33.83226
-36.86417
-41.34142
-42.69597
-42.24590
-47.33077
-49.32135
-63.57535
-43.03523
-41.42642
-50.21118
-46.82339
-53.14027
-49.68614
-42.43404
-48.40755
-43.43504
-41.52683
-52.61492
-51.71565
-58.87258
-54.79129
-59.80817
-50.81261
-52.51727
-39.32734
-39.25394
-42.35493
-45.01956
-38.83186
-42.66931
-53.41941
-52.61119
-48.79988
-52.12921
-49.56939
-56.92160
-41.61277
-37.36517
-55.63700
-75.16310
-51.32981
-43.82077
-58.52206
-66.69346
-56.23566
-41.63929
-47.29655
-78.12283
-57.73231
-41.73983
-46.66007
-72.53481
-67.98759
-68.80894
-56.54164
-57.70703
-69.06649
-55.90088
-66.57478
-55.25244
-65.55502
-45.59478
-38.96988
-63.15605
-73.39982
-75.90426
-67.90812
-104.34401
-60.18906
-72.82094
-59.27543
-69.66107
-53.94039
-54.52185
-36.30071
-38.82386
-68.51921
-60.11853
-42.44082
-39.89265
-64.99237
-60.85753
-45.18855
-35.51712
-40.07686
-39.84452
-42.87555
-41.64416
-46.08193
-46.10293
-51.06499
-37.80891
-42.19955
-56.03173
-51.45603
-46.76759
-45.75424
-80.34945
-63.04039
-51.85811
-41.98424
-38.61680
-43.40145
-46.40625
-42.32984
-45.58870
-53.40979
-50.08579
-51.30957
-53.51559
-53.53385
-57.25132
-34.29615
-45.76743
-63.78011
-63.68858
-41.95008
-44.46472
-43.79534
-41.11279
-52.83127
-46.99310
-51.86723
-51.60676
-44.25407
-41.80673
-57.72231
-47.26986
-54.24299
-40.13133
-56.98126
-50.81187
-61.01762
-38.32877
-34.33517
-41.66029
-46.65997
-48.48946
-46.87078
-48.52188
-53.27570
-51.41476
-54.34740
-49.29014
-52.02792
-44.18546
-40.60276
-50.77160
-50.47038
-65.54293
-35.34473
-43.14046
-41.25492
-44.42418
-47.89063
-48.55701
-49.70586
-50.04292
-39.43433
-38.83632
-72.73639
-54.75526
-50.69113
-39.02923
-45.47781
-47.05070
-48.77302
-42.18600
-44.89047
-51.54305
-54.66909
-44.94095
-50.79925
-54.29014
-56.56369
-49.71881
-39.72549
-42.39274
-49.11014
-38.06636
-39.81076
-54.75851
-54.39552
-50.62467
-44.35400
-49.12620
-45.24735
-53.46341
-49.52080
-50.31117
-51.45700
-54.83465
-44.79966
-45.82214
-57.50852
-63.50927
-46.42704
-49.66149
-60.31166
-82.44944
-52.26369
-41.91094
-48.55484
-65.87490
-48.73006
-44.94351
-66.67751
-66.37270
-69.96689
-106.89880
-61.82509
-82.87677
-56.68682
-35.39327
-43.76814
-57.15678
-59.50593
-63.42881
-62.10569
-76.37247
-58.58457
-67.85030
-64.78295
-71.25237
-64.25493
-69.86501
-61.70034
-92.07160
-64.89487
-73.80205
-64.74250
-72.02938
-72.10086
-74.90763
-74.04331
-69.42429
-76.93407
-68.93681
-68.19387
-67.02984
-83.82453
-69.63108
-81.10346
-70.42715
-87.51632
-75.41210
-99.07850
-72.10086
-86.42200
-74.52428
-86.82015
-74.55886
-80.70178
-76.11947
-82.27911
-76.48185
-75.85019
-85.86750
-78.30375
-83.01609
-81.17829
-95.32764
-84.07116
-92.84522
-83.23541
-106.12675
-84.86852
-102.36659
-84.05097
-95.32316
-84.91368
-96.01836
-90.57442
-104.34145
-106.96786
-96.84188
-81.03842
-83.85030
-93.49181
-90.96365
-120.37593
-95.85450
-105.25540
-92.84249
-101.87207
-89.95298
-102.57387
-101.09912
-108.33224
-102.92811
-105.59961
-99.50654
-92.96348
-96.52538
-90.73354
-87.02432
-74.42578
-77.38048
-86.36011
-91.52790
-99.37912
-87.21231
-100.56643
-93.97519
-107.11323
-100.31901
-108.39302
-101.92759
-131.58874
-97.20730
-94.22426
-99.26390
-113.72698
-101.72966
-94.72676
-101.74723
-94.37093
-98.91760
-97.75592
-98.83148
-96.18770
-94.48502
-84.20264
-102.37234
-132.32576
-112.06846
-87.64529
-88.89759
-96.83210
-95.41437
-100.30527
-99.10975
-162.53110
-99.90996
-107.47871
-94.61442
-127.60905
-96.02152
-104.55862
-87.97606
-89.17012
-108.67096
-101.24911
-111.19528
-97.67795
-124.45115
-100.52388
-122.02977
-94.49285
-97.13067
-85.42453
-81.91502
-113.12823
-98.76948
-101.15824
-107.67742
-103.57255
-108.00538
-92.72554
-85.46097
-88.93947
-98.37988
-113.55632
-105.48575
-93.17734
-84.84759
-89.92842
-104.71765
-106.57471
-106.90395
-89.45894
-94.20557
-107.18321
-88.40249
-90.44188
-106.18464
-106.91938
-87.59006
-103.42729
-84.88552
-71.10881
-114.58813
-116.03238
-98.26199
-102.49075
-92.20451
-96.88349
-81.41155
-100.06292
-88.86803
-92.30927
-85.00477
-100.18833
-74.95991
-76.92400
-83.97526
-103.82397
-83.22453
-86.27083
-89.92286
-105.46422
-86.54863
-94.50969
-86.26571
-80.64365
-71.84706
-63.31453
-80.87337
-80.94880
-76.61362
-60.04574
-56.15398
-60.75033
-62.98169
-71.43349
-73.64377
-89.85222
-84.85103
-87.31167
-87.15668
-86.89821
-86.32489
-85.42027
-84.13484
-82.34271
-79.72695
-75.33550
-62.07047
-57.00387
-62.22985
-65.60601
-76.63576
-86.01912
-104.99415
-121.05854
-108.18822
-107.51090
-103.45806
-107.75904
-104.55724
-96.57113
-90.91580
-85.60532
-79.85688
-56.52950
-55.54621
-61.03388
-65.10961
-78.80486
-81.79889
-102.39549
-114.64508
-102.92530
-96.07545
-92.44275
-89.95074
-87.97492
-86.15625
-84.06712
-80.69326
-71.69405
-53.90658
-56.17604
-60.99835
-66.97458
-77.73505
-83.07230
-105.22224
-89.10843
-62.45252
-60.94627
-67.69206
-70.99177
-98.94280
-83.78083
-96.47595
-108.00540
-79.31917
-71.60458
-83.67534
-83.67706
-95.90919
-90.83614
-93.04215
-93.64412
-93.91738
-93.14308
-93.34069
-91.94089
-90.52730
-88.75157
-86.52052
-83.51503
-78.78480
-67.30908
-57.82303
-61.02536
-65.21463
-74.74879
-84.06529
-146.16770
-95.89296
-102.55950
-99.18114
-96.38381
-93.16964
-90.28377
-87.13934
-83.98674
-79.90277
-74.24298
-58.74396
-54.20034
-59.16304
-63.31799
-72.59901
-78.65886
-104.55856
-92.11836
-100.62520
-89.51239
-112.09748
-104.69405
-107.94277
-102.93741
-97.35380
-91.77520
-87.17737
-56.78965
-56.64719
-61.84437
-66.02632
-77.42494
-78.30347
-104.10162
-88.55638
-92.16693
-87.38916
-92.59346
-91.44711
-91.07831
-90.05583
-88.32837
-85.65781
-81.45675
-61.49267
-60.46294
-66.38776
-71.66072
-85.95912
-90.08026
-97.57730
-102.95368
-95.53858
-103.26894
-97.22064
-95.42119
-93.80302
-92.51337
-90.79851
-87.38628
-77.47742
-56.35111
-59.10987
-64.30683
-70.63050
-79.60869
-83.43117
-111.25191
-105.25959
-99.86205
-100.36069
-88.60472
-90.58953
-85.79355
-84.24767
-80.44603
-75.59644
-63.89656
-53.52618
-58.13404
-61.18406
-69.05047
-75.57379
-83.27482
-85.87216
-98.11742
-88.72492
-96.91951
-87.90968
-87.80770
-84.82963
-82.43543
-79.01612
-74.15245
-62.77365
-52.36840
-57.00566
-60.25085
-67.54298
-76.48904
-85.41751
-113.52589
-100.83558
-114.92819
-98.38865
-111.15815
-119.47961
-99.62252
-92.74643
-86.87007
-80.20955
-64.66659
-61.70871
-69.14168
-73.22542
-89.34745
-85.65728
-114.47539
-91.84563
-106.99526
-96.61531
-111.52920
-104.06077
-104.54741
-99.26687
-95.36789
-90.35820
-85.23168
-57.22734
-57.19611
-62.28819
-66.73367
-80.10238
-85.11692
-97.38534
-95.91818
-98.62281
-96.36056
-116.08609
-103.97598
-133.50966
-106.39463
-94.87471
-85.52129
-71.07548
-53.39396
-57.15963
-60.94909
-67.48628
-74.89669
-88.05455
-87.74254
-95.19754
-93.52175
-96.95270
-99.37504
-109.42820
-109.26245
-100.85699
-100.17733
-101.03198
-74.50722
-52.88929
-56.42236
-58.91154
-71.20454
-70.01819
-82.20624
-73.75192
-74.76088
-73.75404
-73.53827
-73.29237
-73.05178
-72.72062
-72.07913
-70.60361
-66.92685
-56.00985
-39.41756
-42.32536
-44.49117
-46.21736
-47.20770
-46.82908
-52.06046
-58.16304
-42.99038
-38.68254
-40.27059
-41.48855
-42.89914
-41.83164
-43.73487
-58.79777
-48.56998
-34.21436
-36.62733
-39.63604
-41.06444
-41.40422
-42.37562
-52.96309
-54.57240
-37.03320
-35.06544
-39.12912
-39.10007
-41.81508
-41.47267
-45.67625
-57.85447
-43.99786
-36.51933
-38.90063
-40.37353
-42.96191
-42.12371
-45.29939
-57.45840
-60.04585
-41.11924
-39.70634
-42.06279
-42.70870
-45.09661
-45.84272
-50.82768
-56.39508
-46.58665
-37.70213
-41.82353
-44.84875
-44.98157
-46.74421
-46.09773
-58.00547
-49.35634
-35.46201
-38.50658
-42.53328
-45.60957
-45.82353
-48.66269
-57.16381
-57.62009
-38.35635
-36.82797
-42.95471
-44.33789
-49.00022
-49.59382
-53.40766
-58.50999
-47.40126
-38.93200
-49.44022
-50.82682
-57.79806
-57.24288
-61.65012
-71.80289
-70.62110
-52.25964
-50.57855
-49.12622
-48.40097
-46.16868
-46.46761
-52.32802
-61.96609
-47.74314
-38.39421
-40.32017
-42.42302
-43.00207
-42.49667
-43.81677
-67.28959
-54.51549
-34.93931
-36.89013
-40.25653
-41.78638
-44.51485
-47.26510
-52.60547
-53.38978
-39.18954
-35.91014
-41.67848
-42.62577
-46.22286
-45.42660
-50.54062
-62.79916
-52.17855
-37.89394
-41.99382
-44.86836
-46.85666
-46.77724
-47.10970
-67.76372
-86.55290
-46.36779
-43.13779
-44.25708
-45.68953
-46.45655
-45.87441
-47.14694
-53.40493
-43.39338
-37.17657
-41.69580
-44.70811
-45.87808
-47.94318
-49.96823
-73.68427
-55.81944
-34.29403
-38.33481
-43.01534
-47.87067
-51.73133
-52.22339
-61.26581
-58.87062
-42.73233
-40.03006
-52.75019
-54.20846
-79.27121
-59.94269
-70.94107
-89.44486
-67.50372
-44.49031
-45.25215
-44.94118
-46.80709
-44.84538
-44.16558
-53.22908
-56.42112
-36.41715
-35.68064
-38.78599
-39.83007
-43.37920
-41.81167
-46.76226
-53.47968
-43.04116
-33.34127
-38.08207
-40.40135
-45.19201
-43.68658
-46.36224
-66.78662
-64.69626
-38.34509
-36.83121
-41.39798
-42.86330
-45.80544
-45.01542
-51.03329
-57.41927
-45.90259
-38.89330
-41.98283
-42.64558
-45.42439
-45.19193
-47.18076
-66.63198
-58.31070
-37.22720
-39.34370
-44.04188
-44.59030
-46.13824
-47.40204
-57.49368
-56.24169
-37.70658
-35.95918
-45.01958
-49.53183
-56.05609
-57.29680
-64.89746
-64.67653
-52.89597
-45.36247
-59.96186
-60.54664
-62.91200
-57.49813
-53.23684
-65.99281
-84.24073
-40.01719
-39.40033
-41.14674
-41.20581
-40.70953
-42.09875
-45.12814
-51.53553
-40.76252
-33.64696
-37.86023
-39.16143
-41.85237
-42.24628
-44.00795
-74.99468
-60.41461
-34.62236
-36.58425
-42.81765
-44.03677
-49.88575
-50.29492
-57.49443
-58.18660
-43.42687
-39.82355
-43.71390
-46.36624
-46.51555
-48.36263
-51.06178
-59.04830
-51.12655
-39.33032
-40.36723
-44.42064
-43.55376
-45.26818
-45.42964
-62.20461
-67.75629
-35.04397
-35.50166
-41.58437
-44.87671
-47.21866
-54.78579
-49.19782
-47.22452
-32.02317
-31.39134
-51.39834
-48.59254
-66.54444
-55.09906
-58.10201
-64.52402
-59.17629
-46.15991
-49.44898
-62.29214
-54.83114
-74.90480
-54.81795
-70.32401
-74.77444
-31.37226
-35.41598
-40.38285
-51.17329
-44.13863
-45.02963
-43.79267
-60.87740
-52.74889
-36.16683
-36.61436
-38.51611
-38.48732
-40.92075
-39.47928
-54.84248
-56.48119
-25.43117
-38.18106
-41.17549
-38.69631
-44.45858
-39.34861
-48.81608
-77.63764
-44.67081
-34.46872
-38.75692
-38.47232
-41.62352
-42.38508
-42.37477
-68.71843
-46.38969
-27.13718
-36.77934
-60.58361
-46.18886
-63.49686
-45.29377
-69.50846
-84.83316
-54.44029
-41.81225
-43.58988
-44.60121
-45.17397
-46.46220
-44.56351
-53.69970
-42.19828
-34.59774
-36.91078
-43.30305
-47.57075
-43.86492
-47.80584
-52.02991
-53.33211
-38.63988
-37.54456
-42.05890
-46.05774
-45.00938
-53.80232
-44.82932
-43.78214
-31.26023
-30.55325
-57.59433
-47.55679
-62.92743
-56.28272
-64.27149
-64.56306
-66.18751
-50.30552
-52.91674
-52.99126
-56.65328
-50.05472
-57.63592
-49.51127
-47.28211
-30.33355
-36.05920
-46.07094
-44.76024
-55.64248
-45.04203
-55.33048
-60.37347
-52.34608
-35.14156
-40.89323
-40.33312
-45.71405
-40.93793
-45.38598
-47.17202
-46.60250
-27.62455
-30.27139
-71.68349
-40.52981
-49.86147
-42.70295
-48.89210
-57.23228
-46.39826
-38.68237
-40.12197
-43.02514
-42.62564
-47.24839
-43.25767
-54.32627
-43.97844
-26.45971
-38.31221
-46.73802
-46.27990
-50.06129
-48.37675
-56.84090
-62.03317
-48.44871
-39.55461
-42.84736
-42.29269
-44.10905
-45.67579
-44.69174
-51.95909
-41.47852
-28.97861
-39.90349
-46.16343
-50.76194
-50.74367
-54.59831
-58.53495
-56.55531
-41.42567
-39.30746
-48.06106
-56.47407
-56.65017
-63.52466
-50.17705
-46.06700
-34.35676
-29.59454
-58.78265
-51.24295
-70.45156
-51.07514
-56.45271
-52.46824
-55.93445
-37.25372
-36.23578
-39.93027
-41.27336
-41.69782
-42.81925
-45.56055
-47.41782
-34.24821
-30.43746
-41.08384
-40.40633
-45.70489
-43.44991
-47.93241
-60.11391
-65.14108
-36.93211
-37.67368
-40.32975
-43.98845
-43.10992
-45.32889
-50.39123
-51.28642
-34.89972
-33.91508
-46.53517
-45.03249
-55.04749
-50.77977
-52.88122
-67.71851
-58.41570
-40.36813
-40.61134
-43.58794
-44.79211
-47.45292
-48.26811
-57.51298
-57.14776
-29.22480
-34.06146
-56.12881
-49.87482
-66.11368
-56.95844
-66.61502
-62.84617
-49.97950
-43.12160
-52.83414
-58.69131
-53.91627
-70.29061
-51.19604
-54.89164
-44.55824
-28.47375
-39.51343
-47.04269
-50.34584
-51.73425
-46.56374
-50.41969
-54.01113
-42.13279
-34.33862
-38.22427
-41.70946
-42.88046
-46.74273
-42.97256
-48.44917
-38.13878
-26.80566
-39.78447
-46.51481
-47.90787
-48.88505
-50.24843
-57.56535
-57.66214
-42.28955
-37.97457
-42.97162
-44.08101
-43.93786
-47.29310
-48.09678
-49.12262
-35.44389
-28.51779
-46.05687
-47.45956
-46.50353
-48.51154
-43.55187
-67.00002
-62.05682
-39.50244
-38.01132
-41.81661
-42.24024
-45.69887
-45.75739
-47.22562
-48.22698
-30.74694
-32.29663
-52.48173
-48.24669
-64.62258
-51.89959
-61.94238
-82.43272
-59.04664
-42.39906
-48.43203
-54.61736
-55.17746
-55.39418
-53.55504
-60.72542
-73.87580
-31.81290
-34.70571
-51.88972
-54.81675
-53.00679
-50.03139
-47.71146
-59.78561
-53.15273
-39.90900
-39.18259
-40.18561
-39.76012
-41.27234
-40.62699
-52.64906
-83.69887
-33.22582
-37.94163
-38.49559
-42.62936
-40.38004
-42.73703
-43.22157
-54.40402
-46.15378
-35.83567
-36.41077
-39.99430
-39.18604
-43.45858
-40.03319
-50.30249
-38.76412
-25.29160
-43.60921
-49.10695
-46.98005
-54.50460
-46.84737
-69.38618
-68.08459
-55.33255
-43.21783
-47.01162
-44.61145
-45.27936
-45.88288
-44.10159
-49.94215
-36.07035
-29.87217
-39.73549
-47.46458
-47.20809
-46.47513
-48.40173
-51.91165
-53.12505
-38.22853
-37.03634
-41.44008
-45.15091
-44.49935
-49.04242
-45.83835
-47.37883
-36.48712
-30.94503
-42.56527
-47.08087
-51.54433
-53.08146
-57.43332
-87.63685
-67.96007
-41.44723
-44.41076
-56.33358
-56.47379
-61.08202
-62.02114
-60.16362
-53.65027
-31.54587
-34.84484
-50.47317
-51.75816
-58.75766
-48.81417
-50.48306
-55.61366
-66.37588
-40.23596
-40.57728
-41.56212
-41.54974
-42.25522
-42.88582
-50.99017
-67.05578
-31.62804
-32.70250
-38.46352
-41.30406
-41.20534
-42.21115
-44.61684
-53.74594
-44.22326
-36.02521
-39.11450
-40.19095
-42.17552
-42.89041
-42.29392
-77.45748
-51.64212
-29.82487
-36.94364
-42.59507
-45.25867
-48.10730
-47.51234
-56.95798
-61.53707
-47.74624
-41.44378
-40.95452
-43.41903
-42.31495
-43.42626
-43.21624
-49.40462
-39.40066
-28.89117
-42.41142
-47.10744
-52.51319
-53.46453
-56.01801
-58.48837
-57.21143
-43.14546
-41.70908
-49.51531
-58.19764
-52.58420
-79.80421
-48.54347
-46.28574
-35.11721
-30.09162
-67.76888
-48.81244
-59.46819
-50.94055
-46.71232
-59.80215
-71.06311
-39.18061
-37.38631
-39.35369
-40.00590
-39.76578
-42.80890
-41.67401
-43.88996
-30.07553
-29.43103
-46.75863
-39.27918
-47.55149
-41.45008
-45.93470
-58.26107
-67.49615
-37.44729
-37.96909
-41.16458
-44.07384
-46.76525
-47.09448
-53.56982
-56.92370
-32.64136
-36.17675
-47.33409
-48.20917
-57.00443
-49.03074
-55.57833
-103.32674
-56.90357
-39.49522
-42.04745
-43.00909
-45.66327
-46.48933
-48.66327
-58.01945
-61.94169
-30.78904
-34.18089
-47.06156
-49.63641
-60.88640
-57.43951
-66.53173
-65.36329
-53.77673
-48.94573
-57.01310
-63.95386
-51.76263
-79.23386
-49.82490
-54.59963
-43.97040
-30.36053
-39.64756
-46.37382
-49.74899
-45.12797
-48.44835
-49.70696
-50.73906
-39.99328
-34.67495
-36.94754
-39.71267
-39.30341
-43.63747
-41.25945
-45.49674
-35.78691
-30.29872
-55.56812
-40.35807
-60.14500
-44.63418
-53.62890
-52.04068
-59.71045
-41.45678
-42.35131
-41.27297
-43.66425
-41.58597
-46.77516
-44.73803
-44.30983
-31.64418
-26.96396
-58.06282
-42.42460
-58.83145
-48.00867
-52.70437
-61.95569
-67.63648
-40.39218
-38.55223
-41.66311
-43.76891
-45.09411
-45.07632
-49.35181
-53.70339
-36.33530
-31.59996
-43.22443
-48.24038
-50.35369
-54.33036
-51.66162
-65.29643
-58.91979
-41.29948
-43.48565
-52.21090
-52.12239
-58.47223
-55.84704
-63.53772
-60.78181
-29.20637
-34.92908
-52.28140
-51.05903
-61.20457
-55.81540
-64.04345
-81.80531
-61.23078
-47.45732
-46.44106
-46.88136
-43.35139
-46.50517
-42.20179
-70.14623
-45.35227
-30.75869
-37.29130
-40.65687
-48.89512
-43.48946
-45.48295
-44.58092
-49.64112
-40.84338
-35.63048
-39.04039
-42.10701
-42.74628
-45.47730
-43.05919
-54.36233
-45.15087
-28.07250
-42.02896
-46.34187
-52.71756
-59.87215
-55.41814
-80.50682
-70.97483
-46.94401
-42.09203
-47.68710
-48.75396
-47.46110
-51.35019
-45.32962
-47.18067
-35.06608
-27.75287
-44.97754
-53.80959
-51.01519
-54.80571
-45.89964
-61.16125
-71.96858
-41.93428
-40.48821
-42.66789
-45.15758
-44.50692
-46.46117
-45.00928
-45.76068
-31.58137
-31.02734
-43.27233
-43.34174
-61.66121
-47.11529
-58.35455
-58.17271
-62.43744
-38.83918
-40.53824
-47.92544
-49.85511
-52.42842
-53.61179
-52.08268
-50.68178
-31.17043
-33.65741
-57.98919
-53.49220
-69.78451
-60.54024
-57.68591
-82.05083
-58.25813
-42.16503
-40.95402
-41.72458
-40.32532
-41.66257
-38.95576
-52.29804
-53.66111
-28.30401
-34.78595
-40.93576
-42.89532
-42.71745
-42.25344
-46.74037
-57.83775
-46.59065
-35.64956
-39.62529
-43.14660
-46.06216
-45.59862
-49.55373
-57.89593
-66.36433
-33.10353
-37.03363
-45.23827
-45.98642
-48.00899
-48.65041
-52.95942
-57.77670
-46.98627
-43.43849
-41.44872
-44.27862
-43.16368
-50.18752
-41.65725
-45.99638
-36.30923
-28.30775
-46.20087
-45.21094
-65.73183
-52.96843
-71.90443
-56.43091
-54.83713
-40.84025
-40.29047
-49.02135
-52.75321
-53.33982
-72.79504
-52.02955
-48.77862
-36.99869
-31.86982
-56.52965
-51.87299
-79.01437
-50.37890
-47.33278
-61.73293
-86.19215
-37.27641
-37.22789
-40.78234
-40.41344
-41.92538
-42.75145
-41.63405
-43.71593
-30.16246
-30.72580
-49.39617
-39.92925
-50.30265
-42.91790
-46.23590
-67.97967
-66.83720
-39.44434
-39.81746
-43.59169
-43.91596
-48.05274
-48.30673
-56.92970
-57.04504
-29.01427
-35.45683
-58.42700
-48.52221
-56.06758
-45.02985
-51.20120
-82.61156
-56.00951
-37.57532
-39.70904
-42.28590
-43.08474
-46.03403
-45.69141
-70.29542
-50.46997
-29.66217
-37.89230
-50.67503
-55.41179
-71.78118
-62.30176
-75.45167
-75.00905
-66.33540
-52.68433
-55.16498
-60.40601
-52.46548
-51.59407
-47.46689
-57.67839
-42.51465
-28.28420
-37.24576
-61.29917
-49.10269
-50.12589
-47.36805
-52.17126
-55.25267
-43.62908
-37.03811
-40.65258
-41.45663
-41.58796
-43.90642
-41.66990
-53.08601
-43.32348
-35.60732
-37.29511
-39.92456
-44.44439
-42.26968
-44.17002
-47.05599
-50.50036
-40.22216
-40.60486
-40.19331
-44.46989
-41.05953
-49.38749
-42.54643
-43.49703
-32.65206
-30.18586
-53.14911
-42.14308
-68.63376
-45.16378
-63.69392
-61.63680
-68.01872
-46.04310
-43.24181
-46.16427
-45.57282
-48.68389
-49.12120
-49.28359
-50.05714
-30.95319
-32.22111
-57.68055
-46.84935
-60.16016
-51.44168
-56.24780
-71.52150
-62.13296
-39.15344
-42.80471
-45.23794
-51.56922
-50.36939
-52.99867
-57.50355
-56.15478
-32.61958
-34.86096
-63.05138
-53.08693
-66.92231
-56.33667
-74.65751
-79.64835
-74.49264
-66.65813
-63.50328
-67.65714
-52.89136
-55.65430
-48.27572
-69.77059
-49.41186
-31.56164
-36.31227
-48.83340
-51.03481
-48.92642
-52.71411
-48.10875
-51.18432
-41.56020
-36.45368
-39.99424
-45.88142
-43.18642
-52.64052
-43.82626
-45.92717
-37.59152
-30.12315
-51.56865
-39.81758
-61.30519
-47.35185
-52.62770
-54.98602
-57.47400
-40.92424
-40.82829
-43.62158
-47.97585
-45.44968
-50.74397
-45.39817
-46.18937
-34.89208
-27.72576
-63.72078
-45.35465
-57.65599
-51.64878
-51.39695
-61.75299
-63.48315
-50.01368
-43.44304
-46.93880
-46.65185
-46.89799
-50.20191
-43.71631
-45.35433
-31.30941
-29.83573
-66.37750
-47.99782
-65.28384
-49.88599
-58.58538
-64.15422
-71.31095
-39.32100
-44.02663
-51.04677
-53.23999
-55.61556
-59.59407
-57.79390
-53.36271
-34.33354
-36.74899
-67.55759
-50.16513
-89.76187
-52.67548
-56.75436
-65.75621
-56.64650
-43.44618
-42.85085
-48.03680
-45.08872
-45.78265
-43.20429
-57.86981
-59.53421
-28.81370
-36.06368
-48.30030
-45.78617
-50.32638
-48.99189
-56.54920
-66.17739
-50.58952
-39.01136
-45.34871
-45.15323
-46.50574
-51.28590
-52.29381
-67.31955
-51.30898
-34.19437
-40.21072
-47.52720
-53.61593
-50.26725
-50.10152
-56.16552
-58.95618
-47.96370
-45.15325
-44.48786
-46.96422
-46.04221
-49.16583
-46.14887
-51.14353
-40.13513
-30.40741
-42.39847
-50.66569
-68.71158
-57.36095
-64.87054
-67.08460
-63.54505
-47.70400
-46.19997
-55.77214
-69.36542
-58.87630
-65.24650
-53.03391
-49.04420
-36.09394
-33.71348
-52.39384
-49.05268
-59.73803
-48.19569
-49.29696
-57.11513
-68.09766
-39.28330
-40.40335
-41.63259
-45.74324
-44.42870
-42.83799
-45.62104
-48.71083
-33.90102
-33.79873
-47.75240
-46.42025
-58.93168
-49.66825
-53.07728
-64.95778
-70.80691
-41.66962
-42.40658
-43.97616
-45.84435
-45.73979
-48.92112
-51.44187
-50.81809
-30.77368
-35.23490
-69.63551
-45.40903
-51.46912
-47.35688
-53.83830
-72.33057
-54.85590
-38.35626
-43.42244
-45.21231
-47.50318
-51.24348
-52.64259
-73.32521
-65.74260
-32.88307
-40.04734
-59.77124
-52.45679
-70.85675
-56.63309
-71.91416
-67.89266
-53.77051
-49.08260
-54.28217
-66.78852
-55.93409
-70.88382
-50.52969
-55.08817
-41.74952
-29.40943
-46.09240
-60.81821
-53.19425
-63.26647
-47.81841
-56.89549
-81.34776
-46.11459
-39.29305
-42.33661
-42.48542
-44.78786
-44.41681
-45.96385
-54.77370
-39.72973
-34.21774
-38.84039
-45.48403
-46.64582
-45.31714
-47.62479
-52.02838
-54.40810
-41.44455
-41.91683
-43.06839
-43.96032
-43.04563
-45.83476
-47.35138
-51.57041
-40.13531
-41.22341
-48.06507
-46.34141
-56.05092
-45.96227
-57.85848
-54.41587
-59.77399
-48.39654
-50.87422
-48.04360
-52.21604
-49.64684
-58.03580
-50.08069
-48.92470
-32.69199
-33.02592
-76.25811
-49.00308
-54.94939
-47.93791
-53.46762
-63.51418
-53.96302
-39.27628
-42.47783
-47.33153
-48.01634
-50.91857
-49.78969
-87.49131
-66.35727
-32.88438
-39.83704
-56.36406
-53.85860
-75.20694
-58.94702
-74.57487
-78.32485
-63.11653
-48.48798
-58.47598
-62.81339
-61.06046
-73.03207
-56.80116
-59.63278
-48.77347
-31.88353
-40.36005
-72.08933
-53.42219
-66.31126
-52.31190
-56.31000
-64.36942
-52.29524
-43.27961
-44.96455
-46.79551
-46.10708
-48.04378
-45.81331
-59.79939
-47.59065
-38.72368
-42.04122
-41.89242
-51.49437
-44.63473
-50.05883
-50.79912
-56.77588
-48.46052
-43.42301
-46.19048
-48.24598
-48.06094
-47.51158
-50.92486
-60.44795
-44.89457
-36.83784
-44.21653
-47.46783
-50.71941
-49.05325
-52.86307
-60.38167
-61.39977
-48.15223
-45.19218
-49.53384
-53.71078
-49.87542
-56.60823
-52.81927
-53.95981
-41.84157
-36.80760
-50.48870
-53.74329
-62.32099
-60.20457
-60.23458
-76.22621
-64.68782
-45.79890
-48.04264
-54.30685
-60.42618
-60.19769
-64.50157
-65.52603
-62.91817
-39.14640
-43.45111
-70.21069
-60.19938
-70.72622
-61.14713
-62.95459
-61.25981
-63.58063
-52.25606
-53.35729
-53.61495
-56.10499
-56.62268
-61.19751
-63.42427
-61.81703
-35.90865
-39.12703
-57.02464
-49.66243
-56.27347
-52.74917
-56.34648
-63.29639
-51.70069
-43.50629
-48.77253
-52.31845
-51.00542
-57.78639
-53.12119
-57.94022
-49.15739
-36.00975
-49.06801
-63.16713
-63.80229
-61.66455
-61.86898
-70.95973
-71.00155
-52.69702
-47.24360
-50.94650
-51.98894
-52.88057
-56.25198
-54.12076
-61.38032
-50.41621
-39.04694
-48.21544
-56.88592
-66.21119
-62.56858
-64.15810
-68.79021
-74.12654
-54.39137
-54.89828
-61.59774
-69.09670
-63.36850
-90.04541
-56.16170
-55.42823
-39.70946
-39.48412
-64.67373
-54.31326
-82.92021
-54.24464
-59.90481
-58.84004
-64.87294
-45.93700
-45.59355
-49.86622
-50.01812
-51.72600
-53.32017
-54.41042
-59.01353
-45.76083
-41.58298
-52.61736
-54.07636
-56.65458
-56.67322
-59.42696
-70.67109
-65.32749
-48.45111
-49.05287
-51.69909
-51.26418
-60.59459
-54.89292
-62.55828
-71.49382
-42.41805
-51.59082
-52.45714
-53.90685
-57.46372
-54.62586
-56.19739
-84.07063
-69.55271
-49.55027
-50.62864
-50.34556
-52.17260
-53.80125
-51.41632
-89.23691
-58.73595
-39.60608
-51.49671
-60.34262
-58.96251
-64.08411
-57.45703
-63.96887
-77.67524
-59.80229
-54.27733
-60.42990
-63.88063
-65.31416
-71.46009
-60.06400
-66.12392
-51.91866
-42.31275
-66.15051
-59.25375
-68.18309
-63.96624
-63.72242
-66.71396
-73.22380
-60.57759
-55.95542
-54.20799
-53.17864
-55.62508
-56.68196
-52.72956
-65.28040
-50.80620
-40.51572
-51.92206
-58.66771
-53.44872
-56.89850
-55.70697
-66.41610
-74.05453
-47.97058
-47.98440
-53.25959
-54.08110
-57.91929
-54.77221
-59.64196
-66.10361
-50.14523
-49.56424
-51.83517
-58.73201
-57.85232
-56.68472
-60.97182
-65.41897
-67.80195
-56.27986
-59.02603
-58.93831
-60.46630
-57.82278
-63.24438
-58.37913
-58.42999
-42.95286
-47.35613
-72.56155
-54.43996
-66.24419
-55.64066
-61.43821
-84.95951
-61.83414
-47.17438
-53.29018
-54.69448
-59.88964
-57.49663
-60.11662
-64.44130
-65.86689
-48.34092
-47.10340
-61.84559
-59.60059
-63.45894
-63.09447
-67.09772
-71.08808
-60.97970
-53.14941
-60.99323
-63.74240
-65.58702
-80.02174
-68.09851
-70.75630
-63.16928
-47.82405
-67.73237
-87.39784
-71.58064
-82.56587
-63.65587
-64.95115
-66.99974
-60.02812
-57.93779
-59.33750
-59.70372
-59.73612
-59.77528
-58.65545
-70.93243
-56.51648
-46.80741
-57.54480
-54.22089
-57.24442
-56.39085
-55.91461
-63.92563
-70.02987
-55.79842
-50.66015
-53.87270
-53.65602
-55.53628
-57.02336
-60.17775
-110.94640
-57.80028
-50.70887
-56.93311
-57.22948
-59.99383
-60.79580
-62.63018
-66.89329
-83.45049
-56.51870
-55.49191
-57.62135
-56.85467
-59.02653
-59.75227
-63.06746
-84.40691
-60.34920
-54.08590
-61.37215
-64.66910
-64.92569
-65.11325
-66.50786
-75.69854
-70.04272
-63.55182
-68.09859
-72.05699
-70.85502
-69.69017
-73.08750
-77.66245
-88.60143
-59.24097
-64.32724
-83.81443
-77.15532
-86.06534
-73.06990
-73.43792
-85.28353
-75.08574
-58.97820
-59.89783
-59.41211
-62.37334
-63.44233
-61.77483
-75.24501
-78.85427
-59.06252
-56.11331
-60.13358
-63.01554
-64.26986
-62.80048
-68.23320
-76.61247
-65.71949
-56.07079
-58.91091
-64.68378
-63.43954
-65.11929
-64.23010
-91.72868
-73.17141
-57.67879
-61.77824
-67.17730
-72.48320
-71.40486
-68.79818
-73.49723
-122.33437
-64.69933
-58.77243
-60.91655
-62.14229
-62.25489
-65.18504
-66.71685
-82.35937
-68.55907
-58.27901
-64.63374
-66.59816
-69.27943
-70.90698
-72.25772
-82.74290
-104.53738
-70.24888
-67.21294
-71.54295
-71.12672
-72.35306
-72.24115
-71.52591
-99.42164
-67.77010
-64.97242
-76.78565
-73.87253
-74.34193
-69.07065
-69.75547
-80.47388
-85.54623
-62.17607
-60.12961
-64.05671
-64.98739
-65.91166
-67.30951
-72.09740
-84.32882
-68.56790
-60.35445
-64.56925
-69.83675
-70.65696
-70.04838
-71.86073
-110.33172
-85.93605
-65.24574
-64.36202
-68.52639
-68.79785
-69.49592
-67.78988
-72.03572
-75.16796
-75.78272
-68.37573
-65.03806
-71.61608
-68.49275
-69.54985
-68.67722
-80.28724
-70.60327
-64.16332
-67.69406
-67.84606
-71.74841
-70.62969
-71.59892
-78.06555
-89.75975
-63.75463
-65.47824
-72.40014
-69.53624
-74.80278
-72.58709
-84.19446
-105.20461
-81.33951
-68.94695
-73.11664
-77.49034
-77.09384
-81.37922
-79.86951
-134.80771
-91.22257
-82.71980
-104.91725
-90.06772
-90.82182
-86.19294
-84.89440
-84.87201
-84.11277
-83.02283
-86.17906
-85.55340
-82.35502
-81.30867
-79.38434
-77.29745
-83.38111
-73.72041
-66.63366
-71.75261
-74.65480
-80.58625
-79.89443
-80.41940
-101.09358
-110.79995
-75.27495
-70.17486
-75.26992
-77.40966
-78.41834
-74.63610
-77.56777
-91.95815
-84.76516
-71.42118
-73.10910
-77.79931
-78.88550
-82.61893
-84.52017
-109.77770
-112.13495
-77.23296
-76.64304
-83.67954
-82.38241
-84.93724
-85.20352
-90.13408
-95.17722
-80.97846
-79.43226
-77.95109
-77.13078
-76.92324
-75.72194
-78.62878
-92.32352
-87.80438
-76.08773
-77.55999
-80.60789
-83.32918
-83.86849
-82.91243
-87.70433
-94.53728
-76.91647
-77.19087
-83.19647
-83.21943
-86.87891
-82.33580
-86.61901
-115.63661
-90.94222
-84.37281
-93.59787
-85.98509
-106.44467
-88.84641
-89.83466
-113.84420
-118.53073
-92.41290
-93.99688
-102.86246
-94.79860
-123.62617
-89.17988
-90.79073
-88.56974
-85.44325
-83.65701
-85.63961
-89.14610
-86.34789
-84.21924
-83.18203
-90.16855
-90.15976
-81.61752
-83.75298
-89.13245
-86.65214
-85.81399
-86.78542
-90.80211
-93.47402
-87.10561
-86.36383
-86.10755
-88.22344
-91.16409
-90.39313
-92.43583
-137.72377
-96.61907
-87.69173
-90.44266
-88.01915
-90.48211
-91.43997
-94.54452
-106.92432
-111.43693
-103.05995
-95.29681
-95.10761
-94.03465
-91.54166
-89.63421
-91.55333
-102.07960
-97.36554
-92.26368
-93.42790
-96.26290
-96.68606
-97.11653
-101.50828
-104.90917
-111.27799
-101.31413
-102.94458
-108.09951
-106.33246
-109.57421
-150.94785
-116.05299
-118.52318
-102.76975
-101.15326
-102.90664
-103.43708
-103.31339
-104.60510
-106.78996
-114.21058
-113.70450
-100.77977
-96.98986
-97.41388
-97.76120
-97.11270
-101.60317
-107.72965
-113.98723
-95.40480
-97.55193
-96.91270
-98.75049
-104.41340
-98.11359
-105.12605
-119.82647
-103.51534
-100.74833
-106.00164
-100.71729
-101.71053
-101.89360
-107.24046
-120.28708
-117.30023
-107.72706
-108.14543
-106.13532
-104.48739
-105.09417
-108.91300
-116.93058
-123.29962
-111.89818
-106.20124
-112.11531
-107.92659
-110.24408
-109.92459
-111.60616
-133.57060
-114.50803
-107.31304
-114.40906
-116.60731
-117.49592
-117.25767
-114.76390
-125.66240
-130.61473
-122.63865
-127.26049
-131.06691
-124.66388
-130.19123
-156.03309
-152.70059
-148.63381
-147.43899
-147.17180
-147.39536
-147.95703
-148.79693
