-100.09974
-101.12615
-104.00116
-107.08056
-120.13800
-114.40095
-104.03818
-99.91635
-96.21002
-93.95374
-91.56407
-89.89325
-88.08363
-86.63101
-84.83440
-82.55385
-71.32844
-58.58803
-53.00626
-52.52249
-55.00675
-60.13932
-57.07569
-49.75553
-46.59345
-45.95551
-47.75050
-52.52574
-52.60936
-50.09480
-48.69736
-48.79186
-51.34539
-54.90693
-54.46491
-51.46798
-53.23209
-55.40107
-59.05895
-55.03035
-53.52338
-49.70127
-53.14447
-48.03196
-44.79869
-47.36179
-50.56965
-54.72187
-55.70463
-59.47633
-65.81919
-60.13030
-65.53301
-58.25313
-43.85779
-47.01795
-49.38366
-51.44502
-51.58094
-52.30458
-56.24731
-53.50739
-59.99854
-61.76485
-59.45691
-53.30289
-55.07248
-54.97519
-64.03511
-63.07903
-63.80863
-64.75205
-63.14724
-60.11457
-56.53406
-49.09194
-51.59800
-59.20809
-54.78795
-66.08356
-46.70181
-45.51424
-48.25616
-50.65221
-53.75664
-56.93175
-60.47377
-65.29130
-66.43657
-65.13616
-65.15270
-44.10907
-46.21729
-47.93389
-48.78426
-54.93222
-54.80257
-59.90851
-60.28347
-66.12005
-59.28099
-64.11950
-57.08426
-60.88330
-61.81204
-63.20044
-62.68036
-58.29890
-60.81643
-63.84322
-63.53447
-64.74506
-59.64726
-59.68130
-74.74119
-63.38100
-69.53870
-56.33640
-54.61220
-52.16910
-54.07501
-53.90812
-53.31386
-52.40660
-58.28199
-59.42557
-58.65511
-56.58465
-43.43764
-46.43162
-49.42155
-52.19487
-55.94556
-58.83912
-62.45244
-70.77254
-60.43182
-69.37239
-52.25710
-44.56203
-48.95112
-48.93265
-52.51734
-53.22412
-55.59549
-55.02043
-56.16061
-56.53718
-56.18967
-58.14729
-60.52686
-72.83518
-69.51665
-82.32942
-75.11360
-76.79841
-75.30068
-69.71749
-85.52975
-59.88597
-48.37285
-53.54166
-57.61351
-53.87441
-61.11291
-46.80349
-46.43387
-50.27318
-51.44821
-54.37967
-58.37630
-62.94583
-67.95986
-64.62910
-71.75409
-61.19219
-44.64145
-47.27719
-49.63091
-52.25645
-57.90038
-58.65707
-67.87294
-65.19469
-71.57187
-67.23454
-63.75814
-54.43905
-53.44443
-53.85827
-60.98499
-56.05090
-50.11251
-48.59445
-50.18008
-51.32120
-53.31546
-62.27433
-52.84881
-51.17410
-50.01857
-50.21105
-50.89601
-50.27227
-52.69062
-53.21310
-54.57883
-57.13455
-58.15060
-53.43176
-48.70517
-47.82414
-46.34678
-43.48240
-48.61946
-55.88808
-51.50181
-54.79364
-62.17097
-59.86282
-59.70658
-56.04803
-67.10554
-47.87831
-43.95947
-47.35820
-47.29358
-54.82526
-52.81771
-52.35263
-52.68399
-55.98276
-57.72264
-57.33992
-60.62448
-62.80512
-73.32249
-67.78042
-75.97270
-72.64406
-76.45211
-76.81156
-69.41023
-79.10586
-52.77284
-46.27685
-54.96802
-53.58568
-57.32579
-56.78040
-45.86784
-48.48546
-51.83825
-53.14457
-56.73510
-59.64858
-61.98988
-67.34646
-63.24815
-94.96997
-49.39619
-43.29481
-46.36309
-49.39709
-53.63252
-56.14512
-61.23915
-62.96836
-66.15791
-64.84964
-65.85984
-59.24530
-59.11004
-61.61379
-57.10368
-64.19228
-59.21826
-54.91408
-56.30585
-62.88272
-59.93475
-60.01504
-58.03076
-62.05414
-60.70464
-61.94058
-58.12222
-53.57238
-56.26688
-60.08093
-58.47767
-56.23605
-66.10137
-59.10416
-67.18359
-58.27352
-100.12493
-47.06001
-43.95793
-49.23876
-48.90984
-54.95307
-57.76436
-62.84392
-61.71657
-73.58786
-62.12426
-61.72449
-46.09157
-45.92481
-48.87706
-50.20699
-54.61465
-53.14841
-57.35758
-57.06811
-68.35128
-59.87243
-60.92740
-59.44665
-56.81386
-58.38800
-56.51071
-56.11291
-58.60715
-57.67991
-55.67228
-58.18535
-56.87256
-51.39618
-50.52102
-62.61244
-57.04369
-79.97037
-55.38934
-45.66937
-49.62112
-50.87523
-54.32098
-56.85143
-61.51801
-62.43578
-72.16838
-63.49962
-76.77264
-46.85005
-43.79250
-48.15703
-47.87062
-54.43666
-54.52812
-60.39726
-60.62543
-64.13537
-61.43657
-64.77471
-57.78107
-52.66188
-52.71670
-56.17761
-60.29749
-60.71525
-57.98665
-55.80776
-57.77617
-59.00596
-59.85133
-50.81723
-48.61673
-48.31631
-50.22696
-51.33446
-51.66432
-48.90878
-47.24660
-48.06571
-51.24204
-54.03308
-51.11713
-48.62309
-47.37697
-48.32920
-44.89401
-45.93288
-47.53925
-50.90857
-58.46495
-59.76367
-60.89760
-66.63361
-58.36697
-66.20532
-56.48710
-45.15225
-45.03964
-44.61456
-48.15863
-49.09016
-53.44627
-60.01617
-56.62021
-62.08873
-63.99425
-57.55729
-54.04634
-54.35262
-56.46752
-62.86701
-64.05508
-62.65195
-67.29385
-61.50608
-59.73354
-55.09267
-44.71290
-47.38116
-53.26046
-53.23513
-59.59258
-52.22138
-50.28851
-52.97688
-54.23181
-56.42691
-59.75570
-59.74572
-70.57709
-62.42503
-72.65819
-58.41256
-43.31220
-43.20334
-47.02963
-50.93552
-53.96249
-55.84970
-59.43429
-62.27760
-64.35174
-59.65827
-63.45223
-56.83483
-61.65583
-61.39218
-64.21403
-61.33839
-58.36019
-61.68837
-63.86171
-63.27598
-64.71754
-58.43209
-61.70336
-71.94551
-64.05346
-67.14937
-55.39196
-54.35132
-52.00470
-54.56962
-53.46338
-53.48358
-52.32596
-60.90969
-57.16604
-62.71554
-50.73856
-43.76686
-48.54619
-49.43585
-54.87247
-56.23282
-61.82120
-63.26437
-71.14915
-59.33871
-72.19583
-48.83334
-44.98772
-48.69981
-49.17588
-53.50292
-53.38561
-56.42663
-54.52020
-57.34774
-55.81699
-57.06608
-57.65353
-62.88251
-70.36196
-72.92415
-76.93659
-80.17461
-72.72231
-80.34618
-67.07219
-71.11394
-54.47883
-46.47299
-54.74971
-54.79722
-55.18422
-58.03460
-48.58603
-48.37809
-51.88981
-52.77730
-56.16323
-61.15670
-62.93794
-69.88194
-62.42052
-80.95473
-51.88213
-43.35014
-45.33991
-48.71675
-52.85803
-56.14775
-62.12720
-65.78019
-66.95336
-70.12354
-67.73401
-61.23683
-55.84843
-57.30011
-55.84725
-60.84877
-58.48494
-51.73717
-49.34449
-50.59898
-55.54890
-55.24499
-50.97269
-47.37060
-45.35037
-44.85175
-45.83134
-48.82323
-54.03498
-52.62910
-49.45922
-50.45184
-53.83756
-54.05956
-53.85342
-49.72144
-54.58479
-49.60754
-45.22953
-49.50757
-52.45888
-55.88682
-59.13109
-61.29177
-61.71032
-59.76531
-57.17787
-67.62362
-45.44679
-45.20995
-49.64873
-48.50399
-49.85184
-50.29648
-51.51622
-50.78578
-56.46447
-56.21500
-59.37891
-59.67337
-64.15247
-69.69435
-69.58017
-74.64911
-73.44416
-78.04391
-75.03236
-71.21688
-115.78249
-47.67034
-44.52503
-53.68299
-51.99680
-59.67906
-52.49422
-45.04996
-48.41098
-50.11747
-51.66483
-55.42714
-58.63990
-62.62158
-66.37410
-63.61499
-85.90764
-45.91471
-43.13586
-46.13857
-47.42096
-53.42286
-54.16077
-60.84214
-62.25976
-68.05399
-64.05335
-65.77768
-58.14090
-60.46547
-60.11389
-57.61557
-65.44962
-58.09881
-55.04680
-57.03616
-63.45784
-59.23174
-60.17830
-57.76982
-63.37785
-59.97467
-63.11075
-56.42050
-54.01196
-56.81321
-61.01967
-57.04079
-57.62580
-64.82297
-59.59234
-66.19380
-58.96927
-75.05440
-44.57415
-44.62579
-48.48457
-48.29199
-53.69281
-56.08262
-61.05351
-63.40572
-69.54964
-63.99572
-56.13295
-44.69734
-47.40404
-48.00628
-51.06038
-53.12040
-53.71278
-57.18293
-58.27374
-69.31400
-58.79218
-61.95616
-58.12618
-57.28160
-58.03879
-56.44313
-56.30482
-59.20814
-56.81272
-55.89253
-58.55576
-54.21222
-44.46985
-48.68138
-53.42814
-53.21173
-67.43459
-47.34460
-44.68531
-46.51914
-48.96539
-52.24023
-55.03377
-61.57827
-73.17163
-76.41343
-76.65105
-79.43346
-86.71968
-89.53347
-98.40651
-88.90465
-94.60200
-92.55949
-96.98215
-98.06315
-107.87207
-101.08553
-62.32229
-52.12358
-50.56778
-52.67372
-58.68537
-57.60222
-48.36028
-47.00946
-47.40643
-48.63953
-50.98391
-54.33130
-51.88583
-49.78277
-48.99693
-52.62636
-56.09611
-49.33000
-44.98367
-44.95477
-47.89939
-52.87975
-53.93509
-48.59429
-46.10267
-44.33840
-45.13477
-43.42460
-45.04339
-46.55799
-49.78790
-52.72525
-54.49527
-57.28231
-57.16360
-56.61028
-62.16691
-52.25970
-42.39861
-44.69731
-46.25735
-50.69120
-51.26417
-51.17655
-60.46797
-56.06595
-63.58732
-62.62527
-55.20563
-55.03085
-54.97852
-56.29412
-58.47317
-57.87670
-57.25166
-58.98419
-56.35784
-58.46223
-50.79609
-42.51390
-43.99741
-45.89890
-49.30094
-53.47536
-46.13974
-44.74428
-46.24163
-48.46188
-50.79384
-55.59659
-57.87416
-64.31232
-56.66892
-63.54693
-49.69122
-42.77365
-44.87082
-45.70403
-50.22275
-52.09686
-54.22616
-57.51240
-63.23228
-61.61792
-60.65695
-62.25578
-56.80332
-62.21050
-60.14780
-66.81677
-56.80485
-57.98813
-61.35129
-59.79013
-57.92577
-57.41377
-55.58017
-57.01042
-58.22250
-57.54847
-57.53980
-53.47328
-53.17155
-51.96955
-54.90389
-53.31421
-56.03083
-54.54685
-64.40170
-56.74767
-63.64342
-50.55626
-42.99247
-45.18637
-47.09667
-50.95923
-51.81339
-55.07371
-55.93356
-58.00470
-55.07762
-60.29101
-44.63477
-43.26020
-46.32484
-48.19356
-52.27028
-51.79026
-56.23157
-54.32030
-57.23822
-55.31887
-56.59353
-57.56877
-64.08646
-61.39859
-59.77629
-57.89478
-57.73658
-57.58751
-57.89852
-57.03040
-60.17091
-46.72717
-43.03099
-46.09780
-46.58510
-52.58243
-49.95554
-45.39313
-45.03553
-47.08431
-49.40660
-52.72507
-57.06557
-62.13926
-63.02940
-58.93728
-61.67902
-44.99970
-43.06247
-45.42306
-47.54950
-50.90121
-51.79765
-56.97790
-55.84390
-60.81982
-66.88060
-66.96405
-54.52213
-49.46305
-49.87183
-53.33491
-58.71221
-56.72965
-55.59470
-51.88260
-53.47524
-56.11795
-51.97318
-48.45632
-46.93279
-47.94669
-49.18938
-50.62781
-49.35338
-47.26917
-47.16616
-47.12515
-48.51844
-54.04063
-54.07119
-50.92270
-49.84787
-50.37581
-44.51512
-43.20643
-48.15481
-50.31653
-50.96521
-54.54232
-57.72219
-56.33328
-54.80440
-56.30733
-55.60526
-43.78127
-44.21296
-49.37097
-46.53764
-47.86014
-47.40439
-47.85495
-51.90026
-54.30307
-56.51660
-54.81116
-58.39650
-64.06014
-61.05862
-59.20804
-59.28671
-58.11625
-59.34082
-57.93724
-59.60740
-56.05501
-43.85853
-43.38304
-46.04565
-48.00666
-54.64534
-47.33842
-45.14669
-46.08364
-47.64652
-50.63025
-54.26712
-58.27857
-61.11744
-60.70141
-58.13995
-59.26868
-44.26470
-43.22527
-45.46349
-48.18128
-51.70911
-52.71664
-57.78659
-56.53723
-64.78370
-63.43242
-65.86628
-57.33120
-63.54103
-57.85900
-59.57465
-60.35347
-55.48703
-56.44055
-57.17537
-58.72850
-55.91480
-56.33521
-55.04488
-57.17046
-56.21355
-57.92820
-53.67031
-53.64115
-54.62909
-58.19001
-55.29247
-60.47749
-61.60710
-62.86524
-60.65339
-66.12393
-55.00027
-42.95404
-44.13059
-45.67865
-49.64547
-51.32236
-54.80520
-55.13012
-58.51404
-56.16739
-58.97703
-50.37483
-42.97389
-44.61669
-45.73515
-50.52378
-51.10389
-54.25248
-56.37561
-60.14080
-65.47750
-58.85569
-58.33042
-58.90516
-57.49092
-56.76734
-54.36364
-54.97206
-55.25412
-54.58447
-54.15800
-56.29064
-52.19884
-43.54911
-44.12922
-46.65645
-48.88137
-55.42416
-48.40808
-44.46816
-45.82143
-48.23503
-51.12595
-54.99196
-57.96032
-64.71010
-59.25564
-62.90675
-53.88247
-42.94025
-43.82638
-45.91250
-48.50328
-51.84278
-53.15716
-55.93895
-56.01784
-60.53232
-61.21010
-59.70540
-51.71332
-53.22365
-53.89949
-58.15530
-54.84367
-51.85251
-50.04654
-50.17934
-51.88033
-54.32333
-57.57624
-54.40954
-51.15761
-49.62122
-55.12206
-45.73931
-45.44221
-46.98780
-49.80049
-50.69604
-52.84667
-56.77048
-54.63552
-54.86887
-52.63836
-52.67434
-44.77407
-46.20880
-46.81050
-50.62475
-54.68399
-55.00441
-58.41494
-58.55896
-56.75098
-59.09494
-48.31427
-42.49766
-45.52648
-47.57326
-49.75249
-50.93092
-53.37791
-58.01734
-56.84553
-63.74804
-60.67753
-55.02501
-55.21092
-54.39042
-56.60706
-58.44330
-57.93455
-57.35423
-58.81672
-55.39634
-58.39724
-47.25503
-42.83557
-45.83434
-47.04985
-52.21745
-53.19874
-45.51606
-44.84416
-47.17648
-49.03971
-52.23064
-56.13251
-59.78903
-62.87332
-56.86410
-63.25954
-47.27311
-42.71475
-45.02232
-46.27627
-51.31930
-52.04464
-55.42484
-55.99079
-59.85369
-59.99799
-61.70659
-60.95587
-56.91405
-63.06377
-60.98880
-65.86691
-56.11871
-58.59153
-60.44061
-58.89866
-58.04845
-57.63681
-55.01991
-57.79871
-57.68464
-57.92810
-57.02412
-53.53730
-52.62176
-51.91665
-54.53084
-53.08186
-53.22876
-53.49244
-63.90291
-55.87763
-66.46948
-47.27088
-42.84164
-45.43219
-47.11201
-51.01301
-52.17174
-55.49647
-56.42086
-57.92468
-56.15037
-58.22491
-44.44646
-43.86238
-46.10329
-49.13691
-51.75787
-52.68960
-55.81479
-54.82392
-57.32699
-55.54742
-56.52802
-57.42668
-65.08530
-60.66174
-59.35702
-57.75658
-57.73465
-57.28386
-57.86376
-57.18470
-59.25101
-44.62703
-43.68725
-47.81424
-47.04264
-54.72092
-48.84387
-44.82961
-45.46905
-47.45706
-49.74653
-53.85756
-57.64132
-63.48992
-61.31826
-59.33907
-59.85314
-44.68148
-43.34528
-45.17764
-47.37871
-51.34546
-52.84892
-57.10018
-56.46349
-62.00465
-67.66903
-63.27339
-55.34324
-50.14815
-50.93999
-56.65585
-58.15827
-53.00183
-49.98788
-50.94718
-51.69226
-52.63987
-55.62651
-51.14829
-50.08216
-48.79653
-49.86091
-47.36322
-43.24917
-50.45951
-51.45481
-46.79959
-49.77335
-50.77835
-50.69061
-48.20520
-46.46049
-46.80096
-44.45508
-43.77400
-46.15403
-49.24790
-51.00507
-55.29897
-55.92719
-58.02854
-55.00490
-56.55008
-55.07598
-43.96058
-44.53131
-45.57816
-47.62427
-48.04955
-49.21009
-50.80255
-51.70438
-57.21077
-55.86713
-57.10165
-59.46059
-64.32008
-60.10395
-58.86283
-59.25361
-57.94097
-59.55502
-57.54864
-60.83871
-54.74919
-43.26343
-44.02329
-46.57730
-47.77990
-54.30084
-47.29545
-44.76103
-46.32474
-48.37197
-50.73294
-54.49809
-57.93852
-62.45163
-58.59211
-60.22794
-55.37091
-43.45291
-43.60368
-45.89644
-48.98377
-51.94501
-53.79153
-57.06341
-59.07575
-68.52949
-63.08820
-64.51676
-56.83542
-64.38817
-56.82298
-61.56257
-58.21882
-54.65589
-56.06036
-57.38564
-57.63685
-55.76441
-56.19968
-55.08007
-57.57229
-55.71847
-58.13985
-53.04149
-53.63883
-55.28380
-59.35888
-55.09110
-62.79200
-60.42417
-64.37711
-59.44355
-69.90073
-52.45907
-42.27688
-44.02630
-45.25389
-49.53407
-50.76501
-55.11569
-55.84303
-59.49400
-55.89737
-62.84793
-47.74556
-42.83966
-45.14478
-46.50967
-51.31161
-53.05245
-60.63405
-67.62106
-79.88765
-72.88044
-70.34091
-58.66079
-68.50138
-63.25050
-60.84805
-58.19852
-58.25665
-56.98232
-58.65108
-56.46655
-61.47635
-49.59588
-42.67598
-45.36913
-46.79719
-50.92995
-54.41622
-46.57904
-44.24449
-46.44375
-48.18486
-52.15403
-55.43952
-63.20650
-64.35855
-62.44151
-60.21996
-59.05957
-57.85487
-57.94694
-59.20917
-58.15672
-58.77080
-57.48158
-70.80433
-78.33739
-86.15097
-72.46696
-60.49146
-50.87674
-51.47978
-55.11935
-60.47236
-57.77164
-51.84086
-50.71366
-51.52719
-55.28339
-51.01373
-46.84112
-45.78374
-46.63198
-46.62551
-48.04396
-47.50241
-46.56877
-45.40186
-46.90607
-49.41804
-57.69037
-53.08622
-49.02198
-47.63714
-48.54755
-46.84094
-43.96796
-45.74424
-46.40414
-51.79002
-53.39309
-55.64784
-56.55483
-56.99604
-55.75545
-62.08867
-46.39692
-44.73836
-48.84941
-48.34084
-47.22446
-48.96443
-58.07649
-56.71409
-58.99109
-62.83193
-60.56053
-54.44786
-55.45850
-54.12060
-57.55530
-57.14777
-57.82099
-57.13292
-58.13334
-55.35278
-57.90014
-46.50941
-42.30497
-45.45538
-46.17756
-52.25320
-50.35594
-44.92509
-44.70190
-47.18249
-49.03832
-52.45132
-56.44795
-60.17324
-61.69206
-56.70055
-62.09965
-45.56403
-43.27693
-45.40677
-46.92057
-51.98325
-52.21483
-55.98915
-58.23980
-65.38435
-59.18340
-63.30399
-58.88037
-58.69197
-62.32978
-62.03426
-63.96884
-55.66014
-56.93503
-54.06923
-54.81454
-55.67377
-56.72964
-55.17431
-58.34375
-57.37029
-58.44765
-55.38205
-52.35153
-51.45649
-52.45519
-52.94519
-52.68977
-54.36195
-54.95993
-59.62312
-54.71133
-62.29365
-45.76456
-43.99456
-46.45057
-48.52080
-51.80549
-53.06014
-55.35128
-56.32377
-55.41961
-57.05968
-53.45592
-43.18664
-44.90333
-46.73067
-50.30580
-52.03474
-53.89992
-55.24015
-55.11485
-56.65312
-55.67150
-56.76795
-57.98270
-65.49143
-60.19539
-59.70941
-58.06990
-58.24714
-57.98844
-57.63764
-58.43370
-54.84370
-43.76990
-43.89749
-46.25966
-47.93451
-53.82918
-47.64663
-45.13635
-45.66367
-47.95303
-50.20376
-54.97993
-58.16681
-66.00717
-59.08411
-61.84184
-53.84531
-43.28257
-43.93527
-45.93018
-48.96596
-51.07490
-53.43163
-57.16075
-56.70498
-64.47689
-67.31866
-63.23320
-53.27817
-51.89415
-53.49951
-56.65678
-55.30937
-53.10955
-50.53182
-49.68820
-50.43313
-52.56514
-52.48289
-46.49207
-46.43793
-46.62186
-47.47869
-47.33285
-48.78921
-49.28161
-47.46185
-49.08312
-52.69615
-55.38219
-55.10738
-50.35497
-49.95147
-50.06786
-45.11170
-46.48249
-46.32873
-50.15782
-52.96085
-56.07351
-56.48114
-56.39733
-54.92718
-59.20747
-49.78486
-42.80038
-45.47782
-46.07500
-50.80352
-52.74926
-52.15880
-51.81164
-53.26047
-56.93834
-57.29744
-56.79639
-60.38310
-63.13375
-59.50694
-59.90936
-59.19993
-58.94917
-59.42375
-57.05988
-60.48363
-50.23109
-42.60349
-44.54211
-46.19096
-50.50635
-52.94739
-45.82603
-45.57928
-46.35119
-48.84836
-51.53485
-56.26966
-58.41557
-63.96497
-57.56827
-62.86646
-51.92202
-42.87577
-44.78613
-45.77484
-49.87170
-51.56926
-54.25677
-56.29445
-57.70956
-65.03994
-63.89236
-61.89523
-57.69345
-63.70811
-56.39016
-62.69516
-57.25204
-55.11400
-55.18300
-58.18268
-57.05615
-56.27960
-55.56844
-56.53836
-57.35261
-56.67874
-56.08696
-52.34574
-53.20538
-53.08595
-55.28812
-53.36162
-56.42471
-55.33279
-58.38990
-54.99199
-62.72820
-47.82041
-43.26874
-45.43503
-46.88298
-51.58282
-51.82790
-55.92180
-54.27693
-58.54891
-54.85012
-59.10689
-46.49697
-43.46430
-45.53550
-47.55821
-51.90736
-51.58913
-55.60208
-56.27965
-62.78964
-61.67828
-58.33091
-58.53530
-58.61251
-57.34053
-55.94798
-53.93588
-55.52276
-54.71876
-54.54083
-54.23547
-57.64098
-48.02808
-42.97876
-45.36802
-47.12186
-51.33932
-54.29107
-46.27945
-44.93619
-46.85614
-49.07671
-52.58518
-55.90717
-60.14002
-64.00971
-57.64346
-63.35685
-48.28356
-42.39588
-44.67052
-46.17291
-50.44260
-52.01768
-55.78658
-55.73897
-57.69315
-60.41311
-62.39804
-55.49154
-48.33841
-49.48428
-52.42995
-58.37207
-54.26248
-54.66128
-51.50178
-52.61431
-55.66451
-56.27214
-51.66105
-51.94262
-48.79519
-48.99019
-47.67761
-44.05586
-44.62688
-43.60537
-48.89202
-50.64945
-54.85685
-52.82022
-48.92540
-47.06253
-48.26490
-47.21393
-45.12446
-46.79578
-48.53195
-52.53399
-54.54994
-57.39904
-59.68110
-59.42275
-56.75067
-56.74082
-45.30062
-44.33771
-43.87305
-47.86795
-53.50555
-50.61717
-58.21321
-57.81865
-58.77899
-61.45225
-57.92458
-55.20682
-55.27170
-55.38948
-57.91350
-59.01806
-57.28168
-58.18745
-56.96276
-55.83565
-55.03488
-44.04789
-43.54319
-46.79770
-47.87259
-54.96768
-49.69200
-44.57171
-45.23347
-47.96749
-49.63220
-53.80751
-56.98889
-62.91217
-60.09488
-58.25676
-58.25655
-44.39337
-43.50428
-45.45134
-47.77530
-52.14754
-52.40920
-56.37577
-56.51251
-62.06307
-59.07876
-64.24587
-57.87020
-59.19808
-62.13151
-62.80120
-62.23981
-54.55174
-56.26005
-57.19905
-58.50256
-58.12495
-56.61564
-55.06662
-58.84168
-56.66662
-59.14733
-54.92749
-52.40959
-51.02909
-51.76149
-52.06338
-52.03230
-51.86656
-54.40837
-56.48628
-54.62289
-57.57076
-44.23456
-43.83559
-46.11921
-49.00547
-51.89706
-53.80180
-54.20139
-56.69643
-54.71628
-58.10593
-51.63343
-42.98411
-45.37785
-47.12845
-50.99672
-51.83470
-54.54797
-55.23338
-55.97031
-56.51648
-55.67565
-57.26309
-61.42428
-65.26887
-59.86137
-58.63616
-57.76364
-57.45280
-58.17912
-56.71802
-60.20750
-52.97485
-42.74038
-45.06805
-46.88995
-48.69050
-54.71261
-46.61131
-45.14145
-46.49765
-48.24204
-50.95978
-55.58734
-58.46077
-65.85586
-57.90467
-63.80710
-52.63573
-42.93946
-43.56332
-45.70097
-49.17198
-51.41611
-54.61647
-58.14712
-57.23211
-64.83251
-67.64316
-59.11517
-51.53105
-52.02950
-53.68138
-59.32395
-58.73895
-55.28130
-53.94226
-53.86957
-54.60855
-54.77901
-55.34034
-50.88826
-51.65139
-49.30578
-52.40059
-44.98715
-43.67332
-46.35028
-47.41305
-55.06048
-53.50882
-52.10738
-50.89469
-49.77266
-48.80099
-49.56401
-44.43320
-46.23425
-50.39424
-51.28436
-52.07812
-55.12698
-56.78331
-56.09757
-54.75271
-58.80955
-49.80026
-43.07688
-46.01174
-49.49312
-49.34729
-50.41993
-54.35667
-53.73708
-57.21124
-56.73489
-56.85637
-56.82268
-61.03948
-62.61774
-59.00332
-58.83676
-58.83340
-58.87051
-60.29145
-57.60789
-64.73820
-49.00705
-42.18379
-45.28971
-46.35318
-50.16227
-52.47645
-45.52515
-45.14311
-47.08056
-49.15206
-51.86057
-55.94104
-59.22349
-62.92262
-57.06456
-63.68058
-49.18753
-42.80193
-44.81161
-46.61967
-50.85572
-52.04623
-55.54538
-57.10609
-63.38630
-64.45265
-64.39433
-60.15349
-58.56340
-62.75154
-56.47234
-62.91545
-56.21346
-55.53431
-54.93305
-58.22983
-56.53945
-56.27888
-55.34556
-56.25034
-56.71112
-56.61374
-54.90282
-51.60167
-52.12435
-54.52227
-55.18084
-53.65713
-57.67349
-55.60350
-58.75636
-55.19469
-63.39896
-47.13737
-43.25645
-44.55506
-47.09720
-51.11776
-52.25962
-55.96843
-55.49679
-57.40026
-55.67497
-56.77003
-44.21959
-44.22279
-46.35482
-48.82800
-51.94639
-52.14241
-56.42439
-56.95636
-64.59448
-60.39631
-57.25343
-55.90190
-57.52099
-56.67245
-55.33116
-54.03302
-55.55896
-54.72599
-54.28705
-54.79996
-55.58966
-45.95325
-43.60802
-46.62071
-47.69356
-54.58021
-51.66260
-45.04117
-44.91692
-47.09322
-49.32664
-53.35460
-57.78153
-64.37387
-64.71820
-59.33455
-63.42444
-45.30171
-42.77179
-45.05322
-47.11022
-51.38164
-52.17068
-59.59289
-65.47123
-84.35905
-70.53022
-83.85707
-64.93746
-57.62419
-58.37826
-63.30083
-67.47375
-55.28225
-52.18022
-51.22598
-51.68616
-53.69268
-55.52207
-51.37246
-49.59965
-49.59423
-50.40542
-53.86155
-55.08973
-53.52545
-52.43750
-54.73489
-57.93911
-61.51662
-56.09556
-50.95809
-46.82459
-47.06851
-45.24534
-44.73939
-51.74092
-55.10698
-52.36661
-54.65248
-57.30153
-57.53763
-56.91875
-59.80924
-54.73571
-43.62027
-47.68310
-52.48400
-47.66865
-49.62941
-50.48483
-56.66351
-56.30755
-59.77502
-63.67382
-57.31194
-53.46499
-54.01703
-55.10440
-59.09873
-59.29203
-58.64270
-58.95712
-57.46262
-57.72271
-54.77619
-49.16473
-51.94223
-57.59620
-54.58368
-63.42643
-46.68763
-46.04153
-48.80957
-50.40653
-54.05298
-56.51936
-59.68802
-62.05403
-59.50856
-60.49697
-56.50410
-43.47428
-45.10390
-46.39736
-49.23535
-53.79701
-54.17175
-56.95628
-58.46661
-60.94516
-57.33830
-61.17840
-56.06681
-60.11433
-59.00932
-61.28890
-58.89881
-56.92533
-58.31773
-59.62604
-58.72305
-58.75818
-56.60763
-56.55638
-59.83768
-57.74625
-60.71208
-54.74494
-53.61056
-51.70400
-53.76499
-53.53676
-53.04208
-52.09980
-57.67986
-57.24686
-59.23963
-55.13202
-43.56746
-45.32182
-48.62171
-52.70673
-54.37630
-57.28251
-57.50150
-60.44267
-56.41264
-62.88088
-50.11656
-44.58684
-48.56879
-48.82413
-52.72002
-53.01512
-55.64397
-54.67814
-55.77638
-55.78519
-55.90981
-57.49826
-59.24340
-61.54522
-59.17106
-59.95507
-59.43555
-59.73968
-59.32629
-58.22224
-61.21214
-54.74647
-47.95830
-52.82429
-54.43462
-53.60187
-59.57036
-46.68637
-46.53731
-50.14545
-51.18980
-54.16200
-58.33878
-61.92113
-65.05435
-59.40218
-60.41215
-54.93788
-44.63879
-47.49186
-49.09194
-51.86203
-55.43392
-55.95667
-58.62170
-58.47169
-61.94219
-56.85857
-57.32183
-56.67711
-60.19074
-58.48946
-59.86097
-57.75216
-57.06314
-57.29846
-58.51760
-57.60375
-58.00075
-57.13215
-56.59642
-57.99567
-56.96131
-57.75605
-53.24195
-52.92111
-54.62488
-53.94872
-54.04727
-56.82360
-54.28573
-59.04120
-57.10377
-67.87392
-52.72812
-44.32679
-47.65724
-50.38386
-53.31575
-54.54699
-57.92482
-57.88301
-57.07415
-54.20174
-58.28016
-47.93252
-45.78106
-50.44120
-49.99200
-54.95764
-54.12621
-54.18620
-54.05453
-56.02683
-55.13432
-55.82415
-57.60836
-61.51575
-63.91784
-59.74843
-58.89949
-57.10703
-58.95858
-60.21978
-59.06168
-59.77123
-50.61071
-46.66472
-55.22299
-53.57686
-56.48305
-55.07814
-45.92595
-48.46894
-51.14984
-53.04627
-55.10217
-58.07587
-58.97651
-62.59627
-58.40560
-67.66593
-48.38402
-44.31643
-48.51417
-48.57101
-53.65492
-54.53520
-58.69437
-58.94631
-58.92522
-59.13470
-59.43549
-56.51862
-56.63695
-57.48187
-55.15857
-57.74623
-55.31559
-53.97348
-54.65471
-57.92661
-55.36867
-57.23349
-55.92228
-57.87273
-57.62781
-59.16526
-55.70442
-52.52502
-54.60352
-57.23757
-56.34245
-54.65043
-59.42091
-57.17346
-60.49945
-57.34711
-81.06494
-46.41568
-44.25551
-49.17287
-49.07377
-54.04702
-55.76096
-58.94719
-57.24354
-59.23570
-56.77298
-56.48656
-45.95163
-46.56528
-48.99225
-50.27462
-53.62737
-53.00951
-56.63506
-56.48047
-61.68486
-57.38861
-59.34262
-57.61676
-56.13823
-56.30902
-54.89919
-54.94663
-57.15417
-55.82703
-54.81225
-56.12081
-54.83965
-51.13010
-50.77780
-58.90129
-55.34913
-66.66543
-52.85237
-45.87199
-50.34098
-51.23230
-54.01014
-56.28030
-58.83464
-61.14881
-61.45387
-59.10608
-61.61597
-46.30864
-42.71808
-45.93639
-48.89977
-53.34346
-54.33711
-56.37325
-57.11702
-59.87718
-58.91151
-59.75347
-55.70057
-56.40454
-56.21693
-55.90107
-58.44083
-59.33516
-58.05532
-57.21027
-59.97697
-57.88092
-59.52103
-56.85291
-59.22146
-56.93231
-59.50380
-55.33033
-52.24424
-52.92038
-54.24707
-53.67186
-53.22581
-54.40497
-53.22030
-54.96450
-52.89230
-55.18097
-45.46736
-45.00673
-44.66514
-44.82167
-50.20828
-50.90648
-56.10445
-59.66908
-56.20542
-58.56045
-54.27789
-45.03382
-45.69899
-49.00205
-53.55986
-56.61862
-59.00260
-54.52424
-49.30350
-48.24519
-47.63868
-47.42485
-50.11535
-53.20508
-54.89137
-58.23496
-59.15501
-58.06395
-59.20108
-57.21747
-57.55215
-53.31674
-44.57964
-48.27463
-56.56643
-48.46898
-47.82298
-49.53919
-48.93968
-52.16457
-55.81692
-54.86385
-57.28090
-59.93784
-64.25413
-58.64767
-62.74641
-53.79979
-43.54419
-43.76326
-44.85922
-47.11003
-51.11426
-50.58746
-54.26876
-57.41252
-59.32187
-58.67906
-59.06866
-56.13533
-60.35342
-59.32407
-61.95444
-58.32326
-55.77500
-56.57089
-54.64285
-54.78312
-55.55112
-53.70931
-54.42020
-57.52459
-57.55314
-59.39875
-54.68292
-55.14698
-53.66132
-55.25111
-53.71561
-53.88688
-52.60043
-60.68777
-56.87563
-61.73013
-50.05765
-44.25614
-50.61367
-49.58455
-51.26980
-49.54039
-51.44203
-55.64489
-57.66458
-56.54400
-61.38995
-48.43667
-45.64567
-49.22060
-49.45309
-53.04236
-52.67788
-53.64186
-52.64380
-52.37269
-50.85552
-51.60983
-55.36455
-59.12045
-59.60053
-58.69516
-59.28548
-59.64737
-58.59229
-59.12623
-57.28551
-63.21291
-51.92533
-46.20106
-52.20544
-52.05207
-51.46799
-54.14560
-47.10284
-48.35854
-51.96800
-51.38338
-55.98140
-61.27733
-59.79769
-62.59074
-57.57782
-64.64238
-49.50687
-44.83390
-46.04786
-45.43522
-49.53240
-51.42132
-55.04997
-54.89925
-56.77885
-58.51546
-59.04445
-58.98305
-57.95069
-59.33654
-58.09556
-59.26454
-57.89170
-54.69934
-49.77662
-51.02134
-50.78967
-52.18435
-53.42204
-53.95068
-54.71428
-55.04669
-55.30306
-53.31875
-54.97278
-55.36938
-55.52379
-54.87629
-57.37950
-56.07624
-64.05229
-56.84801
-70.57248
-50.18390
-45.20167
-49.43681
-46.72358
-48.07655
-49.30864
-50.18536
-51.31003
-52.47118
-54.93262
-57.75561
-44.66274
-45.18034
-48.38457
-49.25482
-53.00016
-51.93959
-53.27334
-50.81697
-53.00234
-53.37173
-54.12826
-55.87658
-57.02104
-60.12540
-60.22857
-58.66618
-59.28710
-58.95448
-60.34461
-57.34973
-61.80197
-46.26656
-44.85197
-47.94889
-46.03727
-47.77656
-47.13474
-46.79339
-46.93363
-51.19747
-51.71084
-55.22122
-56.69102
-58.21330
-62.34875
-58.16030
-60.45011
-45.29109
-43.97102
-45.61144
-47.14035
-50.33681
-49.01423
-49.53744
-51.39126
-56.92633
-57.69839
-59.25572
-55.25231
-58.94623
-57.73901
-55.69638
-59.21559
-54.80854
-51.39208
-50.67490
-50.55657
-48.68979
-49.83232
-50.68411
-55.01566
-56.13631
-59.19998
-55.14941
-53.46942
-54.37195
-58.47671
-56.47255
-56.29775
-60.14302
-59.70789
-64.39700
-59.37394
-69.08366
-44.39461
-45.42003
-47.36525
-46.76661
-50.48756
-50.22993
-51.90140
-52.69794
-54.18295
-57.73978
-53.34146
-44.57868
-47.77013
-47.39273
-51.08706
-52.80390
-53.43057
-53.24628
-49.54975
-48.30918
-47.19571
-47.86334
-48.81696
-51.56974
-53.74338
-55.08483
-54.98478
-56.75727
-54.67746
-55.08546
-56.44783
-53.20437
-43.96502
-48.04246
-50.04386
-47.75640
-50.71313
-45.69322
-45.84808
-46.84970
-48.46625
-51.27518
-54.86955
-58.66354
-62.72178
-61.63007
-60.57297
-59.42636
-56.88308
-51.03622
-47.29567
-46.33630
-46.92405
-48.23209
-50.85045
-53.59738
-57.05592
-58.94548
-59.07643
-56.34042
-56.11669
-57.58797
-56.69494
-59.47991
-57.18451
-55.64332
-54.10997
-53.73494
-52.56352
-54.17099
-55.18677
-57.47845
-56.87199
-60.48249
-54.04773
-52.19430
-52.90233
-54.16594
-53.03451
-53.10820
-54.82290
-53.06111
-55.74238
-53.21518
-56.29328
-44.17629
-42.96435
-43.23132
-45.81536
-56.28327
-53.05134
-56.62643
-59.55879
-56.39362
-61.02989
-50.01100
-43.53926
-45.52148
-47.49165
-51.20603
-53.63111
-55.94872
-52.02118
-48.30531
-47.75970
-48.09328
-51.13825
-55.00334
-56.20867
-58.16924
-59.43643
-59.40272
-57.48506
-58.89384
-56.40673
-58.28445
-50.19888
-42.77874
-45.30042
-46.94067
-49.49510
-51.25316
-46.68785
-45.93388
-47.40294
-48.96636
-50.80521
-56.20201
-57.45127
-63.24271
-56.72507
-65.30315
-48.47810
-42.51715
-46.35880
-47.73523
-48.11545
-49.34175
-53.93811
-56.03974
-57.92004
-57.30722
-58.35975
-59.19089
-56.07640
-60.47463
-59.04431
-61.22910
-56.13381
-57.04777
-53.72497
-51.29351
-51.94272
-52.95510
-53.90979
-56.23384
-58.36470
-58.63153
-59.33614
-53.62876
-53.07374
-51.87124
-54.26096
-53.04299
-55.92441
-54.70576
-60.87348
-55.96495
-62.93317
-49.91091
-42.93806
-47.51756
-48.46423
-50.85911
-49.81752
-51.18138
-58.09631
-57.43909
-55.86700
-59.70926
-44.38665
-44.06854
-46.95699
-48.50211
-52.18367
-52.36253
-56.73908
-49.93011
-49.84037
-50.39354
-54.49458
-57.59824
-61.38253
-60.29563
-58.90276
-58.73812
-59.35616
-58.94991
-57.00370
-57.01840
-60.44386
-46.13093
-43.06830
-45.85271
-46.88911
-51.11156
-49.07179
-46.42809
-45.75513
-49.08057
-50.50688
-53.62206
-55.36129
-58.94055
-61.99255
-58.34582
-63.00570
-44.31307
-44.05506
-45.51270
-45.49836
-50.61730
-51.72250
-55.96390
-56.15564
-59.30599
-58.10650
-57.64319
-56.02762
-56.14882
-57.90671
-57.73866
-57.65026
-55.16476
-55.83074
-53.57086
-52.44212
-52.86035
-54.98222
-55.37787
-56.97449
-56.45727
-56.81816
-55.01416
-52.33372
-53.80736
-55.34121
-54.04655
-53.52810
-56.29888
-56.82993
-61.39369
-58.90957
-80.48171
-46.75598
-44.34763
-46.91909
-46.40756
-48.92933
-49.97587
-52.09770
-53.89532
-55.01295
-56.02637
-55.14138
-44.01938
-45.17755
-46.81300
-49.39193
-52.36368
-54.06033
-53.17941
-48.50534
-49.36977
-48.27087
-51.44737
-54.06263
-56.08162
-60.57054
-63.40830
-60.57077
-57.90968
-58.55920
-58.87102
-58.51453
-54.59818
-43.67400
-44.63948
-46.89942
-46.44263
-49.78227
-46.33236
-47.58760
-48.59081
-50.26010
-51.69836
-55.00204
-56.94991
-61.70654
-60.75721
-60.36368
-57.92898
-43.57494
-43.25266
-45.43870
-49.46151
-52.67098
-50.26690
-52.89729
-53.98602
-56.89536
-55.83863
-56.16772
-54.46135
-58.25298
-55.66011
-56.98331
-56.60958
-55.26745
-54.21526
-52.02140
-50.74242
-48.81724
-49.59845
-50.96688
-55.25576
-57.18892
-57.72530
-53.43772
-53.96461
-54.85409
-57.77449
-54.79711
-59.72879
-58.90981
-59.04940
-58.16889
-66.05930
-53.28677
-42.96749
-45.19290
-45.32855
-47.89142
-49.59248
-53.02952
-54.18645
-56.92152
-55.58562
-58.63730
-49.40494
-43.00005
-45.25459
-46.26932
-50.75067
-51.33041
-53.29300
-51.00181
-49.25942
-48.15657
-48.73227
-52.13745
-55.09445
-57.63770
-59.49009
-56.28398
-56.28910
-56.43893
-55.91614
-54.72054
-57.53330
-51.84524
-42.97743
-44.47199
-46.44607
-47.98291
-51.23699
-47.27120
-46.24048
-46.96482
-49.32195
-51.06267
-54.31209
-57.06397
-63.11928
-58.40911
-61.06313
-53.04710
-42.47084
-45.23289
-45.73543
-45.82648
-47.71594
-48.76540
-54.01515
-56.84574
-61.04840
-58.18462
-59.28668
-54.63743
-57.28503
-55.29627
-58.01978
-56.34839
-57.75800
-55.37282
-53.77489
-54.64754
-55.81954
-55.52620
-57.37023
-58.44356
-56.15168
-59.70205
-45.12921
-45.14950
-47.89685
-50.30532
-53.15280
-53.18125
-56.87531
-55.03142
-57.46498
-54.60470
-59.96262
-66.26534
-63.17159
-61.29540
-60.46012
-59.90879
-59.32262
-58.77280
-58.84510
-59.15616
-59.11304
-59.99586
-59.04017
-60.37910
-63.74603
-64.55370
-63.72403
-62.52626
-62.45067
-63.64779
-64.24103
-64.86430
-63.09232
-62.57106
-61.09889
-60.12712
-59.46759
-58.74299
-58.61846
-58.98696
-59.28947
-59.52250
-59.17483
-57.29966
-54.97465
-54.33925
-54.79638
-59.01185
-63.73585
-63.30534
-63.68197
-62.78613
-63.15028
-65.08824
-66.71408
-63.28238
-61.18744
-59.99090
-59.04222
-57.76852
-57.28638
-57.12357
-57.73583
-57.77845
-58.45528
-59.07702
-59.45185
-61.76674
-61.75725
-61.42705
-61.49807
-63.37011
-63.21941
-62.89869
-61.28019
-59.30371
-60.78841
-62.12795
-61.79755
-60.72607
-59.57352
-59.35322
-59.65124
-60.18628
-59.94067
-57.33110
-57.65047
-59.40213
-59.69071
-62.28512
-60.97680
-60.34745
-63.36807
-63.52534
-64.08218
-64.13185
-62.33327
-62.30065
-61.05344
-59.44245
-58.71774
-58.02327
-58.26723
-58.79698
-59.23141
-59.72296
-60.99208
-59.28416
-58.51672
-58.85367
-60.09807
-62.32115
-60.83372
-59.55330
-59.08080
-59.62803
-60.81203
-61.19119
-59.92627
-58.82139
-58.55032
-59.57682
-57.82782
-56.24774
-56.65984
-56.85301
-57.98079
-59.29482
-59.00852
-59.08324
-60.71229
-60.89158
-63.16324
-68.01961
-66.44462
-64.95612
-63.69906
-65.92975
-64.14809
-62.68733
-61.50677
-59.50416
-59.23312
-57.61198
-58.55829
-58.19083
-56.61195
-57.90333
-57.98605
-56.90004
-59.20629
-59.47064
-61.00726
-62.84210
-58.70908
-57.25484
-58.71662
-59.25905
-59.66826
-60.32686
-60.24304
-60.36556
-59.50776
-58.87994
-58.58077
-58.72760
-58.54226
-58.96989
-58.20014
-58.81672
-57.22404
-56.92537
-58.60527
-58.05331
-58.58214
-61.17144
-66.05924
-65.08351
-63.17541
-62.18191
-62.12308
-63.38757
-61.18286
-59.23947
-57.59580
-57.80883
-57.77385
-57.78746
-58.48659
-56.50805
-56.71165
-57.65274
-60.17523
-61.92495
-62.79897
-61.82205
-57.90624
-57.77037
-60.61245
-59.76647
-59.01352
-59.82447
-59.65176
-62.09022
-60.68139
-57.67762
-57.06706
-57.92653
-57.62714
-58.80300
-59.55039
-58.44581
-58.93538
-57.88936
-58.53118
-60.13547
-61.44871
-60.54472
-58.54252
-60.00956
-60.39564
-60.09533
-57.99451
-57.95816
-60.36750
-60.62536
-60.27451
-58.25065
-58.60482
-59.86940
-59.57737
-58.33365
-58.32219
-59.56559
-58.51267
-59.45377
-60.32891
-59.16553
-59.43785
-58.20493
-58.37535
-58.87363
-59.08477
-58.33736
-58.45264
-58.86799
-58.13649
-59.17151
-58.64049
-59.27038
-59.68933
-57.95253
-58.84612
-59.28162
-57.83338
-57.53724
-57.17634
-60.12484
-61.02646
-58.95375
-60.78629
-65.11631
-65.81937
-69.68035
-67.44686
-59.50661
-58.32953
-58.22986
-57.34198
-56.22570
-58.72754
-60.06458
-59.79182
-60.30331
-59.90054
-60.48544
-60.05081
-59.98089
-59.29510
-59.20891
-58.76892
-58.00940
-58.47776
-59.36131
-60.66816
-62.33453
-62.11061
-61.27201
-59.84046
-60.96988
-61.48699
-60.71217
-60.21916
-59.45891
-59.15256
-58.82349
-58.67106
-57.09092
-57.50740
-57.41424
-57.19183
-57.10405
-59.19452
-63.30869
-64.11511
-60.48718
-59.01783
-59.05148
-62.40103
-65.37242
-62.03995
-61.68022
-60.24821
-60.28428
-59.48327
-60.32479
-59.88236
-60.66044
-59.76091
-68.92872
-84.64061
-94.72885
-72.64504
-57.19012
-52.08443
-52.26567
-55.35602
-58.55759
-57.52755
-51.04955
-49.96277
-50.11485
-51.40737
-55.69035
-57.08796
-49.76042
-46.58459
-46.47398
-49.32705
-52.70393
-49.20305
-48.55035
-51.35981
-53.62534
-63.20088
-53.57020
-50.25811
-47.81237
-48.84647
-47.30147
-44.05462
-45.45208
-46.25635
-52.01173
-53.17073
-55.99744
-58.04894
-57.85660
-57.04779
-62.17235
-45.13449
-42.61876
-45.11827
-46.44980
-54.36239
-51.36471
-56.96284
-59.31616
-57.46292
-67.45103
-59.33426
-55.29502
-55.28946
-55.29899
-57.83694
-58.29773
-57.64248
-57.92262
-58.49083
-55.71941
-58.19380
-45.87315
-42.29992
-45.39937
-46.35241
-52.67275
-50.10776
-45.04039
-45.08676
-47.18324
-49.09391
-52.64275
-56.76555
-60.50557
-61.10329
-57.13901
-61.17172
-45.08773
-43.35259
-45.55214
-47.17537
-52.35564
-52.58247
-55.92253
-58.34088
-66.00394
-59.24665
-64.02199
-58.45117
-58.82432
-61.77167
-62.40426
-63.38137
-54.49493
-59.71664
-59.84667
-58.58903
-57.98651
-57.20868
-54.98734
-58.49056
-56.96238
-58.58105
-55.09556
-53.27384
-52.24907
-53.02190
-54.29626
-53.75632
-55.01602
-56.68056
-63.51234
-56.21773
-64.17996
-45.32311
-43.75403
-46.23227
-48.53294
-51.54820
-52.80908
-55.28007
-57.35946
-56.17866
-58.04196
-52.88814
-42.77131
-44.71524
-46.52815
-50.48043
-51.56947
-53.71538
-55.48086
-55.30512
-56.84904
-55.46214
-58.01944
-60.41281
-65.37996
-60.48267
-59.00899
-57.65527
-57.66943
-57.78283
-57.23291
-59.00497
-54.48184
-43.48322
-44.12908
-45.93829
-48.22854
-53.79715
-47.28412
-44.99575
-45.67288
-48.20498
-50.39854
-55.43011
-58.33365
-66.93597
-58.83432
-64.01036
-52.42429
-43.01664
-44.18528
-45.94799
-49.13235
-50.99806
-53.72947
-57.21597
-56.59878
-64.23840
-67.38684
-61.89597
-52.16845
-47.99756
-49.05430
-55.04308
-56.08458
-53.33522
-48.68799
-48.84717
-49.86074
-51.27337
-54.89671
-49.03224
-47.45054
-46.92984
-48.18533
-52.17052
-53.52860
-49.68705
-48.99072
-51.11021
-54.86768
-54.22080
-48.66950
-45.40745
-45.38599
-45.83854
-44.14640
-46.16445
-47.93899
-50.53638
-52.67498
-56.55964
-57.59269
-56.41828
-54.72876
-59.62385
-49.09442
-42.85913
-46.94431
-48.50256
-48.29681
-51.38516
-50.20103
-50.44068
-54.54273
-56.06131
-56.26470
-56.85127
-62.01480
-62.94027
-60.47468
-58.90920
-58.76481
-58.18381
-59.33771
-57.17845
-62.03768
-49.77411
-42.72095
-44.91581
-46.24362
-50.83572
-52.39416
-45.52657
-45.53980
-46.32344
-49.02660
-51.80423
-56.51803
-58.63246
-63.72939
-57.32907
-62.60259
-50.75698
-42.63558
-44.46674
-45.88978
-50.55601
-51.35576
-55.14956
-56.69726
-58.78863
-65.41730
-64.74691
-61.84076
-58.02490
-63.30506
-56.43037
-63.10256
-57.20546
-56.20872
-56.48367
-59.23210
-57.08931
-56.33012
-55.16611
-55.93804
-56.65422
-56.80714
-56.32958
-52.85347
-54.01886
-55.92644
-57.50836
-55.62542
-64.26998
-59.96590
-65.22159
-59.06855
-76.80100
-47.37307
-42.68260
-44.91190
-46.79709
-51.12901
-51.91311
-56.41405
-55.08990
-59.37923
-55.36084
-59.27195
-45.50410
-43.17249
-45.08066
-47.25737
-51.63045
-51.45454
-56.13808
-56.53442
-64.78136
-61.98755
-57.97992
-58.34588
-57.93290
-57.05061
-56.01734
-54.00917
-55.64646
-54.68629
-54.58168
-54.17207
-57.54361
-47.49474
-42.81819
-45.47115
-47.03719
-51.69534
-53.64546
-45.97080
-44.74933
-46.86293
-49.22652
-52.71189
-56.13455
-60.46303
-63.52147
-57.59436
-64.21742
-47.30770
-42.35961
-44.92809
-46.39111
-50.72432
-51.98955
-55.25474
-55.91453
-57.28359
-60.93231
-62.44773
-57.07630
-50.37108
-51.01978
-53.60007
-60.56969
-56.58290
-57.48593
-54.75815
-54.05706
-55.01431
-55.61907
-50.62535
-48.82399
-47.37603
-47.82224
-47.95411
-43.49910
-44.40650
-44.87346
-50.25255
-53.48228
-54.06931
-52.78383
-48.23985
-46.48448
-47.29248
-46.20705
-43.88278
-47.64707
-52.43166
-50.50937
-52.17938
-55.72807
-56.70149
-58.29584
-56.24920
-57.44155
-44.11749
-42.90381
-46.31352
-47.55574
-50.09969
-52.00719
-57.66618
-60.35623
-59.94514
-62.44111
-59.39474
-56.34541
-55.20562
-55.36566
-57.75225
-58.42877
-57.11264
-58.49135
-57.35595
-56.54787
-54.72791
-44.14515
-43.91679
-46.92516
-47.95917
-55.10719
-49.15439
-44.52450
-45.69027
-48.04988
-50.05370
-54.15282
-56.99699
-62.85343
-59.13831
-59.00308
-56.89610
-43.96819
-43.99236
-45.70842
-47.89997
-52.40735
-52.55440
-56.43556
-56.15177
-62.08664
-59.09290
-64.67638
-57.32925
-59.94808
-61.39208
-63.87898
-61.23692
-54.55538
-60.29146
-59.48647
-58.51828
-57.69315
-56.43819
-55.23232
-58.92514
-56.93613
-59.02078
-54.55707
-53.65109
-51.88970
-53.44892
-53.91793
-53.31133
-52.64382
-57.25723
-60.56654
-57.57545
-58.78420
-43.76033
-43.58706
-45.66372
-49.19240
-51.22443
-53.76942
-55.33256
-58.48049
-55.91309
-59.64483
-50.73724
-42.86575
-45.45617
-46.62809
-51.02391
-51.40919
-54.68893
-54.97725
-56.03219
-56.57671
-55.81181
-57.70488
-61.29091
-64.39055
-59.98807
-58.77265
-57.84038
-57.19138
-57.97921
-56.67409
-60.23807
-51.95363
-42.70065
-45.91118
-47.16105
-49.23627
-54.33457
-46.17187
-44.84554
-46.18167
-48.47015
-51.02798
-56.08394
-58.81651
-66.47808
-58.10673
-64.97980
-51.60460
-42.92214
-44.26960
-45.78203
-49.29387
-51.74904
-54.63910
-57.22624
-57.78370
-65.35695
-68.28560
-62.82969
-52.81349
-54.76556
-57.20144
-60.78614
-56.33481
-52.27255
-52.05145
-53.33099
-55.87475
-52.31025
-49.68616
-47.39893
-47.18202
-47.05967
-49.39350
-45.12089
-44.69773
-46.39796
-47.95600
-56.43653
-53.36392
-57.01204
-54.83053
-47.79669
-45.59190
-45.29033
-43.37311
-44.22377
-47.73802
-49.42757
-51.48624
-54.50490
-55.15768
-56.38015
-54.02203
-59.59229
-49.11896
-42.78464
-45.26795
-46.79370
-50.14296
-52.60108
-51.36824
-54.37055
-54.97641
-56.97811
-56.90405
-56.94162
-61.98514
-62.87406
-59.90064
-58.75078
-59.07971
-57.92880
-59.84089
-56.90846
-64.09041
-48.11228
-42.37627
-45.48381
-46.42449
-50.59320
-52.17405
-45.30049
-45.24634
-47.04475
-49.35930
-52.05808
-56.07494
-59.63603
-62.45334
-57.23383
-63.44077
-48.65780
-42.94327
-44.98409
-46.57764
-51.03003
-52.08824
-56.26810
-56.85705
-64.05125
-64.98817
-65.29885
-59.98169
-59.01095
-61.99361
-56.62869
-63.62160
-56.04369
-56.24007
-55.92977
-59.16848
-56.12837
-56.78122
-55.01609
-56.62485
-56.29469
-57.36906
-56.12421
-52.83297
-54.28782
-57.31151
-57.86013
-56.31884
-65.49014
-59.47038
-66.63700
-58.59428
-80.21352
-45.69796
-42.51767
-44.61719
-46.65975
-50.72121
-51.85170
-56.29860
-56.62597
-58.61301
-57.06500
-58.35816
-43.99063
-43.59950
-45.28004
-48.39126
-52.24977
-55.20379
-64.23585
-72.45711
-75.07209
-76.96211
-62.94934
-60.11720
-70.29143
-60.90272
-60.35489
-57.61905
-58.22054
-57.09119
-58.44925
-57.04256
-59.49236
-45.09255
-43.39267
-46.22406
-47.38593
-53.83441
-51.16158
-44.78030
-45.13235
-47.26081
-49.54512
-53.63862
-57.56607
-66.10932
-62.77773
-62.00306
-59.67409
-59.29138
-57.06660
-59.42451
-57.99028
-59.09957
-57.29627
-60.89648
-76.67581
-90.67095
-85.63509
-69.01910
-54.84460
-52.24459
-54.31836
-57.88758
-59.98606
-48.90480
-45.22410
-46.03154
-47.61668
-46.95528
-48.57546
-49.19484
-48.76912
-49.23968
-49.58887
-53.33549
-49.96085
-46.70365
-47.51239
-47.83041
-50.45889
-53.44710
-49.44023
-47.29833
-47.94867
-48.26872
-50.29818
-54.96121
-59.50292
-62.89257
-61.13199
-61.29635
-66.01457
-76.78781
-75.66714
-74.64603
-75.89185
-78.54120
-80.03564
-81.55372
-82.87251
-83.63677
-88.34497
-94.48665
-104.21426
-94.06607
-97.57085
-95.16692
-103.72612
-99.67462
-110.02938
-102.16412
-104.36697
-96.17903
-111.51733
-101.17866
-104.49562
-99.87190
-102.86876
-106.61577
-110.16577
-108.34131
-107.57674
-103.13320
-102.08379
-116.40691
-107.77042
-115.98221
-107.31789
-110.48996
-111.54713
-126.37726
-113.28893
-124.59909
-109.17609
-118.01862
-113.87014
-118.19450
-113.49209
-113.28975
-111.67347
-116.34767
-115.12407
-118.05507
-108.64403
-107.99583
-117.62332
-112.01817
-114.32456
-110.38851
-112.95182
-116.20416
-122.03458
-116.73525
-118.49948
-108.89549
-113.30636
-117.35616
-116.77142
-117.82459
-112.06382
-113.61911
-120.06722
-118.70051
-119.60453
-116.06021
-111.18789
-116.32225
-116.56495
-118.32891
-115.58168
-113.21999
-114.54943
-118.34076
-118.79249
-119.28390
-108.19469
-111.56941
-117.94715
-113.12526
-113.86314
-111.13255
-116.21466
-119.93322
-121.55182
-119.46124
-117.70931
-110.90416
-117.48880
-123.07858
-120.00485
-122.47929
-117.15938
-120.19254
-124.45134
-124.54150
-125.44411
-122.35466
-120.75800
-125.94650
-124.43605
-125.28679
-122.30374
-121.33285
-122.35434
-124.84335
-124.77675
-122.36010
-116.22953
-122.46605
-123.68888
-122.15291
-121.19958
-119.50264
-122.91281
-125.38485
-126.11646
-127.13927
-122.46747
-118.19545
-126.13822
-124.98540
-127.25943
-123.10031
-120.76712
-124.43551
-127.12410
-124.90428
-125.34803
-121.52338
-122.39536
-125.37172
-123.92033
-124.56362
-123.82737
-122.93651
-124.83890
-125.15303
-127.13055
-121.29943
-117.19569
-125.31730
-122.36702
-122.64999
-120.78926
-121.03875
-125.85823
-127.08811
-126.72658
-127.15988
-121.93841
-121.19105
-129.33543
-126.55891
-127.90637
-125.84054
-125.88327
-127.11858
-128.27839
-128.09774
-128.68037
-127.33735
-128.06264
-127.72765
-126.71512
-126.95518
-128.34039
-127.72971
-127.37207
-127.85979
-127.81635
-125.12766
-125.52436
-127.20835
-127.30273
-128.27083
-125.55839
-126.86145
-126.66575
-129.81843
-128.97096
-128.28440
-125.86784
-126.54206
-128.95122
-128.54167
-128.54454
-126.81811
-127.81481
-128.59507
-129.48979
-129.37689
-127.18375
-127.51975
-128.53042
-127.96422
-129.43747
-128.59394
-127.52257
-127.51708
-126.78985
-126.06756
-128.45851
-124.80171
-125.19326
-127.33574
-126.26503
-126.70202
-126.26052
-127.83768
-128.09874
-127.49267
-127.86642
-127.31587
-125.25789
-127.39924
-129.37135
-128.72768
-127.74800
-127.65884
-129.49873
-129.12408
-129.52407
-127.91568
-127.61283
-130.26061
-128.47047
-129.03399
-129.47843
-127.95950
-128.35661
-129.20140
-128.10847
-127.62828
-127.93153
-127.81378
-128.78034
-128.49768
-128.76618
-127.93251
-127.97487
-129.31437
-129.21423
-128.23784
-128.00655
-128.05183
-127.16859
-127.66298
-129.89009
-128.11384
-127.42035
-128.57088
-127.47626
-129.09580
-128.75302
-127.89151
-128.78045
-127.61141
-128.15296
-127.95608
-127.43341
-128.11986
-128.14816
-127.69944
-128.20871
-129.65948
-129.32888
-129.45694
-128.95901
-128.85927
-129.61850
-128.19585
-128.90721
-130.08264
-129.84492
-129.24329
-129.42967
-130.07447
-127.46839
-128.19746
-127.57151
-128.51691
-128.16437
-125.76106
-128.10712
-127.15848
-127.99678
-129.25790
-127.60142
-128.74493
-129.13310
-128.53740
-128.59302
-127.92620
-127.75997
-127.61402
-128.01307
-127.10513
-127.40917
-128.05060
-127.69752
-128.16038
-128.53508
-128.75462
-129.45854
-129.29076
-128.52862
-129.62243
-126.04781
-127.73208
-130.48803
-127.83308
-127.07168
-127.97543
-127.98531
-128.29213
-128.83402
-129.06865
-129.89166
-126.90869
-128.00291
-127.69449
-128.15470
-127.31488
