-121.85924
-115.16683
-117.95923
-112.62694
-114.68433
-110.75759
-112.57698
-109.53892
-111.35511
-108.90243
-110.95366
-109.02663
-111.95841
-110.12303
-114.52811
-113.40165
-109.23462
-86.66343
-78.41184
-78.12999
-82.94293
-89.00945
-83.53847
-74.81152
-71.11678
-71.59751
-74.00638
-82.05931
-77.14546
-75.72330
-74.56096
-77.03909
-78.25372
-81.44445
-74.78405
-74.26324
-77.41691
-84.92398
-88.19373
-83.78219
-75.84509
-74.29351
-76.52237
-65.51075
-69.02366
-76.49955
-75.88631
-79.06840
-79.63115
-78.97788
-82.59381
-73.37557
-82.33430
-67.76219
-65.79330
-76.46729
-74.47086
-79.32267
-78.90846
-81.03125
-81.72350
-77.09496
-76.29442
-78.85287
-66.88702
-71.88328
-75.39638
-76.56364
-83.93776
-82.95330
-81.40710
-81.36613
-85.17667
-79.90019
-74.35533
-69.26826
-78.75399
-76.87154
-82.82698
-76.17252
-67.66913
-72.38746
-78.21011
-78.40978
-81.16267
-73.67001
-73.18917
-77.26925
-74.39005
-81.55488
-73.82607
-66.24621
-73.84194
-76.55779
-75.98773
-76.96809
-66.39828
-68.65342
-77.44081
-69.99862
-75.30368
-69.08835
-65.64261
-74.19174
-80.61577
-76.63977
-77.50892
-65.88947
-68.32769
-79.12953
-75.40359
-74.09012
-59.03277
-68.41417
-69.43377
-72.98321
-66.81501
-59.54300
-71.33050
-77.25064
-79.50905
-78.46935
-74.45931
-63.88754
-77.77970
-74.65082
-82.35571
-65.77816
-63.11054
-74.38593
-74.42324
-78.87894
-78.69555
-76.49205
-74.73164
-78.55779
-73.27824
-82.32512
-65.56301
-67.50352
-78.72123
-75.68615
-78.95557
-72.44605
-67.48316
-77.24166
-71.74880
-77.29285
-69.14789
-65.11252
-75.26975
-78.41922
-83.92194
-85.58002
-79.48904
-73.04335
-84.39186
-79.28916
-87.51359
-67.89920
-67.45459
-77.84936
-74.49594
-77.91532
-72.96534
-66.59839
-72.25957
-78.31353
-76.60496
-79.94956
-69.80529
-70.79730
-79.92581
-73.65220
-79.29899
-67.74966
-64.08960
-74.84657
-73.72604
-74.80998
-68.55167
-66.11839
-69.49297
-75.18948
-72.61018
-76.32052
-68.22034
-66.27028
-76.61188
-73.90985
-75.65618
-68.25005
-63.92679
-70.03989
-71.23113
-77.26668
-63.76784
-59.57853
-74.68628
-68.00240
-74.69599
-66.06963
-60.37611
-68.41457
-71.98953
-69.64792
-75.25464
-65.00754
-65.14782
-77.68166
-69.06723
-76.27557
-63.21290
-65.19373
-71.76239
-71.48093
-74.31336
-73.69202
-73.25559
-73.99316
-75.20242
-74.06557
-76.27526
-65.39403
-69.51196
-75.09838
-74.36942
-77.65841
-68.51352
-69.07025
-81.02401
-72.58426
-82.05623
-69.73940
-65.26516
-75.20473
-78.74002
-79.46254
-80.72084
-70.21990
-72.83071
-83.27420
-78.90785
-79.71971
-66.45110
-68.76531
-77.14136
-75.49347
-80.21883
-71.12505
-68.58197
-75.43580
-79.17881
-79.00591
-78.18377
-71.56367
-71.98256
-77.01800
-75.01328
-81.79936
-64.68754
-66.85460
-76.00669
-71.30090
-78.86699
-65.37207
-65.66456
-76.99897
-74.06107
-73.19474
-73.87961
-64.54953
-70.70667
-76.52131
-73.61077
-73.96552
-70.79052
-67.96895
-72.73674
-75.58857
-79.36124
-62.64417
-62.49141
-78.64644
-68.56770
-72.17115
-62.54006
-67.14114
-76.47658
-80.62970
-76.41863
-78.36594
-62.91636
-65.53292
-80.13960
-72.54563
-79.36427
-62.44782
-68.61364
-76.56631
-77.76518
-77.91656
-80.98622
-68.60045
-72.50256
-77.19403
-76.47004
-74.35345
-67.37020
-73.50090
-76.84502
-80.09070
-78.82402
-67.54354
-70.63704
-79.19088
-70.92820
-74.21881
-70.84180
-74.17077
-75.60557
-79.35058
-73.84705
-72.94152
-68.72104
-73.64871
-71.83216
-76.02606
-69.61313
-62.16148
-70.76132
-76.35545
-79.23447
-83.81126
-74.05955
-69.82767
-79.92430
-78.19105
-79.39869
-78.30426
-72.47236
-76.88496
-76.76611
-77.21244
-76.80397
-64.49276
-70.49080
-77.28362
-73.37093
-76.28994
-66.48576
-70.28127
-75.88706
-72.57402
-72.89055
-72.61337
-63.84429
-76.91539
-69.50839
-81.97504
-64.55602
-56.87014
-64.43930
-66.46955
-65.43007
-70.29345
-68.01087
-69.51461
-73.10950
-70.22339
-76.38714
-58.36364
-62.25359
-72.53463
-70.99739
-76.75821
-75.38101
-74.36424
-74.54605
-71.77126
-71.25029
-71.19074
-64.91283
-71.10891
-73.43617
-75.84703
-75.19797
-74.86131
-72.97268
-80.57196
-72.14508
-90.42212
-63.11917
-62.56333
-73.79091
-71.40105
-74.36526
-75.31818
-74.92639
-78.35489
-76.17445
-76.65314
-74.57818
-63.08900
-71.07958
-73.73068
-77.00833
-81.47913
-78.29657
-73.98729
-81.84272
-77.91710
-79.29670
-70.00262
-66.03112
-76.53508
-75.77752
-79.70682
-75.12140
-68.64848
-71.93008
-79.39345
-76.10287
-82.08885
-65.53410
-66.63659
-76.41441
-71.64579
-77.55830
-71.56588
-65.82251
-74.89935
-73.94966
-79.61451
-70.66862
-62.93543
-70.77925
-75.49331
-70.59175
-75.65111
-67.76557
-66.29635
-76.03776
-78.10333
-76.66815
-75.55630
-65.01563
-71.00508
-76.38107
-78.66431
-68.67592
-59.00491
-72.20408
-67.86747
-77.27773
-63.49565
-59.90803
-73.85511
-76.86005
-78.14190
-79.19014
-71.36239
-64.61416
-82.14608
-73.34912
-82.35366
-63.22542
-64.51616
-75.09999
-74.60168
-79.41135
-78.89765
-75.04502
-75.62068
-76.89140
-75.89261
-78.12978
-64.10657
-69.16385
-78.32161
-75.78500
-79.28555
-70.51533
-68.00978
-77.64055
-70.71341
-80.31975
-66.41602
-64.90710
-76.01191
-78.17683
-81.74484
-84.99348
-75.99099
-73.38736
-85.13907
-79.17915
-84.03671
-65.80344
-68.27515
-77.67755
-74.33754
-78.23086
-71.80284
-67.15386
-73.69883
-78.08630
-77.27147
-78.75923
-68.99122
-72.14889
-80.31591
-74.70575
-78.84960
-65.83877
-65.65443
-75.45870
-73.35420
-74.04774
-66.99775
-66.13970
-70.22146
-75.10091
-73.17195
-76.76662
-66.60199
-66.97129
-77.18630
-73.61820
-74.91717
-66.30821
-64.31409
-70.58136
-70.38886
-77.80152
-61.77249
-60.86536
-76.50870
-67.39859
-77.77611
-63.76407
-61.41840
-70.99900
-71.08726
-70.01864
-74.72144
-63.84750
-66.94410
-76.36495
-69.55684
-75.13820
-62.20018
-65.62474
-72.32755
-73.54546
-75.26878
-76.78392
-73.45468
-75.97442
-75.05692
-76.40574
-73.46454
-65.09950
-71.63840
-74.21996
-75.33130
-76.10717
-68.29036
-71.18984
-79.30744
-71.46080
-80.98413
-68.05274
-66.41838
-77.56976
-78.07737
-80.76449
-78.81454
-69.79235
-75.19146
-81.90965
-80.46295
-75.69777
-64.74171
-70.35064
-76.81620
-76.11713
-79.82372
-69.56168
-69.22326
-76.33288
-78.05464
-78.59392
-76.72240
-70.41992
-73.58593
-74.98300
-75.24516
-76.58390
-63.76204
-69.22917
-73.93257
-72.26159
-76.06746
-64.96947
-67.15587
-78.27429
-71.34662
-73.29866
-71.20917
-64.37858
-73.18465
-74.86249
-73.83793
-73.41844
-69.80692
-68.17284
-74.00534
-75.64532
-76.15670
-61.47474
-64.81417
-76.55406
-68.74976
-70.37241
-62.50366
-69.23499
-77.00429
-78.85059
-75.43760
-75.77597
-61.81382
-68.46502
-75.43622
-73.64567
-73.36944
-62.71988
-71.11478
-75.49300
-74.59347
-76.95107
-75.59909
-66.99642
-73.60986
-70.16358
-71.93757
-71.44323
-66.65396
-74.26492
-71.38881
-71.42793
-74.43994
-64.56408
-70.46413
-71.03825
-64.82111
-70.96348
-65.15861
-65.73192
-71.71568
-62.09298
-65.82743
-66.23059
-59.26486
-68.37990
-60.52463
-60.97615
-65.97027
-56.45675
-63.30129
-59.95440
-54.59279
-69.94920
-56.94290
-58.56242
-64.90186
-53.38028
-62.39110
-87.43513
-81.03436
-84.92004
-73.37393
-78.75697
-79.68028
-86.14173
-101.18625
-103.44226
-98.30789
-99.33989
-96.59861
-97.27203
-95.32998
-96.06947
-94.48966
-123.91443
-77.01271
-76.69854
-78.80158
-85.92839
-85.92119
-74.35881
-67.21077
-66.64206
-69.21551
-74.63091
-75.77224
-68.75881
-67.01828
-66.47907
-71.41926
-74.53697
-71.48029
-67.20557
-69.17919
-70.16820
-79.93225
-76.79683
-74.26515
-66.67078
-68.58464
-64.02541
-62.83894
-73.39700
-71.34350
-71.61418
-70.20446
-69.56778
-67.18402
-67.49763
-64.72373
-68.07297
-60.06105
-64.16256
-66.62014
-67.80845
-70.37213
-69.99831
-66.23469
-66.14133
-65.20094
-67.94415
-62.36272
-51.05437
-58.66027
-65.68293
-64.34786
-67.08774
-64.16578
-67.52544
-64.47760
-68.17452
-63.63236
-61.41574
-65.61608
-77.43022
-71.89489
-76.50204
-70.86091
-64.93311
-70.77543
-75.60487
-77.08060
-72.99670
-64.94009
-72.62805
-69.99084
-68.18121
-68.83249
-65.66310
-65.45079
-69.38972
-68.30521
-69.96489
-64.05475
-61.43543
-70.98301
-71.40107
-71.77625
-69.44928
-62.00325
-66.58338
-79.76922
-72.76775
-77.00899
-51.60356
-52.15416
-70.25354
-64.21480
-74.15742
-60.67476
-59.44470
-66.27430
-65.98820
-68.62367
-60.92959
-58.83590
-69.31776
-68.67848
-93.60751
-68.04765
-50.68400
-57.33644
-77.36721
-68.17586
-79.62669
-59.96121
-64.98992
-70.19741
-71.18206
-68.39007
-68.93930
-65.46987
-66.90493
-64.92084
-65.91177
-64.76291
-61.22821
-66.61352
-66.63223
-72.02538
-70.99294
-66.52576
-62.70092
-67.53380
-62.91357
-72.71497
-54.79958
-51.50029
-63.96531
-63.42649
-67.13210
-65.74934
-65.22663
-65.93029
-65.43011
-68.23822
-62.52929
-60.81284
-67.01928
-70.58162
-70.65175
-74.77292
-67.40188
-65.39478
-74.18579
-73.29716
-78.00622
-68.39996
-64.71245
-74.15154
-69.23343
-69.81318
-67.72220
-63.52072
-65.86560
-69.32421
-67.93545
-68.69514
-61.56507
-63.16795
-65.92598
-68.61089
-73.27223
-66.80159
-61.21266
-69.46227
-69.59462
-79.15718
-61.32913
-49.93894
-57.64070
-66.41417
-64.74181
-69.74541
-59.12020
-62.50436
-65.47182
-65.50026
-67.18838
-62.52170
-60.86493
-71.85020
-64.56296
-87.61820
-59.69587
-51.94040
-63.46491
-68.04088
-67.03301
-67.74799
-61.99607
-69.96244
-70.44423
-71.74819
-69.22717
-70.32834
-67.03605
-67.72273
-64.91277
-66.26715
-63.04364
-61.57590
-68.27198
-65.92268
-72.39966
-68.51163
-67.21857
-64.47555
-68.45950
-63.51811
-72.69036
-53.02891
-53.91633
-68.14127
-62.96596
-69.28072
-63.13836
-66.68311
-63.77778
-68.55012
-64.34361
-63.02570
-61.38173
-74.02107
-66.67183
-86.60083
-68.36884
-70.06736
-64.73312
-101.39274
-69.57322
-101.27793
-64.89642
-69.22914
-70.68070
-67.98347
-71.06754
-64.92896
-65.75247
-63.97300
-82.34430
-62.48554
-92.72713
-56.22962
-79.03742
-58.53508
-64.90637
-57.75239
-64.42792
-53.06212
-55.37263
-51.26685
-48.49323
-36.91627
-26.54750
-37.76021
-51.06732
-57.62017
-73.84896
-56.72746
-81.34333
-60.34537
-81.64569
-59.16609
-66.52016
-58.80117
-76.68098
-61.73401
-69.19219
-60.92544
-62.94675
-64.70778
-86.06753
-68.49596
-69.79109
-60.43781
-77.93425
-68.44450
-72.57988
-67.69804
-67.36250
-64.15909
-65.41097
-65.63722
-65.75940
-62.80863
-62.86814
-67.67909
-66.24492
-75.40819
-66.33224
-63.87837
-64.15677
-65.67913
-65.36753
-62.34603
-50.67181
-58.74395
-65.77807
-64.64972
-66.41458
-63.37004
-65.15739
-64.24588
-66.41730
-64.45700
-59.76452
-61.91709
-72.62602
-69.42208
-77.35612
-75.11307
-67.42845
-67.95509
-80.37296
-73.12628
-77.25593
-65.34353
-71.97080
-72.09460
-69.15871
-70.05521
-66.05857
-63.80320
-69.48660
-68.30374
-70.13088
-64.97628
-61.69363
-67.39105
-66.87615
-70.36905
-70.97087
-62.40924
-64.01533
-77.61083
-67.15643
-83.63031
-53.19586
-52.01860
-64.52640
-62.86106
-66.48025
-66.64120
-65.70568
-65.42165
-65.14975
-69.55057
-64.68011
-59.48162
-66.66638
-68.47955
-68.28850
-87.09607
-54.83724
-55.90646
-72.35625
-63.16549
-69.79722
-62.50170
-64.49913
-71.06585
-70.95420
-69.76598
-69.91148
-67.20276
-67.44340
-66.45553
-64.63908
-64.93292
-58.60397
-65.16471
-65.29714
-68.06252
-68.72830
-69.42891
-64.31281
-66.88093
-63.77431
-71.85161
-57.62925
-51.55227
-62.29151
-63.57500
-66.11214
-65.76059
-65.05765
-65.89080
-64.96360
-67.20453
-62.78886
-61.28898
-67.18335
-70.68843
-69.53949
-77.24584
-69.05008
-64.26586
-72.64760
-73.31033
-77.91519
-68.79424
-61.70330
-70.96119
-68.36730
-67.89467
-67.34244
-65.05878
-65.97466
-70.17355
-67.67085
-70.79048
-61.55914
-61.74222
-68.40821
-68.39063
-72.54181
-67.67286
-61.74482
-69.12950
-75.71898
-75.78775
-67.92023
-50.88052
-54.91841
-72.30998
-64.91482
-73.63425
-59.63888
-60.37584
-67.49078
-65.24967
-69.51949
-58.92803
-59.98520
-68.34191
-69.16842
-76.47072
-74.86406
-60.57443
-64.77813
-81.35210
-72.79787
-73.21125
-59.90732
-67.14705
-70.71665
-70.48378
-68.44815
-68.07929
-65.36231
-67.14468
-64.63799
-66.77388
-62.92692
-60.44460
-67.16009
-66.33194
-72.32338
-69.83989
-65.22824
-63.07299
-66.89615
-63.36036
-72.04408
-53.14595
-53.50058
-67.87191
-63.40601
-69.17180
-64.83171
-65.71405
-65.06480
-66.29515
-67.41053
-61.69728
-61.26751
-69.20037
-71.27644
-71.90523
-74.13395
-66.35597
-65.45938
-76.57069
-72.61887
-80.08089
-66.63360
-65.74110
-74.46662
-68.75722
-69.64569
-67.10946
-63.84991
-66.77050
-68.45639
-68.59779
-66.82347
-61.19016
-64.03710
-66.57323
-69.62768
-72.86510
-65.25473
-61.03101
-71.38840
-67.51047
-97.22547
-57.28380
-51.23427
-61.79769
-63.51469
-66.07509
-65.54039
-58.45999
-62.64572
-64.61032
-64.65706
-66.62125
-60.75965
-63.86736
-70.73459
-64.82999
-77.40350
-62.26454
-55.61313
-67.41051
-66.71330
-67.47818
-66.57082
-60.98667
-70.52380
-70.41075
-71.89824
-69.23282
-70.52775
-66.35477
-68.64469
-64.44075
-66.66011
-61.49129
-61.84022
-66.62244
-66.39052
-70.84312
-67.58252
-64.57660
-64.03118
-66.39652
-63.86469
-69.91982
-52.67954
-54.41491
-67.49436
-63.38725
-68.58923
-63.67138
-65.78199
-64.74636
-66.81052
-65.67962
-60.96222
-62.91326
-72.54182
-73.33426
-74.55875
-74.49951
-65.26984
-68.48247
-76.68364
-75.12173
-76.48623
-65.60266
-68.59789
-71.36409
-67.72387
-68.99842
-65.63906
-63.21898
-68.67260
-67.34193
-69.88749
-64.80856
-60.19219
-66.26160
-70.00159
-71.61342
-71.42216
-62.92727
-63.66827
-85.56969
-68.09796
-105.49583
-53.61469
-51.37934
-66.03338
-65.55203
-70.45104
-64.12270
-59.90878
-66.34303
-66.68708
-67.54814
-63.66984
-60.07774
-65.45469
-70.43285
-72.49569
-83.54603
-63.19017
-59.80549
-75.92252
-71.51446
-77.16148
-65.27309
-64.76536
-72.97369
-69.76439
-69.36930
-67.77441
-67.23924
-65.48682
-66.47674
-64.59945
-66.71325
-61.62794
-65.75409
-65.17650
-68.62560
-70.17494
-68.22216
-63.53773
-66.55231
-63.93130
-68.49994
-60.16446
-50.90222
-59.28478
-65.74279
-65.15726
-67.82902
-63.57071
-65.83561
-64.79536
-68.30688
-63.70407
-61.27372
-65.67483
-72.20088
-69.64489
-76.39666
-74.30874
-66.40514
-71.24632
-78.49281
-75.40153
-79.90410
-75.82082
-77.68648
-72.88412
-69.72542
-70.34801
-67.31591
-66.68647
-68.87987
-68.84644
-69.70785
-67.12343
-67.84765
-77.46043
-91.98641
-86.58984
-86.77267
-67.55652
-64.30482
-66.24683
-65.25036
-68.32309
-63.10009
-59.85634
-59.22203
-59.57246
-60.82089
-61.97256
-63.02313
-63.07107
-63.47785
-64.77057
-67.41650
-70.34459
-68.03416
-67.97162
-71.06072
-73.87359
-78.73662
-73.39467
-63.77678
-60.89832
-63.86610
-61.09009
-64.64039
-68.43349
-68.15469
-67.30452
-67.85128
-65.78830
-66.38739
-64.57117
-65.10397
-64.05117
-60.00953
-66.44435
-65.58157
-70.19957
-68.99965
-69.72344
-64.41625
-67.19454
-63.33081
-72.32976
-56.08480
-51.81154
-64.07219
-63.20613
-66.83914
-64.84204
-65.55374
-65.92963
-65.42803
-67.02951
-62.12062
-61.82333
-69.25936
-75.92427
-71.80455
-76.89407
-67.26100
-65.73995
-73.70032
-73.68892
-77.85144
-67.90847
-66.42758
-74.39336
-68.04467
-69.16930
-67.17671
-64.51246
-66.40624
-69.90863
-68.34710
-69.41522
-61.78346
-63.63044
-72.54758
-70.53221
-71.95761
-66.19837
-61.68818
-73.96315
-72.42050
-91.12580
-61.56910
-49.88868
-56.63829
-63.35880
-60.16678
-63.87825
-58.06986
-62.65869
-66.27087
-67.21009
-66.41008
-58.79498
-58.94937
-64.68313
-61.62943
-69.78718
-56.03412
-51.33467
-64.25905
-66.44809
-70.24120
-65.76245
-59.82163
-68.35938
-69.36514
-70.04774
-66.97609
-67.77914
-63.56657
-62.44844
-60.64207
-62.75511
-60.37816
-62.17060
-64.50602
-65.10520
-66.29109
-65.91112
-62.62877
-63.00603
-64.05251
-63.35596
-65.43573
-51.41923
-55.25262
-67.52887
-63.43534
-68.80916
-64.29938
-66.25479
-64.82905
-66.84767
-66.09909
-60.70210
-61.87902
-70.55027
-69.49363
-71.78309
-71.87227
-65.36557
-66.88473
-74.84813
-71.92828
-75.97058
-65.05090
-67.15129
-72.86157
-68.16571
-69.98724
-65.53308
-63.57152
-68.02517
-68.34053
-69.11146
-65.45929
-61.03952
-64.79665
-66.63025
-70.77837
-73.00883
-63.03942
-60.30609
-66.28475
-62.89918
-72.38482
-54.14281
-50.75224
-61.55375
-60.09495
-63.53737
-60.75692
-58.89016
-63.50704
-64.70329
-65.57155
-66.03249
-61.79007
-63.93530
-69.25227
-65.06143
-86.42543
-54.20420
-54.14731
-66.44630
-61.10579
-66.87940
-61.96032
-62.32953
-68.86594
-68.03205
-68.48031
-67.29353
-67.20725
-65.50669
-66.53274
-64.13736
-66.03419
-60.84986
-64.04466
-66.60155
-68.22411
-70.69752
-67.46209
-64.92801
-65.29568
-65.19153
-65.92918
-63.46998
-50.85203
-58.54575
-65.39896
-65.35173
-66.55012
-63.63930
-65.29091
-64.86887
-66.97240
-63.93476
-61.11606
-64.06932
-71.97757
-68.22937
-82.13922
-67.19682
-68.94855
-66.17064
-89.69085
-67.91787
-88.83280
-61.75349
-90.49196
-64.53576
-80.69585
-63.88923
-70.89731
-61.20128
-80.12733
-64.18186
-75.88819
-62.53635
-60.96521
-69.96158
-63.77275
-79.48874
-61.03240
-88.87826
-55.46953
-55.98703
-50.64212
-46.78965
-30.05055
-27.69015
-41.65250
-44.56356
-61.55675
-54.41971
-77.12391
-59.84507
-81.10146
-63.35339
-63.83962
-57.73946
-62.48676
-63.43341
-61.32567
-68.20467
-57.80919
-62.49102
-63.53421
-72.34146
-64.96937
-64.83544
-61.64462
-93.58358
-65.07048
-77.62282
-64.14232
-64.59001
-60.19198
-63.42739
-61.31292
-63.85441
-59.93309
-64.75811
-63.71559
-66.89226
-66.50830
-64.39818
-61.65585
-64.90105
-62.34830
-68.59059
-55.46581
-51.14394
-65.04995
-62.79578
-67.37674
-63.65812
-64.48455
-64.22839
-64.89143
-65.80287
-63.13444
-59.19412
-65.83965
-71.11577
-70.86994
-76.90669
-71.43401
-65.88285
-71.83960
-75.08458
-74.50305
-70.56003
-65.15052
-75.26225
-69.30248
-69.46592
-68.32038
-64.82337
-65.04043
-70.86715
-67.18115
-70.36219
-62.21492
-63.63640
-67.53891
-67.20856
-72.02916
-68.06958
-61.27918
-65.72269
-64.89316
-65.77812
-62.60114
-50.89562
-55.43117
-62.66447
-60.59691
-63.64971
-62.08757
-62.79562
-61.28421
-62.95036
-64.48844
-60.74925
-61.19320
-72.14638
-68.11887
-80.86078
-67.70669
-54.27071
-59.31411
-64.13541
-63.12533
-67.43539
-61.54696
-66.69861
-68.01171
-69.26012
-67.01751
-68.72854
-65.40795
-67.98266
-64.16768
-66.29928
-61.16584
-59.46872
-66.25751
-66.72088
-71.31960
-69.32505
-69.64143
-65.25730
-68.00637
-63.77963
-71.68258
-53.30831
-53.77023
-67.33936
-63.02684
-68.31271
-64.18406
-66.51770
-64.64815
-65.67865
-65.85403
-61.38740
-62.37406
-69.78772
-69.63357
-72.13396
-75.64831
-66.07960
-65.40048
-75.77016
-71.60433
-81.65833
-63.64358
-63.39433
-72.44849
-67.38200
-68.44042
-66.36924
-64.82290
-67.65467
-69.23368
-68.76263
-67.91218
-59.76187
-64.09804
-68.59339
-70.00411
-72.08567
-64.57533
-62.05007
-78.78413
-70.17029
-85.80790
-57.50036
-50.34938
-59.17305
-62.68749
-66.79406
-67.99893
-58.37501
-63.83176
-66.27493
-67.20797
-65.65267
-57.71332
-60.21805
-62.13165
-62.42644
-63.86553
-61.88500
-59.04435
-65.58420
-66.62749
-70.11124
-63.27121
-60.15741
-70.69959
-68.35330
-69.78218
-67.27818
-64.46358
-61.12140
-62.28191
-60.73133
-63.55126
-59.73843
-62.70421
-64.54440
-64.38306
-65.49303
-64.60810
-61.96266
-62.86191
-63.10809
-63.87416
-62.73483
-51.42132
-57.30599
-66.72776
-63.64000
-67.47046
-63.78458
-65.75792
-64.72260
-67.10816
-65.33946
-60.44511
-63.20141
-71.52539
-69.64082
-72.44261
-70.79858
-64.34426
-67.71161
-74.33731
-71.84164
-74.22202
-63.72357
-68.36481
-72.22750
-68.58696
-69.59592
-65.43593
-63.43953
-68.22176
-67.59495
-69.36836
-63.62309
-61.14134
-65.37267
-67.01516
-71.33172
-71.25592
-62.26927
-62.06406
-66.49875
-63.76922
-68.95545
-52.84245
-53.13793
-61.78072
-58.90270
-62.26674
-58.78634
-57.99605
-61.21303
-60.78566
-62.67501
-62.05386
-59.37673
-66.22111
-67.97278
-67.13294
-79.87292
-57.66376
-56.46423
-64.19575
-61.01778
-67.14393
-60.92890
-62.13188
-68.98278
-67.78993
-68.06013
-67.00038
-66.84318
-65.37103
-66.25347
-63.66596
-66.07946
-59.91186
-64.24944
-66.31571
-68.67079
-69.21048
-67.90114
-64.21174
-67.21378
-64.15249
-67.77859
-61.04752
-51.51203
-60.19022
-65.50128
-64.91215
-66.84569
-63.34667
-66.37817
-64.53385
-67.98202
-63.41143
-60.90080
-65.64079
-74.71240
-71.92297
-76.30418
-69.15796
-64.63570
-71.82316
-74.51118
-76.54640
-70.82471
-65.00711
-70.91035
-69.35376
-68.09514
-68.67338
-64.05147
-64.33718
-69.60794
-66.93866
-70.55562
-61.68231
-61.67821
-68.67784
-70.25425
-72.34015
-68.37028
-61.45243
-68.93458
-75.90943
-71.35686
-68.72534
-50.67500
-53.32153
-62.82783
-62.67511
-72.45051
-60.60416
-61.61746
-66.94511
-66.89841
-64.74078
-58.64958
-59.95682
-62.76717
-62.78687
-64.24168
-64.46903
-58.80260
-61.07816
-68.86272
-66.76716
-70.58235
-61.31248
-66.40143
-69.69387
-69.76913
-67.88066
-67.99781
-63.72470
-61.61495
-61.34401
-61.57539
-61.22795
-61.04123
-64.72698
-63.60899
-66.49118
-65.51053
-63.50538
-61.47741
-65.67731
-61.62116
-69.55008
-54.63708
-52.94129
-66.02241
-63.04362
-66.52338
-63.90428
-64.16401
-64.64741
-64.79225
-66.04533
-61.22346
-60.18727
-68.14380
-70.72687
-70.51971
-77.74380
-69.19293
-66.18021
-73.24374
-74.40683
-73.81092
-77.10622
-73.91885
-77.02329
-69.90271
-70.38186
-68.22958
-65.43936
-68.54179
-70.43942
-68.91347
-69.42173
-66.21075
-70.55981
-75.54615
-73.62606
-74.15657
-77.76047
-67.54476
-60.14276
-59.29209
-62.79549
-66.70481
-56.93937
-54.85871
-58.22047
-60.47481
-63.95955
-65.49070
-58.65467
-57.24145
-60.46511
-65.51288
-69.68420
-67.21049
-68.77963
-67.82028
-84.50797
-67.08368
-57.12027
-55.53252
-55.29892
-60.68524
-62.55120
-61.37795
-66.14829
-68.40646
-68.48078
-65.80519
-65.28439
-65.23092
-64.85127
-62.69672
-65.28677
-60.76131
-61.23433
-64.78090
-64.53311
-67.99284
-66.09032
-63.91157
-62.82772
-63.57031
-64.48259
-64.91640
-60.11925
-63.01870
-65.14013
-64.28009
-67.13312
-64.61329
-64.98917
-63.39108
-65.12980
-65.05085
-61.32699
-63.82244
-67.95053
-68.76958
-68.85025
-69.55293
-64.29277
-66.65861
-70.25589
-68.93752
-70.00776
-64.15930
-67.38236
-68.31339
-66.81001
-67.44865
-65.89119
-64.42003
-66.43133
-66.64746
-67.42025
-64.87612
-60.86449
-64.80790
-69.22689
-66.98740
-68.87382
-61.59934
-63.26078
-69.81085
-71.17161
-68.35856
-61.56737
-62.09319
-66.38310
-68.48714
-68.49242
-65.94688
-58.49194
-65.81355
-65.60879
-68.45753
-63.62330
-58.20267
-65.18226
-68.62165
-69.83028
-71.70861
-63.62617
-59.96461
-70.02719
-67.34637
-76.91225
-62.54108
-61.00566
-68.20027
-66.79390
-67.70437
-66.93513
-66.34770
-64.86081
-65.43297
-64.62108
-66.00378
-60.65329
-62.55579
-63.77911
-64.64027
-66.92615
-64.69753
-62.42696
-63.58651
-63.49132
-65.10659
-62.37689
-59.72226
-65.11417
-64.54369
-65.00312
-66.33354
-64.95916
-65.78355
-64.96717
-66.68495
-63.74275
-60.68399
-64.38099
-68.00562
-66.90008
-67.68017
-69.34233
-63.62914
-68.44171
-69.89957
-70.05396
-69.83047
-63.39564
-67.53171
-69.53068
-67.16390
-68.18349
-64.01916
-62.64967
-67.45014
-66.61710
-67.63496
-62.42288
-61.59781
-66.53779
-68.51898
-69.44031
-62.99986
-59.63855
-61.79206
-63.44500
-65.08937
-63.43034
-57.00130
-54.85650
-58.10509
-60.02093
-62.80409
-59.10433
-54.09135
-56.38116
-56.58140
-64.74613
-62.82341
-58.45979
-66.94809
-68.57033
-68.49712
-67.28393
-58.64512
-54.17979
-55.45956
-59.39162
-62.55247
-58.27373
-62.10386
-65.83420
-62.76571
-61.61558
-65.10740
-65.51831
-60.59899
-59.86205
-59.09026
-60.52590
-59.19249
-60.95737
-62.44893
-64.34185
-65.48120
-62.42299
-61.51716
-63.42017
-63.34246
-64.84354
-61.73807
-59.93438
-65.88199
-65.08210
-66.27616
-65.13017
-63.08038
-64.15082
-64.41220
-67.60337
-62.37761
-61.91246
-65.84438
-68.85956
-69.27183
-69.23070
-66.46062
-64.49181
-69.37323
-68.45631
-71.83293
-65.82323
-64.50966
-67.68414
-68.48640
-68.53017
-69.51537
-63.13325
-64.74447
-67.44938
-65.78756
-69.27906
-61.32568
-63.11494
-70.67417
-66.81982
-69.46237
-64.56907
-60.77715
-67.10786
-67.34255
-69.23568
-62.47350
-61.86078
-65.24400
-66.35720
-67.51332
-68.40449
-60.96238
-62.39604
-71.23619
-66.29803
-69.67891
-60.49467
-62.52225
-68.61954
-68.82826
-68.91394
-67.06141
-58.77091
-64.64028
-69.12417
-70.15080
-71.37447
-60.03088
-66.77726
-68.50567
-68.25153
-66.94436
-69.09334
-64.50475
-65.71664
-65.43357
-66.08306
-63.40109
-61.49645
-64.57475
-64.64814
-67.25718
-66.24616
-63.19085
-63.01969
-65.16232
-63.54864
-64.64967
-61.25045
-63.15411
-66.50366
-64.93294
-65.80282
-64.31333
-64.21986
-65.72479
-64.81933
-65.83779
-60.77320
-60.23346
-67.26621
-69.00229
-68.48770
-69.54312
-65.97560
-65.47332
-76.61991
-73.02761
-73.95503
-65.31008
-66.75275
-72.51575
-67.16237
-68.39132
-66.60051
-63.05192
-67.09938
-67.10827
-67.28021
-66.40058
-61.58832
-65.54718
-68.65280
-68.30721
-68.99301
-63.26612
-58.71477
-59.63322
-58.84152
-62.03078
-56.71933
-55.24765
-55.25475
-55.19507
-59.16993
-60.42710
-58.88451
-58.39703
-63.88208
-65.16118
-65.73724
-56.76181
-61.35682
-69.87765
-71.20377
-73.47999
-58.03024
-55.84726
-55.50093
-56.23135
-60.78546
-59.82441
-59.37780
-64.21993
-64.54881
-65.38088
-63.91586
-63.03368
-63.22797
-65.15253
-63.32443
-65.65707
-58.77686
-59.78683
-62.77379
-62.74431
-66.59063
-64.95018
-64.00758
-63.31162
-64.11045
-65.03710
-64.20089
-59.52341
-63.90258
-64.58788
-65.02561
-66.89926
-64.59121
-65.12525
-64.04159
-65.63574
-64.29823
-61.05451
-63.89943
-67.78593
-67.47634
-67.71883
-68.16279
-63.61903
-66.90928
-70.27931
-69.08172
-68.96928
-61.06211
-65.74606
-69.89483
-66.69085
-67.62676
-65.22469
-64.11073
-67.84716
-67.10585
-68.99819
-64.28790
-60.64046
-66.51666
-66.80871
-67.89394
-67.79110
-61.22086
-64.50675
-70.89776
-71.90666
-68.42917
-60.18783
-56.43638
-54.71921
-56.83217
-67.15133
-63.63209
-58.82535
-67.76864
-65.42148
-69.69350
-62.27466
-54.71622
-54.44555
-56.54121
-58.35281
-58.23438
-57.90623
-58.05568
-63.09158
-63.74857
-62.52355
-59.00522
-60.82196
-66.09134
-62.75557
-62.22973
-63.31855
-58.46879
-58.27091
-60.27191
-62.99352
-63.17227
-59.57375
-60.26828
-59.71337
-60.07566
-61.23640
-62.28936
-61.37292
-63.28477
-62.69990
-64.55514
-60.59358
-59.45129
-64.08615
-63.20614
-64.61579
-65.33605
-64.52795
-65.15503
-64.35254
-66.41615
-62.68176
-60.73558
-65.27342
-67.26108
-66.20229
-67.75721
-65.67800
-62.65629
-69.74163
-70.07478
-71.29259
-67.18298
-63.63629
-66.02692
-67.07051
-66.30485
-66.96692
-63.14437
-63.52862
-67.36164
-66.89334
-66.63309
-61.69858
-62.40794
-66.91076
-66.10841
-70.51449
-65.44752
-61.09333
-66.69472
-68.54666
-69.01183
-63.99276
-60.05989
-56.63100
-57.09293
-61.08578
-67.33098
-60.41911
-60.17507
-67.51461
-63.51408
-65.63719
-60.57212
-55.86622
-54.56131
-56.82617
-61.65820
-65.09482
-59.32788
-64.73779
-64.46942
-60.89462
-63.38078
-58.40077
-60.95205
-64.86764
-64.43953
-63.60195
-65.38355
-62.47876
-62.23337
-61.59583
-62.17542
-60.64432
-60.29049
-64.07222
-63.63606
-66.16659
-64.76876
-62.41859
-62.49240
-63.92141
-63.78644
-64.58582
-60.66351
-60.54298
-64.66617
-64.25916
-66.54796
-64.51804
-64.57943
-66.33622
-65.90855
-67.28242
-61.74564
-61.88043
-66.85492
-68.87824
-67.32137
-68.71762
-64.75337
-64.42967
-69.12893
-69.15846
-70.72363
-64.45842
-64.66224
-67.23540
-68.12731
-68.16043
-66.74064
-62.53679
-66.80485
-68.38365
-67.98695
-67.70411
-62.07187
-64.65489
-69.34788
-67.05068
-69.06508
-63.16260
-61.45005
-69.34378
-68.03136
-68.86589
-61.72549
-62.49862
-65.83626
-67.52148
-70.13833
-69.72528
-61.20550
-64.44317
-69.03894
-66.58695
-68.22353
-60.16468
-64.35628
-69.07985
-69.51822
-72.46832
-66.07659
-58.84292
-69.03560
-72.79650
-75.34165
-67.91671
-60.74171
-68.82813
-69.46971
-71.83540
-70.52953
-70.68580
-65.93356
-67.15549
-65.60793
-66.84683
-62.77354
-62.67495
-64.78939
-64.62936
-68.02337
-66.12181
-62.80489
-63.35852
-64.60166
-64.76975
-65.84123
-62.44865
-65.16801
-65.98509
-64.93443
-66.31086
-64.50442
-65.00856
-65.31847
-64.83180
-66.06304
-60.02537
-62.05831
-68.66365
-67.74178
-68.45230
-69.39005
-65.35634
-67.91041
-75.45490
-70.22334
-71.09055
-64.13064
-66.28206
-68.80119
-67.74678
-68.28437
-67.48124
-63.50497
-66.37377
-66.85891
-69.41020
-66.75287
-63.32019
-68.20319
-68.96316
-69.50081
-69.55942
-62.27514
-58.58426
-60.43194
-59.66328
-62.88811
-56.75083
-54.25867
-54.85870
-56.45992
-61.31684
-61.91832
-58.74397
-60.26085
-62.65937
-65.31270
-62.49177
-56.44553
-63.99679
-69.91551
-70.82666
-76.22570
-64.83985
-58.58553
-56.03545
-54.76417
-59.05871
-58.72352
-60.07391
-66.61403
-66.80254
-68.92442
-67.20139
-66.62315
-65.06206
-65.49488
-62.47147
-64.28742
-58.25576
-62.47875
-64.68146
-66.16698
-66.53646
-66.05440
-62.88250
-63.94659
-62.79593
-66.81408
-60.25839
-51.52739
-60.40632
-65.30456
-65.72493
-66.81639
-64.32652
-64.58106
-62.29858
-65.14686
-62.47404
-60.84443
-64.86388
-70.85733
-68.05485
-70.24012
-67.37341
-64.02675
-68.63774
-69.51319
-69.31667
-67.03238
-60.21492
-65.18194
-66.46299
-66.34732
-65.68611
-63.60969
-65.36284
-67.83705
-66.36004
-68.82416
-62.93653
-61.22005
-67.08183
-65.91471
-67.61448
-65.19792
-61.02396
-64.88916
-70.87752
-67.49651
-67.88014
-51.41146
-53.01942
-70.31360
-63.86289
-73.01523
-60.40160
-60.36135
-65.95662
-65.28361
-67.95878
-60.51995
-58.57455
-68.44699
-65.94604
-76.12826
-63.03101
-50.57955
-58.52836
-70.65973
-67.20846
-74.19596
-59.72712
-64.74442
-66.95718
-68.04193
-66.69654
-69.20765
-64.62826
-65.44297
-63.42556
-64.81013
-63.12609
-60.89859
-66.26147
-65.17389
-68.48870
-67.11989
-64.99349
-62.27270
-64.98443
-61.50922
-69.05219
-54.19064
-52.22688
-64.56656
-62.84089
-66.19064
-64.17554
-64.65203
-65.20694
-64.15055
-66.57611
-61.65943
-60.84927
-67.72269
-67.90551
-66.95160
-68.98134
-65.95112
-64.84395
-70.89478
-67.14545
-69.98225
-66.12372
-63.00740
-69.66612
-66.64492
-67.60633
-66.20474
-63.43997
-66.26899
-68.90342
-68.43390
-67.75599
-61.76642
-63.69329
-66.49520
-67.77814
-66.46472
-61.64177
-59.53577
-62.72495
-62.67941
-67.36756
-58.25465
-50.89321
-56.17743
-60.72506
-62.42279
-64.15580
-56.84060
-56.74746
-58.16694
-60.58949
-66.91597
-59.86222
-59.80060
-73.38837
-65.61790
-80.54584
-56.60286
-50.61379
-55.47972
-57.37608
-62.84333
-63.10983
-60.16034
-66.91495
-65.56361
-64.59698
-64.83078
-69.18545
-63.62103
-61.21182
-59.89615
-60.83445
-60.29856
-61.17598
-64.51104
-65.72662
-66.36432
-64.76106
-62.66477
-62.66024
-63.20967
-62.37464
-67.42815
-53.10171
-55.34462
-67.89071
-64.48807
-70.29213
-63.91544
-63.70774
-62.16447
-65.20637
-64.92300
-61.00909
-62.58941
-69.55185
-69.04066
-69.80627
-69.41752
-66.93335
-68.19631
-71.65530
-71.18507
-71.20753
-65.24853
-65.93553
-67.77504
-66.83566
-68.43956
-65.32861
-63.17137
-67.98533
-68.35975
-68.56005
-65.88622
-60.88774
-65.80303
-67.33589
-66.91898
-66.58619
-62.08766
-60.68869
-71.13413
-65.10483
-78.23332
-54.71256
-50.76400
-63.86385
-65.96627
-69.49441
-66.69956
-60.69325
-65.76234
-67.04980
-67.66862
-64.43044
-60.17792
-65.30479
-68.46851
-66.81881
-71.94886
-63.64787
-59.02413
-67.83081
-68.00012
-73.24840
-63.72362
-62.18020
-70.39193
-68.53127
-69.56407
-69.19737
-69.08111
-63.95757
-65.13750
-63.17462
-65.83430
-61.22170
-64.08353
-65.53269
-66.88283
-67.30430
-65.48112
-61.77128
-64.38229
-63.43468
-66.74280
-62.00478
-52.80111
-60.91688
-68.16389
-66.32308
-67.69473
-64.30997
-65.24207
-64.82311
-65.50776
-63.90626
-59.59483
-63.58196
-71.56083
-68.67527
-70.00449
-68.80377
-65.51360
-68.12245
-73.31970
-68.59676
-68.11373
-63.31528
-68.69104
-68.44735
-65.69488
-66.83195
-64.79592
-63.90285
-69.75093
-67.43840
-70.48227
-66.41807
-64.09974
-68.66366
-67.96039
-67.28491
-67.04082
-60.19237
-57.95182
-58.61337
-57.12855
-61.96731
-52.27255
-51.77397
-55.76550
-56.92321
-62.52234
-59.57917
-58.33438
-61.85411
-60.93347
-59.43629
-62.10927
-56.77058
-64.53177
-62.48545
-57.63853
-63.38177
-52.75483
-53.01073
-57.11299
-54.11166
-58.36967
-63.09401
-63.09925
-64.57370
-65.23583
-64.64396
-65.01360
-64.09165
-65.65592
-64.95934
-64.72556
-65.73741
-62.19767
-63.28475
-64.53053
-66.96721
-67.98861
-67.99710
-66.40488
-68.05127
-68.60169
-70.99895
-65.81338
-65.04370
-68.03820
-67.03508
-68.24851
-67.25486
-66.15197
-65.18079
-65.32670
-65.54563
-67.95464
-67.32400
-66.54314
-64.89735
-64.85225
-65.25230
-67.97580
-67.98315
-69.07439
-68.82600
-69.20654
-67.65705
-63.34589
-67.52240
-66.99063
-66.84424
-67.26013
-66.90120
-66.39432
-66.51646
-66.45663
-67.43784
-63.82430
-64.79307
-67.46868
-67.25554
-70.25477
-68.69832
-69.48955
-67.08182
-70.65644
-68.24966
-72.81254
-62.23905
-55.91262
-54.73705
-59.25109
-70.77790
-69.39561
-67.34767
-68.35967
-68.46600
-69.81647
-66.42310
-55.90406
-54.97810
-55.78004
-57.44292
-60.92323
-62.99331
-59.75268
-61.71880
-61.86771
-61.77712
-63.22898
-61.22487
-66.06683
-62.20921
-64.26692
-61.18501
-57.15489
-57.94552
-61.98099
-64.46284
-66.63473
-65.66760
-60.90888
-61.16470
-61.15473
-64.16206
-66.35605
-65.02944
-64.86467
-64.92698
-66.04407
-66.17725
-65.06134
-64.67735
-64.70068
-65.80846
-67.28443
-67.35571
-66.16596
-66.32863
-66.69059
-66.90450
-67.22268
-67.82963
-67.91052
-68.63603
-69.65874
-69.91041
-70.49127
-71.21684
-71.66930
-69.88469
-73.36806
-69.35708
-67.94670
-67.69858
-67.04745
-67.14923
-66.77617
-67.08560
-66.56349
-66.14663
-66.99804
-67.07572
-66.14450
-68.25483
-68.44868
-70.09763
-70.01684
-69.38095
-67.14633
-70.14513
-68.19330
-72.33279
-63.15779
-56.54281
-57.52933
-62.51429
-69.72212
-67.41288
-65.78309
-65.43898
-64.78612
-63.55424
-65.78634
-56.71340
-54.65088
-58.53063
-62.42753
-65.31128
-67.74808
-67.89095
-63.42583
-60.45416
-59.27613
-59.83686
-62.01541
-65.83441
-62.95645
-62.88694
-62.10317
-61.27439
-61.71538
-63.17416
-62.14089
-62.51687
-64.69540
-64.02947
-65.67085
-67.45741
-67.92580
-65.45164
-65.73019
-67.53282
-67.44526
-66.92828
-67.16729
-66.11716
-66.76715
-68.93458
-68.59033
-67.45541
-67.31541
-67.87396
-69.00314
-68.99307
-68.38431
-67.33476
-66.96916
-67.86619
-68.53269
-69.22001
-69.64732
-68.89822
-70.03070
-70.74971
-70.39221
-67.97104
-65.94190
-67.85503
-68.41789
-68.87762
-67.41859
-66.59205
-67.37143
-68.06395
-68.32609
-68.39846
-69.65860
-68.07277
-69.13082
-70.62081
-69.49498
-68.94131
-67.75077
-67.93763
-68.61733
-69.32225
-68.62727
-68.12726
-67.44089
-68.08508
-69.62330
-69.67533
-70.38690
-69.82633
-69.21207
-70.60216
-70.88356
-68.26878
-67.16363
-66.83604
-67.82186
-69.53142
-68.46940
-68.68495
-71.38281
-71.88972
-74.19974
-70.83624
-68.75394
-70.07033
-69.99206
-70.01958
-69.52796
-69.31680
-68.13048
-68.40400
-68.40431
-68.75319
-68.93718
-67.83384
-67.47021
-67.95105
-68.42391
-68.79504
-68.98123
-68.53754
-68.54303
-69.95979
-70.89713
-69.26394
-68.07328
-67.44068
-68.13780
-69.32643
-69.46443
-68.31917
-67.97608
-67.78019
-68.09710
-69.13981
-69.60942
-69.47747
-68.94166
-69.43093
-70.00658
-70.68007
-71.35398
-72.69779
-70.30089
-69.95729
-67.94385
-67.34184
-68.87944
-68.84950
-69.22779
-68.39120
-68.09836
-68.56595
-69.55875
-70.49161
-71.23629
-71.88581
-78.95152
-102.22610
-98.50678
-94.57092
-85.48991
-73.25740
-71.21464
-73.32909
-78.21990
-81.42232
-72.59505
-67.49178
-66.62892
-68.45517
-74.58926
-71.19980
-67.30066
-65.41192
-67.16443
-70.92329
-73.72876
-69.17560
-67.54409
-69.05138
-72.58318
-80.36952
-76.75745
-73.93832
-70.76234
-75.44550
-62.24624
-66.38277
-73.45462
-71.21720
-70.12266
-70.08993
-67.49394
-67.91526
-65.03751
-66.78184
-64.32896
-60.18284
-66.92698
-65.55209
-71.01303
-69.35716
-70.21037
-64.63838
-67.74123
-63.24876
-74.87248
-55.01394
-51.90592
-65.62173
-63.22386
-67.11091
-64.94528
-65.26308
-66.25308
-65.24668
-67.87313
-61.64640
-62.75324
-69.04952
-78.01482
-71.23662
-79.59261
-66.62827
-66.05241
-74.88490
-73.79110
-82.70362
-66.65243
-68.01137
-72.02883
-69.92214
-67.19146
-69.70112
-63.18870
-70.16396
-66.63419
-73.17080
-65.87425
-63.32479
-62.19721
-82.18088
-67.44237
-78.43860
-64.08423
-62.67030
-73.36161
-72.48508
-90.23818
-59.62966
-50.63041
-57.14356
-80.98718
-61.76252
-80.02821
-55.62362
-77.58704
-58.62959
-68.86207
-56.98228
-79.20672
-53.52297
-57.43265
-52.26101
-49.38884
-39.02116
-28.73330
-41.48962
-52.74343
-63.59804
-69.29749
-57.88211
-96.27141
-62.75276
-76.48227
-61.58116
-85.71843
-59.87201
-114.50869
-59.63126
-91.51325
-58.45716
-69.25731
-62.49677
-77.76149
-66.68656
-77.67654
-61.98118
-66.79239
-63.77382
-66.27187
-64.98453
-51.04799
-55.99296
-66.79132
-64.46057
-67.22784
-65.20137
-64.80440
-66.37219
-65.46391
-67.59293
-60.25684
-64.13299
-68.43329
-71.86612
-70.38926
-74.96628
-64.69567
-68.57931
-74.41824
-74.58626
-76.76307
-64.95519
-67.83705
-73.00098
-68.77294
-69.80488
-65.64289
-63.48090
-69.12471
-67.73261
-70.03213
-64.92261
-61.19154
-64.55658
-66.87948
-70.28203
-73.00404
-63.13602
-62.53087
-73.25295
-67.83685
-93.47278
-54.02139
-51.44347
-66.75270
-63.68035
-71.58312
-63.26296
-59.34291
-64.11351
-64.06538
-65.93825
-66.82933
-60.90437
-63.70800
-67.91602
-64.81345
-81.98701
-53.08019
-54.24348
-74.01336
-66.13494
-76.37114
-64.28075
-64.89887
-72.06946
-71.32154
-70.95050
-70.15776
-69.38820
-67.30756
-67.54713
-65.23792
-66.65260
-61.03492
-64.46747
-67.03373
-67.75743
-71.06177
-67.09592
-64.60268
-66.01977
-65.44680
-66.51953
-62.63812
-50.88827
-58.55749
-65.21210
-64.71969
-66.56524
-63.58114
-66.11921
-64.57035
-68.05061
-63.34441
-61.12019
-63.83121
-72.99462
-67.89236
-86.12303
-66.92445
-68.87464
-66.90154
-91.21019
-68.91093
-102.54879
-62.07566
-83.73166
-65.24107
-75.42901
-65.07971
-67.84297
-62.21146
-73.37853
-65.94678
-70.99962
-63.58997
-59.82178
-75.22731
-62.21387
-72.07951
-59.58776
-80.43661
-55.48188
-56.06096
-50.97157
-47.40049
-32.88940
-29.73614
-46.87476
-47.63262
-67.98532
-55.45891
-70.36557
-61.20706
-74.12616
-64.06018
-63.42763
-60.01750
-67.56908
-69.26084
-70.53608
-86.02676
-60.12470
-62.35462
-74.57053
-74.18883
-73.01756
-62.60695
-64.28748
-76.67407
-68.27836
-72.92110
-66.14934
-68.24681
-61.91419
-70.89591
-62.04172
-73.83013
-57.81853
-93.65699
-59.19020
-67.43263
-58.84843
-65.85126
-53.69902
-58.43038
-50.52217
-49.12614
-36.43687
-28.50382
-40.50813
-46.78084
-60.72374
-61.22525
-63.97007
-66.20070
-62.63776
-72.89653
-59.48134
-62.34152
-61.63755
-81.28032
-64.08703
-72.97916
-64.48526
-74.09757
-65.83386
-79.47353
-68.18152
-80.43994
-63.05855
-113.00097
-66.41468
-72.23632
-66.81154
-65.37738
-64.80471
-70.14996
-68.08410
-69.54372
-62.36000
-63.21662
-69.27759
-66.28163
-75.22619
-66.17805
-61.98321
-68.40648
-71.92123
-71.32676
-64.35834
-49.98168
-56.50002
-65.68267
-63.58523
-67.55917
-65.70544
-65.36966
-64.25114
-65.78295
-68.39451
-61.86628
-60.98547
-71.89750
-65.93987
-85.22052
-64.55376
-53.95930
-61.93656
-70.67252
-66.80333
-72.01329
-61.87923
-69.08519
-70.01653
-71.34403
-67.91296
-69.78498
-65.55745
-68.40100
-63.94314
-67.20961
-60.82447
-59.42055
-66.60268
-65.12937
-69.38166
-68.17849
-67.47564
-64.15941
-67.12039
-64.11764
-71.30170
-52.45274
-54.03355
-67.37890
-62.54092
-68.61232
-63.85423
-66.36579
-64.48608
-66.62863
-65.71744
-61.50104
-62.79795
-70.22848
-69.31135
-72.44821
-75.67531
-65.73682
-66.02244
-77.08806
-72.28484
-81.56457
-63.16423
-63.79176
-72.69328
-67.00043
-68.62265
-66.20951
-65.01461
-68.32598
-68.84359
-69.04366
-66.82965
-59.83181
-64.71280
-68.26423
-69.87745
-71.70959
-64.17872
-62.42967
-80.30005
-69.98790
-85.82017
-56.64140
-50.59635
-62.78830
-67.90618
-68.34457
-67.05865
-58.50467
-64.40105
-65.90852
-67.83987
-64.75789
-57.94867
-63.69904
-69.44535
-71.07455
-81.78736
-66.76853
-60.00329
-73.88432
-73.21856
-79.64753
-64.46516
-60.54567
-72.01260
-69.24809
-71.11006
-67.85082
-67.40299
-65.41527
-66.96311
-64.12687
-67.54858
-60.41830
-63.33924
-66.47675
-68.47666
-71.60291
-68.42398
-63.17555
-65.48734
-64.35247
-67.16235
-61.93474
-51.20121
-58.86192
-66.76233
-64.69771
-68.07737
-64.18800
-66.32032
-64.64871
-67.90356
-64.97652
-60.40345
-63.82152
-71.68748
-70.65705
-73.90110
-71.29708
-64.65191
-68.91181
-76.24922
-74.06489
-75.52301
-64.24254
-70.06101
-72.05130
-68.57110
-69.46332
-65.58161
-63.89070
-68.72326
-67.68267
-69.62890
-63.54590
-61.36625
-65.46304
-67.39138
-71.67587
-70.71827
-62.10567
-63.80596
-72.61483
-69.16075
-76.17482
-52.59888
-53.95395
-67.77295
-62.87424
-69.99827
-61.03264
-59.54147
-65.71055
-65.46719
-68.75359
-65.68235
-60.58039
-68.09048
-68.67952
-68.64232
-82.82518
-57.44058
-58.23485
-74.54763
-65.13327
-72.82809
-61.92387
-63.76014
-72.33482
-70.36012
-70.30779
-69.32518
-68.26439
-66.33296
-66.80335
-64.01643
-66.22976
-60.01160
-64.62986
-66.48720
-70.14503
-69.78589
-68.30002
-64.19365
-67.91933
-63.71774
-69.17356
-59.66912
-51.03220
-61.01498
-65.34714
-65.50869
-66.34240
-63.70291
-66.28135
-64.55423
-68.10612
-62.91924
-60.82735
-66.00311
-75.73585
-72.03856
-77.23243
-69.26184
-65.20946
-72.74543
-75.25503
-77.36164
-70.65249
-65.40444
-71.82132
-69.10300
-68.25334
-68.49568
-63.48744
-64.49496
-69.95075
-67.02254
-70.26993
-61.32676
-61.91220
-69.07316
-70.73980
-72.71844
-67.52256
-61.32393
-70.16157
-74.95298
-72.72860
-66.80267
-50.25802
-54.55195
-70.87527
-64.98867
-71.69699
-60.57810
-61.80675
-67.68626
-66.17813
-67.26094
-61.12878
-61.37823
-68.61754
-70.60359
-76.41044
-74.27259
-59.84688
-63.38420
-79.14005
-71.69998
-74.42702
-63.16536
-69.11412
-70.68551
-70.58432
-68.13969
-68.22520
-65.58770
-66.59184
-64.90765
-66.35345
-64.28696
-62.75529
-66.82490
-65.15822
-71.09398
-69.36041
-66.21042
-63.38555
-67.43207
-62.92576
-73.20960
-53.51339
-52.72440
-67.36206
-63.06798
-69.53914
-64.34417
-64.62741
-65.11829
-66.35345
-67.28497
-62.04931
-62.20821
-69.50934
-70.94374
-70.55394
-79.67773
-69.25199
-67.07459
-76.05880
-76.14736
-77.17469
-78.21691
-76.03178
-77.12211
-70.74646
-70.13876
-69.54577
-66.32496
-67.84997
-69.05088
-69.22869
-68.87136
-66.40226
-70.65319
-84.31315
-90.02343
-87.40714
-80.82326
-69.86873
-73.79757
-77.50746
-79.96785
-85.20787
-75.17722
-70.76923
-68.46141
-68.29613
-68.50395
-68.98449
-66.63756
-65.31453
-66.14749
-68.13416
-69.06298
-67.17262
-66.04871
-67.66135
-71.54520
-74.34926
-76.69415
-75.44704
-71.99923
-72.08612
-71.52541
-74.94202
-79.80932
-82.75430
-81.91480
-85.89730
-80.67396
-79.96744
-91.19414
-87.42248
-93.11916
-84.92249
-84.07210
-93.78244
-98.93748
-92.55567
-95.33460
-84.19154
-88.46728
-96.08875
-92.97487
-92.49727
-90.23334
-87.07410
-91.24599
-94.28618
-100.89534
-82.94431
-80.57519
-97.25372
-87.95166
-91.51159
-82.37890
-84.58939
-96.26170
-98.80943
-96.52865
-98.60034
-82.85016
-83.32024
-100.44018
-91.49515
-97.74545
-90.55807
-94.15439
-102.60735
-106.58972
-101.61335
-101.69903
-92.27152
-100.10269
-103.79763
-101.62873
-100.64870
-96.63620
-95.47119
-100.15015
-102.97719
-102.67720
-90.17753
-92.19967
-104.87797
-96.86051
-99.14472
-90.74384
-95.28280
-101.90659
-107.87641
-104.54301
-101.79043
-88.52534
-94.68133
-102.36486
-99.47928
-101.50653
-92.97868
-97.76977
-109.32433
-103.87264
-104.53744
-98.19574
-93.20936
-104.84318
-102.66819
-103.20306
-101.36923
-97.90098
-97.17416
-103.44716
-105.63170
-101.62569
-89.21972
-96.32757
-102.63554
-98.52216
-96.83860
-91.13935
-100.05934
-107.00658
-108.16155
-107.39616
-99.37804
-90.25981
-100.22134
-104.61009
-103.19769
-104.14444
-100.18953
-108.12660
-115.01893
-112.79922
-112.16505
-104.75327
-103.05991
-116.84472
-109.66580
-112.91277
-107.35674
-105.74584
-106.26559
-111.65926
-112.70981
-104.82030
-97.82857
-109.28925
-107.79515
-108.86812
-103.38056
-100.98511
-108.13769
-114.56953
-114.16604
-116.80254
-102.41648
-98.37977
-113.08810
-107.08979
-113.85838
-104.69295
-103.12370
-112.36434
-117.49427
-111.82005
-113.77045
-103.53242
-106.75986
-115.36374
-111.35991
-112.12570
-108.99407
-106.25363
-109.18145
-113.35007
-118.04121
-102.80345
-99.15396
-115.02400
-106.88461
-110.08805
-101.63620
-102.84186
-114.74383
-116.84834
-115.33200
-116.96856
-102.16160
-101.81970
-118.89330
-110.32051
-115.90542
-109.52391
-112.19132
-119.25841
-122.73446
-119.08530
-118.63526
-111.26726
-117.81594
-120.63200
-119.09406
-118.66347
-115.23444
-114.29498
-117.77035
-120.15412
-120.35284
-108.22388
-109.77135
-122.46055
-115.09060
-117.33214
-108.99820
-113.28925
-119.39242
-123.70717
-120.92222
-119.46509
-107.43415
-112.15478
-120.14545
-117.01720
-119.18591
-111.34635
-115.29573
-123.61730
-121.34698
-121.53365
-116.75723
-112.01012
-120.36812
-119.97760
-120.53217
-119.13181
-116.56969
-115.44856
-120.19014
-122.67964
-119.00953
-107.85576
-113.99712
-120.04761
-116.26317
-115.04429
-109.51174
-117.22726
-122.37241
-122.60724
-122.28177
-118.01728
-109.05323
-116.74008
-121.97710
-119.73383
-121.18585
-117.81207
-122.60747
-124.28364
-124.94297
-124.39410
-121.53089
-120.40512
-125.33623
-123.33354
-123.89900
-122.22564
-121.71390
-121.46992
-124.31589
-124.75220
-121.36783
-115.94356
-123.17428
-122.83961
-123.74155
-120.02762
-118.11400
-123.34435
-124.14817
-124.22151
-125.94946
-119.30777
-116.37973
-125.01842
-123.02300
-125.22911
-120.95513
-120.27130
-124.29726
-125.51911
-124.03475
-124.09599
-120.03281
-122.32791
-125.03407
-124.07800
-124.56120
-123.26899
-122.59383
-123.77331
-124.03909
-126.14353
-119.54593
-117.15469
-125.50160
-122.12986
-124.70215
-118.61693
-119.51760
-125.02958
-124.73242
-124.76603
-125.83340
-119.24441
-118.57017
-125.63608
-123.21660
-125.38238
-123.30394
-124.28278
-125.49093
-125.60520
-125.21307
-125.26812
-123.27152
-124.34166
-124.93532
-124.16875
-125.27787
-125.45285
-124.42121
-125.14756
-125.59956
-125.56808
-123.42328
-123.32769
-125.46337
-125.22473
-125.10538
-123.31579
-124.43375
-124.81946
-125.09189
-124.75923
-124.66994
-122.38901
-123.42055
-125.71580
-125.77907
-125.29213
-124.26484
-124.64382
-124.68304
-125.06564
-124.49507
-124.19475
-124.70330
-124.35650
-125.20998
-124.71209
