-116.83935
-108.31332
-119.79350
-99.85539
-118.57573
-82.04035
-76.68984
-76.96160
-77.40201
-81.09343
-76.49372
-73.50564
-73.47461
-76.64086
-77.69066
-72.70886
-72.50161
-72.49464
-73.85018
-76.24390
-73.15953
-72.14328
-72.23214
-74.27078
-74.00088
-71.49277
-72.49859
-73.58465
-74.47904
-75.31472
-74.78813
-76.08593
-75.66078
-76.30009
-75.33417
-75.06943
-74.84130
-74.58967
-77.28900
-76.43062
-76.03248
-76.01122
-76.56688
-78.27618
-78.77227
-74.58799
-74.83046
-74.55650
-76.67049
-75.94896
-74.54612
-75.99360
-75.55015
-76.16923
-72.89934
-72.35439
-71.98071
-73.48725
-76.02839
-73.16489
-72.51495
-71.40842
-73.67671
-75.92187
-70.81066
-69.94091
-70.24429
-73.51493
-72.93977
-72.34316
-73.56586
-73.46229
-75.31236
-74.76489
-73.43313
-73.25248
-73.24691
-74.30100
-75.47552
-74.33703
-75.21997
-74.95144
-75.66350
-75.20422
-73.12205
-73.10946
-72.99535
-72.10342
-73.02193
-71.73588
-70.92128
-71.94146
-74.68184
-74.52190
-70.47489
-70.55238
-74.18415
-75.65580
-71.45645
-69.12076
-72.09850
-75.75410
-73.40832
-70.05987
-69.31103
-69.03096
-68.93303
-71.66592
-69.63492
-69.88332
-70.50965
-70.75033
-73.36506
-72.86944
-71.68429
-71.00510
-73.70674
-72.99171
-72.23893
-71.99690
-72.19628
-73.75038
-74.07461
-73.90937
-72.93833
-73.52384
-72.88401
-74.30739
-70.47117
-69.02522
-69.17936
-71.80127
-72.88077
-67.85662
-68.58377
-68.70041
-71.66857
-71.24202
-69.79295
-69.96078
-71.24202
-74.21436
-71.09905
-69.97884
-71.42489
-74.60517
-73.85814
-73.00242
-72.66201
-72.74094
-70.90899
-71.34793
-71.68631
-71.20228
-70.84576
-72.41727
-74.02845
-72.35452
-72.25281
-71.16604
-73.58778
-77.08149
-75.91477
-73.03508
-72.74628
-72.06901
-74.31817
-71.76212
-68.54315
-67.40961
-68.02942
-72.88057
-69.08028
-66.94678
-66.62622
-69.80771
-73.03115
-69.19243
-67.93173
-66.38541
-70.38960
-70.81203
-66.24698
-65.47774
-67.41643
-71.15473
-67.84170
-66.90979
-67.51469
-67.80370
-71.33844
-69.82791
-68.53424
-68.90017
-69.20430
-70.87327
-70.17534
-68.91352
-68.50633
-70.30358
-70.86601
-70.03862
-69.94519
-69.68849
-69.14912
-70.57458
-69.91251
-68.00963
-68.19960
-68.04279
-69.50598
-67.08546
-66.22325
-67.04229
-69.01016
-72.21042
-65.87392
-65.48048
-66.71156
-68.45828
-68.74783
-65.45326
-65.48147
-67.24742
-70.41076
-67.17309
-67.00895
-68.40282
-69.04570
-69.07448
-68.90542
-69.75125
-70.55429
-70.15596
-70.10720
-71.78009
-70.31276
-69.66415
-69.76495
-70.14236
-70.35272
-68.90564
-67.94117
-67.27365
-68.18968
-68.64585
-66.04896
-66.40678
-65.26415
-67.98504
-66.90908
-64.37426
-64.45983
-65.93186
-70.06062
-66.34381
-65.36983
-64.82594
-66.44817
-68.46045
-66.93941
-66.03954
-66.78832
-69.48286
-69.65786
-66.81332
-66.63065
-68.22464
-68.21587
-67.90099
-67.77764
-67.76283
-66.89257
-67.85055
-70.34166
-69.60279
-69.26579
-68.55105
-68.99253
-68.78150
-68.54993
-68.86698
-67.41347
-68.11392
-68.07003
-68.15163
-67.66169
-67.87994
-69.57410
-68.89972
-66.38962
-65.78721
-65.38814
-70.82817
-67.48778
-63.92575
-63.39243
-63.94672
-68.57752
-65.33059
-63.90727
-64.55503
-68.90844
-68.11698
-65.10817
-64.94383
-65.08109
-65.78182
-69.39009
-68.96663
-68.00785
-67.57561
-67.82994
-71.23753
-67.46527
-64.45960
-65.01026
-65.75682
-65.00526
-64.16500
-63.20889
-62.28338
-62.36265
-65.79805
-63.60743
-62.24028
-61.98014
-66.76174
-67.93989
-64.40386
-63.30003
-63.36701
-69.47711
-67.27483
-62.25188
-60.98850
-60.39368
-60.97361
-64.38552
-62.28191
-61.88051
-61.78650
-65.04466
-62.94670
-60.88458
-61.90122
-61.85808
-66.20417
-64.45980
-63.50986
-63.18608
-66.17938
-68.07925
-66.15547
-65.42933
-64.42112
-64.23910
-64.79022
-64.35750
-63.61274
-63.43531
-65.22138
-68.49961
-63.28719
-61.32836
-61.41151
-64.32839
-67.14852
-63.98391
-62.53418
-63.41814
-70.81806
-67.32872
-62.92642
-62.34100
-63.63467
-69.43118
-67.55543
-65.75120
-66.33832
-69.72629
-70.45182
-67.88558
-63.64977
-62.06887
-62.41409
-63.93318
-68.18738
-65.68294
-66.56717
-67.55531
-70.30441
-69.51991
-64.47603
-65.38921
-64.89863
-65.59709
-64.60954
-63.29389
-62.74056
-63.53758
-69.11873
-65.40141
-61.87397
-62.27771
-63.42542
-65.68782
-64.16598
-62.37596
-62.79944
-67.44637
-70.21896
-63.31624
-61.60739
-59.42189
-63.01830
-67.49284
-63.44013
-63.14344
-64.81867
-70.21497
-65.75759
-61.21749
-60.49533
-60.93803
-62.24770
-66.18900
-65.35651
-65.73959
-65.01350
-67.22017
-68.23747
-64.21736
-65.05152
-63.95209
-65.76422
-65.17940
-62.49928
-61.44373
-62.51746
-70.28720
-65.59212
-62.87378
-63.25502
-63.51093
-69.90701
-64.45610
-61.03797
-60.74906
-62.85992
-70.24459
-64.64974
-61.21215
-60.41480
-60.20155
-65.85038
-65.43601
-64.10605
-63.75641
-67.53624
-66.94441
-60.90136
-60.01321
-60.11296
-60.17052
-61.26496
-64.77123
-65.40400
-66.01865
-65.83986
-66.40230
-65.72730
-65.25956
-64.85192
-65.11164
-64.74000
-63.25970
-61.76074
-61.08449
-60.80086
-62.79939
-62.52374
-61.93295
-60.86048
-63.73738
-63.16641
-57.59682
-58.40178
-61.86116
-70.94327
-63.06301
-59.79681
-59.06303
-59.66721
-64.08806
-64.71372
-63.79522
-64.85568
-68.13502
-68.02029
-62.30129
-61.34661
-62.57169
-62.59184
-65.40411
-66.38735
-68.05034
-68.32392
-70.25643
-68.21947
-63.57256
-62.53770
-63.82683
-63.66597
-65.12038
-62.73949
-61.47384
-60.66988
-64.37610
-65.80605
-61.45364
-61.37212
-61.65499
-69.57132
-64.15029
-61.61259
-61.61877
-62.85130
-71.96540
-61.60230
-57.69651
-58.32818
-57.85129
-61.87687
-64.51708
-64.10283
-64.68291
-66.08690
-67.61449
-62.92217
-61.67447
-62.12410
-61.94616
-64.27871
-69.00621
-68.66160
-68.94978
-69.84942
-70.15261
-64.10455
-61.74729
-62.20702
-61.73864
-61.87363
-60.30013
-60.65474
-60.71414
-61.53553
-62.81706
-60.04227
-59.31419
-59.43444
-65.79491
-65.04367
-59.40216
-59.89127
-59.82221
-67.72015
-65.73786
-60.71456
-61.30292
-59.46053
-65.80004
-69.40276
-68.29929
-68.49110
-70.84285
-73.23198
-61.76733
-58.77720
-59.75169
-58.35850
-60.95695
-68.30665
-67.78542
-68.15984
-67.85114
-70.91159
-63.94666
-62.89784
-62.22431
-62.99056
-61.05528
-58.26289
-59.47695
-59.27166
-62.15204
-72.05090
-58.57826
-57.93252
-56.33715
-63.48395
-69.56080
-57.40647
-58.57413
-57.52402
-73.96310
-50.58283
-49.76724
-70.99406
-66.27731
-94.91702
-67.70663
-77.67580
-77.29108
-87.53295
-92.26733
-81.92088
-90.68409
-76.62586
-82.72006
-62.53434
-62.08908
-67.12447
-71.47147
-53.29903
-47.89853
-51.26042
-53.78877
-56.09296
-56.52430
-57.34865
-56.01609
-55.26855
-55.26329
-56.77865
-57.84208
-53.96975
-54.53926
-54.00758
-56.62984
-58.80966
-57.50629
-57.72987
-55.61440
-61.02814
-50.92040
-47.62191
-52.76740
-53.07259
-56.78794
-54.65212
-51.03816
-55.54472
-59.03161
-58.83729
-58.92758
-57.15676
-57.10309
-57.36885
-58.44103
-58.92028
-58.78007
-59.44447
-58.24179
-59.55620
-51.55747
-51.75167
-54.40042
-53.76123
-59.72342
-57.02812
-56.66743
-58.64116
-59.70919
-60.84374
-56.76485
-55.73220
-57.22773
-58.20698
-61.03954
-54.98375
-56.84068
-55.74017
-64.08647
-52.87708
-47.87726
-55.47307
-56.58313
-61.07583
-60.39468
-61.58627
-61.30679
-61.60068
-61.90460
-60.63450
-56.68554
-57.62938
-56.37515
-62.56841
-56.21606
-50.38883
-58.92451
-62.58161
-60.78366
-59.63678
-57.45070
-57.49474
-58.10669
-58.62101
-56.35022
-55.40305
-54.75516
-57.80474
-57.95868
-49.58676
-52.43771
-56.47183
-57.95798
-61.35629
-56.74430
-59.13326
-58.86930
-64.71186
-55.61456
-47.11576
-51.57302
-54.15559
-55.70709
-60.42008
-50.90240
-55.07521
-60.10795
-62.03489
-61.84652
-57.53880
-56.18318
-56.13591
-58.26627
-60.94974
-59.61949
-61.23631
-59.70285
-62.63106
-54.27460
-51.15303
-56.29037
-55.02718
-56.70743
-58.51692
-57.56571
-56.67323
-58.08706
-60.20090
-60.50739
-56.17862
-55.39657
-53.99713
-59.17595
-57.03148
-55.95059
-54.62994
-57.69462
-57.78216
-47.56820
-54.18241
-60.56375
-59.69323
-60.73131
-59.24327
-61.32582
-59.95137
-63.16913
-54.80906
-48.56227
-53.42274
-55.15065
-55.70366
-58.60510
-48.31699
-53.41272
-60.72534
-64.11462
-52.81108
-49.66932
-50.51972
-49.74215
-50.87330
-50.68779
-53.45562
-52.86529
-53.07068
-54.06032
-56.45123
-54.89044
-55.26217
-54.31746
-56.62613
-55.73093
-54.73499
-53.76882
-54.16773
-55.47004
-47.46834
-51.10790
-54.94723
-54.01803
-59.02900
-51.67456
-53.12685
-57.20982
-57.80924
-58.28491
-54.50830
-54.12146
-54.11294
-54.65078
-58.81453
-58.98537
-62.02553
-60.92502
-64.37212
-57.01357
-50.06133
-54.06164
-55.53746
-55.51845
-55.10032
-56.26949
-55.36860
-54.64275
-56.57772
-56.96636
-54.62106
-55.24913
-54.74526
-56.69760
-58.40284
-55.19414
-57.79431
-57.98677
-59.66270
-48.30763
-50.50662
-56.07076
-56.42931
-59.99939
-58.69395
-62.14486
-59.68492
-60.64299
-60.98188
-58.64218
-56.09436
-57.04154
-55.25381
-59.91947
-51.54932
-53.05921
-63.75769
-60.95828
-60.73920
-57.07547
-56.95357
-55.37221
-54.78741
-54.56514
-54.84247
-54.94676
-55.22192
-57.77333
-53.61258
-51.15904
-56.04488
-55.27739
-58.93210
-58.05323
-55.53492
-56.03757
-54.94461
-61.27337
-50.24679
-49.11747
-55.11527
-53.51444
-61.19692
-54.67854
-51.78181
-58.95253
-60.19206
-61.70881
-57.00717
-54.38851
-55.35165
-54.42233
-55.11802
-56.22073
-56.57429
-56.71905
-57.12909
-56.22189
-50.55863
-53.03205
-55.41216
-55.16963
-54.78877
-54.37778
-55.05841
-54.26953
-56.51904
-58.08908
-57.59267
-56.18345
-57.29998
-59.22084
-59.35855
-54.43196
-56.36347
-55.24503
-62.00526
-50.47631
-48.39454
-57.00355
-54.84470
-59.78097
-59.22441
-60.95207
-60.82930
-60.39506
-61.40514
-51.11639
-49.45398
-54.27044
-52.82922
-58.46274
-50.25011
-48.84372
-56.47791
-61.14323
-59.24418
-49.68115
-53.29982
-55.11526
-55.21715
-55.54849
-55.38933
-55.05438
-54.35014
-55.13680
-55.64652
-54.95317
-54.36060
-55.00279
-55.16742
-55.89679
-54.33417
-55.56827
-53.13659
-58.88078
-50.52629
-46.32516
-53.79676
-53.19829
-55.38238
-54.75854
-50.30601
-55.50253
-58.00523
-58.00622
-57.49841
-55.57865
-56.30292
-56.25128
-58.89281
-60.90963
-60.54566
-60.77019
-60.40693
-61.75851
-51.50250
-51.50440
-54.78418
-53.15977
-56.07243
-57.55024
-56.61409
-55.56602
-57.78168
-59.33484
-55.21367
-52.72985
-53.99274
-54.04265
-57.21798
-54.27463
-54.56531
-54.51743
-59.99278
-51.72540
-47.49785
-54.70303
-53.48213
-56.61738
-57.70082
-57.41324
-58.40663
-58.69997
-58.64193
-57.80155
-53.92563
-53.87641
-52.82080
-54.57427
-54.49715
-50.05808
-57.00300
-59.18569
-58.76658
-56.48528
-54.82434
-56.24549
-55.01864
-56.29099
-55.41427
-55.00151
-53.71749
-54.77237
-56.38684
-49.91183
-51.61944
-55.08778
-53.86315
-58.48101
-56.20110
-57.01476
-55.82612
-59.37987
-55.59969
-46.60243
-51.31587
-54.01379
-53.56356
-56.49939
-49.36001
-53.44744
-57.90452
-57.28040
-58.18756
-54.33841
-54.08088
-54.68682
-54.76216
-56.39680
-56.35881
-57.42468
-56.07256
-57.60312
-53.09490
-50.93692
-54.65106
-54.03260
-54.94107
-55.24906
-55.16228
-53.93080
-54.92327
-58.04495
-57.52870
-54.65043
-54.83090
-54.73855
-59.34870
-56.52817
-55.81829
-54.91911
-57.18820
-57.56946
-47.63319
-52.57980
-56.37416
-55.54679
-60.44550
-59.22059
-62.10375
-59.68540
-63.84542
-54.77071
-48.25219
-51.35764
-53.78414
-55.15455
-55.53392
-48.04817
-52.54374
-60.17266
-64.29926
-52.78892
-47.13014
-49.62515
-50.73671
-51.56423
-51.00530
-52.81771
-54.20681
-54.22475
-54.12472
-55.48508
-54.27237
-53.72642
-52.63580
-54.53371
-58.06792
-56.12394
-56.33818
-57.22599
-57.46608
-48.48629
-49.61199
-53.58470
-52.84231
-57.42589
-52.67727
-52.64205
-58.53747
-58.85718
-59.40129
-56.10190
-54.88129
-55.72188
-55.07105
-57.65594
-57.17230
-58.12207
-57.07223
-57.87121
-54.83986
-50.50253
-53.86523
-54.71733
-54.14739
-54.42631
-56.44094
-56.68117
-54.88828
-57.03089
-56.69543
-53.31635
-53.52714
-54.12647
-58.25555
-56.02182
-53.45788
-55.35393
-55.75450
-60.26510
-48.08231
-50.52149
-58.44829
-55.07930
-58.56655
-58.47871
-60.92974
-59.71360
-60.16016
-59.74896
-57.83030
-55.70260
-56.08288
-54.86929
-58.99943
-51.32523
-52.10022
-61.30963
-58.42094
-59.59274
-54.66561
-54.48095
-54.47342
-53.93705
-53.72849
-53.28018
-53.54682
-53.15804
-54.71207
-51.32930
-49.96876
-54.12610
-53.81211
-57.75236
-58.07175
-54.57656
-55.55212
-54.61899
-61.69248
-50.11067
-47.42831
-54.54995
-54.31638
-60.58349
-54.39127
-51.08330
-57.80666
-61.05900
-62.37697
-56.95198
-54.15410
-55.76267
-55.51829
-55.91053
-57.46735
-57.99856
-57.92166
-57.89041
-58.37625
-51.27230
-52.77468
-55.86232
-55.71105
-55.10821
-53.88850
-55.27243
-55.68082
-57.01426
-58.24589
-56.58771
-55.07596
-55.04470
-56.02206
-57.62344
-53.86332
-56.41411
-55.22021
-60.90245
-50.25414
-48.26362
-56.32880
-55.18982
-59.13751
-57.77970
-58.88981
-58.64628
-58.67445
-60.44048
-50.60656
-48.03033
-53.08595
-51.51843
-55.90669
-50.18320
-48.44961
-55.43735
-56.11351
-55.94072
-48.88342
-51.27904
-53.20556
-53.35202
-54.24462
-52.64806
-52.14203
-51.95207
-53.70184
-54.26272
-53.52025
-53.18883
-53.39327
-54.32559
-56.16339
-54.90757
-54.16732
-53.88913
-57.17138
-49.89903
-46.22330
-52.21742
-54.45120
-56.52606
-54.34963
-49.65747
-54.56675
-56.97530
-57.03568
-54.25431
-53.25470
-54.02899
-53.75343
-56.97599
-58.08424
-57.77304
-58.59812
-58.01917
-59.92576
-52.18228
-52.18881
-56.66549
-54.64568
-58.72131
-57.92940
-58.15359
-57.99554
-58.83134
-59.79038
-55.05624
-53.51622
-54.40584
-54.68833
-56.80809
-53.16523
-54.16435
-52.99640
-57.51255
-51.39103
-46.72134
-53.68865
-54.66864
-55.60611
-54.89830
-55.57646
-55.13054
-55.40311
-56.00845
-57.40181
-55.75498
-55.39956
-55.40023
-58.81793
-54.55393
-49.44467
-56.04836
-59.41198
-58.98339
-54.54526
-51.06205
-51.05048
-51.87111
-52.83416
-53.79979
-53.19688
-53.07943
-54.69313
-55.68205
-49.59632
-51.48913
-56.22067
-55.88877
-58.08314
-54.36265
-56.99619
-56.60534
-62.24243
-53.39252
-46.53374
-49.27812
-52.94113
-51.88190
-54.43241
-49.30892
-52.50963
-56.10322
-59.43836
-56.15739
-54.60960
-53.96920
-53.88232
-55.68179
-55.59315
-57.39829
-56.25436
-57.91504
-56.56198
-54.72504
-49.69989
-58.04857
-52.71206
-59.38367
-54.09465
-58.95881
-52.91505
-59.70269
-54.67794
-61.90270
-52.06977
-57.20406
-52.79512
-59.52074
-54.71647
-54.47253
-57.62403
-53.67693
-65.83801
-24.60510
-24.64617
-31.21069
-37.67763
-49.93834
-48.47014
-56.06709
-49.38410
-57.24427
-48.43072
-49.13973
-47.57106
-58.68393
-47.46671
-66.89733
-26.95964
-25.84812
-33.79473
-39.60335
-49.85237
-46.38487
-54.78191
-48.94181
-54.82418
-50.26165
-55.27002
-50.37544
-53.51621
-50.93837
-53.74680
-50.78585
-52.38488
-50.51986
-52.13295
-50.90933
-51.76810
-53.22076
-52.81774
-53.12125
-46.43300
-49.07363
-51.72331
-53.47469
-57.57022
-53.04770
-51.34155
-58.28906
-57.12688
-58.56327
-53.80911
-54.10389
-53.92108
-54.93118
-56.25996
-55.59026
-55.84791
-55.10070
-55.37046
-54.40075
-49.81557
-51.17745
-52.58648
-51.84026
-52.13545
-52.62946
-53.04017
-52.51346
-53.32920
-54.61969
-53.89281
-53.27868
-52.79979
-54.48761
-55.69767
-53.17045
-55.65083
-56.45254
-58.18925
-47.35537
-49.42448
-54.12303
-53.82139
-58.31162
-56.33226
-57.98838
-57.04688
-58.06724
-58.35160
-57.52983
-54.90434
-55.03857
-53.82914
-56.50192
-50.09172
-51.26647
-57.28288
-57.16701
-58.04955
-54.48696
-54.15433
-54.28404
-55.10572
-56.51146
-55.64390
-54.66085
-54.97833
-56.28484
-53.98795
-50.79382
-55.84605
-56.26263
-59.26302
-58.25650
-54.18672
-54.92847
-54.90913
-60.60197
-49.69820
-48.56469
-54.93951
-52.44899
-59.50988
-55.38836
-51.47311
-57.24764
-60.14972
-60.27745
-55.18616
-53.71009
-53.95398
-53.91051
-54.84863
-57.46166
-58.33439
-58.23651
-58.80804
-57.94952
-50.69342
-52.58371
-55.82527
-54.67831
-55.53202
-54.71096
-55.55637
-55.01869
-57.78396
-58.71508
-54.95664
-53.68886
-54.38114
-55.20278
-56.93567
-54.41297
-55.01744
-54.29521
-59.29860
-49.10998
-47.95420
-55.78255
-53.46389
-56.19805
-55.86893
-56.03568
-55.82167
-56.16030
-57.60042
-51.41211
-50.25345
-57.41651
-55.62759
-60.30992
-50.07408
-48.81769
-57.83928
-60.11200
-59.73346
-49.08277
-50.28193
-53.39345
-53.04514
-53.16918
-53.62700
-53.20273
-54.09681
-55.07360
-55.72967
-56.20355
-55.69970
-55.26757
-56.63074
-58.58094
-55.30427
-57.16370
-54.18833
-59.06048
-51.27532
-46.28129
-53.10537
-54.26929
-56.21687
-55.96321
-50.50285
-55.01569
-58.62037
-58.75865
-56.84134
-54.88252
-55.56034
-55.26135
-56.89604
-58.41471
-57.71735
-58.91145
-57.95429
-60.75209
-52.05401
-51.84774
-59.89153
-57.09137
-60.32216
-58.96220
-57.94281
-55.96237
-56.98649
-60.79916
-56.51844
-53.87892
-54.09072
-54.76020
-59.76421
-55.42364
-56.35022
-56.33092
-63.35988
-52.80012
-46.87689
-53.92216
-54.70943
-59.42305
-59.13239
-58.41005
-59.44808
-58.71704
-59.32627
-58.95066
-56.99023
-55.15987
-54.32261
-55.90398
-53.21703
-48.99342
-54.50494
-57.84330
-58.14008
-55.84987
-52.92742
-54.09914
-53.34646
-54.27946
-55.65391
-55.31767
-55.12523
-55.93971
-56.90427
-50.47135
-50.70040
-54.21810
-53.38159
-55.90275
-54.19252
-54.41492
-53.35302
-56.99109
-54.64800
-46.84159
-50.94472
-53.94035
-53.06899
-55.70320
-51.00243
-53.07518
-57.07240
-57.91603
-56.95741
-52.83481
-52.19884
-54.12668
-54.12069
-55.93876
-56.26146
-57.99656
-56.55430
-58.94469
-52.76532
-50.03857
-54.62645
-53.64685
-54.90660
-55.61910
-55.43456
-54.72319
-55.80228
-57.22732
-57.00473
-53.87432
-54.16730
-53.51577
-56.27532
-54.41412
-54.86885
-54.54396
-56.30310
-53.35337
-46.06656
-49.59079
-52.05202
-50.72410
-51.51521
-51.11940
-50.79146
-50.85455
-52.43951
-50.92307
-47.53571
-49.62027
-49.85519
-50.61266
-49.97131
-46.78119
-49.01216
-53.07999
-54.85214
-51.59939
-49.07300
-53.98544
-53.57518
-54.38034
-52.96011
-54.45197
-54.34188
-54.17595
-54.19544
-54.13978
-54.96374
-52.67968
-56.50667
-52.16022
-57.06287
-50.07720
-57.20497
-47.14867
-62.16746
-31.06582
-23.72027
-27.14085
-34.67666
-45.28642
-48.30178
-50.45245
-52.28866
-52.73599
-53.19054
-51.48521
-50.93186
-51.18928
-52.11687
-51.65370
-52.90571
-52.33857
-53.42173
-52.96961
-52.94526
-49.32333
-53.20040
-53.24937
-53.87857
-53.08699
-54.73736
-54.24898
-54.78432
-55.92793
-56.58385
-53.68325
-53.10763
-53.69813
-54.35994
-54.78244
-53.01419
-55.61446
-54.38361
-58.66911
-47.45116
-47.70867
-52.80936
-51.32410
-52.60658
-52.45818
-53.55109
-53.44398
-53.49952
-53.60602
-54.78550
-50.88878
-50.73220
-51.11993
-51.85298
-49.82352
-49.34404
-52.25298
-51.54749
-51.11152
-50.85960
-50.70825
-51.15317
-51.46545
-51.85177
-52.71577
-52.75693
-52.99388
-53.51122
-51.31195
-49.34442
-54.06194
-54.83190
-55.41996
-56.07142
-54.97232
-57.35130
-56.60689
-58.86819
-48.84130
-47.69581
-55.38828
-53.57518
-56.51629
-53.82979
-50.39410
-55.91176
-58.70451
-58.81063
-55.58609
-54.18537
-54.82774
-54.26026
-55.02183
-56.24438
-57.08123
-57.01126
-56.33468
-55.25009
-50.62897
-51.83975
-54.56168
-54.93892
-55.29358
-54.50121
-55.40449
-55.90620
-56.19818
-56.50601
-55.91357
-54.44216
-54.19934
-54.53177
-55.89777
-52.84307
-54.60850
-54.42599
-59.51840
-50.14152
-47.66657
-57.72863
-58.78985
-63.51600
-60.98885
-59.95159
-59.67229
-60.13650
-62.52806
-51.73562
-50.27320
-60.80653
-60.65037
-65.92088
-50.68918
-48.65971
-59.08751
-64.57151
-63.43414
-49.26514
-49.97509
-53.07607
-53.46445
-54.69850
-53.87842
-54.67801
-54.52946
-54.69137
-54.37469
-53.62371
-53.44873
-53.88189
-52.34708
-53.17535
-52.07491
-53.39086
-54.06407
-55.15495
-51.67307
-46.92019
-51.91720
-54.78157
-56.04341
-56.13444
-50.92818
-53.55213
-57.30113
-57.83602
-54.88028
-55.97077
-58.57034
-58.65540
-59.95789
-60.91057
-60.64079
-61.21288
-57.84833
-57.57249
-52.25301
-52.10616
-58.33032
-57.28034
-57.86933
-56.47994
-55.76910
-56.11210
-56.89306
-56.36804
-56.42941
-54.78647
-55.80434
-54.91810
-56.14968
-54.04214
-55.40446
-54.60609
-57.99589
-52.64943
-46.95570
-54.29772
-56.19344
-57.09555
-56.97956
-56.89436
-56.43717
-57.71549
-57.68018
-57.20783
-56.25333
-56.90887
-57.85109
-59.46496
-55.72766
-49.32129
-55.57129
-59.77071
-58.80047
-57.65284
-53.21293
-54.59705
-55.38236
-55.69129
-55.97441
-56.23333
-56.68798
-57.00082
-57.45233
-49.93904
-52.36365
-59.46813
-56.88187
-60.21684
-56.97875
-59.06777
-57.87185
-62.14790
-56.08806
-46.73133
-49.11040
-52.71736
-52.79098
-55.49439
-50.13455
-52.23370
-57.33446
-58.62826
-58.25751
-54.82016
-56.32554
-56.70586
-56.39361
-58.62033
-58.65871
-60.07261
-57.50246
-59.67079
-54.64255
-51.63101
-58.71900
-59.45687
-59.80712
-59.11868
-59.15684
-58.80834
-59.54260
-59.65120
-60.53029
-57.32396
-57.76745
-56.67118
-57.50477
-56.45521
-56.81081
-59.00235
-59.16926
-56.54446
-46.83703
-51.29838
-58.47658
-56.94789
-59.82214
-57.06503
-59.02736
-58.27653
-61.33959
-56.03451
-49.20459
-52.90358
-57.61081
-57.59172
-55.49044
-47.68774
-51.05494
-56.21712
-60.27234
-53.67533
-50.06602
-52.56386
-53.01457
-55.02235
-55.38549
-55.73316
-55.04926
-55.42786
-55.31869
-57.09829
-55.67279
-55.87194
-55.29378
-56.51954
-55.53222
-55.46378
-56.31885
-56.50320
-56.79744
-48.04314
-49.17384
-53.59942
-54.06569
-60.35278
-52.58318
-51.74364
-58.10322
-58.54822
-58.04744
-55.27241
-55.46520
-56.96993
-56.22294
-57.13189
-55.56893
-56.66097
-56.50551
-60.29008
-57.67437
-50.60669
-55.86054
-59.62296
-59.17299
-58.87566
-58.18754
-57.90962
-58.64114
-59.18033
-58.47651
-55.57178
-55.09131
-55.50577
-56.40691
-57.02853
-55.02864
-58.99277
-56.46479
-59.71937
-48.04703
-49.53860
-57.95627
-55.87400
-59.89039
-57.49286
-59.65328
-57.64535
-59.09477
-58.58529
-58.30050
-57.34276
-59.06654
-57.78888
-62.37403
-51.73274
-50.87130
-58.55243
-57.72078
-58.57708
-56.45241
-56.97823
-56.85769
-57.29624
-57.81224
-58.03991
-58.12414
-59.15929
-61.29166
-55.20203
-51.10239
-56.44337
-57.96105
-59.68328
-61.78908
-58.36317
-59.86318
-57.89897
-62.14033
-50.41220
-48.88983
-57.49860
-54.21152
-59.67287
-56.41059
-51.27922
-57.23857
-60.58714
-61.92203
-56.80374
-54.69414
-56.81459
-56.31824
-56.18963
-55.37470
-54.91497
-54.80454
-54.87947
-56.14710
-50.78325
-53.62179
-57.74757
-56.52286
-57.87978
-56.88996
-58.13280
-57.68140
-58.37567
-58.55241
-57.35250
-55.24567
-56.52925
-55.52649
-56.70834
-54.39570
-55.44294
-55.07254
-60.01483
-50.21899
-47.51083
-56.53781
-55.35388
-57.31193
-56.19456
-56.91985
-57.03491
-56.94745
-58.60396
-51.59262
-50.57178
-59.26895
-57.97012
-62.36820
-51.32355
-48.73023
-56.96601
-60.61815
-61.72822
-49.52507
-51.26687
-55.07520
-54.62325
-55.48219
-55.41369
-56.32324
-55.83711
-57.09077
-57.15523
-57.14599
-56.46684
-57.05006
-56.89440
-57.71663
-55.92854
-58.00073
-55.54601
-58.83460
-52.01346
-46.39877
-53.14578
-55.38763
-57.35694
-57.84289
-50.80174
-54.20464
-58.07074
-57.35451
-55.46499
-54.31872
-55.11426
-56.39514
-56.79147
-57.40530
-56.54176
-57.62765
-55.94335
-57.75220
-51.75381
-51.43266
-58.93269
-57.29879
-58.44503
-56.85807
-57.52233
-57.10976
-57.40348
-57.48573
-60.02358
-57.45987
-58.16790
-57.05945
-58.95704
-55.74613
-56.45302
-56.23366
-61.35227
-54.20096
-46.75221
-55.15392
-57.09275
-58.06543
-59.39940
-59.68990
-60.14043
-59.10546
-58.71890
-59.77514
-57.58916
-56.24268
-57.44452
-57.52733
-54.81363
-49.29612
-54.49783
-58.46969
-57.71111
-55.22288
-54.14565
-55.64783
-54.71784
-55.26043
-54.96443
-55.08974
-54.49837
-55.51813
-55.89409
-51.67624
-52.38415
-57.40741
-56.03906
-57.85294
-56.09278
-55.11945
-54.95669
-57.68305
-55.91729
-46.85923
-50.69096
-56.42753
-54.25088
-57.61220
-51.50670
-53.36436
-58.31806
-59.91609
-58.80556
-54.90174
-55.73449
-57.47798
-56.31145
-57.50495
-55.99243
-57.77899
-56.92039
-60.80653
-54.32217
-50.44700
-58.07990
-58.02373
-59.32831
-58.98694
-59.80594
-58.93045
-59.73177
-60.32564
-60.93783
-57.47726
-57.00662
-56.40238
-57.27692
-55.82065
-54.46361
-56.07867
-56.86678
-55.71880
-47.66069
-51.65385
-57.22708
-56.63115
-58.21121
-57.67705
-59.39908
-57.35301
-59.85206
-56.25091
-49.20934
-52.12471
-57.73187
-57.31292
-57.25571
-47.73312
-50.72360
-56.05767
-58.60994
-52.98126
-49.59512
-53.67046
-54.58595
-57.20584
-57.10805
-57.49206
-56.83259
-58.19115
-58.15722
-59.35130
-57.14426
-56.38286
-56.37607
-58.79331
-57.96615
-56.58169
-58.07822
-59.11521
-59.13749
-48.63066
-49.27572
-53.84032
-53.97239
-61.00999
-53.57657
-52.14391
-58.70936
-61.40240
-60.43653
-57.08778
-55.33702
-55.70025
-55.67344
-56.91594
-56.13881
-55.51402
-54.92032
-56.04503
-56.44066
-51.05098
-55.76602
-58.00420
-56.92500
-57.21025
-56.57079
-57.28773
-57.14805
-57.36155
-57.63130
-57.17673
-56.03024
-56.48597
-56.91218
-56.80366
-54.83900
-58.02702
-55.86062
-59.26804
-48.19723
-49.28222
-59.40469
-56.74310
-60.72094
-58.14713
-59.17607
-56.91678
-57.79862
-58.20085
-60.11429
-57.53451
-57.01961
-55.52543
-58.16224
-51.80966
-51.20773
-60.03672
-58.31918
-59.66273
-56.11379
-54.86168
-56.42026
-56.77137
-56.97305
-57.18028
-57.36765
-56.96227
-58.43725
-55.46788
-51.29663
-55.40817
-57.81933
-58.75364
-60.16879
-57.96419
-60.26101
-58.17972
-64.73524
-50.41225
-47.61243
-56.85621
-56.33507
-60.04069
-56.09225
-51.00932
-56.83851
-62.73507
-63.94254
-59.85637
-54.70794
-55.39387
-55.62072
-56.29389
-57.31248
-56.97926
-56.98178
-57.22335
-58.20924
-50.93395
-53.10148
-57.10541
-56.22739
-57.98096
-57.52575
-57.75512
-56.51758
-57.05239
-56.34177
-56.45787
-55.13126
-56.08150
-55.94826
-58.86679
-57.01234
-59.46064
-56.53967
-58.16953
-50.53624
-47.20703
-57.74448
-59.87172
-62.52655
-60.67107
-59.47998
-60.79219
-60.36932
-64.07372
-52.68751
-50.10313
-60.99725
-59.44240
-63.08351
-51.28970
-48.24308
-57.17818
-60.67833
-65.30753
-49.29278
-49.91972
-54.15526
-54.31847
-54.87527
-54.30675
-54.98999
-55.03568
-55.28219
-55.22975
-54.18319
-53.86536
-54.41512
-54.45754
-56.81692
-54.20922
-54.33114
-54.78669
-56.41008
-51.89248
-47.27812
-50.89011
-55.09645
-54.49753
-56.10629
-50.24990
-53.74926
-56.21701
-59.10799
-54.17037
-54.99040
-55.70759
-56.01162
-55.37547
-56.36624
-55.83733
-58.17164
-57.85302
-58.95832
-54.28007
-51.04046
-60.62035
-55.06375
-63.14587
-54.80171
-63.46677
-54.82563
-66.92675
-54.30766
-62.42108
-51.29527
-61.61125
-51.75433
-64.93332
-51.16242
-59.71514
-51.04227
-65.65561
-46.48491
-25.21442
-28.68636
-37.47964
-42.45905
-62.35756
-51.38219
-71.76128
-51.99924
-66.15017
-52.95175
-62.71469
-54.35120
-63.80867
-54.00815
-59.52085
-48.93318
-55.23066
-58.74834
-59.82542
-56.18174
-53.12962
-53.82701
-53.95485
-55.05080
-55.44709
-56.61349
-55.74966
-58.24229
-56.60389
-50.78097
-50.25513
-57.85082
-55.03867
-59.77796
-55.00261
-57.63382
-56.27961
-59.19693
-55.41278
-47.00077
-48.28883
-53.05253
-51.82780
-54.10098
-49.83875
-50.92579
-56.48591
-58.36042
-58.14786
-53.52171
-53.82511
-54.31563
-55.52650
-56.06978
-56.06638
-56.44859
-56.09246
-57.89408
-54.02799
-50.34723
-55.95142
-56.86589
-55.70128
-55.96958
-57.29588
-56.20530
-56.68974
-57.79443
-57.83574
-56.04534
-56.67156
-55.94930
-56.72602
-55.56784
-54.21623
-55.66136
-56.44949
-58.49148
-47.67817
-50.16159
-58.22419
-56.87978
-58.30283
-56.72020
-59.32436
-57.82556
-60.35974
-56.48709
-49.24063
-52.93886
-58.78570
-57.10288
-56.92999
-48.10715
-50.97411
-56.95606
-59.10254
-54.22972
-49.91839
-53.63961
-54.67577
-55.21769
-55.99591
-55.48524
-54.76255
-56.43198
-56.05660
-57.03806
-55.99335
-56.09383
-56.01207
-56.86523
-55.79965
-55.73318
-56.40523
-55.83659
-56.75827
-48.35672
-48.75926
-54.18436
-53.91103
-59.84719
-52.97205
-51.26718
-57.05842
-58.88526
-58.81287
-55.56655
-57.23361
-60.02001
-61.50217
-63.02580
-61.62092
-61.63300
-59.40313
-61.06146
-59.20314
-51.58275
-55.32022
-58.50730
-58.57931
-58.16553
-57.07319
-57.94049
-57.97519
-57.72304
-57.65343
-57.51074
-55.71949
-56.92714
-56.88276
-56.99132
-54.45737
-59.02892
-56.62365
-59.83330
-48.57015
-48.58954
-57.46784
-55.91763
-59.64675
-56.98340
-59.57132
-58.05087
-58.50154
-58.54917
-60.10951
-56.35127
-57.65702
-57.86622
-62.73748
-52.33909
-50.54101
-58.26239
-58.06344
-59.04108
-56.17703
-56.40970
-55.37224
-55.63256
-57.00460
-58.00102
-58.80630
-59.00257
-60.80756
-55.72482
-51.03135
-56.52364
-59.29990
-59.02301
-61.86097
-58.94757
-60.39189
-58.88307
-66.13925
-51.01468
-48.17077
-56.57348
-54.20878
-59.11649
-56.65983
-50.95149
-55.68580
-58.69419
-59.98635
-56.39909
-55.85485
-57.99014
-57.03863
-56.62601
-58.07361
-58.99939
-58.12792
-57.23763
-59.43249
-52.19556
-52.91613
-59.27966
-57.96260
-59.64966
-57.69351
-57.64044
-59.16589
-59.24175
-58.87563
-57.19989
-54.60549
-55.82992
-55.35898
-55.72854
-54.24735
-55.29897
-54.96689
-58.76443
-50.53338
-47.96195
-56.61037
-55.71829
-56.88875
-56.72193
-56.25234
-56.42646
-55.97561
-57.78455
-52.06133
-49.14403
-57.60688
-57.79778
-60.89482
-51.72327
-47.87086
-55.80992
-60.28635
-62.54493
-49.79140
-51.30742
-55.54944
-55.36988
-56.19575
-55.23665
-55.91855
-55.06230
-56.33807
-56.11954
-56.37042
-55.66639
-55.67895
-55.47409
-57.33500
-55.75309
-57.46345
-55.54833
-59.65149
-52.90144
-46.28970
-52.71429
-55.90867
-55.14708
-57.49993
-50.92216
-53.65942
-58.39951
-58.81120
-57.47688
-54.13793
-55.25842
-56.08677
-56.56385
-57.04856
-56.82267
-58.96882
-56.44519
-57.81929
-53.17852
-51.75491
-58.36503
-58.13556
-60.52274
-61.20350
-61.23538
-60.05832
-58.55909
-58.61496
-60.01985
-56.93301
-57.59982
-57.03084
-58.97146
-57.13423
-58.82001
-58.24493
-62.67938
-56.07669
-46.72079
-52.67268
-56.72606
-57.89233
-59.91838
-58.69760
-58.84958
-57.35736
-56.64912
-56.51473
-56.30340
-58.02676
-58.27768
-57.31656
-54.56437
-49.23309
-53.29961
-56.55695
-58.23013
-56.41656
-53.24420
-54.67124
-54.71637
-55.24795
-55.52268
-55.91973
-56.04711
-56.78021
-57.64608
-51.32553
-50.95832
-56.32168
-54.99587
-56.58735
-55.32579
-55.39190
-55.82629
-56.69230
-56.55061
-47.01551
-49.68146
-55.17687
-52.49759
-57.19883
-51.52857
-52.44073
-57.48580
-58.95042
-58.13762
-54.76012
-55.13266
-56.38166
-55.53800
-56.76522
-56.12574
-58.40982
-57.11739
-58.89187
-54.01319
-50.00121
-57.38581
-57.13454
-57.53657
-57.46244
-57.18781
-56.82276
-57.74429
-57.45646
-57.19572
-55.61723
-56.18451
-55.95508
-56.01399
-55.48600
-54.56750
-55.62962
-55.36487
-57.16271
-47.18830
-50.01514
-57.65562
-56.01752
-57.84826
-55.84917
-58.44179
-58.13724
-58.40013
-56.07836
-49.76741
-51.86523
-59.24227
-57.31088
-58.39482
-48.43902
-50.18938
-56.62847
-59.74034
-54.59193
-49.78382
-53.50002
-55.36963
-56.36706
-56.11554
-58.26930
-58.47510
-58.87623
-56.51452
-58.02028
-58.01823
-58.02252
-58.06771
-59.71840
-59.28658
-57.57600
-58.31987
-58.51261
-62.54704
-49.17769
-48.49012
-54.23154
-54.13542
-61.78932
-55.29890
-51.86208
-58.28555
-61.03339
-59.60588
-56.32892
-55.15267
-56.83874
-55.52570
-55.67509
-55.76207
-56.92216
-57.51253
-58.83100
-58.44857
-51.07790
-55.41587
-60.12169
-58.07515
-57.56076
-56.24389
-58.54863
-60.10840
-57.28955
-55.75433
-57.32376
-57.82426
-56.73163
-56.77416
-58.44670
-54.69192
-58.79570
-57.52494
-62.66300
-48.81689
-48.69569
-59.85512
-56.41170
-59.04379
-56.73488
-59.52266
-58.51776
-58.04483
-56.48676
-58.34156
-56.97792
-58.60183
-57.70261
-59.96771
-53.23098
-50.66293
-58.64024
-58.36320
-57.16621
-54.17653
-53.04024
-53.93310
-55.29845
-57.16472
-57.11879
-57.22666
-57.75831
-58.46562
-55.16508
-50.77959
-54.92927
-58.11798
-57.60432
-59.99429
-56.62414
-59.20603
-57.11243
-60.28344
-50.39185
-46.65446
-55.55169
-56.62511
-59.36519
-57.16708
-50.62468
-55.41411
-60.40158
-62.81010
-58.81475
-56.15204
-57.14647
-56.86629
-57.16423
-57.86174
-58.41972
-58.43084
-58.38087
-58.28966
-60.33569
-62.08539
-60.98758
-59.30362
-57.79983
-57.20785
-56.85862
-57.51767
-57.66588
-60.01267
-62.97879
-62.51844
-59.74868
-61.65849
-59.81332
-55.83901
-54.62843
-54.04036
-55.60339
-55.14576
-56.52424
-60.41407
-65.58211
-60.26879
-65.30284
-58.22933
-56.05796
-62.30895
-61.36641
-64.32954
-57.37873
-59.21735
-66.97856
-62.35889
-58.15174
-61.03356
-60.36221
-60.83134
-65.09407
-66.21371
-64.30191
-62.85150
-63.71784
-72.73873
-67.25827
-60.97293
-61.50806
-62.66502
-80.02647
-62.23285
-61.00735
-62.68027
-63.52003
-67.01683
-60.63453
-58.64601
-58.84047
-61.00738
-63.03513
-60.95230
-61.21627
-65.34292
-65.55797
-66.32534
-63.78451
-63.61980
-67.00257
-70.16965
-67.58901
-63.15089
-62.12403
-61.69738
-67.88965
-78.95230
-75.55555
-79.81417
-76.94763
-80.96052
-68.55800
-61.95883
-61.85691
-60.48423
-65.03739
-64.47629
-60.54804
-68.62050
-70.16662
-71.70456
-66.33539
-63.20137
-62.93351
-63.09782
-74.61597
-62.03610
-59.95871
-59.63600
-62.75203
-74.38335
-62.60343
-61.17237
-60.40991
-65.87488
-85.50234
-76.59175
-84.12781
-79.23810
-89.15590
-75.12725
-60.13066
-58.44104
-58.06968
-62.40535
-76.88250
-74.24730
-77.52395
-74.83183
-76.56822
-69.30219
-62.20388
-62.49329
-62.56831
-62.63598
-65.04010
-61.89677
-59.56119
-60.10806
-72.60035
-70.47580
-63.65256
-64.40166
-69.46273
-105.00595
-68.86773
-64.04391
-69.15649
-104.78617
-81.15816
-65.60420
-62.74716
-63.00983
-62.41579
-72.21211
-79.47652
-79.08538
-80.73217
-81.07046
-81.26990
-64.15115
-62.47241
-61.90419
-65.15828
-77.53465
-76.18761
-79.22935
-77.75896
-79.09749
-72.73923
-64.09092
-62.97496
-63.62297
-63.83736
-68.47841
-62.20271
-60.62083
-61.67675
-67.64348
-74.01798
-61.16157
-63.06640
-59.60298
-65.27057
-68.96925
-58.88234
-58.58436
-60.81677
-77.74345
-65.49925
-57.72595
-62.00548
-78.52558
-77.66727
-81.36204
-78.96857
-83.31283
-80.17847
-97.22715
-64.32891
-59.41863
-61.35087
-60.57993
-68.87873
-77.98594
-77.67053
-77.50951
-78.45524
-74.61455
-66.04122
-63.00327
-63.58312
-63.47925
-65.28106
-64.00357
-61.95050
-62.09936
-61.68807
-71.24809
-63.01036
-60.44478
-60.93120
-65.09095
-78.77547
-62.59662
-62.06195
-60.78460
-68.19543
-65.72485
-58.95565
-60.36428
-61.24676
-71.16712
-81.92624
-78.75368
-82.73981
-80.54455
-83.75174
-62.62261
-58.06552
-57.61686
-57.52878
-67.15776
-77.92802
-77.49689
-78.23414
-79.81553
-74.05788
-62.33738
-59.78192
-60.14889
-59.68907
-60.48662
-61.28364
-59.48829
-57.76122
-58.71837
-66.20085
-59.49745
-57.38164
-56.61710
-59.14891
-72.77205
-60.03179
-59.37518
-68.92542
-84.37855
-67.72963
-58.71967
-57.76756
-57.54196
-66.56523
-85.13746
-76.86206
-85.98347
-78.58008
-110.24446
-65.83869
-58.95426
-59.68217
-58.98776
-61.51153
-73.91502
-78.20323
-77.54752
-77.69005
-77.04128
-62.77685
-59.13373
-59.42703
-59.01873
-60.00857
-60.84476
-60.09406
-59.88463
-60.43662
-63.33333
-60.07739
-59.26781
-60.10258
-64.19754
-76.09291
-60.07161
-59.70244
-58.45243
-63.18538
-70.32303
-60.40041
-61.08927
-59.24851
-63.16757
-77.91173
-79.16354
-82.33705
-80.72051
-88.62436
-68.58106
-60.52075
-60.01476
-59.20702
-58.58937
-66.42076
-81.78412
-75.47699
-79.34708
-76.78415
-63.31809
-58.40100
-59.48428
-59.07804
-59.20615
-59.20913
-60.22701
-58.63215
-61.20689
-72.13321
-60.16711
-58.52755
-59.06475
-64.62396
-89.15111
-63.95034
-63.10550
-61.85684
-67.08737
-73.78426
-60.54136
-61.37031
-60.63128
-62.94399
-77.38857
-79.43771
-81.23469
-82.10801
-86.11859
-70.66652
-57.82463
-56.78265
-55.51418
-58.32749
-75.23785
-76.15793
-79.66310
-74.77661
-83.30464
-61.46432
-56.73931
-58.01885
-58.08004
-57.53374
-59.34237
-56.64811
-54.90686
-53.40917
-59.70425
-60.93735
-55.64789
-56.94437
-58.10704
-73.60257
-58.09349
-55.88235
-55.87523
-60.14016
-70.69367
-56.45810
-53.83779
-53.89301
-53.06936
-59.42617
-74.27531
-71.97705
-78.31333
-76.23127
-63.87972
-54.36357
-54.88127
-54.59916
-57.61207
-66.36909
-66.96020
-67.94592
-67.40578
-74.09999
-62.18789
-54.43370
-55.33945
-56.86714
-56.98039
-60.22214
-57.36519
-56.36731
-56.57102
-67.61510
-60.01346
-54.25886
-54.79755
-54.26939
-64.82762
-60.54040
-55.42338
-55.35893
-61.65936
-76.72607
-58.99586
-55.37014
-54.68932
-60.46511
-71.83135
-69.43016
-73.49091
-77.39488
-74.92975
-68.33717
-56.02245
-52.57996
-52.82593
-52.56119
-59.31673
-81.01674
-75.64840
-76.92693
-72.65511
-64.73874
-57.21330
-56.74992
-58.23633
-58.03467
-59.08374
-55.66886
-54.82033
-54.87004
-61.18163
-63.02077
-54.45906
-55.72233
-55.10282
-59.64106
-63.49242
-56.79713
-56.18179
-59.64235
-75.49925
-60.10229
-56.06147
-56.68323
-56.53860
-65.52125
-68.85419
-69.89225
-78.03293
-72.54053
-69.14099
-56.84714
-54.76240
-56.06403
-55.97602
-60.60987
-70.30017
-69.97604
-70.35663
-68.52420
-65.17781
-58.06195
-56.54465
-57.41277
-56.94681
-60.66547
-57.00494
-55.90981
-55.83405
-62.31442
-64.21458
-54.30675
-54.64678
-54.40146
-62.18203
-64.98451
-56.02429
-56.05859
-56.38945
-63.79068
-63.54034
-56.98114
-58.04530
-57.03031
-61.28111
-68.96200
-67.56194
-72.14155
-74.03763
-68.53578
-60.89516
-57.74320
-57.39050
-57.10756
-56.92399
-63.97652
-81.46086
-72.32378
-72.63202
-66.20097
-58.73853
-58.62906
-59.23959
-59.30475
-59.48763
-58.83805
-58.15562
-57.92049
-57.29446
-58.57176
-56.75140
-54.98920
-55.84092
-57.92988
-64.22810
-57.27263
-55.23499
-57.41405
-68.24531
-64.05219
-55.63026
-55.86900
-54.58018
-58.89955
-68.84786
-68.69422
-74.26270
-76.27734
-71.04408
-60.06445
-56.59255
-58.43178
-56.38195
-58.19727
-66.50850
-70.00376
-67.79576
-68.74211
-64.95461
-58.78900
-56.21984
-56.87774
-56.05150
-56.56351
-58.42909
-57.66472
-57.16400
-58.39288
-64.34710
-59.21124
-58.67339
-57.66208
-63.15208
-68.00989
-57.69801
-56.69985
-55.17413
-62.92586
-63.69435
-55.12570
-55.22478
-55.07623
-57.54894
-66.71812
-69.05185
-72.02682
-76.22698
-71.02704
-62.41442
-55.92897
-55.36509
-55.24471
-55.28297
-63.72206
-85.18401
-73.81370
-74.20585
-68.44217
-59.69350
-56.28227
-56.25968
-56.45790
-56.03724
-56.32945
-56.27711
-56.12927
-55.52888
-57.36819
-57.52733
-55.53724
-55.24544
-58.12729
-71.83549
-57.95899
-55.16598
-54.53550
-58.42269
-66.74695
-54.60435
-53.77837
-52.95908
-56.46300
-69.49922
-68.59333
-71.12896
-74.67194
-72.58798
-60.60877
-54.64744
-54.49878
-54.43667
-55.41923
-63.61451
-71.55375
-69.88574
-68.87854
-68.95335
-59.41562
-55.67320
-55.61535
-55.89123
-55.86041
-54.03481
-53.85886
-55.30287
-54.47620
-62.93654
-58.43075
-54.91873
-55.10209
-56.29155
-69.43731
-56.29298
-55.38113
-53.65478
-64.52603
-55.32820
-50.01283
-54.41131
-52.89779
-59.86740
-65.00987
-57.76675
-61.01614
-64.29108
-72.59678
-55.19652
-47.91559
-50.36507
-50.54553
-51.54807
-51.02888
-51.36351
-50.30606
-50.83150
-53.88391
-49.79514
-51.19456
-53.58608
-54.72507
-54.32417
-54.11812
-52.36704
-52.42366
-52.12683
-55.84858
-57.01615
-53.99978
-55.23319
-55.09562
-60.41125
-54.71792
-54.35489
-52.48885
-55.78622
-57.11536
-48.18667
-49.76680
-51.82697
-51.05756
-56.15086
-52.32898
-53.44686
-57.26993
-60.13066
-57.57404
-51.64762
-52.01560
-51.90691
-54.59271
-58.30503
-59.32805
-58.31114
-59.21993
-60.29906
-56.90775
-50.27638
-55.98514
-53.79245
-55.91842
-54.66368
-54.11807
-51.27546
-53.54518
-57.41013
-51.34110
-48.74788
-52.25833
-52.29555
-59.09081
-57.72311
-51.74422
-54.51669
-51.54841
-55.84341
-28.38184
-24.58476
-29.82879
-39.34575
-52.66139
-48.36985
-53.97821
-53.12179
-65.98556
-58.55969
-54.55199
-49.80083
-51.91455
-49.90259
-55.76969
-52.17994
-54.02265
-60.84253
-60.47509
-54.34059
-48.90342
-51.29782
-52.26295
-56.30147
-54.84105
-55.52919
-52.52958
-53.16952
-57.03166
-54.63309
-49.59606
-54.18470
-53.07203
-56.94838
-58.83390
-54.92686
-54.19782
-57.01111
-64.09652
-49.78936
-48.83181
-52.24050
-53.16571
-59.09699
-55.09776
-53.12757
-58.05879
-60.45897
-61.59711
-55.51267
-53.95183
-53.13063
-53.30473
-56.42335
-60.36519
-59.74732
-60.24447
-60.74834
-58.10467
-50.94279
-53.14488
-55.52043
-54.52791
-57.98445
-55.99478
-55.15685
-54.22115
-61.44338
-53.07634
-49.40109
-51.32254
-53.27834
-57.99179
-58.85490
-56.50660
-56.29201
-55.60149
-62.14944
-51.29233
-48.26541
-52.91444
-53.23869
-56.92099
-51.21979
-50.86594
-52.92549
-57.59276
-61.66266
-50.33628
-49.33756
-53.62948
-52.77090
-54.27951
-50.32286
-50.34775
-57.65576
-61.43465
-56.37760
-49.69322
-52.12228
-53.30172
-56.23291
-55.21494
-56.08222
-57.32500
-56.91835
-56.48709
-56.37700
-56.02843
-54.53688
-55.32715
-55.43215
-59.57836
-54.91163
-54.27727
-54.14375
-58.39141
-51.26701
-47.16542
-51.43771
-51.58465
-54.25814
-55.73381
-51.86722
-56.44976
-57.83123
-59.07999
-56.58528
-52.57227
-53.78262
-52.64561
-54.02410
-57.06683
-58.49116
-58.00793
-58.02519
-58.23556
-51.58476
-52.10450
-56.09385
-54.57042
-56.62071
-55.00377
-56.96118
-54.02602
-56.47256
-53.89367
-49.15835
-51.41050
-51.35548
-57.23082
-58.98477
-55.07140
-56.29021
-55.26197
-60.28825
-52.98831
-47.86936
-50.93301
-51.73644
-53.58599
-52.04488
-49.52199
-52.89043
-58.03559
-58.56578
-56.40809
-53.19993
-53.92665
-52.82903
-53.65681
-53.64005
-51.44171
-57.77292
-59.55989
-58.19314
-50.03303
-48.94888
-52.26801
-54.41857
-55.50519
-54.27539
-54.83911
-54.32601
-55.48906
-54.15360
-49.77655
-51.36647
-53.29762
-54.46944
-61.52345
-53.98344
-54.04724
-53.35594
-58.65562
-55.15842
-47.08442
-49.71520
-51.64988
-56.41995
-59.46056
-52.87703
-56.63577
-61.33191
-62.59674
-59.62576
-54.87698
-54.72081
-54.48983
-54.49323
-58.21451
-60.57295
-61.15622
-59.85686
-61.80359
-53.08559
-50.69514
-56.08720
-55.35192
-56.67744
-52.13456
-53.57484
-55.11773
-54.45030
-56.42680
-49.48156
-49.73539
-52.18701
-53.95082
-59.84823
-56.14216
-54.45925
-54.18176
-59.00215
-57.10434
-47.12569
-49.13889
-52.48676
-56.63020
-55.38369
-49.73384
-54.60438
-58.74750
-66.56638
-52.49669
-48.46751
-52.84189
-51.89615
-53.20358
-51.03154
-49.44234
-51.63992
-50.99624
-53.13465
-50.84759
-50.13995
-53.54998
-54.55384
-55.15476
-54.57402
-53.13929
-52.90207
-53.40321
-57.35760
-56.39964
-53.67496
-54.35155
-54.40421
-60.34471
-56.59344
-55.86157
-54.43344
-57.73004
-57.91335
-47.98456
-49.94097
-54.74938
-54.13473
-57.68482
-52.99510
-52.81656
-58.73131
-60.28652
-60.47730
-54.27409
-53.54573
-52.76239
-54.52067
-59.84770
-59.17122
-59.54906
-58.94513
-63.31550
-56.06227
-50.46221
-54.56291
-54.23850
-55.00417
-56.26110
-54.54954
-53.80525
-54.55046
-61.44497
-51.27903
-49.51786
-51.77827
-52.21580
-57.76482
-57.36846
-53.59160
-53.37539
-55.85692
-61.47020
-48.60603
-48.26532
-51.35653
-54.13936
-56.01036
-49.66824
-51.15090
-54.46885
-60.06237
-60.50282
-56.82028
-55.18229
-55.86693
-54.84104
-58.96062
-52.15563
-53.33595
-60.86421
-63.21260
-55.77715
-49.25568
-50.81723
-52.35891
-55.87457
-56.41150
-55.69464
-53.80781
-54.08894
-58.31040
-53.01226
-50.02142
-54.70509
-53.40880
-56.81628
-58.57845
-54.22929
-53.87469
-55.96232
-64.90766
-50.09994
-47.71048
-52.42902
-54.14665
-58.22442
-55.32106
-53.21653
-58.69620
-61.79006
-62.34270
-55.71407
-52.98826
-53.94433
-54.40541
-56.54533
-59.68923
-59.52506
-59.24760
-60.64644
-58.98471
-51.30281
-53.22419
-55.64264
-54.76407
-57.48690
-57.22043
-55.99696
-54.93176
-61.91272
-52.96527
-49.25469
-51.39109
-52.86439
-58.10315
-58.02868
-54.72507
-55.60981
-54.07497
-60.08152
-51.55781
-47.72964
-52.53276
-52.62333
-55.57027
-51.11942
-50.70268
-52.79538
-56.06650
-63.02799
-51.39775
-51.75670
-53.46930
-53.49636
-54.55789
-51.70668
-49.77147
-58.52052
-60.15162
-57.91835
-50.54766
-52.23548
-54.17107
-56.74624
-58.48540
-54.53935
-55.68771
-53.51087
-57.39323
-53.71948
-59.27084
-52.43690
-60.60547
-51.62068
-83.93138
-50.33550
-68.54544
-47.89949
-51.54242
-35.95934
-24.26506
-28.08347
-35.47876
-44.73433
-55.19310
-50.98732
-59.61022
-57.40133
-63.32518
-55.73984
-57.06368
-53.44486
-56.30096
-52.96740
-60.67079
-56.15205
-60.51868
-56.61224
-59.32803
-50.71959
-51.88948
-55.87833
-54.19067
-56.09135
-55.38803
-55.81452
-54.23621
-56.97936
-54.54144
-49.19299
-50.31268
-53.05622
-55.94846
-59.47246
-55.07827
-56.52002
-53.82446
-60.67498
-54.03304
-47.95846
-51.40966
-52.50212
-54.66488
-52.32525
-50.54998
-51.56143
-54.46868
-59.13255
-57.44857
-55.46551
-55.06246
-54.07862
-55.94249
-54.38710
-51.30373
-57.95494
-60.81379
-58.31615
-50.30642
-49.49918
-52.17610
-53.10473
-54.67454
-53.76563
-54.12828
-53.69523
-53.76200
-52.88539
-50.31184
-53.85102
-57.61161
-56.87482
-63.65788
-54.43749
-54.60877
-54.28681
-57.39400
-57.06834
-47.75100
-51.03252
-53.89726
-53.62853
-58.38164
-52.31703
-55.33708
-60.64150
-61.27778
-58.34785
-54.23166
-54.99984
-54.62521
-55.02882
-59.47319
-61.88008
-62.37160
-61.61013
-65.51852
-54.45373
-51.13334
-56.48590
-55.24501
-56.67333
-52.93625
-54.10472
-54.93822
-55.45307
-57.51938
-49.75121
-50.53994
-52.48806
-53.81867
-61.53529
-56.96164
-55.19900
-53.41870
-59.53369
-55.34099
-47.21120
-51.42143
-51.48804
-54.94936
-55.27710
-49.91453
-54.19656
-55.64894
-63.03912
-53.05334
-48.51806
-52.36732
-52.96625
-54.72067
-51.45917
-48.93875
-50.87397
-51.70791
-53.30131
-50.70235
-50.10885
-52.42326
-53.48955
-55.15790
-54.65950
-53.87523
-53.49766
-54.61484
-57.14331
-55.87116
-53.91922
-54.76776
-55.63123
-60.83338
-57.25380
-55.92085
-56.11127
-57.02496
-59.20112
-48.68534
-49.44262
-54.34154
-52.22447
-56.09382
-52.52010
-53.67302
-60.01492
-59.31976
-59.51422
-52.70579
-52.90978
-53.55230
-55.68043
-59.23137
-58.14948
-57.95224
-56.96209
-58.65079
-54.90083
-49.88047
-52.55877
-54.01687
-54.72503
-55.72454
-55.14899
-54.91389
-54.61733
-60.29127
-50.90929
-48.76222
-50.60050
-52.61437
-58.55680
-56.46411
-54.31343
-54.58714
-56.32609
-61.80362
-48.29782
-47.29232
-51.23611
-55.00035
-56.48563
-50.36973
-50.61245
-52.78365
-59.29437
-59.83720
-54.25352
-51.15593
-51.93739
-53.39421
-56.88481
-49.96979
-49.71602
-54.86452
-57.67181
-53.74906
-49.81823
-51.35306
-53.42090
-55.90518
-55.79254
-55.24336
-53.96150
-54.24230
-58.24797
-53.85100
-50.16448
-54.90349
-53.49883
-57.63762
-59.76619
-55.54601
-54.30574
-55.91886
-65.47149
-50.69634
-47.88374
-53.11571
-53.20197
-56.38689
-54.99072
-52.50913
-58.87958
-60.27152
-60.21007
-54.98809
-54.08629
-54.09435
-54.20923
-57.00481
-59.48043
-59.69850
-58.95883
-59.55962
-59.09930
-51.15499
-53.80181
-56.89241
-55.62067
-58.06916
-54.42999
-54.55810
-53.47345
-59.47616
-52.81729
-48.74587
-51.06904
-53.47225
-57.70021
-58.73899
-54.44044
-55.66023
-55.14770
-60.30426
-52.02391
-48.01984
-51.88442
-53.66267
-57.59129
-51.30124
-50.94342
-52.61643
-55.91580
-61.17339
-50.73678
-49.65329
-55.13508
-52.89822
-55.07199
-50.45752
-49.71812
-56.32332
-57.52252
-55.65943
-50.59211
-51.85131
-52.49836
-56.44110
-55.08609
-54.72461
-55.09548
-55.20259
-55.58835
-54.72700
-53.82000
-54.06084
-56.07522
-55.10805
-58.10906
-54.42201
-54.25224
-54.02618
-58.73906
-52.01353
-47.25988
-51.88352
-52.31872
-54.67753
-55.58671
-51.49499
-55.49719
-58.95935
-56.45192
-55.18292
-53.29256
-52.48871
-53.28764
-53.24759
-54.75284
-55.13205
-55.55909
-57.23508
-56.60847
-52.21121
-51.57321
-54.20644
-53.97606
-55.30594
-53.12063
-52.59986
-51.73764
-54.49976
-52.87131
-49.59273
-49.91269
-50.68989
-53.44592
-53.75265
-52.06824
-52.04759
-52.69761
-57.23775
-52.19999
-47.22289
-50.86902
-51.56301
-53.09566
-50.56413
-49.77222
-51.62027
-53.25410
-55.66561
-54.73957
-54.33609
-53.86537
-53.15816
-55.20933
-52.90522
-50.05905
-55.51683
-59.10640
-58.72773
-50.39134
-49.95891
-51.81315
-54.01886
-56.40048
-53.79370
-54.10209
-54.66083
-55.08123
-54.74259
-50.45299
-51.17749
-53.63740
-53.14501
-57.94181
-53.99418
-53.98922
-52.35443
-55.55041
-54.10501
-47.14378
-48.91651
-51.60084
-53.76625
-56.19576
-51.64615
-53.48281
-56.81598
-56.26452
-56.29244
-53.96988
-53.96022
-53.41358
-54.67264
-57.09471
-55.84881
-57.16737
-57.71574
-60.33904
-53.71453
-49.84227
-54.97818
-55.41825
-57.73575
-53.63248
-53.68184
-55.21315
-55.43042
-57.57007
-50.02335
-50.07664
-51.35401
-52.76021
-56.04393
-54.43172
-54.35059
-54.15134
-58.55899
-57.20222
-48.00496
-49.99367
-52.32317
-54.56740
-53.28398
-49.47381
-52.57506
-55.11596
-65.68415
-52.57183
-48.15096
-51.68143
-52.00039
-53.22441
-51.01347
-48.96666
-52.19948
-53.26512
-53.50811
-50.66285
-49.57731
-52.08177
-52.00021
-53.10804
-54.09195
-52.80906
-52.28326
-51.58143
-52.89880
-53.24581
-52.77527
-52.53254
-52.63795
-55.48845
-53.93342
-54.01211
-53.08594
-53.86149
-54.64521
-48.95078
-49.08014
-53.52431
-52.46387
-53.87602
-52.92482
-52.74796
-57.16329
-56.54610
-56.43847
-54.46531
-52.96016
-53.51307
-55.64739
-56.97752
-56.40608
-55.39683
-55.08236
-55.73046
-53.90671
-50.08395
-53.35330
-55.98577
-55.43843
-54.16107
-52.95443
-52.43147
-53.01407
-57.68872
-51.30166
-48.93640
-50.07141
-51.49742
-55.13228
-56.18688
-54.36235
-54.88861
-55.60379
-59.49944
-48.57414
-48.60911
-52.88532
-53.32084
-55.06503
-49.85585
-51.76624
-53.77242
-55.17306
-56.17374
-55.83603
-55.59728
-55.30863
-55.21656
-59.22553
-51.69464
-52.69328
-60.06164
-58.98866
-54.53887
-49.73726
-50.98884
-52.48919
-55.57327
-56.02906
-55.23328
-54.74978
-55.38093
-58.43594
-54.19138
-50.22380
-53.79336
-53.68873
-55.23176
-57.16533
-55.94737
-56.37710
-55.45714
-60.69452
-50.20136
-48.15313
-52.49902
-53.37975
-58.51863
-54.61323
-51.85200
-56.84760
-59.38511
-59.15220
-54.98401
-53.72154
-55.40624
-55.96011
-54.77320
-56.29393
-57.41013
-57.14418
-57.20851
-54.98609
-51.15308
-54.01790
-56.24678
-55.68083
-57.98406
-56.05378
-56.97482
-53.88621
-58.54449
-53.13287
-49.17579
-50.68316
-53.02844
-56.91540
-57.52672
-56.14462
-57.09871
-56.74444
-61.00252
-52.04475
-48.02766
-52.37124
-52.66942
-56.64654
-51.15187
-50.69353
-52.91753
-55.39001
-59.02165
-51.30674
-52.70479
-57.51224
-55.44650
-58.79962
-51.44551
-49.01403
-53.17052
-54.24717
-54.27667
-50.60346
-52.88971
-54.47551
-57.43363
-57.01578
-55.88208
-55.51921
-55.46593
-56.25193
-54.54498
-54.03117
-53.36258
-54.16694
-54.31733
-56.27613
-55.82632
-55.31214
-54.36372
-57.48450
-51.43247
-47.26200
-51.14322
-53.89597
-55.66777
-54.33815
-51.34663
-54.48676
-56.31246
-56.65990
-56.64197
-55.56652
-56.15167
-55.47728
-55.08972
-57.16157
-56.20039
-56.22006
-55.95407
-55.54038
-51.14335
-51.87210
-56.17062
-55.72339
-57.90710
-54.24813
-55.13910
-53.32945
-55.37344
-53.51300
-49.31924
-50.27856
-52.01570
-54.16681
-55.57253
-54.04510
-55.44496
-54.98389
-57.07306
-52.62162
-47.44616
-51.05502
-52.55182
-54.47305
-51.80471
-50.28309
-52.67937
-55.18622
-56.68261
-56.68233
-54.93951
-55.59785
-56.37302
-58.11115
-55.39248
-50.09914
-54.83850
-58.21074
-56.46973
-51.10928
-49.97828
-52.50041
-55.32560
-57.88453
-55.69038
-55.61839
-55.77523
-57.27775
-57.37598
-50.44273
-51.74622
-56.86483
-55.66825
-58.22483
-55.54493
-56.75962
-55.25807
-58.12380
-54.63773
-48.40353
-51.68741
-54.67366
-54.35904
-56.03409
-52.33569
-53.35157
-57.46320
-56.10218
-55.27941
-54.88591
-55.19617
-55.18980
-55.35105
-55.87977
-56.72429
-57.18506
-55.38232
-57.50034
-53.79838
-51.42643
-56.89297
-56.99077
-57.72104
-56.18941
-54.90552
-55.64819
-57.47017
-56.58337
-49.83199
-50.45366
-52.20829
-53.89120
-57.05501
-55.87600
-56.76009
-55.90844
-59.03343
-53.47250
-47.57263
-51.08275
-53.98182
-55.20358
-53.95417
-50.06455
-53.26717
-52.40558
-54.99530
-52.29415
-48.78974
-54.01192
-54.35980
-54.78006
-51.13038
-48.27035
-51.32092
-53.37573
-55.02817
-51.08462
-51.15816
-53.28051
-53.15789
-58.26664
-56.40375
-56.72671
-57.12989
-56.99576
-58.23130
-50.98600
-49.63719
-53.10547
-55.79266
-58.84369
-56.20201
-54.60113
-53.86237
-56.31338
-58.26824
-56.11488
-55.75250
-56.50771
-57.21109
-56.65392
-54.42366
-53.20680
-54.73196
-57.69325
-58.14047
-53.82288
-54.93437
-53.49359
-57.63817
-55.02207
-49.24025
-51.18929
-53.80718
-58.46795
-57.98349
-55.88724
-55.96094
-54.31138
-57.04033
-52.46594
-49.18227
-51.22037
-53.23873
-56.50624
-55.58194
-54.55906
-53.83322
-54.85795
-57.39096
-55.72928
-52.93650
-54.09880
-54.52387
-55.96216
-55.30761
-56.55345
-56.25043
-58.27629
-57.34683
-49.39738
-50.36367
-52.38157
-57.33245
-58.41916
-55.26600
-55.28124
-55.71871
-55.42347
-56.18509
-56.16508
-56.89138
-55.71599
-56.43010
-53.50770
-49.21720
-50.94532
-53.19484
-56.59541
-56.01381
-56.29687
-56.85165
-56.04254
-59.00594
-52.78547
-49.57523
-51.59170
-52.96276
-56.97141
-57.96381
-57.49139
-57.33789
-57.90418
-58.79881
-57.59948
-57.12840
-57.59850
-58.80474
-59.71877
-57.61999
-57.91589
-59.41937
-60.26135
-60.36968
-55.86591
-55.58823
-55.91284
-56.66063
-56.92233
-57.05746
-55.43608
-56.81099
-56.51694
-57.74026
-55.74264
-57.82903
-54.56603
-58.72021
-53.89302
-49.91814
-51.43832
-52.32422
-58.48846
-57.09918
-56.64875
-55.76734
-57.34685
-56.96707
-58.13358
-54.68601
-56.43061
-54.93459
-59.51563
-50.21129
-48.60155
-50.26857
-56.12198
-55.47036
-57.54069
-54.95593
-58.23374
-56.80921
-57.89691
-50.37000
-50.77754
-55.45553
-51.94944
-56.18888
-27.73555
-26.60048
-33.71195
-39.51317
-50.94794
-48.33588
-55.42347
-51.27579
-58.02625
-55.81753
-55.66873
-54.70202
-57.25073
-58.51616
-55.74163
-49.21122
-51.34664
-54.65696
-56.32253
-56.98462
-55.78603
-57.38276
-55.75359
-59.84025
-57.34866
-57.71359
-54.55272
-57.00498
-56.58769
-56.53041
-55.27129
-55.07640
-56.37570
-57.95687
-54.96446
-55.17531
-54.97484
-56.94488
-57.44853
-50.30125
-49.87792
-52.58906
-54.81962
-58.91355
-56.33834
-57.77463
-56.41862
-58.08579
-56.25417
-49.45547
-50.22430
-52.24701
-55.77088
-55.90234
-55.68402
-56.28081
-58.17713
-58.12938
-58.76599
-57.13606
-57.50331
-56.36516
-59.40192
-53.73184
-49.09280
-51.73126
-53.80804
-58.55129
-56.33668
-56.92540
-57.14011
-58.72437
-58.92119
-57.16056
-56.69249
-56.60118
-56.15804
-57.08354
-56.86210
-58.02852
-57.47449
-56.94642
-58.33652
-49.73638
-49.34458
-52.18662
-55.24375
-57.28605
-57.07585
-58.34203
-57.20310
-58.65298
-55.92406
-49.80297
-50.19451
-52.60292
-55.47755
-58.46156
-57.21429
-56.98798
-55.61501
-56.95642
-57.50519
-58.13536
-56.63418
-58.41207
-59.16903
-59.22034
-56.75828
-56.75006
-57.39075
-58.53036
-57.93170
-55.45483
-57.65390
-56.33104
-59.72608
-53.23302
-49.09554
-52.03985
-54.99599
-60.59794
-59.52439
-57.72140
-57.85528
-58.72610
-61.75754
-51.61289
-49.52664
-51.78973
-55.54765
-59.95518
-58.44927
-58.32481
-58.29939
-59.01097
-60.51349
-58.22385
-59.15438
-56.86248
-59.92297
-54.93794
-48.95627
-51.69859
-52.74989
-55.25291
-56.40517
-54.87985
-56.61111
-54.78395
-57.82395
-52.65558
-48.74505
-51.89054
-52.70024
-54.37856
-50.66945
-50.05828
-53.21325
-52.49748
-52.99892
-50.94304
-50.51409
-51.55662
-53.61817
-56.45480
-55.94520
-56.26787
-57.69769
-56.36677
-57.27819
-51.08920
-49.53392
-50.65238
-53.17974
-58.58408
-56.48686
-56.54633
-55.32144
-57.10679
-58.04766
-57.75790
-57.26599
-56.91483
-56.89052
-55.92052
-53.87087
-55.02119
-56.21005
-57.33034
-57.98996
-55.72300
-58.97736
-56.61315
-59.94543
-54.03487
-49.26566
-50.91221
-53.05311
-57.46367
-57.00961
-56.23290
-57.76617
-56.60972
-59.46028
-53.96170
-49.65526
-51.25626
-54.18043
-58.44729
-57.44579
-55.68328
-55.47047
-54.99919
-56.27667
-56.21953
-56.91410
-55.98444
-56.35052
-56.20888
-49.54291
-49.78880
-52.69901
-56.30648
-58.44221
-57.34505
-58.86847
-58.68350
-60.09227
-59.36898
-56.43122
-55.32339
-56.46596
-55.92250
-56.85859
-55.77031
-57.81182
-56.14973
-58.77159
-54.41487
-49.71426
-52.25194
-54.78954
-59.84641
-60.04463
-59.74789
-62.80082
-59.90801
-64.69658
-55.24226
-50.48767
-52.25631
-53.72353
-59.25734
-59.67025
-61.49268
-60.85375
-60.07765
-60.76217
-60.55988
-60.32620
-59.37986
-59.32117
-59.06646
-59.41072
-58.09674
-59.66002
-59.71993
-60.61434
-57.02117
-57.10535
-55.79059
-57.52426
-55.58439
-49.88354
-50.93671
-52.12219
-55.90392
-59.60487
-58.80349
-62.37432
-58.15994
-61.07860
-55.34024
-50.25859
-51.62756
-54.34645
-59.54111
-60.14195
-58.31227
-58.70291
-58.78408
-58.98253
-59.90343
-59.33619
-60.66353
-59.12222
-62.00367
-52.63701
-49.06228
-52.10455
-55.02802
-61.20936
-57.58836
-60.19651
-58.60364
-60.18746
-60.27929
-49.46264
-50.66901
-54.28196
-55.25869
-54.99230
-51.11349
-53.73993
-53.80639
-54.29796
-54.42643
-51.01856
-52.85252
-53.57886
-56.64265
-59.04193
-56.21764
-58.78370
-57.73643
-60.89321
-56.66153
-50.20542
-50.52762
-52.31864
-57.65266
-60.55354
-59.89255
-61.60129
-61.49569
-60.21821
-59.37139
-59.62942
-59.55969
-58.31790
-58.82956
-57.94212
-55.58488
-57.34066
-57.05062
-59.96695
-56.79922
-58.32899
-57.38172
-56.40285
-58.14487
-50.47498
-51.08801
-53.64796
-55.62683
-59.27969
-56.28600
-59.01290
-57.48005
-58.89161
-57.77576
-49.87547
-50.95361
-53.96370
-58.22137
-59.26486
-57.33597
-58.12048
-58.94966
-59.77276
-58.73246
-59.27826
-59.74574
-59.31157
-61.81094
-54.38574
-49.30663
-50.76139
-53.28519
-59.23716
-59.10151
-57.40171
-58.11169
-59.06938
-59.00558
-58.93000
-58.33487
-58.79149
-57.87333
-58.48683
-58.43882
-58.22212
-57.79321
-57.12224
-59.48028
-50.65941
-49.51187
-52.58288
-55.74280
-59.52913
-57.63989
-58.63131
-57.70227
-58.55856
-58.96222
-50.31944
-50.46943
-53.02233
-55.79643
-60.49705
-59.65407
-62.12531
-60.08846
-62.53755
-60.53739
-61.10464
-60.37252
-60.09766
-60.35953
-59.94923
-58.11588
-58.38908
-58.29760
-59.65172
-58.07574
-57.12732
-59.76278
-58.15123
-60.63209
-52.59132
-49.01470
-51.85345
-55.44852
-60.92675
-60.98686
-59.16312
-58.62011
-57.41240
-59.17194
-50.85887
-49.84802
-51.82900
-54.34131
-59.01751
-57.12513
-57.10063
-58.04697
-58.41621
-59.32206
-59.43465
-60.39883
-60.01416
-61.39360
-58.72098
-49.83013
-50.46389
-53.34725
-58.44254
-61.93504
-60.00857
-59.35335
-57.30854
-58.05264
-56.70127
-57.18695
-57.16372
-57.92622
-57.94353
-58.17338
-58.78271
-58.39631
-57.91138
-58.01936
-57.33592
-57.60436
-58.28812
-58.41016
-57.74238
-57.98722
-57.04931
-56.31333
-56.08959
-56.36534
-55.97908
-56.77150
-58.00493
-57.48757
-58.40495
-58.40962
-58.96935
-59.06300
-59.58137
-59.32701
-58.50760
-59.66164
-59.96649
-58.76967
-59.63924
-59.01062
-58.54209
-58.49522
-58.30416
-57.61731
-57.39045
-57.29417
-57.04453
-57.74550
-57.79857
-57.79111
-57.74386
-58.58364
-58.75425
-59.19394
-58.78955
-58.81041
-59.80599
-59.67258
-59.23902
-59.77361
-59.90664
-59.51324
-59.82111
-59.66904
-59.99525
-59.81702
-60.41969
-60.13291
-59.06470
-59.68933
-59.41000
-58.95755
-59.77543
-59.79114
-58.89993
-58.89896
-58.81411
-57.82226
-57.13369
-56.64064
-56.75221
-57.60591
-57.77578
-57.54388
-58.56060
-58.33013
-57.24054
-56.70842
-56.89079
-57.52043
-57.88806
-58.38283
-58.30276
-59.01917
-58.42184
-58.38751
-59.07800
-59.45675
-59.28714
-58.42164
-58.71761
-58.70606
-58.85003
-59.48142
-59.11946
-59.07435
-59.41110
-58.86989
-58.66815
-58.59545
-58.64259
-57.95941
-58.28116
-58.63455
-58.30757
-58.31388
-57.71095
-57.06242
-56.68137
-56.89843
-57.25681
-56.94019
-56.80909
-57.30862
-56.32549
-55.46943
-55.29788
-54.99871
-55.18156
-55.72282
-56.22705
-55.32439
-55.28889
-55.50302
-54.85802
-55.01063
-55.17196
-55.58816
-55.59303
-55.99657
-56.31581
-56.02496
-55.99110
-55.73215
-55.37406
-55.50453
-55.24890
-55.87651
-56.14360
-55.84367
-56.03795
-55.42445
-55.42626
-55.40644
-55.69671
-56.19187
-55.87731
-55.71694
-56.59483
-55.77707
-55.11984
-54.84223
-55.30295
-55.61637
-56.51800
-57.87358
-58.60162
-57.97515
-57.12416
-56.93162
-56.68625
-67.57995
-87.67257
-89.08599
-91.97668
-93.78271
-95.29489
-96.46396
-97.67474
-98.67728
-99.85579
-100.85200
-102.19643
-103.34261
-105.04892
-106.39570
-108.58047
-110.41591
-113.81417
-117.10111
-124.12616
-135.04440
-125.60356
-121.50431
-117.19610
-116.13637
-114.41800
-114.12912
-113.14260
-113.41460
-112.81460
-113.65366
-113.36642
-114.50596
-114.77123
-116.23361
-116.59901
-118.72561
-119.46219
-122.60517
-123.64540
-129.11664
-130.24749
-161.83973
-170.40202
-132.39213
-132.71926
-126.86989
-128.20705
-125.05410
-126.78986
-124.13222
-126.47234
-124.48757
-127.00647
-125.55654
-128.12759
-127.09468
-131.27006
-129.02132
-136.93366
-131.21101
-141.96154
-136.12981
-155.97622
-141.61974
-140.56678
-142.51166
-137.56768
-152.60989
-134.00464
-158.42024
-134.66247
-149.35351
-134.63780
-149.80566
-136.60000
-148.55478
-136.70083
