-116.48923
-107.78695
-118.50590
-99.30200
-115.48756
-82.27004
-76.88749
-77.00508
-77.55451
-81.02013
-76.08274
-72.92315
-72.56829
-76.13004
-77.76754
-72.30379
-72.08408
-71.59742
-73.06825
-75.63372
-71.98771
-71.05135
-70.81304
-72.85753
-73.35237
-71.31218
-71.93481
-72.57995
-73.50181
-73.20138
-73.24191
-75.30620
-73.99446
-74.47832
-74.37500
-73.67920
-73.62750
-73.66865
-75.56135
-75.30373
-75.37726
-75.47510
-75.56596
-77.04600
-77.74755
-74.92144
-75.74064
-75.06622
-76.82515
-76.27262
-75.10015
-75.19870
-74.72710
-75.70538
-72.85627
-72.28868
-71.47014
-72.79691
-75.32106
-72.32109
-71.52618
-70.72533
-72.66886
-74.98928
-70.88162
-70.00255
-70.16730
-73.02572
-72.49344
-71.37253
-71.72130
-72.42510
-73.36457
-73.14669
-73.06473
-72.68212
-72.64651
-73.50881
-74.56959
-73.77177
-74.33767
-73.83992
-74.17656
-74.29400
-72.82120
-72.97201
-73.00628
-72.16129
-73.80037
-72.03892
-71.07219
-72.05261
-74.70212
-74.66488
-70.41191
-70.61792
-73.51182
-74.48111
-71.03371
-68.89094
-71.19069
-73.52385
-72.72903
-70.70794
-69.12310
-68.67834
-69.08488
-72.04128
-69.45729
-68.31061
-69.40937
-70.06165
-72.21755
-71.66649
-70.86597
-70.41403
-72.70441
-72.14157
-71.59081
-71.76440
-72.13911
-72.95398
-72.51583
-73.09994
-72.44648
-72.79948
-71.82813
-73.76086
-70.19057
-68.85675
-68.42796
-70.90312
-73.05254
-68.21574
-68.24381
-67.90686
-70.76981
-70.43503
-68.88394
-68.37229
-69.61290
-73.32013
-70.53023
-68.14687
-69.64431
-72.61777
-72.31660
-70.61742
-70.79585
-71.20931
-69.68925
-70.92052
-70.84850
-70.92159
-70.61075
-72.00028
-72.91566
-71.68691
-72.49105
-70.96069
-72.03795
-75.25811
-75.34080
-72.28678
-71.80410
-70.68306
-73.63357
-71.99211
-67.90578
-66.51083
-67.16002
-72.32824
-67.93080
-65.86929
-65.27383
-68.41139
-71.58343
-67.50399
-66.58413
-65.07608
-69.21048
-70.09991
-65.73626
-64.84436
-66.82645
-70.34586
-67.01354
-65.62935
-66.11559
-66.55007
-69.92530
-68.84537
-67.69383
-68.72846
-69.11480
-70.13243
-69.61303
-68.53542
-67.72813
-69.46934
-69.80433
-69.76550
-69.78558
-69.04889
-67.81421
-69.51926
-69.71964
-67.13589
-67.47054
-67.69966
-69.09313
-66.11587
-65.33517
-67.01564
-69.39119
-71.31884
-65.56753
-65.26859
-66.05884
-67.54573
-68.50825
-65.48779
-65.23720
-66.82696
-70.00338
-67.29659
-66.06422
-67.20826
-67.70866
-68.46603
-68.20962
-68.40268
-69.49815
-68.99379
-69.08436
-70.27524
-69.13679
-68.81897
-68.74741
-68.53503
-70.01893
-68.80484
-67.68038
-67.08460
-67.93328
-68.23426
-65.30531
-65.65616
-64.99919
-68.02167
-66.00479
-63.08877
-63.66545
-64.84436
-68.37992
-64.90145
-63.74248
-62.84691
-63.79862
-66.82028
-64.67467
-63.51516
-64.08918
-66.80702
-67.22823
-64.29596
-64.54366
-66.10092
-66.38740
-66.08710
-66.21672
-66.68602
-66.34648
-66.98444
-69.21992
-68.73053
-68.61459
-67.72295
-67.98580
-67.91455
-67.24415
-67.55069
-66.00648
-68.11117
-67.46561
-65.95455
-65.83376
-66.66521
-69.78645
-67.35529
-64.74880
-63.94195
-63.23835
-68.68935
-66.57749
-62.91245
-61.86829
-62.31065
-67.23626
-65.02117
-62.96470
-63.30095
-66.64464
-67.00117
-63.81844
-63.16792
-63.76760
-64.39281
-68.50132
-68.20390
-67.17326
-66.89284
-66.87820
-68.95835
-66.54664
-63.86495
-64.36969
-64.87061
-64.64787
-63.79317
-62.39806
-61.49181
-61.57084
-65.31753
-62.29561
-60.72225
-60.33382
-65.39509
-66.55221
-62.29731
-61.57262
-61.87371
-67.77804
-64.51975
-59.78767
-59.09427
-58.60109
-59.34255
-63.13535
-61.53925
-60.78818
-60.86753
-64.02288
-61.74738
-59.60361
-60.53011
-60.54726
-64.39506
-63.64109
-63.06474
-63.00521
-65.36054
-66.35674
-64.27454
-63.38556
-63.29962
-63.30134
-63.60609
-62.68772
-62.12327
-62.17732
-64.32781
-67.38467
-61.14107
-59.25231
-59.20454
-62.41178
-64.52683
-61.06614
-59.60331
-60.49514
-68.30977
-65.11564
-60.43176
-59.28274
-60.27104
-66.28367
-65.78596
-63.01647
-63.06847
-66.76338
-67.43449
-64.64262
-60.53659
-59.43508
-59.83703
-61.12182
-66.03393
-63.36674
-64.57537
-64.95711
-67.20933
-68.13074
-62.78132
-63.82346
-63.32976
-64.30574
-63.03053
-61.57607
-60.91246
-61.77327
-68.36637
-63.84750
-59.95774
-60.23257
-61.24308
-64.40200
-62.71799
-60.27731
-60.65703
-65.57714
-68.06153
-60.59888
-58.92630
-57.52699
-61.58617
-66.19269
-61.61604
-61.33291
-63.41142
-68.06405
-63.89064
-59.17987
-58.35231
-58.87740
-60.41130
-64.36479
-63.39333
-64.26814
-64.01910
-66.71151
-66.30990
-63.09508
-64.97069
-63.14391
-64.84054
-64.21004
-61.57689
-60.33598
-61.40219
-69.87239
-64.65374
-61.47374
-61.67755
-61.47615
-68.86228
-62.94356
-58.75814
-58.22851
-60.42739
-68.81926
-62.39643
-59.09655
-58.87271
-59.27859
-64.55210
-63.64288
-62.51404
-62.68507
-66.35741
-64.72184
-59.05364
-57.88991
-58.04857
-58.07498
-59.29745
-63.48120
-64.24421
-64.57575
-64.13497
-64.77130
-64.50206
-63.97415
-63.75077
-63.96401
-63.53461
-61.68474
-60.21065
-59.52780
-59.79165
-61.08600
-59.73590
-59.52323
-58.59761
-61.90092
-61.35225
-55.36905
-55.92821
-59.64889
-69.52615
-60.64602
-56.69131
-55.80445
-56.45896
-61.90143
-62.34907
-60.72114
-61.99623
-65.09318
-65.13817
-59.48064
-58.63076
-60.23123
-60.77869
-63.40374
-63.95621
-65.99702
-67.01998
-68.58876
-66.38796
-62.22965
-61.50595
-62.93913
-62.72182
-63.72814
-61.37355
-60.46024
-59.65003
-63.44146
-63.83903
-59.13418
-58.90498
-59.23767
-68.50421
-62.57855
-59.62291
-59.72253
-61.24582
-71.43001
-60.87605
-56.91933
-57.55116
-57.53138
-61.82662
-65.26567
-64.51545
-65.00661
-66.48654
-67.30296
-61.88552
-60.24871
-60.68044
-60.16314
-62.44995
-68.05634
-68.23488
-68.45375
-68.63183
-69.31423
-64.26612
-62.05752
-62.39683
-61.97889
-62.30396
-60.10150
-60.42739
-60.28635
-61.45659
-62.01830
-58.20271
-57.35991
-57.40900
-64.82508
-63.92736
-57.42634
-57.61467
-57.01584
-66.61442
-62.97468
-56.95173
-57.61329
-56.56130
-63.90074
-67.43842
-65.73174
-65.94692
-68.70581
-72.39926
-59.95862
-57.26421
-58.49155
-57.21946
-60.35417
-67.37701
-67.34712
-67.35486
-67.92637
-70.32725
-64.10903
-62.73877
-62.32196
-62.69913
-61.00411
-57.37184
-58.49173
-57.61777
-60.79913
-69.42779
-56.38275
-56.79638
-54.99307
-63.12712
-64.71719
-54.52694
-54.16272
-55.35456
-77.93617
-55.36670
-56.16414
-68.54616
-67.73854
-74.93020
-67.86918
-72.66663
-73.06530
-83.16880
-82.73590
-82.83697
-86.34865
-79.17522
-86.56147
-64.84146
-62.12739
-68.28749
-67.01756
-57.84281
-54.28758
-55.86837
-55.71882
-55.79757
-57.86627
-60.32348
-56.47782
-55.34961
-54.80191
-58.43466
-60.48424
-53.17203
-53.28290
-52.75742
-57.04765
-59.32783
-56.39521
-55.78921
-53.68567
-58.64026
-54.33755
-52.28104
-56.09826
-57.58777
-59.69049
-58.19592
-57.11556
-60.43506
-62.13976
-61.88051
-59.14592
-57.85457
-57.25254
-57.07743
-60.12213
-60.74581
-60.94618
-61.11621
-61.99844
-61.91283
-56.42111
-55.21291
-55.92559
-55.68890
-60.33574
-56.34332
-57.50280
-63.25001
-61.32480
-61.94477
-55.13442
-54.62076
-54.50370
-58.44966
-60.32917
-54.06988
-55.08951
-54.51839
-59.39676
-56.03216
-52.12960
-53.43581
-54.59427
-59.43550
-59.86584
-61.16628
-62.04258
-61.16881
-63.22140
-59.71429
-55.50339
-54.86016
-55.57213
-61.99371
-59.83429
-57.53855
-63.22578
-63.99222
-62.87024
-60.04593
-57.69337
-58.26824
-57.67011
-58.98241
-57.44814
-55.46573
-54.36187
-57.14321
-60.42284
-54.20937
-53.61908
-54.54948
-60.36336
-60.87841
-55.72342
-55.95986
-59.45863
-62.60664
-57.49220
-52.06545
-53.13631
-52.48944
-53.82578
-59.87861
-56.94194
-59.79673
-59.42927
-63.10546
-61.59371
-57.47196
-55.79318
-54.34371
-58.29656
-61.33632
-60.49419
-61.76664
-62.26001
-62.44028
-58.32252
-56.50857
-58.54992
-56.96468
-57.73434
-59.62283
-56.06445
-55.09320
-55.92182
-60.61439
-59.52681
-56.00054
-54.84928
-53.16125
-59.45446
-57.40997
-54.68052
-54.16593
-57.20908
-59.89125
-52.85536
-54.32591
-58.91814
-60.15019
-59.06148
-59.90272
-60.51313
-62.24697
-62.28138
-58.82469
-53.07842
-53.97923
-53.40012
-55.40441
-59.99171
-54.93002
-59.57136
-62.61797
-64.18449
-58.00126
-55.83568
-55.41286
-55.36055
-56.01996
-56.59486
-56.31995
-55.55970
-54.41631
-55.74837
-59.43911
-54.40203
-53.80758
-53.03808
-58.30145
-56.96978
-54.21566
-52.77053
-52.17310
-56.87180
-52.92115
-54.69696
-54.95077
-55.76504
-60.16374
-56.90309
-58.85205
-59.11953
-59.53549
-59.88410
-55.31103
-54.44309
-52.93801
-54.49219
-61.54921
-61.29993
-62.69315
-62.98019
-64.53371
-59.85660
-55.58163
-56.93214
-57.61275
-58.05536
-57.95426
-56.86912
-55.79733
-54.90877
-57.54985
-57.48777
-53.47182
-54.31873
-54.02292
-57.46099
-58.05176
-53.66792
-56.08799
-58.80650
-60.68672
-52.86239
-51.86958
-53.33964
-55.29099
-59.04861
-58.64922
-61.45768
-59.96996
-60.60797
-62.49852
-58.02207
-55.93902
-55.98899
-54.64144
-58.71485
-57.62921
-59.81963
-65.51338
-63.21534
-61.77851
-57.56420
-57.99811
-58.10622
-57.88784
-57.47147
-55.57416
-54.53223
-54.43051
-55.68000
-55.95061
-52.76621
-53.41265
-53.03738
-57.53563
-57.59678
-53.59904
-52.82617
-51.10819
-57.16935
-53.11905
-52.07809
-53.88343
-51.68642
-57.29244
-57.42774
-57.07961
-60.25225
-59.96292
-60.59143
-56.45300
-54.63094
-54.70914
-53.59018
-54.93413
-58.70812
-59.68432
-58.84984
-59.52537
-60.21255
-55.22609
-55.00997
-56.30772
-56.35890
-55.73418
-54.94308
-55.33210
-53.95850
-57.67577
-59.11185
-55.17242
-54.15781
-54.90559
-59.95714
-57.60431
-52.78547
-53.22803
-52.33777
-56.73725
-54.70353
-51.48546
-53.59093
-52.28449
-56.12241
-58.05856
-59.45028
-61.17336
-59.41755
-60.87555
-55.64468
-54.03925
-55.47922
-54.92484
-60.23861
-56.22060
-55.34313
-60.88077
-62.94933
-60.15503
-54.53720
-55.73744
-56.27430
-56.73851
-56.81890
-56.85015
-55.69211
-54.87214
-55.86791
-59.34879
-56.06048
-54.75890
-54.57783
-57.64771
-60.19956
-55.02422
-53.84070
-52.18619
-57.98348
-54.61382
-50.66028
-53.43037
-52.89339
-54.20277
-56.57358
-56.12385
-59.21748
-60.27566
-60.86442
-58.10926
-55.48987
-55.07560
-55.17255
-59.41618
-60.51801
-60.41216
-61.58636
-62.61278
-61.91545
-55.78760
-54.04348
-55.01475
-53.90487
-55.75403
-57.86720
-56.14870
-55.65059
-57.41018
-60.55024
-55.21351
-53.39466
-54.19122
-56.00152
-58.61324
-54.25690
-52.93972
-52.80532
-59.37049
-55.77236
-52.57458
-54.79202
-51.92441
-56.22517
-58.13901
-58.10216
-60.52800
-59.57686
-61.11667
-59.20112
-54.23526
-53.91317
-52.80477
-53.91016
-57.37670
-56.19315
-60.12783
-61.28082
-62.21753
-58.90317
-56.09797
-56.74993
-55.80090
-56.44909
-57.05604
-54.83410
-53.23301
-53.81592
-58.63315
-55.01908
-52.95668
-53.17341
-52.63318
-57.84812
-55.68414
-54.84386
-55.03157
-59.01994
-58.58672
-52.24891
-54.45896
-53.36618
-55.66447
-59.23829
-55.56998
-58.70310
-60.05727
-59.73048
-58.96129
-54.90003
-54.50154
-54.73850
-55.57415
-59.40128
-60.57293
-60.00990
-59.66971
-60.43551
-58.36877
-56.04947
-56.81616
-55.94329
-56.45869
-57.69069
-54.91148
-53.92697
-55.01166
-61.16113
-57.46160
-53.72146
-53.72252
-53.84774
-59.98746
-55.98410
-53.49998
-52.49942
-54.66552
-58.67158
-52.27449
-53.17632
-53.95799
-53.60920
-58.26195
-59.55027
-60.84853
-61.07291
-61.60766
-58.36944
-52.82036
-53.13374
-53.85289
-54.98675
-55.61663
-54.39541
-57.01266
-60.38617
-63.84836
-56.90244
-54.15751
-55.51282
-56.07105
-56.49402
-55.95542
-54.77712
-54.94097
-55.46396
-55.54671
-56.69445
-53.80399
-53.58546
-52.71583
-55.29785
-57.39194
-54.52405
-54.83212
-56.85542
-60.47476
-53.24666
-53.35998
-53.19645
-52.07491
-56.92441
-57.18252
-57.70106
-60.07088
-59.74993
-61.09149
-55.92105
-53.75805
-54.34773
-54.55528
-58.48206
-60.13419
-59.95944
-60.26402
-60.86568
-58.52422
-55.89902
-57.12903
-57.44496
-56.39836
-56.87274
-56.71512
-56.93580
-54.68545
-57.47174
-58.49414
-53.19891
-53.25049
-53.98693
-59.94021
-56.14218
-53.73104
-54.23806
-55.48001
-60.07886
-53.33803
-54.61824
-55.68487
-53.15747
-56.40154
-61.40566
-62.56738
-61.97481
-61.67071
-61.55254
-57.18966
-54.96110
-54.27289
-53.62673
-56.81424
-57.13848
-59.11780
-61.85094
-61.91972
-61.61374
-57.76643
-57.19138
-57.21283
-56.68627
-55.97738
-54.49647
-54.46289
-54.58309
-56.22729
-55.27891
-53.50864
-54.76437
-53.41341
-58.58391
-58.96317
-53.92177
-53.12027
-52.58713
-58.58653
-54.49944
-52.45104
-55.13298
-54.17690
-58.50146
-57.66777
-57.30547
-61.08333
-61.52644
-62.58373
-57.71800
-55.09005
-56.70568
-56.62184
-57.23003
-59.36304
-59.75715
-59.98656
-60.85588
-60.81334
-55.33501
-55.56218
-56.95738
-57.36779
-56.37566
-54.67491
-56.03246
-56.19642
-58.10781
-60.28019
-55.10715
-54.11109
-53.29095
-57.02932
-59.39245
-54.77712
-55.41676
-53.85860
-60.36439
-54.71249
-52.66419
-53.41247
-53.29056
-58.84417
-59.24566
-61.05534
-59.81301
-60.84801
-62.21290
-55.27352
-52.37285
-54.36453
-53.06758
-57.38184
-56.13626
-54.84795
-60.04594
-59.88141
-59.41719
-54.68571
-55.56258
-55.49317
-56.78469
-59.07749
-55.64671
-54.13111
-54.10674
-56.49020
-59.26861
-55.15808
-54.59912
-54.04985
-56.31938
-58.05094
-55.03660
-53.98418
-53.91809
-58.92146
-53.99925
-51.58689
-56.21163
-58.58354
-58.35877
-57.42673
-56.08019
-59.62848
-60.08534
-60.77138
-56.51479
-54.07942
-53.38310
-53.30359
-59.28804
-60.76491
-61.13180
-62.05765
-62.08432
-61.72789
-56.64938
-55.50790
-56.31279
-55.95933
-59.54508
-56.90056
-57.03278
-61.65190
-61.36507
-62.46905
-55.19773
-53.26523
-53.29079
-56.00723
-59.38216
-53.40775
-53.81353
-52.17841
-56.15280
-54.83823
-50.08169
-51.95189
-53.43340
-56.44086
-56.08721
-56.36856
-55.93465
-56.68352
-57.13094
-57.28945
-53.36196
-52.69676
-53.78128
-56.87242
-56.03915
-54.04960
-59.05774
-60.83026
-62.29382
-56.65005
-53.76516
-54.04954
-54.23283
-56.27152
-55.62386
-53.96561
-53.56124
-55.85566
-57.83476
-53.27681
-52.90423
-54.30011
-57.30085
-57.96021
-54.69736
-54.87240
-58.57533
-61.54468
-56.40177
-50.77256
-51.84185
-52.07651
-52.64796
-56.48108
-54.63893
-56.72743
-57.94297
-61.35103
-58.84030
-55.74903
-54.10013
-52.92631
-56.57609
-58.60799
-58.54922
-59.93405
-59.02183
-60.39664
-57.70789
-55.94821
-57.26309
-56.30423
-57.42341
-58.05193
-54.90983
-54.65918
-54.88102
-58.89416
-56.78333
-52.66209
-54.00030
-53.04348
-57.61115
-55.33362
-53.67562
-53.24929
-55.77160
-56.89812
-50.78070
-50.84342
-52.95615
-55.10310
-54.37032
-55.50402
-55.50145
-55.94796
-56.31304
-54.44267
-51.63640
-52.89016
-53.59021
-54.56598
-54.45797
-52.69957
-55.74529
-57.59211
-57.98557
-54.89773
-54.37116
-54.99198
-55.44367
-55.69454
-56.15898
-54.28152
-54.20242
-53.82709
-54.10331
-56.70135
-54.32927
-53.49043
-52.01033
-55.44112
-55.39463
-52.10888
-52.12149
-52.37939
-54.75532
-51.36408
-53.09383
-54.06601
-53.04624
-58.07816
-56.82463
-56.94495
-58.41921
-59.31529
-59.78810
-54.50455
-53.24706
-53.20861
-54.36182
-59.25808
-58.20680
-59.76557
-59.84289
-59.64414
-58.25638
-54.68305
-55.04284
-55.70158
-54.94439
-55.22047
-53.78007
-54.21274
-53.69213
-54.62131
-56.56941
-52.13443
-52.08790
-50.84602
-53.92300
-56.74697
-53.53123
-54.71455
-58.54043
-59.94973
-52.39311
-52.71634
-53.40387
-54.09124
-59.18107
-58.97668
-59.86488
-60.56036
-60.05125
-61.45516
-56.64473
-55.56424
-54.65410
-53.70741
-57.23752
-56.07289
-58.14303
-60.83198
-61.35896
-60.01050
-56.96821
-56.46828
-56.70478
-56.48732
-57.32345
-55.69971
-54.23870
-55.60377
-56.13640
-56.67208
-54.78214
-55.67259
-54.84378
-58.31779
-57.28521
-52.79818
-53.23157
-53.43931
-58.29252
-53.55736
-51.79869
-53.65551
-52.24119
-57.87965
-58.98746
-57.57878
-60.45922
-61.03696
-61.49349
-56.62586
-53.98428
-53.62996
-53.26568
-54.72328
-59.50046
-60.47210
-61.29243
-62.27328
-61.19508
-55.86584
-56.23791
-57.11107
-56.49272
-56.44876
-54.43277
-54.74495
-54.01725
-58.15189
-59.50334
-54.02474
-53.69334
-53.93439
-57.22629
-57.77454
-53.62304
-53.33257
-53.60518
-58.27138
-53.74002
-51.94381
-54.96430
-53.47849
-55.78166
-58.03216
-58.18465
-58.63977
-58.31573
-60.53398
-56.22284
-54.42109
-56.37395
-55.14490
-58.70146
-54.53592
-54.86711
-60.10080
-61.93096
-60.97921
-54.60771
-54.55548
-55.45119
-55.25817
-55.94944
-55.71170
-53.81690
-54.90013
-55.83708
-59.14648
-56.55457
-55.43497
-54.29811
-57.74827
-61.13474
-54.92240
-55.96544
-53.34595
-57.96669
-54.99909
-50.66032
-53.58870
-52.12295
-53.18178
-56.86213
-55.55483
-59.55074
-59.00629
-59.83564
-58.45521
-54.91678
-55.36148
-54.27865
-58.67027
-61.60547
-60.29899
-60.33971
-61.08641
-61.12304
-56.58727
-55.35422
-57.62751
-56.84353
-58.70976
-59.90329
-57.53459
-55.37624
-56.50862
-62.59771
-55.71436
-54.06027
-54.17790
-55.94620
-60.63769
-54.88723
-54.00839
-54.89238
-60.70311
-55.55787
-51.46302
-54.32697
-54.56490
-59.34470
-58.02633
-57.58013
-60.17973
-58.54262
-59.04249
-58.24233
-56.21009
-53.72213
-52.92238
-54.89725
-54.86034
-54.94034
-58.77410
-59.86061
-60.62757
-57.19329
-53.89083
-54.47191
-54.18153
-54.53285
-56.17015
-55.21368
-54.30553
-55.55301
-58.84474
-53.86305
-51.74317
-52.63877
-53.51835
-56.31666
-55.93345
-53.80066
-52.37274
-56.04233
-55.96157
-51.33277
-52.22111
-52.79071
-54.09157
-55.89959
-54.55599
-56.10089
-57.91267
-59.32758
-58.48414
-53.17232
-52.67384
-53.92431
-54.11181
-57.24502
-58.14252
-59.23880
-59.56417
-59.86633
-56.58464
-53.84054
-54.53735
-54.13767
-55.57766
-56.90128
-55.55751
-53.92416
-54.15726
-58.48169
-56.69385
-53.31538
-53.81535
-54.18301
-56.30019
-55.13029
-54.75157
-52.46961
-53.08331
-55.30029
-50.84266
-53.27054
-53.60971
-51.44120
-54.01708
-54.69273
-54.24232
-54.07328
-55.19595
-54.50946
-51.79116
-51.79609
-51.68119
-51.17646
-51.58579
-51.72990
-54.08737
-56.48841
-58.40294
-55.73541
-54.33002
-56.39297
-56.62461
-56.44449
-55.25215
-54.76564
-54.45029
-53.90717
-54.50217
-56.02697
-54.45997
-54.03554
-53.38162
-54.75002
-54.99582
-52.74307
-52.09442
-53.45155
-54.63557
-50.99432
-50.96336
-50.77801
-51.83947
-54.89248
-54.43403
-55.52029
-57.03793
-56.92208
-57.08732
-54.87924
-53.59010
-53.78419
-53.66335
-56.06842
-57.60476
-57.07624
-57.10500
-57.97466
-56.49783
-54.70091
-56.33425
-57.45217
-57.05704
-56.84606
-55.61504
-55.44708
-54.80893
-57.11388
-57.87421
-53.51576
-53.21735
-53.52215
-57.01600
-56.28018
-54.17058
-54.30204
-54.96807
-58.03888
-51.93523
-51.12659
-52.74065
-52.80671
-54.33961
-55.95736
-56.53209
-56.60200
-57.67151
-57.40412
-55.45766
-52.99853
-53.17558
-53.27629
-54.07710
-54.58404
-55.29284
-57.05831
-56.99382
-55.78645
-55.07747
-54.53750
-55.00449
-55.78839
-55.94408
-55.66314
-55.58344
-55.35797
-54.63457
-54.38594
-54.00764
-54.88012
-53.79883
-56.10266
-58.07993
-56.68048
-57.38932
-58.33667
-59.17674
-53.03079
-52.69955
-55.78631
-54.06893
-56.27875
-56.23329
-55.46538
-58.63937
-59.19034
-59.08087
-57.02213
-55.58289
-55.17557
-53.89266
-54.89743
-58.28588
-59.17611
-60.24743
-59.40030
-57.15355
-55.61019
-55.47492
-56.30812
-58.59077
-57.91286
-55.46038
-55.54440
-56.47603
-56.77172
-58.87105
-56.49485
-55.02662
-53.61401
-55.16270
-56.36555
-52.66823
-53.36386
-53.29684
-58.80647
-53.48505
-52.97223
-58.80422
-59.87941
-63.23807
-60.25483
-60.44121
-59.96882
-61.08448
-61.24046
-57.14869
-56.15067
-61.91110
-62.93657
-62.82842
-55.00343
-55.61529
-61.66493
-66.46914
-64.08700
-56.37082
-57.86820
-58.83795
-58.79155
-59.26962
-58.26373
-58.21568
-58.66722
-58.72975
-59.07205
-55.76785
-56.00847
-55.78504
-54.96013
-55.49652
-54.58459
-55.01646
-55.53008
-55.53625
-53.79345
-52.75195
-55.59069
-57.63124
-58.49843
-57.73333
-56.18731
-57.86838
-59.99590
-60.72539
-59.59937
-60.22853
-59.43174
-59.86676
-61.15352
-61.82022
-61.60250
-61.37389
-59.92598
-58.16863
-56.17284
-57.09323
-58.79092
-58.60118
-58.93403
-57.59560
-56.83746
-57.98436
-57.52006
-57.71423
-58.35082
-57.44890
-58.36016
-57.56476
-59.26505
-56.85161
-57.19306
-56.79460
-59.80053
-56.13912
-52.80955
-57.61377
-59.13464
-60.16692
-59.10283
-59.46020
-58.73725
-61.27103
-60.62087
-58.20490
-56.77679
-57.19288
-58.25946
-59.57313
-57.53375
-55.66870
-59.87687
-60.40903
-60.73220
-59.93345
-57.96580
-59.10498
-59.35680
-59.35081
-59.96493
-59.40250
-59.35955
-59.82839
-59.35246
-55.84690
-57.52696
-60.45608
-61.04638
-62.83999
-59.72578
-60.11227
-60.70356
-64.62332
-58.79258
-52.47131
-55.15272
-56.34362
-57.31298
-59.98911
-56.30179
-57.98684
-60.75373
-61.29866
-60.93908
-58.66117
-58.99634
-59.41685
-58.83687
-60.61382
-60.98944
-61.40619
-60.49712
-60.82451
-58.75475
-58.76477
-62.15190
-62.47253
-62.17062
-61.96607
-61.05972
-60.39650
-61.30329
-61.66271
-61.54612
-58.51958
-58.97964
-58.40390
-59.54161
-59.77705
-58.92755
-57.86240
-60.44294
-57.98242
-52.60048
-56.42790
-60.43279
-60.87073
-61.97255
-60.42274
-60.58651
-61.25113
-63.06959
-59.98282
-55.36821
-58.08262
-59.01951
-60.74226
-57.60597
-53.70053
-57.28043
-59.31745
-62.40325
-57.49755
-56.73258
-58.32133
-58.35308
-59.92220
-59.74769
-59.30339
-58.44127
-58.82305
-58.74747
-60.77726
-59.35565
-59.29719
-58.91262
-60.68392
-59.24268
-58.33662
-58.14502
-58.24017
-58.82833
-52.93879
-54.63609
-57.18819
-58.23977
-61.18824
-57.26222
-57.99768
-61.84381
-61.78544
-60.61244
-58.12752
-57.85992
-59.35361
-58.84587
-59.67192
-58.34965
-58.89981
-59.38140
-62.76121
-60.57906
-56.87073
-60.20658
-61.66401
-61.59108
-60.52998
-60.16485
-60.14977
-61.29337
-61.01944
-60.44368
-56.99118
-56.80180
-56.98737
-58.87853
-59.61281
-58.18419
-60.04089
-59.75773
-60.92217
-53.31619
-55.37331
-58.72932
-58.20286
-61.75952
-61.19113
-61.86607
-59.58033
-61.25956
-62.08388
-59.58969
-59.84883
-61.19170
-60.68557
-63.28223
-57.43303
-58.79461
-63.03632
-62.00517
-61.91075
-60.30333
-61.49384
-61.72105
-61.17013
-61.81086
-61.24691
-59.25521
-61.48369
-62.73895
-59.63562
-57.39533
-61.01620
-60.08124
-62.41128
-63.75623
-59.60809
-60.70608
-59.94348
-62.26323
-54.63558
-54.22322
-59.30881
-57.93351
-62.74038
-60.21935
-58.42617
-62.33019
-63.23461
-63.90338
-60.48574
-59.00813
-60.62789
-59.82720
-59.73089
-59.45593
-58.79265
-58.78380
-59.36472
-60.09261
-57.39567
-60.25094
-61.37859
-60.89687
-60.73170
-59.50002
-59.84636
-60.16110
-61.78468
-61.55671
-58.73344
-57.32777
-58.02729
-59.11551
-59.60363
-57.23485
-57.60905
-57.58592
-61.51830
-54.62291
-53.43832
-58.66911
-57.61520
-60.14831
-59.44892
-59.34651
-59.96675
-61.09087
-61.51457
-56.98176
-56.79504
-61.36716
-61.25644
-63.09641
-55.71401
-55.85070
-61.80166
-63.94731
-62.98504
-56.26553
-58.59862
-59.86563
-59.63409
-60.13281
-60.56301
-60.64732
-59.91022
-59.95118
-61.99862
-61.10236
-59.13334
-58.93773
-60.41354
-61.39798
-58.95273
-60.11136
-58.69722
-61.57249
-55.90608
-52.39868
-57.29920
-57.04541
-58.76061
-60.23529
-57.20070
-59.61331
-61.87665
-61.53580
-58.94437
-57.56995
-58.00883
-58.96483
-60.42857
-61.35967
-60.34170
-60.34245
-59.64059
-60.96451
-57.82274
-58.43220
-62.52535
-61.39693
-61.48963
-59.87546
-60.12182
-60.37499
-60.56771
-61.89468
-61.30903
-59.21412
-59.36552
-58.93815
-61.19783
-57.82497
-57.95875
-57.63353
-60.86220
-57.06457
-52.81717
-58.06569
-58.29043
-60.89874
-61.70573
-60.39367
-60.85070
-60.63521
-60.86714
-61.43232
-58.71590
-57.87015
-57.83722
-58.70947
-56.71375
-55.33295
-59.62488
-60.58517
-60.61045
-58.42905
-58.57179
-59.70894
-59.31302
-59.57950
-59.43424
-58.33658
-57.37580
-58.77027
-60.27815
-57.76651
-58.66295
-60.84469
-59.24749
-60.57280
-58.66167
-56.40093
-56.31575
-59.73687
-57.60584
-52.05794
-55.67257
-58.54106
-59.28780
-61.49108
-57.42650
-60.12052
-62.42343
-62.60632
-61.52834
-59.51976
-60.27679
-60.34634
-58.81827
-59.82193
-59.69782
-60.59983
-60.85355
-62.81820
-58.82254
-57.55418
-62.19100
-61.54910
-62.30295
-61.85017
-61.68046
-61.45311
-60.85134
-62.83859
-62.61590
-58.69151
-59.05114
-58.60433
-60.38159
-58.96820
-57.64141
-57.91498
-59.18226
-57.89612
-53.12513
-55.86302
-58.58759
-59.09354
-60.66104
-60.56712
-61.28035
-60.48537
-62.19474
-60.06083
-55.05808
-57.09767
-59.23580
-59.83735
-57.72898
-53.78376
-56.96569
-59.77191
-61.05676
-57.48136
-56.92015
-59.90019
-60.06682
-61.90572
-60.58989
-59.43994
-59.33901
-60.34845
-60.25433
-61.08330
-58.26934
-57.72348
-57.91234
-59.95194
-60.54929
-57.94022
-58.20132
-60.33296
-60.56090
-52.98949
-54.76813
-56.59905
-56.07768
-60.49971
-57.14583
-58.11178
-61.48455
-62.89037
-61.64244
-59.46311
-58.61152
-59.09433
-57.94945
-58.62891
-59.76782
-59.29710
-58.89563
-59.96359
-59.77153
-57.38843
-60.38964
-61.37312
-60.95007
-60.06784
-60.18517
-60.72491
-60.44220
-60.18526
-61.03379
-58.77686
-58.21565
-57.94524
-59.50207
-59.81616
-57.40232
-58.51131
-58.48411
-60.17570
-53.46103
-55.10524
-59.86856
-58.91316
-61.57842
-61.12874
-61.06747
-60.06286
-60.75113
-61.68085
-61.02614
-59.36609
-59.03309
-58.13465
-59.95634
-57.23476
-59.11437
-63.28009
-61.88094
-62.75742
-60.51186
-61.06053
-61.63676
-61.59358
-61.76220
-60.84734
-60.43373
-60.67316
-61.50415
-60.38780
-57.56050
-60.44567
-60.45244
-62.47803
-63.52159
-60.09946
-61.38583
-60.22670
-63.50920
-54.60204
-53.43029
-59.72484
-59.09536
-62.98140
-60.09258
-58.10139
-62.68342
-65.49628
-65.99322
-62.02125
-58.95470
-59.20543
-59.19399
-60.21287
-61.41703
-61.43695
-61.39050
-62.43269
-61.86600
-57.13620
-59.29467
-60.76521
-60.20704
-61.10766
-60.22887
-60.92499
-60.54180
-59.85370
-60.64767
-59.07520
-58.32327
-58.63724
-59.21283
-61.45828
-58.56886
-60.13561
-59.09353
-61.21192
-54.68367
-52.78202
-58.32279
-60.02726
-62.47872
-60.16947
-59.81122
-59.80597
-60.56246
-61.33209
-57.38917
-56.21517
-61.14214
-61.96079
-62.56708
-54.90082
-54.82075
-60.33246
-63.44077
-63.19637
-56.35768
-57.83636
-59.63589
-59.85800
-60.43898
-59.76863
-59.52822
-59.32861
-59.66871
-60.38074
-56.59386
-56.79320
-56.22493
-57.45361
-59.08322
-56.40086
-55.89800
-55.94470
-56.78780
-54.16925
-52.48414
-56.27390
-59.42691
-58.20456
-58.09312
-56.47997
-58.08642
-60.58328
-62.02347
-60.00944
-59.03038
-59.80150
-59.81179
-60.60957
-60.68383
-60.52237
-62.02373
-61.41038
-61.98968
-58.94908
-58.28013
-60.09484
-59.33130
-60.14928
-60.01973
-58.84546
-59.34526
-59.71577
-59.46708
-59.20394
-57.07720
-58.32854
-57.95560
-60.21481
-57.86389
-57.67564
-57.11422
-58.90103
-56.04740
-52.16039
-55.60693
-56.66147
-59.15094
-58.23225
-58.66115
-58.40024
-58.72027
-58.63937
-58.64129
-57.21236
-57.68511
-58.35676
-56.63584
-57.35530
-55.29069
-57.76920
-61.22556
-61.65619
-58.89957
-56.82559
-58.02047
-57.54511
-58.56504
-59.54777
-58.40394
-59.80818
-60.30851
-59.70678
-55.20042
-54.91049
-56.67180
-57.59676
-59.08048
-56.35047
-57.32505
-58.64736
-59.51581
-56.62956
-51.58131
-53.36185
-56.09320
-54.89478
-56.40856
-55.20855
-55.95834
-58.22123
-61.50075
-60.35459
-56.25385
-56.79082
-56.56100
-57.70065
-59.33489
-58.92541
-59.52952
-59.22270
-61.08517
-58.11488
-55.54609
-58.34887
-58.66352
-57.00049
-58.30097
-58.98668
-57.85191
-58.76023
-60.93997
-59.19046
-56.68149
-58.20973
-56.81613
-57.36188
-56.82040
-56.13356
-56.07631
-58.14628
-59.16183
-52.73860
-55.29120
-59.93623
-59.86517
-60.50232
-59.45751
-60.69594
-60.99216
-61.84720
-59.98629
-55.37741
-57.86719
-60.38930
-59.83607
-58.13558
-53.87582
-57.08968
-59.71398
-60.92037
-58.45037
-56.34360
-59.40476
-59.63577
-58.56939
-59.52506
-57.10644
-56.07289
-58.99639
-58.54994
-60.04140
-59.02031
-58.53519
-58.72976
-58.19862
-57.08475
-57.86685
-58.10779
-58.51385
-58.02257
-52.55188
-54.15525
-57.01130
-57.85660
-61.66771
-57.74209
-57.54447
-59.66888
-60.56463
-61.93278
-57.94660
-58.20449
-60.52362
-61.97638
-62.59103
-62.23800
-61.87045
-59.81587
-62.72995
-61.27595
-58.03293
-60.36917
-61.84768
-61.88356
-60.66949
-60.24751
-60.20121
-60.71880
-60.18281
-59.18845
-57.91890
-57.16030
-57.95904
-59.81122
-58.72288
-56.51571
-59.71927
-58.58657
-57.85299
-53.35354
-53.88131
-58.74570
-59.40304
-61.61625
-59.81302
-60.82986
-60.68008
-58.71802
-60.75673
-60.29905
-56.30011
-57.10655
-58.77219
-62.26297
-57.52836
-58.25247
-61.88045
-60.69086
-60.74658
-59.20708
-60.74325
-59.44877
-59.33615
-60.19008
-60.27506
-59.96664
-61.55868
-61.91330
-58.73432
-57.25166
-60.25966
-59.46685
-60.47178
-62.10608
-59.89875
-60.42491
-59.62330
-62.97171
-54.77619
-53.71307
-58.64297
-56.71614
-61.25982
-59.11957
-56.71184
-58.96385
-59.72476
-60.77973
-58.52877
-58.31643
-60.05370
-59.15842
-58.46571
-60.56306
-62.16190
-60.38458
-59.93638
-60.68835
-57.87613
-59.31802
-61.40465
-60.98351
-61.77108
-59.47727
-58.68823
-60.92964
-60.63909
-61.11333
-58.74861
-56.75601
-58.10897
-58.80829
-58.14703
-56.58593
-58.21536
-58.13803
-59.64751
-54.26486
-53.60425
-59.26309
-58.30900
-60.15830
-60.19559
-59.08092
-59.40038
-59.20229
-59.93666
-56.58533
-55.68184
-60.56989
-59.72692
-62.36576
-55.95529
-54.96306
-61.02936
-63.49119
-63.81095
-56.53733
-59.01978
-60.58732
-60.88013
-60.65039
-58.85020
-58.65370
-58.83479
-59.84258
-60.72123
-60.10853
-59.73901
-58.02889
-57.85228
-61.21167
-57.75218
-58.08644
-58.48862
-61.75610
-56.63724
-52.35519
-56.69219
-56.87495
-55.99443
-58.05654
-57.50521
-58.90079
-58.99414
-60.90816
-60.60504
-57.47760
-57.51109
-57.18833
-58.62726
-59.41788
-59.99500
-61.19749
-59.44379
-58.29131
-57.55029
-58.54471
-60.88770
-60.41373
-61.42105
-63.11922
-62.33240
-61.23214
-58.67044
-59.97879
-60.37848
-57.48120
-57.95320
-57.97615
-59.91356
-58.89868
-59.65575
-59.18052
-63.12665
-57.20744
-52.02585
-54.99221
-56.55666
-59.32828
-58.94239
-58.90098
-58.64694
-58.00646
-56.55341
-56.78646
-56.70482
-58.10261
-58.63998
-57.75894
-56.03091
-54.65783
-58.26863
-58.30688
-60.37311
-58.05484
-56.29663
-57.96100
-57.35575
-57.71538
-58.80297
-58.15320
-58.38854
-59.53834
-59.94169
-55.35407
-54.08289
-56.19329
-56.19838
-58.18266
-56.80921
-56.32899
-57.14538
-58.86898
-56.78422
-51.59196
-54.36066
-56.26910
-55.60929
-57.52817
-55.54177
-56.78045
-59.24498
-61.23284
-60.08503
-56.82882
-56.35734
-57.24469
-56.63855
-58.37753
-59.10030
-60.20602
-59.67411
-59.65443
-58.12578
-55.80908
-58.79783
-58.61868
-58.79826
-59.61133
-58.68090
-58.88984
-59.57678
-59.58278
-58.19335
-56.17788
-56.94168
-56.69119
-57.81558
-57.05227
-57.01916
-56.90371
-57.55898
-58.49332
-52.66139
-55.15499
-58.65123
-58.47753
-59.40648
-58.82410
-60.05374
-61.03966
-60.95289
-59.52688
-55.38565
-56.42810
-59.84318
-58.84840
-58.34957
-54.17404
-57.12853
-60.94334
-62.67786
-58.67037
-56.27325
-59.68931
-60.58290
-60.15163
-59.24037
-60.22427
-61.61249
-61.10984
-57.83510
-59.32834
-59.03952
-59.07244
-59.08959
-61.35710
-61.53257
-59.44409
-58.21582
-59.45019
-62.55947
-53.62620
-53.85390
-57.08938
-57.04816
-61.20720
-58.83888
-58.32694
-60.42591
-60.55046
-61.11983
-59.15244
-59.20129
-59.76989
-58.07387
-58.12873
-58.42963
-59.38392
-60.87232
-62.35101
-60.78413
-57.36098
-60.27882
-61.68954
-59.83255
-58.48552
-58.06370
-59.69042
-61.06313
-58.67321
-57.88335
-58.71392
-59.92472
-58.33824
-58.88656
-60.58115
-57.53370
-58.68809
-59.59646
-61.61062
-53.60582
-54.47906
-60.16839
-59.20650
-60.41942
-59.59294
-61.47517
-61.04644
-59.83863
-58.99234
-59.90720
-59.81361
-60.61752
-60.13788
-61.34586
-57.78990
-58.30479
-63.63979
-62.55466
-61.15172
-58.41789
-57.88898
-58.97235
-59.86707
-61.24959
-60.62263
-60.51575
-62.19072
-61.52286
-59.22260
-57.16785
-60.02068
-60.62098
-61.51374
-62.20509
-58.32143
-59.49877
-59.76807
-62.27306
-54.55730
-52.41674
-58.72173
-58.37335
-62.12992
-60.81791
-57.09447
-60.43910
-63.47201
-63.96551
-60.97049
-58.86719
-60.32034
-60.19207
-59.52717
-61.58970
-61.71822
-61.67835
-61.72318
-62.20540
-63.80883
-65.03588
-62.51636
-60.99935
-61.15495
-60.26252
-59.47738
-60.16788
-59.25048
-60.97262
-60.57226
-61.22889
-60.44415
-59.88579
-59.78782
-57.98988
-56.91745
-56.11258
-57.31767
-55.18005
-56.55374
-60.25389
-62.98109
-60.29118
-64.33020
-57.55086
-56.30345
-62.01557
-60.70922
-63.68255
-57.40341
-58.94575
-66.63955
-61.65027
-58.27354
-61.24916
-60.94968
-61.69671
-65.31106
-64.27078
-61.95055
-61.16877
-61.62732
-72.58298
-63.84558
-58.07292
-58.75585
-60.61739
-81.10624
-59.91536
-57.89128
-58.81322
-59.97133
-63.44899
-57.26627
-56.03914
-56.26059
-59.07390
-61.70543
-58.49998
-58.79615
-63.94540
-64.03456
-64.02545
-63.10159
-63.00148
-66.83690
-70.32073
-66.65768
-61.03999
-60.51420
-60.04271
-67.19362
-89.48821
-74.66009
-78.91410
-79.03266
-84.68980
-67.13625
-61.14819
-61.18968
-59.77679
-64.29640
-62.38631
-58.86841
-67.63187
-69.75020
-70.55688
-62.83614
-60.09854
-60.08903
-60.82313
-72.25979
-60.53942
-59.47688
-59.60940
-63.49168
-71.89226
-59.89568
-59.16701
-58.47396
-64.82671
-88.93600
-74.35287
-84.64471
-79.91279
-95.57365
-73.57146
-58.39277
-57.23867
-57.45467
-62.24102
-79.32784
-73.61424
-77.36831
-75.99405
-78.03645
-68.68705
-61.17579
-61.78141
-61.63856
-62.37506
-63.42753
-59.59516
-58.29784
-58.86342
-72.92633
-66.15567
-60.03382
-60.65389
-66.33642
-91.52283
-64.09128
-59.06680
-64.91835
-93.64301
-78.39250
-62.97914
-59.07855
-59.10301
-58.83570
-69.61690
-77.92824
-77.13720
-82.70727
-80.04958
-80.83823
-60.67289
-58.79319
-58.31323
-62.50058
-81.22046
-73.66882
-79.81053
-79.98332
-83.34935
-72.12203
-62.53526
-61.94101
-62.13244
-62.44683
-66.69730
-58.69124
-57.12732
-58.16816
-64.70073
-72.15021
-58.30359
-60.32951
-56.75509
-62.67693
-66.03589
-55.82621
-55.85248
-58.60520
-76.16202
-63.43999
-56.74221
-61.70223
-80.46758
-78.70549
-80.51535
-76.27901
-85.02190
-80.46756
-98.33095
-63.40724
-57.89206
-59.21220
-57.98220
-67.81285
-81.05090
-76.05969
-79.26892
-82.49705
-73.76243
-64.06645
-61.62791
-62.01934
-61.94789
-63.81959
-61.33469
-58.88748
-59.20077
-59.42283
-70.05611
-60.06268
-57.41982
-57.31997
-61.58319
-76.99789
-59.26897
-59.04611
-57.87796
-65.46032
-63.21250
-55.85813
-56.87202
-57.83912
-68.77236
-83.12195
-76.18305
-82.22051
-81.29727
-84.59501
-62.22496
-57.99644
-57.53389
-57.15917
-67.76698
-81.55856
-75.44682
-79.09793
-83.59191
-73.57718
-61.12742
-58.24296
-58.30720
-58.04447
-59.00015
-59.55747
-58.38344
-57.10946
-58.57760
-64.53930
-56.99450
-55.04697
-54.25542
-57.09736
-70.12000
-56.78330
-56.04991
-65.87998
-80.36634
-64.65897
-55.54918
-54.63380
-54.42113
-64.37949
-85.36281
-74.41408
-93.50605
-78.68141
-91.80944
-63.39569
-56.36917
-56.90219
-55.74103
-58.45689
-73.59430
-78.00745
-80.64902
-81.57119
-79.04680
-61.03761
-57.25449
-57.63497
-57.15082
-58.33845
-58.13278
-56.65526
-56.54021
-57.20803
-60.26731
-56.29638
-55.23371
-55.77538
-60.05768
-73.24867
-56.75472
-55.94047
-54.47253
-59.49129
-68.10986
-56.76975
-56.76552
-54.63219
-58.53763
-76.94769
-75.86087
-83.36204
-81.19407
-94.63168
-66.02330
-57.82638
-57.43191
-56.37535
-56.36804
-64.86297
-80.36094
-76.99596
-84.46165
-78.05667
-62.23741
-57.24947
-58.43744
-57.64956
-57.86387
-57.36051
-57.56509
-55.92987
-58.82783
-70.70969
-57.84371
-55.79199
-55.91889
-62.12334
-87.01486
-59.60073
-58.31137
-57.28666
-62.57461
-71.30559
-57.06117
-57.10724
-57.46553
-60.75540
-77.98751
-76.37255
-80.47630
-82.55700
-90.55388
-68.82586
-56.35451
-55.57698
-54.62751
-57.83188
-78.33308
-75.92799
-78.67812
-77.50600
-85.19444
-61.42960
-56.78728
-58.21195
-58.09907
-58.41758
-59.11160
-55.31124
-54.05604
-53.04956
-61.07406
-60.13500
-55.15210
-55.43464
-56.87514
-74.92926
-56.13960
-54.71583
-54.38203
-59.20801
-69.26492
-54.17449
-51.46123
-51.12970
-50.37440
-57.60038
-75.12314
-70.61649
-80.00903
-75.01031
-62.72607
-53.05198
-53.41541
-53.19233
-57.80674
-74.91962
-72.66738
-74.76882
-72.59805
-75.76083
-61.44409
-53.60964
-54.73768
-55.83001
-56.26084
-58.85715
-54.33439
-53.73022
-54.92340
-69.75509
-57.52051
-51.94288
-52.53269
-52.25881
-64.13867
-58.07334
-52.85356
-52.40177
-58.85965
-77.85077
-55.63871
-51.44969
-50.92776
-57.44861
-71.31023
-67.63997
-73.43703
-76.02657
-73.88170
-66.31605
-54.23481
-51.94900
-52.36295
-51.67751
-59.54343
-83.44552
-75.10631
-77.15369
-72.92284
-65.88424
-57.62318
-57.48838
-58.27359
-58.75283
-59.00706
-53.92494
-53.54273
-53.56892
-61.41382
-62.96341
-53.39636
-55.04502
-53.94527
-58.84565
-62.62708
-55.43517
-55.04219
-58.18828
-81.33654
-57.13461
-53.32017
-54.57365
-53.53502
-64.75180
-68.92142
-69.27343
-79.48283
-71.80592
-68.79522
-56.20074
-53.94798
-55.05786
-55.36792
-60.95244
-75.57709
-73.69830
-75.06607
-71.30575
-66.55309
-57.89161
-56.81004
-57.31206
-57.01370
-61.13602
-56.25644
-54.96796
-55.40365
-63.56613
-64.16183
-53.52132
-54.28468
-54.12844
-62.69197
-65.36965
-55.99109
-55.98951
-55.87980
-63.75181
-61.99810
-55.96560
-57.46190
-56.76793
-61.24654
-69.52409
-68.32062
-72.51567
-75.40481
-68.37419
-58.95524
-55.59644
-55.33705
-54.57256
-54.26654
-62.45836
-80.85763
-71.85958
-72.91837
-66.64008
-59.79703
-58.58952
-59.25094
-59.22324
-59.40002
-58.61630
-56.74996
-56.43984
-55.56149
-56.66883
-54.33933
-52.45657
-53.20966
-55.30093
-62.45488
-54.97346
-53.31835
-55.67734
-67.27037
-61.89005
-53.11279
-53.31507
-51.59079
-56.14891
-68.73248
-67.46801
-73.77030
-75.20372
-69.74969
-60.16289
-55.29640
-56.54148
-54.50518
-56.80109
-69.45869
-76.10221
-71.34289
-73.83629
-66.24286
-57.52934
-55.25788
-56.05657
-55.15706
-56.25135
-56.89429
-55.42702
-55.06788
-57.14184
-62.55176
-56.08445
-55.63627
-54.01062
-60.35026
-67.28110
-55.82896
-55.49901
-54.39994
-62.96755
-61.62246
-52.67214
-52.48534
-52.34163
-54.67891
-65.03504
-68.23336
-71.38301
-74.80251
-69.63393
-60.49952
-55.05056
-55.20145
-54.37800
-54.73380
-63.42894
-84.57564
-73.16931
-74.91735
-69.14761
-60.14535
-57.04340
-56.93967
-56.79917
-56.36307
-56.24202
-56.26538
-56.20371
-55.51554
-57.71140
-55.54026
-53.17791
-53.79049
-57.25021
-72.01439
-55.22339
-52.05386
-52.42018
-57.32697
-64.47127
-52.31831
-51.96022
-50.91316
-54.07059
-68.67389
-67.43814
-71.27186
-73.54579
-72.36332
-58.70150
-52.71633
-52.52306
-52.36591
-53.44420
-62.60623
-78.19351
-73.23474
-72.78022
-70.03686
-59.36583
-55.46747
-56.34109
-56.56208
-57.04782
-54.48030
-53.35137
-53.32147
-53.30888
-63.13513
-56.22693
-53.21799
-53.09672
-55.01953
-68.67191
-54.05818
-53.27919
-51.93048
-60.03118
-61.10164
-52.05125
-53.56914
-52.26836
-60.63758
-67.73638
-61.82674
-64.64417
-67.12733
-73.44531
-58.68685
-51.73952
-52.44346
-51.87589
-53.98760
-57.80539
-58.66559
-58.75006
-59.09477
-62.38850
-56.08966
-54.39831
-54.58131
-54.47064
-54.58533
-54.93045
-52.77930
-52.41942
-51.96646
-57.15423
-55.51842
-51.88922
-53.19361
-54.31428
-63.50244
-54.22405
-53.29698
-51.81322
-55.42488
-59.44473
-51.33315
-51.55877
-49.32555
-49.91461
-55.94089
-57.44273
-57.98950
-57.50498
-58.58592
-58.12607
-50.82656
-50.98081
-51.16450
-54.57700
-61.07338
-59.49688
-58.73897
-59.04853
-60.96571
-56.75532
-53.56739
-54.59509
-54.67499
-54.13629
-56.56070
-53.77717
-52.49247
-53.58345
-59.44961
-55.20449
-52.42044
-52.85793
-51.91662
-58.88936
-55.85642
-51.79736
-51.91104
-56.52315
-62.33135
-51.79656
-50.36824
-50.93427
-54.86050
-58.38449
-55.49953
-57.39763
-58.84221
-61.76312
-61.91154
-53.87276
-51.17133
-51.85785
-51.34459
-56.08534
-57.83880
-57.77903
-59.87577
-60.35235
-57.92778
-54.90009
-55.56975
-56.04917
-57.34322
-57.19928
-53.99855
-51.84343
-52.26584
-56.36508
-57.07830
-52.27932
-52.83616
-51.79253
-55.35355
-58.02890
-53.49793
-52.91381
-55.54945
-61.48336
-52.72912
-50.97938
-51.51474
-52.99140
-58.76710
-58.33735
-58.18935
-59.53008
-60.42904
-60.26481
-54.73071
-51.88250
-51.71780
-51.46005
-55.57625
-60.17245
-58.13931
-58.88792
-59.08138
-58.76806
-55.09094
-54.63957
-55.77259
-55.38809
-57.84330
-55.58264
-54.00612
-53.69918
-58.55251
-57.05008
-52.72483
-54.90709
-53.15657
-57.53884
-59.54332
-53.64400
-53.07357
-53.01347
-57.75603
-53.67389
-49.76763
-51.88558
-51.37657
-54.61376
-56.05676
-56.56888
-57.71029
-57.97141
-60.67350
-53.32342
-51.79845
-52.50626
-52.92498
-52.88913
-54.23306
-56.08830
-57.25170
-60.74087
-57.24327
-55.01320
-55.73861
-55.21497
-56.38621
-54.96117
-55.81389
-55.24593
-55.29261
-55.50409
-55.18169
-53.82766
-52.85210
-53.50973
-53.44693
-57.04307
-52.51311
-52.23264
-52.92500
-55.45476
-53.68499
-48.80576
-51.12758
-50.89401
-52.44665
-57.35534
-53.98409
-57.44580
-55.37854
-56.07622
-56.07425
-51.60323
-54.09930
-52.78219
-55.03553
-56.07505
-57.61622
-57.70141
-56.28164
-58.00439
-53.68160
-53.32127
-53.65632
-52.91621
-54.55174
-54.27319
-55.27888
-53.15195
-53.93489
-55.14916
-52.74945
-52.83046
-51.99812
-57.64975
-56.06128
-53.15272
-53.16563
-53.45462
-55.86768
-53.28323
-50.00331
-51.07802
-51.62017
-50.98787
-54.20735
-54.35120
-55.47512
-56.75729
-55.95163
-55.22818
-52.82323
-53.17443
-51.60080
-52.20811
-54.54543
-55.23458
-57.25590
-56.23127
-56.89238
-53.61387
-53.02005
-54.10573
-53.35841
-54.43876
-54.13713
-52.55432
-53.06974
-52.85464
-53.90332
-51.87802
-51.25232
-51.04921
-53.37829
-59.96145
-53.25120
-52.54450
-51.14971
-56.00670
-56.61607
-49.63318
-51.04513
-51.73460
-54.46143
-57.86327
-55.96328
-58.60967
-58.38515
-60.18604
-57.83047
-53.42767
-53.77162
-53.21095
-54.05568
-57.09984
-60.70517
-61.05903
-59.27457
-59.88079
-56.18762
-54.36529
-55.46837
-55.83458
-56.47048
-52.75382
-54.14435
-56.39361
-55.44638
-57.24959
-53.56639
-54.04610
-53.81471
-54.50547
-60.20167
-55.34023
-53.75291
-52.70896
-56.95911
-58.42371
-50.71212
-51.06334
-52.68061
-56.66357
-57.79197
-56.03027
-58.88525
-59.64146
-61.74287
-56.01285
-52.14789
-53.79334
-53.13332
-54.72481
-56.47286
-56.12158
-57.39671
-58.03025
-59.19889
-56.00540
-54.38607
-55.03566
-55.71749
-55.49173
-56.61870
-54.36065
-54.06606
-53.92942
-58.44892
-57.47656
-53.67091
-53.51500
-53.63366
-61.65744
-55.90259
-54.53099
-53.64982
-57.00273
-59.20047
-51.52204
-52.37615
-54.10365
-54.00860
-56.65199
-57.67109
-57.95079
-59.95757
-60.33642
-59.31316
-53.84180
-53.47270
-52.61489
-55.42855
-61.60961
-60.43142
-60.27906
-60.17400
-62.73499
-57.93357
-54.01970
-54.01397
-53.32415
-53.67919
-56.69423
-55.14966
-54.11031
-55.16210
-60.00361
-55.48860
-51.32229
-51.36296
-51.12032
-57.61584
-57.31718
-52.63608
-52.17875
-55.61986
-64.12210
-51.17832
-49.79022
-50.37837
-52.79688
-59.19125
-56.08293
-58.40490
-58.44838
-61.47550
-60.50520
-53.79581
-52.37106
-52.37992
-52.38115
-57.24203
-57.69252
-58.58873
-60.64097
-60.65761
-59.25758
-54.92980
-55.70415
-55.22451
-55.87086
-57.32082
-55.15288
-53.14333
-53.42280
-56.68282
-56.16293
-52.87436
-53.74252
-52.61232
-55.85006
-58.10910
-53.27886
-52.92523
-55.12319
-62.71017
-52.37585
-49.73152
-52.43197
-53.08800
-58.43433
-57.93510
-57.67272
-60.53984
-61.09097
-60.72103
-54.62754
-52.54892
-53.40573
-53.81761
-57.11988
-60.28526
-60.06104
-59.58097
-60.44046
-59.45369
-54.98913
-55.38314
-56.11448
-56.71518
-57.89691
-57.38740
-56.05984
-54.87631
-58.25041
-57.07920
-54.09504
-55.65758
-53.98367
-57.89491
-59.38753
-53.82740
-54.13358
-53.17136
-58.02315
-54.72773
-50.61249
-52.14164
-52.40682
-54.55935
-55.97197
-56.47496
-57.53317
-58.91398
-60.07339
-55.20804
-52.08377
-52.98744
-52.57640
-53.59565
-54.21879
-55.87573
-57.52843
-58.55624
-58.12045
-55.00216
-55.81956
-54.79168
-56.79006
-56.05176
-55.11429
-55.10787
-54.47492
-54.66776
-54.26566
-52.75835
-53.25116
-52.66348
-52.87227
-56.59527
-52.98831
-51.95782
-52.24387
-57.57843
-54.34173
-49.50789
-50.80792
-50.19356
-52.23873
-55.99699
-56.25714
-55.66301
-57.72584
-55.12332
-55.86134
-54.07106
-53.46380
-53.79538
-52.24616
-58.76840
-55.45497
-57.67236
-56.93365
-55.70577
-54.63992
-52.33155
-54.98173
-52.48671
-54.73361
-53.92539
-53.65849
-54.14847
-54.56408
-55.39894
-52.58264
-53.08133
-52.18424
-54.65006
-58.15366
-53.87581
-54.51053
-53.33360
-56.42087
-55.56415
-50.35829
-52.28294
-51.44874
-53.50110
-54.83463
-55.05704
-54.80147
-55.57743
-56.74364
-54.69515
-53.63423
-52.23305
-53.60186
-53.85406
-55.48399
-55.07078
-56.86941
-57.38192
-55.40500
-54.43249
-52.87695
-53.87952
-53.91090
-53.93045
-54.73018
-53.81514
-54.45826
-54.16816
-55.19884
-53.97915
-53.82907
-54.71035
-54.83972
-59.36605
-53.21042
-52.69896
-52.59978
-55.22169
-57.35216
-50.45492
-51.62797
-52.03070
-53.64327
-57.94291
-56.37116
-58.22560
-58.64594
-59.74781
-56.74402
-53.27329
-54.96805
-54.53309
-54.63373
-58.30502
-59.29903
-59.94370
-59.36774
-61.35366
-56.76158
-55.10861
-57.20543
-56.69770
-57.54992
-54.47392
-55.21240
-55.07272
-55.48023
-58.10188
-54.58569
-53.94564
-53.95609
-55.01714
-59.97029
-56.08017
-53.85435
-52.61075
-57.23180
-58.00114
-51.37558
-52.79571
-52.31952
-56.70426
-58.87330
-56.76048
-58.97680
-58.78181
-60.54499
-56.31389
-53.14443
-53.91527
-54.26696
-55.46605
-55.75835
-53.68899
-56.70925
-57.42063
-58.17649
-55.94446
-53.79049
-55.26554
-55.30290
-55.63144
-56.53736
-55.45442
-53.85427
-54.51005
-57.99821
-56.38843
-53.43459
-54.59349
-54.96743
-63.01117
-55.92694
-54.77700
-54.21707
-55.92497
-61.37581
-50.68735
-50.61842
-52.66860
-52.46110
-55.64313
-58.19409
-56.92222
-60.27591
-59.28560
-59.51264
-53.59757
-53.88386
-53.91911
-57.48216
-60.85754
-60.49569
-59.37559
-58.78123
-61.38207
-58.38724
-53.63144
-54.11126
-54.65975
-55.27963
-58.51209
-54.14822
-54.77903
-53.60924
-62.33746
-54.21918
-55.28931
-52.87993
-55.55977
-55.97984
-62.01990
-50.79044
-57.57878
-51.30122
-58.12369
-39.38762
-25.66856
-27.04723
-36.50238
-49.42758
-53.85051
-53.22875
-57.85492
-59.77357
-62.87900
-52.33758
-50.52738
-50.01669
-53.12797
-54.10769
-52.51060
-50.75818
-55.82195
-57.15395
-58.08703
-51.97985
-52.96358
-56.21872
-56.77198
-56.68897
-54.46885
-53.98517
-54.17016
-57.10362
-54.96878
-51.67831
-51.18724
-50.86772
-55.25009
-58.37436
-53.97005
-52.26809
-53.70668
-60.74171
-52.61596
-49.24515
-51.43987
-50.48644
-52.31668
-54.38766
-53.93250
-58.23811
-59.84350
-58.73775
-53.70637
-52.48223
-53.67818
-52.80759
-55.36927
-59.86937
-58.82873
-58.89954
-58.58826
-59.55827
-54.82336
-54.12301
-55.62239
-54.97048
-56.29563
-53.16770
-51.65262
-51.79501
-54.74771
-55.24496
-51.84462
-53.58866
-53.81123
-56.48887
-58.58534
-53.11151
-53.26954
-53.70465
-57.30904
-54.03463
-50.37435
-52.13516
-53.70782
-56.44366
-55.73789
-56.54980
-57.17947
-57.89287
-60.94357
-53.89654
-51.54532
-52.09125
-53.24410
-53.50909
-53.43262
-54.59472
-55.58479
-56.67211
-55.60586
-54.06643
-52.10700
-53.04568
-55.11863
-54.96592
-53.68040
-53.21325
-54.43860
-54.00707
-53.69405
-51.71809
-52.90866
-55.31681
-53.69705
-56.76334
-52.50527
-51.93469
-53.02047
-55.48867
-53.42411
-49.35793
-51.96870
-50.86383
-53.22836
-54.46006
-53.60674
-54.85089
-55.85701
-53.76813
-53.14113
-52.91009
-50.69034
-52.64013
-52.17553
-52.76784
-53.15936
-52.57356
-55.17994
-53.74572
-52.71299
-52.21484
-52.14222
-52.84003
-51.74078
-52.95009
-51.42546
-50.55196
-51.73783
-52.22675
-51.78747
-50.43047
-50.72301
-52.44029
-51.20425
-50.51857
-49.79541
-50.58392
-54.11028
-51.91921
-49.57589
-49.85457
-50.08157
-49.35284
-51.89654
-51.41023
-52.91791
-54.22690
-51.75929
-52.30104
-52.50554
-51.46245
-51.14067
-53.71171
-51.94795
-51.78051
-52.69091
-55.81441
-56.27372
-52.00798
-51.40288
-50.95274
-53.45940
-54.66227
-52.25722
-52.09020
-54.13620
-54.05713
-53.27554
-52.20782
-51.05502
-51.05385
-51.67152
-54.23470
-52.13936
-50.88073
-50.68985
-52.13867
-52.65519
-49.70654
-50.17078
-50.66333
-51.82304
-53.15474
-52.03916
-52.63508
-53.28181
-53.11851
-53.01315
-51.60822
-51.25705
-51.83391
-54.65065
-55.99943
-52.91770
-55.09328
-57.95244
-58.59975
-56.76852
-51.16264
-52.61523
-56.20283
-58.66155
-52.98811
-52.23828
-56.50524
-55.40685
-58.01991
-52.57549
-50.47524
-50.77220
-50.48310
-51.57571
-51.05241
-50.79542
-52.71200
-57.49509
-57.87168
-50.64434
-50.43829
-51.77801
-51.23549
-50.68847
-51.06463
-51.04548
-53.42627
-62.19504
-54.48724
-50.56630
-51.14115
-53.38045
-55.72910
-55.28930
-53.79024
-56.49476
-57.40193
-56.62348
-54.33388
-51.63191
-50.90239
-50.47132
-50.51052
-51.39078
-51.59659
-51.69450
-51.54675
-51.29398
-51.24719
-51.90311
-50.56680
-50.37450
-52.15907
-51.06922
-51.60032
-51.17847
-51.73192
-52.12962
-50.23210
-48.42758
-50.96091
-49.94483
-49.48774
-51.56722
-51.22003
-53.04337
-52.60956
-52.83037
-52.83582
-51.62298
-52.48606
-58.24726
-58.42522
-55.90266
-54.20467
-53.96149
-54.61751
-53.58129
-52.24563
-53.17216
-54.89810
-54.96265
-53.44620
-53.01642
-52.07872
-52.35116
-54.85859
-53.04307
-52.62567
-52.15683
-52.94337
-54.72183
-54.50714
-53.23635
-52.93899
-53.81035
-55.90405
-51.07148
-50.15505
-52.95825
-51.96141
-53.42832
-53.05329
-53.71209
-54.10630
-53.57795
-53.85839
-54.93441
-57.91870
-56.86660
-56.44081
-58.33929
-54.84396
-55.73721
-58.32865
-58.98393
-58.01043
-54.25163
-54.49496
-54.63504
-57.84588
-58.25120
-53.77171
-53.75617
-56.08203
-58.19317
-56.12403
-52.59367
-52.75324
-52.11622
-53.48565
-54.68088
-54.04499
-53.97936
-53.54618
-56.21352
-52.20836
-51.12849
-52.08882
-52.13578
-55.97099
-54.70847
-53.52791
-55.22496
-56.84548
-56.93345
-54.18239
-54.00105
-55.05022
-55.54074
-53.79403
-55.13777
-55.82857
-55.61582
-55.93599
-54.57985
-54.73118
-56.01936
-55.48712
-54.68367
-56.02185
-54.84325
-54.65650
-54.01958
-55.27338
-54.49722
-53.08255
-54.04015
-54.62038
-54.63226
-55.63394
-55.37685
-55.96974
-55.51008
-57.38577
-53.86248
-50.87941
-53.06195
-51.87608
-54.92807
-54.66126
-53.40462
-54.56156
-54.51198
-55.13180
-53.63021
-55.14668
-55.83924
-54.25371
-57.01085
-52.56745
-52.17081
-53.68130
-54.13504
-55.59310
-54.26542
-55.56587
-53.88988
-56.45988
-55.19916
-54.21163
-54.30524
-53.98288
-55.06197
-53.53875
-54.72431
-53.07987
-52.85455
-54.27566
-53.29385
-54.49918
-53.05925
-54.27769
-54.34643
-52.32082
-50.49229
-52.20967
-53.97276
-53.16440
-52.53128
-51.69692
-53.65029
-52.64989
-53.37740
-53.85863
-53.51193
-53.87961
-53.00857
-51.91040
-54.71937
-52.91179
-53.04154
-52.69248
-53.46811
-53.02821
-52.59955
-53.20736
-53.19790
-55.56269
-51.93165
-52.04864
-51.59436
-53.21212
-52.17486
-51.01159
-52.33519
-52.85454
-52.82471
-51.86591
-51.66301
-52.53882
-52.76973
-53.88751
-51.85230
-50.34770
-50.70867
-51.27219
-52.10967
-52.98159
-53.86331
-52.79351
-54.47285
-53.87708
-54.65351
-53.69914
-53.30118
-55.82636
-54.85882
-54.96694
-53.61726
-53.53083
-56.06528
-54.53446
-53.11145
-53.65296
-54.84308
-54.59135
-56.07272
-53.66909
-53.32181
-53.98954
-54.81427
-55.61724
-52.67975
-53.70575
-53.81298
-54.45836
-54.45162
-53.50558
-54.14105
-53.54438
-54.74742
-53.86926
-49.97279
-51.81059
-52.77724
-53.84131
-54.86544
-53.93209
-53.03334
-54.72434
-54.64206
-52.76286
-54.70911
-54.13940
-54.87121
-55.56544
-54.48300
-54.44537
-55.22947
-53.36272
-54.64772
-54.34800
-53.84022
-55.00717
-56.58685
-55.08790
-54.66296
-53.32956
-54.19899
-55.87142
-54.36015
-53.59606
-53.46658
-54.23440
-54.09369
-55.03057
-55.24775
-54.83892
-53.35680
-56.39659
-54.36407
-51.60789
-52.16867
-54.24522
-55.13804
-55.20477
-53.94499
-55.23630
-55.96162
-55.43106
-54.86400
-52.81630
-54.49345
-55.15671
-55.64561
-54.21664
-53.30310
-54.27508
-55.97132
-55.58872
-53.55331
-53.46876
-52.86024
-53.73998
-58.36926
-57.47647
-56.22393
-56.52273
-56.93183
-57.38185
-54.32926
-52.77973
-54.17140
-57.18416
-59.34372
-55.08128
-52.67076
-51.75795
-54.24425
-57.79348
-54.72103
-56.10158
-56.82469
-55.42465
-56.00384
-52.40497
-50.90627
-53.23451
-57.72224
-57.40770
-53.74025
-53.07148
-52.52596
-57.67986
-58.36965
-54.44708
-53.40899
-54.78287
-59.43621
-58.06856
-54.74909
-53.43783
-52.64068
-54.68431
-56.71379
-55.35928
-55.99615
-56.09135
-57.20498
-55.25023
-53.50178
-53.41182
-54.78719
-58.10854
-56.02807
-53.49253
-54.45642
-54.15508
-55.37794
-56.10853
-56.68888
-56.94065
-58.09685
-56.95755
-53.21859
-54.24845
-55.94766
-58.95644
-58.46090
-54.47443
-54.16309
-54.46512
-55.83400
-57.84358
-55.22766
-55.48860
-55.10554
-56.54468
-56.19698
-53.57860
-54.63665
-54.82442
-56.83267
-59.20796
-57.90011
-57.30513
-57.73811
-58.82298
-56.48859
-54.64409
-53.57028
-54.29172
-58.83206
-57.29810
-55.55987
-55.71273
-55.87108
-57.46235
-57.75878
-56.63336
-56.56092
-57.71045
-59.22760
-56.48637
-56.23184
-56.53585
-58.69344
-59.46173
-55.26419
-55.01701
-55.12517
-56.76732
-58.47786
-55.70840
-54.87931
-55.01287
-56.19685
-57.28733
-55.70960
-55.68527
-54.28986
-56.73979
-56.55249
-56.04379
-56.89320
-57.09563
-58.64171
-56.16463
-54.24771
-54.45627
-55.58979
-57.88021
-56.00644
-53.20740
-53.84552
-53.98210
-56.25689
-54.25326
-54.09309
-55.83647
-56.58446
-57.74376
-57.20885
-55.98912
-56.30771
-57.27200
-56.69814
-54.28194
-53.60085
-55.10790
-54.87382
-57.59500
-54.31624
-54.53975
-57.13205
-55.82109
-57.62335
-55.36279
-54.83617
-55.49495
-56.24705
-58.98496
-56.59754
-57.03402
-57.42441
-57.21387
-57.30140
-53.57187
-55.72659
-55.50493
-56.78573
-56.83318
-54.30682
-55.29576
-53.77255
-57.59917
-55.18276
-55.67826
-54.13679
-54.79093
-57.02085
-53.25845
-55.89727
-52.68624
-56.32200
-56.11153
-54.26521
-55.34421
-53.24410
-56.71362
-54.85747
-54.31248
-53.80919
-53.95867
-56.40374
-55.42878
-56.06390
-55.43091
-55.19107
-56.44948
-54.84495
-55.04560
-54.22006
-56.38283
-56.04639
-56.02347
-56.50522
-55.02773
-57.37726
-56.22063
-57.57891
-54.19354
-55.64349
-54.45557
-55.34789
-55.30281
-53.13516
-55.33000
-54.33895
-56.36993
-53.89855
-54.58164
-54.47560
-55.17196
-56.14903
-55.44177
-56.05250
-54.72490
-54.17756
-55.61206
-55.34522
-55.35905
-54.02066
-54.53244
-56.07638
-53.38543
-54.87581
-55.24239
-55.23210
-55.38111
-57.24745
-57.01534
-57.34340
-57.70995
-54.30157
-53.80455
-54.26476
-54.71628
-56.46526
-57.52982
-56.93945
-54.84231
-54.04976
-54.45857
-56.55748
-56.44014
-55.47766
-57.65966
-55.86799
-57.15159
-55.39990
-55.18722
-56.36119
-56.36458
-57.02688
-55.56231
-56.85924
-56.09064
-56.62284
-56.18060
-54.15328
-56.27363
-56.96472
-59.20140
-58.95886
-55.43907
-55.86965
-56.55369
-58.19232
-56.21639
-56.15568
-58.05309
-58.52665
-60.08089
-58.03763
-56.97699
-56.68359
-57.66507
-58.75764
-56.33424
-56.45412
-55.29363
-56.64511
-55.34858
-53.94217
-56.25818
-56.90471
-59.09834
-58.04021
-56.52673
-56.55856
-56.52617
-57.86046
-56.29863
-54.25947
-56.00482
-55.76693
-58.51522
-56.38795
-55.13596
-56.90468
-56.58312
-58.22126
-55.85095
-54.74979
-55.95458
-57.14690
-58.90064
-58.62582
-57.92845
-59.04232
-58.49838
-58.59980
-55.39419
-55.88868
-56.27667
-57.61703
-60.77153
-58.76578
-57.65185
-56.74613
-58.35009
-59.42442
-59.38034
-58.69066
-59.35930
-58.99346
-57.73521
-55.90317
-56.78174
-57.69083
-58.66277
-58.73914
-57.01254
-57.71282
-56.67794
-59.93851
-57.72779
-55.91818
-57.99150
-57.28506
-60.67401
-60.10848
-57.93294
-58.58759
-57.72064
-59.46060
-58.37346
-56.86613
-58.52676
-58.66035
-60.93408
-60.01184
-58.34911
-58.45322
-57.67298
-59.94149
-59.83809
-58.75947
-57.17711
-57.02503
-57.58215
-55.37883
-56.75497
-58.97749
-59.35126
-59.19933
-59.14460
-57.69497
-58.61435
-59.46527
-60.81049
-58.96502
-56.79672
-58.30848
-58.40063
-60.57663
-59.15750
-59.50728
-58.84520
-60.91787
-58.96113
-55.08989
-58.19602
-58.42739
-59.81524
-61.65061
-61.33017
-61.72535
-60.06501
-61.35650
-57.39081
-56.45547
-58.15960
-58.07749
-59.77717
-59.44691
-60.01816
-59.17441
-58.95476
-59.56523
-59.51242
-60.17562
-59.70953
-59.34455
-59.91777
-59.81137
-58.81323
-59.58166
-59.78430
-59.36426
-58.38881
-58.33732
-57.82258
-58.64599
-58.34992
-55.80295
-57.52639
-57.58030
-59.33383
-60.96580
-59.15071
-59.90488
-58.28005
-58.71814
-57.43091
-56.42713
-58.68669
-59.23817
-59.48534
-59.89444
-59.17797
-57.94613
-58.56926
-58.85581
-59.25447
-59.05844
-59.57981
-58.55996
-58.17209
-56.70968
-55.61349
-58.63990
-57.88634
-60.08587
-57.21983
-58.49578
-57.87610
-57.78179
-59.39298
-54.22924
-57.10123
-57.45885
-58.48038
-58.16183
-56.23445
-57.52964
-58.42433
-58.35238
-58.00655
-56.67478
-56.70606
-59.37873
-57.82930
-60.36699
-59.02793
-58.21552
-59.42972
-58.67134
-58.86127
-55.76473
-56.80776
-57.56536
-58.44453
-59.69593
-58.45305
-60.44318
-59.40586
-58.73965
-59.58113
-57.75815
-59.82298
-56.24524
-57.69815
-57.44688
-56.40051
-59.32564
-54.77496
-59.76860
-55.24401
-58.31177
-56.12354
-55.18311
-58.67661
-53.13019
-58.37840
-54.38576
-57.13417
-57.20499
-55.50426
-57.97137
-54.92978
-57.87968
-55.92054
-55.02421
-55.96679
-55.48746
-58.51656
-56.23985
-56.81188
-56.88448
-56.62928
-58.80444
-55.74306
-57.64647
-55.27955
-57.09529
-56.97938
-54.62041
-54.77590
-55.37363
-57.05269
-56.27374
-57.99020
-55.05758
-57.15694
-55.99932
-56.29703
-56.47227
-54.95322
-56.92441
-54.73503
-57.10454
-55.31208
-56.46215
-55.81071
-55.47056
-57.25045
-53.51061
-55.82740
-56.41826
-56.30052
-57.14679
-55.97899
-57.12680
-55.89412
-56.61361
-56.38148
-54.60198
-56.93600
-55.95399
-57.59028
-57.74559
-57.57647
-58.93076
-57.23733
-59.47563
-58.32984
-59.23561
-58.62853
-58.33775
-58.66715
-58.01826
-58.77776
-57.70359
-58.16948
-58.08188
-57.12657
-58.13330
-57.76882
-58.49589
-58.23778
-55.76839
-56.08214
-57.88689
-59.36078
-59.70593
-60.53496
-59.57969
-58.94834
-59.17023
-58.81861
-56.36161
-56.84381
-58.76638
-59.11175
-60.14582
-60.40738
-59.52924
-59.47216
-60.28885
-60.04550
-59.76555
-59.85733
-59.57953
-60.64796
-58.85866
-55.94572
-57.62464
-58.05840
-59.87600
-61.10912
-59.49259
-59.70522
-58.83788
-58.78255
-58.92763
-58.87332
-58.59664
-58.26205
-60.05141
-59.30898
-59.56908
-59.79974
-59.17958
-59.75411
-58.89679
-59.22926
-58.89115
-59.33449
-58.58109
-59.13103
-58.78910
-58.97414
-59.13701
-58.97125
-58.42182
-58.53881
-59.59471
-59.04475
-59.62910
-59.04370
-59.86631
-58.96401
-59.31577
-59.57777
-58.11660
-59.24550
-60.03606
-58.36206
-59.65972
-59.20530
-58.69700
-59.55724
-58.96754
-59.05854
-58.79578
-59.85827
-58.21982
-59.33068
-60.06154
-60.15800
-60.15693
-60.32697
-60.13428
-59.86735
-59.82560
-58.93386
-60.02847
-59.13047
-59.39980
-59.72771
-59.35903
-58.56239
-59.23624
-59.05911
-59.54583
-59.18917
-59.58148
-60.15802
-59.22062
-59.82506
-59.08077
-58.42730
-58.66937
-59.55667
-58.09472
-58.81529
-58.79947
-58.58240
-58.18513
-58.34418
-58.24710
-58.02740
-59.03764
-57.84636
-59.42693
-59.52391
-59.04931
-58.01098
-58.46196
-58.47577
-58.55803
-59.04015
-57.95799
-59.13025
-58.66551
-58.88392
-58.69489
-59.04651
-58.70126
-58.48111
-58.76925
-58.56216
-58.07908
-58.28189
-58.48023
-58.32859
-58.85980
-57.95511
-58.11384
-58.69865
-58.77058
-57.81023
-58.42457
-58.42558
-58.16645
-58.54314
-58.78358
-58.66005
-58.39060
-58.71945
-58.61580
-58.61815
-58.33740
-59.05487
-58.88178
-58.52556
-57.63298
-58.28619
-58.19816
-57.90686
-59.44009
-58.07755
-58.15856
-58.49479
-58.04239
-57.62663
-57.82086
-58.42457
-57.96633
-57.92701
-58.18560
-57.40029
-57.43359
-58.36015
-57.47344
-56.91025
-56.97379
-58.03323
-57.69308
-58.48097
-58.28163
-56.93615
-57.85476
-58.14197
-58.12248
-58.19313
-58.26349
-58.41733
-59.60154
-58.94789
-58.79568
-57.68692
-57.82754
-58.15850
-58.82099
-58.95538
-58.64856
-58.57358
-58.14358
-58.46858
-58.33328
-69.69268
-89.69302
-91.36455
-93.96923
-95.43101
-96.59834
-97.43546
-98.33161
-99.05069
-99.94327
-100.69555
-101.75010
-102.65854
-104.00530
-105.09329
-106.79382
-108.24323
-110.69941
-112.92502
-116.75833
-120.57259
-133.58778
-134.08258
-122.05220
-119.49698
-116.58856
-115.78621
-114.25228
-114.14473
-113.32756
-113.79702
-113.36138
-114.15250
-114.21808
-115.36669
-115.57034
-117.25998
-117.75612
-120.08804
-120.89875
-124.50241
-125.43015
-132.37503
-134.35223
-144.99132
-143.12679
-130.23541
-131.04568
-126.82921
-128.06633
-125.09574
-126.89352
-124.78333
-126.87838
-125.30784
-127.50824
-126.42458
-129.77385
-127.81748
-133.43675
-129.98254
-137.18665
-133.58616
-143.45724
-138.14247
-150.29670
-140.81260
-140.95125
-152.15472
-136.45326
-158.60922
-136.32454
-150.00097
-135.94397
-150.60339
-136.84801
-149.51000
-137.08733
