-115.38608
-93.71460
-90.27390
-88.43700
-85.39639
-87.15157
-87.07167
-87.54442
-86.09427
-87.27226
-87.86073
-86.38945
-86.33066
-85.18015
-86.82858
-85.30735
-88.45789
-80.24518
-77.40888
-80.71462
-80.08379
-81.10330
-82.49576
-85.64440
-86.11543
-88.17754
-86.55669
-84.90092
-85.91683
-84.64466
-83.00705
-81.47333
-81.64743
-82.43425
-87.63046
-90.31704
-92.22526
-89.85520
-91.12598
-87.73079
-92.40441
-88.86566
-80.50815
-82.73446
-84.39123
-85.80821
-86.96409
-86.49410
-87.46517
-87.29586
-82.30168
-82.02368
-83.66366
-85.30515
-84.29236
-86.03739
-86.51300
-86.04750
-86.05208
-82.90580
-84.00432
-81.09737
-79.85771
-81.63268
-81.50368
-79.87469
-84.26870
-89.36846
-89.84973
-86.77720
-86.05029
-87.27854
-87.68771
-87.67692
-86.57632
-89.20311
-85.52573
-85.51273
-84.57030
-84.18869
-82.70249
-84.49939
-83.68326
-77.11469
-77.39967
-77.96666
-78.16822
-81.29273
-82.73114
-83.19833
-85.42786
-86.06304
-82.85336
-83.99237
-84.14680
-84.39412
-83.26220
-83.08246
-84.16594
-85.01385
-88.56271
-91.01045
-91.30287
-89.55724
-90.49824
-89.56702
-94.74216
-83.00640
-81.29328
-85.49247
-85.93001
-87.54722
-88.25938
-86.57612
-87.92788
-84.85580
-80.97286
-83.31540
-84.07014
-84.55005
-83.31527
-83.06717
-84.85241
-88.19922
-84.28422
-83.07580
-83.67226
-81.15512
-81.74218
-83.34750
-79.65962
-80.39628
-87.47093
-89.50811
-89.75279
-85.74251
-88.26778
-87.16238
-86.58114
-85.98187
-87.19936
-87.71852
-85.28588
-86.99372
-84.87902
-84.27023
-85.07466
-87.54749
-80.63343
-77.92226
-81.36077
-82.60439
-84.03168
-85.29450
-86.55250
-86.95239
-88.40664
-85.96964
-84.17038
-86.67700
-85.06608
-85.72784
-84.88112
-84.95965
-84.03611
-86.46777
-90.69092
-91.73691
-90.82002
-90.63155
-88.57082
-92.90727
-89.81662
-80.10301
-82.72868
-84.79731
-86.04509
-87.27815
-84.85523
-87.52213
-89.72360
-83.43593
-81.96866
-82.32905
-82.65745
-82.95883
-83.37651
-87.31703
-88.89911
-86.33242
-82.72070
-81.13593
-79.59428
-80.35541
-82.16228
-82.42498
-81.33302
-83.73087
-87.61563
-90.23619
-87.82427
-87.58970
-87.07662
-86.41842
-87.17485
-86.16180
-88.45246
-85.13445
-86.51869
-85.56422
-86.30876
-83.90701
-85.16904
-85.14866
-77.53278
-78.71842
-80.95978
-81.15491
-82.55620
-83.61255
-82.95379
-84.52573
-85.90430
-83.06169
-84.27911
-84.00806
-83.71019
-82.06366
-82.78712
-83.31204
-83.98184
-88.16477
-91.63611
-92.48195
-90.31701
-89.91987
-89.05804
-95.52904
-83.14350
-81.01367
-84.47648
-84.43526
-86.16157
-86.05731
-87.39987
-89.63433
-84.36476
-80.46043
-80.43340
-81.16505
-82.99413
-83.90912
-83.68887
-85.86118
-89.99298
-83.02296
-80.89528
-82.64466
-80.47512
-81.87521
-82.67289
-81.48059
-82.55872
-82.51138
-82.83552
-83.78873
-85.15302
-86.10172
-86.63000
-84.91795
-80.82982
-80.38074
-81.66807
-81.37462
-83.90132
-82.99777
-82.05498
-82.22608
-82.20548
-79.29052
-76.27923
-78.60872
-80.53630
-80.34617
-80.07260
-80.29276
-80.92112
-81.99664
-83.55460
-82.77544
-84.57977
-83.82295
-78.35412
-78.35163
-79.09112
-77.79596
-79.56420
-80.90215
-84.09372
-87.44677
-88.92193
-87.84754
-85.55635
-81.09070
-77.12986
-77.92575
-78.58133
-79.92220
-81.69156
-83.12925
-85.79207
-86.85758
-82.68603
-79.87810
-79.35192
-79.01605
-79.05633
-79.91239
-81.14701
-82.56798
-84.00040
-80.51305
-78.96041
-79.64345
-79.42477
-78.85529
-78.79262
-77.16370
-78.84888
-80.63694
-80.08497
-81.97505
-84.15023
-85.78566
-85.70763
-85.94397
-82.20144
-80.72413
-79.23250
-80.11852
-80.04928
-81.02621
-81.67138
-80.78711
-82.78711
-76.63489
-77.78234
-81.01390
-78.45616
-79.35161
-81.27172
-81.89272
-80.97009
-81.32936
-79.27448
-79.66921
-81.73676
-83.28090
-84.13595
-84.94056
-83.85108
-82.85521
-83.39814
-85.75167
-90.24584
-88.75977
-86.22055
-82.99486
-83.25035
-79.37834
-79.30257
-84.49934
-83.15676
-81.22916
-81.70574
-82.89313
-84.64596
-82.73622
-80.55640
-81.63407
-81.45105
-81.35087
-81.98128
-82.90168
-82.51657
-83.46628
-81.32020
-79.47861
-79.21504
-79.27533
-81.32985
-82.03508
-81.65450
-82.60738
-83.52016
-82.67751
-83.60774
-84.12266
-85.48906
-84.90131
-83.74071
-81.84532
-81.20264
-82.80888
-82.18088
-84.65111
-86.11618
-82.83559
-82.02111
-82.08775
-82.71731
-80.32905
-81.28769
-84.47137
-81.87739
-81.64410
-82.09476
-83.13300
-84.57120
-86.80534
-85.37928
-83.74787
-81.27667
-80.26469
-79.84636
-79.87722
-81.25124
-83.09846
-86.67104
-89.80523
-89.01034
-84.32382
-82.50273
-80.83765
-80.65230
-79.35098
-80.36841
-80.94754
-81.80255
-81.16970
-81.16072
-78.75058
-78.89632
-80.04583
-77.24244
-82.33083
-85.22818
-85.06246
-83.34929
-84.74592
-85.31909
-82.69338
-82.71890
-82.73839
-84.94151
-85.41065
-84.04610
-82.14379
-81.90528
-83.41137
-83.37087
-84.02849
-87.19215
-88.62979
-84.82793
-81.90861
-82.05769
-80.89625
-80.82974
-80.85620
-81.21317
-79.62458
-77.75998
-78.80617
-81.34969
-79.03405
-78.43959
-81.33095
-81.41213
-81.57744
-81.10046
-82.71180
-85.13250
-83.20938
-81.06381
-80.23398
-81.24968
-83.00311
-84.14957
-84.66017
-84.52033
-83.19717
-81.83999
-83.20491
-85.70093
-85.35166
-84.64640
-82.95615
-84.18968
-86.09134
-79.48861
-77.72002
-76.74468
-76.76721
-79.35388
-79.57212
-79.46389
-79.05312
-78.67886
-79.21021
-80.73242
-83.37692
-84.67132
-84.26733
-82.93106
-81.67186
-82.10503
-81.65756
-82.14340
-81.23195
-80.72535
-80.24027
-79.63849
-80.91359
-83.43150
-83.29618
-82.62435
-85.26251
-85.44031
-86.50624
-84.25545
-83.41283
-82.05550
-82.34346
-85.22389
-84.55670
-83.93279
-81.29189
-82.54855
-81.10550
-83.58612
-81.21528
-76.49066
-79.39547
-77.84065
-78.21135
-81.02979
-82.91590
-82.92654
-82.65568
-83.09704
-80.19795
-80.82093
-80.22726
-80.36979
-79.73563
-80.95115
-83.51364
-84.40608
-82.59470
-81.45137
-81.23519
-81.73362
-83.37855
-86.23607
-91.56970
-80.93306
-80.61186
-81.36223
-80.10604
-80.78073
-80.50560
-82.05323
-86.20000
-82.75065
-80.98563
-81.42510
-78.27875
-79.20039
-78.76452
-78.65815
-81.30565
-82.77349
-81.55175
-81.04623
-79.65305
-80.43523
-81.16858
-80.54202
-79.16041
-79.37655
-82.04895
-82.10109
-83.42670
-85.57684
-86.87449
-82.97435
-81.94491
-82.16896
-82.20285
-82.06133
-81.71886
-83.32934
-83.03216
-81.00008
-83.72574
-82.61553
-77.22486
-76.54296
-78.26513
-80.03301
-80.73997
-80.64090
-80.44086
-81.40259
-82.70123
-82.48897
-83.69141
-82.28191
-79.67258
-78.92643
-77.07380
-77.20665
-79.43144
-80.42803
-80.89610
-83.11139
-85.76720
-88.86973
-88.22767
-86.74390
-80.96676
-77.94861
-78.98393
-78.53243
-80.43519
-82.28655
-82.91183
-85.01049
-82.29066
-81.16079
-81.70265
-80.19897
-79.93998
-80.39660
-80.85744
-81.50888
-81.16282
-80.62471
-80.51941
-80.20395
-78.52486
-77.36680
-78.76641
-79.91570
-80.94686
-82.64059
-82.90711
-84.31609
-85.57161
-86.39356
-84.36445
-83.70137
-81.96209
-81.43676
-83.21477
-83.20904
-84.93747
-85.97665
-84.80582
-82.70871
-82.63107
-82.57773
-80.54689
-80.86032
-83.11774
-82.27605
-81.85063
-82.40063
-82.10025
-83.59154
-86.47204
-86.00112
-84.27863
-82.19957
-80.02209
-79.76134
-79.91387
-80.92158
-82.75509
-86.05583
-88.00729
-88.39955
-84.73858
-82.82092
-80.64830
-80.07244
-80.03708
-78.40692
-79.70781
-82.84495
-82.12712
-80.00896
-80.24010
-79.08332
-79.56501
-79.52326
-82.53998
-86.75908
-84.41498
-84.15903
-83.63451
-83.03282
-83.12509
-82.65020
-83.33828
-86.58486
-87.36803
-84.39560
-81.52212
-80.99804
-82.62974
-82.91032
-83.89177
-87.19023
-87.98679
-84.64478
-81.89929
-80.95743
-81.19441
-78.37770
-75.53884
-79.41771
-79.27225
-78.09692
-78.79926
-79.37884
-79.56583
-78.33902
-80.70707
-81.85855
-82.18216
-81.23862
-83.74947
-84.76656
-83.66782
-81.48899
-80.90323
-80.70900
-81.08228
-83.29998
-84.58956
-85.73036
-83.40633
-82.93105
-83.72844
-86.20220
-86.71559
-86.29756
-83.33599
-83.43527
-85.92815
-81.09976
-78.80854
-79.74369
-79.45730
-80.92677
-82.30412
-80.83093
-79.35470
-77.54571
-79.02083
-78.51316
-80.27476
-83.20127
-82.14965
-83.20115
-84.82345
-86.14002
-81.73039
-80.20911
-80.71789
-81.48161
-81.42152
-81.01434
-80.09021
-82.25052
-84.19986
-82.09723
-82.39642
-82.40804
-84.27986
-83.18962
-80.56709
-79.87479
-79.79705
-81.01415
-81.46769
-81.39709
-80.71381
-80.52716
-79.83285
-82.58303
-80.27696
-75.54080
-77.10485
-77.60403
-78.51202
-81.38360
-81.61687
-80.42534
-80.65424
-81.55898
-80.65597
-79.85762
-79.54825
-81.11567
-81.99948
-82.57623
-81.61039
-82.05497
-81.52931
-81.56823
-81.18824
-81.65877
-81.68596
-81.99787
-85.04636
-80.46972
-79.72702
-79.78896
-80.65492
-81.02736
-80.55573
-80.43320
-83.35899
-81.78397
-78.90400
-78.75758
-79.91863
-79.48296
-77.62958
-80.26900
-78.44718
-79.69907
-80.10569
-79.83177
-79.17590
-78.21365
-77.64237
-77.38907
-78.44016
-78.94353
-81.77912
-80.30613
-80.89557
-81.02106
-81.25907
-81.84263
-81.10221
-80.09209
-80.81702
-80.30149
-79.45702
-80.72123
-79.56648
-78.86936
-78.79907
-79.45710
-76.17843
-76.03151
-78.56831
-80.20896
-81.52183
-80.88154
-82.39130
-82.19948
-81.36124
-79.37619
-80.06437
-79.42405
-78.81985
-79.18754
-79.39705
-81.39505
-81.13301
-82.61147
-84.20437
-84.85954
-84.29622
-84.02587
-83.48744
-83.14031
-79.77592
-76.68054
-78.22467
-82.01058
-81.32473
-82.47632
-83.09195
-83.64885
-82.80628
-79.98054
-79.45742
-78.50091
-82.75523
-80.15245
-76.48725
-78.71428
-81.76420
-79.89091
-78.67099
-79.47776
-80.11637
-79.74236
-78.91815
-79.03006
-78.29586
-79.61423
-81.91471
-80.92514
-80.30190
-81.50954
-81.25713
-81.48627
-81.81159
-81.50212
-80.70487
-80.97506
-80.48458
-80.65995
-82.20170
-81.15575
-80.32979
-80.52407
-79.63384
-79.07955
-81.08945
-82.41503
-83.48106
-84.51531
-85.32740
-84.98203
-82.51471
-81.60275
-82.22340
-80.51739
-81.46925
-82.49195
-81.62596
-83.57502
-82.48310
-83.45567
-85.38727
-86.14076
-84.96854
-85.09805
-82.37215
-83.96240
-82.88431
-79.76925
-79.20136
-80.21928
-83.50556
-80.72486
-81.20124
-80.24543
-83.08135
-81.22180
-79.08964
-81.45872
-82.32135
-82.44738
-81.58418
-82.01136
-81.47384
-81.57479
-81.84621
-82.73213
-82.68535
-82.92761
-82.51771
-83.19598
-84.10534
-82.95632
-81.78901
-80.93083
-81.61810
-83.29989
-82.03548
-81.30632
-79.68604
-77.71156
-77.90586
-79.01395
-78.34770
-78.80172
-80.43271
-81.18490
-80.08332
-77.00954
-78.55208
-80.86788
-81.52883
-81.46665
-80.34214
-81.74073
-82.76116
-82.36651
-81.47416
-79.93758
-78.59840
-78.66663
-79.50701
-79.82921
-79.76812
-81.50465
-80.80561
-79.79572
-81.06749
-81.02018
-80.05644
-79.48547
-80.52134
-78.71205
-77.93577
-78.66275
-76.42533
-77.53390
-78.54019
-77.79857
-77.92688
-76.20525
-77.44121
-78.72131
-77.99066
-78.17173
-79.69709
-80.55026
-79.97891
-81.97275
-80.11335
-78.22208
-78.00377
-76.66629
-78.42304
-79.38478
-79.15837
-79.69393
-81.73943
-83.71208
-81.96331
-80.93423
-80.71997
-81.39563
-80.71353
-81.11663
-81.34465
-79.82509
-79.12462
-80.22239
-79.50838
-81.24398
-80.28526
-79.38530
-79.33250
-76.06828
-76.34103
-77.38351
-77.94078
-76.75999
-77.70801
-80.91036
-81.23701
-83.41435
-80.91360
-79.67913
-80.98745
-80.17114
-80.71002
-80.97043
-80.70390
-79.65743
-79.32448
-81.15610
-79.14722
-78.97726
-79.52496
-79.18118
-80.73677
-77.52369
-78.71677
-81.18741
-81.54675
-80.98251
-81.44491
-82.33410
-84.46240
-82.03902
-79.98752
-80.33349
-79.38797
-82.26452
-79.50844
-79.99749
-79.16728
-79.95260
-80.37780
-80.68515
-79.66199
-78.26765
-78.27292
-79.11834
-80.83219
-79.81729
-81.00449
-79.56989
-80.58736
-80.21413
-80.92854
-80.42588
-80.67002
-81.10301
-80.75401
-79.42818
-79.95186
-79.41207
-78.82235
-81.21523
-79.20429
-79.44409
-76.61499
-75.21806
-76.93574
-77.35299
-77.40013
-78.45901
-79.96020
-81.30475
-81.12044
-81.94949
-81.34778
-80.92041
-81.81900
-81.06351
-81.70329
-80.88322
-81.25299
-81.22297
-81.37619
-83.02198
-81.52607
-83.16955
-82.40819
-82.33161
-80.23896
-78.87463
-80.02271
-79.54447
-81.04072
-81.74413
-82.28975
-81.89671
-87.51296
-80.86914
-77.97388
-78.29804
-77.72270
-78.53682
-77.98564
-78.15671
-77.93870
-79.55233
-77.58322
-77.84838
-78.25889
-77.87824
-77.43360
-77.06967
-77.44880
-78.50585
-83.12356
-81.21695
-82.52822
-82.85469
-81.08385
-82.95107
-81.07891
-81.12495
-80.54863
-80.06187
-80.43750
-80.80441
-79.72598
-81.48609
-80.83019
-81.53973
-81.37034
-78.00441
-80.80520
-79.71223
-80.08116
-80.73269
-81.49465
-81.32154
-81.47326
-80.36940
-80.25482
-81.82805
-79.12280
-80.79681
-80.85324
-80.60793
-80.97271
-80.87853
-81.23198
-81.42533
-81.54988
-80.92781
-80.23944
-84.15697
-82.74554
-79.54429
-77.93493
-77.63301
-78.70442
-77.60093
-78.71000
-78.03530
-80.89536
-79.03044
-77.61539
-78.92950
-78.98056
-79.77863
-78.90459
-79.29184
-79.85044
-80.72004
-79.40912
-79.95623
-79.83761
-79.96227
-79.40056
-80.54017
-81.43972
-80.45112
-80.90094
-81.57434
-83.58374
-84.36542
-82.42397
-80.57372
-80.18032
-78.01900
-77.13344
-77.49670
-77.82705
-79.74457
-80.88926
-83.23746
-81.73031
-78.18888
-80.25448
-81.47870
-83.19730
-84.49477
-83.67615
-85.33618
-85.84839
-84.65317
-83.16924
-82.31848
-82.89760
-83.89125
-84.51217
-85.69388
-85.44582
-85.21847
-85.37310
-86.71650
-85.76265
-85.72481
-86.07577
-85.62352
-87.94506
-81.99096
-78.81196
-80.12760
-80.75598
-82.36456
-81.24365
-77.36156
-76.52771
-77.38267
-76.62042
-76.93425
-77.84171
-78.73502
-78.99992
-77.90294
-77.28132
-77.61852
-76.23780
-74.76200
-76.28884
-76.58754
-76.31895
-75.86191
-75.82952
-76.82939
-76.19034
-76.44089
-78.45075
-78.42892
-78.73188
-78.07311
-77.87636
-78.53262
-77.72505
-78.36995
-79.18956
-79.28022
-78.91411
-79.76811
-78.72463
-80.00051
-78.76735
-77.47963
-80.05189
-80.42113
-79.82657
-79.86095
-81.15346
-81.52583
-83.73454
-85.18533
-84.15894
-83.70259
-84.05326
-83.14454
-83.61555
-85.04402
-86.28421
-86.98039
-85.56144
-87.92666
-87.24723
-87.99570
-87.56279
-89.46845
-87.63098
-81.61645
-82.69877
-83.50888
-84.55332
-84.54834
-85.62273
-83.98561
-83.96907
-79.94939
-74.25492
-73.54283
-73.39918
-73.96701
-74.97044
-78.21282
-79.30202
-79.35244
-82.22709
-79.51197
-79.19991
-78.34600
-77.62017
-78.23504
-79.20859
-81.68934
-81.18375
-80.79278
-81.73784
-81.29777
-80.58006
-81.08071
-80.84826
-81.58738
-82.95004
-81.70076
-81.53176
-82.46331
-81.02188
-79.93463
-80.80614
-83.07843
-80.21650
-77.82856
-79.84949
-79.42389
-81.55093
-83.42120
-83.36244
-82.55167
-83.23605
-84.65784
-82.89249
-83.24074
-82.21761
-83.33338
-84.02190
-83.96465
-84.98112
-85.33394
-85.57925
-86.89081
-86.26248
-87.76460
-87.22718
-89.22343
-84.63056
-84.18777
-85.51937
-85.94993
-87.71267
-86.25448
-87.85875
-85.22864
-87.86055
-78.89126
-77.15354
-78.72378
-79.29567
-79.23358
-78.24678
-79.00047
-79.67037
-83.79226
-82.89306
-81.50341
-81.98420
-81.95467
-83.15735
-84.57704
-84.88688
-84.95800
-78.11924
-74.88837
-75.13020
-74.98368
-75.17788
-77.57374
-78.86539
-78.95107
-77.08673
-76.09579
-78.27207
-78.85070
-81.10682
-80.62074
-81.08454
-82.41750
-78.35880
-78.29383
-80.41052
-81.29647
-83.40803
-83.39011
-84.99350
-87.12405
-85.09777
-81.86965
-81.94793
-81.22533
-81.02824
-82.42197
-82.41799
-83.41065
-82.33384
-85.18109
-87.68709
-86.75498
-85.88555
-85.57930
-85.79203
-87.53562
-83.54861
-79.73780
-81.68035
-83.80943
-83.68180
-84.41498
-83.55182
-84.65414
-82.95551
-80.28809
-80.51144
-78.58594
-78.38071
-77.71286
-77.87626
-78.21508
-79.12204
-80.86483
-79.23311
-78.03993
-76.80731
-77.68216
-79.32758
-81.13930
-82.18495
-81.24350
-80.71300
-81.32697
-81.13358
-80.45380
-81.20689
-81.07029
-81.55173
-82.21426
-82.13307
-82.58772
-83.15706
-82.32575
-82.52023
-82.75421
-84.73949
-81.59919
-79.42573
-80.32940
-80.50313
-80.44155
-79.32025
-82.50623
-85.06671
-85.44772
-84.35552
-83.35663
-84.28825
-83.41086
-83.17506
-83.98919
-83.63663
-83.96847
-85.22481
-85.76463
-87.33727
-87.19337
-87.89079
-87.01065
-88.65631
-85.86444
-83.25680
-86.63212
-88.06527
-89.86010
-89.27704
-90.69739
-89.75509
-91.72650
-83.08792
-78.45879
-79.94496
-78.69306
-77.97182
-77.70390
-78.65357
-79.29871
-80.05328
-82.55667
-83.71578
-83.22601
-84.52117
-83.88929
-86.40736
-84.75832
-86.20292
-79.87267
-75.33081
-74.48520
-72.89327
-74.31286
-73.97684
-74.64456
-73.65029
-74.07791
-74.43573
-74.43708
-75.81836
-75.50490
-75.44961
-74.71522
-74.88420
-74.63815
-75.43908
-75.95117
-74.94616
-75.12892
-76.86318
-76.56675
-76.94784
-77.07421
-75.85442
-77.08251
-76.49356
-75.44824
-76.36230
-76.45058
-76.62207
-77.58193
-80.17982
-80.57938
-80.62927
-79.81013
-80.07101
-78.35885
-78.43465
-77.51566
-76.80795
-80.36966
-77.78345
-76.76298
-77.92359
-77.60804
-77.34290
-78.22923
-75.82782
-74.27990
-72.80447
-73.16238
-73.41320
-74.88061
-77.52386
-76.34428
-75.84168
-75.35711
-76.70175
-77.26256
-77.55992
-78.11655
-80.04131
-81.08305
-81.14823
-79.24473
-78.08689
-78.67823
-80.07664
-77.90554
-76.89191
-78.59254
-79.61980
-80.54974
-78.20650
-79.03665
-77.64034
-77.93353
-79.34398
-76.59829
-76.20792
-74.63291
-76.60239
-77.73227
-78.02075
-78.61098
-77.94401
-80.94331
-79.27947
-79.95073
-78.54185
-79.82038
-79.71616
-77.61275
-78.88948
-80.43057
-77.58861
-76.21019
-79.26247
-81.28384
-80.39571
-79.32249
-79.11440
-78.24279
-80.24219
-77.90007
-78.63962
-79.18587
-79.56960
-82.12334
-80.96984
-79.66904
-79.83258
-77.92228
-76.85516
-77.29533
-77.27995
-77.67766
-75.81727
-76.26789
-76.94173
-78.39890
-76.23437
-75.87100
-75.90997
-76.91274
-81.54082
-82.37490
-83.37652
-83.41903
-78.84288
-74.93863
-74.38347
-74.13301
-74.58956
-76.40352
-76.90961
-77.31900
-78.37966
-75.27563
-75.77836
-76.91647
-76.10805
-76.61496
-75.71442
-76.10979
-76.07177
-73.82924
-73.71881
-74.59067
-74.78623
-74.57288
-75.78175
-78.94684
-79.82902
-79.00346
-76.24393
-75.87718
-74.81017
-75.84777
-77.08462
-76.13297
-76.65960
-78.92543
-79.85532
-80.17275
-80.20303
-78.96381
-79.95263
-79.07008
-79.01389
-74.92473
-72.87513
-72.83386
-72.73656
-73.23862
-74.60518
-76.00501
-76.58371
-75.95279
-75.19961
-76.07842
-76.17091
-77.60630
-79.07331
-77.86078
-77.96909
-77.45121
-76.20229
-77.40376
-76.42612
-75.39186
-75.91878
-76.93388
-76.95380
-77.92683
-79.78515
-77.19696
-79.41269
-79.43813
-77.72682
-78.38956
-77.07096
-77.72553
-76.50198
-76.52744
-78.19888
-78.74740
-78.06234
-79.01500
-79.09995
-77.70881
-77.32210
-76.83805
-76.48262
-75.97460
-75.85769
-75.96243
-77.39234
-77.04945
-75.86777
-75.11728
-75.12654
-75.41524
-75.09420
-75.65253
-75.53525
-76.00160
-79.50289
-79.59137
-79.31347
-78.85359
-78.92703
-78.41971
-79.08687
-81.63206
-77.92295
-77.15310
-76.07850
-75.73984
-75.39502
-76.42694
-78.33628
-79.01568
-79.24489
-79.24441
-79.39199
-79.32625
-80.94463
-78.82116
-78.63355
-78.78283
-79.70495
-79.47216
-79.47505
-80.69741
-79.29270
-80.69028
-82.75853
-83.03057
-86.63850
-84.92297
-81.74245
-82.06379
-81.98646
-83.27396
-82.96267
-84.93494
-83.56239
-83.12238
-84.00961
-83.96563
-84.06340
-86.43041
-85.39221
-86.63167
-85.08903
-78.22811
-80.77066
-83.02893
-83.59618
-81.94688
-83.00179
-85.96422
-85.08982
-85.65277
-82.75659
-82.85572
-82.72320
-82.57924
-83.49640
-83.74972
-84.53574
-88.44796
-85.82535
-87.71378
-87.64688
-85.73133
-86.32509
-86.58637
-90.36900
-82.27473
-81.58695
-83.03519
-83.48360
-81.91191
-83.18618
-83.35239
-84.82978
-82.61044
-77.42402
-82.88238
-84.46108
-83.81542
-84.97134
-84.79554
-85.14422
-86.71760
-85.44077
-84.77102
-84.01752
-83.12788
-85.83247
-85.31301
-85.62138
-86.24987
-88.15059
-85.67359
-87.32783
-85.26985
-87.03107
-88.09593
-87.56009
-88.25660
-85.90843
-86.80722
-86.28286
-86.94944
-87.22905
-89.13751
-87.10439
-93.63945
-81.40240
-78.32110
-82.46457
-81.31758
-83.50572
-83.27805
-84.39823
-86.55163
-86.74640
-85.97961
-85.04699
-83.20460
-83.27533
-83.17102
-82.06871
-83.40943
-85.05909
-87.09449
-87.03044
-91.70136
-88.86560
-90.12214
-88.92554
-92.20566
-87.40927
-81.66159
-82.89920
-82.64100
-82.55540
-84.19459
-85.62464
-84.32495
-87.38010
-78.32702
-78.09316
-82.86897
-82.42664
-84.58769
-84.97422
-85.52518
-86.63904
-87.95523
-84.59158
-85.38029
-84.03073
-84.50718
-84.62857
-84.92275
-84.72014
-86.96040
-89.53983
-87.93377
-87.32343
-86.12991
-87.17741
-86.04034
-87.89130
-86.32861
-85.08987
-85.54888
-88.33616
-87.36132
-88.59087
-86.38101
-88.74197
-86.17561
-79.75936
-81.48858
-80.38526
-81.64296
-82.61530
-83.06884
-84.85851
-84.99617
-85.57752
-84.40086
-84.83256
-83.92026
-84.35460
-84.36273
-85.46613
-84.18764
-86.45228
-90.61924
-89.56593
-89.41141
-87.48002
-88.92980
-89.03243
-92.73976
-84.28730
-81.94725
-84.23508
-83.71559
-83.58792
-85.06463
-85.34419
-86.96501
-83.65695
-78.38136
-80.11177
-81.30617
-81.04218
-82.60863
-84.37820
-84.25351
-86.26274
-85.96376
-85.43198
-84.97623
-83.30058
-85.18541
-85.47079
-85.16601
-84.15331
-87.46700
-88.01195
-85.84190
-84.31612
-84.80818
-85.99322
-83.40277
-83.77143
-84.23578
-82.43242
-80.98116
-80.03890
-80.70677
-82.82305
-84.51308
-88.08312
-88.24244
-81.18258
-78.36262
-81.61710
-82.30396
-82.86870
-85.01544
-87.84579
-88.56454
-85.87234
-84.00181
-83.32006
-82.85962
-82.88777
-85.70409
-84.19848
-87.57119
-79.87236
-80.58948
-90.43324
-88.06219
-88.12503
-88.30269
-87.63501
-89.33857
-84.20590
-80.53785
-82.04942
-82.57852
-85.16617
-84.28544
-82.09761
-84.03198
-80.87455
-77.72970
-83.81187
-85.76891
-86.48113
-86.43270
-86.69035
-89.17159
-87.88092
-89.59287
-85.97825
-85.74846
-85.38525
-86.97988
-86.92564
-88.56585
-88.71089
-86.93378
-87.20877
-88.60526
-87.94856
-87.53565
-87.37879
-87.11851
-87.24645
-86.17174
-84.56999
-84.66442
-84.46814
-84.28878
-85.80148
-85.52130
-85.57638
-85.22838
-83.94956
-83.79146
-83.40009
-83.45298
-85.06710
-85.27092
-85.77427
-85.61721
-83.89512
-83.14987
-83.23477
-83.33490
-85.20205
-86.30416
-85.72776
-85.50960
-85.24776
-85.45008
-85.15471
-85.16804
-83.94418
-83.53588
-83.50373
-83.50072
-83.50101
-83.12054
-83.90973
-83.74121
-83.78771
-83.65168
-83.40521
-83.43769
-83.57120
-83.30124
-83.29763
-83.18549
-83.10256
-86.22878
-88.74802
-89.88596
-89.10765
-87.23610
-87.14084
-87.28857
-87.13618
-86.72011
-86.87703
-86.98467
-86.88497
-86.82449
-86.77151
-86.91699
-86.37996
-85.20909
-84.80822
-84.68140
-84.68937
-84.73835
-85.21659
-85.41598
-84.95312
-85.55569
-86.20969
-85.58885
-85.38732
-84.13954
-82.75158
-83.59801
-84.77084
-84.88038
-85.01866
-85.49014
-86.26326
-86.97298
-87.64366
-88.07279
-88.50134
-88.31889
-87.22694
-87.73805
-88.90768
-89.51886
-89.22791
-88.71361
-87.45414
-86.75084
-87.73333
-88.20043
-89.19630
-90.10304
-89.54558
-89.78248
-91.71112
-92.95686
-92.93297
-92.24238
-92.33993
-92.69810
-92.69695
-92.66643
-93.00576
-92.50402
-92.35585
-93.30406
-94.69615
-95.99545
-96.53196
-97.25979
-97.73072
-97.55811
-97.13254
-99.64558
-98.35920
-101.43364
-91.77395
-86.81754
-87.74637
-87.22798
-86.88203
-85.97319
-85.72029
-85.76580
-84.99908
-84.81838
-84.38414
-84.06502
-84.27076
-85.92659
-86.73280
-86.53923
-86.49038
-85.11597
-84.57314
-84.97658
-84.86912
-84.58021
-84.65487
-85.30297
-85.79379
-83.07235
-82.15520
-82.06381
-81.70414
-82.58589
-83.65863
-83.61348
-83.23767
-83.39638
-83.45801
-83.53787
-83.30983
-82.86655
-82.02363
-82.04023
-82.11657
-81.40814
-80.75918
-81.08257
-81.81504
-81.77328
-80.96759
-80.75664
-80.75563
-79.86305
-78.24334
-78.86031
-78.57070
-79.11724
-81.72520
-82.43444
-82.52950
-82.54355
-81.95758
-81.63549
-82.23163
-81.68623
-82.51408
-84.61910
-84.86736
-84.96310
-86.35286
-85.53270
-86.98087
-85.43064
-84.95066
-83.29893
-83.92095
-83.38369
-83.66932
-83.94049
-84.23132
-84.33615
-84.00946
-84.87133
-83.91124
-85.21790
-83.08433
-83.87571
-82.92376
-85.56205
-84.94445
-85.68001
-86.15278
-86.66545
-85.83296
-82.79453
-83.45741
-83.29703
-83.64732
-83.08219
-83.21686
-83.44928
-83.89198
-83.67662
-84.72357
-84.05060
-84.76684
-85.43410
-86.35316
-86.35169
-86.65128
-86.82668
-87.10635
-88.51139
-87.97838
-89.00527
-88.64027
-89.21885
-88.08771
-89.26908
-88.98890
-91.56064
-90.64945
-90.71719
-90.05730
-90.69873
-91.57067
-90.99427
-91.98537
-90.34153
-92.90307
-89.48932
-98.80291
-88.72680
-99.48859
-75.78925
-69.09737
-72.70348
-74.75105
-76.47485
-76.00362
-75.40212
-76.45318
-77.84349
-79.24243
-78.50161
-78.34336
-77.70287
-78.09547
-80.14441
-81.06207
-79.63656
-78.97170
-79.27372
-80.08698
-80.31266
-79.35392
-79.97137
-79.43115
-84.94761
-70.99774
-67.87680
-73.15336
-75.12322
-77.06991
-74.88270
-74.02574
-74.84427
-77.79058
-79.02713
-78.23281
-77.43852
-77.29963
-77.79424
-78.98633
-80.44688
-77.76594
-76.78004
-77.83723
-80.03749
-78.74929
-78.16118
-77.58057
-82.01682
-75.08246
-69.56796
-71.76548
-74.75869
-76.02027
-76.89798
-76.02505
-76.74819
-77.63569
-80.47651
-79.58732
-79.75942
-78.90499
-80.01732
-78.47129
-80.72580
-78.45334
-67.51170
-69.93477
-72.51012
-73.51460
-77.31337
-73.24294
-75.95609
-76.01396
-76.64762
-78.76494
-77.08380
-77.54220
-77.80899
-76.99577
-80.85775
-80.11718
-79.02465
-79.33578
-79.05159
-82.29104
-80.56604
-78.87889
-80.70589
-81.27883
-82.28348
-81.89501
-81.73846
-81.86034
-82.81153
-82.59538
-82.84785
-83.96072
-84.55769
-86.89238
-85.83202
-87.01653
-86.35113
-84.32964
-84.98489
-86.95532
-86.52276
-87.80296
-86.10184
-87.21090
-89.03985
-88.49847
-87.60958
-88.04727
-86.98422
-87.64122
-87.33096
-87.80921
-88.66020
-89.14417
-89.75193
-89.81178
-91.25313
-90.44451
-92.21213
-90.53116
-95.32088
-91.04859
-100.44834
-89.81048
-103.02046
-76.52510
-68.12661
-70.40511
-73.53967
-76.72034
-77.67486
-76.98012
-77.60756
-78.65099
-80.07327
-79.46121
-79.61559
-79.08909
-80.03077
-80.10868
-82.11734
-80.62743
-79.40207
-79.79640
-80.73177
-79.77804
-80.25457
-79.58754
-81.30069
-82.98397
-69.97563
-69.49749
-72.38021
-73.38155
-75.14491
-73.74161
-74.13930
-75.25426
-77.61079
-78.24414
-77.40010
-77.07441
-76.21567
-75.98604
-77.98598
-78.21617
-77.57215
-76.76989
-78.10648
-79.03107
-78.26298
-76.97397
-77.63138
-77.93897
-76.53009
-69.61954
-70.08835
-74.10562
-74.19264
-76.27145
-74.18070
-76.11740
-75.77175
-78.37108
-76.86800
-77.42620
-76.90235
-77.53852
-78.24602
-79.88217
-80.13923
-69.39616
-69.38176
-72.25638
-73.08095
-73.74486
-73.32631
-74.24239
-75.20271
-75.95380
-76.63006
-76.88549
-77.40393
-77.56237
-78.17869
-78.64572
-79.69838
-78.54807
-78.34888
-79.38657
-81.54140
-79.54096
-80.70281
-79.49566
-87.08715
-73.82141
-66.34983
-70.55582
-73.61339
-74.77446
-76.76457
-79.19463
-78.54645
-77.02290
-79.21990
-79.50685
-80.01857
-79.65592
-79.62758
-79.35611
-81.75742
-80.96215
-81.07051
-80.36151
-83.76117
-84.01329
-81.55535
-80.82377
-83.72324
-85.12019
-82.50017
-82.15097
-85.47456
-87.62815
-85.21810
-85.95889
-85.49573
-87.90457
-86.81207
-90.55773
-87.82611
-94.03307
-85.57244
-86.98358
-84.69198
-98.50472
-77.18117
-67.07319
-70.35291
-76.84895
-75.16713
-74.00310
-78.32838
-76.88204
-74.74110
-80.00710
-80.66266
-76.54253
-77.01634
-78.85666
-78.67413
-79.73464
-80.36656
-77.78768
-78.33312
-80.00492
-80.03081
-77.80178
-78.44762
-78.81572
-80.95102
-74.88127
-68.37615
-71.46943
-73.25489
-74.85754
-74.82931
-74.19555
-75.52079
-76.34914
-77.95172
-76.99752
-76.70609
-76.28253
-76.78288
-76.68083
-77.66768
-76.47907
-77.67565
-77.25453
-77.51748
-77.16621
-77.40273
-75.88714
-77.83339
-75.64669
-70.43949
-70.06281
-72.09114
-75.84742
-78.35380
-75.62602
-73.61660
-76.40696
-80.59313
-80.03794
-77.44538
-76.96893
-78.53640
-78.17727
-78.85530
-80.20128
-70.17570
-69.27587
-72.85503
-74.49330
-76.10158
-75.03949
-75.77076
-76.54735
-77.47627
-77.32603
-78.38932
-78.47762
-78.67209
-79.06920
-79.54975
-80.25452
-81.80133
-82.19507
-81.43764
-82.02758
-81.08172
-80.13467
-80.55350
-81.49770
-81.93695
-82.20730
-82.16689
-82.51938
-83.27647
-82.85289
-81.67379
-81.78102
-82.73860
-82.87259
-82.43767
-81.35032
-80.91968
-80.33727
-80.25176
-80.49160
-79.96684
-80.86212
-80.02184
-81.30366
-81.08075
-80.34322
-80.63534
-80.91388
-82.57414
-83.25575
-83.29932
-82.81465
-82.64732
-83.95851
-84.73341
-85.26306
-85.72427
-84.04698
-84.63492
-83.49979
-87.03882
-85.92157
-89.11541
-84.71396
-92.21969
-78.85478
-68.95921
-70.86828
-74.52213
-77.59115
-78.13865
-77.42507
-77.97632
-79.09779
-80.96790
-80.42378
-80.81458
-80.00531
-81.08904
-80.56082
-82.62610
-81.93610
-80.71592
-79.75434
-81.67734
-80.59478
-81.00226
-79.47499
-81.64639
-81.82398
-71.70160
-70.66004
-72.73558
-75.00734
-76.31699
-75.17035
-74.96850
-75.72356
-78.32252
-79.03934
-79.06736
-78.74871
-77.24007
-78.64513
-79.01093
-79.93858
-78.74553
-77.48334
-77.62648
-79.48913
-78.22545
-78.02191
-77.52649
-79.49391
-76.70608
-69.85744
-71.18775
-73.56959
-74.83522
-76.44075
-75.66748
-75.95309
-76.70079
-78.48490
-78.24115
-78.55415
-77.96389
-77.82120
-78.50134
-79.06330
-80.55787
-69.49216
-68.62280
-74.92649
-74.67574
-73.78896
-73.10815
-75.88947
-76.28615
-75.53765
-75.88959
-78.20607
-79.05543
-76.47796
-76.90592
-79.06901
-81.01139
-78.54964
-80.03739
-79.90796
-82.53283
-80.19248
-78.36560
-79.83299
-83.75514
-79.45228
-68.89269
-69.62848
-75.37078
-76.36919
-77.24789
-76.94302
-76.36092
-78.77850
-80.58023
-80.69126
-81.82648
-79.96982
-78.58690
-79.29437
-82.69897
-84.05429
-82.20117
-81.60694
-84.46512
-85.03696
-82.06801
-80.09221
-83.48722
-84.83558
-83.51053
-81.63618
-83.97165
-86.54854
-85.68655
-86.13272
-86.75666
-88.40492
-87.16820
-90.63200
-87.68696
-93.73174
-86.59087
-89.95835
-85.29254
-101.30286
-79.06836
-69.10184
-71.00538
-73.72450
-75.48838
-76.28386
-75.26818
-76.22386
-77.57708
-79.07960
-78.93375
-78.36219
-78.27129
-78.42293
-79.56408
-80.42796
-81.36704
-79.06173
-80.35596
-81.55367
-82.64049
-79.53741
-80.70186
-79.66253
-85.99305
-74.68919
-68.86305
-75.87058
-75.21808
-73.96599
-75.12675
-78.75429
-77.35544
-75.15422
-78.76653
-80.01033
-80.15003
-76.51438
-77.68553
-78.27058
-82.89197
-74.69774
-68.78760
-70.76032
-73.81939
-76.18691
-75.75642
-75.13718
-76.76249
-77.48097
-78.41823
-78.01533
-78.42785
-78.28922
-78.83825
-80.00876
-81.43397
-80.53851
-80.49807
-81.00383
-82.95223
-83.56151
-81.28207
-81.59457
-82.29012
-86.11769
-73.60774
-70.61214
-73.88522
-76.53828
-78.28722
-77.15939
-77.34340
-78.22277
-80.35725
-81.05647
-81.03140
-81.02886
-80.00468
-79.15272
-80.69721
-82.07514
-81.66968
-81.74676
-82.34528
-84.25044
-84.08030
-82.40128
-83.20663
-85.33092
-84.75346
-81.95264
-82.26035
-84.58322
-85.23715
-84.88862
-84.09950
-85.02376
-85.61611
-85.94226
-85.49405
-85.40129
-83.81831
-83.05401
-82.20510
-83.67210
-84.70551
-84.16492
-83.27742
-84.19230
-84.92501
-85.00722
-85.16112
-85.84862
-86.36649
-84.79072
-83.65667
-84.55428
-85.14423
-84.42350
-84.58200
-84.84958
-87.80060
-85.94828
-88.52473
-86.24360
-89.32270
-85.80754
-88.73843
-85.47080
-94.48702
-82.11792
-69.96210
-71.16729
-74.32867
-77.77096
-79.12314
-78.34716
-78.86740
-79.33351
-82.54136
-81.77408
-82.04261
-80.97198
-80.88985
-81.32542
-83.34460
-83.25772
-83.60974
-83.31193
-83.74370
-86.35863
-81.94471
-82.33452
-82.11787
-88.88956
-74.63564
-70.21260
-73.67372
-75.04446
-76.88493
-76.42981
-76.27313
-76.95377
-78.41156
-80.23593
-78.96320
-80.14286
-76.63695
-74.07044
-78.42694
-79.04786
-78.36700
-77.90061
-77.59780
-79.74699
-81.31155
-81.20327
-79.97102
-81.15836
-79.62996
-76.60784
-72.51648
-72.20180
-75.35652
-79.43775
-77.09192
-74.80134
-76.59193
-79.44323
-79.89833
-78.43001
-78.24766
-79.61296
-80.40264
-79.70949
-82.89628
-73.96055
-70.57927
-72.39822
-74.20400
-75.92153
-74.70954
-75.60898
-76.70745
-76.79241
-78.28119
-78.80284
-78.22342
-78.68360
-79.79252
-79.29272
-81.10604
-80.46112
-80.76884
-80.99496
-82.79886
-82.44003
-82.42380
-82.00483
-82.92609
-83.64732
-70.03745
-71.09521
-79.46694
-76.47662
-77.55814
-78.19631
-77.63747
-80.57961
-84.39206
-80.59609
-81.83124
-81.47260
-79.57734
-82.66006
-84.86649
-83.54221
-83.50841
-82.10031
-85.26219
-88.63103
-83.66959
-82.81666
-86.23016
-87.52405
-85.88963
-84.27751
-86.02458
-88.77621
-87.82446
-87.94702
-88.34827
-91.05250
-88.76952
-91.66130
-88.66461
-95.30676
-89.68006
-89.40623
-88.24650
-97.75913
-85.02348
-71.23618
-71.65566
-75.08153
-76.19281
-76.86674
-75.46824
-76.20570
-77.35488
-80.31330
-79.89129
-79.79817
-78.93490
-79.56858
-81.15057
-81.89900
-84.20258
-73.32359
-76.14383
-85.57236
-84.57297
-84.10979
-80.77075
-82.44420
-86.01955
-80.73677
-71.25587
-72.08100
-74.80605
-77.15315
-78.00249
-76.10514
-77.22209
-78.17893
-80.69764
-79.97950
-80.95472
-79.05178
-80.68576
-79.53611
-81.00200
-79.98287
-70.80250
-71.10696
-74.87579
-76.04950
-77.35704
-75.68588
-77.12857
-77.06599
-72.40134
-75.82571
-80.12053
-78.72496
-80.67349
-80.24542
-82.56976
-82.05859
-83.08243
-82.83104
-84.04977
-84.83984
-82.19698
-81.32568
-81.46547
-87.34046
-76.06260
-71.25453
-74.59441
-77.01625
-78.85038
-78.51012
-77.92040
-79.06424
-80.14395
-81.93833
-80.59632
-82.16977
-80.66469
-81.13798
-79.55325
-83.84817
-77.50862
-72.57376
-80.47156
-83.91953
-84.19960
-82.51599
-82.18676
-84.75941
-83.90874
-83.42288
-81.53462
-83.05677
-82.94658
-84.62966
-83.53354
-84.55232
-83.14317
-83.43362
-83.57714
-85.34341
-84.68028
-84.47724
-84.59457
-85.38680
-84.48062
-83.32325
-85.42553
-85.50472
-87.96067
-84.64038
-86.94034
-82.97080
-91.23744
-76.52648
-73.42803
-84.39687
-83.59790
-85.59803
-84.48962
-84.10902
-85.58887
-85.77176
-86.89358
-85.57258
-88.02749
-85.91010
-88.30889
-86.61661
-89.74221
-84.93180
-71.13196
-70.10549
-75.35249
-78.93631
-80.66908
-77.25408
-78.30033
-81.28105
-84.91459
-81.83042
-80.20925
-81.79338
-82.48625
-82.42968
-81.97729
-86.13917
-74.73002
-75.67464
-86.20058
-85.75334
-84.22961
-82.05536
-83.12638
-90.05080
-77.10864
-68.79991
-71.81456
-78.77745
-77.72102
-75.73427
-75.96050
-79.10531
-77.61902
-81.40855
-79.43180
-81.09099
-76.93113
-72.81829
-75.54700
-76.14431
-80.74112
-78.89774
-78.52400
-81.19384
-79.87700
-80.34463
-77.96821
-81.48373
-81.41789
-70.50594
-70.37683
-74.26844
-75.88519
-78.97136
-76.83281
-77.08131
-78.33934
-79.75146
-79.56615
-79.35186
-81.07885
-80.51887
-79.86728
-79.81953
-84.67224
-75.90972
-70.12009
-73.77268
-75.19840
-76.09840
-76.48525
-75.76021
-77.47122
-77.59295
-79.29828
-78.47165
-80.51380
-79.13823
-81.32317
-79.09447
-83.36908
-78.89799
-73.13509
-80.12477
-84.23774
-83.82234
-83.16965
-81.47978
-84.14558
-84.32307
-72.37966
-71.32534
-75.42541
-77.02200
-79.90386
-78.48991
-80.06630
-79.77742
-81.79571
-82.20569
-83.04256
-83.06655
-82.24038
-81.69526
-83.72775
-84.91490
-84.10098
-84.07946
-84.64329
-87.27850
-83.58745
-84.16582
-82.42749
-92.26104
-77.97099
-73.94641
-85.28436
-87.31024
-87.95601
-88.47830
-87.03466
-90.71871
-87.04204
-93.23410
-87.42516
-93.57614
-87.86775
-91.01450
-86.83616
-93.70453
-88.03521
-74.15840
-73.12810
-76.89766
-79.10023
-79.23133
-81.37578
-77.92139
-82.50175
-71.95178
-69.78742
-74.22071
-75.28179
-78.80240
-79.59267
-79.91984
-84.82740
-73.92694
-73.99556
-85.19092
-84.41255
-84.43967
-82.47959
-82.56445
-89.33103
-76.57393
-67.18653
-69.53117
-73.14540
-74.88514
-76.73592
-75.62841
-77.24284
-77.18626
-80.27103
-79.11094
-81.62792
-78.75002
-80.66898
-79.60855
-84.23600
-81.00902
-67.68258
-67.65431
-72.34732
-73.91438
-76.87194
-75.94521
-76.27754
-77.58936
-72.99616
-75.21404
-79.64124
-78.67357
-81.16340
-80.42697
-80.09914
-83.87381
-73.05774
-69.50690
-74.31778
-77.26155
-79.48673
-79.52388
-79.59010
-83.73357
-77.33433
-70.68658
-72.07257
-76.28121
-76.50251
-79.30092
-75.86265
-78.04038
-75.61746
-69.94743
-71.32075
-75.69215
-77.46397
-77.72728
-77.06634
-81.00969
-77.60082
-72.43939
-77.34946
-82.74766
-81.17583
-83.51385
-81.53359
-83.67769
-84.55254
-71.32336
-70.15977
-74.99040
-76.42150
-79.74779
-79.09579
-81.44286
-81.56947
-83.21354
-84.19269
-85.51800
-87.25114
-84.41074
-87.92044
-82.39318
-93.93877
-74.27118
-68.20960
-71.68423
-74.90188
-76.80893
-79.26333
-77.72547
-81.11281
-75.93844
-72.73097
-80.24011
-82.52401
-81.41654
-83.58375
-81.59247
-85.35307
-79.98922
-70.13056
-71.42386
-76.30832
-77.98175
-81.20716
-79.69719
-83.13781
-83.32478
-74.57208
-69.71778
-74.13993
-80.23340
-79.76186
-77.40539
-78.77610
-84.42064
-71.90577
-69.61354
-74.79144
-76.96603
-78.41575
-79.59377
-79.99847
-85.89103
-75.04997
-74.62006
-84.73308
-87.80225
-85.08300
-84.27974
-80.96145
-98.16349
-75.84993
-66.95909
-70.02717
-73.36778
-75.27657
-77.10794
-75.53260
-77.05234
-77.50452
-81.02546
-79.31527
-81.59837
-79.09535
-73.71218
-73.46163
-77.33037
-78.84542
-71.37218
-71.34519
-75.68785
-77.13726
-78.66995
-79.81018
-79.76438
-83.82137
-70.59943
-70.86849
-78.97510
-76.21176
-81.28028
-78.45812
-78.94793
-80.88275
-74.41063
-70.70766
-73.65339
-76.52075
-77.12891
-78.32307
-79.21914
-82.81910
-76.42663
-71.67669
-73.27633
-76.54048
-75.72060
-77.53574
-76.40982
-79.46780
-76.29301
-69.31724
-70.87266
-75.96973
-76.02010
-79.06953
-78.44191
-81.61657
-79.17917
-72.36852
-77.16427
-85.43918
-82.44000
-83.37231
-82.03006
-83.54800
-87.17797
-69.69367
-68.21901
-73.93076
-74.49619
-77.05825
-76.55401
-79.63232
-80.20034
-80.85925
-80.67952
-81.23757
-83.63488
-82.64035
-83.85143
-81.05326
-88.28417
-75.67937
-70.26448
-73.88973
-77.49116
-77.90986
-80.37656
-79.14171
-85.41117
-78.52992
-73.37906
-80.90860
-87.71087
-85.09964
-90.52552
-85.75050
-91.52791
-84.89000
-70.79848
-71.13593
-77.08237
-78.45534
-82.15240
-81.61347
-84.35714
-85.37235
-74.29614
-73.41066
-80.58763
-79.96535
-79.56638
-79.09879
-78.88210
-85.78804
-72.98413
-69.51467
-73.61269
-76.08103
-78.08990
-79.47122
-80.24183
-85.01622
-76.07425
-73.98147
-83.42764
-87.12520
-85.82419
-84.62927
-82.92404
-91.31286
-79.45366
-68.50383
-69.01285
-72.43884
-73.72769
-75.90580
-75.49314
-77.41194
-76.62851
-79.68186
-78.85379
-80.90532
-79.62066
-81.54699
-81.49221
-81.37710
-84.64666
-68.08664
-67.06879
-72.94728
-73.25614
-75.06538
-75.37644
-76.03609
-78.44672
-72.63979
-73.47320
-78.91032
-79.16510
-77.82996
-76.52701
-77.13442
-81.85274
-73.52832
-69.07555
-72.91654
-75.10409
-76.42553
-77.98324
-78.90302
-81.42114
-76.31312
-70.81518
-71.78454
-75.78056
-76.16181
-78.45304
-75.99423
-77.58562
-76.02526
-69.95002
-71.16385
-74.77663
-75.75936
-79.05548
-79.41417
-82.18293
-80.16816
-72.76955
-76.24782
-84.30031
-83.85063
-85.41303
-83.75725
-84.41805
-91.09262
-72.58170
-69.00045
-74.24349
-75.08745
-78.08199
-78.03453
-80.42400
-81.58844
-81.42927
-82.65104
-83.09481
-85.27127
-81.72079
-86.14079
-82.74060
-95.31008
-76.89843
-69.28598
-71.71081
-75.71834
-77.11401
-80.35556
-78.23723
-81.81889
-78.10418
-72.33086
-77.52351
-81.43735
-79.29471
-81.83150
-80.16445
-83.07988
-81.73290
-71.29234
-70.83204
-76.03715
-77.53278
-79.88318
-79.84553
-81.23533
-84.22827
-73.55751
-72.03851
-75.78908
-76.97978
-79.33907
-78.65202
-77.31052
-80.61053
-72.74238
-69.39789
-73.72582
-75.88025
-77.49641
-79.48665
-79.37742
-85.47985
-76.04071
-73.52758
-82.50450
-87.60744
-84.18278
-84.90659
-82.13381
-90.14094
-79.19974
-67.99695
-69.50237
-73.99033
-75.30189
-77.51577
-75.73172
-77.63980
-77.37566
-80.35914
-79.90787
-81.09485
-80.13861
-72.43778
-71.26239
-76.79064
-82.18548
-72.19232
-70.28792
-73.70269
-75.55249
-78.23335
-79.69356
-79.46552
-82.54463
-72.49856
-70.47165
-75.62271
-77.55432
-79.88993
-80.60829
-78.37000
-81.85811
-74.82482
-69.18201
-72.13797
-75.62468
-77.99019
-80.06726
-79.34118
-82.06856
-80.23857
-73.65903
-73.48709
-77.36974
-77.14611
-78.40926
-77.06620
-80.82260
-78.51617
-69.91177
-70.74698
-75.90313
-76.41329
-79.07294
-79.07481
-80.74653
-81.34093
-73.15231
-75.93035
-86.15082
-83.54799
-84.56003
-83.21139
-83.93549
-89.64528
-73.14494
-68.45196
-71.98525
-74.10705
-78.37678
-78.80573
-78.50801
-79.69826
-80.44298
-83.52339
-81.87767
-84.44853
-82.19108
-85.51935
-81.49126
-87.65721
-78.47644
-69.96100
-72.11141
-76.95096
-78.15945
-81.68552
-79.36985
-83.91060
-79.83251
-73.42900
-80.07522
-89.57811
-85.48674
-91.53930
-87.31772
-89.63270
-90.06178
-72.21918
-70.74980
-76.29590
-77.68976
-81.61131
-82.52977
-82.75555
-90.26471
-71.13524
-68.41925
-75.03301
-76.94685
-78.87991
-79.26183
-77.57613
-81.32137
-74.01906
-69.84894
-72.33504
-75.94503
-76.97391
-80.72343
-78.94502
-86.03051
-74.78423
-68.44670
-77.56479
-89.02523
-83.51626
-86.11415
-81.74903
-89.74639
-81.62017
-69.03941
-68.90452
-73.39530
-74.57788
-78.20491
-76.68338
-77.92170
-78.09988
-70.67917
-72.78716
-83.44829
-80.11284
-82.43357
-81.89699
-82.86280
-86.98150
-72.16101
-68.68701
-72.63351
-75.29248
-77.50809
-78.08096
-76.55459
-82.00003
-71.41533
-69.06019
-79.36065
-81.75590
-82.05599
-84.64207
-81.16091
-89.59155
-77.10142
-70.52609
-73.30266
-77.54027
-78.20884
-81.95403
-79.43388
-85.94241
-78.18565
-68.68558
-71.79099
-79.33376
-78.62265
-82.98413
-79.08964
-81.79891
-80.42724
-71.20178
-71.32137
-75.81402
-76.54504
-79.36343
-78.98983
-79.87018
-83.77699
-69.96809
-70.57732
-84.77461
-82.12340
-84.06678
-83.33372
-83.00810
-89.98275
-74.85567
-70.25715
-74.28420
-77.38224
-78.81593
-82.11944
-79.73471
-86.91270
-74.67620
-69.67813
-79.27088
-90.63860
-84.32087
-91.08147
-83.38055
-93.75042
-79.36742
-69.68161
-71.33035
-76.03232
-76.47891
-80.49450
-79.27752
-84.42556
-80.69533
-69.06021
-73.33722
-93.61699
-83.56235
-91.99112
-85.94192
-89.44541
-91.25931
-72.43094
-70.57242
-76.27643
-77.77079
-81.86524
-83.16298
-82.81512
-91.31355
-73.33000
-70.10623
-74.67748
-76.31468
-80.21209
-84.85070
-79.61645
-83.95385
-74.72537
-69.62569
-73.61992
-77.24806
-77.69707
-82.71720
-79.56312
-87.93670
-76.57712
-68.57602
-76.61410
-93.15683
-83.97075
-93.37807
-83.64043
-89.82452
-82.88915
-68.15826
-68.18536
-74.67519
-76.12280
-77.67761
-75.59300
-79.89931
-81.42230
-70.69480
-71.65220
-85.39651
-80.83824
-78.80535
-76.77143
-76.38282
-84.52256
-72.81372
-69.15559
-73.85400
-76.62025
-77.81084
-79.59690
-78.31888
-87.45206
-72.60854
-67.96448
-73.78469
-77.16378
-78.15807
-80.16727
-77.15690
-81.51510
-76.14984
-70.16583
-72.63940
-76.34670
-77.18038
-80.60892
-78.29562
-83.01314
-79.49930
-68.64440
-70.66773
-78.40819
-76.96520
-79.69596
-77.81884
-79.58138
-80.39286
-71.05863
-70.10467
-74.75088
-76.14255
-78.64310
-79.71730
-79.86031
-85.32296
-70.38757
-69.99671
-83.95737
-84.19215
-85.30324
-84.95287
-82.73897
-98.34838
-73.51736
-67.75546
-71.93120
-74.23570
-76.86854
-79.79117
-78.18584
-83.29945
-75.71827
-70.43301
-77.63565
-88.28009
-82.29437
-87.95355
-82.08011
-91.24619
-81.74861
-71.63247
-72.11299
-77.91279
-78.57321
-82.64842
-81.19430
-84.88158
-83.59507
-69.39670
-72.54086
-93.82352
-85.70606
-93.85772
-88.77732
-89.32369
-97.11163
-73.96851
-71.07586
-75.97908
-79.09142
-81.39509
-84.78637
-82.09408
-96.21182
-73.35472
-68.06795
-74.54790
-77.39752
-77.78822
-79.26481
-77.17299
-81.69822
-75.91833
-69.67307
-71.96164
-76.47374
-76.90881
-81.53334
-79.69706
-86.08422
-77.66508
-68.74552
-74.98798
-90.84623
-83.62651
-88.08203
-82.88876
-89.21639
-86.10800
-69.99712
-68.21843
-72.63563
-74.28432
-77.84209
-76.89797
-77.58682
-79.39028
-71.46136
-71.81282
-82.68613
-82.42617
-82.61130
-84.66727
-82.54004
-97.41656
-72.02200
-67.02525
-72.17733
-75.47154
-76.01685
-78.58210
-77.09910
-82.85284
-73.14014
-68.88590
-77.52373
-83.97234
-80.47353
-84.35095
-81.44463
-91.69414
-79.22467
-70.19645
-72.31745
-77.42502
-78.39257
-81.96657
-79.23946
-84.90419
-81.14349
-69.94606
-71.03717
-77.88686
-79.29917
-83.38750
-80.12662
-80.86200
-83.93864
-71.69842
-70.43523
-75.47271
-77.27257
-79.69299
-78.66434
-78.24646
-84.24975
-70.88529
-69.33580
-82.24777
-83.99254
-84.04106
-85.58025
-82.09589
-93.68816
-75.45811
-69.44803
-73.84933
-78.07347
-79.05402
-82.27605
-80.50519
-87.56482
-77.95526
-70.22366
-76.66285
-95.38073
-85.34630
-95.35033
-84.50188
-94.60334
-83.48523
-71.23834
-71.31538
-76.47469
-77.35059
-81.54052
-81.05125
-82.87285
-85.84557
-69.53897
-71.50170
-91.12276
-84.63534
-88.96645
-85.97419
-86.14464
-92.91859
-73.48223
-69.77586
-74.85339
-77.81046
-80.93715
-83.94477
-81.61706
-92.53575
-73.57510
-67.92041
-74.08721
-80.53226
-80.65074
-85.20012
-80.17339
-87.72649
-77.38562
-70.49127
-72.47191
-76.58979
-77.69343
-82.01619
-80.13801
-85.91327
-79.64359
-68.65944
-73.85332
-94.52417
-84.25382
-89.18922
-84.07789
-88.88467
-88.80181
-70.68205
-68.69243
-72.95259
-75.03088
-80.06837
-77.77590
-75.90683
-80.05474
-72.44488
-71.39267
-79.57634
-81.99056
-79.05496
-75.78255
-77.31434
-84.69164
-74.30856
-69.66568
-73.26109
-76.57433
-77.93632
-81.50210
-78.40799
-86.33544
-74.27318
-67.45739
-73.53475
-79.72869
-79.01466
-82.91634
-79.02032
-82.73832
-78.94985
-71.29102
-71.07917
-75.98425
-76.82500
-79.48755
-79.36050
-82.38904
-82.29003
-69.54848
-70.37008
-78.33547
-77.32135
-80.95204
-78.21566
-79.81110
-83.76826
-71.92693
-70.02288
-74.11040
-76.86979
-78.70976
-81.07993
-79.61196
-88.16454
-71.98975
-69.32403
-81.55801
-85.28108
-84.22242
-87.03081
-82.46852
-102.89516
-75.97392
-68.09061
-70.87672
-74.74500
-76.68660
-79.89228
-78.45298
-82.66399
-78.04753
-69.94071
-75.09847
-90.26437
-82.37808
-87.23056
-83.05745
-91.04664
-85.65890
-71.65876
-70.86952
-75.80711
-77.77503
-81.10271
-81.19922
-81.65708
-87.70345
-69.96932
-70.39718
-87.56044
-85.40615
-89.19247
-89.04248
-86.80880
-103.27184
-74.64597
-69.94862
-74.98213
-77.93943
-80.44616
-83.02220
-82.76796
-89.31555
-77.66367
-69.85519
-72.76065
-75.49240
-76.84295
-78.16411
-78.26759
-80.44210
-79.77220
-81.89781
-80.48659
-81.57884
-80.77696
-83.19433
-82.39457
-83.36040
-82.22627
-80.88581
-81.47381
-82.65441
-83.13554
-82.82309
-83.35939
-81.84998
-85.37638
-77.69123
-73.85247
-76.68413
-77.51244
-79.79673
-78.95846
-77.56763
-78.81745
-80.15966
-80.42865
-80.86986
-84.54905
-82.37210
-81.41579
-81.38532
-85.59902
-78.37397
-72.85909
-75.19323
-77.75249
-78.64228
-78.75464
-78.01051
-79.12105
-79.49699
-80.96341
-81.03178
-81.87095
-81.72644
-82.20806
-81.60578
-82.98484
-83.17236
-83.71573
-83.10231
-83.80341
-83.21207
-81.29453
-81.50801
-81.53538
-84.74547
-70.68111
-69.55473
-73.06127
-74.30108
-76.55902
-75.14403
-75.87577
-76.14916
-77.10474
-77.20828
-78.09282
-77.25462
-78.15160
-78.03687
-78.10278
-79.03192
-78.60605
-78.61888
-78.83648
-79.59699
-79.43052
-78.60823
-78.79586
-79.91852
-80.05036
-79.52812
-78.99567
-78.86185
-78.94330
-79.63712
-79.16348
-79.45788
-79.43845
-79.14499
-78.86641
-78.74532
-79.20050
-79.47484
-78.96365
-79.21656
-79.91118
-76.30167
-74.93416
-77.08950
-77.40415
-78.78225
-77.73446
-78.52855
-77.88770
-77.87617
-77.35406
-77.68984
-77.92519
-78.27061
-78.33543
-77.55711
-78.62380
-77.90518
-78.99776
-77.55853
-79.41023
-77.89274
-80.64401
-77.42110
-83.35790
-72.60789
-66.45298
-70.55283
-74.15095
-75.57177
-77.61757
-76.84865
-78.65644
-76.46524
-70.19630
-71.38059
-75.74564
-75.86393
-79.28628
-78.14573
-81.21749
-78.86130
-67.97174
-69.91615
-77.35921
-77.63065
-81.11850
-80.32297
-81.04093
-84.22578
-71.69550
-68.67897
-73.04000
-74.76294
-76.42672
-77.71680
-76.09305
-80.94585
-70.83408
-67.17665
-72.79266
-76.36605
-75.01647
-74.50171
-74.52461
-81.43944
-72.41440
-65.21430
-68.49758
-73.07463
-74.56535
-77.52557
-75.66018
-80.07602
-74.38479
-67.48081
-70.77682
-76.57696
-76.26208
-79.13000
-76.68891
-79.71928
-79.01491
-71.17994
-70.08453
-74.32371
-75.17652
-77.91554
-78.12467
-79.11425
-80.91703
-69.36840
-67.87529
-73.37471
-75.84726
-76.37119
-76.61294
-77.18220
-79.16980
-72.23827
-69.65041
-73.18782
-75.63514
-76.39644
-77.97766
-75.45119
-81.08141
-71.97865
-66.74849
-72.05844
-76.05594
-76.43126
-78.76324
-77.06478
-79.98616
-76.44153
-69.08896
-70.37401
-74.74443
-74.80474
-77.93982
-76.27836
-78.31847
-76.46800
-67.66923
-69.74789
-76.58106
-75.74650
-79.23099
-77.49104
-78.51895
-78.85034
-71.82918
-70.07480
-74.37002
-75.80830
-77.27096
-77.67975
-76.74351
-80.35949
-69.45494
-67.64659
-73.86522
-75.71769
-77.31500
-78.21593
-76.70221
-79.73008
-74.02535
-69.32310
-72.24382
-75.69766
-75.47010
-78.50258
-76.83030
-80.55748
-73.89473
-66.33368
-69.11675
-73.59898
-73.90984
-76.47087
-74.94530
-77.75588
-76.74725
-70.30026
-70.48097
-75.01808
-74.83210
-77.34056
-76.91847
-78.77649
-78.54148
-68.76500
-69.68057
-76.07469
-76.40977
-77.32774
-76.94059
-77.39895
-80.48445
-71.65194
-67.95328
-71.24095
-73.15443
-74.59380
-75.97094
-74.41557
-77.63359
-70.87457
-68.41353
-74.43472
-76.84443
-77.16486
-78.79594
-77.28537
-80.99864
-74.77182
-68.14656
-69.83880
-73.35352
-74.00825
-76.11669
-74.52600
-77.81623
-74.39266
-68.19418
-70.89751
-76.03684
-75.92184
-74.76038
-73.27171
-74.89297
-74.96572
-69.63985
-69.20807
-73.67353
-74.14907
-75.81341
-75.76665
-75.90172
-78.05566
-67.84956
-66.57969
-71.82842
-72.83060
-74.59977
-74.43326
-74.50780
-77.08361
-72.46077
-69.34061
-72.47684
-74.77691
-74.60181
-76.87690
-75.41409
-79.67609
-72.25856
-67.33202
-72.09206
-76.44177
-76.70514
-79.23731
-76.82545
-78.50662
-75.43640
-69.43936
-70.52289
-73.98945
-74.39038
-76.30005
-75.70402
-77.49839
-76.35973
-69.03830
-70.12200
-75.50941
-74.89467
-76.81963
-75.80485
-76.11477
-77.48845
-71.04005
-69.04771
-72.48268
-74.24787
-75.55322
-76.05878
-74.96602
-78.48072
-70.04216
-67.57209
-72.95967
-74.67412
-75.60281
-76.05607
-75.13403
-77.01862
-73.06877
-69.73493
-71.86997
-75.28478
-75.89667
-77.85638
-76.52382
-79.68699
-74.56217
-66.84340
-68.59793
-73.18550
-74.03571
-76.13108
-75.01393
-76.64051
-76.28189
-70.91075
-70.87811
-75.54872
-75.82124
-78.12095
-77.66411
-78.00468
-79.02842
-69.09518
-70.14267
-76.42716
-76.03358
-77.59939
-77.13247
-76.67701
-78.96732
-71.91730
-67.75809
-71.53766
-73.77120
-73.81913
-74.75516
-73.92240
-76.99748
-71.25177
-67.99755
-72.70692
-75.52113
-75.48992
-75.67060
-74.12165
-78.51906
-74.32526
-67.01522
-67.86469
-72.21964
-72.97303
-75.44687
-74.30823
-77.48204
-75.20015
-67.49617
-69.27331
-74.20639
-73.46461
-74.86800
-75.03081
-75.58822
-76.61091
-71.09923
-69.88230
-73.29851
-73.87015
-75.53418
-75.88487
-75.78315
-79.28956
-69.92803
-67.56635
-73.17284
-74.62014
-76.01894
-76.90463
-75.56332
-77.60275
-72.86306
-69.43841
-71.92655
-74.88576
-75.36492
-78.24377
-75.89479
-80.65647
-72.77380
-67.30700
-72.26766
-76.81738
-76.50192
-78.92842
-76.92983
-79.45664
-76.80221
-69.29804
-69.18117
-73.64514
-73.89936
-77.05811
-75.15607
-76.79122
-76.76504
-65.31926
-66.94273
-74.67853
-74.54005
-77.05654
-75.54453
-76.37001
-77.03541
-71.98130
-69.85582
-73.25819
-75.10021
-75.46322
-77.80259
-74.51583
-81.39871
-67.57058
-64.89235
-72.51127
-75.20354
-76.11650
-77.51414
-74.66825
-80.33547
-70.01472
-63.81997
-71.22909
-74.35198
-76.14696
-77.34817
-76.59785
-78.31379
-77.87822
-78.90744
-77.98491
-79.80069
-78.07901
-80.17040
-78.66770
-80.05335
-78.84468
-78.83900
-77.11605
-77.68839
-77.02297
-78.30763
-78.02300
-78.33516
-78.55060
-78.66885
-78.64856
-78.29033
-78.37985
-78.66803
-80.13608
-80.62198
-82.06651
-80.79307
-79.13800
-78.51094
-79.13752
-78.95457
-79.59516
-79.72082
-79.78320
-79.26110
-79.55441
-79.56672
-80.15930
-79.82785
-78.87407
-78.48599
-79.25137
-78.75203
-78.56288
-79.77908
-80.26687
-80.56066
-80.31565
-79.98931
-79.88631
-80.18189
-79.81377
-79.37089
-79.99363
-79.08796
-79.33526
-82.37446
-83.09271
-84.11099
-83.48492
-82.25854
-82.93643
-83.70226
-82.70798
-82.71196
-82.65085
-82.98881
-83.04309
-83.70099
-84.66374
-84.29359
-83.79259
-82.22320
-82.48169
-83.39516
-83.79787
-84.27511
-85.34394
-84.86040
-84.71459
-84.31245
-85.28096
-86.00129
-85.75844
-85.49301
-85.46695
-85.29060
-83.28941
-82.89412
-83.31705
-84.52951
-85.73576
-86.45389
-86.81505
-86.81573
-86.87599
-87.37581
-86.81733
-87.44989
-88.07729
-88.13191
-88.21503
-86.24601
-84.33236
-84.15825
-84.22064
-84.08692
-85.02191
-85.44996
-85.28722
-85.91064
-87.21501
-87.97403
-87.54787
-87.14682
-88.13669
-87.31442
-87.58435
-88.15134
-87.35960
-87.42639
-87.79389
-88.96431
-91.17292
-92.14970
-92.07891
-90.54696
-90.77450
-90.73067
-90.94855
-91.35574
-91.28822
-91.54674
-85.09648
-83.43077
-83.75258
-83.26995
-83.00990
-82.46424
-82.19594
-81.90769
-80.99509
-80.09736
-79.61957
-79.32646
-80.25909
-81.02543
-81.28468
-80.93607
-81.29765
-81.76997
-80.34957
-79.90633
-80.70821
-81.41161
-81.96339
-83.98398
-83.44313
-80.43132
-80.25495
-80.43705
-80.23200
-80.75653
-80.87975
-80.38858
-80.69438
-80.17604
-79.91074
-80.22107
-80.26609
-79.45053
-78.90037
-79.18680
-79.22332
-78.05764
-77.32518
-77.94337
-78.28252
-78.93967
-78.63074
-78.59740
-78.72718
-77.83234
-76.96830
-77.83184
-77.15635
-78.48158
-79.43814
-79.13980
-79.07369
-79.57639
-79.44254
-79.26019
-79.36417
-79.12159
-81.17979
-81.72263
-82.45019
-81.90291
-83.72869
-82.24722
-83.84187
-82.11245
-81.49128
-80.42736
-80.93522
-80.76780
-80.47531
-80.00545
-80.58481
-80.20864
-79.81773
-81.38743
-80.01819
-81.26388
-78.99018
-81.04385
-80.33373
-81.65941
-81.16446
-82.02077
-82.76394
-83.44519
-82.45964
-81.38305
-81.76449
-81.73050
-81.69344
-81.20513
-82.12988
-81.78647
-82.19210
-81.64513
-83.99032
-83.06972
-83.98333
-82.91618
-83.97250
-83.66655
-84.41774
-84.00817
-84.69698
-85.31530
-85.49940
-85.71674
-85.94454
-86.15351
-86.10107
-88.23584
-87.32420
-90.87853
-90.56250
-91.72795
-90.30042
-91.39433
-91.04723
-92.36399
-91.48723
-91.65213
-91.55477
-92.35438
-92.42162
-92.22819
-93.17286
-85.94743
-83.72135
-83.94171
-83.81618
-83.87706
-84.12080
-84.12607
-84.33474
-83.68690
-82.47012
-82.24070
-82.06123
-82.40650
-84.03018
-83.82358
-84.16825
-83.88550
-82.50204
-82.63364
-82.71826
-82.91703
-84.31003
-84.36560
-84.87972
-84.04421
-80.46339
-79.74927
-79.46033
-79.37397
-81.21619
-81.89107
-81.50025
-81.48806
-81.65750
-81.13260
-81.35236
-81.36948
-80.44640
-80.09465
-80.36353
-79.99948
-79.40411
-80.79136
-81.56965
-81.49017
-81.56399
-81.20236
-80.98987
-81.18913
-80.89060
-80.73591
-80.90156
-81.17046
-80.28801
-79.96076
-80.64156
-80.14371
-80.26162
-79.90706
-79.88623
-80.08169
-80.23271
-80.40249
-80.20054
-80.81616
-79.90429
-80.24710
-82.22039
-82.07421
-82.21900
-82.25525
-82.56848
-82.57556
-82.81081
-82.90848
-82.67221
-82.71554
-82.36991
-82.96181
-83.98012
-84.26300
-84.10741
-84.07478
-83.94229
-84.16320
-83.88216
-83.94234
-83.98595
-84.10479
-83.83964
-83.18101
-82.56628
-83.85379
-87.56826
-88.06615
-88.33116
-88.22456
-88.92658
-86.59209
-83.51821
-83.74202
-82.88444
-83.24958
-83.53345
-83.77868
-84.37079
-83.86803
-84.02140
-83.68198
-83.96961
-83.49127
-82.54072
-82.14368
-82.24035
-82.08993
-81.94789
-82.46668
-82.39938
-82.64859
-82.79226
-82.78911
-83.20997
-82.95907
-83.77956
-83.52120
-85.97829
-90.21442
-90.07075
-90.20801
-89.32913
-90.21213
-84.92628
-82.70967
-83.26850
-82.88395
-83.21351
-83.22484
-83.71608
-84.03168
-83.71525
-82.91717
-82.68996
-82.87020
-82.65275
-84.23590
-83.99922
-84.53096
-83.21988
-80.37619
-80.71445
-80.71781
-80.63226
-81.19272
-81.16228
-81.46581
-80.67115
-77.97838
-77.61441
-78.17974
-78.43943
-78.91142
-78.96674
-78.83473
-78.99008
-79.41413
-79.33897
-79.32815
-79.20124
-78.17394
-78.27976
-78.75273
-77.90298
-78.80616
-79.50285
-79.38992
-79.46728
-79.89681
-79.99864
-80.24191
-80.36043
-79.72897
-80.31920
-80.86715
-80.77449
-81.18100
-81.40977
-81.31219
-81.45953
-81.46463
-81.80197
-81.73303
-82.25507
-81.12537
-82.42705
-84.49685
-83.66244
-83.93472
-83.54395
-83.76480
-83.53247
-84.10158
-84.66332
-85.00696
-84.80087
-84.68339
-86.14923
-88.01003
-87.92279
-87.92657
-87.68343
-86.98489
-87.39983
-87.64412
-87.63957
-86.99486
-87.55784
-87.64274
-87.36831
-86.78728
-88.36898
-93.32618
-93.82777
-93.76477
-94.45605
-94.49683
-94.97113
-94.85137
-94.60683
-94.43503
-94.53788
-94.88851
-95.39004
-97.52776
-98.36138
-97.81775
-97.67251
-97.96920
-98.53744
-97.90399
-98.45898
-98.86751
-98.85897
-98.05784
-98.01477
-100.53314
-103.37108
-102.40957
-102.87250
-103.47631
-103.40612
-104.19500
-104.31183
-104.42294
-103.47951
-104.56488
-104.83192
-105.44339
-107.62340
-107.10188
-105.83100
-105.22781
-105.52405
-104.92676
-104.79426
-105.27426
-105.34079
-105.55654
-104.74865
-105.04732
-107.05013
-108.20501
-108.58417
-109.31429
-109.45404
-110.46276
-111.72853
-112.47308
-113.40135
-113.50604
-114.71026
-115.76883
-115.08105
-114.41315
-113.67871
-113.50334
-113.81858
-113.97086
-112.93713
-113.12706
-114.80172
-114.45264
-112.97862
-112.72956
-114.48001
-116.66007
-117.55015
-118.03703
-118.34943
-119.10868
-120.51686
-121.49307
-122.12443
-122.15061
-121.76784
-121.44270
-121.40762
-121.72310
-121.96138
-121.15224
-121.27688
-121.66213
-121.64087
-121.25775
-121.87379
-122.82594
-122.33974
-121.48495
-122.17683
-125.92073
-131.50402
-136.07846
-139.28729
-140.11321
