-88.90585
-71.53209
-67.47515
-63.35274
-61.99960
-63.03420
-61.79820
-62.93059
-61.74928
-63.03475
-64.10766
-63.27775
-64.00521
-63.44831
-64.82240
-62.91639
-66.47579
-60.10065
-55.29876
-57.91074
-57.44068
-58.64544
-60.05965
-62.69349
-64.03481
-65.52973
-63.78866
-59.30495
-61.84600
-62.27927
-60.80628
-60.06573
-60.38897
-60.88244
-63.21426
-66.83020
-69.40371
-66.41543
-68.34031
-65.71545
-67.04919
-68.46866
-61.42169
-60.36928
-60.57861
-61.68334
-62.88439
-61.83927
-62.53308
-63.79146
-57.50737
-57.89525
-60.73993
-62.03438
-62.21157
-63.59447
-63.92220
-63.56370
-63.20927
-60.48490
-61.19680
-58.94509
-59.40703
-60.61086
-60.21670
-58.98236
-61.87131
-67.15661
-65.20096
-63.32639
-63.74956
-63.46063
-65.00591
-65.01477
-64.23101
-66.33475
-61.81608
-62.34516
-63.19712
-62.76881
-61.39394
-63.10644
-63.20713
-55.65475
-55.07995
-55.54834
-55.56078
-58.86215
-60.10224
-60.98177
-62.48525
-63.31841
-59.20370
-59.24842
-61.84711
-61.87282
-60.89318
-61.23576
-61.98147
-61.34739
-64.00450
-66.75669
-66.58797
-65.63077
-68.31854
-66.36994
-69.71346
-63.74345
-60.51703
-61.37053
-62.34218
-63.89514
-64.28213
-62.51780
-63.65046
-60.71211
-56.08084
-58.82345
-60.22641
-60.99078
-60.84160
-60.14496
-62.02839
-65.52260
-60.72314
-58.72208
-60.67999
-60.03218
-60.21711
-61.42680
-59.19749
-59.41768
-65.60960
-66.40034
-64.60201
-62.84986
-66.52997
-64.57896
-64.54652
-63.92973
-65.13032
-65.50026
-61.31389
-64.15816
-63.06005
-62.90000
-62.70267
-65.17740
-59.36341
-55.54473
-58.65329
-59.75451
-61.33772
-62.62935
-64.51246
-65.32603
-65.46596
-63.44044
-59.95587
-62.24467
-62.61527
-62.82889
-62.54931
-61.63063
-61.51235
-63.18805
-66.71502
-67.79188
-66.77310
-68.40329
-66.65431
-67.65556
-69.66203
-61.60358
-60.45821
-60.96105
-62.46059
-63.65170
-61.27733
-63.38497
-66.51591
-60.34672
-58.64067
-59.01901
-59.86825
-60.30943
-60.70618
-64.24654
-66.72368
-63.64143
-60.63050
-59.89118
-58.68768
-59.41911
-60.38789
-61.14160
-61.07195
-62.39503
-65.98590
-65.77137
-62.70684
-64.19002
-62.90628
-62.76562
-63.20448
-61.83435
-64.46692
-61.54975
-63.29990
-63.17463
-63.72399
-62.51848
-63.72626
-64.62707
-55.97587
-55.85304
-57.87299
-58.36034
-60.10447
-61.30809
-60.86755
-62.32325
-62.99325
-59.47491
-58.80564
-61.28969
-62.19180
-60.24250
-61.11263
-60.96337
-60.55998
-63.37889
-69.07814
-68.45768
-66.84989
-68.22932
-66.70580
-70.18572
-64.42745
-60.98437
-60.75684
-60.57772
-62.47166
-62.59556
-62.87158
-65.03472
-60.60843
-56.47944
-56.92366
-58.30802
-60.15071
-61.45921
-60.74385
-62.94996
-67.12361
-60.80330
-58.57379
-61.07743
-60.00935
-59.94240
-60.77588
-60.82567
-61.30316
-61.91592
-63.91029
-63.27779
-62.41086
-63.46011
-62.87510
-62.75900
-61.62718
-60.89950
-61.91734
-60.28209
-62.06552
-61.47067
-60.25270
-61.65963
-62.16679
-58.30201
-54.27387
-56.08887
-58.26734
-58.68683
-59.12557
-59.58345
-60.09456
-61.54608
-62.61591
-58.85684
-59.14446
-60.48764
-57.17837
-57.32302
-58.09271
-56.94497
-58.67665
-60.15297
-62.89121
-63.96802
-65.53235
-66.05157
-63.60700
-61.22806
-57.88823
-57.18520
-56.99445
-58.73405
-60.66162
-61.52118
-62.28665
-63.96704
-58.01961
-55.19934
-57.17985
-57.25354
-58.28500
-59.19865
-59.46380
-60.47203
-61.26368
-57.77650
-55.50738
-56.30450
-55.96828
-55.47436
-55.10581
-53.82277
-55.87895
-60.02747
-59.96100
-60.82839
-62.80677
-63.43003
-63.05053
-63.34291
-61.06829
-60.05438
-58.57294
-59.08461
-59.36732
-59.80433
-60.28917
-58.71843
-61.04101
-54.79503
-55.18085
-58.45779
-56.16776
-57.61533
-58.78719
-58.88858
-58.20794
-58.60091
-56.24948
-56.63856
-58.34143
-59.97875
-62.00854
-62.32232
-60.87806
-60.13313
-63.20875
-67.10518
-68.39420
-66.41700
-66.59106
-64.64924
-66.47840
-62.58967
-60.18501
-61.53672
-60.93447
-58.86123
-61.05464
-62.33282
-63.50530
-60.74157
-56.89714
-59.88877
-59.07784
-59.90926
-60.52452
-60.08414
-60.15763
-61.24350
-59.57503
-57.25258
-58.18020
-59.59480
-60.65486
-60.40101
-60.68484
-59.86338
-61.90186
-64.68750
-63.75397
-61.30629
-61.48661
-61.88601
-63.63199
-63.48875
-62.51516
-63.13409
-60.78419
-61.68293
-63.42538
-60.49493
-61.77430
-63.01835
-61.98298
-59.07627
-58.60107
-62.12672
-61.09704
-61.40416
-61.87451
-62.84441
-64.19641
-65.42542
-62.40090
-61.04842
-59.88438
-59.43875
-59.49453
-59.44086
-60.80051
-62.36140
-63.10829
-64.28006
-66.66754
-63.23317
-62.54390
-61.10803
-60.82814
-59.63742
-60.59525
-60.04003
-60.20948
-59.44193
-59.54362
-57.74817
-57.36877
-58.90217
-55.35661
-60.33507
-63.55470
-62.66486
-61.97214
-62.81895
-62.31101
-60.46546
-62.85211
-61.48642
-62.99728
-63.91146
-63.51633
-63.32678
-64.06351
-65.48883
-64.67631
-64.54169
-65.51242
-64.65631
-63.30276
-61.74220
-61.96640
-59.54879
-58.32508
-58.91607
-58.78419
-58.66248
-58.41091
-58.94797
-61.19024
-58.18454
-57.12888
-60.34546
-61.29023
-61.98110
-61.07294
-61.54927
-63.42804
-61.94384
-59.11697
-59.06127
-60.14820
-61.38545
-61.52085
-62.01308
-62.16921
-61.99530
-62.95408
-64.54980
-65.21034
-63.12427
-64.79545
-65.40673
-65.86041
-67.06992
-59.66948
-57.04000
-56.88315
-56.65623
-58.11819
-58.09701
-58.72646
-57.90216
-56.52562
-59.18336
-61.58788
-62.97162
-62.66363
-63.16203
-63.23187
-63.11008
-62.89700
-60.05459
-59.68851
-59.50024
-59.58806
-59.43271
-59.31400
-59.76145
-62.52754
-62.52194
-65.24970
-63.53104
-61.15429
-64.68598
-62.17931
-62.84828
-62.03589
-62.18925
-63.63401
-62.11135
-62.39002
-60.93507
-62.99722
-61.09991
-63.68083
-60.86936
-54.55487
-57.36859
-55.58356
-56.37883
-59.67895
-60.66398
-60.72950
-60.69622
-62.04230
-58.40462
-59.92749
-59.39452
-59.45371
-59.14192
-60.42524
-62.04495
-62.78482
-62.49310
-62.33291
-62.71365
-62.79994
-63.94444
-65.70081
-69.70823
-61.85538
-60.37044
-59.76410
-59.07679
-59.63773
-59.49916
-59.75960
-63.54283
-58.25012
-56.96388
-58.93184
-56.23015
-58.02157
-57.41237
-56.92161
-59.37055
-59.78745
-58.34547
-57.15217
-55.73959
-57.65832
-60.06750
-58.14043
-56.79330
-57.19334
-61.42751
-64.02635
-60.32282
-61.86693
-62.45379
-61.00075
-61.55301
-61.29155
-62.84090
-61.37089
-60.40129
-61.07845
-60.60406
-59.50710
-61.96381
-61.85963
-56.16372
-53.88061
-55.20594
-57.92631
-59.55339
-59.61408
-59.70304
-60.99613
-62.02809
-59.97105
-60.44521
-58.96169
-55.66886
-55.38946
-54.13187
-53.72330
-56.10930
-59.30551
-60.85549
-62.77366
-64.40820
-66.93115
-66.96851
-65.89399
-62.03061
-58.33163
-57.72641
-57.19113
-59.16558
-60.25206
-60.10797
-61.00340
-58.58729
-57.79134
-58.11436
-57.51395
-57.88909
-58.63078
-58.56232
-58.66305
-58.67835
-58.18078
-57.15460
-57.44416
-56.44351
-55.51412
-57.03425
-58.22722
-59.29831
-60.06102
-64.28668
-64.45912
-63.68448
-63.95892
-62.53310
-64.05817
-62.79761
-62.37788
-63.65292
-62.16809
-61.70424
-64.27401
-64.12617
-62.89339
-61.79215
-63.28484
-59.95784
-58.35374
-60.96923
-60.30673
-61.07999
-62.15658
-61.67966
-62.59653
-65.03975
-62.69445
-61.13480
-59.82173
-58.52933
-59.18961
-59.22895
-59.82197
-60.97485
-62.96981
-63.40827
-66.15188
-63.94581
-62.29157
-60.92243
-59.80155
-59.98141
-58.46766
-58.73309
-60.53166
-60.39369
-58.74687
-58.97335
-56.66819
-56.67868
-56.64261
-59.60059
-64.73244
-63.14304
-63.09078
-61.97506
-61.10486
-61.01292
-63.26662
-62.87598
-63.62458
-63.62095
-62.29158
-62.11370
-62.08913
-64.01521
-64.28764
-64.56508
-65.69224
-65.60008
-64.13951
-62.38814
-61.41496
-60.19466
-57.37792
-55.68564
-58.77628
-58.29861
-58.21242
-58.89487
-59.00470
-58.14661
-57.06043
-60.69343
-62.26309
-62.91921
-61.81328
-62.79322
-62.91261
-62.53019
-59.04734
-57.71394
-58.32025
-59.04004
-60.29693
-61.23895
-62.90634
-62.57703
-62.47934
-63.40859
-66.17089
-64.77622
-65.91690
-64.48482
-64.87103
-67.02854
-61.20312
-57.63537
-59.42437
-58.86529
-59.06565
-59.97265
-60.30388
-58.30710
-54.63135
-57.95855
-58.17887
-59.17787
-61.71486
-61.96401
-63.57676
-64.19561
-64.44085
-60.50774
-59.63751
-59.73528
-59.87291
-59.86866
-60.23273
-59.22548
-60.63344
-61.80145
-61.83342
-61.45694
-61.19837
-63.90067
-62.52607
-61.25117
-60.09062
-59.12390
-60.82559
-59.58524
-58.83084
-59.20398
-59.76360
-58.72493
-60.98140
-60.23654
-54.16687
-55.47820
-56.14353
-57.31599
-60.32819
-59.52319
-59.72835
-59.87054
-59.86224
-58.23928
-58.45642
-58.85852
-59.14108
-59.63932
-59.74828
-59.06606
-60.04983
-60.41009
-61.23384
-60.29987
-59.79276
-59.60592
-59.74113
-61.74263
-60.69398
-59.58788
-57.89714
-60.17613
-61.30331
-60.66936
-59.19760
-61.47375
-58.64159
-56.12691
-57.48082
-57.96545
-57.49549
-56.06993
-58.18319
-56.63502
-57.15206
-57.85058
-58.17061
-57.51528
-57.86035
-58.16755
-57.17988
-57.43636
-57.90604
-61.38023
-59.50344
-58.95429
-59.68152
-60.43052
-59.09291
-58.29939
-58.00702
-59.02122
-57.64202
-57.11095
-58.70698
-56.97000
-57.25399
-56.42348
-57.25382
-54.05735
-54.05384
-55.91402
-57.02678
-60.21308
-58.27149
-60.61180
-60.74123
-59.69475
-57.13841
-56.49913
-56.51836
-56.08166
-56.30280
-56.53801
-58.49764
-58.15676
-58.86467
-60.81258
-60.70879
-61.27975
-60.42296
-60.60146
-60.47273
-57.86653
-56.18332
-55.51880
-58.81778
-58.31851
-59.19984
-60.49956
-61.99979
-60.74070
-56.16539
-57.19579
-56.50772
-59.84493
-58.23758
-54.09232
-57.11021
-61.11241
-58.65378
-57.26847
-58.05568
-58.27782
-58.35420
-58.12139
-57.98407
-57.95869
-58.23841
-59.97221
-59.33923
-58.52048
-59.54922
-58.81531
-58.36626
-58.99719
-59.64710
-59.06873
-58.99050
-57.66350
-57.89899
-58.90251
-58.06228
-57.77479
-58.75352
-58.22746
-56.77055
-58.91426
-60.27281
-61.36010
-62.44406
-62.90264
-63.08621
-60.94342
-59.52812
-59.85895
-58.61749
-58.94843
-60.62882
-59.11739
-59.51549
-59.90936
-60.03682
-60.52846
-62.69710
-62.47618
-62.20093
-60.00367
-60.21994
-59.66125
-58.00017
-57.09451
-57.84217
-60.17858
-58.47256
-59.81414
-59.07688
-60.95950
-58.57061
-57.21100
-60.29709
-61.72577
-60.78259
-60.32264
-60.22582
-59.71398
-60.12847
-59.10345
-59.52646
-59.70679
-60.61163
-61.12767
-61.54996
-61.90269
-62.16193
-59.76657
-59.46016
-60.20739
-61.38511
-61.52195
-59.84095
-57.04615
-55.20774
-56.35384
-56.30326
-55.87315
-56.74018
-58.57780
-60.68066
-58.11703
-55.24228
-56.63403
-60.33516
-61.76985
-61.59608
-61.14449
-61.80581
-63.03791
-60.22831
-59.42593
-58.71337
-59.76267
-59.77771
-60.44492
-61.99116
-60.70601
-61.96414
-61.54001
-62.86572
-63.05775
-62.21820
-60.67427
-61.38808
-61.85880
-58.97174
-58.35170
-59.22418
-56.71138
-57.74186
-58.92799
-58.44084
-59.16059
-55.58534
-57.76658
-59.59287
-58.41168
-58.12605
-61.17738
-61.35447
-60.02792
-63.60796
-59.69470
-58.75894
-57.78453
-56.33249
-58.05097
-59.94734
-58.77489
-60.33405
-63.34700
-65.01977
-63.33755
-60.63196
-60.69344
-61.20099
-61.35940
-62.27751
-62.10174
-60.16047
-59.19213
-59.37075
-59.59161
-60.73141
-60.27773
-59.80384
-60.22123
-55.36414
-55.17459
-57.27645
-57.29178
-55.94986
-56.69297
-59.01426
-59.72843
-62.47339
-58.36435
-57.26491
-60.09215
-59.83949
-59.16077
-60.05768
-58.69622
-57.36683
-57.14588
-58.76240
-58.10153
-57.63923
-58.54578
-58.43935
-60.95741
-59.06443
-58.42753
-59.54257
-60.87834
-60.14740
-61.06287
-61.29381
-62.58784
-59.79760
-57.46910
-58.94520
-57.86695
-59.46033
-56.86238
-57.66766
-58.91462
-59.31348
-59.79125
-59.75800
-59.04872
-58.42978
-59.15554
-58.03985
-60.37042
-59.76013
-59.77477
-61.02594
-59.18624
-57.86208
-58.96091
-59.33831
-60.26833
-59.83312
-60.44070
-59.82298
-58.85075
-59.32830
-59.57900
-61.73639
-60.27237
-60.77647
-56.88916
-53.82904
-55.23806
-56.21780
-56.53549
-59.01434
-60.45729
-60.95455
-61.22875
-59.90692
-59.13635
-59.16178
-61.08210
-60.60264
-60.77643
-59.33084
-58.53284
-58.68580
-58.41182
-61.65346
-60.93037
-62.52186
-62.11458
-62.25985
-61.26548
-60.23663
-59.51343
-57.71802
-59.28990
-60.39871
-59.41269
-60.45001
-65.17981
-57.37794
-56.30334
-57.98964
-59.17309
-59.37764
-59.61248
-59.47503
-59.56134
-60.44518
-57.23918
-57.93593
-59.16622
-59.26108
-58.47948
-58.39619
-57.31723
-58.14398
-61.84650
-62.48789
-60.94054
-60.91368
-59.83764
-63.22965
-62.06284
-60.66102
-60.89920
-58.40951
-59.60426
-61.13419
-61.75525
-61.73852
-61.25519
-63.91014
-62.27616
-57.80759
-60.59569
-59.32719
-59.38759
-60.28887
-61.07060
-61.46962
-62.33718
-62.62815
-61.03745
-61.75351
-58.82347
-61.41726
-63.66103
-61.54225
-61.25357
-61.67151
-60.29096
-62.06783
-62.64290
-61.35923
-61.70228
-62.56334
-62.26578
-59.46492
-57.23987
-57.33131
-58.83149
-57.73723
-57.56093
-56.37322
-59.23463
-58.98131
-57.50701
-60.84426
-60.47979
-60.60265
-60.60817
-60.88234
-61.08471
-61.67124
-61.52910
-60.77344
-60.81763
-60.35068
-60.38263
-61.87156
-60.54163
-61.00697
-61.18731
-61.02212
-63.68380
-64.03527
-61.52967
-59.60466
-58.40335
-56.23484
-55.99324
-56.07258
-55.44796
-57.29791
-59.13807
-60.92362
-59.71931
-56.58508
-58.51109
-59.46670
-62.03191
-64.13915
-62.77044
-65.09888
-63.87590
-60.40594
-58.70850
-58.62246
-60.45229
-62.05337
-61.64626
-62.50088
-61.93404
-61.52140
-61.53049
-63.91467
-63.39272
-64.73117
-64.58140
-63.09973
-65.53486
-61.07822
-58.13472
-59.25081
-59.64041
-61.00112
-59.67717
-56.05348
-56.68265
-55.44444
-56.43856
-58.52125
-58.23900
-59.35525
-59.63898
-58.97365
-58.56607
-59.18204
-57.35622
-56.47575
-58.11368
-58.68856
-58.56746
-58.93834
-57.84096
-60.87342
-60.25154
-57.07269
-60.49145
-60.25181
-60.16067
-60.38975
-59.16113
-60.28901
-58.60997
-58.92723
-59.92512
-60.95403
-60.94762
-62.25991
-60.43928
-62.98069
-59.26307
-54.88745
-58.48724
-59.22679
-58.88091
-58.85757
-60.34048
-60.83666
-62.12714
-62.53936
-61.70094
-62.09773
-60.95688
-60.66542
-60.52551
-61.32697
-62.16883
-61.09414
-60.40289
-64.47422
-65.23481
-64.50663
-64.74993
-65.19102
-65.27076
-61.52232
-61.10893
-61.11934
-61.68714
-61.85248
-63.39072
-60.83001
-61.65470
-57.03719
-53.15972
-55.75339
-55.35270
-55.66128
-57.51077
-60.29108
-60.75932
-60.78531
-60.61535
-59.07361
-59.40593
-58.84548
-59.81990
-59.37858
-60.69515
-64.93557
-60.57276
-60.78059
-62.54987
-61.43776
-61.48351
-61.18216
-61.64800
-62.08646
-64.98773
-62.27939
-61.31883
-62.36695
-60.88953
-59.51687
-59.00029
-61.06137
-58.11759
-54.76060
-56.91000
-57.57059
-60.88234
-63.52895
-61.20823
-60.94020
-61.89481
-62.34697
-60.99067
-63.93450
-61.43447
-62.94633
-63.30514
-62.19029
-63.18802
-60.09156
-62.26082
-66.15722
-64.19584
-65.15444
-64.37401
-65.87132
-64.50858
-64.87391
-63.32418
-63.25020
-63.70435
-63.01032
-64.17564
-62.19869
-64.45127
-57.28797
-56.89845
-59.32050
-60.72257
-62.08578
-60.21195
-60.44399
-61.26596
-62.91203
-60.13689
-58.99503
-59.23352
-59.64160
-60.25296
-61.24643
-61.66922
-60.93626
-58.23637
-58.93355
-59.40169
-58.68212
-57.87012
-58.10866
-58.59972
-59.26713
-58.35520
-56.07887
-58.13117
-57.95602
-58.70279
-59.13340
-60.13755
-60.98568
-56.32501
-55.14050
-56.28045
-57.98871
-60.11935
-62.22398
-64.20294
-64.19971
-64.27903
-60.34441
-59.38780
-58.06017
-57.40493
-58.99084
-57.35164
-58.76797
-57.30092
-58.81205
-63.68240
-61.98125
-62.41726
-61.48043
-62.12853
-62.51159
-61.26589
-58.70701
-58.68811
-59.98504
-60.01838
-60.37772
-59.60427
-61.04583
-57.73014
-56.52830
-59.93543
-59.26457
-59.12918
-58.82732
-58.34218
-58.74718
-58.31511
-61.07279
-61.03680
-58.68592
-58.43362
-59.13232
-59.97598
-61.15048
-63.72875
-60.38619
-60.68899
-63.28303
-61.86508
-61.68904
-62.56900
-62.48223
-62.67200
-64.33805
-64.73602
-64.42056
-63.94614
-63.26315
-65.15158
-63.36677
-66.38968
-61.92455
-55.84836
-57.76908
-59.71428
-58.86934
-58.03491
-61.15134
-62.75628
-64.58422
-63.04855
-60.44283
-64.29271
-63.27414
-62.38318
-62.76062
-63.47379
-62.81299
-60.36665
-61.57785
-64.08199
-64.77643
-66.63589
-64.68885
-66.22547
-64.32345
-63.88549
-63.79067
-63.73333
-66.18201
-65.29575
-67.66843
-65.60825
-71.70899
-58.18767
-55.96948
-60.63066
-57.82121
-57.39586
-57.99923
-59.97096
-60.69240
-61.49641
-61.59014
-61.60737
-61.83589
-62.30111
-63.00749
-63.86314
-64.17271
-62.96180
-58.17704
-57.49370
-57.64339
-56.76240
-57.06718
-57.24629
-58.75735
-57.18344
-56.72328
-56.79141
-58.77124
-59.86724
-59.98388
-57.81362
-58.14809
-56.86549
-53.72514
-56.27412
-57.44343
-57.12128
-57.99564
-59.54636
-60.60458
-60.73130
-60.82953
-59.16809
-59.58218
-58.43759
-56.86606
-59.08029
-59.68621
-59.33251
-59.76401
-59.68881
-63.89495
-63.41136
-62.18755
-63.06657
-61.03429
-63.19148
-60.93714
-60.12957
-59.88843
-60.92695
-58.40062
-58.61203
-57.77519
-58.71297
-57.69971
-52.98674
-56.70401
-55.95997
-55.59641
-55.59173
-56.54730
-58.68948
-57.34354
-56.60151
-57.47124
-57.74338
-57.23878
-59.07915
-59.01147
-60.00051
-62.31139
-60.16107
-59.72011
-60.73962
-59.38031
-62.05594
-59.81091
-60.23617
-60.44552
-62.35164
-61.56991
-58.77006
-60.05716
-59.02784
-60.51550
-58.97320
-58.98009
-57.21746
-53.56187
-56.64887
-57.52035
-57.52323
-58.92362
-57.74012
-60.04011
-60.23376
-60.87122
-59.49616
-61.34359
-61.72060
-60.55660
-61.47229
-63.63103
-60.28674
-57.18880
-60.49429
-64.24510
-62.91427
-63.03516
-62.95710
-61.73402
-63.22093
-60.82171
-60.77484
-60.87433
-60.61971
-62.16957
-62.19658
-60.78240
-62.96853
-56.94098
-55.65600
-58.61881
-58.95816
-60.00026
-58.40850
-60.49027
-60.76179
-61.30486
-57.92051
-57.27759
-57.42629
-57.63193
-60.00918
-59.67095
-60.86530
-59.94614
-58.40130
-58.50345
-58.17012
-56.88904
-56.90247
-57.31327
-58.28488
-59.71419
-60.71608
-57.30329
-57.74970
-59.43097
-58.43429
-59.12828
-58.56696
-58.33263
-57.66097
-53.62856
-53.17295
-56.45174
-57.16661
-57.81996
-60.11203
-62.45088
-62.61512
-59.75468
-57.59748
-57.46089
-56.52926
-58.03563
-59.24775
-59.41376
-57.87333
-58.27946
-61.00005
-61.11742
-61.39942
-59.62357
-60.55501
-61.28166
-60.11317
-58.19399
-55.92024
-55.58143
-56.10955
-56.20954
-56.34397
-57.07887
-56.19360
-54.67718
-55.46223
-55.90688
-55.98497
-57.09594
-58.42797
-58.58164
-59.70240
-60.42244
-59.57460
-59.53275
-58.61879
-57.37068
-58.58311
-59.39690
-60.12623
-57.94903
-58.99088
-60.78756
-60.04452
-60.35447
-57.62026
-60.68304
-59.96616
-60.53441
-57.21923
-55.67164
-58.46103
-58.41617
-60.09724
-59.36434
-60.98281
-59.18022
-56.35835
-56.96866
-54.82228
-54.31422
-56.44515
-56.42073
-57.80323
-60.46013
-58.10683
-57.43020
-58.15914
-57.94198
-59.07890
-58.85733
-58.72144
-58.84350
-59.63678
-59.19487
-59.15858
-61.24653
-62.09106
-60.95817
-61.82850
-63.10355
-61.83232
-59.03134
-57.91631
-59.27335
-59.19275
-60.54631
-61.91707
-63.42214
-60.53511
-57.39363
-58.18513
-58.93900
-60.81407
-59.36454
-57.99405
-58.82916
-59.68362
-59.49357
-58.40692
-59.68234
-58.28813
-60.56831
-64.54423
-63.80113
-67.29742
-60.89331
-59.51192
-60.72491
-59.92996
-62.28311
-61.35607
-64.88629
-62.18969
-58.13198
-59.48316
-61.38664
-61.51281
-64.45298
-64.49865
-66.27108
-64.44448
-55.11691
-57.63307
-60.92530
-60.70006
-60.04036
-60.65797
-63.32292
-63.15226
-62.63532
-58.89837
-59.33426
-59.18847
-59.18323
-60.40816
-61.07547
-61.78538
-63.33497
-60.13321
-62.69408
-65.17080
-62.64009
-63.79059
-63.62217
-66.47771
-61.24248
-60.11696
-59.76051
-60.62499
-59.13791
-60.29187
-60.44334
-61.99753
-60.68032
-53.34134
-58.66364
-62.62842
-60.55349
-61.71661
-61.52615
-62.03940
-62.66048
-61.95619
-61.20076
-60.24743
-59.00923
-62.15378
-61.75968
-62.22342
-64.97166
-63.56289
-59.01737
-62.14196
-60.52724
-62.16181
-63.44388
-62.57783
-65.19827
-60.84613
-61.73092
-61.90265
-63.56548
-65.01248
-67.99650
-64.43690
-70.94712
-59.06176
-54.39374
-59.33544
-59.05556
-60.45902
-61.22407
-61.34175
-63.73895
-63.34762
-62.40734
-61.38343
-59.70288
-60.34425
-60.04480
-59.33695
-60.10520
-61.13929
-60.81729
-60.77034
-66.78479
-64.97510
-64.33904
-64.44744
-66.17401
-64.69224
-61.14479
-60.96042
-59.88673
-59.94110
-61.43674
-62.82909
-60.63189
-66.16243
-55.13060
-53.09813
-59.67512
-58.93673
-61.00460
-62.16534
-63.08281
-64.34793
-64.03390
-61.08933
-61.70983
-61.01097
-60.60619
-61.54059
-61.58176
-62.01394
-64.65235
-65.44006
-63.34630
-63.59960
-62.38412
-63.40290
-62.14438
-63.71999
-63.23211
-59.40332
-59.12405
-63.43691
-64.05539
-65.55370
-64.24357
-65.58056
-64.13606
-57.98762
-58.59473
-57.85738
-59.14103
-60.81925
-61.05567
-62.41955
-62.94941
-63.02989
-61.83157
-62.54202
-61.58219
-61.34893
-61.60012
-61.87222
-60.61232
-62.00234
-68.19381
-65.92886
-67.37225
-65.12437
-65.72712
-66.60886
-67.94836
-63.99035
-60.73954
-61.87453
-60.78635
-60.87271
-61.98560
-62.39603
-62.71541
-61.61015
-55.47208
-56.52291
-57.95922
-57.32489
-59.01081
-61.03714
-61.21657
-62.66131
-62.12309
-60.51122
-61.25897
-58.68128
-61.58498
-62.11900
-61.88145
-61.27031
-64.52231
-64.02509
-61.14455
-60.43574
-60.75267
-61.91182
-60.06587
-60.55031
-60.80673
-60.01310
-58.69740
-57.38077
-58.13182
-59.10131
-60.35315
-63.75820
-64.20580
-61.40838
-54.20745
-56.12192
-57.38054
-56.82775
-59.74639
-62.59218
-63.94509
-62.85710
-62.00905
-59.20608
-59.60074
-58.84996
-61.31138
-59.14489
-62.74664
-55.81631
-55.80413
-64.54995
-63.07503
-64.85214
-63.52012
-64.03340
-63.68372
-61.74739
-59.29964
-58.94111
-59.08166
-60.21967
-59.49964
-58.45203
-60.42479
-57.11905
-53.99580
-59.32763
-60.59811
-60.69669
-61.46050
-61.95824
-64.30059
-63.94249
-66.97775
-62.31587
-61.08384
-62.00657
-63.70905
-63.67163
-63.54218
-64.27571
-62.79166
-61.46796
-62.37657
-61.69094
-61.29712
-61.16385
-60.78994
-60.86701
-59.71739
-57.96625
-58.07318
-57.75874
-57.53620
-58.49613
-58.25045
-58.31113
-58.01021
-57.17080
-57.18396
-56.47473
-56.59550
-58.31008
-58.61125
-59.04270
-58.98650
-57.94629
-57.47294
-57.46587
-57.46726
-59.57460
-60.69204
-60.01765
-59.78351
-59.47803
-59.58515
-59.24813
-59.34528
-57.90518
-57.41100
-57.50946
-57.43830
-57.91506
-57.89372
-58.65576
-58.51510
-58.39556
-58.43173
-58.21372
-58.03137
-58.24326
-57.99441
-57.77386
-57.68961
-57.53410
-60.21932
-62.50695
-64.42657
-63.46123
-60.72259
-60.48949
-61.00023
-60.79218
-60.14767
-60.26028
-60.34591
-60.49561
-60.38768
-60.13517
-60.09489
-59.51507
-57.95095
-57.35547
-57.36805
-57.25688
-57.16756
-57.65886
-57.99767
-57.46031
-58.09250
-58.68639
-57.98939
-57.66719
-56.28795
-54.89585
-55.65024
-56.79687
-57.05751
-57.30711
-57.78008
-58.54440
-59.46342
-60.15877
-60.46989
-61.04367
-60.73379
-59.62662
-60.02425
-61.35777
-62.08634
-61.88419
-61.50480
-60.06900
-59.29223
-60.27650
-60.78939
-61.74116
-62.58816
-61.98609
-62.34531
-64.40016
-65.75713
-65.59157
-65.05625
-65.10205
-65.57601
-65.63586
-65.51269
-66.15108
-65.73442
-65.44655
-66.70094
-68.20878
-69.50651
-70.46032
-71.00667
-71.62071
-71.82248
-71.67946
-74.04512
-72.54426
-76.11144
-65.72151
-60.54482
-61.45904
-61.00286
-60.72740
-59.88578
-59.47724
-59.51852
-58.75278
-58.46449
-58.05257
-57.53667
-57.66071
-58.93827
-59.78732
-59.58817
-59.76731
-59.59346
-58.69751
-58.81817
-58.70290
-58.33310
-58.64062
-59.34600
-60.10820
-57.28307
-56.30215
-56.30756
-55.94809
-56.74080
-57.83368
-57.73289
-57.34722
-57.49830
-57.80630
-57.95848
-57.60787
-56.86688
-55.70599
-55.92055
-55.81187
-55.88702
-56.40570
-56.75428
-57.43702
-57.53589
-56.56462
-56.41130
-56.33756
-55.47403
-53.62292
-54.19269
-53.86447
-54.52831
-56.93104
-57.73312
-57.63356
-57.84996
-57.15783
-56.60180
-57.23115
-56.64705
-57.62764
-58.97661
-59.67676
-58.85206
-61.03907
-59.47370
-61.28964
-59.31425
-58.60677
-56.61602
-57.24188
-56.63607
-56.92073
-57.20671
-57.25810
-57.65512
-56.91972
-58.06541
-56.66167
-58.43062
-55.47720
-56.61027
-55.39174
-58.88823
-58.19610
-58.53165
-59.04548
-59.64483
-58.89174
-56.00492
-56.94640
-56.42962
-56.87696
-56.41042
-56.72680
-56.87319
-57.61852
-57.14695
-58.40868
-57.63717
-58.88388
-58.41610
-59.57178
-59.13625
-60.02201
-60.10086
-60.81540
-61.77434
-61.99684
-62.31395
-62.20809
-62.34975
-61.84981
-63.19284
-63.45937
-66.02962
-64.12340
-64.02557
-63.04975
-64.13642
-64.07203
-64.96274
-64.47535
-64.96962
-64.97962
-65.84247
-68.10736
-67.57852
-73.16484
-63.98875
-57.36432
-58.00234
-58.51278
-58.32170
-59.03778
-58.89012
-59.20801
-57.93439
-56.82231
-56.41853
-56.58097
-56.11512
-56.99197
-56.64788
-56.92985
-57.03953
-54.51994
-54.99013
-55.43666
-55.29918
-56.57335
-56.75447
-56.59895
-56.86840
-54.83445
-53.93250
-54.27030
-54.22583
-56.15584
-57.84060
-57.90601
-58.32767
-58.49927
-58.44194
-58.15444
-58.29475
-57.47672
-56.73187
-56.50995
-56.90193
-55.89816
-54.46073
-55.05924
-55.48394
-56.07054
-56.81114
-57.36060
-56.94211
-57.52802
-57.06809
-56.65372
-56.92096
-56.56759
-57.34535
-57.70860
-57.78369
-58.29680
-58.49404
-58.10185
-58.38186
-57.77616
-58.10621
-57.12907
-56.63376
-56.13867
-55.60495
-55.75274
-55.76446
-56.08003
-55.19418
-55.03253
-55.27206
-55.76384
-55.56276
-54.95806
-54.96209
-55.30120
-54.93034
-55.41882
-55.81065
-55.97828
-55.74638
-54.48124
-55.57193
-58.13330
-58.96454
-59.44687
-59.24509
-58.69951
-59.10034
-58.01694
-57.91997
-57.94278
-58.42596
-58.23421
-58.53980
-59.67943
-60.54914
-61.51984
-61.54456
-62.35197
-62.39277
-62.51580
-62.49829
-62.55825
-61.88741
-61.93762
-61.48449
-62.25993
-64.16695
-64.91717
-64.57025
-63.01439
-61.61571
-62.13037
-62.52249
-62.55912
-63.55384
-64.09477
-64.51129
-65.05671
-65.76304
-66.19106
-66.78694
-66.49315
-68.46145
-69.21938
-73.55870
-70.43510
-72.14668
-63.39724
-56.51845
-56.79977
-57.22791
-57.53863
-57.92455
-58.01149
-58.11160
-57.56729
-56.27008
-56.02726
-55.87929
-55.86737
-57.01865
-57.29353
-57.14749
-56.59462
-55.09560
-54.62444
-54.30533
-54.17997
-56.00464
-57.03215
-57.54550
-58.15654
-54.33292
-52.98274
-53.65928
-53.55488
-55.26463
-55.69767
-55.91388
-56.14391
-56.93325
-57.27728
-56.58571
-56.35368
-55.06490
-53.70946
-53.60282
-53.66819
-54.51600
-55.33222
-55.18120
-55.90566
-55.84479
-55.63946
-54.73062
-54.78734
-54.88074
-52.81812
-52.31817
-53.09173
-52.84734
-55.56655
-56.11773
-55.45941
-55.27625
-55.12723
-54.41093
-54.76321
-54.48765
-55.54441
-57.08471
-57.47084
-57.68566
-55.64679
-55.77799
-55.19584
-56.25448
-54.96427
-55.45743
-54.91470
-56.30381
-55.84575
-56.53081
-56.16676
-57.29667
-56.28214
-56.73696
-57.26567
-56.64882
-57.38944
-54.78537
-57.40230
-57.78204
-61.40676
-60.77409
-61.95520
-62.58708
-61.55289
-57.65574
-57.74871
-57.92583
-57.90350
-57.33401
-58.74037
-59.08427
-60.76030
-60.96283
-60.62966
-62.57952
-61.67306
-63.82007
-60.25922
-62.19098
-60.65440
-62.04441
-60.18632
-62.56004
-62.84641
-64.07301
-63.73565
-62.95967
-62.21398
-61.90013
-61.75355
-62.39076
-65.34453
-62.97505
-63.19160
-61.93341
-63.21982
-62.95635
-64.39380
-64.63951
-68.47553
-67.28368
-66.04443
-64.69346
-65.34262
-62.05692
-58.17557
-58.48664
-58.68151
-58.35140
-57.95695
-58.28476
-59.14830
-59.28372
-58.73445
-58.01072
-57.41353
-57.29264
-57.27158
-56.83630
-56.29074
-56.74034
-55.05080
-54.50780
-54.79009
-54.91002
-54.90941
-55.03842
-55.11723
-55.03076
-55.56654
-55.24008
-55.19382
-54.64315
-55.51480
-56.20047
-55.84626
-56.16172
-56.29197
-56.05843
-55.64604
-55.75048
-55.53003
-54.96149
-54.48633
-54.73820
-54.35601
-55.22349
-56.43368
-56.48483
-56.35179
-55.88763
-55.73616
-55.83170
-55.23098
-53.87931
-54.30072
-55.38779
-56.26851
-58.30512
-59.90988
-60.39618
-61.56009
-59.98562
-58.68619
-58.26290
-57.61339
-57.35772
-57.20863
-58.08058
-59.67477
-59.10881
-58.75866
-59.14742
-59.65406
-58.38510
-57.04745
-57.04482
-56.81376
-56.86959
-56.93998
-57.60497
-57.56888
-59.39095
-59.91145
-59.88966
-60.00695
-59.68045
-58.53853
-58.45677
-60.67781
-60.28692
-59.78849
-59.41175
-59.69840
-60.35980
-62.30251
-64.06600
-64.05608
-63.03285
-62.55246
-61.67216
-61.92250
-63.67636
-64.31004
-64.01660
-61.58810
-59.72067
-58.99222
-60.16628
-62.21186
-63.76163
-63.15962
-62.15859
-63.08703
-60.76314
-59.59132
-61.17231
-63.98115
-65.89574
-64.38573
-63.56554
-62.53397
-63.03493
-65.11306
-65.81498
-66.30149
-65.99652
-63.63713
-62.21300
-62.65099
-65.03282
-67.75143
-69.18143
-67.47639
-67.33520
-65.38442
-60.28775
-59.54325
-60.59713
-60.34234
-59.97353
-59.27413
-59.17683
-58.87666
-57.86627
-57.59725
-58.23344
-58.59692
-59.26370
-59.20798
-58.66762
-59.06535
-56.37185
-55.24292
-55.74855
-55.87587
-56.54483
-56.54882
-56.49900
-56.32991
-56.56313
-57.41204
-58.04738
-58.71945
-60.11936
-60.81395
-59.97613
-59.55318
-59.49574
-59.84269
-59.41276
-59.19067
-58.20087
-57.19854
-57.72023
-57.96541
-57.64187
-55.60615
-55.23645
-55.90574
-56.60203
-56.37319
-56.02366
-55.77011
-55.43736
-54.17322
-54.33643
-54.40739
-54.33569
-56.84143
-57.26700
-58.09379
-58.81903
-57.81292
-57.28428
-57.86555
-57.23646
-56.44938
-56.31410
-57.92405
-57.19026
-58.10294
-57.44035
-58.74839
-58.30984
-58.03634
-57.13794
-56.40768
-57.34913
-56.65419
-57.55044
-56.44842
-57.69494
-55.94759
-56.93018
-55.46742
-56.99473
-55.77852
-55.42338
-55.39182
-57.62950
-60.28228
-59.17016
-61.26359
-59.76063
-61.77690
-59.22662
-59.23294
-58.80677
-59.08745
-58.57171
-59.05935
-59.05097
-60.60262
-59.68869
-60.88553
-60.78100
-61.95524
-62.02312
-62.61310
-63.65482
-63.42383
-64.24326
-62.53070
-64.27421
-63.83599
-63.83998
-62.10008
-62.42836
-60.48220
-61.57946
-61.22980
-62.55892
-64.23881
-64.52310
-64.28718
-64.18509
-64.77600
-65.07955
-66.38886
-66.73080
-69.06140
-68.63358
-68.41034
-65.89035
-66.39835
-64.14844
-59.05408
-58.64817
-59.62947
-59.38850
-59.78328
-59.68478
-59.89826
-59.74431
-58.44817
-57.22186
-57.33059
-56.85430
-57.48708
-58.48658
-58.43509
-59.11013
-58.04615
-57.78186
-58.66075
-58.63280
-58.43491
-58.35292
-57.97488
-58.40395
-58.12195
-56.92641
-57.02661
-56.97936
-57.77870
-58.89517
-58.99329
-58.96174
-58.72430
-58.81200
-58.26417
-58.18360
-58.02809
-57.00987
-56.49581
-56.99255
-55.98198
-55.32591
-56.78548
-58.06832
-58.55240
-58.29402
-58.49590
-58.87170
-59.16382
-59.19794
-58.71033
-58.77998
-58.78480
-59.72621
-61.16994
-61.33545
-61.74997
-60.27214
-59.82717
-60.55331
-60.88848
-61.67071
-62.05825
-62.63212
-62.37743
-61.14795
-60.24944
-61.36441
-61.72551
-60.89486
-60.24157
-60.39574
-60.96563
-60.86821
-60.63985
-60.10748
-60.48010
-60.64502
-60.48813
-60.85914
-61.47038
-61.34123
-60.39807
-60.69687
-63.28401
-65.36863
-64.99278
-64.33656
-63.59841
-63.21636
-62.66846
-63.34671
-63.54980
-63.38964
-63.00417
-62.45887
-63.70719
-64.02575
-64.92769
-65.93438
-65.59277
-65.20313
-64.72157
-64.15871
-63.95281
-63.25777
-62.15632
-61.75989
-62.13269
-63.88177
-65.43756
-67.05795
-67.95880
-68.69131
-67.24690
-64.48891
-64.66386
-65.02328
-64.67281
-64.04805
-64.40832
-65.62149
-65.83722
-66.34020
-65.96049
-66.63071
-66.23519
-66.42880
-66.50076
-67.37666
-66.74635
-61.31609
-60.63211
-61.16102
-62.10788
-62.26715
-61.27212
-62.06222
-62.44077
-61.87705
-61.07582
-61.07867
-60.60398
-60.44129
-59.98716
-60.18917
-60.86683
-60.40747
-59.78576
-59.95860
-60.71928
-61.74797
-62.94309
-62.42846
-62.59155
-59.25575
-57.16876
-58.17911
-59.24021
-61.24365
-62.46516
-61.70199
-60.54154
-60.49469
-59.94908
-59.96513
-59.30973
-58.73214
-59.02413
-58.95120
-58.91488
-59.20662
-60.23595
-60.46726
-61.01472
-62.04539
-61.80114
-60.81727
-60.39453
-60.24197
-58.30373
-57.71178
-57.54249
-57.01591
-58.09935
-58.29415
-58.24507
-57.57942
-57.54858
-57.83057
-58.55112
-57.69473
-58.11609
-59.98224
-60.83257
-60.81801
-61.52036
-60.59068
-60.86686
-61.37700
-60.61012
-60.33620
-59.80999
-60.40516
-59.57888
-60.83627
-59.69397
-60.73713
-59.81997
-60.71333
-59.61224
-60.76364
-60.02692
-58.75715
-59.10557
-60.04728
-63.23983
-61.76787
-63.93200
-62.82115
-63.68823
-61.19980
-60.92876
-61.71644
-62.29160
-62.06186
-62.39795
-62.13765
-63.89002
-64.07252
-64.81322
-64.78158
-64.95096
-65.35226
-64.40588
-65.66463
-65.32116
-66.75631
-65.89305
-67.06835
-66.06992
-66.90050
-65.70498
-66.73971
-66.06373
-66.17467
-65.29247
-65.92626
-67.47789
-68.63138
-69.19561
-69.05716
-69.71470
-67.99197
-68.95610
-68.42047
-70.74560
-71.03349
-71.06866
-68.79980
-70.76912
-68.11297
-61.78383
-61.96119
-62.28923
-60.93037
-61.42789
-61.56456
-61.59122
-60.49878
-61.00890
-61.02526
-60.00800
-59.42920
-59.46219
-61.51789
-61.57488
-61.00840
-60.35362
-61.38685
-62.68441
-63.30141
-63.22870
-62.50010
-62.06990
-62.57958
-60.86261
-57.47011
-57.05015
-57.33905
-58.68681
-60.46115
-60.99932
-61.06026
-61.35714
-62.49365
-62.31359
-62.02989
-61.15635
-59.02210
-58.28347
-58.38676
-58.72280
-58.08512
-57.97450
-58.84598
-58.69988
-58.80201
-58.31869
-58.59416
-57.81085
-57.56100
-58.91919
-59.25758
-59.84853
-60.49784
-61.69186
-61.93425
-61.82691
-62.03790
-61.20747
-60.92175
-61.14144
-60.72526
-60.36281
-60.44909
-61.00681
-60.61870
-61.18255
-62.00092
-61.44132
-61.60273
-60.24766
-60.09864
-59.31992
-59.10116
-59.27289
-58.72561
-59.02976
-59.25637
-59.61762
-59.51133
-59.96655
-59.77659
-59.39147
-59.61553
-61.00208
-62.26916
-62.57806
-62.32636
-61.51753
-61.11990
-60.74199
-59.87763
-59.81655
-60.32141
-60.71212
-60.67092
-60.37700
-59.79521
-60.10518
-62.02844
-62.93122
-63.35596
-63.15931
-63.79148
-63.42905
-61.87718
-61.59715
-62.56514
-63.38641
-64.05640
-64.12220
-63.40800
-62.18471
-62.18386
-61.81831
-62.15022
-64.22185
-63.71923
-63.38186
-62.10877
-61.78540
-61.99462
-62.90100
-62.42291
-61.14759
-61.69554
-61.25530
-61.70944
-61.76852
-61.94178
-61.68636
-60.04672
-60.67077
-61.04096
-61.44940
-61.87238
-61.07282
-60.54574
-59.79025
-61.13009
-61.00500
-59.72778
-59.70347
-59.99952
-60.51224
-60.55799
-60.96306
-60.75574
-61.57729
-63.15657
-63.54469
-63.08358
-62.45197
-61.75988
-61.44207
-60.88729
-59.00052
-58.28581
-58.25512
-58.51823
-59.74374
-60.07159
-60.07375
-59.99539
-61.36153
-62.50025
-61.64544
-61.63127
-60.95986
-61.03302
-61.15521
-60.89419
-60.40136
-60.31054
-60.32575
-60.16603
-60.07043
-60.06330
-60.62156
-60.80101
-59.72509
-59.82552
-60.16107
-60.11134
-61.67055
-62.41293
-62.48185
-62.52530
-61.99176
-60.52165
-60.29564
-60.16464
-60.16749
-60.02083
-60.13363
-60.23422
-60.75231
-60.96823
-61.27288
-61.66566
-61.75281
-61.23439
-60.05019
-60.28288
-60.50548
-60.25337
-59.64460
-59.63775
-60.05181
-61.05709
-60.42063
-61.31314
-60.68447
-62.26551
-63.60175
-64.13304
-65.50269
-63.66233
-63.55399
-62.81764
-62.08572
-61.88717
-62.04021
-61.42897
-61.89774
-61.31281
-61.51045
-61.34544
-61.49507
-61.01199
-62.89064
-63.58950
-63.47559
-63.86020
-64.40440
-64.02224
-63.56368
-64.53263
-62.09295
-62.11543
-61.80197
-62.01697
-61.39912
-61.62755
-61.27868
-61.42490
-63.33778
-64.92789
-66.25392
-66.68633
-65.59452
-64.95248
-64.25560
-63.62133
-65.87079
-64.10303
-63.75250
-64.07235
-64.13821
-64.21011
-64.25364
-64.19141
-60.09305
-60.54328
-62.61811
-61.91152
-61.91111
-61.20105
-60.85761
-60.47522
-60.40380
-59.43638
-59.69176
-59.50015
-59.71546
-60.91032
-60.94708
-61.30414
-59.74561
-61.25380
-62.41463
-61.91304
-61.96140
-62.80216
-63.11304
-62.80300
-61.73493
-58.23572
-58.05000
-58.25073
-58.33919
-59.63473
-59.45475
-59.06247
-58.87512
-58.22579
-58.60629
-58.57454
-58.06727
-58.55964
-59.01977
-59.33028
-59.38067
-58.52363
-58.61225
-59.28169
-58.63849
-59.43589
-59.60355
-59.99787
-59.85880
-58.12072
-58.70803
-58.63519
-58.24570
-58.64502
-59.71202
-60.02911
-60.21226
-60.19814
-58.47253
-58.66946
-59.43124
-59.28653
-59.03210
-59.01484
-60.02672
-59.14157
-58.17280
-59.65719
-59.52970
-59.60083
-58.68956
-57.95759
-58.48444
-59.02487
-59.86771
-59.20722
-59.43468
-59.09231
-58.60869
-58.39136
-58.45489
-57.92483
-57.91889
-58.64333
-59.33375
-60.34763
-60.33594
-60.37038
-60.38949
-60.41462
-60.13524
-59.61187
-59.32404
-59.75470
-59.59764
-59.37740
-59.58230
-60.18642
-59.76438
-60.91995
-63.33360
-62.50796
-62.25220
-61.73306
-60.92284
-61.09257
-60.59729
-59.20878
-59.62507
-60.37056
-60.83735
-61.57918
-61.57638
-62.54746
-60.80594
-60.35805
-62.53474
-62.45575
-62.74141
-62.14583
-61.55605
-60.90400
-60.59817
-60.38924
-59.42418
-59.46390
-59.72417
-60.14628
-60.46407
-61.09300
-61.73353
-59.42916
-59.74824
-61.15008
-60.77022
-60.99659
-59.99575
-59.64161
-59.19349
-61.09006
-61.27616
-60.69700
-60.46448
-59.99050
-60.71437
-60.58620
-61.36765
-60.07172
-61.54327
-64.06982
-63.52758
-63.48674
-63.45425
-62.98533
-62.59892
-61.66750
-58.85061
-58.22340
-58.32087
-58.22075
-59.02405
-58.92355
-58.70896
-59.47749
-59.77446
-61.27812
-61.78801
-61.07351
-63.02906
-62.93920
-62.54960
-62.15354
-61.03208
-60.55791
-60.57788
-60.33590
-60.60319
-60.45487
-60.99697
-61.58333
-59.42119
-59.65325
-60.66230
-60.39407
-60.50803
-61.50119
-61.67670
-61.34809
-61.02696
-60.06277
-59.59851
-59.85102
-59.50317
-60.25477
-60.32092
-61.94135
-61.94617
-59.56213
-61.92496
-62.93824
-62.56755
-61.13768
-61.21206
-61.31399
-61.34216
-61.45922
-60.41487
-60.94618
-60.96528
-60.89160
-60.51142
-60.91726
-60.49874
-61.08275
-63.95487
-64.50413
-64.60293
-64.57806
-63.10032
-62.66735
-61.81950
-60.95062
-60.51246
-60.46672
-60.48128
-60.17438
-60.32792
-60.03378
-60.70242
-59.29917
-60.33627
-63.21817
-62.91275
-63.29184
-61.58053
-61.28704
-60.85601
-60.94160
-59.79416
-59.61302
-60.28759
-60.41867
-60.47158
-60.21548
-61.00627
-60.38793
-61.59086
-62.35995
-63.59906
-65.23240
-65.01210
-64.65795
-63.63691
-63.45784
-64.35315
-63.49054
-63.15077
-63.37992
-63.27723
-63.79339
-63.57233
-64.45000
-61.06172
-61.20313
-63.75507
-63.68483
-64.67309
-63.89655
-64.02942
-63.34849
-63.08512
-61.85565
-60.94564
-60.69496
-60.69041
-60.55699
-60.38178
-61.31004
-59.43300
-61.04150
-64.19572
-63.76800
-63.91670
-63.99064
-64.12778
-63.01095
-62.65813
-60.69926
-59.18807
-58.65435
-58.01087
-58.30521
-58.69390
-58.87198
-58.77071
-58.90358
-60.76364
-63.05696
-63.57832
-63.87798
-62.63473
-60.84553
-60.07695
-57.83761
-56.78051
-57.64530
-58.22063
-58.49454
-59.07529
-59.97006
-59.75368
-58.87723
-59.92065
-60.44649
-60.33019
-60.37730
-60.16807
-60.91531
-61.39404
-61.65520
-60.30541
-59.69166
-59.39038
-59.18114
-59.49384
-59.65977
-60.19882
-59.46559
-59.19270
-61.16521
-62.11933
-61.98389
-61.52084
-61.01828
-60.65165
-60.73565
-61.04878
-59.99600
-60.17054
-60.38391
-60.53274
-60.51381
-60.87016
-59.64352
-58.53530
-59.50241
-60.55905
-62.53986
-63.72742
-63.98552
-63.67988
-63.04148
-62.11208
-60.18647
-59.77103
-60.08013
-59.71205
-59.76818
-60.06602
-61.31103
-60.54989
-61.29763
-65.26862
-64.36095
-62.98849
-62.98883
-63.64472
-63.27878
-63.01757
-62.44190
-61.18939
-61.25032
-61.51690
-61.98346
-61.61691
-63.22531
-62.44890
-61.89317
-64.54815
-63.32210
-62.15925
-61.49129
-61.68361
-62.39096
-63.94290
-63.94281
-61.26438
-60.99795
-61.73238
-60.87440
-60.73719
-60.58179
-61.05713
-59.92278
-59.84485
-61.44392
-60.71797
-61.22397
-60.24171
-59.19791
-58.56960
-59.59824
-60.51383
-60.14890
-59.92380
-60.04339
-61.05294
-61.28049
-61.96251
-60.33238
-60.94759
-63.20724
-63.30648
-63.16343
-62.66978
-62.64034
-62.23426
-62.09263
-60.59036
-59.62313
-60.05756
-60.23469
-60.27222
-59.91199
-59.74310
-59.75678
-59.56148
-60.46862
-61.67832
-60.71530
-60.98890
-61.15053
-60.46924
-60.76357
-60.70146
-61.09687
-61.19734
-60.75539
-60.72966
-60.67727
-60.55834
-60.75856
-58.75350
-59.72804
-61.29259
-61.10009
-61.88405
-61.60389
-61.43969
-60.47256
-60.01870
-58.03541
-57.45099
-57.88840
-58.67596
-60.00859
-60.25081
-61.51869
-63.70130
-61.37939
-62.72978
-64.00120
-62.78845
-62.87962
-61.66431
-61.67519
-61.21968
-62.52595
-61.10273
-60.86951
-60.46251
-60.40900
-60.33826
-60.47275
-60.13359
-60.12831
-62.00875
-62.50319
-63.34541
-63.02698
-63.27829
-63.03557
-62.45415
-62.06822
-62.79458
-61.82210
-61.38890
-61.51996
-61.48796
-61.09099
-61.57998
-60.23192
-60.07843
-63.61388
-64.01235
-63.79730
-62.27045
-62.52682
-61.99039
-62.11888
-61.67958
-60.55324
-61.05583
-60.73778
-61.36824
-61.07995
-61.52361
-60.57485
-61.24158
-63.12551
-64.53702
-66.65736
-66.37881
-65.60756
-64.94536
-63.60161
-63.53796
-68.17107
-68.51171
-67.92994
-66.65337
-66.08472
-65.18083
-65.40740
-61.31882
-59.95480
-62.39783
-61.39404
-61.62190
-61.53569
-62.30857
-61.18106
-61.55140
-61.00011
-59.90354
-60.50571
-60.77689
-61.75078
-61.83117
-62.28752
-60.89671
-61.15475
-63.07517
-63.18752
-63.36954
-63.11506
-62.79889
-62.64583
-62.56224
-60.75407
-58.86972
-59.29357
-59.33093
-59.40806
-59.66931
-58.87734
-58.75622
-58.59464
-59.47571
-60.92262
-61.22985
-61.86098
-61.76102
-61.84374
-61.23015
-60.44500
-60.28827
-60.50971
-60.52059
-60.90845
-61.54972
-61.29318
-61.87295
-59.95619
-60.48299
-62.22101
-62.15013
-63.06777
-62.92112
-62.94506
-62.24423
-62.52718
-62.04275
-60.49843
-61.01382
-61.05470
-61.14078
-61.23790
-61.42075
-60.94436
-59.21002
-61.16650
-62.50492
-62.54641
-61.99832
-61.29449
-61.42670
-60.65365
-61.13563
-60.83383
-60.74564
-60.89496
-61.26876
-60.71394
-60.67182
-60.59532
-59.42796
-60.65843
-61.43576
-61.41722
-61.97998
-62.07694
-62.47369
-61.63523
-62.33266
-62.43978
-61.57904
-61.58298
-61.14273
-61.42526
-60.82071
-61.31858
-60.57101
-60.99022
-64.65607
-64.80426
-64.02623
-63.48005
-63.39509
-63.17177
-62.33090
-61.61221
-61.55143
-62.24909
-62.00601
-62.60179
-62.60836
-63.61488
-62.46476
-61.10576
-65.84754
-67.08093
-66.84589
-66.49929
-66.03314
-65.90929
-64.98520
-65.12703
-62.84066
-62.13580
-62.16422
-62.40836
-62.71246
-62.58501
-63.06881
-61.47522
-61.09575
-63.10516
-62.78137
-62.83755
-61.78757
-61.53491
-61.04203
-61.69061
-62.84007
-61.86040
-61.92350
-61.40401
-62.43794
-62.55851
-63.26313
-61.77328
-61.72982
-64.48820
-64.29602
-64.01761
-63.73296
-63.19517
-62.87519
-62.21594
-60.73643
-59.87486
-59.87296
-59.95684
-60.19469
-60.56182
-60.73570
-60.63438
-59.91270
-61.25631
-62.92964
-62.73926
-61.54224
-60.18657
-60.40284
-59.95086
-59.49646
-60.27855
-60.65781
-61.15841
-61.08539
-61.32940
-61.49700
-62.47819
-59.81098
-57.51482
-58.74269
-58.97551
-58.80144
-59.30459
-59.84700
-59.65605
-60.34432
-59.88685
-59.10000
-59.00786
-59.10409
-59.51179
-59.93944
-60.66910
-61.97572
-60.97927
-62.12463
-64.00889
-63.31977
-63.34412
-62.74207
-62.81918
-61.54650
-61.79317
-60.36001
-60.16664
-60.25937
-60.48469
-60.47381
-60.89481
-60.68449
-59.44605
-61.64725
-63.08570
-63.63408
-64.11498
-63.37541
-62.95019
-62.20570
-61.80349
-63.32970
-62.56170
-62.40144
-62.64280
-63.00011
-62.79159
-63.74846
-62.23305
-61.02921
-65.50763
-66.10824
-65.97883
-65.44362
-64.87779
-64.22793
-64.61559
-63.53720
-61.62693
-62.14976
-61.84145
-62.20005
-61.65359
-61.98791
-61.40667
-61.88142
-66.23879
-67.76214
-67.79002
-67.14854
-65.49739
-64.70418
-63.24023
-64.51604
-65.22524
-63.59123
-64.43424
-63.98307
-64.48828
-63.79330
-64.87718
-61.65836
-60.03536
-62.67853
-62.40765
-62.94339
-62.58194
-62.89134
-62.29919
-62.73727
-62.71294
-61.69203
-62.04489
-62.23310
-63.38315
-62.93933
-63.01480
-61.38015
-61.99064
-65.37773
-65.33732
-66.11215
-65.50280
-64.91929
-63.96600
-63.97747
-60.94078
-58.10676
-58.43253
-58.65746
-59.34639
-59.65902
-60.09086
-60.72488
-60.50674
-62.33001
-65.11624
-65.48627
-64.84209
-63.87430
-63.28406
-63.41655
-61.55906
-59.80090
-60.13765
-60.08932
-60.14626
-60.53711
-60.41544
-60.95941
-60.11685
-60.90606
-62.90083
-62.24413
-61.97895
-62.03861
-62.77127
-62.71745
-63.09700
-62.38179
-61.35747
-61.72254
-61.53500
-61.72523
-61.31659
-61.45647
-61.69277
-59.59302
-60.49440
-61.78893
-61.51382
-61.63789
-61.06068
-61.33551
-61.07924
-62.47411
-61.96718
-61.70685
-62.28135
-62.07775
-60.76499
-60.50285
-60.85127
-59.70324
-61.68227
-63.67299
-63.84294
-63.93967
-63.16101
-63.34839
-63.04557
-62.42974
-61.86421
-60.99566
-61.59065
-61.35396
-61.58386
-61.79852
-62.33277
-61.34624
-60.61338
-64.67876
-66.54389
-65.91595
-65.95594
-64.75173
-63.90738
-63.31702
-62.15132
-61.57372
-61.82975
-61.81703
-62.36592
-62.47686
-63.81810
-63.59168
-61.60579
-64.98875
-66.61563
-66.24678
-64.89255
-63.86884
-64.42182
-63.32770
-64.40800
-62.74022
-61.58163
-61.84933
-61.87657
-62.27362
-62.06508
-62.40234
-61.04985
-60.62235
-63.79105
-63.93974
-63.49608
-63.26084
-62.88137
-61.90882
-61.97427
-63.64288
-62.69483
-62.89827
-62.52626
-63.38883
-63.19428
-63.88021
-62.43420
-61.22276
-64.54466
-64.78049
-64.69835
-64.74894
-64.97604
-63.98597
-63.45959
-61.62293
-59.67492
-59.63206
-59.55932
-59.92012
-59.40726
-59.06604
-59.09356
-58.44830
-59.40930
-60.72483
-60.36996
-61.19512
-61.21492
-61.18936
-60.75766
-60.64274
-61.34100
-61.94513
-62.10150
-62.16120
-62.35623
-61.97238
-63.41517
-60.87878
-59.37429
-61.29216
-61.24953
-61.40809
-62.42134
-62.23090
-62.33108
-62.17974
-61.48221
-59.78533
-59.98994
-59.82906
-60.33064
-60.38758
-60.35109
-62.79383
-60.99630
-61.95072
-64.35375
-63.91903
-63.11238
-62.28461
-62.59295
-62.34699
-62.78214
-61.70077
-60.71088
-60.97715
-61.02084
-60.95697
-60.95254
-61.35793
-59.41684
-60.94010
-62.89021
-63.00305
-64.40347
-63.57508
-63.12325
-62.02984
-61.74715
-62.57660
-62.16464
-61.76588
-62.19043
-62.23357
-62.48207
-62.69307
-62.24962
-60.52926
-64.25986
-66.33037
-65.33400
-65.79982
-64.94024
-64.20815
-64.18275
-64.09054
-61.92757
-62.39536
-61.65127
-62.14653
-61.72468
-61.87456
-61.64346
-60.16792
-62.11596
-63.91655
-65.26453
-65.70645
-64.80549
-64.61062
-63.32426
-63.94268
-64.35321
-63.09227
-63.25815
-63.35170
-63.64558
-63.21984
-63.97525
-62.65247
-58.53432
-58.10443
-59.14825
-59.38605
-59.21687
-59.22303
-59.50155
-59.45697
-60.21382
-60.00142
-60.37740
-60.06324
-60.08927
-59.39225
-59.91184
-59.46731
-57.32829
-59.17270
-59.97399
-60.20884
-60.43372
-60.07926
-59.35163
-59.88878
-59.75686
-57.94998
-58.17690
-58.42797
-59.41869
-59.76858
-58.70464
-58.43243
-58.63243
-59.14111
-60.56234
-61.53943
-61.40765
-60.72260
-60.52748
-61.80687
-61.15541
-59.18669
-59.48243
-59.93691
-59.56967
-60.09898
-59.98651
-60.95500
-60.22791
-59.36659
-61.53184
-61.76382
-61.42331
-61.88327
-62.71166
-62.72860
-62.76257
-63.01339
-61.09265
-60.74658
-60.02829
-58.98237
-59.19817
-59.94535
-60.59966
-57.74727
-57.61910
-58.10056
-57.76127
-58.55103
-57.39704
-57.35857
-57.37759
-57.97919
-57.65022
-57.50988
-57.06777
-57.39952
-58.62980
-58.19337
-59.47521
-56.92012
-56.77144
-59.30292
-59.38702
-60.09559
-59.25336
-59.79157
-60.23155
-60.30661
-60.61462
-59.28465
-59.60894
-59.25685
-59.49644
-59.56977
-60.13673
-59.96346
-57.21111
-57.77845
-58.27798
-58.61246
-59.96873
-60.25963
-61.20793
-61.36500
-60.95346
-60.42986
-60.70107
-60.58508
-60.02273
-60.05699
-60.82751
-61.89048
-57.81433
-56.33325
-58.82065
-59.84164
-60.29913
-60.69861
-60.79717
-60.31041
-59.95646
-58.68374
-58.08949
-59.05380
-58.92478
-59.89709
-59.94799
-60.53557
-57.79286
-55.53610
-59.16390
-59.98716
-59.29670
-59.10306
-59.57779
-59.97254
-58.56824
-59.68781
-58.59488
-59.06004
-58.89055
-59.88716
-59.97293
-60.49697
-59.66361
-54.87267
-57.73403
-62.05066
-61.90118
-63.44566
-62.85048
-62.63622
-61.53972
-59.63944
-57.87652
-57.81402
-57.73543
-57.56159
-58.12707
-57.18087
-57.92881
-56.29928
-55.75613
-59.93805
-60.04477
-58.68003
-58.77485
-58.64366
-58.13116
-57.26998
-55.79149
-56.13782
-57.75925
-57.57542
-57.50047
-57.22636
-59.16657
-56.24211
-53.87617
-59.00653
-60.90822
-60.39759
-60.67091
-58.88502
-58.54013
-59.42050
-59.63442
-58.39938
-58.45794
-57.26080
-57.73116
-58.56277
-59.17570
-59.59022
-56.21837
-55.57146
-57.73717
-58.75988
-61.09397
-61.61188
-59.69987
-58.64575
-58.24058
-58.05074
-58.22445
-57.81279
-56.89022
-55.62749
-54.21333
-55.52535
-53.99370
-53.78743
-57.07416
-57.04763
-57.39069
-57.49779
-57.18623
-56.78161
-56.40503
-55.93544
-55.93596
-56.60661
-55.50919
-55.75557
-55.48373
-56.01843
-56.00887
-54.11671
-57.74043
-61.06160
-60.03330
-60.51677
-59.95497
-59.89889
-59.45943
-59.37607
-58.61030
-58.66447
-58.96634
-59.37967
-59.04106
-58.57760
-58.70409
-54.84740
-55.22169
-59.29413
-60.61306
-61.64877
-59.84692
-59.96262
-59.79705
-60.88489
-62.37346
-61.67543
-60.97515
-58.53286
-59.07684
-58.81238
-61.13778
-59.18988
-54.07128
-55.22888
-55.27661
-54.61654
-55.28228
-55.14032
-56.01574
-56.14230
-55.90625
-55.01291
-54.97710
-54.53257
-54.86082
-55.49274
-55.76426
-56.20922
-53.20058
-54.08771
-55.62703
-54.59493
-54.39559
-53.62915
-53.83102
-54.28987
-53.61333
-52.20294
-52.69671
-53.12425
-53.84196
-54.69547
-54.26578
-54.61461
-53.57791
-54.45737
-56.95269
-56.63628
-56.00943
-55.12583
-54.61573
-54.91548
-54.43188
-54.21047
-55.42349
-55.48947
-55.32539
-56.15182
-54.92470
-54.86933
-53.65141
-52.84577
-55.07344
-55.51626
-55.08718
-53.69444
-54.11542
-54.63750
-54.63071
-55.07773
-53.88789
-54.06487
-53.63152
-53.22132
-53.54318
-53.90483
-54.17036
-52.63822
-53.78160
-55.56222
-54.37009
-54.50476
-54.02602
-54.60027
-54.61119
-55.24795
-55.78478
-55.55220
-55.07655
-54.81906
-56.61593
-56.16275
-56.56344
-54.00655
-53.53618
-57.63662
-58.02845
-58.07414
-58.84870
-57.36132
-55.93532
-55.36723
-55.44551
-55.08479
-56.09058
-56.72469
-56.67050
-57.02151
-56.97476
-57.30573
-54.88996
-55.78069
-57.25853
-56.47885
-56.51785
-55.93191
-55.88588
-55.94146
-55.91012
-55.77230
-55.98439
-55.65340
-54.76438
-54.29028
-54.68151
-54.71895
-53.46634
-53.89236
-55.86169
-55.71092
-55.70770
-55.27678
-55.21618
-55.37230
-55.35810
-54.84537
-54.81501
-57.78452
-58.61626
-58.76721
-58.67603
-59.19457
-58.00837
-54.45627
-55.37116
-55.89357
-54.82299
-55.28580
-55.47950
-56.58203
-56.48210
-55.63145
-55.11232
-55.15250
-54.77183
-55.72632
-56.24999
-55.88166
-55.24295
-52.09030
-54.07848
-56.22695
-54.62628
-54.88484
-54.54108
-54.52765
-54.52171
-54.47537
-53.01750
-52.96587
-53.17920
-53.16228
-53.95423
-53.98386
-54.28897
-53.71745
-53.36650
-54.55306
-54.69757
-55.07575
-57.08963
-57.10397
-56.89144
-56.64855
-55.07798
-54.23589
-54.38168
-53.34115
-53.40514
-52.79937
-54.44450
-54.06119
-51.87257
-53.93074
-53.53057
-52.54409
-52.26504
-53.28351
-53.28214
-53.71533
-53.96546
-53.39538
-53.11869
-52.49558
-53.20292
-53.43758
-53.50669
-54.56486
-54.08378
-54.75026
-57.30378
-55.65669
-55.31159
-54.82927
-54.30058
-53.34364
-52.98759
-53.69456
-54.93413
-55.43635
-55.84472
-58.07339
-57.40398
-58.08248
-55.40504
-54.55186
-57.66957
-59.57018
-59.81928
-59.11068
-59.65842
-58.44253
-57.16406
-55.16807
-54.70895
-54.86089
-54.17615
-55.07224
-55.10783
-54.89943
-55.04468
-53.71585
-54.59324
-55.94049
-55.87386
-54.86329
-53.38624
-53.85532
-53.47366
-53.77567
-53.64722
-53.83952
-53.83667
-53.92304
-54.23462
-53.59655
-54.14856
-53.14447
-53.46053
-54.84839
-57.36443
-59.11897
-58.76998
-58.23537
-58.75138
-57.27202
-56.57611
-59.42612
-59.73273
-60.46505
-59.77433
-59.75332
-60.32142
-61.00648
-58.78268
-58.66104
-58.70794
-58.03979
-58.45365
-57.39199
-57.53214
-56.55444
-54.41196
-52.82186
-52.43311
-51.92440
-52.80411
-53.23346
-52.88150
-52.66414
-52.85583
-53.70995
-52.54883
-51.80854
-53.00430
-54.75723
-55.97438
-58.20022
-56.91805
-54.13206
-54.12146
-54.33584
-54.52016
-55.02884
-54.89170
-54.42870
-54.29261
-54.57203
-54.47899
-54.65194
-54.42233
-53.02437
-52.60245
-53.40562
-52.93102
-53.12192
-54.99207
-55.40988
-55.88313
-56.08010
-55.23209
-55.19421
-55.60080
-54.90492
-54.20976
-54.77356
-53.72543
-53.79590
-55.95571
-56.55437
-57.69391
-57.54902
-55.88036
-56.36875
-57.21364
-56.18441
-55.97868
-55.85185
-56.25578
-56.49981
-57.34114
-58.15062
-57.43028
-56.93920
-55.73073
-55.82181
-56.78897
-57.16485
-57.58753
-58.31768
-58.05242
-58.45043
-57.30213
-58.03493
-59.25108
-58.83500
-58.52781
-58.66072
-58.10261
-55.71922
-55.36246
-55.83949
-57.11557
-58.54276
-59.66700
-59.71868
-59.51016
-59.57746
-59.95816
-59.66033
-59.95897
-60.46514
-60.80684
-61.03984
-58.69914
-56.70440
-56.49157
-56.55244
-56.45716
-57.35527
-57.84895
-57.64212
-58.39043
-59.70812
-60.40387
-60.08100
-59.81016
-60.67999
-59.74975
-60.03829
-60.64024
-59.77040
-59.87750
-60.19598
-61.20704
-63.26146
-64.28799
-64.09596
-62.33230
-62.28271
-62.19729
-62.45030
-62.80467
-62.60913
-62.98872
-58.28110
-56.97050
-57.19783
-56.81916
-56.49136
-55.98160
-55.52004
-55.16618
-54.23585
-53.40407
-53.04426
-52.56088
-53.27668
-53.66171
-53.91806
-53.58963
-53.89959
-54.46335
-52.96931
-52.46522
-53.29601
-54.00727
-54.77930
-56.73712
-56.71830
-54.41401
-54.29482
-54.76526
-54.42991
-54.62725
-54.67115
-54.00458
-54.54864
-54.08729
-53.76824
-53.89145
-53.88627
-53.07978
-52.41198
-52.69503
-52.77413
-52.72209
-52.64025
-53.32358
-53.66179
-54.38919
-53.96508
-54.10165
-54.14328
-53.16553
-52.07690
-52.78226
-52.06400
-53.12307
-53.54950
-53.41108
-53.54509
-54.30964
-53.82293
-53.48465
-53.63662
-53.56953
-55.60111
-55.18970
-56.40694
-55.58231
-57.49048
-55.52586
-56.97481
-54.90903
-54.51985
-53.49665
-53.94650
-53.46008
-53.34384
-52.71025
-53.26268
-52.77237
-52.13284
-53.94510
-52.43623
-54.14900
-51.36537
-53.69694
-52.64998
-54.03556
-53.54273
-54.29986
-55.16919
-55.92114
-55.15195
-53.92884
-54.37839
-54.16433
-54.17917
-53.54280
-54.70506
-54.20232
-54.62988
-53.97017
-56.41826
-55.45037
-56.40482
-55.33363
-56.46326
-56.11784
-56.95770
-56.57061
-57.26381
-57.92390
-58.09325
-58.39605
-58.46638
-58.77806
-58.68812
-60.82197
-59.56424
-62.62570
-62.36496
-63.67986
-62.27543
-63.32766
-63.10260
-64.67101
-63.34679
-63.40145
-63.34262
-63.88849
-64.00691
-63.84316
-64.53022
-59.26371
-57.35012
-57.45074
-57.40557
-57.36030
-57.76821
-57.66001
-57.88451
-57.15497
-56.02498
-55.74133
-55.64734
-55.86664
-57.06307
-56.98063
-57.10023
-57.43582
-57.09010
-57.18844
-57.13221
-57.20744
-59.29757
-59.51883
-59.97967
-58.87529
-54.56114
-53.79188
-53.41812
-53.42103
-55.36290
-55.95762
-55.59761
-55.52315
-55.78145
-55.23485
-55.35371
-55.42431
-54.24247
-53.81534
-54.09112
-53.73054
-53.68133
-55.69145
-56.39941
-56.26217
-56.53018
-56.25271
-55.86968
-56.15833
-55.86223
-55.61909
-55.54845
-55.93645
-55.40714
-55.18078
-55.97703
-55.47900
-55.72364
-55.11490
-55.17360
-55.37470
-55.39507
-55.40205
-55.24772
-55.90374
-55.12212
-55.06328
-56.75666
-56.63308
-56.67454
-56.73598
-56.73698
-57.01984
-57.21183
-57.53861
-57.12230
-57.07244
-56.83549
-57.72435
-58.81156
-59.00187
-59.01788
-59.04460
-59.22018
-59.23077
-59.02896
-59.02742
-58.93445
-59.09449
-59.15535
-58.51095
-57.31635
-58.27786
-61.30242
-61.24676
-61.63280
-61.75672
-62.32337
-60.43716
-57.16603
-57.22416
-56.41396
-56.66274
-57.09742
-57.06410
-57.64180
-56.91054
-57.15414
-56.86130
-57.19934
-56.67100
-55.58829
-55.31279
-55.26465
-55.17583
-54.97629
-55.66320
-55.49993
-55.68836
-55.78543
-55.70789
-56.13599
-55.89396
-56.69134
-56.43178
-58.46864
-62.15660
-62.15161
-62.23630
-61.64853
-62.15686
-58.33911
-56.49819
-56.98215
-56.59434
-56.87805
-56.93036
-57.32243
-57.63271
-57.23469
-56.29747
-55.96493
-56.11466
-55.66855
-56.71436
-56.64366
-57.10222
-56.21508
-53.92399
-54.47965
-54.51307
-54.38986
-54.87884
-54.96350
-55.23876
-54.76824
-53.14306
-52.84117
-53.31631
-53.68924
-54.28656
-54.31723
-54.22222
-54.50014
-55.05412
-54.90569
-54.74221
-54.70786
-53.96712
-54.52805
-54.94530
-54.24631
-54.71221
-54.82869
-54.90444
-54.96895
-55.39732
-55.52411
-55.68270
-55.73993
-54.87738
-55.34234
-56.10611
-55.96419
-56.38043
-56.57608
-56.59979
-56.71708
-56.72001
-57.13816
-56.93850
-57.66107
-56.44002
-57.18579
-59.04157
-58.40789
-58.45565
-57.74909
-57.73337
-57.68780
-58.25628
-58.62803
-59.00472
-58.82928
-58.88697
-60.68092
-62.68161
-62.78435
-62.82449
-62.55936
-62.15273
-62.59298
-62.71026
-62.75934
-62.32127
-62.98200
-62.87060
-62.38065
-61.51201
-63.75118
-69.61905
-69.41309
-69.37303
-70.40286
-70.68744
-71.30409
-71.57004
-71.39329
-71.00341
-70.83025
-71.56271
-72.31857
-74.43312
-74.48769
-73.92330
-74.11761
-74.59534
-75.37755
-74.74008
-75.30740
-75.45023
-74.86348
-73.39776
-73.35942
-76.12796
-79.32911
-77.61251
-77.83693
-78.26923
-77.77804
-78.46626
-78.64147
-78.51188
-77.53147
-79.15256
-79.81512
-80.63654
-83.45364
-83.39101
-82.79804
-82.21907
-82.57926
-82.23724
-82.08410
-82.61905
-82.58055
-82.52319
-81.72359
-82.13461
-84.15662
-85.17163
-84.83292
-85.17965
-85.17101
-86.06328
-87.26887
-87.82885
-88.51289
-88.24175
-89.26192
-90.63095
-89.79993
-88.85582
-88.93814
-89.68061
-90.41712
-90.84852
-90.07029
-90.46008
-91.92983
-91.31230
-88.99323
-88.51452
-90.80135
-93.66291
-93.72647
-93.26588
-93.33250
-93.72987
-95.08730
-95.52468
-96.17627
-96.08702
-96.07313
-96.24785
-96.50176
-96.57331
-97.03859
-97.16100
-97.61963
-98.32165
-98.31444
-98.10490
-98.84366
-99.92481
-99.11894
-97.79933
-98.50259
-102.72718
-108.65193
-115.00645
-124.33151
-134.24767
