-65.48239
-55.13647
-59.29478
-62.77710
-67.39526
-71.05034
-75.86161
-79.44417
-83.26418
-88.88667
-89.38530
-126.40935
-90.65390
-89.00453
-84.99243
-79.54010
-63.78682
-60.36831
-69.95755
-74.88474
-85.69083
-97.14640
-86.21611
-80.74491
-60.58467
-58.47770
-68.69110
-71.91601
-85.95375
-86.12216
-91.16832
-85.82975
-58.26448
-55.73680
-61.64746
-63.63621
-70.78578
-71.24518
-80.81269
-77.50495
-60.87977
-62.00417
-74.10213
-74.62681
-94.55214
-81.85154
-84.73644
-78.01962
-58.26815
-60.58226
-71.42344
-72.84305
-101.54250
-79.81028
-82.31873
-74.04061
-58.00385
-61.47583
-71.79831
-73.58559
-102.04988
-79.72746
-80.19575
-69.34968
-55.40303
-58.02004
-62.66853
-66.09464
-71.40036
-73.94489
-81.09749
-80.25386
-94.13639
-85.13536
-95.72066
-86.39659
-85.82121
-82.92940
-78.46170
-66.22059
-59.87600
-67.85465
-75.09998
-80.61398
-97.00349
-81.27592
-77.20562
-62.59305
-57.83266
-66.48617
-71.97448
-79.78960
-98.87366
-82.14870
-78.12636
-60.23400
-55.38524
-60.79184
-63.31604
-69.11121
-71.41997
-78.49869
-78.91914
-87.46706
-85.84208
-102.98831
-91.74034
-103.11004
-102.47982
-109.45226
-113.44610
-64.15047
-65.70908
-79.97962
-80.01616
-93.56868
-87.63050
-90.00288
-83.93851
-58.41835
-60.30833
-70.72820
-73.03193
-100.13050
-81.49346
-86.14745
-76.30662
-56.10082
-56.98544
-62.36614
-64.97594
-71.46517
-72.41849
-82.28013
-78.63634
-99.86032
-83.30324
-92.16311
-85.12024
-85.56883
-83.44663
-79.85767
-69.83128
-59.82721
-65.93035
-75.02287
-78.51960
-93.83124
-80.59847
-77.51556
-65.45339
-57.51191
-64.74360
-71.76648
-77.63172
-112.91844
-80.29629
-77.10347
-62.66929
-55.15733
-59.77300
-63.20980
-67.78967
-72.30264
-73.99812
-104.79506
-63.41512
-60.36701
-69.93260
-74.98966
-84.93289
-99.34548
-85.51960
-80.31475
-60.54923
-58.52894
-68.42004
-72.05514
-85.01852
-87.33414
-89.61978
-85.19056
-59.78876
-58.97109
-69.02334
-72.36802
-87.10866
-85.61044
-97.17989
-111.95871
-57.19797
-56.17479
-61.95068
-64.22139
-70.61306
-71.99631
-80.94434
-78.57472
-94.14713
-83.86135
-96.29936
-86.41648
-87.99921
-86.15051
-83.26922
-74.84639
-59.95844
-64.17904
-74.98385
-76.32595
-90.37460
-79.94893
-78.68757
-69.19017
-57.57911
-62.73308
-72.31475
-74.64050
-95.30289
-78.72401
-77.45577
-65.98640
-55.29321
-58.63849
-62.92525
-66.79941
-71.64382
-74.38147
-80.96351
-81.54929
-92.58224
-87.86033
-112.14265
-94.77059
-100.08678
-101.96156
-104.76892
-108.49492
-114.62116
-132.79460
-118.62218
-113.21508
-110.89863
-110.47519
-111.63887
-116.41906
-127.26382
-108.90408
-101.54073
-95.97983
-91.00143
-85.84683
-79.75270
-58.23030
-55.18792
-60.41068
-61.66562
-64.64437
-63.69234
-65.35160
-64.33355
-65.54326
-64.46092
-64.67487
-64.27285
-64.28430
-62.44004
-63.09297
-61.83691
-56.47701
-58.80746
-62.93014
-62.03576
-62.81439
-61.81596
-63.19523
-60.90376
-56.34857
-58.49880
-60.05725
-59.38192
-59.67134
-59.43485
-60.64269
-59.22870
-54.88874
-56.84121
-60.26334
-59.99728
-61.13888
-59.63354
-60.25040
-58.51629
-58.71094
-62.25420
-61.98363
-61.00116
-61.15082
-59.88645
-61.47228
-57.95606
-56.20090
-60.80669
-62.27793
-62.62431
-63.13864
-62.13965
-63.63241
-58.71216
-56.57712
-60.38004
-61.77793
-61.99640
-62.57471
-61.74612
-63.58948
-57.03803
-54.84633
-59.01263
-61.02803
-64.03652
-64.02317
-65.48098
-65.59566
-65.80277
-65.10818
-65.80140
-66.23746
-67.21384
-68.09168
-68.69827
-70.41520
-60.70289
-61.65451
-68.55529
-67.62065
-69.25796
-67.45466
-67.61348
-66.23146
-57.80934
-59.31256
-65.34579
-64.69510
-66.95946
-65.27387
-66.93772
-65.20643
-55.62061
-56.70491
-61.57749
-63.78882
-67.17607
-66.82692
-67.80393
-66.44790
-67.97953
-66.77105
-67.74397
-67.38873
-68.85617
-67.06701
-70.07623
-65.25440
-61.88082
-67.04429
-70.75498
-69.62572
-72.69794
-69.16746
-75.51665
-63.12886
-57.22428
-63.58714
-68.80239
-69.83911
-72.99649
-69.48179
-79.44027
-61.39152
-54.77110
-58.55658
-61.38448
-63.72219
-64.31098
-64.53063
-64.90874
-64.03103
-63.05819
-63.24491
-63.86956
-62.85136
-63.09282
-62.50278
-64.62043
-57.77355
-56.34381
-60.03501
-60.36144
-61.65428
-61.47091
-61.54297
-61.64515
-56.18529
-56.54003
-60.39423
-60.16015
-61.46141
-60.95817
-60.63911
-59.96021
-54.60225
-54.97680
-58.13318
-58.38856
-60.27557
-59.04571
-59.89528
-59.59385
-54.97432
-55.90762
-59.61265
-58.95896
-60.24799
-59.52718
-60.54635
-58.22684
-55.23118
-58.08609
-61.04900
-60.96507
-62.77576
-62.05812
-65.04160
-61.86439
-56.72928
-60.82309
-65.03598
-64.47813
-64.95135
-62.37450
-64.10872
-59.33642
-54.52091
-57.54284
-60.21604
-61.87320
-62.69778
-63.68431
-64.16744
-64.36639
-64.88033
-64.54027
-65.39273
-64.67975
-65.72843
-65.34495
-69.68548
-62.43830
-61.43250
-68.78911
-68.83786
-68.54878
-70.25687
-68.64510
-72.79089
-59.98219
-57.96302
-66.02683
-69.46032
-71.23915
-70.49285
-68.99805
-74.62407
-58.28793
-55.26029
-60.50114
-62.96434
-67.73805
-67.92885
-71.62882
-71.36122
-75.15830
-74.66203
-76.18162
-74.85046
-76.82445
-74.82275
-76.93367
-75.20722
-63.23483
-66.33371
-78.13267
-74.57157
-80.15626
-75.49363
-83.51633
-74.03699
-58.06732
-60.67846
-70.56670
-72.90983
-87.84147
-76.94373
-109.18105
-71.20264
-55.43143
-56.37049
-60.09690
-60.47449
-62.32369
-61.78895
-63.34966
-63.94287
-65.66995
-63.46356
-63.61651
-61.99421
-62.88021
-62.46873
-64.35010
-60.01568
-57.12861
-62.53657
-63.15479
-61.74249
-61.72066
-60.50316
-61.98319
-57.19008
-55.13068
-58.86020
-60.57177
-60.56352
-59.08226
-58.52791
-60.39218
-56.20937
-54.06609
-57.83172
-58.72909
-59.40202
-59.50693
-58.82890
-59.60970
-55.62106
-55.25142
-59.05657
-59.78889
-60.92894
-60.00259
-60.08694
-60.47622
-56.19345
-56.82660
-60.36668
-61.16566
-63.28384
-62.42884
-62.37701
-62.17144
-56.91233
-57.75790
-60.91247
-60.88723
-61.52032
-61.31065
-62.10931
-61.86733
-55.38665
-55.73584
-59.94441
-60.96140
-63.57388
-64.63769
-65.74066
-64.90514
-65.06060
-64.51428
-66.08704
-65.34158
-67.31399
-67.04820
-69.31748
-64.66669
-60.11448
-62.94748
-63.85765
-63.85906
-66.78231
-64.68290
-69.81559
-63.22006
-57.23763
-62.84988
-68.46342
-67.83966
-70.52095
-67.66981
-73.44095
-61.85599
-55.02983
-58.88335
-62.07612
-64.67912
-66.38866
-68.35313
-69.78735
-70.54204
-72.66253
-72.99065
-74.18573
-72.97739
-74.90959
-71.09565
-73.52536
-63.32960
-62.90260
-69.21837
-69.22511
-73.27236
-74.63814
-71.68948
-77.75445
-59.72838
-58.47062
-67.85854
-70.15659
-75.18595
-73.36988
-72.64794
-77.81508
-57.42959
-55.25874
-60.34857
-61.19150
-63.98730
-63.52325
-65.07049
-64.42212
-63.97572
-62.59045
-63.14933
-62.94931
-62.56491
-61.52673
-62.69646
-62.09895
-56.06913
-58.84822
-62.81214
-60.52013
-61.97199
-62.64601
-63.11876
-59.91210
-55.81419
-57.32087
-59.80184
-58.89001
-59.61866
-59.81698
-60.85990
-59.05589
-54.80251
-56.62572
-59.23851
-60.11132
-61.98029
-59.72813
-61.06666
-57.51961
-54.51748
-57.50842
-58.80410
-59.13421
-60.56760
-60.02875
-60.84466
-58.09829
-56.37640
-60.15442
-62.41683
-62.37768
-63.40424
-61.88465
-63.49821
-58.32006
-57.32244
-62.84719
-64.39920
-64.11292
-64.30925
-63.98077
-67.70742
-58.12443
-55.14238
-59.88366
-62.16273
-65.64926
-66.04125
-67.05748
-66.59146
-67.33070
-66.98895
-67.72907
-67.12815
-67.78198
-67.55695
-68.20888
-68.63119
-58.80176
-58.81035
-63.75152
-64.44732
-69.36209
-67.67571
-69.86138
-67.24723
-57.52064
-60.10096
-68.11436
-68.53829
-71.61755
-68.91241
-71.51456
-67.20385
-55.78149
-57.05577
-61.84362
-64.16093
-67.98904
-68.48103
-70.97485
-70.08189
-72.85054
-71.83601
-75.03623
-71.93367
-74.83225
-70.99805
-78.48467
-67.41438
-62.37287
-68.95914
-72.52623
-70.56197
-75.55841
-70.92461
-84.06237
-63.57830
-57.55696
-64.45384
-71.21312
-75.36202
-84.03239
-75.04607
-87.59398
-62.07983
-54.78687
-58.61147
-59.54027
-61.28380
-62.03535
-62.48770
-62.91685
-64.12014
-64.45453
-64.51927
-64.87546
-62.65249
-62.30521
-61.50247
-62.51154
-57.26065
-57.15751
-61.14383
-62.76281
-63.90722
-63.85725
-63.02764
-62.70608
-56.77806
-57.23046
-61.68051
-59.56166
-60.03687
-60.13970
-59.85823
-59.85909
-55.21527
-55.05849
-58.52433
-59.51802
-60.31777
-59.61432
-60.77417
-60.06881
-59.56051
-60.40447
-61.44849
-60.80180
-61.34198
-60.70829
-61.34180
-60.28436
-56.30584
-58.51276
-61.73137
-60.84989
-61.77755
-60.52698
-62.95917
-59.40785
-55.98614
-59.57253
-62.22074
-63.30971
-64.47256
-63.46909
-66.41705
-60.55848
-54.84694
-58.17465
-61.35569
-63.81401
-65.21979
-66.58233
-67.59838
-66.45865
-67.42218
-67.59115
-68.38909
-67.18739
-68.93487
-66.83508
-70.44777
-60.85991
-59.41488
-69.12907
-68.32592
-67.40363
-68.62256
-67.27844
-69.27573
-58.64297
-57.79198
-65.40986
-67.19285
-68.80988
-68.20067
-67.11461
-70.54050
-57.51308
-55.48087
-60.71305
-62.74955
-67.75730
-68.41942
-70.32530
-69.78275
-71.80735
-70.22446
-71.82180
-71.73718
-73.69279
-71.62158
-73.04864
-70.91502
-63.03764
-66.38041
-73.54923
-71.33325
-73.83911
-69.13344
-74.50436
-67.97441
-57.50294
-61.02912
-70.73442
-72.77787
-83.08656
-74.45796
-103.03604
-69.03347
-55.17098
-56.89555
-60.94081
-62.13001
-64.18965
-63.57275
-64.98332
-64.02271
-64.07814
-63.67896
-64.40770
-64.04397
-62.73362
-62.04760
-62.81659
-61.69949
-61.30518
-63.25523
-64.34414
-62.86311
-60.90990
-59.49061
-61.43212
-57.36910
-56.05241
-59.81829
-61.50508
-62.31079
-62.43710
-61.78284
-62.63101
-56.92699
-54.63990
-58.53907
-59.45822
-61.36454
-61.09777
-61.55619
-60.97040
-57.48255
-58.61103
-61.48195
-60.19429
-61.08536
-61.15569
-61.77086
-61.81648
-56.66707
-57.64392
-61.98685
-61.76181
-62.44422
-62.12169
-62.68038
-62.33692
-56.75457
-57.87819
-61.94396
-61.46451
-62.00887
-61.38457
-62.06686
-60.58098
-55.03079
-56.23987
-59.29549
-60.85259
-62.17679
-61.42554
-62.65186
-61.98406
-62.60898
-62.62832
-65.00421
-65.41020
-68.50033
-67.30795
-70.87519
-63.97426
-58.79951
-63.78852
-67.18203
-68.12161
-73.64183
-69.04447
-73.01999
-61.64904
-56.91410
-62.31397
-65.24279
-65.85056
-69.22179
-68.02108
-74.69890
-61.02355
-54.91607
-59.20364
-62.71355
-66.56994
-68.79677
-70.25604
-70.47566
-70.23300
-70.30128
-70.51588
-71.75652
-71.77805
-74.25609
-72.42488
-76.20317
-63.69342
-63.28452
-70.96237
-70.94677
-74.37200
-75.36421
-72.13806
-75.99887
-59.29107
-58.71994
-68.36779
-71.02490
-78.47797
-75.70611
-78.88133
-82.35941
-59.17204
-59.27649
-69.51757
-71.42993
-84.16085
-76.24885
-85.57559
-77.99015
-87.08765
-79.09263
-86.53319
-79.62202
-87.94664
-80.25552
-93.39067
-73.82661
-57.66472
-61.46071
-69.81816
-74.50393
-85.17060
-81.55538
-91.74021
-81.95771
-93.74302
-81.97907
-94.89472
-80.67573
-100.31593
-78.50243
-85.96689
-67.59442
-57.27010
-63.84982
-71.00750
-78.71731
-84.18348
-85.28009
-89.71733
-85.25883
-93.47918
-83.66127
-103.45025
-81.92580
-94.19534
-78.29682
-79.39597
-63.09623
-57.73257
-66.01185
-71.53228
-79.19771
-88.82543
-82.07666
-87.21644
-65.96521
-63.96619
-73.78468
-81.12622
-83.25797
-107.86224
-80.79977
-80.72013
-60.87131
-51.21698
-50.79810
-50.83615
-51.32730
-51.48146
-51.19782
-51.39041
-51.45265
-51.71951
-51.48024
-51.93831
-52.35100
-51.91630
-51.77753
-52.28095
-52.09537
-52.09784
-52.32252
-52.38206
-52.38106
-52.86894
-52.60988
-52.78365
-52.60956
-51.26159
-51.75792
-51.73692
-51.34538
-51.32799
-51.77799
-51.89515
-52.32413
-52.32418
-52.77633
-52.34307
-51.01424
-52.88666
-52.58594
-53.10715
-54.19562
-53.60684
-53.94007
-53.91429
-53.90853
-54.03462
-54.11733
-54.19178
-54.02372
-54.22587
-54.52927
-54.33570
-54.33291
-54.52889
-54.66164
-54.85814
-55.23398
-55.18352
-55.06905
-55.13310
-54.92058
-55.04056
-55.17196
-54.89565
-56.82111
-55.86711
-55.78985
-56.17088
-55.80630
-56.13219
-55.93722
-56.40657
-56.10993
-56.49329
-56.51202
-56.17858
-56.30912
-56.31066
-56.63922
-56.72112
-56.61908
-56.93542
-56.55547
-57.01256
-56.89885
-57.04532
-57.08568
-57.28814
-57.29963
-57.30837
-57.28410
-57.39666
-57.51683
-57.51152
-57.61400
-57.75679
-57.56351
-58.07626
-57.45400
-56.26407
-58.41683
-58.03986
-58.29115
-58.35592
-58.70335
-58.68335
-58.37766
-58.70033
-58.69415
-59.00358
-58.67734
-62.60328
-70.24847
-72.12551
-71.76958
-74.80343
-73.63201
-76.57448
-75.15316
-79.07952
-74.97559
-77.33053
-71.52366
-68.91374
-69.49645
-80.87474
-66.57638
-54.99549
-56.41817
-57.20507
-56.97482
-57.77909
-57.33404
-57.71812
-57.23839
-57.85496
-57.52215
-58.17300
-56.18258
-53.58553
-53.29759
-53.37204
-53.41743
-52.94581
-53.07140
-53.87395
-53.08795
-53.39115
-53.91967
-53.71136
-53.87086
-54.35276
-54.34740
-54.25343
-54.05515
-53.73621
-54.17526
-54.69583
-54.98788
-55.05101
-54.92952
-54.96985
-54.48673
-54.67350
-55.76121
-55.11999
-57.83071
-59.86213
-59.37871
-59.71060
-59.23545
-59.64865
-58.96372
-59.89799
-58.89252
-59.29792
-59.62687
-59.34574
-60.86256
-60.85028
-61.20705
-61.07088
-61.69471
-61.83917
-62.31462
-62.08449
-62.59402
-62.42826
-62.55999
-59.91527
-57.89628
-60.84647
-60.79751
-60.63864
-60.86413
-61.09866
-61.29335
-61.57681
-61.79049
-61.59445
-62.00829
-61.70686
-62.03432
-62.69873
-63.20415
-63.00055
-62.79233
-63.69501
-64.83269
-65.45018
-65.97825
-66.01846
-66.09375
-66.25953
-66.29862
-66.37401
-66.74754
-66.52239
-66.02175
-65.66073
-66.54125
-66.28158
-66.32762
-65.16563
-67.57132
-60.45832
-60.59256
-68.53567
-66.47923
-68.61753
-67.04717
-67.95167
-65.94640
-66.73526
-66.20296
-66.34046
-70.43855
-64.17265
-63.62726
-66.65999
-66.91189
-70.22402
-68.83560
-71.79930
-69.77153
-72.35006
-70.50231
-72.72650
-70.57189
-66.89545
-68.07170
-72.92928
-70.83907
-51.81923
-50.01679
-51.22242
-50.78358
-50.98921
-50.97486
-51.31468
-51.34635
-51.23859
-51.10048
-51.26155
-51.32675
-52.73018
-52.64635
-52.73009
-52.89096
-52.97362
-52.88179
-52.82600
-52.55697
-52.63868
-52.62925
-52.59512
-52.50365
-51.04997
-50.49046
-50.70619
-50.97721
-51.26103
-51.11161
-51.07718
-51.34081
-51.35162
-51.38024
-51.16171
-51.18304
-51.60806
-51.60225
-51.50426
-52.91539
-53.03773
-52.92093
-53.31852
-53.38053
-53.38318
-53.10177
-53.12398
-53.05445
-53.61548
-53.64096
-53.66665
-53.92147
-53.50787
-53.92137
-53.91528
-53.79815
-53.91363
-54.05032
-54.35328
-54.41417
-54.68930
-54.38822
-54.98905
-52.50705
-52.89282
-55.35887
-54.93084
-55.32966
-55.17107
-55.21349
-55.33193
-55.40189
-55.25293
-55.43464
-55.46770
-55.65323
-55.71541
-56.06368
-55.96712
-55.57411
-55.95978
-56.64656
-56.47734
-56.29353
-56.39595
-56.43222
-56.72354
-57.06872
-56.98514
-57.28698
-57.10072
-57.38703
-57.40800
-57.92408
-57.56518
-58.00888
-57.79960
-58.16159
-57.03582
-54.21737
-57.65858
-58.36501
-58.22194
-58.47410
-58.48405
-58.74484
-58.65179
-58.84543
-58.71671
-58.63385
-59.80258
-67.19762
-70.08182
-70.49128
-71.29063
-71.51060
-72.57564
-74.14726
-74.82920
-75.56784
-75.36339
-76.48423
-77.26795
-77.38670
-73.42555
-76.47522
-60.46156
-56.16891
-58.25520
-57.58664
-58.37919
-58.00310
-58.17270
-58.35606
-58.07648
-58.18131
-58.19163
-58.71289
-55.44799
-53.80163
-54.23043
-53.91873
-53.61747
-54.20975
-53.95137
-53.97192
-54.42522
-54.56854
-54.35466
-54.74505
-55.86468
-55.61563
-55.50188
-55.48724
-55.36965
-55.32952
-55.77290
-56.13818
-56.48213
-55.82507
-56.29058
-55.71569
-55.78117
-57.14457
-56.08486
-56.68640
-58.41799
-59.77274
-59.79141
-60.59960
-59.93298
-58.97133
-59.30535
-58.55554
-58.27600
-59.14666
-59.44836
-60.08548
-59.55147
-59.78567
-60.54868
-60.73427
-61.01627
-60.09277
-60.30141
-59.99540
-60.06664
-59.55015
-60.48509
-57.79625
-58.04121
-61.22294
-60.37870
-61.31219
-60.80836
-61.53647
-61.52246
-61.98223
-61.89187
-61.76296
-61.28739
-61.67388
-62.10503
-62.98155
-64.38544
-62.78805
-63.13354
-64.66423
-64.95948
-59.35237
-61.43259
-67.10824
-65.13830
-66.22058
-65.63515
-66.43734
-66.60818
-67.28199
-66.82632
-67.02749
-66.52539
-63.58579
-61.00564
-61.38624
-60.26772
-58.38676
-60.73498
-61.15073
-61.32315
-60.95612
-60.93598
-61.61242
-61.17847
-61.49083
-61.23450
-61.64436
-61.62118
-61.32427
-61.72991
-61.80351
-61.63027
-62.05584
-61.72108
-61.89550
-61.69989
-62.34297
-61.94936
-62.74430
-61.28134
-62.13425
-61.52968
-63.50522
-58.32049
-51.32491
-50.81620
-50.67412
-50.84772
-51.14617
-51.24550
-51.10237
-51.37901
-51.40782
-51.55417
-51.61789
-52.07816
-51.88043
-51.24564
-51.89467
-51.46082
-51.83350
-51.89868
-51.96230
-51.88491
-52.33444
-52.53248
-52.44524
-52.38033
-51.71361
-51.95018
-51.67228
-51.98920
-52.42877
-52.52825
-52.72018
-52.76889
-53.03832
-52.94064
-53.31066
-53.17074
-53.19232
-53.64853
-54.16521
-52.73511
-51.97463
-51.94791
-51.83749
-52.32776
-52.65686
-52.35181
-52.16966
-54.07158
-54.57029
-54.87792
-54.63424
-54.25352
-54.82068
-54.75597
-54.77784
-54.54244
-54.53211
-54.69273
-54.94195
-54.72094
-54.49938
-55.10864
-54.06742
-54.83999
-55.52180
-54.52759
-54.97454
-55.03905
-55.01802
-55.02829
-55.29016
-55.49614
-55.56813
-55.18578
-55.12697
-55.36951
-55.61693
-55.69778
-55.59834
-55.10053
-55.79537
-55.93189
-56.05360
-55.95384
-55.85118
-56.34278
-56.03514
-56.08145
-56.56081
-56.64810
-56.51696
-56.79184
-56.84194
-57.10221
-57.00757
-56.86116
-57.20255
-57.03474
-56.11233
-57.83921
-57.52461
-57.48227
-57.70216
-57.45990
-57.65798
-57.55111
-57.97321
-57.78804
-58.48034
-57.78267
-60.74289
-67.39890
-69.47919
-69.69673
-72.37346
-69.87047
-72.28714
-73.57197
-77.42520
-72.29826
-72.78825
-71.11478
-66.71502
-67.96005
-75.34953
-71.17504
-57.01875
-57.25281
-58.82699
-58.18108
-58.50127
-58.37627
-58.86203
-58.39202
-58.39840
-58.26876
-58.92704
-57.91062
-54.60785
-53.91063
-54.46989
-54.27343
-54.27125
-53.91786
-54.03129
-54.24642
-54.68655
-54.68622
-54.70903
-55.03408
-55.46894
-54.96242
-55.52419
-55.42990
-55.39861
-55.46957
-55.60266
-55.92454
-55.65467
-55.27282
-55.64268
-55.64195
-54.36352
-56.36903
-55.86740
-57.02348
-59.65458
-59.55248
-59.55798
-59.09492
-60.71300
-60.30586
-61.19077
-59.59862
-59.37442
-59.89921
-59.34128
-59.91595
-59.60015
-60.49497
-60.34846
-61.10367
-60.92568
-61.64283
-61.17850
-61.23630
-61.39396
-61.82409
-61.55992
-58.07212
-60.80798
-61.68723
-60.70138
-61.02704
-60.68247
-61.75400
-62.11661
-62.45129
-62.05268
-62.19707
-62.73026
-62.77778
-62.16220
-62.16637
-62.40139
-62.17154
-62.56016
-62.91672
-62.88835
-62.54223
-62.46518
-63.41921
-63.93722
-63.97585
-64.24847
-64.32358
-64.61833
-65.28430
-64.79656
-65.42026
-64.14169
-64.92309
-64.32637
-65.41816
-61.08643
-59.48884
-65.06188
-65.14263
-65.60907
-65.76910
-65.58353
-64.62342
-66.59149
-65.31377
-65.84125
-68.26592
-65.64316
-65.06700
-67.45556
-68.79788
-69.49650
-69.03678
-70.98552
-70.39181
-69.01777
-70.36064
-69.55324
-70.28456
-67.20747
-67.21454
-68.20414
-68.93597
-54.71523
-50.84463
-50.86310
-50.77866
-51.21461
-51.12480
-51.37805
-51.06014
-51.36214
-51.31299
-51.18912
-51.69323
-51.91165
-51.32297
-51.80793
-51.61244
-51.24182
-51.50450
-51.68031
-51.65399
-51.72535
-51.87838
-51.93248
-51.95237
-50.86009
-50.86881
-51.13393
-51.32805
-51.60669
-51.72341
-51.63454
-51.72302
-52.27714
-51.85908
-52.31733
-51.23025
-50.52509
-51.86070
-51.52360
-52.77169
-53.78619
-53.44063
-53.72938
-53.64255
-54.00237
-53.59144
-53.74507
-54.08358
-53.75606
-53.93517
-54.65788
-54.28188
-54.39335
-54.46302
-54.18454
-54.43355
-54.53136
-54.53894
-54.76140
-55.11869
-54.79938
-55.34122
-54.77385
-56.10092
-56.12803
-54.72562
-55.59059
-55.53504
-55.61778
-55.74369
-56.08755
-56.08603
-56.18621
-56.13538
-56.14683
-56.68608
-56.78507
-56.29396
-56.66673
-56.40209
-56.52330
-57.19053
-56.78696
-56.68135
-56.88954
-56.99968
-56.91082
-56.91498
-57.05511
-57.31237
-57.68835
-57.47334
-57.64880
-57.32291
-57.79356
-58.67507
-57.96211
-58.15383
-57.20602
-59.09594
-58.75832
-57.79095
-58.41039
-57.80192
-58.42949
-58.06532
-58.54337
-58.44488
-58.72304
-58.35175
-59.13464
-64.28503
-69.36651
-68.89858
-69.73070
-68.07248
-70.66428
-70.89755
-71.02115
-73.03343
-72.60006
-74.79387
-67.09932
-69.30448
-71.39415
-83.71958
-59.17800
-55.46303
-58.94516
-57.62708
-58.54687
-58.20408
-58.85707
-58.48511
-58.43374
-57.95590
-58.16528
-58.75786
-56.30581
-54.51326
-54.04109
-54.47085
-54.11942
-53.99737
-54.08011
-54.13055
-53.75784
-53.95403
-54.54820
-54.63442
-54.82926
-55.03737
-54.91746
-55.38945
-54.71269
-54.27546
-55.57685
-54.77001
-55.03276
-55.49723
-55.13243
-55.23917
-53.76693
-54.45873
-55.36596
-55.95527
-57.92211
-58.32867
-59.13447
-58.95497
-58.74305
-58.31824
-57.89414
-58.28239
-57.42964
-58.70421
-59.32869
-58.99769
-59.21119
-58.74664
-58.46120
-59.04965
-59.13439
-58.75909
-59.66388
-59.49890
-60.06234
-60.00927
-61.07547
-58.33213
-58.29767
-60.37568
-60.06909
-61.15533
-60.61650
-61.05961
-60.85548
-61.25356
-60.88549
-61.16525
-61.45253
-61.67978
-62.72275
-62.95198
-63.76926
-63.93251
-63.15680
-63.92397
-64.14359
-64.54247
-64.95357
-64.32550
-64.35467
-64.75118
-64.09848
-64.05533
-64.53814
-64.46761
-64.36058
-64.98060
-64.72864
-64.23736
-64.50441
-66.30377
-65.21215
-59.40105
-63.30013
-67.11725
-65.43580
-66.58823
-65.21837
-65.08343
-66.44779
-66.67169
-66.10234
-70.30166
-66.41162
-64.40739
-66.62170
-68.18557
-67.45917
-69.27942
-67.30301
-68.89537
-68.91910
-71.49869
-68.91611
-70.17682
-67.77275
-66.14113
-67.58462
-70.98058
-65.79844
-52.17454
-50.62905
-50.99192
-50.69501
-51.01869
-50.79559
-50.83775
-50.89280
-51.14113
-51.07357
-51.34807
-51.77165
-52.24517
-51.94328
-51.99411
-51.52946
-51.70520
-51.91941
-52.25201
-52.17639
-52.33521
-52.43320
-52.38282
-52.57739
-51.28285
-51.01477
-51.52902
-51.74943
-51.74393
-51.40744
-51.60804
-51.91566
-52.11432
-52.19833
-52.13728
-52.90764
-52.51016
-52.37413
-52.56468
-53.65052
-54.25006
-53.91216
-54.35450
-54.02314
-54.24553
-54.32880
-54.68651
-54.45557
-54.20706
-54.57884
-54.89948
-55.08145
-55.13609
-54.90230
-55.22017
-55.20294
-55.32947
-55.70225
-55.15866
-55.33158
-55.78885
-55.99631
-55.46933
-56.34566
-56.60622
-55.89398
-56.09064
-56.13959
-56.27941
-56.26844
-56.34266
-56.33145
-56.48689
-56.39107
-56.40384
-56.53436
-56.59592
-57.01037
-56.68840
-56.44312
-56.82821
-57.08868
-57.22782
-57.33186
-57.24346
-57.23424
-57.36606
-57.19020
-57.62344
-57.33767
-57.48436
-57.96043
-57.85225
-57.81823
-57.82212
-57.94604
-58.01538
-57.75440
-57.74874
-59.95957
-58.55928
-58.22199
-58.38419
-58.02680
-58.76538
-58.36002
-58.97851
-58.47683
-58.88592
-58.52084
-59.70994
-65.72868
-72.49568
-72.46702
-76.07219
-75.47957
-79.05829
-76.18879
-78.23417
-76.51238
-80.04316
-80.82183
-70.15137
-70.36239
-78.68373
-82.20172
-58.88582
-58.38068
-59.74500
-59.24153
-60.07455
-59.22444
-60.26206
-59.81816
-60.30189
-60.20781
-59.77885
-60.29185
-57.25422
-54.77853
-55.03016
-55.12667
-55.08384
-55.15122
-55.21116
-55.06059
-55.73285
-55.52636
-55.57877
-55.65055
-56.42811
-56.13777
-56.22896
-56.50325
-56.57408
-56.56973
-56.65304
-56.61166
-56.71286
-56.76015
-56.90465
-56.43169
-53.81581
-56.70013
-57.02471
-57.32036
-62.00686
-62.88101
-63.41400
-63.79689
-63.32925
-63.43877
-63.94383
-63.98003
-63.68573
-63.69370
-63.92225
-63.51812
-64.56745
-64.20769
-64.19852
-64.04433
-64.32360
-64.66766
-64.32194
-64.43760
-65.25699
-64.19202
-65.82395
-59.41106
-59.70420
-66.01254
-63.96338
-64.78761
-63.96128
-64.25008
-64.34031
-64.63336
-64.69425
-64.96084
-64.84332
-64.60113
-64.55435
-65.18784
-65.48147
-63.10681
-64.09020
-65.56354
-65.39398
-65.91020
-65.37856
-66.19836
-65.93858
-66.25026
-66.45793
-66.84350
-66.46205
-67.06634
-67.43143
-67.85954
-66.80023
-67.55324
-65.97436
-66.32705
-64.54067
-59.48429
-64.82693
-66.69019
-64.95401
-65.11013
-64.56517
-64.63552
-65.45816
-65.71968
-64.88806
-67.87096
-67.66682
-64.20071
-66.05709
-69.13631
-66.50478
-68.79683
-67.74946
-68.49746
-66.04098
-66.92424
-65.28588
-66.02728
-63.66131
-64.89800
-64.18184
-66.32941
-61.05398
-50.95772
-50.51262
-50.75849
-50.51753
-50.82286
-50.88158
-51.14241
-51.00354
-51.28627
-51.27326
-51.31442
-51.88822
-52.04181
-52.25960
-52.74762
-52.25260
-52.02709
-52.13419
-52.56846
-52.64321
-52.61575
-52.44273
-53.04994
-52.13238
-51.13528
-51.48253
-51.27933
-51.59150
-51.48219
-52.02676
-52.06919
-52.14351
-51.99230
-51.97689
-52.33091
-50.17481
-51.92460
-53.05598
-52.56060
-54.40028
-54.23249
-54.38357
-54.32125
-54.51777
-54.58163
-54.65351
-54.44361
-54.34341
-54.62422
-54.96419
-55.06218
-54.98829
-54.98273
-54.86707
-55.05442
-54.97665
-54.92378
-55.06756
-55.65829
-55.75106
-55.41426
-56.10445
-54.74182
-55.06008
-56.35992
-55.98056
-56.13446
-56.08160
-56.18496
-56.10842
-56.25892
-56.29820
-56.19443
-56.37392
-56.36390
-56.37457
-56.56344
-56.31680
-56.58882
-56.46042
-56.77611
-56.75141
-56.91698
-57.15102
-57.14429
-57.06475
-57.26068
-57.54870
-57.59237
-57.76192
-57.82366
-57.56989
-57.55563
-57.92999
-57.81061
-58.18925
-58.11504
-58.29188
-55.46820
-56.65157
-58.52246
-57.81286
-58.32347
-58.10190
-58.61579
-58.45166
-58.83136
-58.61608
-59.04208
-58.49960
-61.68320
-68.01998
-70.47156
-70.40457
-70.84615
-71.26330
-72.65552
-71.70204
-73.32082
-72.35598
-73.62050
-70.82074
-67.34576
-69.02678
-72.89547
-70.92584
-57.27150
-57.94762
-59.95488
-59.01068
-60.32363
-59.57323
-60.34872
-59.42061
-60.41956
-59.69778
-60.67016
-59.43886
-55.41985
-54.47041
-54.48655
-54.44750
-54.56353
-54.51619
-54.70106
-55.24087
-55.25955
-54.93992
-54.87955
-55.64120
-56.17796
-55.64940
-55.77332
-55.89400
-55.64974
-55.75132
-56.07975
-56.45114
-56.15005
-56.37509
-56.32105
-56.27200
-56.39223
-56.71709
-56.48975
-58.36384
-61.85523
-61.02138
-61.46974
-61.31693
-62.33660
-62.59170
-63.17495
-62.71773
-63.03628
-64.12247
-63.42627
-64.06659
-63.23160
-63.47467
-62.50840
-62.93328
-62.43114
-62.47826
-61.45069
-62.47042
-62.05433
-63.75233
-62.51500
-58.26541
-62.56012
-64.50101
-65.05104
-65.60095
-65.24297
-64.99111
-64.99178
-65.61236
-65.29793
-65.26383
-64.36368
-64.21790
-63.38848
-63.39323
-63.32334
-62.35933
-63.12215
-63.32343
-63.46070
-63.84159
-63.69411
-63.75425
-63.47476
-64.01481
-63.89782
-64.67958
-63.27110
-63.88918
-63.60152
-62.91869
-62.93959
-63.19038
-62.33296
-63.94573
-59.13982
-58.64787
-64.56331
-63.74729
-65.10381
-64.63313
-65.64139
-64.31267
-65.79086
-63.33156
-63.35658
-63.78770
-62.50781
-61.57931
-61.85150
-62.31211
-62.15374
-62.48751
-63.48850
-64.33110
-63.03897
-64.36223
-63.56859
-66.20499
-65.48136
-67.32126
-66.81067
-71.50018
-56.57122
-51.16648
-51.61591
-51.20216
-51.60075
-51.80165
-51.80652
-51.65681
-51.75124
-51.75970
-51.72606
-51.98429
-52.83441
-52.57458
-52.57624
-52.69606
-52.53388
-52.73930
-52.86967
-52.65315
-52.73546
-52.87002
-53.04880
-53.43904
-52.06724
-51.56886
-52.06143
-51.92827
-51.86378
-51.98276
-52.19838
-52.03056
-52.11589
-52.36271
-52.13274
-52.26121
-52.51109
-52.58278
-52.79573
-52.66392
-51.39212
-51.02500
-51.16043
-51.27198
-51.24251
-51.55426
-51.42981
-52.49466
-54.04721
-53.73034
-54.12603
-53.86842
-54.19658
-54.27879
-54.11544
-54.40316
-54.35734
-54.07057
-54.46975
-54.41647
-54.33552
-54.64783
-54.75388
-55.05681
-54.90515
-55.06342
-55.08395
-55.13227
-55.19081
-55.23342
-55.25123
-55.36115
-55.54125
-55.44244
-55.58215
-55.74945
-55.74910
-55.77654
-56.00816
-56.10537
-56.25124
-56.11773
-56.24409
-56.47914
-56.36441
-56.44145
-56.47972
-56.46948
-56.44299
-56.62461
-56.81675
-57.06559
-56.71382
-56.84462
-57.01892
-57.27182
-57.32101
-57.08854
-57.38856
-57.40195
-57.58186
-57.48530
-57.71192
-57.78302
-57.93538
-58.16620
-58.14478
-58.08134
-58.02250
-58.24470
-58.20518
-58.16999
-58.25775
-58.42423
-58.62909
-58.71821
-58.80268
-58.78365
-58.56548
-58.92766
-59.07508
-59.13722
-59.26052
-59.20987
-59.33180
-59.16986
-59.50493
-58.73323
-58.66681
-58.95947
-58.56497
-58.79508
-58.77654
-58.94659
-58.61037
-59.05578
-59.00130
-59.43286
-56.90430
-54.13443
-54.21178
-54.13539
-54.30864
-54.27469
-54.40419
-54.60364
-54.51920
-54.57463
-54.49629
-54.47799
-55.25582
-55.52451
-55.10201
-55.34736
-55.42150
-55.53390
-55.67492
-55.71572
-55.67600
-56.07030
-55.75346
-56.15497
-56.14298
-56.25052
-56.13202
-56.08137
-60.54424
-63.99148
-64.06849
-63.77076
-63.48099
-63.63077
-63.16392
-63.32195
-63.34464
-63.20392
-62.94998
-63.38754
-63.71266
-64.04757
-63.47203
-63.88866
-64.15627
-63.28322
-63.69455
-64.50145
-64.26647
-64.06470
-64.19333
-63.82297
-64.39104
-64.26035
-63.43467
-63.05225
-62.79172
-63.09838
-63.25504
-63.56281
-62.89268
-63.22596
-63.31641
-63.79366
-65.20215
-65.19971
-66.47105
-66.36752
-65.56909
-65.96313
-66.29201
-65.98441
-65.66174
-65.46281
-65.18942
-64.93083
-65.01497
-64.65245
-64.82284
-64.42161
-64.47157
-64.69158
-64.03868
-64.70422
-65.13820
-65.32745
-65.53543
-65.40161
-65.59820
-65.48476
-65.80747
-65.20649
-64.22185
-63.85201
-64.18388
-63.99289
-63.90671
-63.63957
-63.53137
-64.09288
-64.90582
-65.38233
-64.92145
-65.10833
-65.08364
-65.77956
-66.21788
-66.31296
-65.16174
-65.79787
-64.48656
-65.25913
-64.09327
-67.29634
-60.04443
-52.33305
-51.27475
-51.62210
-51.73291
-51.86016
-51.98923
-52.13222
-52.37166
-52.32521
-52.52942
-52.47036
-52.83770
-51.34990
-50.92712
-51.33655
-51.18819
-51.49489
-51.47321
-51.71030
-51.79948
-51.96295
-51.92907
-52.17075
-52.65662
-52.82650
-52.73152
-53.20122
-53.20091
-53.72299
-53.63025
-53.59934
-53.57268
-53.27489
-53.25167
-53.41221
-53.41370
-53.57477
-53.44126
-53.42946
-53.93010
-53.65759
-53.47975
-53.58409
-53.57889
-53.65997
-53.96175
-53.96630
-55.99881
-56.43358
-56.37883
-56.86521
-56.82961
-56.82156
-56.89430
-57.08510
-56.99436
-57.35557
-57.40179
-57.74768
-57.53660
-57.71015
-57.69685
-57.74148
-57.93361
-58.43090
-58.34957
-58.49021
-58.48897
-58.59480
-58.91735
-58.61444
-58.87682
-58.87134
-58.90463
-59.14292
-59.02685
-58.77466
-59.10578
-59.13181
-59.20870
-59.90493
-60.11127
-60.12152
-60.56347
-60.51394
-60.53300
-60.69006
-60.85217
-60.78973
-60.76696
-60.62788
-60.86388
-61.21630
-60.69262
-61.04750
-61.23008
-61.33250
-61.51699
-61.88855
-62.27655
-61.99186
-62.34100
-62.51339
-62.34059
-62.72330
-62.82752
-62.77191
-63.03439
-63.43703
-63.61326
-63.74964
-63.86580
-64.13393
-63.94542
-64.03339
-64.25623
-63.77562
-64.29064
-63.96409
-64.27189
-65.06314
-65.42818
-65.46452
-65.58221
-65.62934
-65.39004
-65.31283
-64.81000
-65.15930
-64.83090
-65.39122
-65.15876
-65.17054
-65.51568
-65.79003
-65.94102
-65.51491
-66.33305
-62.27275
-61.13821
-61.59417
-61.38094
-61.70925
-61.30500
-62.00493
-61.56983
-61.97242
-62.06000
-62.48806
-62.30164
-61.16617
-60.80656
-60.87001
-60.94145
-60.92701
-61.42308
-61.70761
-61.86695
-61.57201
-61.86666
-61.72685
-62.23496
-62.34444
-62.61223
-62.46454
-63.44655
-65.26196
-64.74209
-64.71500
-65.52688
-66.08378
-65.34344
-65.52663
-66.01341
-66.20789
-64.97426
-65.99814
-66.51267
-65.12295
-65.79722
-67.00673
-67.00447
-66.18206
-67.44697
-67.90208
-66.61172
-67.19380
-68.41233
-68.53479
-67.84376
-68.19460
-69.34355
-68.67152
-67.93768
-69.18863
-69.68332
-68.55997
-68.84655
-69.30899
-68.71148
-68.24137
-68.23639
-68.18161
-68.63265
-69.64771
-70.27530
-69.51879
-70.09024
-71.82372
-71.75070
-71.29105
-72.18371
-72.25005
-71.21969
-71.05163
-70.98752
-70.31911
-69.97803
-71.38078
-71.93012
-71.49669
-72.47331
-73.30788
-72.40393
-71.82802
-72.26975
-72.52969
-72.54254
-72.82465
-72.23327
-72.34511
-73.05078
-73.58405
-73.14020
-72.75375
-73.36749
-72.72795
-71.85059
-71.89607
-72.13000
-72.22754
-72.41836
-73.62193
-74.86703
-73.36393
-73.88851
-74.38256
-74.11001
-74.96355
-74.10820
-73.02598
-73.35756
-72.14598
-70.26782
-69.00528
-69.71871
-71.71445
-70.31484
-69.74690
-72.20543
-71.49389
-68.72382
-69.64716
-70.66789
-69.86081
-68.90010
-70.40954
-70.51845
-69.08524
-70.00215
-71.61436
-70.89730
-69.44932
-72.02661
-72.42102
-70.44816
-70.04165
-71.62658
-71.35926
-69.82618
-70.43465
-70.61036
-69.17057
-68.78090
-69.74168
-69.43950
-68.60652
-69.46608
-71.08008
-69.84364
-69.34071
-70.63205
-71.32571
-70.29753
-70.32729
-70.93992
-69.76274
-69.52269
-72.21346
-72.11038
-69.48502
-70.46214
-71.26687
-70.04964
-70.09971
-71.85546
-71.86906
-70.61626
-72.17629
-74.22414
-73.15894
-72.11919
-74.03458
-74.42352
-72.88166
-72.73878
-73.57505
-73.99953
-72.44123
-72.66460
-73.09838
-72.55247
-72.11139
-73.41884
-73.81958
-73.40251
-74.68866
-75.35928
-74.64547
-75.27442
-77.03902
-76.20890
-76.64211
-77.52554
-77.78863
-77.21381
-76.87825
-77.40447
-77.77284
-77.29695
-78.28920
-77.96414
-76.67130
-78.11673
-80.64363
-79.48030
-77.61776
-78.53871
-78.11984
-77.82131
-79.59467
-80.01254
-79.05588
-79.54854
-78.51849
-78.87409
-78.49390
-77.81751
-78.06485
-78.66610
-79.11749
-80.61890
-79.50979
-73.99072
-72.31688
-72.74956
-72.75574
-72.62946
-72.85831
-72.75574
-72.83471
-71.74128
-71.67462
-72.30891
-71.92127
-72.32355
-72.33749
-73.12158
-72.40867
-68.58196
-68.57954
-68.68512
-68.42964
-69.03005
-69.15882
-70.21070
-69.65391
-69.71424
-69.52583
-70.56140
-70.38329
-70.80595
-70.96420
-71.12157
-71.20860
-70.54511
-70.98388
-70.48089
-71.21872
-71.21211
-71.28439
-71.05061
-69.58419
-68.83057
-69.27743
-69.06706
-69.20370
-69.50895
-69.34948
-69.61882
-69.89817
-69.26807
-69.62816
-69.59524
-70.27473
-70.67718
-70.36700
-71.15661
-70.11916
-69.73297
-69.29045
-69.04346
-68.98628
-69.16380
-69.25028
-69.54314
-70.49513
-70.98746
-71.40042
-71.45685
-71.60024
-72.21798
-72.34774
-72.38466
-72.80998
-73.24740
-73.58539
-74.61412
-74.76766
-75.20605
-75.25015
-75.33314
-75.16768
-75.17786
-75.81075
-75.79636
-76.97912
-76.81779
-78.37963
-77.70083
-75.02651
-74.43707
-75.14229
-75.06966
-75.29477
-75.86834
-75.19688
-74.27464
-73.75195
-72.89445
-72.97624
-72.81995
-73.39060
-73.68867
-74.27710
-76.20854
-73.03079
-73.87155
-75.08060
-74.82407
-74.95969
-74.24329
-73.99357
-73.78738
-74.16155
-74.44502
-75.14331
-75.72636
-77.05563
-77.78316
-79.64485
-80.31293
-81.46035
-82.11632
-82.81180
-83.12927
-82.48647
-81.96330
-81.35299
-79.27574
-77.23749
-78.27681
-78.32540
-79.43811
-79.71259
-81.36624
-81.05446
-80.53639
-80.61791
-79.96347
-79.01485
-78.66319
-78.99168
-80.08023
-81.31358
-72.22013
-70.67287
-71.70871
-71.20479
-71.49271
-71.18952
-71.29975
-71.35387
-71.05079
-71.05089
-71.45288
-70.83090
-71.12156
-71.26994
-71.55962
-71.81720
-71.32118
-70.61608
-71.19435
-71.17716
-70.96298
-71.22398
-71.33245
-70.90921
-69.33970
-69.00914
-68.93779
-69.16881
-68.92153
-69.17182
-69.26381
-69.09477
-69.36705
-68.68742
-68.62247
-68.27058
-68.23725
-68.81522
-68.97928
-69.22837
-69.77841
-70.02011
-69.02475
-69.39828
-69.39453
-68.95589
-68.92133
-68.63293
-68.62913
-68.77216
-69.57945
-70.00165
-69.91903
-70.01902
-70.30947
-70.01398
-70.17740
-70.66277
-71.00112
-71.19155
-71.70164
-72.06782
-72.83127
-72.55279
-72.13072
-72.71416
-73.00394
-73.47413
-73.43309
-73.81168
-74.09462
-74.12121
-74.16929
-74.70116
-75.25192
-75.81822
-75.92278
-76.43390
-76.51193
-77.20557
-78.15658
-78.69413
-79.16064
-79.84654
-80.56804
-80.83173
-80.78906
-78.64055
-78.77112
-79.34634
-79.81872
-79.23447
-78.77744
-78.76489
-78.36207
-78.50207
-78.90307
-80.02913
-81.32491
-82.64160
-83.64842
-84.95023
-85.41025
-85.30989
-85.56875
-85.49034
-85.33196
-85.85737
-84.86754
-86.87783
-81.52466
-75.73105
-75.60788
-74.89797
-74.40357
-73.80525
-74.00904
-74.53592
-75.17550
-76.64390
-77.19756
-78.04158
-78.25451
-79.26469
-78.86323
-80.85827
-73.22249
-68.89632
-69.05034
-69.12075
-68.61892
-68.32147
-68.53493
-68.65389
-68.05632
-68.32607
-68.11340
-67.92748
-69.14027
-68.67590
-69.52913
-69.42472
-69.24881
-69.33185
-69.49804
-70.28853
-69.79989
-69.73322
-70.08221
-69.45446
-67.33582
-66.66752
-67.08830
-66.36097
-66.58658
-66.22172
-65.86347
-66.67422
-66.38582
-66.49847
-66.57485
-66.94080
-66.89879
-67.27638
-67.16830
-67.05359
-67.66617
-67.24049
-66.96895
-67.37013
-67.20566
-66.76486
-66.71376
-66.52421
-66.45302
-66.60929
-67.18979
-67.56759
-68.18798
-68.76029
-69.27540
-69.74409
-70.33089
-70.26908
-70.94574
-71.43983
-71.00897
-71.10661
-70.82031
-71.97549
-72.74945
-73.05098
-73.52941
-74.15263
-74.69812
-75.11409
-75.70156
-76.15508
-76.24699
-76.21521
-76.29477
-76.75769
-77.71887
-77.80893
-79.96257
-73.06941
-70.40530
-71.08090
-70.33010
-70.38898
-69.44176
-69.01681
-68.33530
-67.85095
-67.75881
-67.98083
-68.88648
-70.10169
-71.07326
-72.27612
-73.24729
-73.83657
-74.32327
-75.01538
-75.35295
-75.44037
-75.17542
-74.79966
-74.48367
-70.23390
-69.13927
-69.47408
-69.37950
-69.92366
-69.59985
-69.59676
-69.40521
-67.97100
-68.29817
-69.86798
-69.72570
-70.47290
-70.27885
-70.28495
-70.10701
-70.59820
-70.82847
-71.50368
-72.16983
-73.80900
-75.68444
-78.38857
-74.35823
-66.63962
-66.24094
-66.07019
-65.86583
-66.29588
-66.33179
-66.48515
-66.11122
-65.77884
-66.30527
-66.61439
-66.34487
-66.72822
-66.76264
-66.94298
-67.20769
-67.50921
-66.98157
-66.97945
-67.02378
-67.44039
-67.20134
-67.53508
-66.98119
-66.80332
-66.48327
-66.64052
-66.72009
-65.74657
-65.64832
-65.38312
-65.69613
-65.37040
-65.63160
-65.46364
-66.42300
-66.38644
-66.34107
-66.50724
-65.50165
-65.78743
-65.52173
-65.34090
-65.13057
-65.57350
-66.45614
-66.54171
-65.76651
-65.35939
-65.58556
-65.66226
-66.34199
-66.76158
-66.60693
-67.02644
-67.10588
-68.29066
-69.29477
-69.60193
-70.03958
-70.22747
-70.60081
-69.73641
-69.59288
-69.06860
-68.13598
-67.78993
-68.29847
-69.18587
-69.64669
-70.17980
-71.14050
-71.57560
-72.16649
-72.26562
-72.11399
-71.53042
-71.37488
-71.56950
-71.98812
-72.10712
-71.96134
-73.07080
-72.91408
-73.44414
-73.61388
-73.46084
-73.30330
-73.53764
-73.48967
-74.43413
-75.13390
-74.55600
-74.78136
-74.66816
-75.91685
-76.88575
-75.10579
-74.26262
-74.75211
-74.80654
-74.06505
-73.58366
-74.04059
-76.57351
-77.05181
-76.55152
-76.81357
-75.53629
-74.93150
-70.59503
-69.11332
-69.08539
-68.35812
-68.39693
-68.06023
-67.61948
-67.07766
-66.73651
-66.57385
-66.78466
-67.71560
-69.72221
-71.04213
-70.54902
-70.05343
-66.64944
-65.48714
-65.45485
-65.53300
-66.14594
-65.45216
-66.14646
-65.75852
-65.74660
-65.78809
-65.72565
-65.51733
-64.93885
-64.83062
-64.08479
-63.56465
-63.29559
-63.29682
-64.03306
-63.86954
-64.30246
-64.25740
-64.95644
-65.37730
-64.24320
-64.17185
-63.14964
-64.11286
-64.46713
-64.74891
-64.31208
-64.43273
-64.66017
-64.52592
-64.74335
-64.57339
-65.64393
-65.25875
-64.79841
-64.07603
-63.16835
-63.23065
-63.10742
-62.53557
-62.94214
-63.17100
-64.20123
-64.91401
-65.75062
-66.15520
-66.48959
-66.69176
-66.75488
-67.66154
-68.03030
-69.17351
-69.72292
-68.75585
-68.18229
-69.02187
-69.18448
-69.72968
-69.67441
-70.04764
-69.75285
-70.99448
-71.51727
-72.03384
-73.20816
-72.33905
-72.37112
-70.08949
-68.92547
-68.97138
-69.25001
-69.41163
-69.54871
-69.60893
-69.73957
-70.17794
-70.44295
-70.98753
-72.07919
-72.43310
-72.24285
-72.23294
-73.12578
-72.22333
-71.28834
-71.38757
-69.04154
-66.83034
-65.41917
-65.43508
-66.04548
-66.66868
-67.60007
-68.92051
-70.28859
-71.42990
-71.67605
-71.26307
-71.53299
-71.19055
-70.81916
-68.87323
-67.78924
-68.10748
-69.23333
-70.61363
-71.86786
-73.65280
-75.48721
-76.58362
-77.31540
-76.17309
-75.26661
-73.54548
-71.04070
-69.38211
-69.18288
-69.52283
-69.42351
-69.17539
-69.09031
-70.49977
-68.04999
-65.98281
-65.62194
-65.29985
-65.25103
-65.49581
-65.29282
-66.02974
-66.29413
-66.10513
-66.40741
-66.19449
-66.74985
-66.60539
-66.35005
-66.49613
-66.24503
-65.61714
-65.82411
-65.87560
-66.00995
-65.95098
-66.42494
-65.76879
-64.94511
-64.05777
-63.92504
-64.68338
-64.02736
-63.82533
-63.84960
-63.72303
-64.10960
-63.96709
-63.45418
-64.18971
-63.88717
-64.20154
-64.82123
-65.04186
-64.67052
-64.79027
-65.12099
-64.35311
-64.55929
-64.10166
-63.98647
-63.84554
-64.12745
-64.82475
-65.27767
-65.78240
-65.90935
-65.52523
-65.28168
-65.32283
-65.07308
-65.01264
-65.69834
-66.24618
-66.53906
-67.09765
-67.08036
-66.85100
-66.27451
-66.62994
-67.30876
-67.68937
-68.11673
-68.16794
-68.36477
-68.42313
-67.58654
-67.96280
-67.64422
-67.26879
-67.82505
-67.97446
-68.90981
-68.90657
-68.99851
-69.11310
-69.56323
-70.23994
-70.66816
-70.76960
-70.42219
-70.60133
-69.35327
-68.81264
-68.84357
-68.20998
-68.72772
-68.91487
-68.66598
-68.78764
-68.84982
-68.42301
-68.50567
-68.53648
-68.56796
-68.80819
-68.49567
-68.25778
-67.89825
-67.99106
-68.83562
-69.31339
-69.68736
-71.54397
-72.59430
-69.88457
-69.34182
-69.85973
-69.70603
-69.47483
-69.25873
-68.62290
-66.96284
-67.13183
-66.14745
-66.49182
-66.70278
-66.92854
-67.70603
-68.38507
-67.59156
-65.57660
-65.84247
-66.22499
-66.47562
-66.03913
-66.74316
-66.59841
-65.93151
-65.78506
-65.73614
-65.30154
-65.70574
-65.48719
-65.47463
-66.04098
-65.39242
-65.02669
-64.84626
-64.81485
-65.12707
-65.75085
-66.17340
-66.59698
-65.44467
-64.46768
-63.48906
-63.07645
-63.13332
-63.95930
-63.78886
-63.97546
-64.48905
-63.79338
-64.42481
-64.41724
-64.95618
-64.83498
-63.59797
-64.57093
-64.20531
-63.86375
-64.96303
-64.60586
-64.70017
-64.34795
-64.91820
-64.41208
-64.35826
-64.95550
-64.99332
-65.50687
-65.85233
-66.42244
-66.58881
-66.59833
-66.55677
-66.42675
-66.19476
-67.01114
-66.21486
-66.22376
-66.64765
-67.15915
-67.96625
-68.62712
-69.21796
-69.10688
-68.94112
-68.38311
-68.96930
-69.65469
-68.69696
-68.31997
-69.74479
-68.88265
-69.19487
-70.10217
-72.50916
-70.25613
-66.19235
-65.77708
-64.72043
-64.32623
-64.02912
-64.80934
-66.09434
-67.03004
-68.45954
-69.31743
-69.16514
-69.30177
-69.33041
-67.30449
-66.31457
-66.08355
-67.34100
-67.95132
-68.58072
-69.86842
-69.62686
-69.63309
-70.32519
-69.39566
-68.05299
-68.17586
-67.57822
-66.98112
-66.31812
-66.41105
-67.19949
-67.27854
-66.68566
-66.34094
-65.37152
-65.05737
-64.99955
-64.65479
-65.02290
-66.46149
-67.74012
-68.29307
-68.50439
-68.46690
-68.94985
-68.52947
-68.24959
-66.00955
-64.76789
-64.01538
-63.87794
-65.13276
-65.38359
-65.45518
-65.64573
-65.46148
-64.96900
-64.61607
-64.53666
-64.21301
-64.45427
-64.74083
-64.48711
-64.62643
-64.88967
-65.01550
-64.72991
-64.69704
-64.76090
-64.45387
-64.18392
-63.92394
-63.30983
-63.40276
-62.78282
-62.69191
-62.86696
-62.02582
-62.39795
-62.38615
-62.61789
-63.01501
-63.31096
-64.56008
-65.45045
-66.32378
-65.97709
-66.60833
-66.24496
-64.50142
-63.80954
-63.27516
-63.15313
-62.60319
-62.01342
-61.36565
-61.71344
-62.32740
-62.56789
-62.55108
-63.47656
-65.54754
-66.24963
-67.16608
-67.97682
-68.55539
-68.40160
-66.70636
-66.49336
-66.65213
-65.92252
-64.72135
-64.53492
-64.05992
-62.91696
-62.89710
-62.95079
-63.51831
-63.99832
-65.65210
-66.93358
-67.64914
-68.02255
-68.99285
-70.00434
-69.68915
-69.64003
-69.50719
-69.99779
-68.84338
-68.07218
-67.07676
-66.58084
-65.54569
-65.07149
-65.46179
-66.28147
-66.65585
-67.35937
-67.62466
-69.33377
-68.35170
-64.69641
-64.39852
-64.21797
-64.17312
-64.44837
-64.65446
-64.45363
-64.26093
-64.32542
-64.61087
-65.07778
-65.13904
-65.62216
-65.74208
-65.20009
-65.97388
-65.74581
-65.75259
-64.79360
-64.69913
-65.84522
-66.11187
-65.83243
-63.98831
-63.81558
-64.08762
-63.79580
-63.81240
-63.83246
-63.81317
-64.09054
-62.09819
-60.47667
-60.64180
-60.99936
-61.42739
-62.32041
-62.10819
-62.84264
-63.47021
-63.93441
-64.90345
-64.44191
-64.93984
-64.20344
-64.55344
-63.93185
-63.33513
-63.41302
-62.66850
-63.44665
-64.22674
-64.38081
-65.12719
-64.36469
-62.46380
-61.98251
-61.84223
-61.24551
-61.80910
-62.35742
-61.78355
-61.59807
-61.43640
-61.39899
-61.75563
-61.93006
-62.39995
-62.94268
-64.56943
-63.76497
-60.84402
-60.27963
-60.87924
-60.93448
-60.92327
-61.42554
-61.16410
-61.61970
-61.85425
-62.39853
-62.71120
-62.75892
-62.98589
-63.11523
-64.36663
-65.02316
-64.35018
-63.44907
-63.70075
-64.77037
-65.04471
-64.50850
-64.62609
-63.20642
-62.69059
-63.25680
-64.23610
-64.32945
-64.82710
-64.93319
-64.67839
-64.67850
-63.94688
-64.19582
-63.97846
-64.92225
-66.19952
-67.27074
-67.26261
-64.65496
-63.81035
-63.87268
-62.48489
-62.61369
-62.08851
-62.54760
-63.34030
-63.46856
-64.29801
-64.67360
-64.79289
-64.06004
-63.22928
-62.52444
-62.62138
-62.50816
-62.50324
-62.29198
-61.98332
-61.46578
-60.19067
-59.65531
-59.93089
-59.62417
-60.41640
-61.14360
-61.27640
-61.73093
-61.73507
-61.69130
-62.23720
-62.48424
-62.69381
-62.21921
-62.05259
-61.63909
-62.11180
-62.44085
-61.84473
-61.66142
-61.77041
-61.93978
-62.10846
-62.76205
-62.00327
-62.54321
-60.96670
-63.80271
-60.67392
-61.80050
-63.04256
-60.68138
-66.22852
-61.29646
-63.84080
-62.90538
-61.94256
-64.59268
-60.82727
-62.69929
-61.20042
-60.95545
-62.00527
-60.59145
-61.69383
-60.87962
-61.79922
-61.72156
-63.89921
-63.12738
-62.45380
-62.60442
-60.46779
-64.36318
-61.56405
-62.29997
-62.71523
-60.38863
-61.81925
-60.52987
-60.58081
-60.80775
-60.28911
-60.55913
-61.19544
-61.20118
-61.80241
-62.99383
-62.67389
-63.05185
-63.56088
-63.21245
-62.32433
-61.40931
-60.74969
-61.93196
-61.81674
-61.39059
-61.96011
-61.64877
-62.74205
-62.57289
-62.77074
-63.40107
-64.10938
-63.48244
-63.42119
-63.91990
-64.02797
-64.36185
-63.53846
-63.50570
-63.41124
-63.59899
-63.61250
-64.27293
-64.32979
-64.74605
-64.79425
-64.15362
-64.08369
-63.25585
-63.07609
-63.46335
-63.64924
-63.88119
-64.53839
-64.93096
-65.63091
-65.59551
-65.64291
-65.55074
-65.36024
-65.58893
-64.74670
-65.22013
-65.44605
-66.90646
-68.00143
-65.95925
-65.50738
-64.90538
-65.27645
-64.19669
-63.08623
-63.65148
-63.34236
-63.44277
-64.31707
-66.22534
-67.03179
-67.86501
-68.56199
-68.26226
-67.44037
-66.81304
-66.75032
-63.79638
-63.35752
-63.16101
-63.17999
-63.84688
-63.30423
-64.48267
-64.66281
-66.21490
-67.64478
-67.45071
-66.82066
-65.58750
-64.81197
-63.87982
-63.66760
-62.17933
-61.81460
-62.68749
-63.40739
-64.67666
-64.53491
-64.44393
-63.98141
-63.42489
-64.33561
-63.41817
-63.58151
-63.90713
-63.40982
-64.63847
-63.89664
-63.31250
-63.46164
-63.49111
-63.61149
-63.66246
-64.05365
-64.25190
-62.61901
-61.22494
-61.60741
-61.67874
-61.97283
-62.19506
-62.13002
-62.22593
-61.91077
-61.94384
-62.91004
-62.92348
-62.19320
-63.10303
-63.04549
-62.88993
-63.52276
-63.23883
-63.50268
-62.74537
-62.32803
-62.31381
-62.02193
-62.08416
-62.40849
-63.20524
-62.81242
-62.90611
-62.94259
-62.93032
-63.92262
-64.62917
-65.68023
-66.58346
-66.65886
-66.90984
-67.01432
-66.94782
-67.36141
-67.40107
-67.69132
-67.99430
-68.05049
-68.62568
-68.91334
-68.54445
-68.25036
-67.69776
-67.33799
-67.48670
-68.31026
-69.82185
-71.17909
-70.77029
-69.95824
-67.80926
-63.95693
-62.90803
-62.72759
-62.28960
-62.53143
-62.93450
-63.30473
-63.40010
-63.96696
-64.34056
-64.65317
-65.66488
-66.02562
-66.29525
-66.98621
-67.08177
-67.59360
-68.95892
-69.46393
-69.20293
-69.16844
-68.81626
-70.49936
-68.52147
-65.32436
-65.01896
-65.50849
-66.52335
-67.54998
-67.79441
-68.63118
-67.96791
-65.81260
-65.50004
-65.53192
-65.83085
-66.30365
-66.15717
-66.40919
-66.64351
-66.92610
-66.40314
-66.32819
-65.89965
-65.93125
-65.72180
-65.53931
-64.23828
-62.65145
-63.86807
-64.02888
-64.58777
-64.59633
-64.81954
-63.28557
-63.68919
-63.65111
-63.79976
-64.62563
-63.12973
-63.77748
-64.04646
-63.71530
-62.08103
-62.00093
-61.62109
-62.11846
-62.44215
-62.75751
-62.50611
-63.13897
-61.73605
-61.44912
-62.06242
-61.12026
-61.17995
-60.38914
-60.92198
-60.51136
-60.03285
-59.47830
-59.90936
-60.11251
-59.91726
-61.04620
-60.65861
-60.65280
-61.50260
-61.56933
-62.79364
-62.13779
-62.24913
-62.58333
-62.82356
-62.00619
-61.56466
-61.82779
-61.93428
-62.33701
-61.39853
-62.13986
-61.60052
-61.21391
-61.41375
-61.95890
-63.09921
-64.58968
-65.35158
-66.04488
-66.50121
-66.32470
-66.16515
-65.21366
-64.03296
-64.14120
-64.26855
-65.09645
-64.85257
-64.11163
-64.36677
-64.93501
-65.06580
-64.35469
-64.72835
-63.62992
-63.74685
-63.07509
-64.30808
-64.70187
-63.62580
-63.61600
-63.21666
-63.60353
-63.94421
-64.76000
-65.89986
-68.17228
-68.80511
-68.33286
-67.33278
-67.56386
-66.91552
-66.34299
-66.19258
-65.90028
-65.51418
-64.60029
-64.28861
-64.28152
-64.65298
-64.71467
-66.16328
-67.19125
-67.82004
-68.58728
-67.64568
-66.97130
-65.85035
-65.14953
-65.44959
-65.25994
-64.77998
-64.65134
-65.18852
-65.45174
-66.55713
-67.21631
-67.34205
-67.26188
-66.06190
-65.89620
-65.30353
-65.45709
-63.38027
-61.37378
-61.71269
-61.92308
-62.21855
-62.23100
-62.08619
-61.53285
-60.92992
-61.22746
-60.92152
-60.96562
-61.24727
-61.22102
-61.07249
-61.63549
-62.18896
-61.90726
-61.13815
-59.94203
-59.64333
-60.09849
-61.12897
-61.75493
-60.89057
-60.40411
-60.67006
-60.26875
-60.73611
-60.72759
-60.00055
-60.25297
-60.23617
-60.55056
-60.72849
-60.30591
-60.62552
-60.87621
-61.47177
-61.25309
-60.67410
-60.25660
-60.14244
-59.89198
-59.35339
-59.55952
-59.72506
-60.41245
-61.35198
-61.35820
-61.08616
-62.11297
-62.60872
-62.28836
-62.81928
-62.65561
-61.35310
-62.09320
-62.62775
-63.17974
-64.94552
-67.09211
-67.19634
-66.20782
-65.14961
-63.30927
-63.56887
-63.90084
-64.56328
-64.63047
-66.12901
-67.36145
-66.72485
-65.89722
-65.68684
-66.04153
-66.25222
-66.53076
-66.38802
-66.87136
-67.19302
-68.50041
-69.93383
-70.88724
-71.63827
-70.50029
-67.66939
-65.71048
-65.64234
-67.63830
-69.17538
-67.65532
-67.48137
-68.54438
-67.58917
-68.19222
-70.33395
-70.19442
-69.03349
-68.94777
-68.61403
-68.61083
-69.62190
-71.35193
-74.84088
-74.13346
-72.83012
-71.42080
-69.24931
-68.41620
-68.60266
-68.31292
-69.26685
-70.34524
-70.78109
-72.48047
-72.76072
-74.71369
-73.84611
-72.93006
-71.28725
-70.76799
-69.31972
-68.44456
-68.79333
-70.61183
-70.39827
-62.97027
-62.06500
-62.44621
-62.02432
-62.25685
-61.83527
-62.25613
-61.99235
-61.83335
-62.11865
-62.18417
-62.18703
-62.32394
-61.56990
-61.72525
-61.61370
-61.31601
-61.08072
-61.58625
-61.18631
-60.98292
-61.69754
-61.49092
-61.09118
-59.42670
-59.10050
-59.14700
-59.90244
-60.16165
-60.11032
-60.08381
-59.78185
-59.88955
-60.00426
-59.84458
-59.75651
-60.14699
-59.05815
-59.24467
-59.67604
-59.94286
-59.95565
-59.61431
-60.08947
-60.13975
-60.09381
-60.10211
-60.16193
-60.51218
-60.82418
-61.27521
-62.32431
-62.47762
-62.39295
-61.29918
-60.57422
-61.04009
-61.04542
-61.44217
-61.02598
-61.08730
-61.89861
-61.96923
-62.89870
-63.73425
-64.00256
-64.52413
-65.48040
-65.67800
-65.99670
-66.14151
-65.68014
-65.23939
-64.25461
-64.07493
-64.63728
-64.13561
-62.74189
-62.78986
-62.90152
-63.83891
-65.53030
-66.09298
-68.07705
-70.30333
-70.13393
-69.64898
-69.25024
-68.13939
-67.56495
-66.73029
-65.49263
-64.38415
-64.15475
-64.19904
-63.73893
-63.29784
-63.83351
-65.02856
-65.99846
-66.43039
-66.83824
-67.94616
-68.65293
-68.43902
-68.24624
-68.64300
-68.45713
-67.67845
-66.95120
-66.77005
-65.87989
-65.07629
-64.22673
-64.14995
-64.00524
-64.22749
-64.14103
-64.04271
-63.58646
-63.94455
-64.91325
-66.52443
-68.62848
-69.93786
-71.22182
-63.01654
-60.45000
-60.91240
-61.02595
-60.94851
-60.75731
-60.85969
-61.28710
-60.83239
-60.88156
-60.83954
-60.56085
-61.38760
-60.42926
-60.65909
-61.21726
-61.21221
-62.03536
-61.46373
-61.00096
-60.81590
-60.97525
-61.22136
-60.41264
-61.12957
-60.99287
-61.47129
-61.96907
-62.45052
-63.56666
-62.49496
-62.23178
-62.03954
-62.02780
-61.97326
-61.45979
-61.67168
-61.94163
-62.67163
-61.44442
-60.89571
-60.99004
-61.07434
-61.37164
-61.33200
-61.92337
-61.90776
-63.14343
-63.88622
-65.91232
-66.02417
-66.12313
-66.41405
-64.87565
-64.97562
-63.29512
-62.74373
-62.84616
-62.47460
-62.98776
-62.74040
-64.05556
-63.74062
-64.56232
-64.76904
-64.62242
-65.55885
-64.50702
-65.49369
-64.98078
-65.50475
-64.21290
-63.58201
-63.58161
-63.63170
-63.49866
-63.27987
-63.85959
-63.49923
-62.90501
-62.28965
-62.76889
-63.64033
-64.20736
-66.14588
-65.83925
-65.30053
-65.44783
-64.09735
-64.01722
-63.45024
-63.58587
-64.06320
-64.60198
-64.65148
-64.81082
-64.90623
-65.38792
-65.92768
-64.79402
-65.35162
-66.14851
-67.22473
-66.25841
-66.05287
-67.22102
-66.76546
-63.61519
-61.96670
-61.94502
-61.10728
-60.98022
-62.34761
-64.71617
-65.93606
-65.87792
-65.60900
-66.28796
-65.24122
-66.26988
-64.70655
-66.05531
-64.52007
-66.57079
-65.40792
-67.90155
-60.66488
-50.90181
-50.56959
-51.34522
-51.59947
-51.33302
-50.44791
-51.06003
-51.56693
-51.76692
-51.06832
-51.04541
-52.06321
-51.87684
-51.77976
-51.65728
-51.69884
-51.94829
-51.85993
-52.07323
-52.03131
-52.20209
-52.59764
-52.77339
-51.79438
-51.08528
-51.48282
-51.81517
-51.51888
-51.19863
-51.50601
-51.45249
-51.75834
-51.54136
-52.08641
-52.05875
-50.09631
-51.99217
-52.45119
-52.32905
-51.60222
-51.20293
-51.41899
-50.95907
-51.01119
-51.24763
-51.72450
-51.29708
-53.48516
-53.97982
-53.82619
-53.74005
-53.91044
-54.05565
-54.18978
-54.05696
-54.19720
-54.41550
-54.50078
-54.58020
-55.01313
-54.35870
-55.00175
-54.16215
-52.05765
-54.87462
-55.10620
-54.98064
-55.53694
-55.30781
-55.12709
-55.33532
-55.71927
-55.84910
-55.78497
-55.64006
-55.75768
-55.75862
-56.07776
-55.60667
-55.92593
-56.49159
-56.19449
-56.31336
-56.39724
-56.32979
-56.53779
-56.82096
-56.66375
-56.78349
-56.91923
-56.98498
-57.04185
-56.94854
-57.33385
-56.38354
-56.51895
-56.57441
-57.47925
-54.42790
-54.70412
-57.37639
-56.41729
-57.07545
-56.95787
-57.64376
-57.28087
-57.63481
-57.29906
-57.60510
-57.56457
-57.05707
-57.00433
-57.43577
-57.34426
-57.00939
-57.12672
-57.41986
-57.49575
-57.02485
-57.69140
-57.30970
-57.55186
-57.35734
-57.64256
-58.05889
-57.75881
-56.65690
-57.01832
-57.57423
-57.51391
-58.40844
-57.78195
-58.39861
-57.76928
-57.91021
-58.15972
-58.65189
-57.64385
-54.22846
-53.73938
-54.47434
-53.69670
-54.13987
-54.82169
-54.27231
-54.61853
-54.43528
-54.88971
-54.75001
-55.62535
-55.91812
-55.39621
-55.83271
-55.73342
-55.71559
-55.50529
-55.63724
-55.75128
-55.57612
-55.76704
-55.68257
-55.65389
-56.95042
-56.22473
-56.38475
-58.17868
-60.27443
-60.51613
-60.20774
-60.28794
-60.10793
-60.20767
-60.47090
-59.83415
-59.81973
-60.88057
-60.18446
-61.34332
-61.15490
-61.11156
-61.46110
-61.88309
-61.78859
-63.01435
-62.91274
-63.67837
-63.40144
-65.31474
-63.05122
-58.79907
-64.00233
-65.06397
-64.29389
-64.64307
-64.38305
-64.88809
-63.72430
-62.94384
-63.16589
-62.65221
-61.93532
-62.50716
-62.04999
-62.07851
-61.62572
-61.29263
-62.26614
-63.38105
-63.61742
-63.78927
-64.34592
-64.81013
-64.53739
-64.15764
-64.45017
-64.33118
-64.31010
-65.04855
-65.38819
-66.04344
-65.19352
-65.08809
-64.08889
-65.92185
-60.40033
-60.91583
-64.88205
-63.02379
-64.30217
-64.28748
-64.88037
-65.13736
-66.22966
-64.64693
-67.36036
-66.76716
-65.05967
-65.13757
-66.22015
-66.57437
-66.47018
-64.52501
-66.86170
-63.73933
-65.28927
-65.32352
-65.37648
-64.84147
-64.72363
-64.90146
-65.98172
-64.28681
-50.46780
-50.28473
-51.46450
-50.91045
-51.35526
-50.99606
-51.44390
-51.23595
-51.28306
-51.34530
-51.62192
-51.63033
-52.24090
-51.79086
-52.15121
-51.93997
-52.23343
-52.21827
-52.10211
-51.99018
-52.22596
-52.34861
-52.43044
-52.64597
-52.22128
-51.42566
-51.37904
-51.66103
-51.55246
-51.95805
-51.64838
-51.84109
-51.97168
-51.91114
-51.79294
-52.28626
-52.90626
-52.57560
-52.59125
-52.49911
-51.29091
-51.20967
-51.56033
-51.47569
-51.30625
-51.32450
-51.40366
-52.56309
-54.01701
-54.06268
-54.23875
-53.92989
-54.19524
-54.30584
-54.34454
-54.34832
-54.36673
-54.39083
-54.50712
-54.79887
-54.81224
-54.46763
-55.09552
-54.41357
-53.92766
-55.14232
-55.22905
-55.43354
-55.42138
-55.49362
-55.42639
-55.52612
-55.52472
-55.52620
-55.58371
-55.95132
-55.91673
-55.93654
-56.00799
-55.70492
-56.17207
-56.28751
-56.42352
-56.29472
-56.56683
-56.61110
-56.61955
-56.48204
-56.63430
-56.93427
-56.73885
-57.04569
-57.05173
-57.06713
-57.04498
-57.26519
-57.32382
-57.34344
-57.20063
-57.11642
-57.60921
-57.85445
-57.68034
-57.68172
-57.85119
-57.88192
-58.02743
-57.97471
-57.97011
-58.29081
-57.81698
-58.10370
-58.71722
-58.47756
-58.68384
-58.77031
-58.94211
-58.53340
-58.95488
-58.75030
-59.08736
-58.85431
-59.05039
-58.91023
-58.92504
-59.31379
-57.84066
-59.04646
-58.40065
-57.80389
-58.47921
-58.57045
-58.76089
-59.17852
-58.81688
-59.07811
-58.95754
-59.97981
-57.39404
-54.49357
-54.62867
-54.26109
-54.29376
-54.34797
-54.50907
-54.57777
-54.62561
-54.90733
-54.95442
-54.86237
-55.90734
-55.66973
-55.67687
-55.55056
-55.83625
-55.78810
-56.01307
-56.05658
-55.97294
-56.39229
-56.00713
-55.86915
-53.98207
-55.97875
-56.47643
-56.21798
-60.95099
-63.79546
-63.58150
-63.91009
-63.10863
-63.00593
-63.26946
-63.13755
-62.28802
-63.14167
-63.96822
-63.57894
-63.50698
-63.18213
-63.77091
-63.59631
-64.31417
-63.46938
-64.19022
-63.40498
-64.25373
-63.88211
-66.05990
-60.26142
-58.92597
-65.64381
-64.81540
-65.17530
-64.61743
-64.64941
-64.75108
-64.12843
-63.80092
-64.28273
-64.07467
-64.16241
-64.53012
-64.86090
-65.08560
-64.05815
-63.75603
-65.52829
-65.69378
-66.23898
-66.45044
-66.83947
-66.22449
-66.35694
-65.98213
-66.71515
-66.81168
-66.46193
-66.95988
-67.02798
-66.50514
-66.28253
-66.47793
-66.41232
-66.34211
-59.46356
-62.55501
-66.09162
-65.59185
-67.94812
-65.39236
-65.75379
-67.02548
-65.37432
-67.85194
-66.64339
-66.23685
-64.50437
-64.70262
-68.25251
-66.00522
-67.44433
-67.72946
-66.85322
-67.00396
-68.34458
-65.29246
-69.81102
-63.36550
-67.56061
-63.08877
-75.08974
-55.55721
-49.96950
-52.17556
-50.73588
-52.37948
-51.00038
-51.70905
-51.68154
-51.87532
-52.07134
-51.77978
-52.01848
-51.42236
-52.05766
-52.41239
-52.53354
-52.03549
-52.01256
-52.68254
-53.20401
-52.83158
-53.02759
-53.01182
-53.23656
-52.73846
-51.48315
-51.42960
-51.45780
-51.74211
-51.56286
-51.60246
-51.80879
-49.61020
-50.54726
-51.94240
-51.80997
-53.68555
-52.58690
-52.04580
-52.18051
-51.16377
-51.26121
-50.99254
-51.00834
-51.00030
-51.44071
-51.33503
-51.31828
-52.41000
-53.31900
-53.53708
-53.78208
-54.17579
-54.02612
-54.07804
-54.07285
-54.47066
-54.27371
-54.64431
-54.22600
-54.37641
-54.39921
-54.67984
-54.51158
-55.78288
-55.10382
-55.35036
-53.63429
-52.08411
-56.13012
-55.04975
-55.20898
-55.79734
-55.45415
-55.90807
-54.57869
-53.61494
-54.50264
-56.35768
-55.53203
-53.98655
-55.07632
-56.13243
-56.40510
-56.28187
-56.37347
-56.53377
-56.53299
-56.60350
-56.55926
-56.99274
-56.73162
-57.68255
-56.58706
-57.71191
-53.39425
-52.54348
-57.44709
-57.08881
-56.72223
-59.01188
-58.01447
-56.91222
-58.48441
-57.07545
-57.16880
-57.65038
-57.87795
-57.99608
-58.09075
-58.11766
-56.54288
-57.31561
-58.28371
-57.95790
-58.44380
-57.97827
-58.93689
-58.48474
-58.76736
-58.63482
-58.75897
-58.50042
-57.98957
-58.14600
-59.15395
-58.87002
-56.10947
-56.22265
-57.43819
-57.48423
-53.09562
-54.94744
-59.03321
-57.43677
-58.65150
-57.53961
-58.74473
-57.10716
-52.05722
-52.29299
-53.60560
-53.41319
-53.12249
-53.34343
-54.12739
-53.78426
-53.73712
-53.82417
-54.06890
-54.42736
-54.99698
-54.88551
-54.78597
-54.65617
-54.59754
-54.84854
-55.05319
-54.46633
-57.44814
-56.33673
-55.60416
-55.13135
-53.33325
-55.19541
-55.35289
-56.17275
-57.75824
-59.52601
-60.79065
-60.35984
-61.35863
-60.87939
-61.96886
-59.16102
-58.04459
-63.05189
-61.31312
-63.15995
-62.30111
-62.66367
-62.23146
-62.86915
-62.86078
-63.65345
-63.74440
-60.79733
-62.20530
-65.07186
-64.77996
-59.47907
-59.83265
-62.74717
-63.05243
-55.73683
-58.53179
-65.82643
-62.84633
-65.27864
-62.62833
-64.29268
-62.30466
-55.50690
-59.76819
-64.77401
-62.36747
-60.42399
-60.72507
-63.59372
-62.92857
-65.46166
-64.25394
-65.12315
-64.46456
-65.86648
-64.43709
-67.25589
-64.55112
-68.96905
-65.92962
-69.91535
-60.68272
-56.85417
-63.05584
-66.76516
-62.99866
-59.46655
-65.67065
-65.51967
-64.26625
-60.32301
-62.33612
-65.39761
-64.22141
-65.80724
-65.59263
-67.39952
-62.65449
-60.13453
-66.40316
-66.17193
-67.30533
-67.44881
-65.57113
-67.73584
-66.25277
-65.68436
-67.81081
-65.90344
-61.55463
-60.23146
-67.09082
-65.47190
-56.82758
-52.43842
-51.32436
-52.53037
-49.16719
-51.09270
-52.14881
-51.95544
-52.27515
-52.26277
-52.60861
-52.52485
-54.11174
-52.06086
-53.15156
-52.94964
-52.62598
-52.65631
-53.26955
-53.29333
-53.37475
-53.48449
-53.31064
-53.47610
-52.85329
-52.24808
-52.12685
-52.12205
-52.50875
-52.32065
-52.04686
-53.07033
-53.31270
-52.41245
-52.73389
-52.37145
-50.52920
-52.57528
-52.62990
-53.19572
-52.34601
-51.07066
-51.75549
-51.37558
-51.64891
-51.70681
-52.07206
-51.99471
-54.03249
-54.05744
-54.03653
-54.20222
-54.35868
-54.39268
-54.13213
-54.35621
-54.27988
-54.72445
-54.64720
-54.53557
-54.04597
-54.87072
-54.64570
-54.56016
-53.60458
-55.26421
-54.89690
-56.37204
-57.04489
-54.39194
-55.65712
-55.00150
-55.88848
-55.29871
-56.52245
-51.60300
-52.28191
-56.84196
-55.64197
-55.46857
-54.80628
-56.42256
-55.35873
-56.49943
-56.12258
-56.70801
-56.26586
-56.74836
-56.53729
-56.90721
-56.51213
-57.24875
-56.75707
-57.01018
-56.87491
-52.49747
-56.38985
-58.16803
-56.80635
-54.62677
-55.78113
-58.59645
-57.04995
-56.85868
-57.21133
-58.06907
-57.63798
-58.17807
-57.93448
-58.36230
-57.78811
-56.92776
-57.55465
-58.44847
-58.56122
-58.78335
-58.50974
-58.96485
-58.98328
-59.04685
-58.76816
-59.28491
-58.36132
-57.40255
-59.44065
-59.18867
-58.58879
-55.55885
-56.73314
-57.68804
-56.06689
-57.41663
-56.61784
-58.14529
-57.58788
-58.69209
-57.60848
-60.29423
-53.51402
-50.50293
-54.57836
-53.58034
-53.58607
-53.42277
-53.97328
-53.88119
-54.28020
-53.96784
-54.45451
-54.48735
-55.15200
-55.53534
-55.32152
-55.25329
-55.75981
-55.82647
-55.19522
-55.90865
-52.12603
-53.20629
-55.67453
-55.34664
-56.54848
-57.00441
-56.61378
-56.34698
-57.05818
-60.31683
-61.73246
-62.18391
-62.82434
-62.74031
-63.53221
-62.97191
-60.93765
-62.27759
-64.04167
-63.83896
-64.45214
-63.23345
-64.08734
-63.93100
-64.55891
-63.94369
-64.82174
-64.05813
-65.27888
-64.29626
-65.33151
-62.32858
-59.03043
-61.56610
-63.61479
-62.27548
-62.14356
-65.76386
-65.36490
-65.37592
-65.61287
-64.96324
-65.78755
-63.94189
-63.25021
-65.60843
-66.19273
-64.81491
-63.15799
-65.68112
-65.47433
-66.18348
-65.91324
-65.73965
-65.40801
-65.17963
-65.59496
-65.19278
-65.69741
-64.58801
-65.53740
-64.84389
-66.38409
-63.07944
-63.18793
-65.60181
-66.64454
-60.67978
-61.37286
-67.21081
-65.28559
-63.27802
-60.97232
-63.90843
-65.96975
-65.85374
-65.24974
-66.72681
-66.41031
-63.83149
-64.15722
-67.47867
-65.28573
-65.18944
-66.01500
-65.83947
-65.69784
-66.47558
-65.57019
-67.54888
-66.67871
-65.74028
-65.52642
-68.60233
-65.99396
-51.81869
-50.70674
-51.60568
-51.11378
-51.61447
-51.42221
-51.80384
-51.56246
-51.75118
-51.77721
-52.21439
-51.77037
-52.23715
-52.33446
-52.08865
-52.17892
-52.36430
-52.47407
-52.37208
-52.46974
-52.60925
-52.62891
-52.65705
-52.93834
-52.24467
-51.87737
-51.95297
-51.95729
-52.04598
-52.10670
-52.10664
-52.19770
-52.20707
-52.40685
-52.28874
-52.69469
-52.61935
-52.42129
-52.72469
-52.68027
-52.88980
-52.78552
-52.82172
-53.06157
-53.23806
-53.15279
-53.42508
-54.14322
-54.12576
-54.10125
-54.32378
-54.23719
-54.40537
-54.27725
-54.13164
-54.50215
-54.31911
-54.30201
-54.67669
-54.77078
-55.15821
-54.85079
-55.17535
-54.38631
-54.37524
-55.36062
-55.21604
-55.58414
-55.38627
-55.43505
-55.40672
-55.55308
-55.44597
-55.64374
-55.75956
-55.70586
-55.75574
-56.16141
-55.90698
-55.69432
-56.24726
-56.32763
-56.32721
-56.37759
-56.70365
-56.64135
-56.67417
-56.54516
-56.65915
-56.44979
-56.97392
-57.41583
-57.05179
-57.11186
-57.03639
-57.27551
-57.08257
-57.19740
-57.25285
-57.44930
-57.87584
-57.80852
-57.74793
-57.82125
-57.94938
-57.84689
-58.00742
-58.05906
-58.04431
-58.23578
-57.89813
-58.26535
-58.71469
-58.53750
-58.78905
-58.79168
-58.89489
-58.83466
-59.03699
-58.80535
-58.98684
-58.97983
-59.07985
-59.01917
-59.36312
-59.38649
-58.12089
-59.12743
-58.55539
-58.35051
-58.79587
-58.64169
-58.81656
-58.65856
-58.86928
-58.99892
-59.22902
-58.83101
-59.15715
-59.08183
-59.12015
-59.44741
-59.44248
-59.18621
-59.65364
-60.09713
-59.55814
-59.69707
-59.37511
-60.05857
-57.63267
-55.25073
-55.57499
-55.51794
-55.45045
-55.71587
-55.98100
-55.77612
-55.89900
-55.88423
-55.86352
-56.22692
-54.55362
-55.57816
-56.40211
-56.69467
-61.73352
-63.24375
-62.84350
-63.27442
-63.51915
-63.43148
-63.30356
-63.27453
-63.55747
-64.14592
-63.62893
-63.97734
-64.13537
-64.28457
-64.23904
-64.51374
-64.86408
-65.64504
-66.04425
-65.52230
-66.25898
-65.04135
-66.98423
-62.62610
-61.32813
-66.15907
-65.39275
-65.95398
-65.32352
-65.26244
-65.47997
-65.18205
-64.94251
-65.10398
-65.37704
-64.94541
-65.17713
-65.14952
-65.55227
-64.92535
-65.19491
-65.74094
-65.45399
-66.11119
-66.01729
-66.57344
-66.39789
-66.85854
-66.64720
-67.34134
-67.39984
-67.31073
-67.24454
-67.47030
-66.78552
-67.22482
-67.02635
-66.95489
-66.38002
-60.44448
-64.56666
-67.27834
-65.88165
-66.56699
-65.92747
-67.25711
-66.85115
-66.59058
-66.62656
-67.17540
-66.88824
-65.97814
-67.20597
-69.23365
-68.09839
-69.14263
-68.08615
-69.58260
-67.73592
-69.78578
-67.95497
-70.23633
-66.17921
-67.68300
-66.14754
-72.41059
-58.87357
-50.55294
-51.46664
-51.34817
-51.57878
-51.56381
-51.67782
-51.74219
-51.65910
-51.69327
-51.75554
-52.06107
-51.94591
-52.39352
-52.50582
-52.40446
-52.21150
-52.39947
-52.23028
-52.63055
-52.53422
-52.82614
-52.63209
-52.86745
-52.83473
-51.73459
-51.91644
-51.85771
-51.82610
-51.90679
-52.02909
-52.30763
-52.15743
-52.15818
-52.49034
-52.69067
-52.22072
-52.46300
-52.85499
-52.76168
-52.84542
-52.85372
-52.96512
-53.02668
-53.10953
-53.23565
-53.06520
-53.61009
-54.52095
-53.84049
-53.98697
-54.15732
-54.07331
-54.11942
-54.10672
-54.40552
-54.52580
-54.54255
-54.61606
-54.89942
-54.83272
-55.05359
-54.94588
-55.00100
-54.78304
-54.79040
-55.20777
-55.18512
-55.22991
-55.41395
-55.60857
-55.48602
-55.60237
-55.67919
-55.69332
-55.78771
-55.97644
-55.90800
-56.09606
-55.98018
-56.09178
-56.61714
-56.40238
-56.21880
-56.45411
-56.52347
-56.43048
-56.69948
-56.83778
-56.73399
-56.64100
-56.97949
-57.07832
-57.22621
-57.31919
-57.15718
-57.25560
-57.58629
-57.35947
-57.97393
-58.18851
-57.61777
-58.00489
-57.74496
-57.81281
-58.00304
-58.06488
-58.05559
-57.98177
-58.27519
-58.28764
-58.04476
-58.72410
-58.54659
-58.62059
-58.88570
-58.63161
-58.70726
-58.86204
-59.00992
-58.82640
-59.10015
-58.87984
-59.26337
-59.10604
-59.44857
-58.73375
-58.47612
-58.87396
-58.18424
-58.48113
-58.43162
-58.77223
-58.79296
-58.97062
-58.64710
-58.95007
-58.98434
-58.85510
-59.56088
-59.50931
-59.22735
-59.18345
-59.45398
-59.17433
-59.56551
-59.68144
-60.13429
-59.44682
-60.08090
-59.75019
-56.25698
-55.37583
-55.70088
-55.52784
-55.67768
-55.75558
-55.83001
-55.67242
-55.92512
-56.09757
-55.90959
-56.17619
-55.28452
-56.11188
-56.22674
-58.44716
-63.21500
-62.83059
-64.05634
-63.67554
-63.63885
-63.98986
-64.56167
-64.14033
-64.23696
-64.93887
-65.43663
-65.35524
-65.17256
-65.65008
-64.67440
-64.52876
-64.76117
-64.58553
-64.60563
-64.73424
-64.79385
-64.86261
-64.39204
-62.83072
-63.85710
-65.05794
-64.42838
-65.36062
-64.88510
-64.81927
-65.16129
-64.91376
-65.24930
-65.69077
-65.89072
-66.12228
-66.50643
-66.71831
-67.01588
-65.96435
-65.75894
-66.20401
-66.62689
-66.95859
-66.79725
-66.67021
-66.65483
-66.93569
-66.62580
-66.95253
-66.50316
-67.34150
-66.19936
-67.00330
-66.87785
-67.21623
-66.81811
-67.65604
-65.44088
-62.70042
-66.82656
-67.15699
-67.67756
-67.18772
-67.86942
-67.91684
-67.87484
-67.86477
-68.06398
-68.16938
-67.18729
-66.37008
-68.05841
-68.53177
-69.31787
-69.14362
-68.83111
-69.08239
-68.73242
-68.76303
-68.70111
-69.58120
-67.45233
-68.93763
-66.80211
-71.82855
-55.48911
-50.95744
-51.55223
-51.38008
-51.61615
-51.30581
-51.67610
-51.76070
-51.74747
-51.98258
-51.93613
-51.98384
-52.85946
-52.29740
-52.38961
-52.57737
-52.63903
-52.77815
-52.85764
-52.96757
-53.05838
-52.94697
-52.89902
-53.21237
-52.48166
-51.93641
-51.92719
-52.00560
-52.13976
-52.17570
-52.04661
-52.05759
-52.18175
-52.23742
-52.42677
-52.34948
-52.37119
-52.77519
-52.75065
-53.13629
-51.68574
-51.17957
-51.33536
-51.43289
-51.56114
-51.65882
-51.59949
-52.90086
-54.50021
-53.70781
-54.24437
-54.03570
-54.25118
-54.26800
-54.44294
-54.56249
-54.50702
-54.56373
-54.49082
-54.56730
-54.70461
-54.78895
-54.87627
-54.81161
-54.89069
-55.11633
-55.11336
-55.36842
-55.30544
-55.22317
-55.37898
-55.34491
-55.48241
-55.77758
-55.37157
-55.68998
-55.90724
-55.90069
-55.97921
-56.06073
-55.99144
-56.12120
-56.31130
-56.42217
-56.52561
-56.41205
-56.48430
-56.80677
-56.76691
-56.77500
-56.96271
-56.89618
-56.98319
-57.00871
-57.06694
-57.31856
-57.43218
-57.21437
-57.34456
-57.26032
-57.66750
-57.68232
-57.52560
-57.73479
-57.75642
-58.12660
-58.10815
-57.99999
-58.23461
-58.15215
-58.29152
-58.25540
-58.30206
-58.68995
-58.46871
-58.43734
-58.57026
-58.78469
-58.78202
-58.79331
-58.95715
-59.00073
-58.99483
-59.14391
-59.35685
-59.20680
-59.57557
-58.58162
-58.26828
-58.77802
-58.53814
-59.08860
-58.86975
-58.75715
-58.54252
-58.74616
-58.45499
-59.35428
-57.28972
-54.07459
-54.05722
-54.16800
-54.17311
-54.30046
-54.27332
-54.19503
-54.22395
-54.61691
-54.51091
-54.46395
-55.65273
-55.76664
-55.43199
-55.68854
-55.59092
-55.61205
-55.42284
-55.88704
-55.85506
-55.85455
-56.08867
-56.15187
-56.10739
-56.19852
-56.49921
-55.90203
-59.71565
-63.79284
-63.07696
-64.25903
-63.70101
-64.07987
-63.77072
-64.12126
-63.92114
-64.28566
-64.14735
-64.22506
-65.00891
-64.98941
-64.96471
-65.57928
-65.01735
-64.56318
-65.04472
-64.66940
-64.26509
-63.70615
-64.21728
-64.82982
-64.89549
-65.16155
-64.81267
-64.94005
-65.76096
-65.89315
-65.74745
-65.65919
-66.12361
-66.08291
-65.97309
-66.08043
-65.79542
-65.83528
-65.71209
-65.38993
-65.53243
-65.75559
-66.37599
-66.51095
-66.15265
-65.83178
-66.11938
-66.32508
-66.18261
-66.60950
-67.16605
-67.78279
-67.70198
-67.15936
-67.28166
-67.35679
-67.61188
-67.73634
-67.65537
-67.87514
-67.41193
-67.57851
-67.78573
-68.13361
-67.51712
-67.39957
-67.43442
-67.75323
-68.02250
-67.53330
-68.38560
-68.32111
-68.02137
-68.01409
-68.19679
-68.65329
-68.69291
-68.89925
-69.06461
-68.88391
-69.14003
-68.93354
-69.12414
-69.51074
-69.49298
-69.39622
-69.43855
-69.56515
-69.56050
-69.69577
-70.42018
-71.33165
-71.63849
-72.13285
-72.44640
-72.35126
-72.40902
-73.12066
-72.88369
-73.25696
-73.68942
-74.07292
-74.27822
-74.24790
-74.66337
-74.78749
-75.08915
-75.21534
-75.19230
-75.57260
-76.51571
-76.56270
-76.98884
-77.04079
-77.33207
-77.89089
-78.46998
-78.90210
-79.35444
-79.76423
-79.52971
-80.07061
-80.30133
-80.08210
-80.13116
-80.59654
-80.90602
-81.17212
-81.73556
-82.18341
-81.92756
-82.42373
-82.85995
-83.13428
-83.46521
-83.54380
-83.93489
-83.85962
-84.52661
-84.89559
-85.02641
-85.59718
-85.63149
-86.22676
-86.60629
-86.84690
-87.10059
-87.65517
-88.06439
-88.06751
-88.41133
-88.53891
-89.16181
-89.39375
-89.60253
-90.01906
-90.52041
-90.59573
-90.83489
-91.21856
-91.53923
-91.75625
-91.99260
-92.63302
-92.64273
-93.10477
-93.40530
-93.66419
-94.09318
-94.65955
-94.95658
-95.40439
-95.81245
-95.97757
-96.60268
-96.93890
-97.40006
-97.32961
-97.35798
-98.03837
-98.27727
-98.58455
-99.02826
-99.56320
-99.97338
-100.09395
-100.43892
-100.74368
-101.07069
-101.02549
-101.58851
-102.18695
-102.61965
-102.70460
-102.95531
-103.68827
-104.02255
-104.68933
-104.76737
-105.48326
-106.11970
-106.02021
-106.64246
-106.72682
-107.58770
-108.18862
-108.36628
-108.89782
-109.27753
-109.90899
-110.38150
-110.60968
-109.90775
-110.64798
-110.49673
-111.89895
-112.74193
-113.11267
-113.61631
-112.84549
-113.02700
-113.80426
-113.73589
-114.65575
-115.78990
-115.30319
-118.69718
-116.05959
-117.82234
-118.17547
-117.35918
-118.74650
-119.22746
-119.13613
-120.71702
-120.86380
-119.56772
-125.38650
-125.23252
-124.37408
-120.95882
-123.63637
-127.83854
-126.02023
-127.62995
-133.19687
-127.45019
-125.92248
-127.34100
-132.56246
-185.62240
-134.11813
-126.68629
-131.54899
-158.17963
-145.28213
-178.44224
-146.79276
-160.35290
-148.48794
-156.59603
-148.77083
-160.85280
-150.88702
-158.12797
-154.20208
-155.78982
-154.10811
-155.45253
-165.21854
-155.75415
-159.41562
-155.63721
-171.55352
-152.34684
-159.47307
-157.18317
-166.97660
-155.47680
-157.36066
-155.94421
-164.51040
-158.85273
-162.93528
-156.71238
-162.01012
-157.99759
-158.77079
-157.55144
-158.13289
-157.12109
-155.16012
-158.99141
-155.98268
-159.40828
-154.89990
-162.12199
-159.46992
-154.75605
-156.28327
-159.36081
-159.57403
-157.67109
-156.22709
-158.91213
-158.30243
-157.38896
-161.00622
-158.19957
-158.06146
-158.17600
-156.91450
-156.96120
-157.51676
-162.72445
-162.52160
-160.63698
-160.25518
-158.96994
-159.39916
-163.25888
-157.40236
-156.39358
-161.16968
-161.77704
-158.03820
-159.55386
-158.67042
-154.83984
-158.10475
-159.03334
-159.65724
-161.06155
-159.45424
-160.19620
-161.17030
-162.80681
-159.17653
-157.72297
