-95.07680
-86.08362
-90.60405
-94.28141
-97.77482
-105.49542
-101.33881
-105.14699
-85.39481
-88.56964
-103.86994
-105.97231
-112.23534
-118.62727
-121.84582
-108.21213
-88.01104
-84.76569
-95.57711
-98.41670
-117.58449
-111.26645
-131.45553
-120.48254
-89.84542
-89.51529
-103.13411
-102.84759
-131.56637
-112.11344
-122.10975
-122.96868
-88.81606
-86.72909
-93.48580
-94.14036
-104.56849
-100.05095
-119.58808
-98.08939
-81.26563
-86.81080
-97.87895
-100.18593
-126.25203
-107.23851
-109.60568
-102.51463
-88.13278
-92.39842
-105.35253
-104.37779
-118.15984
-108.96486
-109.11023
-100.54506
-87.89495
-93.73515
-104.63976
-105.96687
-121.89013
-109.51142
-108.15706
-97.61831
-86.37495
-89.05535
-94.72391
-95.82670
-109.20534
-98.82892
-101.59212
-86.63144
-86.82587
-105.52002
-107.58709
-117.51358
-154.82582
-113.82620
-105.56300
-90.36952
-84.19584
-93.36192
-98.45057
-109.24938
-116.94763
-113.62211
-109.53780
-91.45040
-88.53476
-100.55096
-102.75206
-121.22820
-115.96308
-125.41422
-115.37918
-90.71656
-86.25654
-92.68787
-93.82951
-102.05518
-101.02417
-114.80581
-105.94633
-83.88977
-94.33006
-107.05981
-107.03916
-110.05260
-111.08472
-113.82043
-112.14919
-83.55396
-85.63429
-100.51095
-99.89743
-112.58288
-107.02411
-108.78411
-104.21133
-88.40235
-91.75924
-105.76377
-103.53469
-116.18077
-108.20783
-109.02322
-101.79554
-87.07729
-87.87769
-94.68232
-94.63349
-110.26213
-98.04583
-102.11378
-89.33794
-84.97591
-114.07491
-111.48434
-142.02849
-120.95400
-111.75908
-105.85592
-93.63188
-84.12108
-91.12121
-98.82587
-105.01180
-133.19566
-108.95994
-106.60683
-93.52287
-88.08038
-97.70874
-103.92996
-111.25760
-158.76671
-111.99085
-107.90785
-92.32785
-86.19006
-91.08916
-94.57467
-98.61990
-105.29175
-102.26892
-106.71478
-83.00098
-83.46249
-96.64587
-97.53025
-126.63582
-109.07988
-129.23066
-126.99579
-89.96278
-89.46775
-103.07907
-102.82480
-137.68596
-113.07599
-127.14593
-129.14679
-89.17315
-90.16981
-103.51354
-103.07706
-123.34786
-110.42777
-114.88999
-109.98887
-88.07024
-87.02337
-94.30266
-94.01222
-107.63729
-98.44997
-105.71515
-93.03983
-83.91563
-106.71859
-139.20363
-113.83599
-112.52797
-109.23929
-106.25195
-97.48010
-84.33091
-88.99551
-99.71054
-101.18302
-116.18060
-105.42705
-104.97398
-95.99154
-88.03994
-94.80392
-106.38794
-105.81536
-116.38567
-108.04973
-106.25246
-94.95965
-86.22924
-89.94470
-94.19687
-98.03242
-103.03542
-105.49502
-112.63425
-112.43059
-125.30339
-118.36070
-157.37389
-124.22073
-132.67613
-129.58142
-143.24381
-137.19790
-138.11369
-143.64901
-129.25813
-131.12965
-125.01852
-125.90271
-122.23790
-123.06293
-120.44865
-121.47692
-119.67406
-121.62667
-121.47194
-131.40764
-126.27724
-88.20420
-85.01746
-89.89708
-89.05633
-91.73974
-89.14022
-92.03266
-88.09543
-82.29401
-88.94727
-90.57810
-89.44600
-87.97840
-85.97742
-87.25753
-85.73899
-81.23508
-83.54671
-87.52621
-86.73844
-87.31291
-86.40000
-87.56457
-85.38994
-82.52047
-83.12402
-83.43501
-82.77003
-83.15810
-83.08970
-84.16970
-83.12888
-82.28283
-83.31512
-83.91846
-83.70614
-84.54248
-83.27854
-84.52266
-80.14004
-79.70166
-83.62012
-82.29145
-82.89999
-82.25612
-82.04423
-82.18964
-81.44218
-81.13963
-82.52345
-82.91138
-83.47611
-83.88841
-83.80683
-84.10090
-81.95646
-81.42106
-83.25744
-83.28674
-84.30217
-83.95935
-83.92620
-84.29222
-82.99616
-82.78187
-85.22343
-85.57729
-86.45819
-85.43112
-86.20480
-85.79813
-80.61523
-84.34057
-87.55846
-86.76339
-87.90078
-87.61188
-88.34057
-88.41976
-83.55970
-84.68414
-88.67455
-87.98453
-87.68686
-87.28868
-87.49818
-85.59005
-84.06037
-85.37737
-86.12010
-85.70321
-86.35360
-85.06171
-85.66114
-84.63719
-83.54275
-84.52511
-87.22892
-86.74802
-88.37367
-86.18095
-87.19162
-82.76571
-81.35229
-86.44887
-85.97375
-87.55923
-87.45641
-86.24819
-87.88300
-83.96617
-81.05016
-86.49544
-88.15063
-88.88817
-89.33603
-88.94333
-89.56957
-86.64720
-85.69586
-88.17391
-88.66777
-89.28912
-89.79523
-89.56601
-91.52090
-86.98830
-84.47900
-86.95730
-88.32089
-89.05057
-89.28712
-88.30908
-90.00238
-82.37355
-84.78571
-90.04273
-88.65032
-88.60598
-86.97993
-86.97770
-87.03977
-81.72073
-80.58038
-84.62739
-84.58412
-86.36245
-85.91504
-86.28578
-85.44508
-82.71286
-82.88633
-84.33348
-83.89760
-84.46986
-83.58873
-83.78040
-83.14217
-81.76957
-82.46433
-83.74180
-83.04308
-83.71826
-83.02467
-84.01636
-82.36083
-77.03493
-79.61874
-81.66661
-81.48404
-82.39452
-82.35043
-82.92364
-81.63720
-81.02098
-82.32590
-83.23142
-83.21726
-83.67938
-83.61590
-84.63877
-83.58756
-82.51995
-84.30819
-84.79349
-84.91714
-84.83508
-84.45411
-84.40492
-83.33878
-82.27459
-83.16412
-83.70588
-83.79971
-84.65582
-84.40563
-86.42293
-81.40711
-82.41454
-87.12598
-85.81151
-86.24039
-85.50458
-86.04344
-87.91931
-84.61842
-84.46359
-89.86463
-89.37348
-90.28598
-89.87410
-90.09752
-89.59012
-86.15840
-86.52120
-90.06361
-89.68355
-90.81794
-89.11825
-90.05720
-90.06694
-86.26526
-85.29879
-89.11016
-88.87577
-91.40792
-90.39238
-92.96421
-90.37189
-82.47921
-89.77128
-94.10044
-92.03635
-94.61688
-92.55071
-95.22602
-92.80280
-82.48013
-86.20696
-95.63768
-92.66654
-95.92137
-92.82288
-96.32521
-92.23772
-87.48803
-90.92860
-97.84085
-95.70158
-100.68275
-95.03657
-101.10022
-90.46152
-81.05441
-81.24522
-84.39670
-84.82641
-87.71175
-85.91610
-90.53957
-83.70149
-83.44222
-89.21782
-88.45198
-85.03380
-78.51534
-79.95516
-81.68467
-80.89237
-80.22760
-84.52702
-85.98284
-85.82673
-85.42022
-84.18509
-86.31082
-82.06363
-79.05269
-80.97210
-82.71458
-82.95882
-82.45109
-82.03270
-82.80436
-81.77358
-81.67731
-82.86423
-82.94324
-82.51028
-82.35256
-82.30595
-83.44865
-77.55920
-78.38114
-81.95478
-81.53819
-82.60276
-81.62699
-82.00926
-81.40222
-80.45505
-80.48860
-81.26882
-82.47148
-83.91662
-83.30943
-83.26565
-82.38800
-80.70966
-81.11608
-81.75562
-81.89358
-82.91340
-82.88382
-83.31933
-83.04275
-81.55451
-81.93635
-83.55202
-84.02960
-86.92981
-86.92572
-88.67036
-83.45730
-80.23988
-83.32420
-83.62173
-84.08117
-85.16355
-85.54079
-86.51547
-85.09048
-82.51504
-84.45673
-84.97426
-85.34373
-86.06151
-85.88117
-87.23500
-86.12752
-85.66911
-89.81075
-89.88721
-89.09564
-88.53794
-88.31983
-89.62520
-87.33504
-84.37666
-86.36791
-87.63310
-87.10562
-87.39385
-87.77842
-91.87293
-83.36054
-86.58157
-94.78493
-90.86176
-92.20087
-93.06360
-91.18383
-91.70974
-82.06829
-79.80368
-84.53673
-85.56771
-89.21763
-89.13947
-90.56641
-90.27680
-86.75827
-87.93852
-92.79987
-91.00773
-92.47920
-91.20045
-91.35924
-93.13406
-81.32739
-78.80301
-82.65774
-82.71453
-86.14840
-85.63999
-89.77872
-86.25178
-81.73920
-87.19153
-88.57914
-88.19743
-79.40293
-78.52383
-80.97179
-81.37827
-78.60405
-80.21764
-83.41878
-82.99153
-85.05984
-85.52149
-86.32339
-83.61324
-79.27915
-80.15397
-82.69453
-81.74070
-82.27021
-82.73218
-83.98214
-82.22640
-82.13321
-83.20285
-83.99320
-83.72203
-85.29981
-83.50452
-85.56072
-79.49927
-76.93160
-80.41201
-80.68394
-81.76478
-81.51847
-82.07141
-82.10913
-81.79654
-81.63946
-83.18661
-83.25261
-83.82716
-84.16029
-84.27775
-84.28277
-82.41576
-82.42462
-84.89202
-85.30906
-84.84768
-84.79530
-85.85256
-86.43706
-84.12386
-83.42870
-85.34917
-85.34249
-86.12239
-85.45742
-86.08525
-85.86745
-81.05140
-85.82234
-88.71270
-87.61459
-88.64180
-87.22581
-88.19255
-88.06521
-82.01335
-82.23544
-85.88442
-86.13731
-89.06025
-88.14370
-89.76286
-88.25229
-85.67418
-88.06146
-89.48906
-89.16059
-90.28411
-89.49684
-90.95811
-89.11570
-85.39314
-86.59522
-90.26275
-89.20764
-91.31694
-88.83193
-94.45380
-85.55854
-84.13736
-93.97211
-92.68125
-92.99407
-93.25187
-90.80374
-96.02240
-85.26839
-77.15257
-79.86876
-81.71213
-83.74773
-86.06902
-87.49405
-89.92508
-87.11147
-86.82099
-90.73132
-92.81440
-93.03895
-95.68712
-94.22648
-103.42293
-85.88397
-80.66551
-83.59586
-83.96693
-85.13679
-86.03057
-86.34256
-88.41791
-81.72809
-85.93533
-89.98230
-90.50317
-82.14612
-78.32700
-81.22272
-82.18593
-80.44388
-80.10293
-83.98055
-84.93528
-86.36136
-86.02546
-87.11063
-87.12543
-80.71248
-79.82441
-82.10466
-81.12257
-81.86904
-82.14102
-82.42619
-82.32544
-82.10091
-82.23074
-83.41425
-83.45752
-84.21504
-83.19317
-84.54892
-82.17700
-77.54462
-79.77641
-80.94328
-81.45259
-81.51224
-82.17321
-82.63570
-82.23376
-80.46176
-81.43390
-82.84320
-82.25160
-83.38489
-83.10907
-84.05166
-82.44571
-81.72793
-83.62969
-85.03908
-86.40241
-86.13902
-85.74252
-85.83958
-84.30060
-82.04749
-82.83149
-84.10643
-84.67450
-85.18889
-85.50122
-87.65866
-81.19989
-83.06252
-87.50370
-85.33760
-86.84265
-87.11640
-86.62703
-87.64383
-82.41113
-79.94974
-84.10911
-84.33244
-85.89560
-86.36823
-86.80655
-87.20381
-84.34116
-85.33865
-87.46524
-89.00359
-84.61074
-81.92262
-83.90544
-84.83793
-84.07356
-83.86618
-87.17065
-86.86374
-89.47023
-88.82303
-90.12846
-88.15655
-80.69708
-83.24207
-86.79931
-87.01800
-89.24031
-88.08122
-90.08354
-88.55837
-82.09088
-85.37258
-90.46009
-89.32392
-82.44023
-80.97314
-84.25448
-84.34544
-84.98563
-88.07461
-92.41124
-91.58815
-94.87068
-92.75662
-100.89242
-89.61389
-78.51807
-78.87915
-81.66708
-82.61405
-85.78514
-85.04909
-90.14344
-82.86964
-83.29387
-88.95747
-90.44041
-84.86681
-78.13690
-79.72285
-81.28546
-81.97614
-82.48758
-83.97631
-84.19716
-84.92881
-84.51468
-83.86110
-85.42344
-81.90603
-78.97285
-80.88739
-81.99437
-82.63009
-83.03518
-83.49434
-83.73919
-82.23952
-82.26438
-83.57237
-84.16168
-84.51067
-84.66088
-84.12742
-84.53896
-77.54943
-78.23177
-80.82807
-80.19725
-80.96001
-80.79535
-82.26975
-81.79727
-81.39979
-81.52016
-82.78379
-82.84223
-83.11488
-83.06983
-83.41340
-83.15693
-81.15031
-82.04111
-83.39861
-83.72387
-83.19085
-82.79531
-83.35069
-82.68416
-81.77995
-82.63831
-84.05688
-83.60719
-84.90795
-83.66168
-85.87407
-81.97675
-80.41904
-84.37318
-84.55464
-85.69750
-86.03672
-86.28443
-87.48917
-84.35785
-81.76891
-85.25532
-86.19306
-87.25117
-88.11767
-87.76471
-88.10913
-85.24276
-84.18914
-86.65036
-86.52663
-87.54661
-88.55082
-89.52826
-90.12558
-86.92617
-84.78418
-87.68484
-88.65395
-89.28562
-89.98497
-89.28535
-92.34795
-82.66077
-85.63148
-92.20363
-90.13360
-91.15713
-91.65420
-90.69467
-94.71964
-80.25120
-76.95387
-81.61251
-82.12948
-85.37775
-86.16269
-88.40037
-88.47001
-85.79046
-87.72117
-92.13445
-91.68355
-93.15955
-93.13793
-94.69366
-95.68674
-87.30877
-90.32212
-96.14248
-94.94385
-95.58725
-94.76598
-95.86716
-96.14586
-97.49974
-97.18228
-98.23755
-97.67264
-99.30636
-97.68218
-99.43988
-93.97944
-87.02953
-92.62748
-97.14949
-97.56884
-99.06528
-98.61527
-100.18381
-99.15335
-100.98217
-98.66284
-100.28969
-97.93139
-100.70793
-97.65614
-104.73090
-92.59518
-87.43828
-95.70097
-98.53708
-101.32668
-100.78185
-101.49135
-101.20374
-102.10391
-102.07952
-101.68469
-102.40726
-100.99745
-103.24706
-99.99814
-107.24993
-90.51523
-88.26398
-98.29611
-100.44642
-104.04104
-104.76148
-100.92643
-119.76524
-85.27632
-83.36546
-95.46061
-96.79504
-106.10985
-103.58437
-104.73849
-143.62978
-82.96253
-79.52273
-83.05995
-82.36368
-84.87920
-84.64591
-85.06131
-85.03031
-81.50790
-80.77605
-83.53358
-85.01347
-78.70757
-78.39446
-80.63614
-81.24707
-75.43870
-76.72132
-83.19471
-82.78615
-84.15500
-83.88517
-84.55624
-83.57750
-80.15014
-79.73162
-81.78803
-81.22217
-81.81123
-81.95975
-82.40153
-82.32539
-82.99102
-82.29313
-83.41825
-81.18806
-81.19712
-82.78886
-83.67849
-81.87270
-79.32641
-80.14611
-80.82814
-80.45629
-80.23320
-81.03788
-83.27341
-80.13339
-75.13275
-79.37237
-83.37638
-82.85651
-82.20694
-82.29731
-82.98525
-83.48301
-84.26474
-84.07258
-82.83082
-82.41627
-82.20349
-82.38785
-83.35013
-82.13045
-82.71509
-84.71558
-84.58946
-85.82479
-86.33281
-84.61858
-86.16726
-76.70144
-78.35560
-84.70531
-84.91463
-83.60592
-82.17777
-83.02983
-85.62795
-76.91661
-76.46459
-87.10445
-85.67552
-88.67808
-86.26133
-87.64555
-86.59317
-87.02951
-85.91089
-87.13735
-86.91501
-88.70160
-87.33515
-90.61783
-86.45775
-83.08813
-86.82224
-87.19953
-87.62087
-84.78393
-88.07507
-90.13874
-88.41831
-83.10744
-83.53391
-88.58563
-88.52361
-86.69372
-87.52487
-93.85017
-85.85612
-74.97393
-78.47662
-86.39076
-85.85786
-91.32998
-88.46098
-95.48317
-86.57990
-92.02051
-91.78946
-98.56397
-83.73963
-75.78402
-82.28509
-97.19203
-84.31489
-78.15541
-80.91848
-82.44754
-83.79138
-85.88899
-85.52880
-89.42567
-81.14249
-81.33912
-84.44717
-88.49431
-81.17883
-77.64762
-79.60917
-82.20490
-77.04810
-74.73732
-80.15758
-81.31611
-82.02192
-82.49775
-84.41079
-84.10137
-79.39805
-79.66034
-81.21935
-80.97420
-81.27693
-81.27798
-83.03207
-82.87895
-82.86912
-81.90660
-82.22296
-82.18198
-81.01030
-82.36430
-83.46106
-82.94846
-79.11473
-78.99495
-80.56291
-80.99005
-80.35290
-80.12441
-82.31738
-81.16004
-74.59882
-76.69925
-81.54843
-81.33836
-83.29269
-82.71922
-83.57352
-83.38035
-83.21408
-83.92713
-85.20165
-83.47721
-84.31795
-84.85151
-85.56164
-83.08204
-82.51663
-84.92617
-85.01248
-84.26796
-84.67181
-84.22977
-85.76400
-83.32784
-81.19076
-82.02306
-84.51418
-84.18064
-83.92440
-85.11144
-90.23265
-81.18622
-75.63823
-82.48293
-87.38701
-87.62716
-88.06015
-88.60548
-89.10453
-89.95089
-90.43322
-90.52545
-91.16013
-90.58906
-90.05578
-89.58791
-89.68537
-89.96955
-90.05464
-89.56885
-90.67452
-86.33940
-89.28316
-92.42518
-91.83185
-85.32263
-83.45599
-86.28140
-88.99254
-86.51802
-86.52108
-90.26681
-90.70817
-75.64095
-75.45963
-81.77384
-81.69920
-86.08894
-84.95884
-89.01997
-86.95115
-90.40601
-88.22740
-93.75816
-85.83711
-75.38891
-78.30184
-94.65338
-85.42657
-80.32662
-80.11940
-84.61851
-80.06532
-77.25330
-84.27024
-86.02594
-84.04184
-80.95992
-81.07218
-84.91377
-82.12630
-76.91516
-77.91427
-81.58048
-78.74157
-74.88713
-79.00015
-84.71695
-80.94809
-82.67779
-84.27134
-85.18686
-81.94479
-77.77258
-78.67415
-80.53083
-81.92754
-83.06629
-82.79546
-82.96943
-82.57280
-82.86257
-82.57348
-82.79626
-81.03526
-81.97748
-82.90196
-83.73550
-79.79999
-78.24341
-80.10685
-80.91908
-80.58959
-80.35109
-80.76392
-82.52013
-76.63079
-75.80971
-82.48166
-82.39571
-83.85069
-83.12579
-84.04549
-84.03577
-81.56088
-81.00584
-83.24847
-83.81585
-83.81888
-83.76265
-84.08960
-83.83874
-82.05817
-83.75097
-84.20220
-83.44613
-83.87916
-83.17278
-83.85812
-82.85531
-80.27400
-80.29876
-82.03893
-82.10249
-81.52875
-82.43158
-84.95825
-82.90459
-74.40009
-77.00494
-83.30901
-82.25666
-83.33614
-82.74246
-86.76624
-85.22450
-82.37991
-82.72261
-87.11822
-85.80319
-82.38248
-83.77050
-85.93805
-85.95278
-86.96188
-86.77422
-89.43736
-85.48699
-85.43252
-88.73313
-89.76374
-86.47660
-83.50149
-85.31720
-86.43230
-87.71610
-88.39772
-89.01418
-88.55334
-87.51971
-87.80188
-88.26444
-90.95007
-83.87134
-80.18943
-83.35343
-84.93097
-87.91933
-88.45906
-90.73016
-90.72209
-93.58796
-92.68349
-91.99897
-91.66232
-80.30173
-77.97599
-81.80513
-81.94526
-84.62908
-83.55728
-86.23530
-85.15402
-77.21232
-80.59881
-85.88018
-85.84746
-77.67669
-77.18366
-81.07924
-81.16751
-75.96581
-77.19447
-83.08568
-81.94050
-86.45977
-83.94754
-88.23700
-81.91113
-75.26399
-78.87002
-81.33946
-81.93388
-83.06999
-82.32177
-83.67014
-82.95705
-84.35403
-83.89182
-85.75511
-82.88365
-83.39115
-82.92984
-86.16759
-78.50076
-75.31530
-79.07463
-80.11432
-80.84399
-80.22590
-80.78108
-82.91474
-78.57780
-74.42769
-79.75727
-83.05795
-82.91794
-83.84995
-82.81397
-86.42413
-77.47757
-76.77495
-82.71657
-81.87423
-84.04032
-83.10362
-83.81389
-83.27281
-82.21725
-82.63196
-83.83529
-83.95515
-85.40782
-85.11392
-84.58751
-85.70757
-76.66659
-78.95537
-84.11746
-84.14920
-84.07748
-83.80971
-86.68653
-88.41660
-77.63867
-76.66164
-87.93423
-85.40638
-85.89269
-87.15795
-93.10015
-86.70596
-77.02702
-81.29604
-88.24214
-89.03086
-92.66168
-89.67526
-92.90550
-89.15388
-91.61225
-88.27861
-92.13981
-87.27977
-87.37526
-88.37228
-96.65512
-84.41284
-77.18490
-83.86713
-88.73358
-89.13889
-87.01399
-87.40844
-94.33608
-84.28788
-74.42020
-76.89084
-82.18782
-82.05259
-87.25868
-84.33141
-95.08662
-79.98739
-77.79121
-85.05324
-91.19559
-82.95124
-75.79754
-83.00590
-95.95303
-81.70301
-76.58651
-78.18759
-78.95473
-79.59009
-80.88129
-80.12115
-81.72359
-75.60539
-75.80328
-79.20103
-80.52342
-77.50022
-75.65088
-76.72567
-78.52539
-75.30550
-73.90106
-78.80573
-78.82984
-80.53815
-79.49300
-79.96712
-79.89966
-72.83493
-74.10177
-77.25743
-76.73212
-77.67191
-77.03563
-78.07287
-76.86186
-77.19335
-77.86853
-79.02593
-77.59596
-77.19058
-77.66431
-79.46631
-77.84574
-73.63145
-76.18457
-77.90590
-78.44231
-77.97335
-78.00430
-79.21558
-77.55073
-72.82475
-74.87946
-79.78841
-78.75512
-79.88040
-78.83971
-80.98891
-77.37284
-75.06437
-78.32172
-79.84286
-80.49027
-80.65763
-80.27983
-81.06640
-79.62899
-79.02833
-80.11415
-80.49226
-80.20008
-81.67163
-80.82697
-83.49522
-77.25140
-75.82532
-80.11420
-80.36074
-79.93272
-78.80099
-79.76020
-82.11895
-77.41331
-74.45673
-80.42778
-81.59884
-81.13599
-81.70396
-81.96343
-83.70717
-76.81604
-77.26780
-82.01347
-82.07116
-84.36926
-83.82842
-85.54760
-84.60716
-83.86858
-83.50623
-84.65109
-83.42362
-81.79948
-83.63112
-86.07897
-85.29399
-76.44538
-78.26763
-83.11554
-83.11651
-82.40535
-82.16242
-86.12123
-85.21757
-74.91745
-75.19111
-82.53633
-81.17102
-85.65529
-82.73089
-87.58974
-82.63101
-76.41476
-80.46718
-85.18090
-83.34505
-75.25250
-77.01937
-88.04403
-81.32779
-75.89156
-76.52411
-78.87897
-78.38040
-80.33903
-78.92597
-82.26978
-77.35540
-74.79203
-78.36932
-80.68227
-79.29203
-75.55227
-76.44701
-78.77658
-76.91713
-73.03956
-76.38146
-78.78332
-78.90465
-80.65668
-79.14252
-81.91578
-75.90766
-74.37753
-78.00955
-77.85390
-79.09726
-78.82301
-79.73081
-79.83854
-80.41335
-79.85727
-79.62554
-79.75076
-78.52805
-79.54815
-80.15540
-81.02810
-74.47912
-75.36202
-77.92592
-78.42390
-78.74422
-78.13410
-80.34833
-80.98498
-74.74878
-73.85131
-79.52382
-79.12589
-80.52456
-79.36294
-79.89497
-78.74265
-74.34860
-76.76980
-79.99859
-79.57360
-80.76827
-80.13062
-81.20246
-79.79335
-79.50799
-80.15184
-80.94897
-79.69202
-81.21688
-79.81541
-82.54758
-78.27400
-73.82280
-78.63033
-80.39256
-81.13605
-79.96384
-80.20213
-82.24230
-80.34261
-74.73173
-77.84516
-83.64979
-82.01311
-83.28000
-80.63303
-84.14778
-78.55534
-75.57506
-81.07536
-83.15279
-84.49384
-84.28847
-83.64585
-85.05475
-81.86893
-82.31183
-83.76263
-84.05233
-81.65127
-82.12735
-83.15051
-85.99971
-77.83287
-76.89082
-82.41523
-82.96048
-83.05018
-81.90403
-82.86619
-85.69087
-75.98853
-72.85222
-78.20357
-78.95807
-81.01868
-81.07163
-82.14145
-83.35929
-76.08771
-77.54128
-81.56413
-82.03466
-76.83799
-75.76191
-83.89754
-80.12614
-75.45093
-77.24184
-78.76141
-77.68800
-79.57271
-78.32003
-79.64974
-77.57210
-73.86208
-76.79825
-78.98283
-78.54484
-76.13781
-76.07309
-78.07629
-76.11873
-73.70676
-76.77855
-79.67890
-78.79064
-80.15020
-78.67384
-80.83445
-75.89911
-72.87040
-77.37094
-77.98240
-78.68787
-79.13918
-78.61515
-77.86949
-78.21756
-79.19418
-79.04427
-80.03880
-77.95805
-78.80846
-78.25922
-79.92177
-75.50386
-73.76167
-77.33912
-78.01826
-77.81310
-77.78433
-78.49896
-78.76251
-74.67316
-74.35073
-79.55830
-79.89283
-80.32034
-80.58603
-80.48302
-81.04927
-74.66147
-74.79748
-79.53277
-79.00770
-80.72337
-79.49193
-80.99398
-79.66815
-77.78118
-78.78129
-79.83878
-79.46378
-80.82635
-80.40161
-80.94146
-80.72132
-74.75074
-76.58647
-80.39738
-79.70265
-79.33985
-79.58108
-82.42342
-80.18235
-73.92269
-76.18134
-81.49977
-81.26932
-83.61019
-81.71314
-83.76140
-79.60656
-74.78224
-78.79131
-82.61844
-83.51926
-80.99862
-80.26121
-82.74440
-81.12680
-81.80761
-81.06081
-83.24263
-80.28293
-81.98266
-81.75745
-84.93566
-77.88114
-73.72117
-79.42016
-81.51859
-81.06352
-80.87089
-81.73495
-84.25901
-76.82515
-74.23972
-79.97800
-82.92784
-81.56402
-78.13774
-78.97130
-82.18822
-76.80618
-76.00023
-82.17775
-84.90221
-77.28598
-75.66102
-82.16075
-85.02940
-76.67297
-74.90435
-78.14803
-78.08911
-78.85987
-79.03802
-79.68007
-79.88324
-73.95548
-75.68064
-79.91750
-79.63573
-76.99076
-75.53003
-77.87200
-78.10051
-73.74271
-74.44457
-79.04142
-78.57237
-78.93699
-78.22583
-79.52810
-77.76447
-72.66338
-74.72485
-77.94046
-77.50579
-77.67921
-77.53642
-79.00001
-77.53452
-77.72948
-77.78086
-78.57288
-77.19516
-78.25933
-78.30111
-79.57550
-77.22475
-72.84364
-75.68361
-77.11312
-77.40411
-77.30207
-77.49172
-79.40954
-75.56147
-73.13845
-76.41480
-78.18668
-78.79037
-79.45679
-78.20886
-79.10364
-74.56942
-73.81234
-78.23799
-79.05349
-80.19902
-80.03837
-80.19327
-79.93614
-78.48064
-79.27226
-80.23819
-79.99680
-80.33706
-80.34463
-79.19280
-81.87970
-75.91465
-75.09151
-80.06256
-79.75618
-79.81409
-79.56965
-81.45924
-83.15297
-75.69234
-75.23982
-80.51108
-80.59684
-82.59517
-82.57049
-82.96582
-83.11189
-75.51011
-77.39766
-82.60600
-81.66047
-83.42746
-81.54624
-85.18338
-82.72245
-81.03241
-81.62636
-83.09594
-79.77118
-80.25895
-81.33084
-82.80581
-81.56778
-75.21718
-77.85215
-81.52744
-80.00890
-79.57937
-80.64828
-83.51730
-79.21736
-72.60914
-74.81832
-79.00158
-78.66340
-81.62117
-79.92448
-81.81796
-78.09294
-75.10432
-78.16378
-81.60818
-78.22290
-75.06444
-79.89904
-83.66054
-80.37669
-78.05646
-78.55523
-79.86999
-79.18414
-80.51156
-79.89001
-82.43084
-80.32951
-78.51464
-78.96102
-82.63190
-79.88424
-77.60016
-78.07586
-79.90386
-77.72810
-73.85494
-78.97559
-83.11297
-82.50831
-83.32484
-81.96348
-82.64681
-81.28629
-78.21526
-79.84991
-81.35535
-81.75372
-81.76114
-82.20487
-82.51441
-83.23682
-83.39442
-83.35643
-83.86317
-81.29862
-82.01723
-83.26114
-83.98897
-81.17709
-80.82878
-83.15362
-85.09880
-82.89645
-82.52832
-83.90924
-84.48604
-76.22357
-76.68367
-83.55100
-82.71517
-84.72843
-84.43798
-86.30322
-84.36057
-81.91909
-81.85599
-84.04057
-84.53295
-85.55921
-86.26219
-88.03970
-85.71858
-83.66302
-86.03552
-86.83249
-86.91220
-89.06468
-87.91139
-89.90811
-87.22710
-82.17184
-82.28824
-86.84582
-86.96043
-86.53059
-86.84091
-91.79644
-83.52170
-75.01252
-80.86811
-88.25141
-87.27377
-89.92672
-88.39877
-90.68851
-86.62392
-82.72915
-84.54073
-88.71258
-88.67785
-89.45839
-90.89019
-90.89002
-91.25868
-93.25076
-91.66036
-94.11415
-87.13653
-87.77603
-91.63078
-95.23744
-84.17528
-81.65184
-85.85461
-89.84514
-88.69638
-87.64130
-90.29911
-98.68019
-79.64786
-75.79134
-84.12505
-85.96190
-89.42083
-90.02915
-90.88870
-92.35961
-85.04783
-83.40353
-87.22960
-98.22793
-78.48399
-77.44819
-91.74561
-94.25553
-81.18567
-78.72912
-82.68529
-82.79180
-86.35526
-85.80287
-89.46645
-88.63430
-83.36685
-83.52399
-88.60381
-89.88872
-79.13594
-78.50927
-82.04424
-81.78076
-74.49410
-77.32387
-83.50646
-83.61078
-87.47919
-86.23499
-89.60937
-85.72834
-81.38151
-82.33528
-85.42686
-88.12558
-89.04939
-88.51161
-90.64382
-89.72613
-91.28993
-89.69569
-92.49323
-85.70491
-85.03121
-89.44635
-90.92846
-85.73258
-82.63254
-84.07356
-90.34927
-89.20473
-87.73744
-88.42424
-96.43083
-80.55297
-75.42234
-84.48983
-88.74381
-89.26207
-89.03632
-90.41961
-92.94486
-85.18258
-82.10164
-85.66009
-89.56123
-91.84997
-91.23943
-91.97962
-90.86349
-85.46635
-88.66553
-92.91612
-91.12374
-92.23036
-91.47690
-92.62516
-93.64305
-84.92186
-83.25370
-87.67007
-92.83876
-88.83742
-88.31723
-93.97588
-93.01229
-75.97839
-77.97366
-90.98571
-89.90824
-94.41180
-90.79676
-95.45282
-92.00721
-84.52710
-83.81892
-89.90405
-93.31983
-95.94229
-94.02711
-96.18657
-93.89065
-95.97022
-92.46310
-97.69768
-90.62514
-88.28769
-91.94436
-96.83749
-87.07992
-81.50775
-83.97529
-89.68020
-89.46078
-86.38460
-87.43657
-100.20361
-82.48686
-73.71433
-77.95880
-81.87459
-83.30373
-85.92015
-85.75708
-90.62797
-84.97946
-83.06716
-84.04715
-95.55130
-81.05534
-75.77488
-84.43492
-96.29084
-84.28687
-81.01905
-83.63911
-84.05764
-84.89600
-85.81625
-85.95235
-86.65091
-82.88681
-82.09568
-83.37402
-86.33591
-79.71979
-78.17402
-81.04494
-82.49642
-75.49428
-75.76222
-83.52282
-83.22186
-84.71779
-84.33242
-85.35645
-86.18239
-79.86906
-78.41056
-81.16730
-82.43902
-83.65471
-82.60262
-83.25008
-83.13772
-83.56777
-82.67494
-83.33756
-81.89235
-81.46361
-83.86227
-84.72077
-83.58817
-79.34130
-79.00451
-81.94288
-82.62410
-82.06006
-81.54593
-84.02724
-81.02894
-74.51073
-79.01531
-84.66592
-83.69636
-85.27474
-84.22306
-83.93871
-82.98734
-81.12204
-81.66311
-84.00867
-83.88085
-85.14356
-83.66851
-84.39547
-82.77621
-84.05631
-86.06613
-85.86314
-86.49885
-85.25450
-84.08848
-86.22445
-83.50500
-81.48233
-83.75412
-85.46732
-84.29832
-83.59580
-83.48402
-86.61595
-76.78502
-74.39240
-80.89179
-80.96806
-83.03747
-84.12549
-84.65126
-85.47863
-82.41713
-80.96661
-83.09973
-85.92583
-82.62845
-81.34696
-83.52879
-84.65487
-85.66248
-85.21642
-86.58412
-85.50998
-83.42959
-84.04962
-85.88548
-85.36194
-79.27411
-79.12818
-82.23434
-82.81356
-83.67302
-83.20342
-84.81677
-84.76078
-76.37449
-78.62822
-87.06491
-83.52287
-80.12234
-80.44445
-83.64939
-82.31975
-82.07814
-81.63301
-86.85576
-83.48758
-76.12815
-79.37975
-89.14484
-84.19183
-77.64927
-78.73891
-81.89251
-82.10391
-85.11549
-84.03303
-87.19758
-85.07295
-82.40053
-82.49031
-90.17972
-83.33765
-78.79226
-79.62332
-82.93489
-78.59885
-74.84191
-81.53847
-83.86646
-85.00538
-87.31200
-87.43279
-89.27419
-83.30216
-79.84349
-82.86321
-84.84831
-87.09112
-87.95914
-88.63971
-88.30582
-88.36476
-88.19795
-87.52412
-88.57891
-84.10080
-86.91523
-89.41597
-89.34580
-82.64819
-80.47699
-83.87950
-86.39116
-84.67503
-85.37036
-88.63700
-89.83180
-76.67325
-77.19369
-88.22315
-87.29393
-89.73038
-89.21391
-91.03662
-88.72330
-83.11230
-82.37373
-86.53342
-86.95715
-88.03955
-87.09312
-88.23741
-86.80544
-85.17296
-88.84378
-89.61781
-88.15859
-91.07447
-89.75368
-91.34943
-88.31991
-83.29417
-83.98756
-91.03570
-90.63008
-87.69937
-87.93857
-94.84993
-82.88180
-75.42440
-82.06568
-89.51481
-89.21984
-92.19077
-89.98925
-93.17397
-87.17804
-82.64938
-85.49727
-90.72622
-92.36870
-92.32524
-92.04363
-92.14747
-92.66119
-92.10916
-92.32936
-94.26415
-87.38730
-87.52089
-93.83886
-93.92621
-84.49820
-82.11011
-86.45041
-90.50547
-88.86287
-86.92171
-90.17640
-97.01677
-77.38509
-74.43981
-80.82308
-81.81969
-85.07903
-85.75321
-86.35075
-90.83610
-76.48643
-76.52403
-76.51134
-77.69843
-77.41692
-78.07141
-91.10681
-88.11104
-89.52974
-85.85221
-87.97478
-86.89831
-87.67538
-87.48791
-87.57248
-87.56019
-87.04444
-86.94615
-87.31273
-88.18669
-88.58545
-89.14173
-88.24757
-89.49303
-87.84288
-89.21901
-88.61616
-89.51891
-87.93429
-87.48952
-87.04517
-86.92849
-86.52941
-87.60860
-88.36047
-88.83845
-89.32103
-88.80885
-87.35972
-85.62309
-85.30827
-86.08159
-86.23861
-86.04638
-87.12714
-86.76573
-87.52588
-87.32381
-85.90871
-86.12854
-85.80559
-85.75029
-85.61390
-85.62869
-86.48090
-85.74211
-86.94733
-87.79386
-87.93095
-88.17473
-86.73362
-85.81966
-86.35578
-85.98165
-86.25529
-87.04014
-86.72233
-86.75460
-86.90981
-88.45492
-88.34371
-86.56574
-87.15384
-87.71073
-87.14589
-88.21583
-89.28910
-88.87895
-88.41148
-89.55657
-89.36879
-87.32640
-86.52878
-87.76919
-88.71545
-89.52084
-89.07236
-87.77759
-88.92479
-89.62874
-88.98224
-88.47865
-88.61513
-88.98173
-89.76256
-89.50382
-89.01060
-89.62107
-89.48943
-87.98806
-87.45730
-88.96422
-89.61207
-89.96071
-90.13293
-89.65945
-88.75638
-89.28488
-89.83083
-89.09403
-89.41032
-90.28244
-90.54806
-89.26177
-89.43031
-90.41740
-90.65142
-89.95003
-89.16578
-88.19818
-89.17059
-89.17556
-89.28453
-90.41362
-90.99786
-91.57512
-90.36391
-90.11930
-90.16544
-90.66245
-91.23601
-91.72746
-90.55213
-91.34030
-92.05513
-92.91833
-92.87898
-91.83418
-92.07566
-92.73986
-92.98599
-91.84873
-91.88427
-92.52227
-93.04406
-92.10178
-91.99515
-91.33559
-91.04946
-92.30917
-93.02826
-92.67620
-92.34603
-90.58487
-89.08106
-89.01756
-89.27021
-89.14307
-89.72252
-90.81114
-90.98742
-90.51709
-90.25321
-90.82019
-90.67345
-89.59214
-89.42670
-89.87273
-89.31922
-88.64942
-88.63038
-88.71235
-88.63112
-90.18166
-90.58563
-91.15163
-91.56629
-89.48178
-90.08248
-89.98989
-89.64106
-88.60129
-87.76398
-89.21859
-90.64236
-90.09972
-88.75152
-88.54346
-88.70863
-90.30081
-90.58932
-89.44195
-88.42024
-88.04431
-88.34555
-89.26706
-89.13111
-88.47309
-88.61101
-89.11731
-89.76273
-89.09309
-89.53023
-89.27079
-89.81360
-90.72603
-89.58640
-90.21455
-91.01948
-91.15296
-91.82243
-91.73980
-92.42120
-91.57754
-90.29275
-91.26863
-90.98360
-89.65932
-91.09508
-92.80462
-92.23083
-92.42728
-93.35972
-93.44477
-93.07407
-92.35180
-92.13499
-93.34067
-92.37800
-91.99938
-92.50430
-92.58471
-91.81167
-91.49037
-91.66356
-89.58389
-89.26358
-90.51201
-90.53261
-91.61765
-92.32186
-90.22084
-90.47612
-91.30704
-91.22462
-91.10067
-90.88389
-90.64164
-90.42353
-90.48141
-91.21673
-92.60880
-91.26324
-90.56346
-90.88915
-90.30175
-89.10551
-89.07711
-89.94254
-92.36065
-90.45801
-87.70438
-87.72866
-87.45171
-87.62041
-88.22159
-88.50588
-88.37214
-88.13328
-87.97442
-87.49697
-87.27035
-87.17379
-84.90296
-84.34003
-83.97433
-83.05748
-82.94720
-83.65869
-84.17353
-83.70658
-84.24616
-84.22181
-83.97251
-83.77250
-83.13864
-83.14525
-83.68443
-84.15970
-84.30364
-84.88447
-84.98450
-83.76126
-82.93837
-82.94786
-83.36072
-83.07427
-83.33903
-83.96811
-84.32214
-84.39220
-84.01629
-83.39705
-84.35605
-85.28957
-84.35227
-83.19286
-83.31303
-84.67564
-85.35958
-84.93260
-83.65714
-84.09146
-84.84859
-84.99619
-83.87012
-84.01875
-85.34189
-85.34987
-84.06706
-83.61491
-84.73323
-85.16108
-85.07865
-85.42823
-85.31409
-85.08258
-85.93870
-85.52455
-85.36249
-85.70322
-85.91532
-85.62268
-85.25815
-85.88100
-86.30189
-86.36722
-86.26687
-85.33385
-85.23150
-86.65751
-87.10632
-86.33534
-86.17809
-85.93612
-86.29570
-85.03244
-85.35556
-86.20955
-86.04489
-87.46723
-86.02861
-86.59270
-86.07834
-85.50248
-86.89312
-87.51929
-86.13994
-86.02112
-86.28554
-86.03331
-86.61363
-85.81583
-86.37302
-85.57706
-86.13554
-86.46309
-86.22779
-87.01278
-87.01780
-87.25361
-88.24444
-88.86723
-88.08899
-88.99227
-89.55959
-87.78596
-86.73215
-87.74427
-87.62416
-87.75393
-88.66537
-89.47760
-89.51350
-88.89116
-88.41124
-88.44454
-89.40008
-90.18133
-90.49171
-89.84523
-90.81388
-92.18834
-91.96762
-89.85016
-91.52867
-95.74326
-93.26501
-91.29665
-90.56511
-90.98464
-92.35860
-94.85322
-96.09401
-95.25154
-92.91869
-93.87933
-95.26454
-94.66633
-94.89476
-92.25604
-93.10148
-94.47011
-95.32520
-94.86046
-94.18667
-94.40869
-93.61092
-95.50145
-96.30897
-95.51541
-94.61212
-94.23395
-94.20618
-94.38642
-95.32733
-95.75760
-94.53196
-95.26036
-94.38436
-94.25039
-96.10360
-95.94567
-96.98069
-95.00835
-94.52080
-94.59053
-94.59114
-95.89268
-96.70146
-95.20975
-93.87671
-94.01754
-93.63794
-94.83132
-95.10850
-94.90096
-95.55815
-96.25614
-96.36466
-95.89507
-95.19649
-94.40234
-94.18070
-94.84353
-96.29986
-97.19393
-96.83903
-96.13529
-96.81451
-95.16237
-94.26519
-95.39351
-94.96692
-94.78415
-95.63559
-96.28311
-95.97904
-95.77203
-96.14339
-96.00531
-95.87390
-96.57148
-96.67456
-97.75684
-96.86648
-95.56946
-95.90107
-95.39962
-96.18460
-97.47063
-98.23732
-98.05212
-97.16848
-96.38428
-96.40170
-95.70856
-95.83652
-97.14677
-96.17633
-96.07526
-96.57966
-96.04341
-96.00193
-97.54437
-98.51244
-98.00274
-97.67011
-96.34308
-96.08505
-96.47906
-97.58847
-98.60797
-98.27941
-97.26512
-95.95149
-96.88318
-97.21782
-97.83883
-98.75142
-98.44875
-99.12837
-99.46571
-96.24812
-94.67708
-95.69054
-96.09466
-96.55361
-96.21214
-95.98970
-96.13068
-96.21394
-96.35134
-96.46902
-96.94904
-97.51119
-97.15961
-97.43296
-97.84871
-98.66095
-98.79107
-99.56181
-100.01060
-99.60546
-98.97748
-99.07110
-99.67547
-95.12387
-94.15044
-94.98168
-94.95302
-94.96235
-94.27529
-93.88062
-93.45959
-93.22411
-93.34627
-94.00662
-94.48240
-94.83912
-96.05545
-97.93419
-99.03147
-97.87127
-97.92716
-98.19762
-97.71900
-98.12365
-98.02899
-99.11494
-98.90098
-97.48879
-96.83867
-96.47817
-96.99434
-97.78732
-97.93942
-98.66623
-100.40682
-102.42803
-104.41555
-105.28483
-104.14877
-103.78165
-103.45931
-104.71618
-102.27674
-100.09305
-100.41911
-99.25969
-98.60989
-98.21771
-98.49302
-98.37359
-99.27614
-99.66737
-100.21213
-101.04475
-101.46784
-102.05072
-101.96740
-102.27248
-102.35188
-103.67827
-104.32741
-104.05604
-103.84366
-104.27497
-104.73893
-104.53729
-104.84237
-105.45231
-105.67365
-106.43980
-106.22855
-106.52433
-106.58290
-106.00626
-104.78958
-103.95734
-104.53952
-105.32777
-105.85770
-106.64683
-107.02902
-106.15071
-105.82725
-105.15625
-105.65370
-106.13382
-106.77511
-107.86390
-109.83042
-108.62071
-103.13341
-101.03987
-101.73742
-101.96299
-102.29779
-102.26826
-102.21089
-102.24404
-99.87350
-99.70657
-100.53906
-100.50745
-100.85387
-100.85448
-101.37743
-101.01015
-99.19179
-98.09834
-97.64397
-97.52900
-98.16923
-98.61834
-99.33829
-99.80828
-100.08289
-100.61339
-101.09024
-100.86157
-100.09684
-100.40698
-101.67181
-102.40028
-102.03900
-102.42966
-102.62436
-102.62684
-103.19398
-103.72519
-103.48616
-102.32196
-100.57553
-100.73154
-101.25285
-101.80803
-101.78579
-101.15389
-100.88597
-100.33294
-100.43706
-101.05019
-101.96077
-102.76480
-104.03900
-104.23258
-105.13297
-101.49618
-99.78350
-100.33011
-99.74830
-99.52323
-99.41870
-99.65241
-99.96926
-99.63688
-99.74843
-100.47211
-100.10030
-100.59121
-101.38172
-102.32327
-102.45060
-102.97102
-103.96845
-105.15626
-105.71143
-106.57640
-107.19210
-107.50332
-106.68818
-103.42703
-102.28212
-102.93541
-104.40358
-106.04198
-106.77566
-108.67608
-107.68566
-102.97570
-102.80280
-102.98052
-103.39105
-103.62186
-103.56416
-103.75168
-103.39170
-103.31962
-102.40457
-102.73582
-102.71315
-103.73315
-103.77333
-105.00788
-103.73458
-100.09909
-100.67154
-101.31908
-101.47602
-101.65719
-101.57345
-101.71299
-100.77249
-100.38554
-100.74031
-101.16496
-101.50280
-102.30114
-103.52731
-105.28553
-105.88137
-106.53828
-106.51544
-107.05579
-107.38699
-107.66582
-108.62196
-108.71937
-107.13616
-105.29512
-106.55540
-105.91745
-107.24492
-107.10730
-108.32886
-107.62010
-108.38383
-107.64690
-108.25610
-107.10030
-107.77689
-107.28509
-108.22632
-107.27585
-93.05004
-91.03733
-93.51274
-95.47222
-94.38696
-92.55742
-92.42989
-91.94740
-92.11174
-92.27115
-92.97745
-93.37693
-94.17181
-94.89245
-96.77825
-98.37199
-94.35660
-92.61847
-93.40645
-95.27930
-95.90306
-93.93151
-93.24559
-93.50619
-94.17886
-94.88115
-96.21833
-97.76373
-98.44463
-97.22419
-96.56693
-95.69832
-93.81382
-93.09640
-92.71243
-92.83553
-93.49377
-93.63614
-93.86403
-93.60442
-92.95706
-93.49025
-94.17239
-94.94247
-96.60560
-97.68587
-99.29266
-96.16361
-92.72711
-92.95553
-92.32049
-92.55236
-92.22049
-91.73798
-91.98010
-91.90364
-91.90323
-92.11643
-93.22677
-93.88297
-94.39752
-94.42046
-95.74367
-93.51457
-91.97445
-92.65758
-92.73723
-93.16238
-92.96431
-92.85912
-92.85285
-92.45413
-92.11218
-92.49220
-93.00857
-93.31450
-93.22017
-93.77206
-93.96631
-94.77908
-95.66935
-96.37663
-97.02578
-97.75329
-99.09349
-99.51722
-99.01229
-95.87206
-95.80851
-96.40743
-96.40753
-96.07809
-95.55443
-95.46250
-95.37295
-95.79852
-96.36706
-97.83967
-99.17034
-100.14933
-100.50534
-101.43150
-102.03572
-102.18482
-102.21954
-102.50853
-102.40953
-103.12552
-102.61761
-104.56570
-100.03805
-94.60689
-94.41592
-93.79401
-93.52362
-93.53064
-93.66336
-94.03927
-94.09246
-94.62896
-95.00748
-95.75810
-96.37354
-96.87349
-97.12042
-97.89860
-95.25767
-93.36441
-93.59110
-93.45099
-93.86756
-94.16514
-93.91993
-93.53035
-92.23059
-91.72349
-92.49567
-92.98552
-93.98447
-94.54505
-95.28408
-95.59865
-96.19265
-96.57724
-97.48277
-98.59877
-99.20675
-100.38563
-101.03040
-101.61007
-97.36303
-96.39400
-96.95373
-96.55780
-96.14804
-95.63742
-95.40255
-95.52148
-96.38865
-96.58436
-96.76356
-96.95777
-97.00172
-97.65347
-98.05768
-98.66549
-99.14784
-98.99396
-99.42616
-99.42738
-100.07493
-100.46611
-101.32897
-99.12532
-95.75514
-94.63302
-95.05678
-95.59853
-95.07480
-95.21035
-95.87501
-96.08081
-96.63952
-97.68187
-98.43329
-98.96492
-99.13149
-99.50140
-100.05360
-100.84086
-100.95105
-101.80767
-102.69779
-102.82651
-102.38313
-101.89346
-102.46968
-102.81339
-103.33549
-103.27525
-103.07622
-102.98070
-103.47428
-103.60712
-103.85311
-101.56732
-100.13459
-100.33986
-99.87744
-99.70930
-98.49101
-98.15143
-97.87538
-97.81765
-98.15854
-98.66823
-99.93479
-100.82248
-101.60734
-102.39920
-103.14310
-102.33619
-102.16495
-103.43273
-103.46068
-103.40812
-103.67149
-103.70845
-103.56087
-101.27648
-100.34032
-100.58469
-100.89093
-102.00209
-102.06894
-101.83576
-100.68323
-96.60728
-96.33596
-97.39100
-97.15059
-97.86753
-97.37232
-97.66792
-97.42965
-97.54724
-97.86263
-98.75362
-98.61431
-99.75313
-99.90454
-102.21317
-97.63238
-91.17893
-90.61879
-90.67179
-90.97925
-91.19805
-91.34668
-91.63727
-91.34257
-91.34185
-92.37944
-93.41939
-93.63721
-93.34085
-94.84733
-95.72579
-95.63526
-95.97601
-94.61409
-94.74984
-95.15409
-96.35722
-97.03027
-98.83871
-93.59963
-90.64288
-90.76097
-90.25765
-90.85072
-90.39531
-89.96316
-89.42163
-89.43766
-89.89833
-89.75058
-90.54192
-91.45630
-91.44005
-92.15985
-92.20302
-90.81051
-90.48077
-91.09248
-91.40563
-91.98385
-92.15626
-93.26187
-93.39129
-91.41215
-91.38444
-91.45729
-91.53385
-91.90072
-91.42659
-91.73176
-91.95858
-92.67530
-93.52909
-93.83024
-94.14708
-93.76850
-92.89001
-92.56819
-93.73545
-92.78822
-92.06602
-91.52468
-91.59275
-91.78593
-92.10728
-92.14784
-91.86910
-92.92049
-92.82370
-93.59083
-94.43149
-93.71133
-91.81976
-91.72651
-92.64355
-92.92829
-92.97623
-92.79334
-93.37391
-93.83491
-93.30061
-93.24508
-93.45831
-93.83399
-94.22025
-95.13998
-95.73690
-93.60552
-93.42499
-94.84840
-94.09964
-93.76586
-93.83139
-93.45792
-93.35194
-93.74141
-93.54575
-93.41332
-93.84187
-93.82525
-95.05407
-95.21235
-96.17226
-97.02577
-97.39575
-95.79275
-95.56681
-95.21735
-96.10221
-97.53403
-96.40818
-95.58006
-93.24348
-93.45286
-92.30417
-91.69188
-91.88014
-92.49288
-93.37395
-93.08927
-93.54739
-93.83355
-92.51491
-92.55635
-93.63963
-94.08518
-93.86506
-93.63488
-93.62525
-93.51008
-93.96872
-93.46298
-93.97440
-94.36483
-94.00629
-93.29504
-92.49215
-91.77608
-91.76500
-92.46445
-92.91030
-93.43483
-94.04051
-94.26238
-93.72448
-93.47596
-93.23317
-93.71644
-94.17806
-94.07340
-93.00391
-91.64720
-91.67305
-91.82302
-91.88739
-92.21626
-93.06699
-91.77519
-91.98733
-92.84438
-92.34306
-92.41199
-90.95534
-90.91933
-91.22866
-90.95076
-90.78772
-90.87887
-90.92590
-90.63138
-90.87702
-91.55602
-91.79961
-91.84658
-91.95791
-92.11334
-92.36934
-93.59679
-94.50603
-93.72224
-93.24884
-93.83048
-93.54433
-92.23944
-92.58018
-92.50858
-92.67086
-93.03268
-93.05263
-92.86287
-92.52682
-93.04087
-92.89927
-92.24015
-91.55923
-90.99199
-91.74314
-92.20501
-91.44056
-91.60759
-91.73913
-92.62712
-92.75482
-91.81059
-92.27970
-92.78319
-92.80609
-94.05135
-94.28431
-91.89077
-91.92527
-93.39098
-92.04319
-91.32678
-91.27201
-90.81101
-90.80639
-90.17135
-90.90347
-91.88839
-91.89785
-93.12272
-93.62694
-93.35715
-93.37681
-94.22639
-94.45511
-92.69788
-92.09284
-92.01996
-93.06541
-94.68832
-94.33674
-93.93604
-93.76310
-96.05404
-98.08538
-95.65175
-94.68722
-93.98377
-94.20412
-94.45402
-95.13816
-95.25982
-94.10795
-93.18148
-93.55775
-95.67492
-91.96845
-88.37170
-86.43965
-85.56735
-85.59789
-85.57783
-85.98692
-86.76538
-87.26450
-87.52975
-88.29164
-90.60562
-91.67239
-90.12098
-89.31656
-89.12602
-88.31124
-87.60830
-87.40372
-87.18915
-87.10326
-87.98910
-89.54170
-90.33044
-89.94968
-88.79516
-89.28948
-90.55649
-92.67899
-92.08984
-90.78529
-90.30906
-88.31865
-87.25758
-87.11510
-87.47558
-88.68842
-88.69960
-88.43598
-88.52279
-87.86909
-87.57324
-88.21468
-89.06139
-88.74669
-89.42157
-90.41499
-89.43799
-87.45021
-88.10407
-88.11070
-88.03512
-88.06154
-87.30647
-87.92317
-87.72719
-87.48713
-87.47826
-87.95553
-88.15051
-88.17558
-88.11619
-88.66191
-87.14708
-85.65059
-86.05500
-86.07231
-86.25537
-86.41922
-86.36182
-87.18996
-87.35300
-86.71610
-87.13829
-87.41895
-87.73537
-88.35380
-88.76656
-88.80228
-89.46742
-89.41716
-89.27118
-89.75291
-89.74867
-89.44094
-90.16910
-90.83257
-88.94983
-88.48856
-88.77396
-88.98784
-89.16423
-89.70528
-90.37822
-90.55972
-89.39822
-89.40304
-90.24440
-91.02612
-92.11938
-91.72240
-92.14068
-91.19828
-91.16427
-91.12828
-90.64146
-91.16799
-91.92455
-92.22223
-93.83826
-93.67601
-90.39494
-88.99451
-88.38364
-88.06768
-88.03578
-89.12674
-90.19557
-90.10726
-90.17074
-89.80829
-89.78879
-90.30263
-91.30989
-92.58021
-93.52928
-93.14945
-91.83339
-91.76024
-91.30044
-90.32350
-90.80040
-91.64136
-90.78242
-89.88947
-88.22389
-87.80936
-88.08530
-89.60344
-90.95466
-89.91413
-88.97368
-88.37926
-88.38653
-87.61473
-87.71445
-87.38499
-86.88254
-87.38177
-88.69026
-89.02805
-88.67657
-88.17099
-86.88926
-85.88310
-86.31164
-86.83228
-87.01137
-86.65549
-87.39421
-86.77852
-85.47837
-86.66042
-85.36878
-84.12374
-84.98773
-86.74104
-86.34034
-86.60823
-86.52690
-84.93842
-84.78693
-85.49063
-85.30069
-84.85794
-85.41120
-84.68381
-84.14048
-85.01436
-85.13703
-84.25782
-84.20519
-83.63322
-83.61237
-83.61401
-83.80198
-84.41993
-83.89680
-83.74540
-84.35799
-85.21072
-83.81645
-83.63571
-84.44831
-84.64191
-83.94537
-82.96143
-83.78270
-84.14604
-84.32198
-83.66241
-84.06802
-84.21110
-84.20169
-84.39946
-84.04033
-84.51429
-84.04463
-84.46276
-83.96843
-82.71115
-83.98145
-84.76811
-84.96624
-85.70458
-85.78516
-85.48128
-84.89548
-85.19061
-83.46200
-84.36101
-85.65345
-85.96062
-85.68645
-85.96941
-86.22170
-85.13526
-86.11294
-85.48100
-85.38442
-85.45956
-86.57176
-86.12503
-84.80019
-85.61597
-86.22417
-86.12156
-87.01179
-86.31283
-86.57753
-87.73599
-87.19038
-87.08966
-87.40254
-86.74671
-87.84005
-89.26017
-88.01998
-87.84343
-89.34267
-89.88760
-88.09265
-88.03516
-87.53170
-86.91205
-84.76068
-84.05596
-85.42816
-86.87637
-86.51204
-87.47532
-90.19079
-89.08837
-87.31048
-87.90467
-88.26535
-87.65016
-88.65149
-88.66066
-88.88962
-88.85286
-88.86820
-88.09557
-87.59808
-88.43893
-87.84867
-86.98505
-86.10240
-85.76736
-87.13731
-86.44776
-85.91224
-86.47054
-86.53298
-86.10537
-86.10951
-87.66498
-87.70539
-86.68851
-86.98426
-87.85282
-87.22664
-86.03980
-86.70502
-88.33002
-87.89560
-86.95765
-85.85577
-86.10363
-87.15820
-87.54828
-85.85034
-85.28500
-86.80409
-86.22771
-85.48626
-85.69213
-86.76466
-87.14790
-87.27296
-86.81015
-87.55226
-87.93943
-87.02201
-86.16609
-85.62551
-87.43434
-88.35376
-87.29002
-86.01658
-86.46706
-86.66732
-86.65220
-86.98430
-86.65989
-87.29616
-87.18772
-87.71591
-87.44100
-87.68352
-88.19327
-86.53226
-87.56692
-87.98833
-88.20050
-87.94084
-87.37358
-86.87736
-87.16388
-88.35946
-88.39566
-87.84825
-87.00167
-88.60993
-88.31868
-87.79855
-87.65800
-87.26133
-88.02842
-89.35114
-88.74000
-88.40181
-89.20194
-89.73504
-89.01749
-88.77082
-89.39604
-89.12217
-88.86499
-88.80737
-89.93778
-89.24150
-90.36800
-90.33143
-90.38506
-92.21311
-90.49747
-90.10613
-91.38174
-91.41519
-90.95647
-90.21664
-89.09504
-89.24245
-89.23167
-89.83926
-90.71527
-90.34847
-90.33754
-88.97454
-87.69529
-88.21380
-88.04578
-88.33979
-89.22343
-89.39112
-88.89568
-88.83636
-89.87292
-89.13227
-88.16294
-88.43073
-87.87478
-87.01672
-86.26356
-84.61519
-84.39519
-85.98032
-86.18038
-85.81412
-87.84192
-88.79399
-88.13234
-86.89977
-86.37699
-84.48278
-83.71116
-84.72161
-85.08989
-85.79935
-83.99200
-84.03430
-85.39562
-86.26755
-85.54322
-84.41650
-83.92818
-85.99838
-84.74245
-82.20013
-83.29835
-84.69588
-85.38732
-84.38949
-83.29285
-82.87013
-83.56503
-83.57115
-84.64477
-84.62931
-83.63007
-82.55886
-82.96500
-83.11348
-83.65431
-83.34403
-82.24820
-82.84875
-83.52363
-84.06749
-83.66186
-84.39798
-82.72738
-81.86160
-81.83731
-83.67966
-84.63281
-84.83894
-83.27449
-82.64504
-83.63491
-82.11023
-81.99055
-81.86886
-83.58060
-84.62799
-84.63405
-84.54075
-83.77708
-83.13462
-83.22701
-82.74519
-82.40252
-83.92420
-84.16574
-82.71542
-82.97331
-84.06020
-84.52283
-85.36268
-85.50995
-83.84278
-82.80030
-83.34293
-83.83970
-84.96505
-84.43198
-84.76982
-85.66586
-85.87710
-84.94977
-83.22528
-84.41199
-85.56799
-84.56742
-85.32594
-86.27729
-85.83019
-86.16303
-85.25734
-84.78622
-85.63854
-87.20579
-88.78775
-88.41721
-87.41738
-88.04646
-87.91391
-86.99045
-87.26832
-88.58975
-91.26472
-90.33013
-88.27271
-89.24437
-86.02028
-83.63525
-84.26108
-84.05157
-85.22668
-84.85036
-85.64712
-87.18394
-88.34729
-89.99456
-87.20210
-85.87089
-85.94337
-85.14121
-83.92843
-85.60874
-84.33347
-83.42955
-83.95558
-83.33109
-82.64283
-83.93141
-86.64146
-86.08820
-86.80516
-85.94516
-85.31411
-85.34143
-85.41422
-86.11834
-87.13826
-86.64120
-84.73146
-83.50746
-83.73507
-84.02587
-84.14059
-85.10639
-85.08195
-84.87379
-83.92223
-83.17888
-82.75195
-82.96725
-84.86762
-86.07977
-85.70504
-84.69220
-83.32223
-83.53101
-84.33003
-83.08876
-82.68542
-84.13480
-83.40367
-83.80442
-84.65146
-84.06947
-84.08544
-83.08312
-83.13066
-83.60257
-85.40851
-84.51125
-82.97496
-84.25016
-83.25267
-83.12026
-83.51621
-83.20473
-83.07079
-83.69036
-83.19490
-81.80778
-82.46545
-82.54054
-82.53279
-82.71400
-83.85953
-84.37355
-84.04708
-84.31633
-84.90724
-86.72503
-85.64023
-85.17398
-85.58633
-84.35371
-83.92056
-83.97516
-83.72524
-84.40980
-85.43494
-85.69228
-83.83053
-82.93211
-84.44601
-85.20956
-85.84667
-85.25585
-84.78459
-86.12588
-86.03965
-84.94145
-86.10451
-87.26677
-86.71409
-88.58114
-87.81247
-87.65002
-88.24890
-84.91250
-84.34853
-84.08396
-84.07866
-84.39948
-84.29018
-84.74479
-84.70159
-85.02034
-85.91089
-87.08807
-86.98480
-87.42001
-87.46006
-87.21084
-85.91272
-85.16623
-86.64950
-87.87865
-89.80744
-90.44692
-89.05476
-89.08598
-86.69484
-86.49577
-88.83801
-87.52207
-86.52628
-85.41253
-85.80092
-86.49847
-85.53353
-84.26080
-84.32402
-85.16373
-84.26175
-85.73036
-86.67116
-85.97643
-86.48991
-85.81278
-85.41703
-85.55348
-86.94119
-86.08368
-85.02244
-84.65012
-83.35342
-83.91356
-85.75132
-84.22268
-83.12283
-84.36082
-84.07305
-84.64268
-85.90627
-85.25532
-83.55742
-84.58856
-85.77911
-84.42880
-84.03672
-83.02245
-83.17612
-83.14322
-82.74434
-83.29165
-83.53233
-83.92106
-82.54625
-82.68099
-82.48410
-82.93158
-82.79830
-82.71618
-84.00118
-82.74892
-84.75321
-82.82276
-81.96516
-85.13282
-83.97268
-82.62545
-83.62626
-84.21159
-83.88354
-82.65834
-82.28653
-82.33353
-82.84678
-83.49589
-83.07917
-84.55360
-84.03541
-83.01435
-82.98787
-83.59169
-83.34934
-83.53449
-84.20921
-84.38864
-84.77902
-83.80416
-83.83799
-83.73494
-83.86608
-85.49194
-83.98875
-83.62603
-84.97832
-83.58669
-84.57410
-85.89951
-84.65083
-84.76700
-85.78074
-86.15153
-86.46886
-86.77273
-86.74110
-85.61660
-86.05066
-86.39019
-87.12455
-87.11559
-85.80771
-85.84759
-86.00014
-86.88440
-86.90371
-86.95649
-85.24146
-85.32486
-87.51498
-86.91052
-85.69308
-86.00055
-87.18265
-88.95156
-88.91252
-89.46586
-87.75495
-84.71994
-85.88486
-87.34174
-88.49761
-89.34056
-88.82951
-89.66073
-88.32295
-87.86969
-89.25206
-89.71452
-90.26288
-89.34963
-88.59485
-89.71851
-87.60347
-86.10016
-87.57182
-86.80891
-86.32617
-87.70824
-88.07839
-87.38228
-86.75720
-84.46709
-84.32846
-85.11196
-85.82417
-87.20479
-86.55305
-86.20505
-83.73612
-83.87666
-86.41634
-85.94505
-86.19123
-86.09185
-86.23511
-85.87892
-86.17000
-84.35200
-83.61523
-84.94675
-84.74420
-85.05077
-84.77555
-85.24643
-83.26255
-83.69010
-84.18474
-84.07961
-84.30863
-83.58074
-84.36639
-84.21841
-82.53855
-83.44017
-84.02183
-82.59283
-84.29299
-84.68011
-85.90726
-85.03328
-82.88980
-83.88385
-84.12041
-83.27152
-83.82436
-83.87309
-84.40518
-84.96972
-85.01470
-85.78027
-85.54844
-84.70594
-85.38722
-85.58078
-86.38520
-84.99807
-83.33203
-86.13963
-86.56661
-86.08041
-84.62156
-84.51758
-85.44840
-86.23352
-87.02224
-85.79440
-84.69018
-84.91757
-85.99684
-85.60910
-85.54942
-85.04889
-85.07841
-86.88313
-86.99792
-86.77960
-86.59800
-87.20306
-87.84331
-86.56926
-87.85769
-88.41367
-88.05011
-88.43902
-87.15948
-87.61703
-89.19064
-85.03179
-85.96311
-88.14187
-87.32641
-88.57948
-87.28961
-88.15143
-88.15290
-88.40678
-89.54856
-91.07510
-89.31781
-89.40628
-90.23942
-89.28732
-89.79628
-86.01111
-86.20208
-87.58664
-86.47487
-86.58075
-86.81441
-87.21998
-85.58887
-84.54246
-84.76970
-84.91620
-84.56930
-85.31770
-84.73573
-86.29701
-85.87827
-83.18231
-84.44243
-84.46876
-84.64304
-83.32074
-83.19295
-84.11640
-85.40674
-83.54081
-81.68049
-82.66710
-83.07542
-83.48285
-83.61558
-85.16421
-84.49615
-83.69333
-83.23817
-82.51205
-82.77491
-83.28329
-82.78934
-82.43070
-82.21736
-81.93847
-82.56984
-81.76377
-81.11792
-80.60099
-79.84856
-80.57769
-80.52547
-79.63747
-80.05307
-80.56620
-81.73154
-81.94818
-81.06175
-82.37917
-81.55461
-79.98191
-80.81135
-81.39188
-80.54921
-80.50583
-82.68119
-83.93729
-82.23186
-81.00470
-81.05610
-81.47463
-81.84532
-82.04990
-82.97419
-82.50820
-82.13257
-81.74393
-81.68452
-82.15439
-82.79578
-82.67239
-83.09267
-83.36687
-81.50885
-83.68300
-84.45139
-82.48643
-82.61659
-84.37453
-84.00815
-81.78131
-81.21328
-83.37465
-84.85969
-83.89686
-84.27158
-83.56937
-84.03491
-83.54469
-82.04857
-84.98553
-86.22590
-84.95055
-86.06349
-84.34806
-84.57351
-84.71327
-86.29675
-86.23026
-84.13523
-86.43194
-87.75478
-85.45955
-85.63054
-86.06036
-81.84997
-84.16073
-87.62385
-86.13416
-88.18418
-87.42281
-89.40739
-87.12212
-86.15040
-86.92237
-89.69100
-87.31683
-82.15964
-84.53319
-89.08888
-86.79207
-83.99822
-85.09401
-83.96484
-84.24452
-84.73762
-84.91565
-85.94521
-84.79429
-85.37811
-85.61929
-85.71867
-85.80732
-85.37953
-84.74572
-84.90089
-83.01976
-84.14388
-86.48977
-85.90241
-84.87989
-84.86148
-85.71617
-84.60326
-83.32776
-83.12051
-83.04632
-82.32113
-83.12807
-82.70711
-83.12098
-83.15346
-81.93268
-83.68709
-84.08799
-83.33298
-84.19123
-84.47247
-84.98451
-84.21344
-84.57915
-84.52974
-83.81318
-82.84128
-83.21727
-83.88841
-84.54549
-84.13208
-81.77390
-82.76041
-83.13242
-84.08181
-84.96223
-84.53791
-84.34127
-82.30255
-78.75499
-79.19592
-79.90851
-80.15489
-81.18683
-78.73717
-79.05063
-79.05042
-79.74053
-81.43909
-81.28728
-80.86452
-81.01851
-82.98022
-82.33292
-81.39147
-82.04380
-83.78022
-84.18624
-83.24363
-84.34159
-83.79294
-81.18240
-80.17754
-81.86276
-83.33600
-84.14361
-85.23676
-85.31610
-85.22703
-84.64153
-84.41116
-84.80223
-86.06784
-84.87928
-83.90899
-82.82781
-83.16277
-85.21466
-83.67440
-85.31902
-87.45320
-85.73090
-85.10088
-85.34726
-85.28565
-84.69844
-84.35589
-86.39070
-88.69774
-87.10104
-86.10226
-84.62446
-86.12312
-86.66753
-82.79261
-82.28918
-82.82199
-82.41671
-83.77292
-84.64578
-84.38422
-84.82447
-84.48039
-83.58514
-83.28326
-82.99524
-85.30508
-88.77267
-89.01434
-87.76880
-81.68420
-80.02531
-79.89387
-80.44196
-80.88339
-79.52778
-80.42291
-80.97950
-81.30875
-81.23314
-81.08386
-82.06901
-81.76060
-78.57214
-78.26633
-77.50846
-78.74221
-81.35631
-78.42433
-77.24676
-76.89401
-77.71920
-81.59190
-82.01493
-75.72778
-75.27567
-76.08768
-76.15826
-78.62744
-79.32699
-78.10268
-76.04295
-76.54868
-78.09932
-77.94735
-78.61652
-79.57399
-80.82790
-83.59530
-80.85466
-77.85858
-78.68539
-79.35698
-78.02494
-77.18442
-77.93003
-78.14220
-77.50559
-79.75787
-82.58116
-82.68071
-82.75837
-80.92413
-81.73707
-83.42541
-80.76858
-79.45286
-80.15904
-80.14316
-78.97959
-79.52540
-81.00638
-81.09668
-80.91954
-81.43079
-80.68825
-80.34452
-80.21043
-79.86426
-80.97764
-81.50329
-81.47903
-82.13683
-83.23547
-82.93394
-82.24246
-82.12821
-84.05920
-82.58155
-80.16201
-80.44198
-79.73942
-81.23770
-82.95464
-82.88586
-82.52069
-80.31223
-79.85569
-81.42563
-81.44940
-81.22309
-81.84730
-81.85433
-82.78904
-81.48656
-81.58307
-84.60641
-84.92649
-84.40295
-83.19107
-83.09424
-86.19669
-85.12423
-83.40374
-82.35433
-83.75303
-84.61441
-82.18507
-80.98746
-81.06672
-79.06367
-77.15424
-80.89701
-82.65769
-84.20291
-84.33240
-84.54797
-85.69745
-84.07147
-82.77860
-83.85892
-85.85086
-81.39140
-79.81153
-84.71604
-86.96263
-76.80527
-77.33480
-82.17016
-80.71621
-82.71433
-80.74257
-80.57584
-80.51561
-75.59259
-77.61259
-82.41103
-82.32351
-81.19017
-80.34134
-82.74680
-83.56318
-74.47198
-75.54878
-85.06696
-82.24878
-85.11006
-82.80712
-87.32924
-83.04323
-75.41679
-78.11919
-81.90847
-80.17241
-81.91036
-80.07389
-83.56154
-79.09221
-76.06957
-82.63277
-84.67038
-82.78495
-82.89724
-83.73616
-88.13955
-81.56910
-76.07910
-79.72221
-82.14759
-81.25715
-80.80425
-79.86033
-82.92788
-77.76159
-72.79032
-78.91358
-83.70357
-83.61086
-86.95033
-82.97875
-86.53738
-78.32824
-76.58394
-83.42093
-85.47999
-86.92583
-88.33678
-86.23546
-92.86616
-78.76209
-79.26143
-90.36975
-85.13910
-86.99475
-86.94624
-87.67587
-90.27216
-79.15487
-79.21907
-86.19294
-86.41823
-86.57849
-85.94599
-88.46947
-93.91680
-76.08895
-74.73923
-87.66436
-86.79081
-91.02600
-87.58512
-91.46667
-91.01501
-78.39358
-80.34182
-89.03789
-87.18510
-92.46015
-87.86290
-94.58498
-87.79802
-78.25985
-85.74352
-95.49706
-88.12741
-87.51541
-86.78967
-94.10445
-85.75197
-76.73231
-81.49991
-90.45565
-88.74608
-89.26055
-86.43682
-102.24678
-85.64549
-74.00064
-79.01217
-93.32519
-88.28398
-101.40329
-88.42413
-115.94598
-83.21706
-77.71162
-83.74195
-92.33892
-85.26378
-76.75463
-81.14130
-110.46056
-81.17943
-78.22836
-87.09419
-87.36727
-87.71568
-91.54664
-87.10648
-97.72076
-80.34371
-77.77894
-85.48284
-89.99548
-86.56959
-83.00541
-84.37577
-91.83558
-77.54683
-74.29102
-84.84116
-86.59760
-89.17226
-89.81297
-88.74066
-93.31902
-78.77084
-78.31061
-87.48433
-85.56531
-89.36809
-86.62593
-88.79477
-86.89923
-78.42960
-82.51594
-90.72023
-86.05993
-85.75083
-86.01431
-93.25300
-87.70722
-76.26720
-79.32627
-83.79901
-84.92753
-85.18358
-83.73920
-90.28808
-86.64266
-74.26843
-76.85024
-89.91191
-85.65582
-91.99183
-86.23110
-92.16726
-83.75794
-77.06389
-82.04793
-89.29525
-87.26171
-93.41791
-87.57752
-98.22391
-82.34447
-78.13744
-90.09666
-91.36714
-88.97599
-93.57555
-88.56427
-110.21112
-81.03502
-76.52652
-84.57607
-87.52089
-88.85169
-87.13550
-87.19891
-101.52132
-80.17564
-73.76067
-83.74793
-90.79669
-90.95473
-93.87624
-90.25763
-103.21209
-80.26906
-78.21348
-87.16222
-89.47756
-93.45176
-93.40886
-91.06578
-97.13095
-79.44993
-82.39538
-97.93788
-91.89629
-88.26503
-87.37391
-93.04854
-95.85389
-78.22593
-78.64378
-89.11775
-89.37008
-89.85048
-86.43487
-93.53870
-94.44632
-75.92066
-75.60376
-89.65272
-87.17478
-95.34930
-89.48773
-96.33243
-89.42861
-78.13861
-81.22982
-90.74555
-90.88607
-78.28703
-77.66027
-102.52012
-83.49839
-75.54750
-82.01041
-84.67896
-82.81161
-85.38058
-83.09838
-87.43438
-81.69040
-77.15042
-81.42412
-86.07387
-84.64276
-82.04363
-81.24426
-85.68313
-79.61645
-72.91136
-79.49987
-86.57268
-83.68388
-87.21265
-83.91355
-90.70760
-78.88831
-75.39301
-81.65065
-82.98023
-83.30861
-84.76494
-83.56534
-87.06769
-77.44297
-77.73294
-85.70516
-84.67330
-83.31849
-83.55670
-85.41667
-90.18570
-78.46248
-77.06900
-84.36253
-84.30891
-84.58289
-83.51589
-84.54289
-88.17567
-75.53404
-74.00930
-84.74959
-83.90438
-87.62259
-87.18766
-88.62368
-88.85381
-77.60267
-78.58371
-85.38613
-84.53423
-89.15784
-85.88523
-87.12085
-83.86056
-76.24325
-81.87212
-90.39511
-86.50558
-90.30208
-86.60325
-92.45873
-87.81149
-76.84237
-80.83185
-89.30215
-87.75560
-87.66650
-85.11156
-93.18259
-85.19167
-73.78678
-78.13904
-90.58306
-86.19247
-91.84212
-85.79635
-94.06497
-82.93248
-76.99816
-82.69851
-87.45409
-86.79405
-90.42674
-86.50274
-100.63470
-82.08726
-79.36585
-91.59236
-89.79318
-86.39808
-85.84776
-87.66520
-97.16276
-81.41893
-77.89471
-86.24017
-90.45261
-90.67178
-87.76354
-88.60576
-114.77820
-79.19639
-74.02422
-84.78988
-87.84778
-89.35213
-91.14335
-87.69243
-98.08346
-77.33056
-78.47002
-86.72218
-91.21312
-80.53489
-75.73324
-85.63137
-89.85419
-77.94663
-79.37290
-86.66644
-83.41290
-86.92750
-85.42166
-87.84410
-86.77984
-77.72913
-80.25184
-85.82029
-86.19171
-83.32631
-82.20401
-86.83709
-87.51188
-74.11816
-76.22736
-89.08026
-85.18454
-91.29485
-87.29389
-95.13990
-85.73387
-76.23768
-80.36018
-87.83324
-86.06617
-91.19341
-85.32815
-94.93862
-82.20223
-78.23454
-87.22445
-90.15950
-85.63846
-86.24768
-85.98981
-97.27221
-80.27812
-75.86816
-82.27161
-83.72201
-86.31976
-84.91320
-85.51425
-94.42725
-80.40602
-73.49022
-81.41675
-89.06244
-87.28813
-90.25516
-85.98811
-92.79890
-79.80661
-77.55025
-85.74559
-87.84089
-89.65969
-90.34565
-89.02458
-95.36973
-79.48828
-81.06105
-95.67392
-88.99652
-92.75964
-91.35336
-90.46210
-95.92245
-76.32503
-77.63147
-87.59772
-86.23615
-87.51650
-85.25502
-88.34175
-91.25138
-75.35834
-74.86034
-90.04688
-87.06289
-95.06219
-89.01486
-93.61195
-89.39528
-77.84866
-80.68405
-91.21410
-89.17724
-98.02034
-89.37994
-99.82215
-87.52674
-78.33646
-88.60064
-99.19442
-89.88508
-88.35245
-88.59043
-97.91706
-86.50735
-77.58776
-82.19445
-90.39184
-88.73294
-89.01222
-87.05693
-108.47839
-84.81502
-74.24127
-79.38063
-91.50885
-87.43033
-97.95655
-87.05960
-115.54971
-82.29685
-76.89460
-83.68109
-92.14296
-84.83915
-75.63349
-81.19777
-100.54003
-80.86549
-79.36659
-83.24254
-83.45044
-83.02224
-83.81074
-83.37923
-85.84963
-78.03995
-76.49011
-81.48765
-82.35518
-81.29205
-80.05356
-82.47318
-83.60384
-76.48049
-72.78352
-76.79843
-80.47665
-83.61991
-84.30711
-83.99213
-86.64435
-74.84514
-76.66772
-81.59144
-82.87847
-74.20152
-71.69885
-79.13736
-80.57576
-81.34316
-82.19661
-85.23861
-82.83299
-82.74543
-83.16764
-85.33476
-82.87560
-76.58530
-79.42102
-83.75745
-83.22491
-81.98291
-80.39548
-82.84891
-81.53982
-73.58466
-74.02349
-78.59427
-80.33024
-83.88705
-82.05628
-86.35532
-81.62713
-75.13017
-80.29305
-84.82752
-84.50306
-81.66155
-77.78224
-80.89777
-83.56585
-83.33683
-84.90548
-86.42238
-83.60873
-84.65687
-84.15048
-89.20741
-79.85905
-76.34994
-82.83369
-85.77032
-85.01068
-83.14704
-84.63240
-89.14556
-79.56278
-72.54781
-75.67375
-81.47226
-85.30285
-88.87208
-85.57166
-91.80251
-78.48856
-78.17221
-83.13802
-90.10098
-77.05340
-72.16316
-79.77003
-84.84610
-86.36681
-85.89017
-89.37433
-88.51578
-84.98632
-86.09356
-88.33152
-89.44358
-76.67726
-78.17329
-86.23253
-86.91038
-87.25625
-83.28281
-86.84969
-90.14103
-75.31319
-73.43436
-79.23287
-81.22730
-86.46630
-84.45174
-89.34729
-85.40650
-76.58585
-80.06905
-86.17425
-86.15757
-75.92914
-74.94390
-81.41387
-83.04724
-80.76051
-81.89868
-85.57091
-82.67426
-83.82307
-82.56869
-86.63621
-80.77254
-76.15868
-80.02950
-84.40401
-83.28257
-80.29590
-80.84775
-84.78606
-79.49281
-72.57742
-74.79581
-80.03942
-82.44217
-87.34376
-83.57405
-90.64258
-78.18445
-75.82364
-81.64901
-85.34257
-78.09944
-71.33975
-76.88661
-82.79173
-83.55503
-84.28887
-85.12533
-86.27034
-82.53615
-83.98803
-83.76498
-87.70897
-75.84045
-76.13798
-81.81407
-83.10734
-82.54453
-81.28581
-83.74315
-87.26908
-76.04726
-73.02267
-77.86499
-79.77140
-83.41086
-82.87394
-84.74061
-84.70582
-76.15917
-77.82198
-84.35878
-84.53224
-83.91479
-78.66540
-80.06131
-83.53225
-83.92820
-84.67732
-88.75625
-84.91464
-85.69336
-84.22434
-88.61526
-82.20754
-74.47003
-80.06957
-85.15728
-85.33440
-83.53901
-84.23990
-89.21294
-83.66952
-73.57252
-74.10917
-81.40682
-83.52683
-90.75038
-85.40780
-96.32888
-81.70335
-76.68032
-81.79921
-89.18849
-82.47701
-72.46617
-75.78610
-86.23370
-84.84477
-85.76742
-87.62937
-90.25366
-84.41158
-86.09124
-86.44743
-93.61863
-79.46231
-76.87696
-84.43870
-86.85982
-86.49394
-83.13047
-83.81702
-92.23433
-78.59626
-72.84998
-76.94418
-80.07892
-84.62154
-85.63912
-85.25437
-89.25022
-77.71990
-78.49199
-84.83129
-87.80015
-78.54081
-73.89350
-79.35449
-82.80911
-78.28736
-79.62196
-82.41621
-81.07197
-81.72139
-80.92044
-82.66324
-82.02700
-75.78059
-77.80081
-81.35959
-81.39499
-79.43276
-79.58361
-82.29722
-81.79232
-74.44017
-72.91181
-79.11068
-80.97134
-85.04898
-82.06223
-85.76619
-79.96146
-74.89123
-79.40454
-82.48666
-80.94331
-72.08013
-74.08704
-81.51436
-79.79928
-80.82460
-81.22071
-82.61774
-80.32571
-80.93101
-80.70639
-84.09478
-78.38144
-75.67225
-80.28739
-81.78559
-81.47739
-80.91809
-81.08348
-85.35929
-78.87869
-73.35731
-76.65583
-80.03688
-81.71730
-83.88018
-82.85181
-85.99654
-77.92115
-76.60344
-82.16190
-82.38255
-83.13403
-79.21235
-78.52488
-81.78421
-82.61562
-82.53233
-84.68788
-84.33275
-83.69780
-83.78096
-84.08280
-85.49931
-77.12738
-77.99960
-83.51532
-84.55370
-83.55632
-82.73329
-86.23739
-87.08052
-76.04572
-73.25176
-79.70510
-82.53018
-87.34057
-85.06333
-87.09573
-85.04992
-75.81311
-79.27843
-84.77219
-85.53785
-74.15157
-73.68814
-83.36401
-84.04364
-86.18170
-85.17730
-89.48189
-85.29985
-85.50378
-85.53929
-91.14380
-83.16694
-76.48891
-81.62679
-86.49799
-87.48508
-85.68679
-83.97686
-90.92879
-82.64627
-73.62856
-75.55980
-80.66583
-82.49999
-86.28894
-83.70204
-90.45442
-79.98891
-76.81680
-82.04091
-86.29030
-81.06060
-73.70687
-77.29356
-83.80979
-81.23232
-80.63388
-82.88193
-83.26879
-81.96179
-83.23311
-82.61046
-85.24821
-77.42393
-76.65948
-81.43356
-83.08885
-81.15871
-79.50361
-81.90904
-84.83032
-76.02653
-72.45689
-77.32054
-80.58504
-84.09050
-83.54563
-83.80707
-85.02856
-75.30644
-77.09731
-81.49590
-82.38087
-74.82978
-73.34873
-80.71650
-81.10798
-82.07528
-81.13474
-84.24046
-82.39254
-83.08945
-82.43225
-85.65086
-81.77786
-75.22893
-78.46341
-81.20229
-82.08120
-81.37901
-81.48769
-85.21462
-82.89361
-74.15836
-75.47796
-80.43620
-81.05454
-84.90739
-82.92943
-86.72615
-81.06181
-76.23404
-81.40534
-83.48632
-85.59746
-87.09710
-84.59858
-85.67331
-84.07593
-83.66980
-85.98114
-86.90210
-83.88949
-86.71233
-84.21649
-93.71487
-78.08996
-75.62559
-83.39363
-84.69009
-85.06469
-83.00385
-83.21826
-89.00404
-79.53267
-73.12427
-79.51878
-84.43091
-85.42474
-87.54972
-86.18498
-93.19948
-77.89259
-78.09697
-85.06613
-85.35474
-83.69221
-80.59197
-86.60285
-86.92150
-84.28667
-86.24086
-86.33199
-85.59481
-83.97562
-84.31393
-87.29468
-86.64142
-77.71372
-79.20219
-85.26847
-86.10462
-85.91008
-82.85324
-87.73273
-86.16843
-75.91886
-75.26522
-83.23761
-81.01482
-87.31178
-81.42179
-77.91989
-82.10912
-77.00529
-76.40111
-76.22018
-80.98802
-73.38850
-75.41867
-91.96711
-79.76611
-79.54580
-83.59999
-87.43884
-84.26856
-88.31111
-84.26277
-90.33568
-80.34429
-76.39522
-82.78660
-85.96061
-86.19317
-84.99754
-85.58056
-89.86137
-82.24419
-75.29859
-80.96523
-87.89133
-87.01552
-89.94106
-85.56433
-91.14653
-78.40159
-76.69854
-85.94591
-85.18181
-88.83883
-86.48245
-88.20668
-88.50665
-82.11717
-84.79463
-89.62417
-88.61639
-86.16008
-86.96449
-88.02949
-91.81752
-77.43029
-78.53428
-87.26004
-86.97802
-87.50558
-85.61417
-88.36390
-90.76780
-78.66211
-77.02894
-88.19279
-88.26011
-91.18394
-89.20909
-90.36337
-89.35919
-84.05066
-82.90819
-86.80403
-89.00803
-90.90048
-89.43042
-91.24173
-88.10111
-82.57111
-89.55880
-91.93320
-90.76915
-92.67998
-91.29852
-92.75269
-88.83933
-83.33128
-84.62268
-89.51389
-91.13553
-88.45672
-88.38074
-95.15235
-88.66807
-77.03816
-80.95094
-93.99386
-90.33766
-97.68318
-89.92784
-103.46369
-83.53091
-78.04604
-86.48238
-90.32432
-93.22723
-94.39928
-93.50781
-97.17675
-87.06225
-89.39933
-93.38940
-95.80071
-89.06186
-90.15465
-92.10924
-108.67660
-80.77685
-78.80947
-88.91492
-91.45264
-93.77686
-88.92658
-91.86134
-99.90167
-82.09107
-77.20086
-87.86209
-94.49068
-96.59203
-97.18960
-95.02870
-100.31958
-86.07876
-84.71888
-87.44308
-101.75598
-80.34900
-78.05392
-91.59596
-94.02905
-89.67003
-93.15261
-100.72367
-96.06612
-99.61680
-97.41668
-99.53876
-98.79540
-86.58975
-85.00904
-90.52709
-97.22847
-90.65946
-91.27855
-96.69071
-95.88762
-78.49685
-80.26071
-95.01717
-93.76631
-98.66781
-95.08686
-99.12948
-93.96025
-85.62099
-85.64314
-91.47902
-93.37133
-94.86386
-94.32019
-95.30288
-93.82397
-95.95886
-93.23655
-97.32794
-90.85987
-89.22970
-93.06878
-96.82889
-87.07065
-83.64133
-87.10589
-92.54775
-91.82929
-89.15258
-92.17212
-101.08795
-85.16532
-77.80456
-85.84094
-94.18587
-93.50757
-96.80921
-92.04534
-100.37002
-81.13046
-80.08979
-90.19878
-90.71915
-97.32290
-93.11748
-95.97876
-93.18167
-89.34882
-89.88696
-97.84951
-94.86461
-94.15548
-93.66121
-94.72037
-100.43740
-78.25590
-81.24394
-91.86552
-94.87510
-93.04035
-89.86647
-94.74616
-97.37641
-80.23502
-79.29051
-94.12902
-93.11662
-99.37167
-95.80893
-100.30994
-95.51126
-87.12391
-85.84047
-91.86044
-95.78549
-98.64524
-96.26980
-99.65541
-93.38346
-92.66592
-98.39238
-99.25708
-94.58953
-89.69365
-97.23219
-98.86025
-94.50152
-85.97443
-86.59478
-93.66906
-94.16215
-90.61797
-90.61928
-99.84628
-88.89258
-78.54930
-83.76553
-100.25933
-93.98043
-110.47104
-92.73020
-113.58657
-83.62450
-80.48959
-87.81203
-95.92386
-86.20032
-78.13169
-86.39056
-99.32489
-86.79823
-86.18033
-89.96187
-89.68494
-89.63110
-90.42018
-89.25271
-91.12879
-86.30745
-84.75626
-86.79977
-90.94139
-87.90306
-88.92817
-89.31666
-93.63970
-81.42399
-79.02381
-88.04558
-89.45435
-90.73387
-90.53983
-90.56905
-90.80277
-86.80312
-85.31201
-88.72053
-90.32487
-90.69550
-90.13075
-91.27131
-90.82825
-91.23247
-89.83665
-90.61869
-90.06361
-87.73791
-89.93537
-91.67453
-90.87387
-86.15255
-85.28496
-89.23573
-90.67342
-88.80616
-89.56561
-91.93935
-89.19842
-79.30461
-82.98669
-93.64772
-91.66390
-93.43689
-91.57531
-93.08995
-91.46315
-92.85525
-92.25477
-93.61033
-92.29208
-93.44876
-92.49880
-94.38430
-90.28728
-89.22706
-94.27339
-93.40188
-92.23673
-93.30061
-93.70687
-94.27628
-93.12050
-93.59686
-93.40725
-95.50537
-93.72317
-96.46851
-93.46495
-100.68194
-84.55060
-79.15950
-88.48288
-93.80835
-94.44169
-93.50511
-93.83258
-94.17259
-94.57621
-95.52364
-94.20288
-93.96189
-95.02350
-95.08338
-93.53257
-94.26303
-95.21760
-95.98925
-95.33975
-93.98163
-89.47693
-92.45809
-95.16343
-94.36073
-95.69622
-94.32840
-94.64606
-93.99941
-93.69144
-94.20480
-94.91602
-97.31501
-81.02458
-81.82639
-94.81604
-93.29698
-99.63620
-93.97845
-96.53369
-94.22525
-96.97237
-94.00341
-96.18849
-92.21461
-80.22755
-83.62699
-97.11353
-91.86060
-91.00098
-95.62685
-98.45538
-95.71724
-97.24001
-94.61848
-96.97879
-95.34909
-96.19445
-94.73105
-97.99048
-95.86007
-98.80416
-94.93183
-99.68043
-88.44129
-79.91729
-86.83028
-96.43075
-95.62294
-96.82602
-96.88897
-98.09613
-95.59089
-94.53912
-94.40808
-94.47122
-93.89745
-93.41622
-93.33677
-92.87236
-93.03430
-93.97711
-93.40716
-94.33146
-90.22700
-91.06562
-94.70516
-93.62097
-94.43922
-95.02663
-93.62527
-94.21183
-94.14457
-95.62045
-93.24818
-99.63224
-81.93960
-80.95596
-93.31236
-93.28195
-96.02637
-94.88364
-95.35100
-93.24361
-94.66188
-93.39870
-93.92199
-93.00426
-93.22239
-93.38793
-94.14484
-92.35534
-89.25111
-92.98060
-95.12788
-94.79570
-94.90712
-93.90574
-96.13557
-95.65467
-97.64320
-95.97103
-97.90861
-96.42659
-99.31680
-96.92092
-99.05649
-91.97724
-80.31309
-85.47493
-95.20527
-94.36777
-97.53958
-95.17457
-96.30382
-95.23449
-96.67137
-94.99901
-97.41659
-97.67680
-98.77349
-98.20953
-96.72066
-95.36637
-94.73303
-93.07072
-95.87371
-91.74946
-91.30349
-96.71455
-95.39601
-95.66721
-95.37514
-94.90762
-96.68083
-95.93777
-98.51617
-94.61087
-103.02244
-85.00733
-80.80334
-91.62432
-95.49520
-95.60856
-94.64645
-95.29371
-96.52603
-96.11226
-98.21408
-95.13468
-101.55546
-83.03789
-81.56987
-93.97168
-93.51090
-88.43134
-87.89445
-88.71927
-88.58258
-88.70775
-88.51474
-88.84707
-89.01728
-88.69560
-88.50631
-88.35873
-88.04026
-88.80909
-89.40016
-88.56797
-89.09212
-88.71578
-89.30330
-89.30342
-88.82991
-88.71305
-88.42043
-88.03615
-88.03883
-86.96705
-87.27334
-86.88576
-87.42475
-88.64044
-88.11629
-89.32945
-89.70358
-88.19768
-87.50103
-88.04940
-87.54523
-87.97216
-87.06139
-87.37602
-87.11962
-86.18043
-86.01651
-85.60768
-86.28544
-86.66148
-86.65722
-86.62031
-87.33849
-88.07940
-88.09067
-87.72609
-87.05021
-86.64197
-87.10941
-87.25224
-87.81149
-88.16421
-88.70762
-87.71930
-87.35643
-88.62723
-88.80138
-88.13326
-87.25805
-87.96435
-88.56010
-87.07876
-86.72316
-88.66864
-89.43206
-88.35932
-88.33597
-89.08367
-88.08899
-87.27641
-87.50002
-87.77319
-87.65191
-88.32656
-88.95100
-89.75737
-90.43952
-89.17217
-88.68852
-88.97042
-89.08202
-89.11612
-88.73171
-89.11998
-89.72658
-90.66015
-90.48638
-89.96239
-89.24455
-87.60142
-88.16182
-88.52381
-89.10384
-90.01659
-90.63466
-90.52410
-90.52273
-89.31831
-88.40925
-89.49042
-90.28220
-90.08417
-91.11712
-92.04116
-90.59245
-90.28870
-90.04112
-90.74115
-91.07821
-89.74146
-89.08200
-91.35354
-91.49180
-90.92419
-90.85868
-90.46070
-90.57629
-90.12727
-90.99753
-89.38981
-88.86739
-89.45799
-89.77441
-91.88305
-92.60473
-93.13449
-93.54693
-92.92147
-93.32134
-91.78728
-91.90851
-93.46266
-93.91045
-91.77153
-90.56715
-91.22490
-92.10555
-91.60948
-90.55556
-91.77356
-91.52320
-91.83588
-91.42166
-91.82872
-91.88047
-92.48419
-93.72819
-92.18990
-92.58507
-92.14215
-93.05551
-93.69811
-92.40693
-92.02829
-92.17616
-91.74866
-91.88926
-92.47125
-92.25059
-91.72552
-92.13252
-93.80361
-95.71719
-96.50937
-96.00879
-96.59294
-95.75611
-95.44998
-95.62401
-95.92660
-95.14049
-95.24046
-96.30185
-96.41377
-95.99306
-95.72476
-96.44352
-95.27517
-94.52351
-94.25607
-96.42564
-96.11183
-95.07642
-95.30433
-94.92013
-96.81294
-97.00440
-96.79840
-96.09834
-96.90978
-97.93578
-97.53735
-98.38832
-98.42710
-99.15932
-99.07912
-98.55691
-98.13494
-97.98452
-98.52212
-98.18993
-98.59681
-97.90986
-98.37759
-99.18159
-98.37302
-98.33940
-97.99039
-98.05217
-98.63462
-99.23070
-99.78120
-100.70755
-99.78634
-99.33913
-99.22310
-99.74334
-100.49758
-99.74888
-98.96663
-98.76128
-99.14407
-98.84235
-99.21986
-99.22230
-99.47857
-99.15556
-99.12276
-99.86131
-100.72960
-100.58568
-99.25031
-99.98948
-100.40833
-100.29049
-100.44890
-100.80828
-100.46209
-100.43303
-100.78457
-100.70445
-101.34251
-100.75686
-99.86096
-100.69709
-101.07897
-100.88966
-100.93143
-100.37425
-101.47052
-101.95452
-102.03355
-102.65336
-102.57542
-103.10972
-104.34703
-104.70674
-105.08047
-106.77792
-104.57832
-104.43517
-107.02619
-108.09548
-107.52121
-106.51124
-106.96104
-107.18624
-108.10936
-108.41581
-108.11769
-109.23772
-110.72728
-110.06718
-109.44358
-110.62252
-111.60966
-111.17431
-111.01102
-111.81825
-113.11859
-113.45915
-113.57095
-114.20215
-114.35464
-114.70401
-114.69232
-115.41811
-115.90383
-116.78455
-116.16245
-116.10494
-116.48014
-116.56440
-117.60153
-117.19958
-117.94829
-118.71189
-118.92992
-119.11040
-120.02023
-120.18143
-119.81294
-120.53308
-121.09060
-121.56402
-122.12887
-122.30242
-121.95094
-122.24973
-123.08944
-123.74704
-123.64665
-124.08024
-124.69140
-124.61041
-124.40958
-124.56400
-125.60524
-125.98464
-126.12163
-126.55788
-126.59333
-126.88674
-127.24516
-127.90767
-127.99992
-128.34155
-128.62527
-128.55695
-128.99040
-129.41756
-130.10308
-130.20973
-130.23095
-130.61224
-130.99212
-131.20926
-131.41048
-131.63071
-132.07124
-132.38163
-132.63453
-132.77663
-132.95712
-133.54909
-133.64817
-133.64114
-134.04779
-134.34630
-134.53145
-134.90795
-135.10381
-135.07032
-135.36702
-135.40089
-135.56088
-135.95265
-135.98698
-136.26204
-136.59814
-137.01643
-136.75102
-136.82895
-137.29684
-137.14196
-137.63709
-138.03119
-138.10523
-137.80891
-137.51970
-137.85267
-137.79579
-137.87740
-138.35337
-138.20050
-137.92344
-138.09231
-137.90941
-138.13769
-138.68798
-138.39810
-138.52753
-138.77086
-138.60942
-139.10564
-139.05142
-138.99813
-139.29993
-138.98805
-139.16375
-138.75768
-138.61222
-139.69121
-138.71680
-138.86632
-139.22036
-139.00268
-139.23962
-138.66457
-138.89083
-138.42938
-138.43676
-138.24006
-138.89705
-139.16840
-139.49350
-139.34464
-138.89441
-139.16843
-138.66656
-139.77230
-140.05074
-139.63583
-139.63721
-139.43646
-139.78090
-140.37213
-140.36373
-140.12707
-139.85470
-140.30757
-140.19746
-140.11356
-140.51383
-141.42515
-140.90676
-141.00388
-141.64962
-140.82418
-140.74707
-140.52478
-140.51937
-140.83454
-141.21904
-141.07226
-140.80637
-140.21484
-141.47957
-141.78328
-140.90922
-140.81727
-141.29531
-141.05481
-140.87717
-141.23669
-141.18739
-142.16802
-141.27947
-140.51379
-141.42808
-141.34726
-140.92312
-141.55742
-140.73961
-140.57529
-141.56298
-140.83497
-140.72461
-142.03659
-141.41695
-141.20842
-140.95433
-140.67919
-141.11689
-140.96299
-141.77470
-141.61458
-141.25658
-141.58244
-141.37254
-141.36871
-141.32262
-141.33861
-141.02401
-140.67443
-142.09171
-141.78710
-141.07513
-141.05124
-141.14126
-141.65741
-141.49700
-141.93955
-140.75158
-140.34684
-140.95010
-141.31042
-141.29840
-140.72824
-140.30980
-140.27932
-140.91922
-141.25177
-141.77959
-140.74120
-141.37047
-141.79170
-142.21679
-140.59263
-141.20512
