-67.30018
-57.76518
-62.23794
-65.53164
-70.31663
-73.90507
-78.34012
-84.10467
-76.73356
-81.26676
-96.26483
-119.24845
-91.33091
-87.80433
-83.07444
-77.16783
-60.71672
-57.40268
-67.42132
-71.46311
-86.01042
-86.21350
-92.57740
-86.58602
-62.14555
-61.23864
-73.91154
-74.96235
-100.10024
-86.50827
-115.39878
-96.69139
-60.62894
-58.49064
-64.59153
-66.35322
-73.89727
-73.85300
-84.33473
-78.84220
-57.71738
-59.32542
-70.68484
-72.41444
-99.72355
-80.14802
-83.29381
-76.46253
-60.21587
-63.90520
-76.52397
-76.10477
-91.94516
-81.40686
-82.17032
-73.96877
-59.97582
-65.10451
-76.14911
-77.54775
-97.27381
-82.44085
-81.76363
-70.76028
-57.96347
-60.91375
-65.49775
-68.85745
-74.59314
-76.03104
-88.09240
-75.98346
-81.47639
-88.50172
-94.98712
-86.22600
-84.31273
-80.88574
-75.98731
-63.15032
-56.86062
-65.32092
-71.50454
-79.85766
-95.66040
-83.34017
-79.81129
-63.83261
-60.41513
-71.16228
-75.34230
-86.13194
-96.18162
-87.38121
-82.21276
-62.48922
-58.08055
-63.80492
-65.93571
-72.42368
-73.69692
-82.78779
-80.36275
-77.33065
-82.62676
-99.70273
-90.18419
-97.12443
-100.43468
-136.69612
-117.99126
-57.25544
-59.24666
-73.03629
-74.09719
-89.81543
-82.18440
-84.41078
-79.63717
-60.39875
-63.46481
-76.07083
-76.05319
-95.77126
-82.63549
-84.90103
-76.40535
-58.64078
-59.80069
-65.28942
-67.64058
-74.83643
-74.52820
-89.96097
-76.56068
-80.04194
-86.17665
-93.02320
-85.82738
-84.94117
-82.11025
-77.79183
-66.86396
-56.75634
-63.38034
-71.35037
-77.31399
-104.80694
-81.50317
-79.09505
-66.35349
-59.91301
-68.96772
-75.61890
-82.13500
-109.12255
-83.06666
-79.24251
-64.53417
-57.88913
-62.57379
-66.19817
-70.24225
-76.26271
-74.99295
-84.19218
-60.53180
-57.43198
-67.32536
-71.66303
-84.64516
-87.35694
-90.28051
-85.28016
-62.08929
-61.33975
-73.35857
-75.40531
-93.91644
-88.83315
-97.91652
-91.82479
-61.37258
-61.94349
-73.88432
-75.77855
-98.40731
-86.80401
-103.44121
-91.75531
-59.62328
-58.96517
-64.91313
-66.86006
-74.02688
-74.05251
-87.70742
-77.62528
-78.63017
-84.33593
-92.52429
-85.81695
-86.03293
-83.99413
-80.75707
-71.72389
-56.88578
-61.51684
-71.51915
-74.40289
-95.48577
-79.40184
-78.97277
-69.43656
-59.84050
-66.45423
-76.95279
-78.16342
-91.76542
-80.88850
-79.03570
-67.61961
-57.92884
-61.50713
-65.74838
-69.63759
-74.52787
-77.16795
-83.96630
-84.24501
-95.92083
-90.46355
-118.63826
-97.41402
-102.60042
-104.67760
-108.35714
-113.26609
-129.94478
-118.96217
-111.35695
-108.47886
-106.21788
-105.34678
-104.68354
-105.17105
-106.24807
-110.08852
-125.98021
-107.34815
-98.30500
-91.23583
-84.43305
-60.16653
-57.48467
-62.04434
-61.88084
-63.47739
-62.37528
-63.51011
-62.56941
-63.38250
-62.99651
-63.11900
-62.87958
-61.53325
-59.99987
-60.80164
-59.58795
-53.81504
-56.13292
-60.40493
-59.88754
-60.56100
-59.58129
-60.78762
-58.73503
-55.62167
-56.50264
-56.93511
-56.33171
-56.50732
-56.39557
-57.31420
-56.54446
-55.05622
-56.64309
-57.81967
-57.07013
-57.70273
-56.79663
-57.21928
-55.50710
-54.81161
-57.08718
-56.32546
-56.32120
-56.29084
-55.64923
-55.94149
-55.02595
-54.80534
-56.50356
-57.05868
-57.37217
-57.88206
-57.60146
-58.05825
-55.61666
-54.83779
-56.81285
-57.21828
-57.79017
-57.86795
-57.62369
-58.09492
-55.99450
-55.79305
-58.13894
-59.00441
-60.34695
-59.59819
-60.36899
-59.95549
-60.23616
-60.12805
-60.78098
-61.29338
-61.94120
-62.62677
-62.40600
-63.40047
-56.77557
-57.97619
-62.48283
-62.16589
-62.24671
-61.42257
-61.46046
-59.85440
-57.18089
-58.71061
-60.13943
-59.45853
-60.36764
-59.12461
-59.73122
-59.04870
-56.31780
-57.84123
-60.59306
-61.01907
-61.65442
-60.82173
-60.15683
-59.54721
-60.27015
-59.84258
-60.45081
-60.95826
-61.60077
-60.06161
-62.17809
-58.11727
-54.86090
-60.29418
-62.53622
-62.92807
-63.73991
-62.93011
-64.14167
-60.19240
-58.45731
-62.05211
-62.79958
-63.15933
-63.87048
-63.26795
-65.81202
-60.16475
-56.63020
-59.50389
-61.11998
-62.18666
-62.53618
-62.50253
-62.90026
-62.05965
-61.08415
-61.36945
-61.97656
-60.84188
-60.64219
-59.83944
-61.56722
-54.70002
-53.40801
-57.55158
-58.02827
-59.52209
-59.03682
-59.36130
-58.71183
-55.66814
-55.96861
-57.77787
-57.31188
-57.92642
-57.28422
-57.10274
-56.54125
-54.47652
-55.41892
-56.60602
-56.44903
-57.29587
-56.36910
-56.76549
-56.37792
-51.68714
-52.76238
-55.80158
-55.47109
-56.62222
-56.29846
-56.72505
-55.18308
-54.17965
-56.06080
-57.43787
-57.34771
-58.25525
-58.31281
-59.66505
-58.08260
-56.08771
-58.82860
-59.60092
-59.46314
-59.06437
-58.11718
-58.36627
-56.89061
-55.20519
-56.67955
-57.37995
-57.99096
-58.35097
-59.08684
-59.82515
-59.75698
-60.01600
-59.96364
-60.49724
-59.82386
-60.07277
-60.05631
-63.44844
-58.30748
-57.77617
-64.65229
-64.18957
-64.89019
-64.83717
-64.66660
-64.82058
-59.39081
-59.66498
-64.60834
-65.08252
-65.79850
-64.26893
-64.67198
-65.95041
-58.93420
-57.59177
-61.69093
-62.60029
-65.11909
-64.83449
-66.78935
-66.56317
-67.74849
-68.01098
-69.02524
-68.13795
-69.68170
-68.44801
-69.94999
-68.69613
-56.29222
-59.90858
-70.49039
-68.17823
-71.55722
-68.57014
-72.45441
-67.85110
-59.68338
-63.60897
-71.65564
-71.02657
-75.96044
-71.18615
-76.53280
-67.43525
-57.24140
-57.00828
-59.20501
-59.40877
-60.53050
-60.11113
-61.55632
-62.22296
-63.47432
-61.66118
-61.82024
-59.86355
-58.08527
-58.26456
-60.23871
-56.45770
-53.97757
-59.47819
-60.32887
-59.61951
-59.01884
-58.14750
-59.26296
-55.87290
-53.67965
-55.82894
-57.15414
-57.04154
-55.93092
-55.59198
-56.40977
-54.99676
-54.76080
-56.39292
-56.71455
-56.25435
-56.09298
-55.71070
-56.81844
-52.45165
-51.94273
-55.18507
-55.49895
-56.31377
-55.41812
-55.62320
-55.32332
-54.24702
-54.26572
-55.03880
-56.44280
-57.90738
-57.14646
-57.13907
-56.73155
-54.42197
-54.94987
-55.67648
-55.76189
-56.29150
-56.42160
-57.09442
-57.08038
-54.68741
-55.27942
-57.08497
-57.65802
-59.98259
-61.44149
-61.42289
-59.62718
-57.95311
-57.34967
-58.40141
-58.21908
-59.56402
-60.20572
-61.29938
-59.01965
-55.99535
-58.21537
-58.59674
-59.07703
-60.41369
-59.58998
-61.62116
-59.81464
-58.66935
-63.45847
-64.35712
-63.29469
-63.39619
-63.02335
-64.23824
-60.70153
-56.82343
-59.49759
-61.02355
-61.25800
-61.41443
-62.59557
-64.02181
-64.79002
-66.45492
-67.12846
-67.61642
-66.50886
-68.72236
-64.57922
-66.40742
-56.44214
-55.59808
-61.77405
-61.80165
-65.71908
-65.19244
-65.21903
-65.69926
-59.80886
-60.67388
-66.90304
-65.42467
-67.03703
-65.78956
-65.44026
-67.38325
-57.38917
-55.36877
-58.66287
-58.93653
-61.13646
-61.04767
-62.80714
-62.47206
-61.77130
-60.76160
-61.34894
-61.18437
-58.67812
-57.40382
-58.37639
-58.06290
-52.83675
-56.03345
-59.35675
-57.89937
-59.50813
-60.00459
-59.94126
-57.97553
-54.06880
-54.24068
-56.68833
-55.72381
-56.09191
-56.54313
-57.44929
-55.95953
-55.15038
-56.41965
-57.41211
-57.40463
-58.75909
-57.01547
-58.07266
-54.65846
-51.34140
-54.07833
-55.14859
-55.68285
-56.21033
-56.32949
-56.58429
-55.67330
-55.35182
-57.24138
-57.70450
-57.90977
-58.65418
-58.51507
-58.68164
-56.60432
-57.07031
-59.91089
-60.67305
-59.98455
-59.69268
-60.63554
-61.64280
-57.66720
-56.66132
-59.38120
-60.00479
-60.82531
-60.63586
-61.06779
-61.02736
-61.45833
-62.20140
-63.21772
-62.69088
-62.72536
-62.41417
-62.81867
-63.30655
-55.29573
-55.57170
-59.61158
-60.23663
-63.96249
-62.85763
-64.56981
-62.64665
-58.36929
-61.68099
-64.86905
-64.38526
-65.41855
-64.41631
-65.67591
-63.68577
-57.57665
-59.22665
-62.96096
-63.73955
-64.88297
-64.60560
-66.19367
-65.16933
-66.67007
-66.88161
-69.17318
-66.96154
-68.99670
-65.48066
-72.16531
-60.78759
-54.67699
-60.11827
-62.19215
-63.13569
-65.00234
-64.90656
-68.26296
-61.87794
-59.59446
-66.05702
-68.78448
-69.47142
-72.00643
-70.24464
-78.26315
-62.40975
-56.43723
-58.77376
-58.79056
-59.51704
-60.09929
-60.51261
-61.00830
-61.85965
-62.49119
-62.38157
-63.32807
-59.62372
-58.07880
-58.05511
-59.17149
-54.36219
-54.02898
-57.94220
-59.40903
-60.63203
-60.35178
-60.36214
-60.04965
-55.90575
-55.23719
-57.41877
-55.76035
-55.98946
-56.25403
-56.24890
-56.21328
-55.19506
-55.25228
-56.68768
-57.26419
-57.32944
-56.95715
-57.51214
-56.86360
-54.76356
-55.52576
-56.24213
-56.25042
-56.31935
-56.30309
-56.50449
-56.09307
-54.24464
-55.37364
-56.90800
-56.33604
-57.06144
-56.67675
-57.97745
-56.23377
-55.21386
-57.15636
-58.51340
-59.87412
-59.92568
-59.68545
-60.39070
-57.95338
-55.20597
-56.64977
-58.15409
-59.27510
-59.06001
-60.35405
-60.98030
-59.75660
-60.74062
-61.06086
-60.56791
-60.44974
-61.89420
-61.14063
-62.60232
-56.78917
-56.03512
-63.49297
-62.28771
-62.14980
-61.91670
-61.79430
-61.81538
-57.60817
-58.59084
-61.93444
-62.53195
-62.49042
-61.24844
-61.32257
-62.47078
-57.71627
-57.41706
-60.97657
-61.05364
-64.03579
-63.70524
-63.92088
-63.82346
-63.85760
-63.42042
-65.11038
-64.92466
-65.97119
-64.08027
-64.93252
-63.77170
-56.11387
-59.81660
-65.45574
-64.40921
-63.64100
-61.06304
-64.06304
-61.72482
-58.58055
-63.35334
-69.80685
-68.94324
-71.59934
-69.18975
-75.85785
-66.84073
-56.11000
-56.71284
-59.31646
-59.83252
-61.53513
-61.33437
-62.65959
-61.88010
-62.14849
-61.81126
-62.96196
-61.20433
-57.89143
-57.94653
-58.76430
-57.80418
-57.49507
-59.17547
-59.04121
-59.30661
-58.15624
-57.30395
-58.52034
-56.19465
-54.68030
-56.22537
-57.02553
-57.64576
-57.85777
-57.83477
-57.73484
-55.59928
-55.38310
-57.19386
-57.38197
-58.13679
-58.12481
-57.95099
-57.93656
-53.88732
-54.54120
-56.57112
-55.26628
-56.05834
-56.14895
-57.14667
-56.82252
-55.05916
-55.74810
-57.57850
-57.39598
-57.72350
-57.97513
-58.34438
-57.93759
-55.57599
-56.58566
-58.15483
-58.34268
-57.71482
-57.25454
-57.67610
-56.96824
-55.02788
-56.13620
-57.30801
-57.77647
-58.56499
-58.03153
-58.69799
-58.18603
-58.50499
-58.26905
-59.74284
-60.28349
-61.74631
-61.22870
-63.11528
-58.84501
-55.12809
-59.37106
-60.99232
-62.28787
-64.22698
-63.14638
-63.61573
-59.17392
-57.28146
-60.11910
-60.70349
-61.30672
-63.01172
-63.80343
-65.64710
-60.43083
-57.05218
-60.77272
-62.85251
-64.75396
-64.93171
-65.05709
-65.40290
-64.75765
-64.65454
-65.21398
-65.94436
-65.60276
-67.46078
-65.73224
-69.30822
-56.61701
-55.61583
-61.75634
-61.69450
-64.87338
-64.86196
-65.49972
-65.45273
-59.37708
-60.92502
-68.40810
-67.33834
-69.61665
-68.52082
-70.72623
-71.42414
-60.12522
-62.22884
-71.51047
-69.54716
-72.29434
-69.73020
-72.14785
-71.10523
-73.76691
-72.00674
-73.88863
-72.41685
-75.01027
-72.94326
-75.89481
-69.11502
-59.31327
-64.79865
-71.94607
-72.97245
-75.31446
-74.47997
-76.65876
-74.81369
-77.34478
-74.49463
-76.81469
-73.57008
-77.07282
-72.74806
-82.79755
-66.34502
-59.43446
-67.52996
-72.05817
-76.58982
-76.10882
-77.29484
-77.18864
-77.68570
-78.23930
-76.97299
-79.19616
-76.23247
-81.29487
-74.52754
-96.06012
-63.42536
-60.21445
-69.95052
-74.75770
-78.15224
-82.38961
-74.92685
-89.83666
-59.25478
-57.03202
-68.46030
-71.47703
-80.37184
-79.16743
-80.35192
-95.07011
-61.86338
-56.65913
-58.02187
-57.84859
-59.34348
-59.41282
-59.24342
-59.26710
-59.81244
-59.75280
-59.16646
-59.53970
-57.66388
-57.68257
-58.22973
-58.59225
-56.82742
-57.11361
-58.66625
-58.52293
-58.50776
-59.02122
-59.29241
-58.87094
-56.08585
-55.42962
-56.38155
-55.91739
-55.99228
-56.38495
-56.60847
-56.65251
-56.97057
-56.64870
-57.28611
-55.95776
-56.38840
-57.51414
-57.87924
-57.53127
-55.71099
-55.31274
-55.19981
-54.79811
-55.17210
-56.09926
-56.89129
-58.01442
-54.87401
-55.56420
-58.04550
-57.04602
-56.30220
-56.66276
-57.52441
-58.20660
-59.55456
-58.87280
-57.70431
-57.06219
-56.81125
-56.66534
-57.14082
-57.61068
-58.01750
-58.44129
-58.78713
-59.67805
-60.13899
-59.39880
-59.07896
-58.85492
-59.18435
-59.87738
-59.84172
-58.16270
-57.87166
-57.26050
-59.68879
-58.25300
-57.74864
-62.32059
-60.49373
-61.44836
-60.98765
-60.68028
-61.29857
-61.20998
-60.37091
-60.76875
-61.71415
-61.82992
-62.30456
-63.54279
-63.17686
-62.44199
-60.90438
-61.24443
-61.63799
-60.22383
-62.79864
-63.78831
-63.37021
-63.49248
-63.96037
-64.64718
-63.33883
-64.39971
-64.20755
-65.50340
-63.25551
-56.69729
-59.90512
-63.53380
-63.38680
-66.07724
-65.52503
-68.03549
-66.53733
-69.88164
-67.72417
-68.84356
-63.84361
-58.92400
-61.66728
-69.24953
-62.90967
-57.49832
-59.06812
-59.33904
-60.25452
-60.87788
-61.58738
-62.08275
-61.87670
-61.79280
-62.24209
-62.87146
-59.15453
-58.02333
-58.07529
-58.97286
-56.58388
-55.39546
-56.45935
-56.55400
-56.11404
-57.02725
-58.48237
-58.49435
-55.96979
-54.73496
-55.66633
-55.33699
-55.23189
-55.43740
-57.14469
-57.58242
-57.20063
-56.44013
-56.67062
-57.23120
-57.24874
-57.59739
-57.60291
-57.34405
-56.40676
-55.96038
-55.99482
-56.14190
-55.73679
-55.87277
-56.47126
-56.52857
-53.75414
-54.01082
-55.57921
-56.08019
-57.53538
-57.23649
-57.46064
-57.91849
-58.44020
-59.22887
-59.35554
-58.59945
-59.16778
-60.13185
-60.07731
-58.52314
-57.87061
-59.12712
-58.84614
-58.14887
-58.34240
-58.34815
-59.23936
-59.34346
-59.15070
-58.72312
-58.66660
-58.79399
-59.73458
-60.49688
-61.87321
-60.03265
-57.21137
-60.29836
-62.77429
-63.10421
-63.65776
-63.78636
-64.31589
-65.75319
-65.34091
-65.43994
-66.47296
-66.51727
-65.39793
-64.72796
-64.74325
-65.15999
-64.75855
-63.85608
-64.65366
-62.50005
-64.26760
-66.82815
-65.75455
-66.69704
-65.59835
-65.34475
-65.67360
-66.24698
-66.93622
-67.31280
-69.11761
-57.99027
-57.13227
-61.89853
-62.12009
-64.52789
-63.72322
-66.55628
-65.51397
-66.90855
-66.89334
-68.95412
-68.22413
-59.72599
-61.08769
-71.36766
-67.57770
-57.36788
-56.48078
-57.98551
-57.74321
-58.36228
-59.38136
-60.19653
-60.02019
-59.37640
-58.94999
-59.08109
-58.08625
-57.14905
-57.25075
-58.07178
-57.07189
-55.84692
-57.33192
-58.58443
-57.99755
-58.35115
-58.37497
-59.10283
-57.03590
-54.29249
-54.74088
-56.14681
-57.62736
-58.10309
-57.87852
-57.64066
-57.58409
-57.48645
-57.55596
-56.96380
-56.90635
-57.13320
-57.26220
-57.77000
-57.31175
-56.90576
-57.21519
-56.55203
-56.14327
-56.18147
-55.52526
-56.01875
-55.09855
-56.39777
-57.48048
-57.08239
-57.86409
-57.66715
-58.21128
-58.10869
-58.72928
-58.44358
-58.74413
-58.61125
-58.47641
-58.69293
-58.89951
-58.76088
-57.82836
-58.27730
-58.30823
-57.66223
-57.40730
-57.38282
-57.58117
-57.24028
-56.85046
-56.41170
-56.43885
-56.37843
-56.55656
-57.58990
-58.40651
-58.73101
-54.83401
-55.60008
-59.00768
-58.13581
-57.25449
-57.57782
-60.02882
-61.20544
-61.27002
-60.88178
-61.40575
-61.46935
-61.72564
-62.80344
-63.22943
-61.61137
-62.56861
-62.95544
-63.80093
-61.85986
-60.87000
-63.60544
-63.21708
-63.82600
-63.63959
-63.92164
-64.32437
-64.52919
-64.54524
-64.20556
-63.16344
-62.54593
-62.68714
-63.21210
-64.06685
-62.75374
-61.77192
-63.88173
-64.50795
-65.45932
-66.69413
-67.51308
-67.81928
-69.12289
-68.47737
-66.35919
-66.48309
-59.21360
-57.50029
-60.14474
-60.01424
-60.56587
-60.63332
-60.62317
-61.39114
-61.03685
-60.32870
-60.77070
-60.77774
-57.95584
-57.05052
-58.55423
-58.47094
-55.80579
-56.30694
-56.59072
-57.10236
-59.19542
-59.43583
-60.07450
-59.59926
-57.56603
-57.09753
-57.94864
-57.86372
-57.88791
-57.46180
-57.57857
-57.84311
-58.79770
-59.19194
-59.43933
-58.70557
-57.88508
-58.16899
-57.86922
-56.84741
-56.05356
-55.87693
-56.62606
-57.23229
-57.07215
-56.29646
-56.78985
-55.39232
-54.17485
-56.08323
-56.60108
-57.33846
-57.17007
-57.60752
-58.35514
-57.91442
-57.64355
-57.28147
-57.06202
-57.49856
-57.36831
-57.26246
-57.12368
-56.88917
-57.34402
-57.49458
-58.06136
-58.82457
-58.80718
-58.74975
-58.74950
-58.82362
-58.85357
-58.57767
-58.80078
-58.95839
-60.11307
-60.66999
-62.98297
-58.77114
-57.73525
-61.86268
-61.10849
-60.29977
-63.53150
-65.91635
-64.49843
-65.05618
-64.17841
-65.27412
-65.93875
-66.79812
-66.14468
-66.44700
-65.37644
-64.90004
-64.06172
-64.73961
-63.81668
-62.16826
-65.47428
-65.97455
-66.24289
-65.48120
-65.12306
-65.85088
-65.17516
-65.22154
-65.44616
-66.78462
-64.34030
-57.38106
-58.81011
-62.67237
-62.52769
-64.13566
-63.83591
-66.81031
-66.09943
-68.46743
-67.06016
-71.00305
-63.27758
-58.42304
-63.23861
-71.61239
-61.65511
-55.27376
-55.89308
-56.08641
-56.90869
-57.50435
-58.16940
-58.18969
-58.08040
-57.90073
-57.84765
-58.62462
-57.57260
-57.34174
-55.98761
-57.08681
-55.55984
-55.01311
-56.12781
-55.68747
-56.62987
-56.25613
-56.54675
-56.16452
-54.48205
-54.34793
-55.05856
-54.69061
-54.23345
-54.21875
-54.60900
-54.28541
-54.98938
-55.73628
-55.72361
-55.56140
-55.45433
-55.75570
-56.03051
-55.91181
-54.23003
-54.23588
-54.93287
-55.19966
-55.72342
-55.96058
-56.07439
-55.09692
-52.80824
-53.79296
-55.99590
-55.68714
-55.63222
-56.05966
-56.29842
-56.03701
-56.73505
-57.57233
-57.81897
-57.60722
-57.82678
-57.54163
-57.86453
-56.91562
-56.05385
-56.48371
-56.53392
-56.80051
-57.44098
-58.28607
-58.49655
-58.58373
-58.66965
-58.39857
-57.19628
-56.33508
-55.90788
-55.81679
-57.05914
-55.97777
-56.07304
-58.42030
-58.00520
-56.95212
-57.28356
-58.51601
-58.46939
-58.72972
-58.80808
-59.34788
-59.34033
-60.01649
-60.95855
-62.04733
-62.15845
-60.39239
-60.15125
-60.86236
-60.01963
-58.75933
-60.50857
-61.77348
-61.35735
-61.65944
-60.73553
-59.80155
-59.96831
-60.63236
-61.02000
-62.64692
-63.98333
-57.40388
-58.75492
-59.78994
-59.56302
-64.06740
-60.64176
-61.67122
-64.32319
-67.76341
-63.85756
-63.05046
-63.12768
-57.64487
-58.28223
-65.31992
-61.69305
-56.29130
-56.50481
-58.02966
-57.85108
-58.48314
-59.16200
-59.68934
-59.75739
-59.40662
-59.46943
-60.05806
-59.35002
-56.83372
-56.59039
-57.94741
-57.72786
-56.38930
-57.15946
-57.01629
-57.85352
-59.05660
-58.88367
-59.46505
-58.69198
-55.90258
-55.26380
-55.95180
-56.09152
-56.51310
-56.50393
-56.87707
-57.72321
-57.02858
-56.30754
-56.06360
-55.21995
-56.20075
-56.99065
-57.20098
-56.64270
-56.40704
-55.75841
-55.91871
-56.54371
-56.97910
-57.02463
-58.09863
-55.64995
-54.82105
-57.24248
-56.71838
-56.94452
-56.71488
-56.86897
-56.67075
-56.73981
-56.89671
-58.08543
-57.69930
-58.33050
-58.51932
-58.81427
-58.17888
-57.06363
-58.64249
-57.53618
-56.83014
-56.92639
-57.27719
-58.42278
-58.95659
-58.81994
-58.43837
-58.18240
-58.64883
-58.74833
-58.08585
-58.64727
-58.75001
-55.80723
-57.67626
-60.57142
-59.94285
-59.24117
-58.51834
-59.90905
-60.79636
-61.01053
-61.65546
-61.83919
-62.45038
-62.56145
-62.25348
-62.65185
-61.43378
-62.21306
-62.61570
-62.56659
-60.54887
-60.03839
-62.44751
-62.79142
-63.50740
-63.43232
-63.96330
-64.27381
-64.72054
-65.07435
-63.68050
-65.66873
-58.64971
-56.32588
-59.81718
-61.46085
-62.99144
-62.95240
-64.30569
-65.39321
-65.04657
-64.70514
-64.72646
-65.18050
-60.14822
-59.32425
-66.31612
-63.92294
-56.06765
-56.84543
-58.01231
-56.90656
-58.30560
-57.41699
-57.89559
-57.38392
-57.44676
-56.79850
-57.50035
-57.72449
-56.46265
-56.75642
-57.09362
-56.35061
-54.86956
-56.65870
-57.68392
-57.10218
-56.99950
-56.62022
-57.07963
-56.44185
-54.23854
-55.50010
-55.85285
-55.74569
-56.60362
-56.12026
-55.63249
-55.66454
-56.38295
-56.49868
-57.13323
-56.65760
-56.36655
-56.38259
-56.24568
-56.15600
-56.29978
-56.20606
-56.51767
-56.33904
-56.78212
-56.09836
-56.44564
-55.77388
-55.03932
-57.12066
-57.07761
-57.17050
-57.18096
-57.37929
-57.30303
-55.69866
-55.52454
-56.23314
-56.40630
-56.90551
-56.56593
-56.62404
-56.14761
-55.43200
-55.17862
-54.99602
-55.44722
-56.18680
-56.48497
-57.03213
-57.49684
-57.31074
-55.97003
-56.22381
-56.72547
-56.78453
-56.64642
-57.19717
-57.74759
-55.34818
-57.68241
-59.40992
-59.81628
-60.21034
-59.69631
-59.48098
-58.71089
-59.36838
-58.68181
-59.27356
-60.58020
-60.87079
-60.52580
-60.76822
-60.95828
-60.55705
-60.32278
-60.54699
-59.25844
-58.99425
-60.01130
-60.21510
-60.94012
-60.07953
-60.00078
-60.01769
-59.61471
-59.81579
-59.13652
-61.55364
-56.70799
-56.29358
-61.26147
-60.82926
-61.33951
-59.17878
-61.09988
-61.36382
-62.05459
-63.60271
-63.52699
-64.59691
-58.55264
-58.82450
-64.53712
-65.35406
-57.72066
-56.18327
-59.10574
-59.11830
-59.39586
-59.01695
-58.77265
-58.95566
-59.26935
-59.43491
-60.56552
-60.18691
-58.77799
-57.02689
-57.45971
-59.41297
-55.14217
-54.35396
-56.82930
-56.85317
-55.58810
-55.56279
-56.83559
-56.28184
-54.84896
-55.17765
-55.92356
-56.10145
-55.40999
-55.24045
-55.71490
-55.26276
-54.93196
-55.77983
-56.15617
-55.56029
-55.85798
-54.99230
-55.60225
-55.93822
-54.89418
-54.78023
-55.02184
-55.27886
-55.10449
-54.94069
-55.48671
-54.71587
-54.11937
-55.66937
-55.94600
-56.56774
-56.10398
-55.65148
-55.55641
-55.83413
-56.07785
-56.31039
-57.30008
-57.53210
-57.20250
-57.54316
-57.93425
-57.18977
-57.09904
-56.98278
-57.45941
-57.48605
-57.32892
-57.46757
-57.89306
-57.96500
-57.98447
-58.26099
-58.30075
-58.45613
-59.20992
-59.97312
-61.34695
-57.83269
-57.79460
-60.08832
-59.48781
-61.69842
-62.25864
-62.21137
-62.08538
-63.55926
-63.86069
-63.05841
-62.55961
-62.62449
-62.49396
-63.19096
-63.12177
-62.97766
-63.35393
-63.15237
-62.27291
-61.35188
-62.23972
-62.45664
-62.09082
-62.62273
-62.72120
-63.72299
-63.42030
-63.91455
-65.48803
-66.81646
-64.17578
-56.42935
-57.80591
-61.40541
-61.74535
-63.05362
-62.03202
-62.37030
-62.15450
-65.41976
-63.42497
-63.39842
-60.87017
-58.50618
-62.95304
-67.91173
-63.77642
-58.01063
-58.27060
-58.71882
-58.98137
-59.65005
-59.17450
-59.71105
-59.58701
-60.06861
-59.35949
-60.33882
-59.53834
-59.99944
-59.89207
-60.39745
-59.35570
-56.35221
-59.25966
-61.53782
-61.46582
-62.29888
-61.23817
-62.02653
-60.58025
-58.14177
-58.77909
-59.23274
-59.63842
-59.75800
-60.25078
-60.29762
-60.97893
-60.90199
-60.82508
-61.29731
-60.76543
-61.44945
-62.14638
-62.53205
-62.74698
-63.46894
-63.56815
-64.16684
-63.37936
-63.56075
-62.98830
-64.05676
-59.26471
-58.60637
-62.84034
-62.92271
-64.44541
-64.45089
-64.89817
-64.83830
-65.46651
-65.54785
-65.20041
-64.38772
-64.99474
-64.66648
-65.37845
-63.83364
-61.97740
-65.01172
-65.73680
-65.97726
-67.09593
-67.00014
-67.70463
-67.02548
-67.19862
-66.20285
-67.04024
-66.77653
-67.45739
-66.59710
-67.86985
-64.13031
-57.91858
-61.93594
-65.65975
-65.38992
-66.90418
-66.96959
-67.64090
-67.24729
-66.71375
-66.65754
-66.95092
-67.07588
-67.59439
-67.84363
-68.27369
-68.42840
-69.23000
-68.06051
-69.28985
-64.99303
-66.00023
-69.12543
-68.86173
-68.79387
-68.18016
-68.00833
-67.22791
-66.53206
-67.34548
-68.08720
-70.36900
-61.60783
-57.86677
-63.17175
-64.52192
-66.75003
-68.58849
-68.66566
-68.33361
-69.20642
-71.17134
-70.57291
-76.86794
-61.46423
-60.48943
-72.23636
-74.51619
-60.67941
-58.26460
-61.32863
-61.78459
-64.47802
-64.31654
-66.73966
-67.50482
-67.87201
-67.59724
-69.03672
-69.08520
-61.88019
-60.84729
-62.07659
-62.40397
-57.44005
-58.92926
-60.73715
-61.20773
-64.23724
-63.75814
-66.25930
-63.77598
-60.93910
-60.93953
-62.16540
-64.11682
-64.78224
-65.00326
-65.97195
-65.55484
-66.83333
-66.14962
-67.76629
-64.04315
-62.88031
-67.28931
-66.97545
-65.13991
-66.30887
-67.07471
-68.36347
-68.03197
-68.31079
-67.20632
-70.49339
-63.14411
-58.77929
-64.84357
-64.80694
-64.31288
-65.85144
-67.80582
-68.24796
-66.40305
-65.71879
-67.54582
-68.35922
-70.46950
-70.56430
-70.07050
-69.22086
-63.60007
-66.15292
-69.23480
-66.85209
-66.80019
-66.19744
-67.20591
-68.37808
-69.58187
-69.63474
-68.92384
-70.20191
-68.63952
-69.01938
-69.25201
-70.18011
-59.30180
-60.22026
-67.18206
-67.21085
-68.90781
-67.14093
-69.48886
-68.75119
-70.71801
-70.22863
-70.07342
-69.84404
-71.53837
-71.36682
-71.74309
-70.61488
-70.67149
-68.69672
-71.36701
-68.01369
-64.77765
-69.63171
-69.21592
-68.37825
-67.88080
-67.76943
-69.71897
-68.23705
-69.43944
-67.42881
-72.13915
-64.92758
-57.02552
-60.71768
-62.90227
-63.71429
-64.69953
-65.52331
-68.10735
-66.80752
-67.88106
-66.25253
-72.17824
-62.93587
-59.18025
-65.39114
-72.96011
-63.34678
-58.36049
-59.09898
-58.97059
-59.17998
-59.62535
-59.85400
-59.90784
-59.84556
-60.25583
-59.78029
-60.11865
-59.06509
-59.13575
-59.69780
-60.35216
-57.05154
-56.58092
-60.52264
-60.64085
-60.45023
-60.08546
-61.12256
-62.03119
-59.30423
-58.23054
-58.55431
-58.84819
-58.98938
-58.34803
-58.91783
-58.90098
-59.49395
-59.54021
-59.78039
-59.86283
-58.59286
-60.90894
-61.56835
-60.69709
-61.41008
-61.37116
-63.55910
-63.47722
-63.24787
-62.22062
-62.58388
-61.84849
-57.08768
-59.30950
-61.65494
-61.39676
-61.93957
-61.99686
-62.03890
-62.88479
-63.38059
-62.03582
-62.19473
-61.63154
-61.93540
-61.80657
-63.25623
-61.99469
-63.06679
-65.29839
-64.43466
-65.07415
-64.88174
-64.28399
-63.85857
-64.92230
-65.52177
-65.95556
-65.96038
-64.23304
-63.36247
-61.88260
-62.97176
-58.52037
-56.42308
-60.28867
-60.65897
-61.44790
-62.54578
-62.72454
-63.67053
-65.32784
-64.52317
-63.39600
-63.68258
-62.29647
-62.17265
-64.13813
-64.97808
-66.59730
-65.41810
-64.85011
-63.23822
-59.94723
-61.32459
-62.41590
-61.90821
-61.36121
-60.98390
-61.81955
-61.75423
-62.62185
-62.66778
-63.30910
-64.03148
-58.20848
-59.97865
-64.25361
-63.14415
-61.75342
-62.24837
-64.86513
-63.67542
-65.76524
-65.11541
-67.01730
-63.02157
-58.77087
-60.94135
-67.81602
-65.43816
-58.13798
-59.08732
-61.63929
-61.71035
-62.95777
-63.38828
-65.35164
-65.74499
-65.85600
-64.81097
-68.77939
-63.68955
-60.80076
-61.10951
-62.47761
-60.04371
-57.24789
-60.09516
-60.76641
-62.66297
-63.66448
-64.33151
-64.77619
-64.20571
-63.98202
-65.69385
-64.62611
-65.35064
-66.07080
-66.88362
-66.38554
-65.57545
-65.09368
-64.72228
-66.27071
-62.58176
-64.11860
-66.57178
-66.49495
-63.12324
-62.70109
-63.36206
-63.71591
-63.61788
-64.81412
-65.56139
-67.15129
-60.24583
-58.87020
-65.12890
-64.98553
-66.15502
-67.16435
-66.81937
-65.62244
-64.33043
-63.21589
-63.70034
-62.13019
-63.03006
-63.19162
-63.62543
-63.25487
-61.87225
-64.97323
-65.23042
-65.50375
-66.51014
-66.04902
-66.74002
-66.58298
-67.41824
-68.33303
-70.03497
-69.22518
-68.99092
-66.80608
-67.33060
-62.59329
-58.13809
-62.13789
-64.40659
-65.11689
-65.68941
-65.64752
-65.92459
-65.79954
-66.79623
-67.60489
-68.04896
-67.44586
-67.71296
-67.05556
-66.88028
-67.09212
-66.66400
-66.52166
-68.03855
-63.42167
-63.76440
-69.32923
-68.05180
-68.66737
-67.50859
-68.22751
-67.61994
-67.80289
-67.23810
-67.00485
-68.94577
-59.91148
-57.78695
-61.25986
-61.75586
-63.40547
-63.84933
-64.33462
-67.40560
-59.94973
-60.60820
-59.55892
-60.02923
-60.47059
-60.18937
-68.38527
-67.89993
-63.26915
-59.89800
-60.69495
-60.37585
-60.67528
-60.74011
-60.68770
-60.93227
-60.76176
-60.64318
-60.91980
-61.18237
-62.86823
-63.20013
-62.94346
-63.61469
-62.86564
-63.48061
-63.18853
-63.02846
-62.41394
-62.18047
-61.39581
-61.18704
-60.87009
-61.98783
-62.91669
-62.48820
-62.24205
-62.04264
-61.39438
-59.92394
-59.67922
-60.32080
-60.36443
-60.70600
-61.63941
-61.73998
-62.26015
-61.71395
-59.69533
-59.51270
-59.49329
-59.54601
-59.79482
-60.31733
-60.40634
-60.97879
-63.48602
-63.84306
-64.53379
-64.06866
-62.63030
-61.87971
-62.31105
-63.02072
-63.28832
-63.65853
-63.84558
-63.53896
-63.30313
-64.19232
-63.94655
-62.69979
-62.99887
-63.05004
-62.64803
-64.25347
-65.05549
-64.59534
-64.50640
-64.95128
-64.73080
-63.18000
-62.66244
-63.44372
-64.24115
-64.62746
-64.13985
-63.54193
-64.11775
-64.94003
-64.60875
-64.72455
-65.00491
-65.26413
-66.41432
-65.76160
-64.71862
-65.27611
-64.98327
-63.30568
-62.89215
-64.53668
-66.05309
-66.48393
-65.74820
-64.98676
-64.90890
-65.58077
-65.77172
-64.43925
-64.50836
-66.54739
-67.08740
-65.68811
-65.76890
-65.94506
-65.93978
-66.29911
-65.66360
-63.12351
-64.33781
-66.98360
-67.52026
-68.87977
-68.99000
-68.22930
-66.30818
-65.00678
-65.08467
-67.46477
-68.82621
-68.42111
-66.96867
-67.13041
-68.05658
-69.44144
-69.87654
-68.08824
-67.17117
-68.77857
-69.16676
-66.86602
-66.82466
-68.07166
-69.04767
-68.64250
-67.35831
-65.83944
-66.32453
-66.76387
-66.54185
-66.43174
-66.35886
-65.79599
-64.74418
-64.12833
-64.12796
-63.86336
-64.88853
-65.95927
-65.91166
-66.42932
-65.91241
-66.28084
-66.73010
-66.46368
-66.29131
-65.82273
-64.83088
-64.04685
-64.24076
-64.85820
-64.99895
-65.82793
-67.15567
-68.56462
-68.87799
-68.29562
-68.09008
-66.98114
-65.90393
-65.19867
-65.01283
-66.06984
-67.46958
-67.59061
-66.97680
-66.45375
-66.25671
-67.29119
-67.95478
-67.00247
-65.95179
-65.36294
-65.81759
-66.19047
-66.42870
-66.40286
-66.55198
-66.20761
-65.34780
-65.19078
-65.38482
-66.01978
-67.52138
-67.52571
-65.60074
-66.25564
-66.76489
-66.87152
-67.81758
-68.96466
-70.79310
-69.11866
-67.87298
-67.77756
-67.27941
-66.48763
-67.52555
-68.79545
-68.49931
-69.01757
-69.85193
-69.87345
-68.63028
-68.29139
-68.38662
-68.08804
-67.67885
-68.36013
-68.12302
-68.63805
-68.66483
-68.05622
-67.87248
-65.47805
-65.20345
-66.50298
-66.23623
-66.34772
-67.18319
-65.96006
-66.05024
-66.20414
-66.82677
-67.10536
-66.54970
-66.35480
-66.28576
-66.00684
-67.04884
-69.54609
-68.05408
-66.68910
-65.89806
-65.23968
-63.97542
-64.26458
-64.81224
-67.64940
-64.46986
-60.53686
-60.36166
-60.39520
-60.76498
-61.01803
-61.12054
-61.42689
-61.52952
-61.53069
-61.52591
-61.52953
-60.79569
-57.11298
-56.36414
-56.43616
-56.14784
-56.49045
-56.74209
-57.26153
-57.67489
-58.18911
-58.49367
-58.53577
-58.47940
-58.41089
-58.07481
-58.53200
-58.37055
-59.02245
-59.16679
-59.19045
-59.03534
-58.41808
-58.87791
-59.06510
-58.97007
-59.19037
-60.03999
-60.13329
-60.13412
-60.15179
-59.57272
-60.31475
-61.05067
-60.11597
-59.90943
-59.90341
-60.88781
-62.27139
-61.95905
-61.30094
-61.59609
-63.04932
-63.12870
-61.32197
-60.70315
-61.76767
-62.38492
-61.70948
-61.62005
-61.88570
-62.22201
-63.46082
-64.69736
-63.59297
-62.59976
-62.95616
-62.69411
-62.36678
-62.35268
-63.72918
-63.81200
-63.87026
-63.79154
-63.39478
-63.19328
-62.26739
-61.99991
-61.40669
-63.10914
-65.48373
-65.79162
-64.10189
-63.15986
-63.01991
-62.58122
-63.03351
-63.51657
-64.92353
-65.69710
-64.58763
-64.26685
-63.57276
-62.92817
-64.21190
-64.87683
-64.20293
-63.96751
-63.05116
-62.15307
-62.71264
-62.92422
-63.76252
-64.72075
-64.41921
-63.80135
-62.49166
-62.40521
-64.10067
-65.61333
-66.12005
-67.30031
-68.54437
-68.18610
-68.31413
-65.42159
-62.94490
-63.68972
-63.85917
-64.19018
-65.95180
-67.78529
-67.33099
-67.11209
-65.52579
-64.22448
-65.53545
-67.62050
-68.87917
-67.06946
-67.23752
-69.53969
-69.94175
-67.68572
-69.07969
-74.01135
-71.53836
-68.30766
-66.67309
-66.84321
-69.51091
-71.41707
-71.72175
-71.44802
-70.17728
-70.46340
-71.53910
-71.27330
-71.70666
-70.86487
-70.18347
-70.04775
-70.48205
-71.00675
-70.03264
-70.21601
-69.87369
-70.27140
-71.17682
-71.10830
-70.02267
-69.17889
-69.04385
-70.09079
-71.42962
-71.57082
-71.83963
-72.59322
-72.54305
-72.11927
-73.26206
-73.96219
-73.97421
-72.69190
-71.49260
-70.63595
-70.78728
-72.21126
-72.93336
-71.57700
-71.09604
-71.19550
-70.61001
-71.33205
-71.47691
-71.33877
-72.48466
-73.38479
-73.12595
-72.63026
-71.83512
-71.01238
-71.29480
-72.76678
-74.57225
-75.43152
-74.92059
-74.31232
-73.23223
-72.14216
-70.98275
-70.11164
-70.13095
-70.59750
-72.17692
-73.63997
-73.52988
-72.95966
-73.57368
-74.32600
-74.29193
-74.80887
-73.77510
-73.68911
-72.71382
-71.37637
-71.35012
-71.07861
-72.06358
-73.88420
-75.21159
-74.52252
-73.66021
-73.13747
-72.35775
-71.50719
-72.12215
-72.76054
-71.99893
-71.52204
-71.54992
-72.53414
-72.71418
-73.56582
-74.26840
-73.99411
-73.32964
-71.56252
-71.56763
-72.03099
-73.26735
-74.54265
-74.64761
-73.27909
-71.68272
-72.79964
-73.23249
-73.54142
-74.28613
-74.46431
-74.15422
-74.48151
-71.06281
-69.13433
-70.24363
-70.64047
-71.51987
-71.85209
-72.27103
-72.58021
-72.00313
-71.26172
-71.34428
-70.99015
-71.39129
-71.24913
-71.25870
-71.82100
-72.41390
-73.17088
-73.95565
-74.59005
-74.37979
-73.76074
-73.43846
-74.12573
-69.95641
-68.55137
-69.03636
-68.89668
-68.95724
-68.35475
-67.97837
-67.57701
-67.39951
-67.36590
-67.89771
-68.56570
-68.98652
-69.97371
-71.54036
-72.75826
-72.39427
-72.43129
-72.05463
-71.04358
-71.04994
-71.51471
-72.94193
-73.06676
-71.75779
-71.11133
-70.73529
-70.74968
-71.31956
-71.44607
-72.25680
-74.17314
-76.46437
-78.53250
-79.33502
-78.85598
-78.78023
-77.86218
-78.18955
-75.43766
-73.58041
-74.04630
-73.00210
-72.28825
-71.58458
-71.77807
-71.49152
-71.99978
-72.57169
-73.26489
-73.99368
-74.52227
-75.51106
-75.87594
-76.32591
-76.35433
-77.60063
-78.24868
-77.96125
-77.93459
-78.43660
-78.49237
-78.08683
-78.76215
-79.49277
-79.39343
-79.86575
-79.96440
-80.50108
-80.84006
-80.03882
-78.36370
-77.46718
-78.31740
-79.54106
-79.99959
-80.86862
-81.23948
-80.01028
-79.37586
-78.33371
-78.29475
-78.80433
-79.61242
-80.63857
-82.82039
-81.90820
-75.98111
-73.73883
-74.27979
-74.48279
-74.88787
-74.77055
-74.79580
-74.77450
-72.53060
-72.35429
-73.17786
-73.13487
-73.47838
-73.41862
-74.17123
-73.94023
-71.75455
-71.23138
-71.21667
-71.00663
-71.66334
-72.14735
-73.08451
-73.32266
-73.09493
-73.29738
-73.53345
-73.46568
-73.08994
-73.56136
-74.88071
-75.11190
-74.72267
-75.28384
-75.35862
-75.44479
-76.13609
-76.53525
-75.97108
-74.68979
-73.11184
-73.43887
-73.82526
-74.31734
-74.56492
-74.24065
-73.99417
-73.67498
-73.91445
-74.48778
-75.19759
-75.67791
-76.66459
-76.72261
-78.07620
-74.54253
-72.73673
-73.36010
-72.85664
-72.69496
-72.70272
-72.90349
-73.57466
-73.14062
-72.91148
-73.53602
-72.96490
-73.47592
-74.20042
-75.12278
-75.11222
-75.63358
-76.73097
-78.05595
-78.71050
-79.52235
-80.10795
-80.22557
-79.32722
-76.38925
-75.60847
-76.20737
-77.38575
-78.91326
-79.77947
-81.67001
-80.89589
-76.08392
-75.77344
-76.11077
-76.29779
-76.42416
-76.47512
-76.56397
-75.76152
-75.61248
-74.71879
-74.96801
-74.85326
-75.72101
-75.78639
-76.82493
-76.39726
-72.88776
-73.57228
-74.31717
-74.38756
-74.43148
-74.26798
-74.27986
-73.53870
-73.35068
-73.70735
-74.19589
-74.58066
-75.60440
-76.83770
-78.60444
-79.17397
-79.94515
-80.04400
-80.59240
-80.86651
-81.04451
-81.45127
-81.43099
-79.62678
-77.76755
-78.82889
-78.44368
-79.65014
-79.82670
-81.10292
-80.63233
-80.94947
-80.47412
-80.63727
-79.59786
-79.86584
-79.77275
-80.71705
-80.75434
-68.92474
-67.15727
-69.97583
-72.39190
-71.04312
-68.93794
-68.76287
-68.10713
-68.08188
-68.22309
-68.84594
-69.16905
-70.01251
-70.85515
-72.54905
-74.53058
-70.56848
-68.33196
-69.36361
-71.54146
-71.88001
-70.00468
-69.44233
-69.43547
-70.12762
-71.09251
-72.28600
-73.87668
-75.15492
-73.61017
-72.21974
-70.94318
-68.77722
-67.96516
-67.54112
-67.53987
-68.16081
-68.19595
-68.17899
-68.20268
-67.73471
-68.25242
-68.97079
-69.74687
-71.44702
-72.21624
-73.52691
-70.63673
-67.48279
-67.65044
-67.16159
-67.32471
-66.82678
-66.39887
-66.43189
-66.22150
-66.41752
-66.72138
-67.63023
-68.18045
-68.66297
-68.89078
-70.15728
-68.53528
-67.11898
-67.57229
-67.72795
-67.88975
-67.57044
-67.45148
-67.65638
-67.38735
-66.75755
-67.09421
-67.87440
-68.13770
-68.04886
-68.63124
-68.57217
-69.39401
-70.52115
-71.20203
-71.90311
-72.61769
-73.68203
-74.07945
-73.61045
-70.73911
-70.61584
-71.30145
-71.48580
-71.05059
-70.56038
-70.38346
-70.05114
-70.36936
-70.91861
-72.29804
-73.74275
-74.98045
-75.77789
-76.81530
-77.14908
-77.15183
-77.22180
-77.36336
-77.22197
-78.02275
-77.18210
-79.59840
-74.89286
-69.18028
-69.00208
-68.40301
-67.78532
-67.28193
-67.45250
-67.96439
-68.44752
-69.55524
-70.03781
-70.77512
-71.24003
-71.82953
-72.18424
-72.98000
-70.06378
-67.87158
-67.76802
-67.65130
-67.82876
-67.62096
-67.37369
-67.14585
-66.16142
-65.71660
-66.36606
-66.83447
-67.79417
-68.42937
-69.19299
-69.48863
-70.30265
-70.65726
-71.65875
-72.63117
-73.24316
-74.47140
-74.74150
-75.18009
-70.55921
-69.64372
-70.44747
-70.07937
-69.63106
-69.11012
-68.85784
-69.15744
-70.05840
-70.20541
-70.24204
-70.16162
-70.29157
-71.01548
-71.30059
-71.67550
-72.32562
-72.34643
-72.78978
-72.81610
-73.25975
-73.35079
-74.16050
-71.99473
-68.73866
-67.83004
-68.05705
-68.41412
-68.36949
-68.89082
-69.58871
-70.26274
-71.20590
-72.18247
-72.62428
-72.83990
-72.80590
-73.03652
-73.45923
-74.32004
-74.87881
-75.83892
-76.89418
-77.35263
-77.21412
-76.77274
-77.45937
-77.71534
-77.65649
-77.23189
-76.99733
-76.76817
-77.32935
-77.45679
-78.03043
-74.74965
-72.98554
-73.35320
-72.78446
-72.58465
-71.32099
-70.81945
-70.36509
-70.20533
-70.37421
-70.99651
-72.11696
-73.16721
-73.88629
-74.75109
-75.61639
-75.12717
-75.49245
-76.95538
-77.15687
-77.07277
-77.10348
-76.98805
-76.62516
-73.47645
-72.45903
-72.63959
-72.76071
-73.73173
-73.86661
-73.69385
-72.86943
-69.19596
-68.99708
-70.26752
-70.03696
-70.64662
-70.21336
-70.39623
-70.07036
-70.42012
-70.77536
-71.63553
-71.61158
-72.94464
-73.36681
-75.92034
-71.21073
-64.63233
-64.09338
-64.12132
-64.32492
-64.62433
-64.83663
-65.04587
-65.05909
-65.06845
-65.86946
-67.14213
-67.86612
-68.30917
-69.70012
-70.10767
-70.54447
-71.07048
-69.81428
-69.47416
-69.56471
-70.58509
-71.06421
-73.52512
-68.30808
-65.27753
-65.81647
-65.77911
-66.04498
-65.54259
-65.17976
-64.69195
-64.24579
-64.09363
-64.23201
-65.11114
-65.70784
-65.83528
-66.78993
-67.24695
-66.30020
-65.45749
-65.67923
-65.75181
-65.96350
-66.75322
-68.53917
-68.46927
-67.04420
-66.73141
-66.65442
-66.70944
-66.75261
-67.06955
-67.27377
-67.34538
-67.90558
-69.10711
-69.80935
-70.56119
-70.43248
-70.07195
-70.52465
-71.15708
-69.40154
-67.69529
-66.93729
-66.22266
-66.54321
-67.75625
-68.08202
-68.37059
-69.40883
-69.90934
-70.57301
-71.02228
-70.32931
-68.66548
-67.80589
-68.17158
-69.18735
-69.05735
-69.33688
-70.42819
-70.92365
-70.27239
-70.33829
-69.72102
-69.63764
-70.48263
-70.99773
-72.80285
-72.91440
-72.88584
-72.65443
-71.58189
-71.54865
-71.40079
-69.77089
-68.98899
-69.44043
-69.76660
-68.88247
-68.45172
-68.73428
-70.93576
-73.10413
-73.50174
-73.20836
-72.08888
-71.19905
-71.17268
-71.46856
-71.47155
-71.48978
-71.18139
-69.79772
-67.40835
-66.78496
-66.03665
-65.27988
-65.22357
-66.40054
-68.02629
-68.31576
-67.93789
-67.49486
-66.31757
-66.39012
-67.78332
-68.18513
-67.46846
-67.51325
-67.79505
-67.46158
-67.92083
-67.30284
-67.76842
-68.31611
-68.03866
-67.20179
-66.46548
-65.75400
-65.17310
-65.84254
-66.49066
-67.06459
-67.65184
-67.39239
-67.34263
-67.77125
-67.40357
-67.92288
-68.16450
-68.02703
-67.70889
-66.86576
-66.02635
-66.01548
-66.63757
-67.38347
-68.72267
-68.36200
-68.74356
-68.77776
-67.99508
-66.69369
-65.14469
-64.99545
-64.96352
-64.64767
-64.59435
-64.98054
-65.83002
-65.99797
-66.23749
-67.57672
-67.95347
-68.29409
-68.66937
-69.07265
-69.69245
-71.36938
-72.60494
-71.10375
-70.09826
-71.35259
-71.42809
-70.78168
-70.95207
-70.19542
-70.15007
-70.26547
-70.75462
-71.35417
-71.86961
-72.43563
-73.13350
-69.83323
-67.67151
-67.23541
-67.81896
-68.79520
-68.73845
-69.09966
-68.77660
-69.47774
-69.07509
-69.02205
-69.87546
-70.41644
-70.88811
-71.85847
-71.89633
-68.77143
-68.22667
-69.20279
-67.63028
-65.83621
-65.08693
-65.15873
-65.36597
-65.28215
-65.95482
-66.82981
-67.30867
-68.58365
-69.27491
-69.11438
-69.33133
-69.53973
-69.40148
-68.06888
-67.57444
-67.74639
-68.59114
-69.36254
-69.52582
-70.62446
-71.49519
-73.59160
-74.63295
-71.46586
-70.38131
-69.76550
-69.44361
-69.23729
-69.38141
-69.38133
-68.40562
-67.59695
-67.76988
-69.16275
-67.62620
-64.77084
-62.51094
-61.58436
-61.36339
-61.45285
-61.85744
-62.64725
-63.30127
-63.79899
-64.57486
-67.07727
-68.28818
-66.39958
-65.54006
-65.10261
-64.59014
-63.79187
-63.64623
-63.45683
-63.35422
-64.11854
-65.52936
-66.42865
-66.27548
-64.63019
-65.22295
-67.36478
-68.98421
-68.37383
-67.19043
-66.22737
-63.40550
-62.69258
-62.92446
-63.12114
-64.28082
-64.49979
-64.29278
-64.27589
-63.55461
-63.24435
-63.68152
-64.22318
-64.46288
-64.91360
-66.11867
-65.10164
-62.73350
-63.69019
-63.89106
-64.37398
-64.58340
-63.21082
-63.60738
-63.21541
-63.00264
-62.94053
-63.19842
-63.61995
-63.75131
-63.30983
-64.13800
-62.61105
-60.71575
-61.24253
-61.85851
-62.19592
-61.88913
-62.34816
-63.16175
-63.03745
-62.78866
-63.25307
-63.02908
-63.04151
-63.81949
-64.77698
-65.40970
-66.15651
-66.40271
-66.31977
-66.95127
-66.58728
-66.63191
-66.96811
-67.35522
-65.56909
-64.05822
-64.33647
-64.65575
-64.90906
-65.24256
-65.70447
-65.77770
-65.57292
-66.05203
-67.12914
-68.52510
-68.80316
-68.38708
-68.86849
-67.80934
-66.81389
-66.18680
-65.79428
-66.09906
-66.91388
-67.44288
-69.73875
-70.04335
-64.86782
-64.03947
-63.98283
-63.80826
-63.66383
-64.36164
-65.51104
-64.86220
-65.43897
-64.36915
-64.55091
-64.72985
-65.51260
-66.77814
-67.94087
-67.85406
-66.17942
-66.47302
-66.36953
-66.24076
-66.11163
-66.62838
-66.48943
-65.16623
-63.68203
-63.27591
-63.53735
-64.88230
-66.20814
-65.99694
-65.23633
-64.78087
-63.82564
-62.94339
-63.18546
-63.43156
-63.50287
-64.15476
-65.48942
-66.18404
-66.41064
-65.12205
-62.74728
-61.74681
-61.99784
-62.53533
-63.20152
-63.21661
-64.45771
-65.04125
-64.23844
-63.42628
-62.13370
-61.68753
-62.14490
-63.03851
-63.24397
-64.54658
-66.33980
-64.49011
-62.90372
-62.62646
-62.51774
-61.86282
-62.03000
-62.18949
-61.64875
-62.42946
-63.03746
-63.94634
-62.48889
-61.93200
-62.67392
-63.13945
-63.15537
-61.90994
-61.86510
-61.86211
-62.68621
-63.83965
-63.35018
-62.48012
-63.75326
-64.73826
-62.96692
-63.43876
-64.37470
-62.55731
-61.77019
-62.00336
-61.63751
-61.30343
-62.61859
-64.42398
-64.62529
-63.50737
-63.31877
-61.65160
-59.82720
-59.32729
-60.15747
-62.38492
-63.83565
-64.88564
-64.33522
-63.24680
-63.37857
-63.74343
-61.79072
-60.86672
-61.16094
-62.74695
-63.54003
-64.50425
-65.40525
-64.20962
-63.75027
-63.18158
-62.54381
-61.99057
-62.56831
-62.32705
-61.85255
-61.66438
-62.73416
-63.48127
-63.33029
-63.43717
-63.36498
-63.38812
-63.46825
-63.00785
-62.10794
-61.79692
-63.63626
-64.62252
-63.91139
-63.52940
-64.38591
-65.68456
-64.74302
-63.73594
-62.39918
-61.38618
-59.02695
-58.48205
-60.10117
-61.43454
-60.99752
-62.44684
-65.69448
-63.79296
-62.43701
-63.08416
-62.84521
-62.42414
-63.73284
-64.61509
-64.84302
-64.16122
-64.06007
-63.01666
-62.42181
-63.17490
-62.67377
-62.29025
-60.92133
-61.04000
-62.28849
-62.23209
-62.24063
-62.25884
-61.84854
-61.35592
-61.61790
-62.46602
-63.15638
-63.67831
-63.91758
-64.21198
-64.19011
-63.48878
-65.01323
-65.92281
-64.28162
-62.75807
-61.79425
-62.33082
-62.89608
-62.53304
-61.16118
-61.08597
-62.69262
-63.06734
-62.57643
-63.21444
-64.38070
-64.57445
-64.72632
-64.21780
-65.33097
-65.52934
-64.57758
-64.02370
-64.49448
-65.80877
-66.01308
-65.52142
-63.81872
-64.41719
-63.82872
-63.63800
-64.40788
-64.50876
-65.23529
-66.01251
-66.04561
-64.99418
-65.67292
-65.83743
-65.29939
-65.86689
-66.66326
-66.90341
-66.37531
-65.72173
-65.08457
-65.96523
-65.92724
-65.22548
-65.03010
-64.67624
-65.13706
-65.81386
-66.03453
-65.71643
-65.35284
-65.39639
-66.83389
-65.72502
-65.17058
-65.56053
-65.35966
-64.86661
-64.24191
-64.35293
-64.96028
-64.90082
-65.33143
-66.46941
-65.76222
-66.69684
-66.38987
-65.93700
-66.86726
-66.09798
-66.04213
-66.88606
-66.06316
-65.30946
-64.47300
-63.71238
-63.81113
-63.87400
-63.96816
-64.45485
-64.94906
-65.00824
-62.97313
-61.37130
-61.28481
-61.20329
-61.72480
-62.63723
-63.58456
-63.64307
-64.41140
-65.91461
-66.15337
-65.17647
-64.20720
-63.39050
-62.72837
-61.46988
-59.90922
-59.82852
-60.97853
-61.56679
-62.40072
-64.60687
-65.65682
-65.54813
-64.41285
-63.26432
-61.48518
-60.40503
-60.45762
-60.69992
-61.16495
-62.31564
-62.51803
-62.65307
-63.24339
-62.00932
-61.11498
-60.90828
-62.84638
-62.01961
-59.27585
-59.25864
-61.45648
-62.48300
-62.55194
-61.78456
-59.88666
-60.28209
-60.85840
-61.73835
-61.17164
-60.35818
-60.21955
-60.38014
-60.68075
-61.91056
-62.41648
-60.15538
-59.65857
-61.25178
-63.73341
-64.28865
-63.65768
-60.89646
-59.02496
-59.29163
-62.65994
-65.81186
-65.44705
-63.32311
-61.20107
-60.62678
-59.72040
-59.52241
-59.28069
-60.65110
-63.18422
-65.27955
-64.11824
-62.77561
-61.81812
-60.20239
-59.46409
-60.13505
-61.35033
-61.50552
-60.96922
-61.28112
-63.91019
-65.89155
-65.05011
-63.26516
-61.48600
-60.24167
-60.14474
-60.69139
-61.36285
-61.00871
-61.20429
-61.29336
-60.73194
-59.74896
-59.24114
-59.82520
-60.98457
-61.55163
-62.15346
-63.33554
-62.96105
-62.26548
-61.40073
-61.53523
-61.98287
-63.11662
-63.91598
-63.36393
-62.74463
-63.30707
-63.35232
-62.57075
-62.86587
-64.29135
-66.47987
-66.85067
-65.43059
-65.91140
-63.69696
-60.06277
-59.61603
-59.54682
-60.66645
-61.07148
-62.15637
-63.99686
-65.52475
-66.29921
-62.88668
-61.59301
-61.42876
-60.41075
-59.42009
-60.90932
-60.00955
-59.02091
-58.82789
-58.86122
-58.64229
-59.48960
-62.36020
-62.02147
-63.55338
-62.34060
-61.56551
-62.85889
-62.18112
-63.13834
-64.01241
-63.03653
-61.18110
-59.30137
-59.16811
-59.63904
-59.87319
-60.21762
-60.79133
-60.93438
-60.40716
-60.04928
-59.91883
-60.49238
-62.51051
-63.33830
-62.37018
-61.63126
-59.65627
-60.15545
-60.36340
-59.00101
-59.15373
-59.84923
-60.00932
-59.99718
-60.56386
-60.84311
-61.18386
-60.39367
-60.42868
-60.75805
-61.96641
-62.60602
-60.42683
-60.60720
-60.04719
-59.61499
-59.95667
-59.82994
-59.98391
-60.28743
-59.05287
-57.94412
-58.08607
-58.44999
-59.01258
-59.34658
-60.24007
-60.73943
-61.57278
-61.77721
-62.91000
-63.34160
-63.13913
-62.32740
-62.10628
-61.74968
-60.28398
-60.28280
-60.03026
-61.08417
-62.02796
-61.24777
-59.83110
-59.93848
-61.08639
-61.53153
-60.95710
-60.64317
-60.61684
-60.86149
-61.63227
-62.59470
-63.31226
-64.09636
-64.60931
-65.23025
-64.68215
-63.69577
-63.59298
-59.67453
-58.52439
-58.24385
-58.28657
-58.83553
-58.75445
-59.69005
-59.77760
-60.59411
-61.50577
-62.66082
-62.67077
-62.06891
-61.77664
-61.04143
-60.74352
-60.30855
-60.21125
-61.56420
-63.92792
-65.03807
-64.36727
-64.21384
-64.31627
-63.45872
-63.59168
-63.57115
-62.45447
-61.42026
-61.28270
-62.40924
-62.51508
-60.93877
-60.24195
-60.92047
-62.02009
-63.05840
-63.12304
-63.44094
-62.44927
-61.31589
-62.00277
-62.41039
-63.13874
-63.01754
-62.89663
-62.56355
-61.81824
-61.51193
-61.72793
-61.73164
-61.25635
-62.80969
-64.32411
-64.31919
-65.18874
-64.36821
-63.91046
-64.33124
-64.42332
-62.89802
-61.65677
-62.85782
-62.75435
-61.64826
-60.97617
-61.20902
-60.73545
-60.97644
-61.47293
-62.02292
-63.85293
-64.07971
-62.81954
-62.78809
-63.39190
-63.01642
-64.26693
-64.81538
-64.35841
-64.72525
-64.17334
-63.32466
-63.98594
-63.98184
-63.68291
-62.64484
-61.45324
-60.65368
-61.31789
-63.46895
-64.73325
-65.50986
-64.52811
-63.49968
-62.47904
-62.14958
-61.51786
-61.14945
-61.96744
-62.59217
-62.52234
-62.07960
-62.34634
-62.80768
-63.25275
-64.42914
-62.93936
-61.96682
-62.90956
-62.74250
-62.80458
-64.06659
-64.01389
-63.45997
-63.51971
-63.28561
-64.42689
-63.74763
-63.12409
-62.56030
-62.94321
-64.63254
-65.49428
-64.29946
-62.92019
-62.52339
-61.68990
-61.89081
-62.13747
-62.41037
-61.92632
-61.84434
-62.46023
-62.14999
-61.63497
-61.33467
-62.47374
-64.17295
-64.74816
-64.09318
-62.75350
-61.38997
-60.27926
-61.92357
-63.09154
-64.18058
-64.59385
-64.62625
-63.87676
-63.26802
-64.07201
-64.22773
-65.50057
-63.72494
-63.89219
-64.44523
-64.12445
-62.92263
-62.09719
-62.49011
-62.46925
-62.92032
-62.92154
-62.01251
-62.79233
-60.21627
-59.78345
-60.93859
-60.87833
-62.16810
-61.56831
-62.13118
-60.54217
-60.89296
-61.09596
-61.83767
-61.85187
-61.05658
-62.12984
-61.85160
-62.67351
-60.79540
-60.96743
-62.08022
-61.39742
-61.27365
-60.84757
-61.22628
-60.90426
-60.59283
-60.66538
-60.85484
-60.73518
-59.88309
-60.22166
-60.17303
-59.34885
-59.71869
-59.37647
-59.53764
-60.90857
-62.17453
-63.97036
-63.42355
-62.04989
-61.94981
-61.46614
-60.23877
-61.16305
-61.96956
-62.41115
-63.19048
-62.69366
-62.56531
-63.38603
-64.17964
-63.81027
-64.43377
-64.33127
-63.88709
-63.29991
-64.38506
-64.60865
-63.29324
-62.62920
-61.57965
-61.95782
-62.80661
-63.82717
-63.67021
-62.65408
-63.74179
-65.10484
-63.84491
-63.34562
-64.39427
-64.33848
-63.82299
-63.74039
-63.18090
-62.61969
-62.79273
-63.32136
-63.66367
-63.88968
-64.77577
-65.42259
-65.42136
-64.64651
-64.04676
-63.55480
-62.68180
-62.73122
-62.88454
-62.82060
-62.42081
-62.61133
-63.13879
-63.14723
-64.67516
-65.71940
-65.60711
-65.00452
-64.32029
-64.29584
-63.47784
-63.54168
-62.30133
-61.30497
-61.47692
-60.96387
-60.94295
-61.34743
-60.99739
-60.05944
-59.51391
-59.58553
-59.40249
-59.17466
-59.18514
-58.98943
-60.52388
-60.97403
-61.13349
-61.31513
-60.01181
-58.85796
-57.95842
-58.41158
-59.12380
-60.39683
-59.28943
-58.09155
-58.40071
-58.18381
-58.84677
-60.49326
-60.84764
-60.78709
-61.50545
-60.40401
-58.79277
-58.51722
-58.90604
-58.36187
-58.22661
-58.51907
-58.46756
-58.80773
-57.94791
-57.30388
-57.61908
-57.38446
-57.51662
-57.85896
-56.89044
-55.93126
-56.43292
-57.64939
-58.49192
-58.07652
-59.67820
-58.73810
-55.89724
-56.68748
-57.65206
-57.76301
-59.42968
-62.21211
-62.77829
-61.94212
-59.68393
-57.96896
-57.71322
-57.97362
-58.40942
-59.60026
-60.51281
-60.69077
-60.01239
-58.99497
-59.79514
-60.24517
-60.28464
-60.58090
-60.46818
-60.64652
-61.12039
-62.24546
-62.42780
-62.59003
-64.72207
-62.76403
-60.65736
-60.01381
-60.04424
-62.09210
-63.22994
-61.24772
-60.46613
-61.36616
-60.45126
-60.76721
-63.45605
-64.83242
-63.93376
-63.54346
-61.99528
-61.43068
-62.44378
-64.09158
-66.59828
-64.08981
-64.59890
-64.68294
-62.34289
-61.81570
-62.43992
-62.30357
-62.62425
-63.27836
-62.97841
-64.46289
-64.88950
-67.32501
-66.30701
-65.80957
-64.52933
-64.62907
-63.65712
-61.68948
-62.43715
-64.17335
-65.12268
-60.43283
-59.63776
-59.24724
-59.11778
-59.48379
-59.49139
-59.82363
-59.58596
-60.10362
-60.21541
-60.79860
-61.02184
-60.04144
-59.87000
-59.51167
-60.12372
-60.65351
-60.66507
-61.60038
-60.21034
-60.28280
-61.08739
-62.28897
-60.07494
-58.13064
-57.58876
-57.31418
-58.05991
-57.99255
-58.55162
-58.52886
-58.53427
-59.21136
-59.53262
-58.91722
-59.39725
-59.71185
-59.45330
-59.83873
-61.23357
-61.05144
-59.70276
-59.45263
-60.06573
-60.58824
-61.44973
-62.37724
-60.88522
-59.51157
-58.74499
-60.32614
-62.06885
-62.01653
-61.13338
-59.31558
-56.17553
-56.05423
-57.23542
-57.53785
-57.80912
-55.96470
-56.13310
-56.95400
-58.27603
-59.87040
-59.64319
-59.03490
-59.69678
-60.90171
-60.44569
-60.55900
-60.64018
-62.49571
-62.35300
-60.69070
-62.07547
-61.65593
-58.86399
-58.45575
-60.27091
-61.39170
-62.80706
-63.67922
-65.22372
-65.45656
-64.19601
-63.24419
-62.16523
-62.83629
-62.78018
-62.40782
-61.39609
-61.48380
-62.76959
-63.12533
-63.18088
-63.05794
-62.35320
-61.89804
-62.53819
-62.40397
-62.34313
-63.00159
-64.46354
-65.22152
-64.72829
-63.71266
-62.26992
-62.46938
-63.37314
-63.17158
-60.91523
-59.49617
-58.82971
-59.34500
-60.58631
-61.06667
-61.33552
-60.69113
-59.32999
-58.34302
-59.09452
-61.81477
-64.97410
-65.63750
-65.84868
-60.17073
-57.27144
-57.19064
-57.69823
-57.61805
-57.08037
-57.70955
-58.65753
-58.85069
-57.86945
-57.77174
-58.06156
-58.78327
-56.59499
-56.13323
-56.51731
-58.08663
-59.97600
-57.66562
-56.20895
-56.12481
-56.81299
-59.32267
-58.75727
-53.26666
-52.80090
-53.64404
-54.36761
-56.62169
-57.86551
-56.49989
-54.65890
-54.75745
-55.41785
-55.68813
-56.08381
-57.94908
-59.24785
-62.32449
-59.53312
-55.38114
-55.77605
-56.24166
-55.56912
-54.95590
-55.40868
-55.62508
-56.16285
-58.27529
-60.30273
-61.31704
-60.98053
-59.61014
-59.56890
-61.72224
-58.30274
-56.41613
-56.87074
-56.74518
-57.26800
-57.23845
-58.88086
-60.01482
-61.26636
-59.81653
-58.58980
-58.73485
-58.33640
-59.25467
-59.41565
-60.48019
-61.17063
-60.40585
-60.32475
-61.02550
-61.24629
-61.71796
-62.66128
-62.37165
-58.03060
-56.36554
-56.72667
-57.16855
-59.08990
-60.98393
-60.22549
-58.76781
-58.65808
-57.54299
-57.29178
-57.30581
-57.60684
-58.10430
-58.62392
-60.01456
-61.39528
-63.42167
-63.83343
-61.19432
-59.53702
-59.67042
-61.99309
-62.61897
-59.81717
-58.94819
-60.81226
-60.55772
-57.47251
-56.20895
-55.79732
-55.01826
-54.44163
-56.64873
-59.41669
-60.61484
-61.01220
-61.25053
-61.80228
-61.47407
-60.66387
-60.16124
-60.34513
-59.42625
-59.84064
-60.57348
-60.45265
-57.22771
-55.06606
-55.49621
-56.10794
-56.89169
-56.24494
-55.58671
-55.34544
-55.54333
-56.31865
-56.65296
-57.32097
-56.69800
-57.20377
-57.69568
-59.00248
-57.10784
-55.96275
-58.14388
-57.51871
-58.06591
-58.34650
-59.67798
-59.42096
-56.01702
-55.17969
-55.85516
-55.33915
-55.22141
-55.08076
-55.72438
-55.79373
-56.45875
-57.54142
-58.70117
-58.45381
-57.61225
-59.73256
-60.14159
-59.88468
-56.99459
-56.74430
-56.78020
-56.01898
-55.73733
-55.57130
-55.57425
-55.45923
-55.02273
-56.47142
-58.69445
-59.15972
-60.25525
-59.50787
-58.52757
-57.85196
-58.66911
-60.03026
-61.34226
-62.29290
-63.32960
-62.43943
-63.22980
-60.29069
-59.14154
-61.59685
-60.57346
-60.74533
-61.27228
-62.57750
-62.48220
-61.99982
-62.91381
-62.57342
-62.22457
-61.77537
-63.74293
-64.01491
-65.14572
-59.35983
-57.34996
-62.76591
-63.58258
-63.44735
-63.15952
-64.37843
-65.74709
-65.93623
-64.75020
-65.18827
-65.04436
-64.40418
-64.61127
-65.51546
-65.40972
-64.07343
-64.63102
-65.05918
-64.94968
-62.03513
-63.33771
-64.40873
-63.23433
-63.99141
-64.18441
-65.10643
-65.47308
-66.27691
-66.18758
-68.09763
-67.32633
-58.91446
-60.66484
-65.94066
-65.25797
-67.54313
-66.10611
-67.42864
-66.00385
-64.89165
-63.96046
-65.22997
-63.63037
-58.83086
-61.61815
-66.36093
-63.73217
-61.62515
-62.03963
-62.74678
-62.75278
-64.09769
-63.26737
-64.19979
-64.36987
-64.84924
-64.62619
-65.91105
-63.76534
-62.39662
-62.13028
-63.25176
-60.37999
-57.62819
-61.92333
-62.42390
-63.17093
-64.00110
-63.99802
-64.14475
-63.93375
-63.57177
-63.74918
-63.20883
-62.09625
-61.61996
-61.80548
-60.92708
-60.30181
-60.80434
-61.98588
-62.22983
-60.97006
-63.91390
-65.46927
-64.89005
-62.48094
-61.57221
-61.83939
-62.75373
-62.86400
-62.84955
-63.20318
-64.27607
-58.88221
-58.60062
-62.74434
-62.15324
-63.28067
-62.89962
-62.51084
-61.80015
-62.69173
-63.53529
-64.76590
-64.64409
-65.10337
-65.06762
-66.78873
-64.32173
-62.75492
-66.05892
-66.51201
-66.35575
-66.85466
-67.45786
-67.65440
-65.86283
-64.28546
-63.91261
-64.30622
-64.04307
-64.99453
-64.60047
-65.78478
-62.94569
-58.25619
-62.50117
-65.37251
-65.28615
-65.82198
-66.65391
-67.63700
-66.60725
-65.72269
-65.75831
-66.62801
-66.39077
-67.15531
-66.63843
-67.19094
-66.25987
-65.97212
-66.65166
-68.69298
-63.90863
-64.69843
-68.32020
-67.37337
-67.72286
-67.28108
-67.96097
-68.33559
-67.57269
-68.45006
-69.05794
-70.12661
-60.32840
-59.60062
-68.17425
-66.77139
-68.44807
-66.92692
-68.53283
-67.12959
-68.25260
-68.29855
-69.65580
-68.90312
-60.16663
-60.32445
-71.00741
-65.24480
-56.67597
-57.93977
-58.89458
-58.74308
-59.04403
-59.07372
-59.83772
-59.60657
-60.20745
-60.52561
-60.75212
-60.60299
-60.61142
-59.46939
-59.42821
-59.63939
-57.22335
-59.08573
-60.90047
-60.05050
-61.09728
-60.77378
-61.32182
-60.45099
-58.07891
-58.04147
-58.24654
-57.99773
-58.80002
-59.01857
-59.19560
-58.86330
-59.32575
-59.36986
-59.98170
-59.40223
-59.28437
-60.92398
-61.90830
-61.32936
-59.24354
-59.30215
-59.49365
-59.30626
-59.55991
-59.10564
-59.99655
-56.81101
-55.72741
-59.44719
-59.80820
-61.02146
-62.20352
-62.90152
-63.04185
-60.70068
-59.27717
-59.72027
-60.65026
-61.85311
-61.76743
-60.47595
-59.99835
-59.98827
-61.31045
-63.17923
-63.49594
-63.36334
-64.24883
-65.33801
-65.95654
-65.96999
-65.17782
-64.81870
-64.69086
-64.14660
-64.33991
-64.64554
-64.34447
-58.89906
-59.38602
-63.16594
-62.70991
-62.81275
-62.45482
-62.87654
-63.38922
-62.34214
-62.28231
-62.72669
-62.26992
-62.54603
-63.27273
-65.35056
-64.88716
-64.35891
-64.29824
-63.91800
-62.42282
-61.93392
-63.72056
-65.19446
-65.82362
-65.88377
-66.77401
-68.05116
-66.88469
-66.91328
-66.18332
-68.93998
-63.34013
-58.72632
-62.26930
-63.76220
-65.15001
-66.13944
-65.01007
-66.13156
-65.38001
-65.24447
-63.57111
-66.26796
-61.11917
-58.18447
-62.79770
-64.21737
-61.40594
-58.70243
-59.77992
-60.11683
-60.40737
-61.15614
-61.85811
-62.59767
-61.71844
-61.87042
-61.92311
-62.84929
-61.68763
-61.46668
-62.61651
-64.88217
-58.92605
-58.96544
-63.69141
-62.64393
-63.27665
-64.15492
-65.01101
-64.81166
-63.12022
-62.33911
-63.41520
-63.59429
-64.03076
-63.57582
-64.19089
-63.87444
-63.79622
-62.97664
-63.49187
-61.92763
-61.15823
-63.10545
-63.71796
-62.56419
-62.52137
-62.80941
-62.75736
-63.72698
-63.79672
-64.19657
-64.60955
-62.06304
-57.47773
-61.18758
-64.55020
-63.52287
-63.56158
-62.53392
-63.33552
-63.94954
-64.46271
-64.72128
-66.04956
-65.26211
-66.18467
-65.80855
-66.98532
-63.07831
-63.50401
-67.32630
-66.52242
-66.62238
-66.37333
-66.27687
-65.97388
-64.39596
-63.24177
-63.04605
-63.02634
-62.94436
-64.05421
-63.66243
-64.55408
-60.24493
-58.43401
-63.66209
-64.90755
-65.88067
-66.42317
-66.75538
-66.37649
-66.78935
-66.55091
-67.48217
-67.35891
-67.54149
-67.79061
-68.09509
-68.54770
-68.29197
-68.29648
-69.34972
-67.43723
-63.07630
-65.90063
-67.39542
-67.61198
-68.15989
-67.31755
-67.83918
-68.68245
-68.86242
-68.99150
-70.58225
-68.25693
-58.55733
-60.97903
-68.08394
-66.39655
-69.03906
-67.27984
-69.99957
-69.54029
-72.11950
-68.72573
-70.77053
-65.45434
-59.91846
-62.65313
-72.83869
-60.45709
-57.56655
-60.16745
-59.17452
-60.25422
-59.62014
-59.87022
-59.82017
-59.60455
-59.56860
-59.43714
-59.75489
-59.01672
-59.51671
-59.97845
-60.03532
-57.43166
-56.22404
-60.28331
-60.97477
-60.77334
-60.95688
-61.59004
-61.60256
-59.84272
-59.40696
-59.88856
-59.67374
-57.37289
-57.90807
-59.15345
-59.01597
-57.84550
-59.17182
-60.54309
-59.96036
-60.36005
-60.41773
-60.79182
-60.06753
-59.87988
-60.49766
-60.12480
-59.36587
-58.61512
-58.48382
-58.18830
-57.84000
-56.13482
-57.74618
-60.62473
-60.83997
-61.57478
-61.20483
-62.27807
-62.30710
-62.94636
-62.78338
-64.13064
-62.29309
-61.46078
-62.49757
-64.19586
-62.75289
-61.26420
-62.29397
-62.20626
-60.51738
-59.60336
-62.33854
-62.48079
-62.53931
-62.88709
-62.61406
-63.83435
-62.19146
-61.65950
-62.41031
-63.59934
-61.16274
-56.60087
-59.99819
-62.78964
-63.72513
-64.98565
-64.15314
-63.86503
-64.13775
-65.07337
-63.74557
-65.66330
-60.02063
-60.98614
-65.45274
-65.28321
-62.12773
-62.36397
-65.87576
-65.17863
-63.54044
-64.18884
-65.55449
-64.32782
-64.94755
-63.92144
-65.25960
-65.24433
-66.02212
-66.62812
-65.96275
-66.80219
-58.83053
-59.19263
-65.05820
-64.30762
-67.09392
-65.11311
-66.81331
-65.56038
-64.92821
-64.92730
-65.09157
-65.54036
-57.85029
-58.79838
-65.15188
-63.36908
-60.49815
-61.47780
-63.18239
-61.83639
-60.62009
-61.25658
-62.44643
-62.04297
-62.93623
-62.10952
-64.08110
-62.48535
-59.87761
-59.92275
-61.46281
-60.14166
-56.06231
-60.61077
-64.05384
-63.42180
-64.92363
-63.85954
-64.43910
-62.24229
-61.54036
-62.58313
-63.30798
-59.31980
-58.37394
-61.06671
-61.60542
-60.69207
-61.48276
-62.42049
-61.66184
-60.38265
-60.25929
-61.19429
-61.15597
-59.81843
-59.30214
-59.95668
-61.41186
-60.75690
-62.18829
-62.19413
-63.66661
-58.26261
-56.70541
-62.56222
-61.83119
-62.91704
-62.38022
-62.31595
-61.41103
-61.51649
-61.60557
-62.99903
-63.78238
-62.98634
-64.69429
-67.15509
-66.16246
-62.90152
-64.04047
-65.41229
-63.66175
-61.48827
-62.84302
-63.81202
-63.66268
-63.61013
-63.19787
-63.72339
-63.04391
-61.41882
-63.61588
-64.38453
-63.54151
-58.15875
-59.65284
-64.61173
-64.83777
-66.87446
-65.77418
-67.68918
-66.09786
-66.91892
-64.67052
-68.85158
-63.26102
-60.70781
-65.69750
-67.91635
-65.14997
-63.81474
-67.48573
-68.17524
-64.33840
-63.61021
-67.27750
-66.44533
-66.22616
-66.42780
-67.03556
-68.73689
-66.34027
-67.32111
-66.67841
-69.23465
-62.21982
-57.85206
-64.54952
-66.62994
-68.73147
-68.98995
-67.52477
-68.33090
-66.85548
-67.67086
-67.31749
-70.09156
-61.29167
-58.45034
-67.70315
-68.03415
-58.54785
-58.10442
-58.76355
-58.84864
-57.65446
-58.35247
-59.25610
-59.02008
-59.17304
-58.70920
-58.89234
-58.82130
-58.05240
-58.52584
-59.25148
-60.08226
-56.99219
-57.10737
-61.07009
-60.52775
-60.99481
-60.73195
-62.34585
-61.03774
-59.71683
-59.59378
-60.96844
-59.12856
-57.39684
-59.38919
-59.67895
-58.58583
-58.58611
-58.60623
-58.81002
-57.99569
-57.29595
-58.99604
-59.29852
-59.41647
-58.47245
-57.87404
-58.43505
-58.02112
-58.36513
-58.98782
-59.96442
-58.61340
-55.81978
-59.19125
-60.40477
-59.87751
-60.98796
-60.71668
-60.55694
-60.24970
-60.21903
-59.67097
-60.56672
-59.03180
-59.15385
-60.18841
-60.86106
-59.47178
-59.71640
-61.01377
-61.03408
-60.50448
-60.35341
-60.34368
-60.45814
-61.00895
-61.05222
-61.61533
-62.18218
-59.73229
-61.43831
-63.14030
-62.28639
-59.35484
-57.12554
-61.28744
-61.85209
-62.84016
-62.48078
-62.99989
-62.91786
-62.61116
-62.35815
-62.39679
-61.09172
-59.51162
-61.97368
-63.31470
-62.88758
-61.53391
-64.00767
-65.76895
-64.64852
-62.44091
-65.69887
-67.24252
-65.61520
-65.04213
-65.14870
-66.48102
-65.63998
-66.94322
-66.31527
-69.62058
-64.08281
-58.40450
-59.90917
-63.39364
-63.91425
-64.69588
-65.02007
-65.46894
-63.63597
-62.71894
-62.49803
-63.73856
-60.87239
-56.72355
-60.79132
-65.64657
-61.69263
-60.35570
-62.04988
-62.15476
-60.32588
-60.49740
-61.19211
-61.38524
-60.67428
-60.95645
-60.57431
-61.57046
-58.83108
-58.61595
-60.31233
-62.07141
-58.38152
-56.62427
-60.82603
-60.67675
-62.14020
-61.21778
-61.67342
-61.56422
-60.52844
-60.19234
-60.39232
-59.63346
-57.56979
-58.64263
-59.58985
-59.26999
-58.88091
-59.72617
-60.81074
-61.20050
-61.99479
-62.28801
-62.35999
-61.07003
-60.83515
-61.99079
-62.03135
-62.52860
-62.96811
-63.65007
-63.22308
-63.29165
-57.97063
-59.40279
-64.13326
-63.61068
-65.17910
-63.61951
-63.69565
-63.74030
-65.11386
-64.37587
-64.24738
-65.14202
-66.12083
-64.53934
-64.69184
-63.73430
-62.99394
-64.76732
-65.29717
-63.83920
-64.24015
-65.13201
-66.94590
-65.89026
-64.61750
-64.88670
-64.90252
-63.89348
-63.95499
-64.51647
-65.69776
-63.12499
-58.24740
-62.77413
-65.33553
-65.65481
-66.48850
-66.41950
-67.08771
-66.17463
-66.95609
-67.74211
-67.42565
-64.70479
-65.21240
-66.87945
-66.84812
-65.66439
-66.63985
-67.67191
-68.34178
-63.71442
-65.19271
-68.42858
-67.55043
-67.47193
-65.79325
-67.06553
-68.34530
-68.26635
-68.96308
-69.33428
-69.73398
-59.38807
-59.68876
-68.23266
-66.11151
-67.36328
-66.01249
-67.39625
-67.98984
-67.51121
-66.04059
-67.39632
-68.13942
-60.82610
-61.28957
-71.42965
-65.00302
-59.21721
-60.20032
-60.60289
-60.23384
-60.68856
-60.82567
-61.17857
-61.02527
-61.19556
-61.20219
-61.60504
-60.96693
-61.79166
-61.56100
-61.74058
-60.38538
-57.31202
-60.10591
-61.48547
-61.55690
-61.88452
-61.75853
-62.00177
-61.75728
-61.80472
-61.71144
-61.61480
-61.56817
-62.02624
-62.36392
-62.44050
-62.11256
-62.40894
-62.65918
-62.86159
-62.04981
-62.26168
-63.01502
-62.97721
-63.17241
-63.33143
-62.84534
-63.00231
-62.73210
-63.10893
-62.67417
-63.60266
-59.58701
-59.29317
-64.73490
-65.15403
-66.05710
-65.42445
-65.34953
-65.12246
-65.62347
-64.35866
-64.97028
-65.37256
-65.77964
-65.47072
-65.45042
-65.49448
-62.78864
-65.29067
-66.66612
-65.74069
-66.64054
-66.67782
-66.06620
-65.26250
-66.05163
-66.23517
-66.76711
-66.02960
-66.22512
-65.96641
-68.03802
-66.64918
-59.44882
-61.86588
-66.86813
-67.43634
-68.15581
-67.79223
-68.37216
-68.44459
-69.35784
-69.18927
-69.10350
-69.26280
-69.98632
-69.11416
-68.69075
-67.38695
-67.84218
-67.21645
-68.82702
-65.54298
-65.57042
-70.14421
-69.55509
-69.29388
-69.67247
-70.62991
-70.62399
-69.95398
-69.98210
-68.02185
-70.31847
-64.00162
-59.92114
-67.46204
-70.79345
-71.21365
-71.65618
-71.04489
-71.71814
-71.12860
-72.23400
-70.60676
-73.26186
-62.95719
-60.98921
-69.69593
-71.30103
-65.86859
-69.75086
-74.55371
-72.19348
-73.25450
-71.86303
-73.32932
-72.62919
-72.52925
-72.33201
-72.31429
-72.34576
-71.68100
-72.75767
-71.86996
-72.21904
-61.39393
-62.61488
-71.00808
-70.10512
-71.16107
-69.99989
-71.99835
-71.29011
-69.14181
-68.85583
-69.08548
-68.37997
-68.31348
-67.86392
-68.30236
-67.36582
-68.28146
-67.49615
-69.50506
-66.79278
-64.87238
-68.70579
-69.51267
-68.15506
-70.29094
-71.14809
-71.59365
-69.44877
-69.91540
-71.52786
-73.23422
-67.00337
-60.62826
-66.92706
-72.59735
-72.05949
-71.73052
-69.87801
-68.99827
-68.22239
-69.83712
-71.84708
-72.40223
-71.78191
-73.10541
-72.09773
-72.93424
-66.95545
-68.41847
-74.18647
-72.04028
-71.07253
-70.21189
-72.46607
-72.62535
-71.02262
-71.92086
-72.55067
-74.36328
-72.80866
-72.97271
-70.69104
-72.16033
-62.00111
-61.65755
-71.02028
-70.81752
-73.63336
-73.31778
-75.66472
-73.53985
-73.45206
-72.71853
-73.15983
-73.36001
-73.45739
-72.57894
-73.78352
-71.75746
-73.39732
-73.71222
-75.43737
-71.66749
-66.83807
-73.50077
-73.81858
-72.44482
-72.31171
-72.53317
-73.70411
-71.82264
-70.56972
-69.26025
-71.19796
-68.98014
-61.60594
-66.02812
-75.09340
-73.55419
-77.80914
-73.77422
-74.97934
-71.35041
-73.19518
-71.29243
-74.62517
-66.16377
-61.32552
-66.69632
-74.25018
-64.14298
-59.88418
-61.21673
-61.11754
-61.28591
-61.38393
-61.34253
-61.42389
-61.21132
-61.36630
-61.51191
-61.85371
-61.58957
-62.31957
-62.05953
-62.48301
-60.15497
-59.34634
-61.59000
-61.99547
-62.08409
-62.29096
-62.34242
-62.42161
-63.20123
-62.55869
-62.69753
-62.70826
-62.47540
-62.55337
-62.77532
-63.02173
-62.60424
-62.11588
-62.45130
-62.41456
-62.01651
-62.47421
-63.20970
-63.55216
-63.80071
-63.57519
-63.84263
-63.83847
-64.08403
-64.16428
-63.92546
-63.64716
-60.36979
-63.43649
-67.15084
-66.49662
-67.13451
-66.64889
-66.87034
-66.03932
-66.12027
-65.91135
-67.18053
-67.60638
-67.83543
-67.20791
-67.76666
-66.41880
-65.57999
-67.61115
-67.69682
-67.31655
-67.39405
-67.51684
-67.95876
-67.33963
-67.78707
-67.73844
-68.56546
-68.33941
-69.44459
-68.15686
-69.75849
-64.40580
-61.27454
-67.02534
-67.69282
-68.00699
-68.05019
-68.28729
-68.52004
-69.13225
-69.32949
-68.42303
-68.24772
-69.18977
-69.11677
-68.16086
-68.54388
-69.26213
-69.91857
-69.91166
-69.00463
-66.26679
-68.07077
-69.19982
-69.05922
-69.74913
-69.55084
-69.09870
-68.22974
-67.77579
-68.14013
-69.49007
-71.27938
-62.76282
-63.48456
-70.96873
-70.15284
-72.31052
-69.61482
-70.87643
-70.03127
-71.29523
-69.95275
-70.26003
-68.58733
-63.29181
-65.26954
-71.24883
-68.40420
-67.26808
-72.18294
-72.53080
-71.36308
-70.83033
-71.00472
-71.99091
-70.92471
-70.23761
-70.22662
-71.32630
-71.61782
-72.51034
-71.87083
-72.64333
-68.38418
-63.08211
-67.11180
-71.76803
-71.07323
-72.07447
-71.87165
-73.79009
-69.86112
-68.07539
-68.43387
-68.28088
-67.89436
-67.19644
-67.50039
-67.09666
-67.00904
-67.65836
-68.14859
-68.85131
-66.67013
-67.34227
-69.47210
-68.40288
-69.64334
-70.79301
-69.32275
-68.48719
-69.39815
-71.20577
-70.88260
-74.37934
-65.11228
-64.02371
-72.18467
-72.47545
-73.51811
-73.08115
-71.24266
-69.45003
-69.76976
-69.03620
-68.91129
-67.71037
-68.45992
-69.02801
-70.09239
-69.98383
-66.82073
-69.50521
-70.84948
-70.41034
-70.62667
-69.44467
-70.72442
-71.26405
-73.20002
-74.03569
-75.75858
-74.88716
-75.95860
-74.33814
-73.63707
-71.46478
-63.08792
-65.87335
-69.76116
-69.45646
-71.65649
-71.01890
-71.23416
-70.87942
-71.98718
-71.71960
-73.05742
-73.87799
-74.22094
-73.58170
-72.70395
-71.30911
-70.33620
-68.80893
-69.93986
-68.36942
-68.07577
-71.53070
-71.95714
-72.60008
-72.10971
-72.66002
-73.36030
-72.59005
-72.49208
-70.87153
-74.07882
-66.74509
-63.33574
-70.49770
-72.41150
-71.38058
-70.51358
-70.91734
-72.12003
-72.18222
-73.14990
-72.35507
-76.69793
-66.22457
-64.33351
-72.05178
-72.64168
-63.30062
-60.50196
-60.91761
-60.87013
-60.99691
-60.79596
-61.18019
-61.30191
-61.19846
-61.12532
-61.20137
-60.86620
-62.29475
-63.36252
-62.99772
-63.24969
-63.29315
-63.58793
-63.76484
-63.57279
-63.06471
-62.61043
-62.30420
-62.34623
-61.01870
-60.86225
-61.06030
-61.54777
-62.24895
-62.29866
-62.67398
-62.62238
-62.30067
-61.94869
-62.35174
-62.39726
-62.59756
-62.38503
-62.29313
-61.61166
-59.92385
-59.62828
-59.41496
-59.66614
-60.24712
-60.81328
-60.75261
-61.69947
-64.02305
-63.94139
-63.87525
-62.97632
-62.51670
-62.58956
-62.99127
-63.74420
-64.06571
-64.72979
-64.85494
-64.31435
-64.84562
-65.85485
-64.68329
-63.97911
-64.39259
-64.95387
-64.30187
-64.25028
-65.79863
-65.82015
-64.68032
-64.60190
-65.06177
-63.84198
-62.97877
-63.50372
-64.29452
-64.26225
-64.37001
-65.21274
-65.69660
-66.07538
-65.79515
-65.43777
-64.90986
-65.14888
-65.61817
-64.94624
-65.54374
-67.02128
-67.39469
-66.95916
-65.93499
-64.81770
-63.75420
-63.94117
-64.91196
-65.44001
-65.70448
-66.32642
-66.01041
-65.34201
-64.67945
-64.03441
-65.44717
-66.33449
-65.95867
-66.98760
-68.71172
-67.90205
-66.86244
-66.55447
-66.96500
-66.89042
-65.68134
-65.53442
-67.13315
-67.51705
-67.30912
-67.55536
-66.73417
-66.93865
-66.57591
-66.54709
-65.34213
-64.67654
-65.06974
-65.67527
-68.18966
-69.00802
-69.74733
-69.65083
-69.45152
-69.96104
-67.56720
-67.99060
-69.38767
-69.73923
-67.11834
-64.99595
-65.78658
-66.27624
-65.81213
-65.09303
-65.59230
-65.49697
-65.52716
-65.95791
-66.10853
-65.56579
-66.69595
-68.15497
-66.83845
-67.17327
-66.84063
-67.31098
-67.73582
-66.82445
-66.67114
-66.57228
-66.29220
-66.19836
-66.77052
-66.83176
-66.83031
-67.21863
-68.69794
-71.07335
-72.43535
-73.05024
-72.11399
-70.72911
-70.75484
-70.82817
-71.04013
-71.13864
-70.60417
-71.50355
-72.13815
-71.26629
-71.55645
-71.47844
-70.72201
-70.46517
-69.88872
-71.84697
-71.48501
-69.34302
-69.37967
-69.86397
-72.07267
-72.44630
-72.38430
-71.44300
-72.09503
-74.45402
-74.13389
-74.38131
-74.39272
-74.70398
-75.09241
-74.67257
-73.17262
-73.71396
-73.99132
-73.03111
-73.16012
-73.42833
-74.27678
-74.76431
-73.30008
-72.52279
-73.02324
-74.01676
-74.93935
-75.25041
-74.67127
-75.78052
-75.61040
-74.15048
-74.73587
-75.26999
-75.33929
-74.64696
-74.35778
-73.61995
-73.30862
-73.20818
-73.69504
-73.75470
-74.51482
-74.43237
-74.17634
-75.36050
-75.81738
-76.00017
-74.95913
-75.54089
-76.40486
-75.51861
-75.22590
-76.30229
-76.28054
-76.57246
-76.57100
-76.15160
-77.32099
-76.05316
-74.87897
-75.97805
-76.19121
-76.27457
-75.81702
-75.45514
-76.69517
-76.69188
-76.96277
-77.64669
-77.78150
-78.81375
-79.94079
-80.11238
-80.54606
-82.72889
-80.14335
-79.33454
-82.41226
-84.14084
-83.21132
-81.11096
-81.35352
-81.90615
-83.47357
-83.89836
-82.92313
-84.27949
-86.58325
-85.43298
-84.67192
-85.60290
-86.56080
-86.45401
-85.97478
-86.74732
-88.38008
-88.78048
-88.84011
-89.65366
-89.67614
-89.95460
-89.58679
-90.47002
-90.66258
-91.68880
-90.75023
-90.81996
-91.40846
-91.25558
-92.34219
-91.92349
-92.47612
-93.10379
-93.48830
-93.66135
-94.82313
-95.02475
-94.63979
-95.55529
-96.29769
-96.54548
-97.04099
-97.26496
-97.12216
-97.29307
-98.03745
-98.69043
-98.26665
-98.70948
-99.65887
-99.53427
-99.30682
-99.72205
-100.87316
-100.98419
-101.08119
-101.49011
-101.60421
-102.06119
-102.39098
-103.12706
-103.47562
-103.67310
-103.72004
-103.87796
-104.42424
-104.96332
-105.52599
-105.68620
-105.84077
-106.40106
-106.90374
-107.01982
-107.49070
-107.63027
-108.12979
-108.58804
-108.73563
-109.16633
-109.49390
-110.03058
-110.18872
-110.24636
-110.82487
-111.38079
-111.55181
-112.02559
-112.13676
-112.49564
-112.99192
-113.20574
-113.53550
-114.31098
-114.56837
-114.78583
-115.48810
-116.04865
-116.85299
-116.82014
-116.91042
-117.56159
-118.10868
-118.48211
-118.82605
-119.16583
-119.70990
-120.00411
-120.36815
-120.48652
-120.87215
-121.49609
-121.53897
-122.25529
-122.56725
-123.51888
-123.93089
-123.94574
-124.37664
-124.76926
-125.14187
-125.42424
-126.06003
-126.61467
-127.97442
-127.30368
-128.43830
-128.66922
-128.40986
-129.17141
-129.51835
-130.03143
-130.93921
-131.50159
-131.49533
-132.91484
-132.61259
-133.01243
-132.90812
-134.11201
-134.47885
-135.53958
-135.63202
-136.24486
-136.14902
-136.32658
-137.42483
-137.33068
-139.26452
-138.30415
-137.61412
-138.91888
-140.11744
-140.58544
-141.09722
-140.48453
-140.97511
-140.46301
-140.96537
-140.64321
-141.38789
-141.65565
-141.71695
-142.09451
-141.76136
-141.30761
-141.90515
-142.46934
-141.61445
-142.51046
-143.15484
-143.11736
-142.26206
-142.09913
-142.78313
-143.32022
-142.25955
-141.29297
-142.20278
-142.59035
-142.60111
-143.02803
-141.90043
-142.99290
-142.30514
-141.78623
-142.38601
-142.03459
-142.67649
-142.34821
-142.00238
-141.85600
-142.61779
-141.55862
-142.96946
-142.98270
-141.68457
-143.17275
-142.65412
-142.97162
-142.48288
-141.93478
-142.49761
-142.89267
-142.57774
-143.41213
-142.67139
-142.44127
-142.48808
-142.00531
-142.53847
-142.42409
-144.00198
-143.78966
-142.95896
-142.73357
-142.65208
-143.19051
-143.05593
-143.00271
-141.98222
-141.92895
-142.71465
-142.13903
-143.13770
-142.83391
-141.68364
-142.53120
-143.17479
-143.43647
-143.98480
-142.76339
-142.71422
-142.94973
-143.29513
-142.50824
-143.20094
