-65.04724
-55.28249
-59.67325
-63.01047
-67.77358
-71.31574
-76.02554
-80.58743
-77.74854
-83.07057
-90.36355
-106.80749
-88.09247
-85.21368
-80.85494
-75.14397
-58.99167
-55.57611
-65.48699
-69.70265
-83.55935
-85.10063
-88.91825
-83.18418
-59.87944
-58.74818
-71.05893
-72.50042
-94.48460
-84.54222
-102.46237
-91.25342
-58.23096
-55.96798
-62.02693
-63.84689
-71.26854
-71.41181
-81.37885
-76.94733
-55.98959
-57.44308
-68.87671
-70.49567
-97.12667
-78.25257
-81.50166
-74.76328
-57.88163
-61.31944
-73.77092
-73.55585
-90.35001
-79.12991
-80.17732
-72.06461
-57.63397
-62.46807
-73.53172
-74.88055
-95.33609
-80.01993
-79.56718
-68.62150
-55.49879
-58.36286
-62.95098
-66.36150
-71.89358
-73.81479
-83.45821
-76.19555
-84.72875
-84.75164
-91.23228
-83.66753
-82.09006
-78.86726
-74.10036
-61.44780
-55.04832
-63.39266
-69.75795
-77.67005
-96.47961
-80.78428
-77.23160
-61.63134
-57.96199
-68.36179
-72.89225
-82.81601
-95.58397
-84.11629
-79.24317
-60.11144
-55.58450
-61.21082
-63.46576
-69.73796
-71.32233
-79.80264
-78.21778
-79.54134
-82.52639
-105.54936
-89.26085
-97.72567
-101.41629
-111.35317
-104.26457
-56.19422
-58.07229
-71.83940
-72.89988
-88.65584
-81.03326
-83.35265
-78.46464
-58.04899
-60.92602
-73.18429
-73.62189
-96.03898
-80.57779
-83.25299
-74.56562
-56.18533
-57.26716
-62.72079
-65.16128
-72.10002
-72.26903
-85.04841
-75.99711
-83.93221
-83.05563
-89.73594
-83.32516
-82.74557
-80.12148
-75.95958
-65.20588
-54.96224
-61.46255
-69.59416
-75.24476
-110.39871
-79.24374
-76.79678
-64.22756
-57.48555
-66.25661
-73.05231
-79.36250
-106.97603
-80.54535
-76.82215
-62.25073
-55.38533
-60.02771
-63.64980
-67.74222
-73.57081
-72.69467
-83.19579
-58.82763
-55.60643
-65.40208
-69.89055
-82.31822
-86.31351
-87.02911
-82.07443
-59.82914
-58.84390
-70.54700
-72.91365
-89.96772
-86.87840
-93.42017
-87.73205
-59.10243
-59.42193
-71.09307
-73.28185
-93.49726
-84.89207
-111.34398
-92.68427
-57.20081
-56.44231
-62.33201
-64.39008
-71.28642
-71.77860
-83.50809
-76.50193
-82.03925
-82.35810
-90.65442
-83.82606
-84.28314
-82.31963
-79.14562
-70.18129
-55.09727
-59.62686
-69.71115
-72.46644
-92.88699
-77.40303
-76.93819
-67.44559
-57.44346
-63.81874
-74.25889
-75.58676
-89.90412
-78.53072
-76.78215
-65.41845
-55.45016
-58.95023
-63.22376
-67.08333
-72.00162
-74.61608
-81.43770
-81.69758
-93.39111
-87.92116
-116.15953
-94.84843
-99.98971
-102.07054
-105.49196
-110.15932
-122.16709
-118.97265
-110.32781
-107.10662
-104.89442
-104.01981
-103.57710
-104.32257
-106.10612
-112.11862
-117.46126
-102.00500
-94.49768
-88.02511
-81.38879
-57.87778
-55.07125
-59.76114
-59.78809
-61.47005
-60.39686
-61.52883
-60.66821
-61.54579
-60.88245
-60.97787
-60.77043
-59.85226
-58.27827
-58.97000
-57.81899
-51.92868
-54.23148
-58.59454
-58.07870
-58.78629
-57.78530
-58.98145
-56.93148
-53.81365
-54.82052
-55.30728
-54.71314
-54.82687
-54.73746
-55.59857
-54.87274
-53.09986
-54.77868
-56.38811
-55.42547
-56.11838
-55.13001
-55.50889
-53.87996
-53.27876
-55.81809
-55.10498
-54.97469
-54.94984
-54.29276
-54.68726
-53.51992
-53.31526
-55.35739
-55.91048
-56.20623
-56.64965
-56.29032
-56.82133
-54.21353
-53.22679
-55.41363
-55.85469
-56.31151
-56.48100
-56.18500
-56.75147
-54.17328
-53.73819
-56.40116
-57.39527
-58.93124
-58.29656
-59.18909
-58.85683
-59.13699
-58.83311
-59.44840
-59.97996
-60.66029
-61.47841
-61.35414
-62.52614
-55.23534
-56.33868
-61.31202
-60.95697
-61.37092
-60.30488
-60.39790
-58.83959
-55.40823
-57.04017
-59.06106
-58.27096
-59.33449
-58.05682
-58.82615
-58.07289
-54.33844
-55.92823
-59.12582
-59.73792
-60.60488
-59.79833
-59.31476
-58.65204
-59.49228
-58.88935
-59.53551
-59.89447
-60.66221
-59.10489
-61.38674
-57.22442
-53.80375
-59.23912
-61.74655
-61.95416
-63.01937
-61.92186
-63.63595
-58.76124
-56.41187
-60.81335
-61.93221
-62.24281
-63.12807
-62.26804
-65.32584
-58.47734
-54.34090
-57.44927
-59.18237
-60.35406
-60.70936
-60.64153
-61.03891
-60.25275
-59.22913
-59.41793
-59.99073
-58.95889
-58.94323
-58.05972
-59.99136
-53.02493
-51.63417
-55.72833
-56.17558
-57.71108
-57.22184
-57.56341
-56.97260
-53.75544
-54.15114
-56.10591
-55.67414
-56.39394
-55.83024
-55.60841
-54.96494
-52.51501
-53.42105
-54.77464
-54.68600
-55.61901
-54.60990
-55.10878
-54.75753
-50.00052
-51.07722
-54.43586
-54.02294
-55.25064
-54.80373
-55.25313
-53.59194
-52.26750
-54.41262
-56.08928
-55.97075
-57.01931
-57.03936
-58.59051
-56.79472
-54.41065
-57.47505
-58.45201
-58.30970
-57.94526
-56.66843
-57.07809
-55.27944
-53.28779
-55.07813
-55.85722
-56.62176
-57.01737
-57.76841
-58.51562
-58.57934
-58.84142
-58.57595
-59.21332
-58.49129
-58.91499
-58.89899
-62.72087
-56.94573
-56.20635
-63.55186
-63.00641
-63.72133
-63.82200
-63.49457
-64.02080
-57.53547
-57.55481
-63.39564
-64.16412
-64.94103
-63.32081
-63.54827
-65.35342
-56.89169
-55.21859
-59.66570
-60.88047
-63.74833
-63.48923
-65.68669
-65.56614
-67.67266
-67.52822
-68.46014
-67.56567
-69.12692
-67.79205
-69.33941
-68.03275
-55.25574
-58.75137
-69.72952
-67.50970
-71.21923
-67.97663
-72.54205
-67.22304
-57.42410
-61.25454
-70.08429
-69.94014
-76.15027
-70.52777
-77.50098
-66.60284
-55.33032
-55.08168
-57.37177
-57.54153
-58.59083
-58.21703
-59.67434
-60.48698
-61.70669
-59.73440
-59.90348
-58.09366
-57.33234
-57.21191
-59.15753
-55.04683
-52.28556
-57.96287
-58.68505
-57.89575
-57.33764
-56.49911
-57.50045
-54.04408
-51.95569
-54.37629
-55.70279
-55.55070
-54.27832
-53.92268
-54.89788
-53.23242
-52.74721
-54.62921
-55.14351
-54.67018
-54.60404
-54.06814
-55.11449
-50.75037
-50.25091
-53.68471
-54.07538
-54.98146
-54.03088
-54.28804
-54.03521
-52.77571
-52.86149
-53.80138
-55.14041
-56.69636
-55.95289
-55.94007
-55.59824
-52.99811
-53.65841
-54.56205
-54.56791
-54.96426
-55.08159
-55.76918
-55.77091
-52.99170
-53.52482
-55.70167
-56.17040
-58.43605
-59.84121
-59.93452
-58.41554
-57.02883
-56.41898
-57.56882
-57.31779
-58.68567
-59.32096
-60.56780
-57.87262
-54.54644
-56.90089
-57.22618
-57.68820
-59.30977
-58.34716
-60.73536
-58.46673
-56.59971
-61.69803
-63.18292
-61.99945
-62.43870
-61.85439
-63.42432
-59.05662
-54.63898
-57.57400
-59.38491
-59.89798
-60.28780
-61.48063
-62.85607
-63.87610
-65.55306
-66.02414
-66.81288
-65.56467
-67.69736
-63.56807
-65.58020
-55.40300
-54.66720
-61.16174
-61.04031
-65.21560
-64.73873
-64.32970
-65.25884
-57.94859
-58.44786
-65.73000
-64.37827
-66.40864
-64.94391
-64.63016
-66.57442
-55.65895
-53.87264
-57.34077
-57.61300
-59.76606
-59.47008
-61.13326
-60.70068
-60.03024
-58.85539
-59.43936
-59.17936
-57.53779
-56.37393
-57.38880
-56.91696
-51.16601
-54.41177
-57.99215
-56.31756
-57.85642
-58.31118
-58.24920
-56.23057
-52.49547
-52.81991
-55.19268
-54.21326
-54.60896
-54.99877
-55.87836
-54.43851
-53.20119
-54.51069
-55.67961
-55.76254
-57.12566
-55.28070
-56.38893
-53.01634
-49.70858
-52.53501
-53.67986
-54.17505
-54.91784
-54.91959
-55.24066
-54.15863
-53.64949
-55.85690
-56.48125
-56.61932
-57.36525
-57.06576
-57.38698
-55.16080
-55.65601
-58.75095
-59.62963
-58.89731
-58.53980
-59.36845
-60.63909
-56.01251
-54.56440
-57.75257
-58.67533
-59.90373
-59.66260
-60.05565
-60.06650
-60.65989
-61.08784
-61.96974
-61.47360
-61.48886
-61.33404
-61.73006
-62.37445
-53.69037
-53.86579
-58.24956
-58.84834
-62.90112
-61.71807
-63.47880
-61.40894
-56.22434
-59.68206
-64.09536
-63.37389
-64.63725
-63.38102
-64.69990
-62.37902
-55.27058
-56.89973
-61.07098
-62.10400
-63.57166
-63.39968
-64.96272
-64.14582
-65.86591
-65.70529
-68.24756
-65.84390
-68.16951
-64.53219
-71.40795
-60.02584
-53.99941
-59.98819
-62.59396
-63.01334
-65.23799
-64.34638
-68.65406
-60.45489
-57.37102
-64.57834
-68.09480
-69.22270
-71.99388
-69.52374
-79.30664
-60.74712
-54.44318
-56.95965
-56.90063
-57.77005
-58.29254
-58.57810
-59.10071
-60.19679
-60.60799
-60.59419
-61.41517
-58.29437
-57.14431
-56.74220
-57.87503
-52.70492
-52.41754
-56.32901
-57.87067
-59.13014
-58.88258
-58.60960
-58.31156
-54.15723
-53.68756
-56.30451
-54.35129
-54.51774
-54.79763
-54.76586
-54.74290
-53.28004
-53.22630
-54.95881
-55.62196
-55.64358
-55.30989
-55.83455
-55.33578
-53.54581
-54.31197
-55.11964
-54.96236
-55.08353
-54.92032
-55.18742
-54.74999
-52.74859
-54.01556
-55.66879
-55.06844
-55.67841
-55.21682
-56.65967
-54.67997
-53.42807
-55.63262
-56.95701
-58.29926
-58.47019
-58.24711
-59.21339
-56.46113
-53.38289
-55.21297
-56.90567
-58.19088
-58.10250
-59.35371
-59.99397
-58.86000
-59.78873
-60.07163
-59.80569
-59.44688
-60.97792
-60.06370
-61.86599
-55.32128
-54.44605
-62.67353
-61.39411
-60.95095
-60.89253
-60.76845
-60.75086
-55.83621
-56.67232
-60.76108
-61.31646
-61.55203
-60.49270
-60.36262
-61.77678
-55.88158
-55.30976
-59.28570
-59.63482
-62.87089
-62.58244
-62.92411
-62.83168
-63.56501
-62.89855
-64.48629
-64.19406
-65.35309
-63.33449
-64.20730
-62.91781
-55.07770
-58.80584
-64.73125
-63.53297
-63.87821
-61.07171
-64.04773
-61.04954
-56.54402
-61.37550
-69.09872
-68.34761
-71.59360
-68.45212
-76.40995
-65.64516
-54.30733
-55.15550
-58.12430
-58.46179
-60.14716
-59.78348
-60.93175
-60.22964
-60.36542
-60.00194
-60.92204
-59.75396
-57.21144
-56.91858
-57.59166
-56.47319
-55.97686
-58.02872
-57.95174
-57.87925
-56.46539
-55.53004
-56.81193
-54.31086
-53.05070
-54.92750
-55.73828
-56.41131
-56.56378
-56.41926
-56.38151
-53.80517
-53.38705
-55.54643
-55.69888
-56.54048
-56.51520
-56.42244
-56.31624
-52.43185
-53.34051
-55.50511
-54.11273
-55.05958
-55.09871
-55.99509
-55.66438
-53.45271
-54.30879
-56.46001
-56.15373
-56.58742
-56.76500
-57.19883
-56.88245
-54.01241
-55.03833
-56.97385
-56.90912
-56.49895
-56.00391
-56.43489
-55.63152
-53.16822
-54.33314
-55.72051
-56.34647
-57.15391
-56.59019
-57.21639
-56.84249
-57.27444
-56.99759
-58.73146
-59.23983
-61.04052
-60.33595
-62.47262
-57.68519
-53.55888
-58.03457
-59.96412
-61.39610
-63.97536
-62.54046
-63.20290
-57.78870
-55.42011
-58.60572
-59.48909
-60.00905
-61.97431
-62.61321
-65.03897
-58.72468
-54.70615
-58.60590
-61.26876
-63.73217
-63.86918
-64.12012
-64.31074
-63.91777
-63.72876
-64.09698
-64.96374
-64.81298
-66.79621
-65.06144
-68.65920
-55.72934
-55.13193
-61.97838
-61.80676
-65.24498
-64.98403
-65.05470
-65.22012
-57.53431
-58.80857
-67.60132
-66.62881
-69.51925
-67.97013
-70.32388
-71.22274
-58.02931
-59.79704
-70.18912
-68.53594
-72.48820
-69.13180
-72.21597
-70.53260
-73.78324
-71.39014
-73.74998
-71.79308
-74.92512
-72.44161
-76.28111
-68.25987
-57.04847
-62.29571
-70.42940
-72.15923
-75.35278
-74.10846
-76.97750
-74.31954
-77.69519
-74.11714
-77.28907
-73.08529
-77.60043
-71.98401
-86.00582
-64.73844
-57.07934
-64.97167
-70.17168
-75.76373
-75.79676
-76.97685
-77.26748
-77.22091
-78.45340
-76.39870
-79.81380
-75.57680
-83.00443
-73.51275
-92.96852
-61.47431
-57.79185
-67.35041
-72.78488
-77.37567
-82.43446
-74.26764
-85.64512
-58.25247
-55.90520
-67.22274
-70.63244
-79.72098
-79.00315
-79.53726
-102.88838
-60.52576
-54.81491
-55.71683
-55.52807
-57.02091
-57.13991
-56.86354
-56.85512
-57.33284
-57.30354
-56.79266
-57.11044
-56.11553
-56.65150
-56.80082
-57.11496
-55.72903
-55.93536
-56.95411
-56.62877
-56.59334
-57.02240
-57.35382
-56.83354
-54.48231
-54.09153
-54.73348
-54.14937
-54.28337
-54.64253
-54.79846
-54.84413
-55.07718
-54.85902
-55.60109
-54.15068
-54.51052
-55.89862
-56.18971
-55.90470
-54.34596
-53.98895
-53.82583
-53.55900
-53.84731
-54.74117
-55.62962
-56.80109
-53.99421
-54.52439
-56.82160
-55.72079
-54.93073
-55.34628
-56.22287
-56.89510
-58.23421
-57.58131
-56.60636
-56.01098
-55.70119
-55.52701
-55.84356
-56.26843
-56.66529
-57.07841
-57.44752
-58.10871
-58.54790
-57.95537
-57.69467
-57.64207
-57.95324
-58.48976
-58.34451
-56.86147
-56.64651
-56.22764
-58.49906
-57.77054
-57.39793
-60.96065
-59.04223
-59.97895
-59.60718
-59.24504
-59.97723
-60.08390
-59.27360
-59.51840
-60.41988
-60.40269
-60.88050
-62.24682
-62.06898
-61.42964
-59.82060
-60.08938
-60.23628
-58.86166
-61.42147
-62.29881
-62.07902
-62.34033
-62.69066
-63.42547
-62.18101
-63.03366
-62.79899
-64.04276
-62.08815
-56.42315
-60.03601
-63.20995
-62.89168
-65.64224
-64.99635
-67.42137
-66.19341
-69.44848
-66.99162
-67.95808
-63.37237
-58.82722
-61.17163
-68.46896
-62.20208
-56.68508
-58.29694
-58.15898
-58.88643
-59.30379
-59.93742
-60.17102
-60.16380
-59.87854
-60.42299
-60.85740
-57.67484
-56.96521
-56.75560
-57.35617
-55.34427
-54.43800
-54.91436
-54.83845
-54.25712
-55.19743
-56.59896
-56.55043
-54.40622
-53.31135
-54.21110
-53.87564
-53.67490
-53.84361
-55.51511
-56.02899
-55.86874
-55.06611
-55.38281
-55.97937
-55.99597
-56.40966
-56.38874
-55.99317
-55.19173
-54.91006
-54.87674
-54.99599
-54.58460
-54.71474
-55.20642
-55.22958
-52.90321
-53.10530
-54.33536
-54.84181
-56.23315
-55.98379
-56.20333
-56.59804
-57.39374
-58.09380
-58.01557
-57.53347
-58.23618
-59.18836
-58.94785
-57.32658
-56.50476
-57.65303
-57.29461
-56.59573
-56.88911
-56.86769
-57.82921
-58.13631
-57.83139
-57.51800
-57.41661
-57.42128
-58.27350
-59.16920
-60.33953
-59.07789
-56.86160
-59.49249
-61.90480
-62.47277
-62.97576
-62.92133
-63.41173
-65.01354
-64.37012
-64.42075
-65.68774
-65.83378
-64.62908
-63.90233
-63.94669
-64.41485
-63.87627
-62.68211
-63.50450
-61.22801
-63.06962
-65.69801
-64.72735
-66.06345
-64.92871
-64.68014
-64.84801
-65.55847
-65.88776
-66.51637
-67.91155
-57.95306
-57.05433
-61.64894
-62.38599
-64.40268
-63.32081
-66.20427
-65.22597
-66.50906
-66.38719
-68.31884
-67.99069
-59.60290
-60.83735
-71.03994
-67.41183
-55.91103
-54.59077
-55.82523
-55.48924
-56.12782
-57.16970
-57.70262
-57.54474
-56.93175
-56.61319
-56.62240
-56.08783
-55.99601
-55.92099
-56.49575
-55.58094
-54.67973
-55.67694
-56.56805
-56.03777
-56.36871
-56.40244
-57.00247
-55.15282
-52.70555
-53.06761
-54.36233
-55.96861
-56.36392
-56.16414
-55.82238
-55.88961
-55.65970
-55.86484
-55.28304
-55.30317
-55.49280
-55.57225
-56.06485
-55.73854
-55.72325
-55.93817
-55.29251
-54.82423
-54.75596
-54.21737
-54.62576
-53.96884
-55.43879
-56.07784
-55.73202
-56.47979
-56.31598
-56.87343
-56.77371
-57.33124
-57.11292
-57.55047
-57.39595
-57.34889
-57.58380
-57.80856
-57.63862
-56.54762
-56.89140
-56.97662
-56.34868
-56.06152
-56.07378
-56.31027
-55.98081
-55.63487
-55.27501
-55.34778
-55.32975
-55.54308
-56.48650
-57.22859
-57.59732
-53.93830
-54.74106
-57.99918
-56.97989
-56.07468
-56.41295
-58.66754
-59.76106
-59.69256
-59.39405
-59.86090
-60.02985
-60.62749
-61.45686
-61.91171
-60.36467
-61.46312
-61.81736
-62.70762
-60.57842
-59.33773
-62.40062
-62.02068
-62.73753
-63.01365
-63.18875
-63.35334
-63.67457
-63.63128
-63.20088
-62.07162
-61.65693
-61.83934
-62.30513
-62.96025
-62.40609
-62.18019
-64.22093
-64.56393
-65.25529
-66.33788
-66.87195
-67.35815
-68.70507
-67.79604
-65.58959
-65.75230
-58.38673
-56.57111
-59.16269
-58.74815
-59.00417
-59.31959
-59.10480
-59.80600
-59.20862
-58.42545
-58.89958
-58.84022
-56.72518
-55.97681
-57.25576
-56.92530
-54.74964
-54.93526
-54.76222
-55.39316
-57.34245
-57.54015
-58.07018
-57.84975
-56.35510
-56.15108
-56.78933
-56.57870
-56.48768
-55.95784
-55.99046
-56.31971
-57.28205
-57.65267
-57.91611
-57.19991
-56.43346
-56.62308
-56.16823
-55.33296
-54.81986
-54.72624
-55.49656
-56.21684
-55.83665
-55.12182
-55.30526
-54.09118
-53.29964
-54.82243
-55.16130
-55.88498
-55.73902
-56.04687
-56.88127
-56.61312
-56.45410
-55.95380
-55.73552
-56.01773
-55.70009
-55.67104
-55.60693
-55.51719
-55.94790
-56.10526
-56.57147
-57.15360
-57.25147
-57.23700
-57.25814
-57.44516
-57.48806
-57.10875
-57.27944
-57.54661
-58.49243
-59.25185
-61.60024
-58.20277
-57.04105
-60.73957
-59.86544
-58.83348
-62.45257
-65.03452
-63.52340
-63.98030
-63.19474
-64.26949
-64.95654
-65.89963
-65.32494
-65.47498
-64.34496
-63.79935
-62.75734
-63.57892
-62.69017
-60.88011
-64.36870
-64.86060
-65.28794
-64.29047
-63.91358
-64.44722
-63.79317
-64.07373
-64.20939
-65.57099
-63.66102
-57.39282
-59.05988
-63.14477
-62.55342
-63.51172
-63.23768
-66.28523
-65.54757
-68.04728
-66.60049
-70.42781
-62.83828
-58.37620
-62.85034
-70.71929
-60.81708
-53.98705
-54.30577
-54.47528
-55.03165
-55.54054
-56.24888
-56.41576
-56.40360
-56.05983
-55.97705
-56.53542
-55.92609
-56.04543
-55.07532
-55.93379
-54.45304
-53.87704
-54.68122
-54.29018
-54.87825
-54.65813
-54.90704
-54.58457
-53.37534
-53.05915
-53.56739
-53.38095
-52.72627
-52.91796
-53.49665
-52.83698
-53.47545
-54.31210
-54.04142
-53.87551
-53.85243
-54.18004
-54.43441
-54.32732
-52.90619
-52.97847
-53.49766
-53.69805
-54.39845
-54.69996
-54.76034
-53.88651
-51.92843
-52.85921
-54.77806
-54.44103
-54.38699
-54.75734
-54.96211
-54.78630
-55.47629
-56.24209
-56.74617
-56.53076
-56.67706
-56.42568
-56.74584
-55.58675
-54.65297
-55.24839
-55.29158
-55.58590
-56.16112
-57.05187
-57.24689
-57.28816
-57.44928
-57.23404
-56.02617
-55.24481
-54.76819
-54.79572
-55.81827
-55.09389
-55.42986
-57.06518
-56.78057
-55.87649
-56.19395
-57.33920
-57.24416
-57.47706
-57.61833
-58.12981
-58.09800
-58.77562
-59.86555
-60.95860
-61.00792
-59.55894
-59.25301
-59.90754
-59.19336
-57.82442
-59.53750
-60.83602
-60.50936
-60.64885
-59.77566
-58.96016
-58.92624
-59.61818
-60.09603
-61.73095
-62.98878
-57.19579
-58.69906
-59.69236
-59.53250
-63.62696
-60.35528
-61.43440
-64.01526
-67.47290
-63.52367
-62.70532
-62.58576
-57.33894
-58.09593
-65.12974
-61.46684
-55.95387
-55.99158
-57.46622
-57.08322
-57.60785
-58.59119
-58.93253
-58.81652
-58.13353
-58.19520
-58.64438
-58.10720
-56.00157
-55.74391
-57.00586
-56.67761
-55.66255
-56.34010
-55.87224
-56.58019
-58.48515
-58.52284
-58.78323
-57.99072
-54.97850
-54.22461
-54.73919
-54.98603
-55.50534
-55.31349
-55.72813
-56.47953
-55.82327
-55.01368
-54.76189
-53.90082
-54.90773
-56.00232
-56.07936
-55.94549
-55.72635
-55.02848
-55.01520
-55.49042
-56.16447
-56.10729
-57.04816
-55.09115
-54.03375
-55.93119
-55.49451
-55.72635
-55.71021
-55.96125
-55.80879
-55.81656
-56.11895
-57.39388
-57.09379
-57.38857
-57.54204
-57.91521
-57.26306
-56.24785
-57.72842
-56.57720
-55.86006
-55.93533
-56.12838
-57.20445
-57.83269
-57.77897
-57.42686
-57.07876
-57.56822
-57.65636
-57.08256
-57.59780
-57.82423
-55.55129
-57.00522
-59.48777
-58.98264
-57.97648
-57.43064
-59.00849
-59.78890
-60.16703
-60.80144
-60.85099
-61.36547
-61.44043
-61.44766
-61.59349
-60.67932
-61.35373
-61.56537
-61.57777
-59.46539
-58.95435
-61.47643
-61.76109
-62.64262
-62.86467
-63.40540
-63.58064
-64.40323
-64.69594
-63.26957
-65.36735
-58.79271
-56.65539
-59.96087
-61.83073
-63.22728
-63.23857
-64.67152
-65.66809
-64.87668
-64.64269
-64.84380
-65.48833
-60.35970
-59.34334
-66.42317
-63.95674
-55.36470
-55.05431
-56.38796
-55.70381
-56.68988
-56.17425
-56.62043
-56.26090
-56.11100
-55.55134
-56.14937
-56.35189
-55.46888
-55.57148
-55.97767
-55.13179
-54.10861
-55.56105
-55.96111
-55.57740
-55.36213
-55.03354
-55.47752
-55.12723
-52.97197
-54.00479
-54.36845
-54.24177
-55.21035
-54.67694
-54.14495
-54.38640
-54.87223
-55.23282
-55.63764
-54.97384
-54.90259
-54.96142
-54.95498
-55.14185
-55.28532
-55.14590
-55.57359
-55.28327
-55.69111
-54.89189
-55.29857
-54.83553
-54.20856
-56.03399
-55.99955
-56.10973
-56.11322
-56.35801
-56.29778
-54.75868
-54.60474
-55.27680
-55.33513
-55.97758
-55.59918
-55.54843
-55.10679
-54.35811
-54.10329
-53.92849
-54.38386
-55.09551
-55.36481
-56.07960
-56.55729
-56.39499
-55.05298
-55.29357
-55.86074
-55.87648
-55.70902
-56.16695
-56.74275
-54.84935
-57.05529
-58.43238
-58.89234
-59.01996
-58.52318
-58.32014
-57.54406
-58.34399
-57.85293
-58.27594
-59.58524
-59.91036
-59.67953
-59.87948
-60.35768
-60.03065
-59.66743
-59.85901
-58.58617
-58.33860
-59.17565
-59.35595
-60.15423
-59.55757
-59.36738
-59.26673
-58.88425
-58.97160
-58.42708
-60.62645
-56.23789
-55.98195
-60.71514
-60.27785
-60.99804
-59.03860
-61.28260
-61.46634
-61.86826
-63.39040
-63.39868
-64.51890
-58.25786
-58.69236
-64.11436
-65.28144
-57.28002
-55.73175
-58.39135
-58.28309
-58.69235
-58.27083
-58.00116
-58.23989
-58.24836
-58.06088
-59.41510
-58.93982
-57.82497
-56.15032
-56.44473
-57.77404
-54.37986
-53.63489
-55.83238
-55.81028
-54.28788
-54.11728
-55.18018
-54.89632
-53.63902
-54.04736
-54.55326
-54.52811
-53.97015
-53.86012
-54.21473
-53.90370
-53.58363
-54.49758
-54.51775
-53.97959
-54.45179
-53.50038
-53.90941
-54.39321
-54.07156
-53.94198
-54.17917
-54.25399
-53.98069
-53.65270
-54.10942
-53.78915
-53.17739
-54.77554
-55.05700
-55.51492
-54.94193
-54.50798
-54.44260
-54.67645
-54.95953
-54.99447
-55.91965
-56.15576
-55.90407
-56.39250
-56.61874
-56.00049
-55.95151
-55.70920
-56.20466
-56.25304
-56.19630
-56.20050
-56.63298
-56.75697
-56.69258
-57.04861
-57.20508
-57.50932
-58.30194
-59.15210
-60.39565
-57.57949
-57.59655
-59.65111
-59.19149
-61.11134
-61.70206
-61.53174
-61.63860
-63.19833
-62.94739
-62.18212
-61.67520
-61.81817
-61.67857
-62.06682
-62.15493
-62.31827
-62.59030
-62.52737
-61.83745
-60.42758
-61.59594
-61.90254
-61.51303
-62.03662
-62.00069
-63.27096
-63.21627
-63.62976
-65.06956
-66.86102
-63.98237
-56.70797
-58.38727
-62.16590
-62.30437
-63.18450
-61.84188
-62.53331
-62.60547
-66.14873
-63.65993
-63.98391
-61.23376
-58.56674
-63.03418
-68.33155
-63.23032
-56.10136
-56.31954
-56.85070
-56.85703
-57.38092
-56.93582
-57.13216
-57.18819
-57.64086
-57.20875
-57.78012
-57.66612
-59.00284
-58.90434
-59.48920
-58.17029
-55.94140
-58.06918
-59.68012
-59.79995
-60.39943
-59.67271
-60.19032
-59.00994
-56.61224
-56.87701
-57.32299
-57.72796
-57.78650
-58.12516
-58.23934
-58.84958
-58.64492
-58.77692
-59.03299
-58.91184
-59.28847
-59.67472
-59.93348
-60.64161
-61.88660
-61.68227
-62.23801
-61.62530
-61.79650
-61.49958
-62.47800
-58.66252
-58.28670
-61.85274
-61.97688
-63.17355
-63.03783
-63.31235
-63.21988
-63.85227
-63.95331
-63.71212
-62.80675
-63.17369
-63.01666
-63.66435
-62.17270
-60.47293
-63.38289
-64.26396
-64.37634
-65.26299
-65.14720
-65.64323
-65.19925
-65.34089
-64.57449
-65.24841
-64.82255
-65.41224
-64.70307
-65.89307
-62.83868
-57.59121
-61.31970
-64.33007
-64.28349
-65.27098
-65.46869
-65.76109
-65.47618
-65.15342
-64.99606
-65.22749
-65.41886
-65.83767
-65.90068
-66.46860
-66.51476
-67.36501
-66.48313
-67.60017
-63.55331
-64.58978
-67.25222
-66.77327
-67.14236
-66.50042
-66.42978
-65.64064
-65.21457
-65.84904
-66.64623
-68.26359
-61.27841
-57.99730
-63.29369
-64.53698
-66.68821
-68.45361
-68.54175
-68.10419
-68.74591
-70.55115
-70.23769
-76.53722
-61.38977
-60.55486
-72.25788
-74.05882
-60.02538
-58.04519
-61.05819
-61.47593
-63.92519
-63.56435
-66.03360
-66.39147
-66.77223
-66.74172
-67.76339
-67.88757
-62.13201
-60.85333
-61.70011
-61.65442
-57.24929
-58.57767
-59.61640
-60.04858
-62.59943
-62.26258
-64.35471
-62.55886
-60.29032
-60.01397
-61.18965
-63.06171
-63.38370
-63.61106
-64.35627
-63.89015
-65.25732
-64.50993
-66.04966
-62.61216
-61.07454
-65.58365
-65.14119
-63.63416
-65.01813
-65.85886
-66.82058
-66.56545
-66.92980
-65.82309
-68.73644
-62.53241
-58.77046
-64.47209
-63.50498
-63.05229
-64.69382
-66.41132
-66.70543
-65.34844
-64.95469
-66.30267
-67.05848
-69.27148
-69.92725
-69.16719
-68.13888
-62.49028
-64.92119
-68.00832
-65.32933
-65.17536
-64.49852
-65.41796
-66.56387
-67.69577
-67.91692
-67.79026
-68.55832
-66.89033
-67.21009
-67.52327
-68.50851
-59.02112
-59.83941
-65.77710
-66.12738
-67.63552
-65.96933
-68.04918
-67.27101
-69.27709
-69.06659
-68.78236
-68.65311
-70.27382
-69.80046
-70.05687
-69.21859
-69.48602
-67.54779
-70.06759
-66.76585
-63.36265
-68.51254
-67.99144
-66.93623
-66.46001
-66.43040
-68.03614
-67.16174
-68.18801
-66.30943
-70.17786
-64.59515
-57.26896
-61.11613
-63.32380
-63.59422
-64.79706
-65.15933
-67.68315
-66.08787
-67.38381
-65.64858
-69.94584
-62.14094
-59.04326
-64.64823
-70.53076
-62.18728
-56.24071
-56.62348
-56.52317
-56.53598
-57.02046
-57.15576
-57.29087
-57.18685
-57.49629
-57.27465
-57.45409
-57.48585
-58.22195
-58.47634
-59.12082
-56.30041
-55.61469
-58.72678
-58.89469
-58.53050
-58.32786
-59.03405
-59.84073
-57.86561
-56.85041
-56.94006
-57.11966
-57.19242
-56.57733
-57.16653
-57.12949
-57.61173
-57.64137
-57.99895
-58.24193
-56.50751
-58.50256
-59.47884
-58.66570
-60.12178
-60.48004
-62.03556
-62.00683
-61.93058
-61.16284
-61.58401
-60.82519
-56.54903
-58.43121
-60.23764
-59.99696
-60.50493
-60.56827
-60.83050
-61.59907
-62.10657
-61.02584
-60.98319
-60.67806
-61.03646
-60.89790
-62.25508
-60.89805
-61.83700
-63.90419
-62.99354
-63.43682
-63.44811
-63.16493
-62.48675
-63.63502
-64.19227
-64.42554
-64.43074
-62.98571
-62.32906
-60.81551
-61.69295
-57.73952
-55.89352
-59.34993
-59.89107
-60.63675
-61.59002
-62.05233
-62.90290
-64.56924
-63.75899
-62.71552
-62.74362
-61.64892
-61.57867
-63.27077
-64.16168
-65.75336
-64.66154
-63.99505
-62.31734
-58.92125
-60.49227
-61.24006
-60.51841
-60.33573
-60.17187
-60.99751
-60.92115
-61.90128
-62.01497
-62.88909
-63.47499
-57.90628
-59.70025
-63.67728
-62.62835
-62.19212
-62.65491
-64.97474
-63.88890
-65.96950
-65.27469
-66.46603
-62.81696
-58.68669
-60.85333
-67.27324
-64.95120
-57.73152
-58.90552
-61.58974
-61.14380
-62.53035
-62.96346
-64.63437
-64.81003
-65.22647
-64.21741
-67.28718
-63.11960
-60.43760
-60.69701
-61.69494
-59.43461
-57.01053
-59.10042
-59.68835
-61.50493
-62.06927
-62.69126
-62.85838
-63.03459
-63.33352
-64.57995
-63.32288
-63.80548
-64.35514
-65.05788
-64.63081
-63.91177
-63.36582
-63.18394
-64.63676
-61.13381
-62.32372
-64.70158
-64.52845
-61.92998
-62.16619
-62.23693
-62.23266
-62.26707
-63.39849
-64.01275
-65.85604
-60.18936
-58.64737
-64.50540
-64.20268
-65.41696
-65.81053
-65.18346
-64.17177
-63.16418
-62.19092
-62.05278
-60.60072
-61.66610
-61.93063
-62.28307
-61.82199
-60.33648
-63.28483
-63.78459
-64.50716
-65.11288
-64.71457
-65.24120
-64.88718
-65.86293
-66.61371
-67.98463
-67.38436
-67.31912
-65.25076
-65.87728
-61.79261
-57.87472
-61.30571
-62.80567
-63.55990
-63.82739
-63.92654
-64.10451
-63.99304
-65.20052
-66.13171
-66.63804
-65.93394
-65.86889
-65.07372
-64.75855
-65.15759
-64.78577
-64.44758
-65.83852
-61.42817
-61.91259
-67.07081
-66.03598
-67.02209
-66.07311
-66.50105
-65.87490
-66.31449
-65.55645
-65.18364
-66.75590
-59.56651
-57.59403
-60.97773
-61.27765
-62.59390
-62.89632
-63.27442
-66.27516
-59.58005
-60.41563
-59.25571
-59.83967
-60.27594
-60.02303
-67.25343
-66.88017
-61.10004
-57.38420
-57.97853
-57.69038
-57.99428
-58.12170
-58.08077
-58.24608
-58.22817
-58.14371
-58.31209
-58.55313
-60.46119
-60.86542
-60.56503
-61.06216
-60.48971
-61.07249
-60.69394
-60.45033
-60.09014
-60.10228
-59.52742
-59.31969
-58.88744
-59.48871
-60.10658
-59.61484
-59.36107
-59.28807
-59.05091
-57.97035
-57.78750
-58.42905
-58.50433
-58.87568
-59.52299
-59.52188
-59.92203
-59.32615
-57.28525
-57.14674
-57.11597
-57.18179
-57.38673
-57.83974
-57.75363
-58.85766
-62.06850
-61.97024
-62.51208
-62.12194
-61.00731
-60.38261
-60.90426
-61.54488
-61.72210
-61.80430
-62.09447
-62.00927
-61.79631
-62.50599
-62.24405
-61.27851
-61.51011
-61.45598
-61.17852
-62.63247
-63.00750
-62.70074
-62.70410
-63.04949
-62.88504
-61.81629
-61.43543
-61.94007
-62.42375
-62.79078
-62.62278
-62.34118
-62.79563
-63.45832
-63.31820
-63.56046
-63.83386
-63.85479
-64.71901
-64.04853
-63.16215
-63.63899
-63.44833
-62.04515
-61.72363
-63.06733
-64.37634
-64.92169
-64.39747
-63.75773
-63.74113
-64.38168
-64.45465
-63.21334
-63.15551
-64.84153
-65.33876
-64.19729
-64.27198
-64.59416
-64.57140
-65.00337
-64.38229
-62.00509
-63.19034
-65.82091
-66.44972
-67.43462
-67.47451
-66.56961
-64.93099
-63.79898
-63.95194
-65.94246
-66.98228
-66.87306
-65.78155
-65.80567
-66.45005
-67.84006
-68.20042
-66.68464
-65.76542
-67.29790
-67.64452
-65.67945
-65.64663
-66.60264
-67.58770
-67.30587
-65.57522
-63.69489
-64.14309
-64.13295
-63.87286
-63.84482
-63.85028
-63.55684
-62.92678
-62.32589
-62.22873
-62.10307
-62.87695
-63.84584
-63.82770
-64.64341
-64.20825
-64.66893
-65.05122
-64.89316
-64.66154
-64.11567
-63.38656
-62.57268
-62.80615
-63.37555
-63.35603
-63.99988
-65.80142
-67.56151
-67.99947
-67.31030
-66.75354
-65.66423
-64.50108
-63.92242
-63.99874
-64.94678
-66.01204
-66.38801
-66.14348
-65.65407
-65.28827
-65.98213
-66.66093
-65.70944
-64.84471
-64.57188
-65.03253
-65.17922
-65.46217
-65.48884
-65.72040
-65.15165
-64.04615
-64.10232
-64.05393
-64.53622
-65.94656
-65.99686
-64.25831
-64.78120
-64.97345
-65.13758
-66.32072
-67.59018
-69.67099
-68.28174
-67.05305
-66.67076
-66.10595
-65.52859
-66.35756
-67.49869
-67.48088
-67.94728
-68.43348
-68.14556
-66.89360
-66.59839
-66.70427
-66.13329
-65.95922
-66.70191
-66.48014
-67.11511
-67.14337
-66.74520
-66.74247
-64.67336
-64.53037
-65.31696
-64.71544
-64.47922
-65.28744
-64.70058
-64.67925
-64.49563
-64.98099
-65.24224
-64.93128
-64.94609
-64.95517
-64.69632
-65.59423
-67.88807
-66.65865
-65.26345
-64.30307
-64.11159
-62.91980
-63.16979
-63.34378
-65.96628
-62.34913
-57.94065
-57.67195
-57.92194
-58.20060
-58.29820
-58.40855
-58.69783
-58.76835
-58.79641
-58.83603
-58.89915
-58.31974
-54.56153
-53.79635
-53.89237
-53.73761
-54.13606
-54.27824
-54.79738
-55.29968
-55.78398
-55.93867
-56.13540
-56.34324
-56.72798
-56.27198
-56.45959
-56.23753
-56.92564
-57.07655
-57.07586
-57.24375
-56.78315
-57.14326
-57.19154
-57.17013
-57.31445
-58.05970
-57.99845
-58.21599
-58.47880
-57.94491
-58.53431
-58.97011
-58.37871
-58.47180
-58.32548
-59.49644
-61.18525
-60.93221
-60.44091
-60.55308
-61.80969
-61.66905
-60.12683
-59.48669
-60.46645
-61.19281
-60.63642
-60.69690
-60.99188
-61.30119
-62.40971
-63.45352
-62.40217
-61.32293
-61.49623
-61.33750
-61.06144
-61.15117
-62.58796
-63.04202
-62.93505
-62.65170
-62.11554
-61.88932
-61.16901
-60.83414
-60.19542
-61.79569
-64.40783
-64.96017
-63.35454
-62.43355
-62.33536
-62.04954
-62.45602
-62.94524
-64.20477
-64.63385
-63.70430
-63.58686
-62.83573
-62.27125
-63.48911
-64.00121
-63.26759
-63.05284
-62.42505
-61.55178
-62.18556
-62.39021
-63.27292
-64.07399
-63.70722
-63.18528
-61.76532
-61.65025
-63.51252
-65.21671
-65.58093
-66.80609
-68.50629
-67.90558
-67.80084
-64.90860
-62.27136
-62.96265
-62.97750
-63.33807
-65.01427
-66.99543
-66.79698
-66.53754
-65.09815
-63.95145
-65.09743
-67.07904
-68.33420
-66.39776
-66.65096
-68.72928
-69.14736
-67.31388
-68.45367
-72.35504
-70.66770
-67.91948
-66.04145
-65.94512
-68.13216
-69.37921
-69.53652
-69.31002
-68.60950
-68.57736
-69.56567
-69.27909
-69.90553
-69.51755
-68.23876
-68.35106
-68.45466
-68.86066
-68.19035
-68.17497
-68.11636
-68.22415
-68.63291
-68.84101
-68.00657
-67.34157
-67.39813
-68.35244
-69.32201
-69.63663
-70.37741
-71.22139
-71.45697
-71.25234
-72.16050
-72.52274
-72.32378
-71.36837
-70.33560
-69.33867
-69.51213
-70.55082
-70.92291
-70.13499
-70.10076
-70.22357
-69.57679
-70.09206
-70.32013
-70.27487
-71.26671
-71.70371
-71.35717
-71.00312
-70.49888
-70.15714
-70.34887
-71.73585
-73.42167
-73.97648
-73.31902
-72.55019
-71.64585
-70.79324
-69.61515
-68.44147
-68.12523
-68.77742
-70.70465
-72.39234
-72.34855
-72.12989
-72.92315
-73.55780
-73.44661
-73.88435
-72.69570
-72.23271
-71.34179
-70.00102
-69.72321
-69.61371
-70.81288
-72.24481
-73.66077
-73.21281
-72.59853
-72.02531
-70.82625
-70.12725
-70.78362
-71.37311
-70.78666
-70.28137
-70.15957
-71.49211
-71.68051
-71.99208
-72.63379
-72.70522
-71.97349
-70.42019
-70.50866
-70.86278
-71.97065
-73.03054
-73.25794
-72.30480
-70.69016
-71.67786
-72.10509
-72.09639
-72.92403
-73.00964
-72.53266
-72.86887
-69.71093
-67.72548
-68.85364
-69.10598
-70.07164
-70.81798
-71.24376
-71.74478
-70.93232
-69.90026
-69.86115
-69.43553
-69.60839
-69.48407
-69.50674
-70.03757
-70.54317
-71.40436
-72.30675
-72.75869
-72.67274
-72.28095
-71.85149
-72.40374
-68.66926
-67.37538
-67.79100
-67.66249
-67.75872
-67.13754
-66.75387
-66.37848
-66.23157
-66.10861
-66.59913
-67.30834
-67.76556
-68.60064
-69.92653
-71.20138
-71.04906
-71.09000
-70.58826
-69.40741
-69.17943
-69.65198
-71.20037
-71.48657
-70.30301
-69.84231
-69.52998
-69.41222
-69.83481
-69.94481
-70.80073
-72.51243
-74.73938
-76.83816
-77.41798
-77.22208
-77.35034
-76.17636
-76.24741
-73.53921
-71.91197
-72.47830
-71.47043
-70.69828
-69.94230
-70.11989
-69.75680
-70.17866
-70.78582
-71.50352
-72.21467
-72.79616
-73.83928
-74.35258
-74.82485
-74.96625
-76.10988
-76.72645
-76.40980
-76.34910
-76.98291
-76.89026
-76.46967
-77.15933
-77.85171
-77.68097
-78.16435
-78.26799
-78.83699
-79.38734
-78.54896
-76.61705
-75.71307
-76.71534
-78.16858
-78.56254
-79.31864
-79.68958
-78.23281
-77.65562
-76.49244
-76.26596
-76.74325
-77.61793
-78.59478
-80.73580
-79.96415
-73.97462
-71.78892
-72.30406
-72.44103
-72.78829
-72.67246
-72.71896
-72.67034
-70.48345
-70.36076
-71.15964
-71.05191
-71.43574
-71.36191
-72.19715
-72.05024
-69.62328
-69.29709
-69.45350
-69.27009
-69.93361
-70.32748
-71.40116
-71.46866
-71.09252
-71.11799
-71.36449
-71.39059
-71.16034
-71.71216
-72.96959
-73.01064
-72.63686
-73.22991
-73.22258
-73.38433
-74.07854
-74.50672
-73.77697
-72.50219
-71.01132
-71.43152
-71.75487
-72.11641
-72.49220
-72.36066
-72.14893
-72.00076
-72.28685
-72.79118
-73.31333
-73.60761
-74.56428
-74.58671
-76.13819
-72.70830
-70.89558
-71.44432
-71.00559
-70.94503
-71.00473
-71.24714
-72.03345
-71.52950
-71.17486
-71.74099
-71.10651
-71.61456
-72.24283
-73.15812
-73.12500
-73.58366
-74.69294
-76.11041
-76.84708
-77.55178
-78.14865
-78.21648
-77.31450
-74.59063
-73.97397
-74.54105
-75.54665
-77.08642
-77.92299
-79.79802
-79.06033
-74.28591
-73.93278
-74.29280
-74.38032
-74.50027
-74.65041
-74.57802
-73.62935
-73.42851
-72.53865
-72.75103
-72.59238
-73.41851
-73.46600
-74.39863
-74.43223
-71.01233
-71.73598
-72.57175
-72.56132
-72.54906
-72.32611
-72.27007
-71.63319
-71.54811
-71.91865
-72.43354
-72.85318
-74.02049
-75.24961
-77.00656
-77.64765
-78.51038
-78.63077
-79.19502
-79.49967
-79.55705
-79.62524
-79.50741
-77.57964
-75.68250
-76.65147
-76.42915
-77.55494
-77.82714
-79.14063
-78.75230
-78.84728
-78.56926
-78.48238
-77.52060
-77.59955
-77.64239
-78.66381
-79.07972
-68.58751
-66.93316
-69.62983
-71.73807
-70.67795
-68.74397
-68.59229
-67.98839
-67.96349
-68.10824
-68.71463
-68.99665
-69.79214
-70.61067
-72.21106
-74.02462
-70.08461
-67.90704
-68.88687
-71.06913
-71.41783
-69.61126
-69.13656
-69.05509
-69.62785
-70.49808
-71.56397
-73.00999
-73.95094
-72.52087
-71.45386
-70.06452
-67.80434
-67.00491
-66.62655
-66.65371
-67.29656
-67.22490
-67.03623
-67.18643
-66.85415
-67.31374
-68.01060
-68.78487
-70.24900
-70.82420
-71.89301
-69.38232
-66.54874
-66.66874
-66.29600
-66.46936
-66.00092
-65.60964
-65.61116
-65.31812
-65.50620
-65.82822
-66.68521
-67.19529
-67.67793
-67.97918
-69.11597
-67.73445
-66.41551
-66.86458
-67.05423
-67.18355
-66.84801
-66.75120
-66.98818
-66.71381
-66.07979
-66.41284
-67.24145
-67.46607
-67.39377
-67.97965
-67.84290
-68.68576
-69.84765
-70.48402
-71.20871
-71.91401
-72.94017
-73.30621
-72.84950
-70.04628
-69.92336
-70.66706
-70.85945
-70.38852
-69.93974
-69.74636
-69.36282
-69.67537
-70.21222
-71.56454
-73.01721
-74.34804
-75.18805
-76.29575
-76.60712
-76.54352
-76.57309
-76.68136
-76.51963
-77.39039
-76.40380
-78.97277
-74.00090
-68.20462
-68.06679
-67.42197
-66.78279
-66.16711
-66.38056
-66.89582
-67.44395
-68.62243
-69.21716
-70.00208
-70.38347
-71.00533
-71.29805
-72.16957
-69.11171
-66.80642
-66.54017
-66.44998
-66.52020
-66.20738
-65.97657
-65.71249
-64.81872
-64.45169
-65.05043
-65.49304
-66.45861
-67.09967
-67.89792
-68.16660
-69.06842
-69.30863
-70.29482
-71.25402
-71.74449
-72.93907
-73.09699
-73.29228
-68.77042
-67.97564
-68.88495
-68.57275
-68.14056
-67.60285
-67.29873
-67.67038
-68.58706
-68.64642
-68.59409
-68.36726
-68.52306
-69.14738
-69.32905
-69.71123
-70.50075
-70.62552
-70.98056
-71.04457
-71.32630
-71.27051
-71.98839
-69.99522
-66.89113
-66.12714
-66.26095
-66.58231
-66.74840
-67.35727
-68.13246
-68.91616
-70.03356
-71.02888
-71.30621
-71.32149
-71.22259
-71.41392
-71.74535
-72.71372
-73.41444
-74.39540
-75.58501
-76.12880
-76.18226
-75.85750
-76.48800
-76.71119
-76.41960
-75.76873
-75.47656
-75.19237
-75.72987
-75.88198
-76.69644
-72.75972
-70.87990
-71.30161
-70.67067
-70.57190
-69.34280
-68.84390
-68.32285
-68.05316
-68.12808
-68.71000
-69.74521
-70.87249
-71.60748
-72.52941
-73.38496
-73.18589
-73.76142
-75.12749
-75.40373
-75.36772
-75.17158
-74.95475
-74.56658
-71.14679
-70.11264
-70.24936
-70.28520
-71.14069
-71.30241
-71.24637
-70.53850
-67.04645
-66.98086
-68.33610
-68.16065
-68.75142
-68.30323
-68.45576
-68.08537
-68.46022
-68.82801
-69.68615
-69.79681
-71.28812
-71.89808
-74.66364
-69.81056
-63.21096
-62.68328
-62.70627
-62.88401
-63.19765
-63.43029
-63.63739
-63.62342
-63.65794
-64.38799
-65.65846
-66.52811
-67.10308
-68.31395
-68.47667
-69.08239
-69.50550
-68.51725
-68.14788
-67.98219
-68.81685
-69.33681
-71.28571
-66.81010
-64.23186
-64.83154
-64.86619
-64.97187
-64.49966
-64.11548
-63.70070
-63.12856
-62.84290
-62.99640
-63.75407
-64.45086
-64.62594
-65.54472
-66.02891
-64.89498
-64.16193
-64.34326
-64.22341
-64.54514
-65.20570
-67.02727
-66.89389
-65.55644
-65.40956
-65.12431
-65.22701
-65.28879
-65.83275
-66.05170
-65.90194
-66.53057
-67.76401
-68.53310
-69.32999
-69.51364
-69.48961
-69.85747
-70.02767
-68.16157
-66.43564
-65.57642
-64.74520
-65.05089
-66.26854
-66.73472
-67.23872
-68.35867
-69.09579
-69.69208
-69.77837
-69.27840
-67.70919
-66.72421
-66.89362
-67.79642
-67.89984
-68.29117
-69.42712
-69.78010
-69.47506
-69.39902
-68.69773
-68.62586
-69.09698
-69.55156
-71.42124
-72.04843
-72.24084
-72.00689
-70.82513
-70.79079
-70.61557
-68.75863
-67.89312
-68.31373
-68.77732
-67.88349
-67.04040
-67.51196
-70.05405
-72.52383
-72.90564
-72.28083
-70.83398
-69.99383
-69.53001
-69.49186
-69.60847
-69.20533
-69.10444
-67.93705
-65.79545
-65.05583
-64.39218
-63.68859
-63.61168
-64.89621
-66.75361
-67.14472
-66.51163
-65.93230
-64.76220
-64.89868
-66.15160
-66.53091
-65.86884
-65.99388
-66.36289
-65.84826
-66.10521
-65.60873
-65.87858
-66.37666
-66.10205
-65.30969
-64.69510
-64.06728
-63.37111
-63.86684
-64.50207
-64.92471
-65.49437
-65.18236
-65.36018
-65.88442
-65.67749
-65.97871
-66.00437
-66.06639
-65.99168
-65.37317
-64.51163
-64.68112
-65.16619
-66.01648
-67.39572
-67.16887
-67.59456
-67.20559
-66.25730
-64.74267
-63.22504
-62.98072
-62.94415
-62.57484
-62.64196
-63.17078
-64.06686
-64.50069
-64.87058
-66.32116
-66.56108
-66.85587
-67.33596
-67.77664
-68.40715
-70.26076
-71.56135
-69.79232
-68.74799
-69.85053
-69.98123
-69.69999
-69.97039
-69.03651
-68.83326
-68.98551
-69.56869
-70.51432
-71.24142
-71.40541
-71.92002
-68.30080
-66.26133
-66.12572
-66.52618
-67.26826
-67.19371
-67.67472
-67.35897
-67.96985
-67.79308
-67.88153
-68.81348
-69.54647
-69.82639
-70.28796
-70.49301
-67.86433
-67.23930
-67.96458
-66.25993
-64.10753
-63.18710
-63.33739
-63.76109
-63.81066
-64.43990
-65.52166
-66.19185
-67.39572
-68.05673
-67.99139
-68.06821
-68.11198
-67.79664
-66.49847
-66.13515
-66.32087
-67.08405
-67.84680
-68.26206
-69.70837
-70.87040
-72.46883
-73.39429
-70.61122
-69.69082
-69.01476
-68.08904
-67.42115
-67.35351
-67.47309
-66.82333
-66.20189
-66.35458
-67.53880
-66.40843
-64.17042
-62.13207
-61.34528
-61.06980
-61.17073
-61.54819
-62.32071
-63.04689
-63.59639
-64.30495
-66.39637
-67.56666
-65.81271
-65.10956
-64.54001
-64.05179
-63.36352
-63.04472
-62.96348
-62.93317
-63.62763
-65.01799
-65.58526
-65.55204
-63.94011
-64.54107
-66.43091
-67.62549
-67.20954
-66.26250
-65.26994
-62.37996
-61.75880
-61.99503
-62.20957
-63.21855
-63.62238
-63.47550
-63.32242
-62.57082
-62.38060
-62.70333
-63.08329
-63.26917
-63.68195
-64.71691
-63.82167
-61.81002
-62.83785
-63.12238
-63.67605
-63.82980
-62.29208
-62.76802
-62.19974
-62.07419
-61.95359
-62.23271
-62.78233
-62.79447
-62.37930
-63.06800
-61.69444
-59.90920
-60.47075
-61.18142
-61.55722
-61.23521
-61.72799
-62.43428
-62.31085
-62.17340
-62.61023
-62.30797
-62.21334
-62.87665
-63.88495
-64.62264
-65.41629
-65.75585
-65.71458
-66.28011
-65.88517
-65.99683
-66.20480
-66.39281
-64.75178
-63.25497
-63.52053
-63.84023
-63.98337
-64.24254
-64.67795
-64.81651
-64.75923
-65.38349
-66.30143
-67.66920
-67.98236
-67.40121
-67.77195
-66.66071
-65.69281
-65.08184
-64.55079
-64.83317
-65.58755
-65.99420
-68.32174
-68.74539
-63.70165
-63.03605
-63.11131
-63.07673
-62.97621
-63.47429
-64.49632
-63.76371
-64.35148
-63.25767
-63.46862
-63.53146
-64.29774
-65.46484
-66.50298
-66.62858
-64.88570
-65.27903
-65.21497
-65.30997
-64.91793
-65.12531
-65.16760
-63.75160
-62.45110
-62.15540
-62.38000
-63.59380
-64.92946
-64.78664
-64.28543
-63.84046
-62.58679
-61.70429
-62.00831
-62.39709
-62.67179
-63.40998
-64.69951
-65.30573
-65.22461
-63.73622
-61.47242
-60.54226
-60.90888
-61.67494
-62.14709
-62.07912
-63.21934
-64.03914
-63.37343
-62.28654
-61.36715
-61.22126
-61.55944
-61.98076
-61.98785
-63.36813
-65.47844
-63.88404
-62.11645
-61.95766
-61.69063
-61.04407
-61.13985
-61.17289
-60.81773
-61.42103
-61.93184
-62.90850
-61.78140
-61.21996
-62.08685
-62.39426
-62.26915
-60.94714
-60.89708
-61.03489
-61.61848
-62.90228
-62.84861
-61.98588
-63.19252
-64.02654
-62.17963
-62.77001
-63.69783
-61.84733
-61.09164
-61.52557
-60.92307
-60.75013
-62.07964
-64.11582
-64.42913
-62.99201
-62.65248
-60.49122
-58.69507
-58.06551
-59.00680
-61.34815
-62.77036
-64.24509
-63.87848
-62.82424
-62.72911
-63.05350
-61.08894
-59.94386
-60.24757
-61.72397
-62.75280
-63.55016
-64.84522
-63.96816
-63.12149
-62.81928
-61.95886
-61.16727
-61.61518
-61.09590
-60.61894
-60.50782
-61.53588
-62.70691
-62.48987
-62.39544
-62.22098
-62.03846
-62.03398
-61.59589
-60.72657
-60.47854
-62.48955
-63.27648
-62.70778
-62.60774
-63.27064
-64.57507
-63.82324
-62.71798
-61.33796
-60.28378
-57.99555
-57.54934
-59.19383
-60.50996
-60.15487
-61.51068
-64.46434
-62.57375
-61.38416
-61.82974
-61.52594
-61.26949
-62.56555
-63.57420
-63.75384
-62.99943
-62.74070
-61.67683
-61.21878
-61.84776
-61.28079
-61.16978
-59.86255
-59.88783
-60.99070
-61.04753
-61.20713
-61.13050
-60.68861
-60.28024
-60.40407
-60.90572
-61.65626
-62.42321
-62.98384
-63.28083
-63.21116
-62.97840
-64.64906
-65.12149
-63.25589
-61.54679
-60.57456
-60.96928
-61.36824
-61.04697
-59.87892
-59.79060
-61.25441
-61.74454
-61.36211
-62.08423
-63.39044
-63.96546
-64.21646
-63.85959
-64.67648
-64.66160
-63.60978
-63.31396
-63.99593
-64.54161
-64.35223
-64.01904
-62.52131
-62.74886
-62.06916
-62.00389
-62.77209
-63.03334
-64.03257
-64.87402
-64.96466
-63.89670
-64.75406
-65.03529
-64.71829
-64.99954
-65.91864
-66.29803
-65.51794
-65.03724
-64.39038
-65.05332
-64.46199
-63.89908
-63.75982
-63.55793
-63.72610
-64.54570
-65.19071
-65.21214
-64.65770
-63.98866
-65.38006
-64.46409
-63.87136
-64.13066
-63.72996
-63.29701
-62.78221
-62.95835
-63.59559
-63.48638
-64.07818
-65.15371
-64.73330
-65.44211
-65.09994
-64.68189
-65.26812
-64.54256
-64.49855
-65.21722
-64.48010
-63.65657
-62.76341
-62.20279
-62.31117
-62.27935
-62.26206
-62.65755
-63.27663
-63.42841
-61.21076
-59.61070
-59.40619
-59.35103
-59.96864
-60.95425
-61.82695
-61.97600
-62.71466
-64.20588
-64.75661
-63.80246
-63.03093
-62.08997
-61.51000
-60.34176
-58.84126
-58.86796
-59.65987
-60.19165
-61.33594
-63.46871
-64.65829
-64.85955
-63.09325
-61.85080
-60.49765
-59.28250
-59.29329
-59.29652
-59.77219
-60.89126
-61.10382
-61.15466
-61.55037
-60.69390
-60.00875
-59.96159
-61.68883
-61.26621
-58.27378
-57.86450
-59.97170
-60.96039
-61.37646
-60.97566
-58.97774
-59.23443
-59.80524
-60.61375
-59.87753
-59.24709
-59.18171
-59.31421
-60.00569
-61.32169
-61.85461
-59.35806
-58.70208
-60.25413
-62.84838
-63.20551
-62.75993
-59.97981
-58.09756
-58.52523
-61.54899
-64.45710
-64.05169
-62.48779
-60.28823
-59.42096
-58.72111
-58.47378
-58.28095
-59.66273
-62.23812
-64.45709
-63.30464
-62.12082
-61.08549
-59.38939
-58.43533
-59.21305
-60.29279
-60.40681
-59.99829
-60.50840
-63.65716
-65.23133
-64.07934
-62.18460
-60.51926
-59.20682
-59.05931
-59.35737
-59.87706
-59.76071
-59.86361
-59.77994
-58.79667
-57.90755
-57.74309
-58.17366
-59.30371
-60.32344
-60.95093
-62.14217
-61.86336
-61.06534
-60.42631
-60.57973
-60.95267
-61.78219
-62.23266
-61.75481
-61.34600
-61.90181
-61.88223
-61.11501
-61.54489
-62.82057
-64.89163
-65.50796
-64.51073
-65.00197
-62.87050
-59.53138
-58.91243
-58.89207
-60.06069
-60.54991
-61.68898
-63.27718
-64.23166
-64.89843
-62.00765
-61.04961
-60.72301
-59.66091
-58.67480
-59.78607
-59.17501
-58.33996
-57.95498
-58.17993
-57.89470
-58.52318
-61.47579
-60.78893
-62.53975
-61.60579
-60.71153
-62.50691
-61.52846
-62.21520
-63.05149
-61.65702
-59.85758
-58.05285
-58.02771
-58.47841
-58.66513
-58.87951
-59.49085
-59.71833
-59.47256
-59.47449
-59.35095
-59.98700
-61.77691
-62.38071
-61.31725
-60.64193
-58.59112
-58.99889
-59.24203
-57.96800
-58.13671
-58.78781
-59.07301
-59.09229
-59.52472
-59.90226
-60.47898
-59.59711
-59.60214
-59.93767
-60.82191
-61.38747
-59.40580
-59.53989
-59.00618
-58.72336
-59.06856
-58.89893
-59.07935
-59.37019
-58.28628
-57.24369
-57.21385
-57.49839
-58.02585
-58.31372
-59.23649
-59.66346
-60.67630
-60.95380
-61.95867
-61.91351
-61.79120
-61.20672
-60.82345
-60.56633
-59.14213
-59.28900
-58.95717
-60.22114
-61.24651
-60.13213
-59.02193
-59.14472
-60.05140
-60.26233
-59.42648
-59.33880
-59.30450
-59.34624
-60.16926
-61.41257
-62.38971
-63.02097
-63.82705
-64.40991
-63.68420
-62.49708
-62.34006
-58.45216
-57.31715
-57.09987
-57.10106
-57.72882
-57.58337
-58.62300
-58.73796
-59.68342
-60.87259
-62.00530
-61.76171
-60.78573
-60.31433
-59.58201
-59.18728
-58.79732
-58.67606
-59.94639
-62.20347
-63.49412
-63.06144
-63.10510
-63.10307
-61.95297
-62.21860
-62.21978
-61.46286
-60.48974
-60.33644
-61.32949
-61.45080
-60.06856
-59.40578
-59.96200
-61.03983
-61.94208
-62.07626
-62.57669
-61.09927
-59.83165
-60.60741
-61.07899
-61.72014
-62.14160
-62.17506
-61.82378
-60.96258
-60.57456
-60.72918
-61.09747
-60.74595
-61.98585
-63.38979
-63.20315
-64.20457
-63.42223
-62.92061
-63.09906
-63.59009
-62.02584
-60.93926
-62.32798
-61.80120
-60.54149
-59.90953
-60.25734
-59.80238
-59.92050
-60.64878
-61.45544
-63.14632
-63.81976
-62.64731
-62.33256
-62.75121
-62.42461
-63.30461
-64.01166
-64.07400
-64.26770
-63.71575
-63.02213
-63.70038
-63.41112
-62.84759
-61.76207
-60.58307
-59.98254
-60.75994
-62.95067
-64.65353
-65.11515
-63.79802
-62.77315
-61.65202
-61.15228
-60.56482
-60.15586
-60.59713
-61.21101
-61.26511
-61.27398
-61.70409
-62.10831
-62.49732
-63.41163
-62.20437
-61.34552
-62.07389
-61.99816
-62.27560
-63.53368
-63.66216
-62.72647
-62.81331
-62.45296
-63.75271
-63.13921
-61.85765
-61.63837
-61.92922
-63.59992
-64.56859
-63.59607
-62.66491
-61.99303
-60.80089
-60.76191
-60.93544
-61.29345
-61.22331
-61.02291
-61.31037
-61.21303
-60.89394
-60.59982
-61.43185
-62.73949
-63.27204
-62.48585
-61.36663
-60.23921
-59.07050
-60.72325
-61.81515
-63.05261
-63.46311
-63.59335
-62.57441
-61.85596
-62.60061
-62.64855
-64.19535
-62.27706
-62.36539
-63.17057
-62.58122
-61.21433
-60.54544
-60.92092
-61.14354
-61.46570
-61.42028
-60.47364
-61.68747
-59.04524
-58.50157
-59.68614
-59.39240
-60.69642
-60.13481
-61.00884
-59.38792
-59.70592
-59.27540
-60.23240
-60.26837
-59.35736
-60.68104
-60.13896
-61.10012
-59.54554
-60.08152
-61.01186
-60.30577
-60.23234
-59.86856
-60.17086
-59.74929
-59.51342
-59.73264
-59.81877
-59.76217
-58.94846
-59.00089
-58.90358
-57.93904
-58.11162
-57.94387
-58.73141
-60.21431
-61.31754
-62.89679
-62.49558
-61.23595
-60.98300
-60.59643
-59.30020
-60.21257
-60.86862
-61.32282
-61.98330
-61.14441
-61.21853
-62.43334
-63.32528
-62.93968
-63.65292
-63.50237
-62.97776
-62.51498
-63.40892
-63.10303
-61.85819
-61.46760
-60.41454
-60.75603
-61.22394
-62.10238
-62.79653
-62.36321
-63.51100
-64.57574
-63.36057
-63.15243
-63.67775
-63.32793
-62.90139
-62.56931
-62.00779
-61.32439
-61.25972
-61.66187
-62.12588
-62.27356
-63.35550
-64.37173
-64.54546
-64.05166
-62.88942
-62.02085
-61.33501
-61.20726
-61.44044
-61.42405
-60.90778
-61.23390
-61.76470
-61.76773
-63.40704
-64.56862
-64.37697
-63.75223
-62.99288
-62.69742
-61.91233
-61.86847
-60.64008
-59.85763
-59.87022
-59.59400
-59.72885
-59.91340
-59.39172
-58.53369
-58.01087
-58.14758
-58.03986
-57.76614
-57.70103
-57.49381
-59.02444
-59.63965
-60.18977
-60.27878
-58.68711
-57.24415
-56.33630
-56.86532
-57.72020
-58.82520
-58.09407
-57.32729
-57.58622
-57.36559
-58.17705
-59.62325
-59.52417
-59.28588
-59.91917
-59.54231
-58.06158
-57.52390
-57.82652
-57.47233
-57.36822
-57.61563
-57.77147
-58.09857
-57.25128
-56.48028
-56.88369
-56.76558
-56.59427
-57.07958
-56.17591
-55.25730
-55.84142
-56.95907
-57.67559
-57.14107
-58.69480
-57.77811
-55.02069
-55.80637
-56.63447
-57.03495
-59.01284
-61.89866
-62.47561
-61.26389
-59.07442
-57.17156
-56.85654
-56.99994
-57.39302
-58.54838
-59.60465
-60.09809
-59.61211
-58.50076
-59.05738
-59.48284
-59.53201
-59.80849
-59.68086
-59.94921
-60.08860
-61.44256
-62.22048
-62.46056
-64.12303
-62.23566
-60.04784
-59.02960
-58.82372
-60.84018
-62.36758
-60.26400
-59.65442
-60.70656
-59.66851
-60.03130
-62.77382
-63.72066
-63.01819
-62.70891
-61.36590
-60.92857
-61.67919
-63.28860
-66.35151
-64.39773
-64.26659
-63.91331
-61.59533
-60.93200
-61.38971
-61.54503
-61.93422
-62.46591
-62.51626
-63.93535
-64.30575
-66.88202
-66.15781
-65.52621
-63.89288
-63.61508
-62.63591
-61.07301
-61.78420
-63.54664
-64.32107
-59.37099
-58.57895
-58.26926
-58.14974
-58.47637
-58.43455
-58.64868
-58.35706
-58.83278
-59.13610
-59.67599
-59.88529
-58.83611
-58.67345
-58.44515
-58.90975
-59.40858
-59.24075
-60.32344
-59.23907
-59.25143
-60.07546
-61.45580
-59.10100
-56.98606
-56.48967
-56.36637
-57.16316
-57.03921
-57.53966
-57.58446
-57.54309
-58.14787
-58.57117
-57.86909
-58.22762
-58.40737
-58.01344
-58.47511
-59.96853
-59.83787
-58.65484
-58.67238
-59.32483
-59.61708
-60.41949
-61.33588
-60.15356
-58.67396
-57.69901
-59.31621
-61.12581
-61.09882
-60.27415
-58.63357
-55.80829
-55.73548
-56.90830
-57.08394
-57.08686
-55.71649
-56.07711
-56.95623
-58.29640
-59.70655
-59.32532
-58.71751
-59.38533
-60.61078
-60.51659
-60.53822
-60.47501
-62.00901
-61.78913
-60.18213
-61.22838
-60.81388
-58.41107
-57.90949
-59.42853
-60.42848
-61.70819
-62.48864
-64.35079
-65.33695
-63.74183
-62.70060
-61.66041
-62.09534
-61.98705
-61.80262
-60.90936
-60.99705
-61.89860
-62.01819
-62.01725
-61.61899
-61.10349
-60.91055
-61.77017
-61.85356
-61.77118
-62.52360
-63.65164
-63.99640
-63.69108
-63.40159
-62.23973
-61.84599
-62.37976
-62.51804
-60.71795
-59.02274
-58.13891
-58.44382
-59.64800
-60.44102
-60.52184
-59.80375
-58.62372
-57.70113
-58.39759
-61.10764
-63.91001
-64.69360
-64.77166
-59.78413
-57.19194
-57.31118
-57.84164
-57.60156
-57.25749
-57.88229
-58.77923
-58.68965
-57.67347
-57.50844
-57.68845
-58.48694
-56.61454
-56.27509
-56.74239
-58.06571
-60.04320
-58.09587
-56.86236
-56.71861
-57.15480
-58.83802
-58.01611
-53.52105
-52.99493
-53.91407
-54.68229
-56.91077
-58.16378
-56.77123
-55.01962
-55.04233
-55.61147
-55.88924
-56.36784
-58.14283
-59.28554
-62.22413
-59.24293
-55.44408
-55.69402
-55.99150
-55.57688
-54.95525
-55.48008
-55.58366
-56.26260
-58.27723
-60.24089
-61.03340
-60.96484
-59.83196
-59.38466
-61.33980
-57.78265
-56.06979
-56.47400
-56.16499
-56.88317
-56.92739
-58.67658
-59.62312
-60.73634
-59.58227
-58.35071
-58.55673
-58.15270
-58.98411
-58.88803
-60.19568
-60.67997
-59.72528
-59.74555
-60.56832
-60.88003
-61.12978
-61.79116
-61.51873
-57.37123
-55.59132
-55.93704
-56.29953
-58.09138
-60.21368
-59.69135
-58.29541
-58.24496
-56.90225
-56.54720
-56.52499
-56.73519
-57.22649
-57.85164
-59.44120
-60.85897
-62.74748
-63.25738
-60.60724
-58.74192
-58.87451
-61.21303
-61.83144
-59.07245
-58.37840
-60.33937
-59.86907
-56.60747
-55.34504
-54.91672
-54.09111
-53.63392
-55.74822
-58.56634
-60.14271
-60.43404
-60.47501
-60.85104
-60.56078
-59.94201
-59.21182
-59.30204
-58.62558
-59.14225
-59.59483
-59.51762
-56.42837
-53.86664
-54.11603
-54.65909
-55.25820
-54.88454
-54.19753
-54.01137
-54.26014
-54.91983
-55.11497
-55.62002
-55.37646
-55.86127
-56.30221
-57.46220
-56.08446
-54.85005
-56.38105
-55.86783
-56.43460
-56.76630
-57.99012
-57.66217
-54.51009
-53.58265
-54.20696
-54.00701
-53.89476
-53.67803
-54.16867
-54.36509
-55.10220
-56.03220
-57.07193
-56.86838
-55.82968
-57.88875
-58.26824
-58.20600
-55.61995
-55.23526
-55.25807
-54.48550
-54.25441
-54.25888
-54.21729
-54.15160
-54.34112
-55.52354
-57.41573
-57.76449
-58.74496
-58.16700
-57.12180
-56.62605
-57.43259
-58.60818
-59.88517
-60.76153
-61.84170
-60.73138
-61.33985
-58.68618
-57.52553
-60.14897
-59.26126
-59.49501
-59.93117
-61.15716
-60.99848
-60.54147
-61.39232
-61.10154
-60.81348
-60.40877
-62.19202
-62.57672
-63.52182
-58.47138
-56.57566
-61.51509
-62.25714
-62.04185
-61.84085
-62.83994
-64.06401
-64.39237
-63.32251
-63.84310
-63.72917
-63.16045
-63.24817
-63.90523
-64.08011
-62.51576
-62.75771
-63.04972
-62.98640
-60.18592
-61.45054
-62.67893
-61.53950
-62.22183
-62.40743
-63.12345
-63.65896
-64.14372
-63.91871
-65.80412
-65.09262
-58.36322
-59.74300
-63.73660
-63.32676
-64.94244
-63.85079
-64.80724
-63.70765
-62.39033
-61.69373
-62.61754
-61.74191
-58.27100
-60.30527
-63.52956
-61.93137
-60.02095
-60.09002
-60.81127
-60.96981
-62.20590
-61.45084
-62.26774
-62.34259
-62.63333
-62.77603
-63.82083
-62.10248
-60.91637
-60.67849
-61.13734
-59.01081
-56.92547
-60.37392
-60.48795
-61.10569
-61.80693
-61.93823
-61.93959
-62.11488
-61.98332
-62.11169
-61.58253
-60.14901
-59.77626
-59.85698
-59.13373
-58.50518
-58.94662
-60.23817
-60.51900
-59.55210
-62.54893
-63.41107
-63.18494
-61.39930
-60.47102
-60.95051
-61.33933
-61.45306
-61.31452
-61.42411
-62.34184
-58.20584
-57.77761
-61.05631
-60.52893
-61.46162
-61.36304
-60.83550
-60.29187
-61.17250
-61.92332
-63.00018
-62.99875
-63.53866
-63.54832
-65.65677
-63.24832
-61.31578
-64.87234
-65.52599
-65.43677
-65.65583
-66.15901
-66.01131
-64.36535
-62.82005
-62.40462
-62.72803
-62.35256
-63.18735
-62.70480
-63.46985
-61.52116
-57.85839
-61.26130
-63.40955
-63.59296
-63.96422
-64.97647
-65.89094
-65.11500
-64.19266
-64.07410
-64.84108
-64.58486
-65.36534
-65.19337
-65.72824
-64.95372
-64.73693
-65.25252
-67.15910
-62.45530
-63.37633
-66.88664
-65.73517
-66.39061
-65.64948
-66.20275
-66.58442
-66.11507
-66.86789
-67.65094
-68.47905
-59.93337
-59.35019
-67.29894
-65.78454
-66.93467
-65.18565
-66.70781
-65.37301
-66.26700
-66.75665
-67.67168
-66.82332
-59.71850
-59.95323
-69.12398
-63.96667
-55.02027
-55.95821
-56.98124
-56.88272
-57.17482
-57.07785
-57.63549
-57.48907
-57.75073
-57.89323
-58.21444
-58.12589
-58.96165
-58.19692
-58.04752
-58.28940
-56.57481
-57.90512
-59.12946
-58.54883
-59.44740
-59.03450
-59.48379
-58.81648
-56.54493
-56.54232
-56.73399
-56.49440
-57.10806
-57.41320
-57.55671
-57.38149
-57.76162
-57.65299
-58.02576
-57.81197
-57.85813
-58.92503
-59.63110
-59.07069
-57.11683
-57.07107
-57.30032
-57.13410
-57.21028
-56.96684
-57.57876
-55.52733
-55.09580
-58.23085
-58.49470
-59.54130
-60.65156
-61.13237
-61.24396
-59.29118
-58.14769
-58.53458
-59.38065
-60.44403
-60.35322
-59.27614
-58.90157
-58.89006
-59.93447
-61.81933
-62.14439
-62.04238
-62.97640
-63.77697
-64.07618
-64.04768
-63.40514
-63.05781
-63.08218
-62.68832
-62.83066
-63.19425
-62.83392
-58.42396
-58.78248
-61.82446
-61.51742
-61.52730
-61.21343
-61.54269
-61.95223
-60.95939
-61.01784
-61.44746
-61.05293
-61.18655
-61.92368
-63.69737
-63.32955
-62.94405
-62.77720
-62.53474
-61.18423
-60.72652
-62.33073
-63.62756
-64.43865
-64.45993
-65.18777
-66.26663
-65.35772
-65.39437
-64.67302
-67.01489
-62.36648
-58.46139
-61.56274
-62.72506
-64.14981
-64.98559
-63.88069
-64.77024
-64.30192
-63.99827
-62.53969
-64.87390
-60.51813
-57.77550
-61.77646
-63.00495
-60.45313
-57.78310
-58.82168
-59.15242
-59.30435
-60.08853
-60.71481
-61.60766
-60.74666
-60.85914
-60.89049
-61.89041
-60.79386
-60.26063
-61.30496
-62.67193
-58.12731
-58.34923
-62.20233
-61.15615
-61.57881
-62.36845
-63.15483
-62.92307
-61.64671
-61.22220
-62.02530
-62.13323
-62.71936
-62.48989
-62.86079
-62.44959
-62.27204
-61.52370
-61.82653
-60.43215
-59.54536
-61.55057
-62.01709
-61.30921
-61.88209
-62.31218
-62.21187
-62.74071
-62.73337
-62.83989
-62.99093
-60.87145
-57.06179
-60.57663
-63.46856
-62.55213
-62.37544
-61.44775
-62.21558
-62.95509
-63.67325
-63.75303
-65.04804
-64.24227
-65.11836
-64.66892
-66.03008
-61.78746
-62.17947
-66.34308
-65.36089
-65.41655
-64.93754
-65.01272
-64.50820
-63.18587
-62.12264
-61.87006
-61.86490
-61.95831
-62.86008
-62.69923
-63.38448
-59.94639
-58.17740
-62.69443
-63.90876
-64.75699
-65.47338
-65.79055
-65.47182
-65.69538
-65.49515
-66.26840
-66.20457
-66.42101
-66.86175
-67.04004
-67.57915
-67.38847
-67.02341
-67.91778
-65.90612
-61.54687
-64.51232
-66.07026
-66.41550
-67.17768
-66.38443
-66.75256
-67.50917
-67.41757
-67.66725
-69.04544
-67.10244
-58.35913
-60.72206
-67.19364
-65.05622
-67.51011
-66.15192
-68.43735
-68.16602
-71.13972
-67.55427
-69.32908
-64.41932
-59.84871
-61.98222
-71.48569
-59.05491
-55.50594
-57.88113
-56.74540
-57.94424
-57.15393
-57.41355
-57.47539
-57.46209
-57.69275
-57.43368
-57.79208
-57.09504
-57.89348
-58.44249
-58.67711
-56.23961
-55.20412
-58.61830
-59.31325
-59.24749
-59.39992
-59.88442
-59.74869
-58.48437
-57.60342
-58.15636
-57.81274
-56.56937
-56.82122
-57.39332
-57.38254
-55.80682
-57.20964
-58.52808
-57.93699
-58.53245
-58.50846
-58.66444
-58.41301
-57.63996
-57.79242
-57.48027
-57.00751
-56.43109
-56.58818
-56.33467
-56.10330
-55.10117
-56.97926
-59.64696
-59.70547
-60.49026
-59.90623
-60.92398
-61.04364
-61.86049
-61.49330
-62.69799
-60.68404
-59.91251
-61.13551
-62.81122
-61.24302
-59.82204
-60.79694
-60.92803
-58.90035
-57.88900
-61.15614
-61.15971
-61.34764
-61.73965
-61.31996
-62.28318
-60.54672
-60.06198
-60.72631
-62.15873
-59.93507
-55.85611
-59.07625
-61.37154
-62.35717
-63.49642
-62.89084
-62.51841
-62.81847
-63.55935
-62.83492
-64.20738
-60.09400
-61.19930
-64.16880
-64.55517
-60.55239
-60.56761
-64.34029
-63.88162
-62.12073
-63.03596
-64.05443
-63.01205
-63.89093
-62.48321
-63.86919
-64.14471
-64.87545
-65.34067
-65.04884
-65.53396
-58.16893
-58.67812
-63.98317
-63.37904
-65.70542
-63.96483
-65.60057
-64.52481
-64.12645
-64.02452
-64.24217
-64.81757
-57.62949
-58.27058
-64.13623
-62.56719
-59.58597
-60.54782
-62.08325
-60.84805
-59.02112
-59.94988
-61.33855
-60.70849
-61.75066
-60.78486
-63.06237
-61.16151
-58.79706
-59.15560
-60.52229
-59.44952
-55.57317
-59.80226
-62.51430
-61.61778
-62.69928
-62.16410
-62.55287
-60.78573
-60.01060
-60.91052
-61.21440
-58.30043
-57.87781
-59.44220
-59.95450
-58.86878
-59.81522
-60.78613
-59.96329
-58.90640
-58.64065
-59.45214
-59.56416
-58.59316
-58.15087
-59.18844
-60.27646
-59.84176
-61.31301
-61.06791
-62.57795
-57.67252
-56.17707
-61.70640
-60.83998
-62.10471
-61.55243
-61.17869
-60.31443
-60.41892
-60.51723
-61.81852
-62.75604
-61.62391
-63.50313
-66.68238
-65.57112
-61.95698
-62.78294
-64.51139
-62.68651
-59.98081
-61.64284
-62.90129
-62.56148
-62.72495
-61.96550
-62.35331
-61.70893
-59.68564
-62.05869
-63.18883
-62.29614
-57.57956
-58.94184
-63.38066
-63.83588
-65.65695
-64.70718
-66.33206
-65.04313
-65.73645
-63.73573
-67.62046
-63.14617
-61.63634
-65.19322
-67.14202
-63.46751
-62.06910
-66.80128
-67.60159
-63.50289
-62.45767
-66.14469
-64.99387
-65.06965
-65.02030
-65.58445
-67.39277
-65.04949
-65.96344
-66.29732
-68.40390
-61.84829
-57.66217
-64.30621
-66.54274
-68.55155
-68.18234
-66.51767
-67.09267
-65.89129
-66.72439
-66.29996
-68.50284
-60.90265
-58.20700
-67.44315
-67.07686
-57.68678
-56.52544
-56.79129
-57.08963
-55.42629
-56.49193
-57.28209
-57.04271
-57.38016
-57.03572
-57.24561
-57.07521
-56.66785
-57.43683
-58.16384
-58.66533
-56.01188
-56.16694
-59.74108
-58.82149
-59.16571
-59.23643
-60.47236
-59.55936
-58.17267
-57.94020
-58.92939
-57.52187
-56.84175
-57.82766
-57.91304
-57.17059
-57.17399
-57.16538
-57.40203
-56.72490
-55.81578
-57.75473
-58.03280
-58.27701
-56.79370
-56.03016
-56.54962
-56.14400
-56.50442
-57.07249
-57.61991
-56.94929
-55.27609
-58.34976
-59.63328
-59.09736
-59.98169
-59.56664
-59.27148
-59.11015
-58.91514
-58.62719
-59.62893
-57.78584
-57.83400
-59.10523
-59.66362
-58.42351
-58.58497
-59.99577
-60.00868
-59.45199
-59.43889
-59.26422
-59.44088
-59.95320
-60.09909
-60.57725
-61.11457
-58.12465
-59.78946
-61.81329
-60.92612
-58.32980
-56.17067
-60.04523
-60.55462
-61.64706
-61.31980
-62.08395
-61.78451
-61.48716
-61.26379
-61.37579
-60.10426
-59.60038
-61.43060
-62.20089
-61.73429
-59.42884
-62.55218
-64.44112
-63.21463
-60.67319
-63.99221
-65.93521
-64.20907
-63.50820
-63.66261
-64.81620
-64.11617
-65.34731
-64.75682
-67.63644
-62.97608
-58.12344
-59.51190
-62.65284
-63.17210
-63.79895
-63.96299
-64.49079
-62.84543
-61.96713
-61.59633
-62.87748
-60.19967
-56.28649
-60.19871
-64.61525
-61.08676
-59.39109
-61.17019
-61.31280
-59.29709
-59.54813
-60.33882
-60.68994
-59.90305
-60.17501
-59.67252
-60.82714
-57.60677
-57.45375
-59.54726
-60.84802
-57.72739
-55.96673
-59.75310
-59.59114
-60.97080
-60.01696
-60.19831
-60.10764
-59.51467
-59.27987
-59.29964
-58.57100
-57.43142
-58.17893
-58.58084
-58.33776
-57.59236
-58.72401
-59.83743
-60.21046
-60.98090
-61.46873
-61.57731
-60.40604
-60.20552
-61.75923
-61.87486
-62.02870
-62.07834
-62.45650
-62.38676
-62.66238
-57.67188
-59.24614
-63.69469
-63.08842
-64.24229
-62.46393
-62.49597
-62.61775
-64.28773
-63.43106
-63.61549
-64.61570
-65.53334
-64.13474
-64.47026
-63.05164
-61.82293
-63.48863
-64.63000
-63.29021
-63.52440
-64.31825
-65.96604
-65.34235
-64.02312
-64.01489
-64.23478
-63.11050
-62.91938
-64.04159
-64.99553
-62.62280
-58.00948
-62.45009
-64.55058
-64.96633
-65.95756
-65.83364
-66.42806
-65.65861
-66.31957
-67.04436
-66.76344
-64.54068
-65.09449
-66.16758
-66.20303
-64.76817
-65.94619
-66.81471
-67.60223
-62.54544
-63.99735
-67.29928
-66.25804
-66.07910
-64.58071
-65.87685
-66.79010
-67.07767
-67.48096
-68.61538
-69.24827
-59.30222
-59.71793
-68.03352
-65.57844
-66.70353
-65.59715
-66.53161
-66.57181
-66.91755
-65.71418
-66.91919
-67.88795
-60.81530
-61.15016
-71.35408
-64.75414
-57.30979
-57.46763
-57.86427
-57.50254
-57.97222
-58.07508
-58.36356
-58.23003
-58.37711
-58.38963
-58.69852
-58.18427
-58.95025
-58.88823
-58.74573
-58.11091
-56.34991
-58.17324
-58.75705
-58.86658
-59.15331
-59.07075
-59.18385
-59.21282
-59.24005
-59.06425
-58.95396
-58.90393
-59.24487
-59.56497
-59.59656
-59.57428
-59.70794
-59.90396
-59.98747
-59.72445
-59.74240
-60.19011
-60.30354
-60.40060
-60.69920
-60.39533
-60.53956
-60.31101
-60.58225
-60.17825
-60.84825
-58.27980
-58.52691
-62.68861
-63.11868
-63.62269
-63.19723
-63.18167
-62.87596
-63.54926
-62.44819
-62.82489
-63.16896
-63.52753
-63.48146
-63.32709
-63.42109
-61.13168
-62.99093
-64.45723
-63.61854
-64.39557
-64.43711
-63.88816
-63.21969
-63.83179
-64.12457
-64.56033
-63.93276
-64.01540
-63.90263
-65.63793
-64.21011
-58.70077
-60.63875
-64.43979
-65.26285
-65.71948
-65.62313
-65.98350
-66.17051
-66.72925
-66.67070
-66.45313
-66.80622
-67.37553
-66.61389
-66.27436
-65.23384
-65.66967
-65.05208
-66.43668
-63.63458
-63.64502
-67.78632
-67.13521
-67.13448
-67.53164
-68.02298
-67.94458
-67.58211
-67.57377
-66.08345
-67.82617
-63.05706
-59.57181
-66.02375
-68.34709
-68.54581
-68.88887
-68.56243
-69.03614
-68.72493
-69.44138
-68.32176
-70.04498
-62.32773
-60.74759
-67.94860
-68.89946
-63.95425
-67.66061
-71.49607
-69.61363
-70.64576
-69.47255
-70.55131
-69.99465
-70.21800
-70.13309
-70.15770
-69.98408
-69.72699
-70.29506
-69.82168
-70.06300
-61.16555
-62.15921
-69.06067
-68.51592
-69.00675
-68.06165
-69.75920
-69.35034
-66.64541
-66.09259
-66.31556
-65.85387
-65.77156
-65.33412
-65.88105
-64.95718
-65.76959
-65.20097
-66.67925
-64.78971
-62.82486
-66.18418
-67.11326
-66.09748
-68.98226
-69.95863
-70.16036
-68.08786
-68.18944
-69.98124
-71.36020
-66.41909
-60.51447
-66.48214
-71.19826
-70.60756
-69.98180
-68.14787
-67.53335
-66.91769
-68.41016
-70.19369
-71.09220
-70.70647
-72.29275
-71.21591
-72.24286
-65.75769
-67.14481
-72.66608
-70.28718
-70.03104
-69.20378
-70.98401
-70.63119
-69.85315
-70.68438
-71.04777
-72.37886
-70.99792
-71.39343
-69.27770
-70.47046
-61.67578
-61.42512
-69.76834
-69.58228
-72.32758
-71.82962
-73.87448
-72.24999
-72.42616
-71.53931
-71.93029
-71.90861
-71.87185
-71.12525
-72.08402
-70.15631
-71.82343
-72.15455
-73.49991
-70.30003
-65.30797
-71.86542
-71.93089
-70.77063
-70.55552
-70.52852
-71.47845
-69.91292
-68.82808
-67.89611
-69.57738
-67.74402
-61.41854
-65.43761
-73.64504
-72.28390
-75.92136
-72.39758
-73.21292
-69.83991
-71.77904
-69.79870
-72.60209
-65.25624
-61.17757
-65.85704
-72.43379
-62.37104
-57.20819
-58.26546
-58.20018
-58.37687
-58.44574
-58.45919
-58.53960
-58.31861
-58.44840
-58.60795
-58.89369
-58.76126
-59.31209
-59.24997
-59.37132
-58.10698
-57.56798
-58.77763
-59.25843
-59.14113
-59.44757
-59.43688
-59.52924
-60.22752
-59.63149
-59.74605
-59.80943
-59.63861
-59.75009
-59.91157
-60.19968
-59.74365
-59.33332
-59.66124
-59.60590
-59.41642
-59.71313
-60.25849
-60.59401
-60.78120
-60.68351
-60.92711
-60.96714
-61.14583
-61.16813
-60.98925
-60.92402
-59.39533
-61.88835
-64.13095
-63.79269
-64.16075
-63.91999
-64.00323
-63.53270
-63.71680
-63.61297
-64.40812
-64.97537
-65.02765
-64.60997
-64.92389
-64.06909
-63.33623
-64.67869
-64.98957
-64.73815
-64.84277
-64.96332
-65.29386
-64.82385
-65.22774
-65.28903
-65.69162
-65.68009
-66.45939
-65.56965
-66.78100
-63.08586
-60.80159
-65.11751
-65.29927
-65.55565
-65.77790
-65.94824
-65.99642
-66.58199
-66.65547
-66.05320
-65.84096
-66.70347
-66.61238
-66.05170
-66.29327
-66.72218
-67.26437
-67.37558
-66.85368
-64.44506
-65.87942
-66.87214
-66.88767
-67.41347
-67.24794
-67.00376
-66.31954
-65.89307
-66.29058
-67.30567
-68.59956
-62.07336
-62.82065
-68.78494
-67.95680
-69.54318
-67.67194
-68.66357
-67.92410
-68.83478
-67.84158
-68.28984
-66.76477
-62.84328
-64.45545
-69.08890
-66.51263
-65.34039
-69.91700
-69.83376
-69.33588
-68.92841
-69.21805
-69.79393
-69.03369
-68.55506
-68.66389
-69.22853
-69.59405
-70.39274
-69.85193
-70.61495
-66.97708
-62.85943
-66.21832
-69.66321
-69.12404
-69.87734
-69.54886
-71.29851
-67.79757
-65.62237
-65.91377
-65.83650
-65.53940
-65.02128
-65.20664
-64.97496
-65.01073
-65.35887
-65.92622
-66.40543
-64.74939
-65.00401
-66.73014
-66.08628
-67.83063
-69.26133
-67.61089
-66.95668
-67.52348
-69.45760
-69.20781
-72.56357
-64.62012
-63.74992
-71.41138
-71.58468
-72.43885
-71.59940
-69.70223
-67.88296
-68.01593
-67.43725
-67.24073
-65.85477
-66.83660
-67.33338
-68.34710
-68.47188
-65.31004
-67.86697
-69.13541
-68.84227
-69.41143
-68.11623
-69.06114
-69.63311
-71.44907
-73.06814
-74.72290
-73.74848
-74.40976
-72.86193
-72.39090
-70.33213
-62.84561
-65.08839
-67.88038
-67.76578
-69.81273
-69.53298
-69.78766
-69.56521
-70.73922
-70.86360
-72.04053
-72.22642
-72.35978
-71.82874
-71.22449
-70.07523
-69.16332
-67.57578
-68.58766
-67.12383
-66.77751
-70.28071
-70.79004
-71.47713
-71.08550
-71.90578
-72.29080
-71.37831
-70.60796
-69.30437
-71.83487
-66.00833
-62.95103
-69.32974
-71.13410
-70.42427
-69.51888
-69.59499
-70.77404
-70.90487
-71.68183
-70.98053
-75.09292
-65.77220
-64.18423
-70.91830
-71.92546
-61.13150
-57.79065
-58.21949
-58.15470
-58.29715
-58.08976
-58.43667
-58.54564
-58.46324
-58.47252
-58.54733
-58.26120
-59.93734
-60.95621
-60.77185
-61.02969
-60.96751
-61.24330
-61.39339
-61.21178
-60.74998
-60.43578
-60.30457
-60.38092
-59.07191
-58.58802
-58.70620
-59.11381
-59.64410
-59.70071
-59.80029
-59.93118
-59.87046
-59.66118
-60.00624
-60.15477
-60.10935
-59.86239
-59.91275
-59.38119
-57.54935
-57.29058
-57.23138
-57.32434
-57.73477
-58.17060
-58.12376
-59.20090
-62.08783
-62.02018
-62.04182
-61.25414
-60.81977
-61.02043
-61.52142
-62.23478
-62.40378
-63.05291
-63.40971
-63.05398
-63.26355
-63.91482
-63.09440
-62.57413
-62.75889
-63.36029
-63.04824
-63.04379
-64.22019
-64.02608
-63.09205
-62.93967
-63.29754
-62.34177
-61.53260
-61.96373
-62.69280
-62.65462
-62.73257
-63.61265
-63.75748
-64.15026
-64.41249
-64.17411
-63.52366
-63.64648
-64.16745
-63.79065
-64.30990
-65.58140
-65.65958
-65.28008
-64.50821
-63.62703
-62.86661
-63.02092
-63.76531
-64.10873
-64.33458
-64.59920
-64.20720
-63.60112
-63.38559
-62.94823
-64.19234
-65.08537
-64.61877
-65.41467
-66.71299
-66.35947
-65.68604
-65.31830
-65.82557
-65.36540
-64.34980
-64.41329
-65.73016
-66.24668
-65.99871
-66.37960
-65.84480
-65.79539
-65.22506
-65.11106
-64.15562
-63.84892
-64.17881
-64.76126
-66.93443
-67.66079
-68.16600
-68.15601
-68.10086
-68.38590
-66.35613
-66.56547
-67.70050
-68.13436
-65.53043
-62.99204
-63.56754
-63.90168
-63.63332
-63.15616
-63.42340
-63.37392
-63.23162
-63.81559
-63.82508
-63.35345
-64.54192
-65.83973
-64.88128
-65.17210
-65.02163
-65.24692
-65.40789
-64.68084
-64.68010
-64.72705
-64.65457
-64.56601
-64.79959
-64.74822
-65.09033
-65.32764
-67.01254
-69.91185
-70.97570
-71.60650
-70.50798
-69.43400
-69.37405
-69.34692
-69.44359
-69.86184
-69.20395
-69.88901
-70.62204
-69.76552
-70.20612
-69.94634
-69.28628
-69.18604
-68.85422
-69.97149
-69.39736
-67.43232
-67.53738
-68.16570
-69.99568
-70.81260
-70.67354
-69.85249
-70.54599
-73.01778
-72.85871
-72.95360
-72.99547
-72.94615
-73.50513
-73.04700
-71.39683
-72.40980
-72.31707
-71.08868
-71.25974
-71.70198
-72.89619
-73.12932
-71.53647
-70.66412
-71.18474
-72.47967
-73.49616
-73.46857
-72.79949
-73.70598
-73.81179
-72.48706
-73.15621
-73.50025
-73.32745
-72.92307
-72.90078
-72.14772
-71.59433
-71.49955
-71.92564
-72.01414
-72.66166
-72.76790
-72.50094
-73.72281
-73.98071
-74.13687
-73.73251
-74.07645
-74.75547
-73.87115
-73.43977
-74.77592
-74.92907
-75.14245
-75.05122
-74.50029
-75.71229
-74.38623
-73.21149
-74.31164
-74.51378
-74.43870
-73.98095
-74.01266
-74.98391
-74.86140
-75.41915
-76.12100
-76.39350
-77.45154
-78.63666
-78.73339
-79.18146
-81.32732
-78.82364
-78.08006
-80.89126
-82.61400
-81.76044
-79.33579
-79.54443
-80.59130
-82.20689
-82.33652
-81.10175
-82.46533
-84.76483
-83.81239
-83.40339
-84.08862
-84.89734
-85.08978
-84.58865
-85.05204
-86.93449
-87.51684
-87.27609
-87.94229
-88.11378
-88.39799
-87.91027
-88.73578
-88.95347
-89.94877
-89.15990
-89.29786
-89.75239
-89.69711
-90.71329
-90.40026
-90.79652
-91.38742
-91.76198
-91.99493
-93.19332
-93.31753
-93.18065
-94.11377
-94.83762
-95.02222
-95.48885
-95.69370
-95.74957
-95.93367
-96.49926
-97.08862
-96.71216
-97.02014
-97.89384
-97.86054
-97.68179
-98.25425
-99.39250
-99.30664
-99.36185
-99.77489
-100.02639
-100.48109
-100.70543
-101.50236
-101.86896
-102.07786
-102.09617
-102.31811
-102.91213
-103.46114
-103.91735
-104.16290
-104.48069
-104.83392
-105.36087
-105.57917
-106.04390
-106.17704
-106.47659
-106.97558
-107.15020
-107.53766
-107.80037
-108.34724
-108.52465
-108.65994
-109.27280
-109.71301
-109.89513
-110.29509
-110.52666
-110.85904
-111.27966
-111.57304
-111.92724
-112.66887
-112.85665
-113.17096
-113.82890
-114.39326
-115.28412
-115.16746
-115.28423
-115.84594
-116.43131
-116.88573
-117.20913
-117.49471
-118.06308
-118.41452
-118.83048
-118.88991
-119.11954
-119.79751
-119.88178
-120.68559
-121.05072
-121.99559
-122.31386
-122.31723
-122.75137
-123.15884
-123.44635
-123.83377
-124.43490
-124.96082
-126.56716
-125.77170
-126.92951
-127.02929
-126.77701
-127.67911
-127.94804
-128.48187
-129.60597
-129.87759
-129.92816
-131.90981
-131.66080
-131.97448
-131.42265
-132.75349
-133.68038
-134.46031
-134.90139
-135.94075
-135.21684
-135.34575
-136.45729
-136.88210
-139.64329
-137.86352
-136.73677
-138.68108
-140.47833
-141.41030
-142.43872
-141.18042
-141.81369
-141.47553
-141.90089
-141.58680
-142.95108
-142.70511
-143.02407
-143.74749
-143.02084
-142.40523
-143.42363
-144.26094
-143.00661
-144.12945
-144.47383
-144.60008
-143.41235
-143.29876
-144.51467
-145.20948
-143.86460
-142.62042
-143.83824
-144.40369
-144.17274
-144.86506
-143.63524
-144.56410
-143.92940
-143.44466
-143.81394
-143.50169
-144.12401
-143.91220
-143.47460
-143.10124
-144.05206
-142.70124
-144.58249
-144.58330
-143.22529
-144.80074
-144.14687
-144.40113
-143.85495
-143.40901
-143.73891
-144.31977
-143.98354
-144.88791
-143.92903
-143.84348
-144.27324
-143.63986
-144.03248
-143.83585
-145.62121
-145.83720
-144.72560
-144.19505
-144.21226
-144.75386
-144.75405
-144.58569
-143.15238
-143.47315
-144.54413
-143.50716
-144.94494
-144.40173
-143.26706
-144.55101
-145.05149
-145.35431
-145.55511
-144.67156
-144.64430
-144.69398
-145.08387
-144.15184
-144.84513
