-85.37453
-70.85299
-64.00845
-65.07313
-65.27964
-66.23300
-65.72506
-66.82069
-66.93573
-69.27950
-69.75226
-70.88500
-71.14176
-71.49600
-72.65412
-73.43661
-74.44766
-75.76381
-75.69108
-79.74326
-70.17849
-63.84492
-64.70266
-65.04904
-65.65007
-65.86121
-67.03250
-68.84644
-69.84807
-71.12448
-65.77852
-63.65651
-66.64034
-68.36458
-70.61871
-70.25275
-71.59007
-71.53209
-74.77828
-71.02483
-63.69549
-64.23242
-64.83428
-65.09423
-65.75384
-67.55862
-69.50282
-70.07059
-71.02165
-68.26208
-66.88152
-70.45429
-72.57446
-73.95092
-74.80113
-76.71760
-77.01654
-79.17028
-75.53560
-66.15033
-66.46547
-70.38721
-73.02251
-74.51447
-75.68065
-76.90321
-76.36958
-80.76099
-68.49875
-61.87380
-64.50849
-66.43057
-68.55193
-68.98489
-69.78720
-70.74336
-71.58332
-73.74953
-61.55872
-60.43727
-60.90862
-61.77266
-61.99618
-61.96072
-62.81870
-63.51609
-65.95168
-66.03999
-66.84942
-66.82148
-67.78462
-68.24774
-69.61702
-70.80708
-71.55722
-72.72471
-73.65540
-62.49026
-59.57884
-61.01663
-61.27225
-61.75001
-61.84264
-63.96230
-65.10621
-66.63705
-65.60572
-60.13132
-60.77687
-63.64220
-65.35596
-66.84979
-66.33532
-68.00197
-67.91490
-72.18615
-62.86063
-59.21013
-60.72569
-60.78937
-61.32180
-62.16532
-64.38613
-65.67342
-66.48445
-66.07130
-63.11315
-63.91956
-67.47025
-68.75114
-70.37658
-70.56891
-72.78207
-72.51673
-76.23054
-66.71772
-61.53196
-64.13842
-67.47245
-69.82956
-70.96569
-72.54175
-72.71789
-73.99869
-73.72355
-60.60161
-58.44107
-62.12768
-63.10647
-65.90534
-64.73530
-67.32597
-66.05790
-71.49447
-63.93923
-56.53064
-56.91595
-57.32905
-58.21304
-57.77265
-58.65963
-59.03232
-61.06850
-62.28591
-62.53174
-62.90553
-63.11522
-64.19908
-65.04115
-66.25869
-67.59005
-67.33107
-70.87008
-64.80434
-56.36395
-56.33367
-57.29536
-57.52031
-57.84643
-58.64549
-60.75588
-61.42842
-63.30999
-58.94222
-55.58538
-58.36056
-60.30964
-62.36030
-62.45557
-63.36644
-63.89344
-65.79401
-65.69359
-56.36151
-55.79113
-56.93540
-57.20935
-57.77458
-59.04153
-61.26567
-62.00180
-62.59545
-62.20373
-62.45497
-63.64632
-65.33736
-66.56085
-62.52186
-64.57544
-68.35659
-68.53464
-70.17741
-59.43160
-58.26050
-61.98855
-64.62748
-66.16487
-67.17679
-69.33245
-68.65761
-73.11134
-63.38330
-54.40308
-55.94333
-58.71645
-60.30954
-61.57385
-61.33864
-63.35891
-62.79812
-68.12315
-55.16062
-52.15482
-53.07834
-53.47649
-54.12191
-53.98604
-55.03706
-55.63321
-57.83560
-57.35085
-53.07866
-53.97186
-57.22090
-57.21938
-57.92084
-58.68307
-61.10950
-60.83298
-63.61769
-55.05940
-51.57088
-52.82263
-53.11720
-53.78841
-53.86468
-55.59234
-57.09284
-58.48231
-58.54177
-53.19761
-52.90088
-56.25095
-57.51652
-59.56504
-58.86459
-60.94755
-60.58982
-64.99226
-57.92764
-52.27565
-53.46857
-53.91284
-54.48900
-55.05891
-57.04656
-58.68649
-59.57170
-59.96001
-58.58894
-58.20820
-60.40058
-61.99801
-63.09704
-64.07278
-66.08857
-66.24358
-70.53920
-62.85934
-55.51240
-57.61687
-61.21696
-63.61236
-65.16342
-66.10986
-67.80768
-67.41925
-71.66852
-56.12498
-52.43599
-55.99366
-57.21439
-60.01978
-59.24761
-61.56123
-60.78660
-64.58746
-60.47095
-51.49187
-51.68183
-52.12719
-52.95659
-53.08096
-53.50704
-54.27037
-55.22968
-57.98610
-54.58076
-52.11407
-55.22085
-56.86594
-56.85434
-57.45047
-59.47776
-60.68672
-62.03204
-60.60458
-52.49698
-51.86573
-53.00405
-53.48633
-53.75096
-54.42580
-56.47067
-57.48014
-59.48166
-55.80966
-52.19905
-54.22583
-56.42061
-58.34015
-59.23678
-59.74519
-60.73312
-61.30600
-64.56765
-54.38563
-52.54441
-54.00180
-53.91113
-54.67760
-55.57377
-58.12284
-58.82292
-60.26364
-58.51026
-55.04499
-57.11778
-60.36393
-61.72744
-63.33485
-64.15314
-65.95936
-66.27682
-68.29596
-58.18292
-55.80490
-59.43809
-62.23469
-64.23119
-64.98972
-66.74810
-66.18965
-70.00366
-63.87540
-53.43070
-53.91036
-57.59468
-58.94954
-60.89327
-59.98807
-62.38734
-60.80180
-67.03968
-55.46490
-51.18475
-52.15032
-52.46503
-53.30233
-52.78043
-54.05222
-54.41511
-56.62955
-57.40446
-52.80294
-52.82266
-56.39513
-56.64228
-57.30200
-58.04473
-60.66418
-60.62540
-63.60011
-56.85533
-51.40965
-52.57940
-53.21359
-53.72899
-53.91472
-55.23850
-57.08887
-58.10927
-59.15429
-54.07119
-52.43262
-55.43113
-57.24620
-59.45417
-58.92670
-60.49770
-60.44757
-63.79734
-60.15254
-52.65958
-53.20965
-53.93922
-54.18567
-54.88728
-56.52810
-58.69474
-59.17363
-60.22489
-56.57652
-55.22419
-58.99615
-61.07373
-62.66794
-63.39012
-65.20740
-65.62564
-67.64843
-64.74414
-56.23227
-56.76604
-60.66798
-62.76245
-64.66638
-65.95062
-67.40687
-66.68647
-71.58955
-58.47550
-52.44423
-55.36966
-57.29122
-59.73404
-59.68651
-60.91814
-61.42520
-62.90806
-63.65052
-52.11338
-51.16496
-52.04955
-52.81596
-53.23091
-53.27698
-54.22540
-54.95084
-57.88549
-55.59984
-52.08730
-54.28746
-56.92081
-56.80539
-57.61186
-58.79083
-60.70129
-61.06276
-62.40842
-53.62318
-51.60664
-52.98141
-53.33677
-53.86417
-54.16892
-56.19468
-57.22497
-59.20844
-57.09142
-52.57827
-53.71532
-56.26422
-57.86703
-59.48359
-59.40180
-60.94438
-60.69089
-65.18822
-55.98373
-52.28000
-53.83323
-53.95209
-54.51031
-55.32900
-57.67367
-58.80736
-59.87361
-59.35691
-55.39953
-56.39975
-59.99831
-61.32436
-63.30081
-63.69322
-66.02828
-65.74973
-69.02367
-60.17267
-55.89303
-58.69930
-61.70809
-63.94759
-65.02976
-66.52162
-66.48027
-68.25088
-67.31909
-54.53304
-52.89820
-56.67567
-57.71277
-60.50682
-59.40288
-62.01990
-60.65338
-66.68870
-58.11371
-51.33448
-51.99527
-52.19616
-53.13475
-52.86465
-53.72255
-54.54642
-56.03788
-57.92515
-53.61791
-52.20836
-55.84742
-56.98459
-57.15629
-57.58284
-60.08073
-60.56065
-62.78659
-58.44005
-52.02453
-52.17372
-53.00055
-53.58948
-53.78621
-54.73860
-56.82779
-57.93837
-59.36525
-55.24182
-52.21580
-55.01557
-56.96065
-59.09362
-59.02642
-60.08949
-60.70115
-62.66981
-62.22123
-53.28232
-52.77177
-54.06983
-54.03402
-54.76969
-55.88788
-58.77747
-58.81564
-61.42558
-55.05727
-48.03496
-50.00477
-52.35210
-54.63105
-58.32131
-59.68914
-62.25297
-64.36788
-64.82111
-56.76304
-56.42545
-59.40355
-63.14382
-63.73125
-66.88842
-66.08644
-68.41060
-67.93596
-62.48380
-47.73524
-47.40812
-52.44468
-52.47321
-54.95535
-57.48776
-59.67239
-59.03447
-64.05456
-47.69006
-48.58026
-53.06232
-51.25044
-52.23922
-51.23769
-52.60103
-53.64198
-56.82194
-55.89655
-52.74735
-52.53950
-56.37292
-56.13524
-57.77891
-58.08582
-61.39529
-60.45718
-64.16801
-53.31721
-46.64254
-48.84502
-51.12744
-52.08685
-53.04939
-55.12171
-56.72884
-58.66278
-56.79391
-51.59992
-52.61353
-56.20093
-56.82209
-58.62250
-59.21726
-60.92712
-60.00688
-64.30993
-57.25712
-51.42146
-53.09744
-53.52674
-53.96516
-54.97632
-56.90192
-58.92550
-58.98661
-61.24312
-51.15696
-48.18568
-51.44435
-52.39244
-56.05254
-58.60171
-60.56724
-62.22349
-66.52229
-59.13397
-54.20093
-55.33486
-56.99238
-57.91338
-58.61719
-59.41381
-60.36302
-61.45016
-63.20817
-53.96296
-46.20033
-49.79578
-52.78574
-53.59576
-55.77163
-58.94925
-58.16003
-63.09431
-56.65130
-47.25518
-51.15668
-51.54121
-51.75664
-51.45536
-51.70911
-52.95015
-54.52235
-57.33538
-53.77113
-51.92595
-54.35847
-56.82533
-56.69468
-57.93671
-58.98581
-61.71875
-61.24008
-62.21701
-49.24126
-46.88106
-50.45917
-51.47878
-52.57403
-53.65774
-55.90252
-57.32996
-59.01074
-56.30328
-52.12337
-54.29373
-56.84253
-58.71408
-59.34056
-59.79633
-60.56049
-61.74236
-63.96482
-54.16613
-52.44491
-54.01207
-53.93942
-54.81024
-55.66846
-58.18661
-58.91531
-60.46559
-57.49940
-48.64361
-49.12927
-51.92502
-53.30343
-57.84340
-59.18589
-61.69914
-63.28187
-66.12311
-57.72343
-55.96781
-58.88621
-62.82263
-63.44622
-66.53255
-66.11337
-68.83858
-67.02988
-66.98332
-48.93104
-46.52734
-51.98648
-52.07896
-54.45633
-56.70659
-60.28512
-58.13713
-67.17494
-48.88053
-47.39274
-52.69058
-51.20969
-52.53708
-50.72560
-52.54623
-53.24876
-56.34611
-55.76948
-52.28785
-51.97042
-55.63819
-56.04895
-56.26765
-57.80072
-60.15556
-60.24344
-62.95152
-55.98683
-46.89094
-47.96161
-50.82405
-51.75711
-52.81426
-54.47659
-56.63512
-57.91253
-58.14045
-52.36063
-52.22113
-55.81689
-56.82052
-58.53699
-58.75741
-60.13127
-59.98350
-63.44489
-60.00948
-52.02023
-52.65912
-53.84081
-53.74759
-54.78247
-55.98562
-58.64577
-58.33702
-61.80327
-52.76279
-48.21646
-51.20243
-52.48648
-55.33382
-58.47010
-60.81001
-62.21890
-65.37242
-61.41218
-54.64008
-54.90759
-56.67496
-58.00687
-58.73595
-59.62718
-60.16092
-61.39916
-62.62425
-56.58922
-46.42495
-48.24235
-52.19102
-52.49710
-54.98213
-57.89569
-58.79723
-60.31753
-60.82781
-47.62516
-50.00869
-52.24091
-51.67587
-51.65349
-51.11421
-53.07661
-53.91247
-57.37602
-54.73470
-51.99418
-53.36840
-56.56847
-56.32039
-57.92995
-58.51560
-61.39031
-60.55918
-63.63230
-50.98912
-46.64611
-49.90765
-51.25679
-52.10189
-53.55722
-55.38378
-57.01571
-58.71979
-57.53025
-52.54887
-53.71180
-56.45274
-58.10852
-59.31725
-59.19894
-60.91200
-60.96160
-65.11430
-55.46021
-52.24669
-53.80936
-53.92900
-54.58049
-55.46462
-57.74413
-58.97949
-59.91196
-59.36838
-49.86796
-48.52181
-51.38315
-52.55927
-57.26152
-59.17705
-61.49057
-62.93122
-66.65730
-59.22729
-55.81354
-58.15819
-62.05775
-63.40493
-65.72258
-66.03326
-67.93303
-66.74065
-70.23408
-50.96350
-46.07539
-51.02229
-52.00420
-53.87763
-56.03141
-60.08334
-57.60185
-67.14173
-51.54582
-46.65538
-52.54165
-51.28794
-52.18043
-51.29049
-52.00393
-53.30772
-55.14749
-56.79597
-53.99056
-52.18041
-54.96408
-56.22644
-56.74464
-57.92803
-59.41142
-61.44507
-62.31450
-58.95181
-47.75367
-47.37703
-50.83440
-51.80135
-52.76182
-54.08828
-56.24229
-57.92089
-58.89495
-52.99010
-51.51814
-55.23628
-56.47248
-58.00479
-59.08759
-60.66758
-60.23108
-62.12867
-61.85739
-52.60761
-52.23481
-53.76612
-53.50506
-54.59848
-55.75636
-58.66633
-58.53809
-61.30630
-54.78826
-48.00818
-50.14918
-52.21425
-54.51810
-58.52059
-59.92016
-62.25682
-64.04333
-63.12965
-54.98826
-54.73635
-56.44424
-57.84655
-58.11073
-59.39671
-59.60822
-61.64347
-62.31348
-59.37041
-47.41460
-47.37636
-52.52867
-52.74054
-55.35919
-57.00418
-59.70877
-58.73787
-64.69137
-48.97810
-49.06510
-52.67140
-51.24667
-51.81510
-51.22357
-53.05178
-53.37538
-56.85452
-55.40460
-52.17904
-52.91119
-56.45773
-56.26550
-57.52640
-58.29758
-61.18666
-60.62147
-64.02497
-53.13788
-46.55548
-48.91129
-51.29683
-51.94278
-53.21777
-54.81954
-57.07549
-58.31902
-58.23092
-52.79175
-53.05809
-56.08862
-57.48646
-59.64933
-58.91547
-61.05676
-60.43433
-64.98027
-57.30621
-52.46635
-53.71895
-53.88722
-54.55089
-55.15226
-57.19600
-59.02172
-59.26699
-60.87142
-51.07696
-48.39682
-51.58020
-52.69458
-56.19207
-58.73588
-61.05481
-62.40256
-66.33771
-60.66939
-55.87632
-57.40865
-61.36972
-63.19463
-65.12397
-66.13087
-67.39147
-66.64707
-71.13976
-53.72643
-46.03522
-49.78449
-52.19503
-53.45209
-55.76225
-59.59952
-57.86248
-64.49551
-54.16319
-46.41932
-51.32181
-51.39496
-51.78547
-51.21699
-51.71239
-52.94890
-54.71645
-56.96368
-53.42780
-51.83397
-53.86196
-56.61311
-56.09433
-57.85793
-58.79181
-60.87762
-60.80013
-61.65217
-48.97593
-47.02951
-50.48104
-51.31147
-52.72602
-53.64676
-55.78463
-57.09325
-59.18216
-54.27597
-51.56875
-54.43405
-56.39892
-58.00857
-58.68375
-59.48020
-60.43970
-61.43525
-64.14897
-53.80772
-51.59422
-53.80169
-53.50382
-54.49803
-55.23472
-58.03960
-58.51764
-60.54212
-57.07494
-48.77576
-49.92305
-52.31334
-53.93531
-58.15329
-59.19847
-61.93721
-63.29216
-65.44480
-56.09727
-54.56572
-55.99611
-57.77787
-58.21312
-59.65088
-59.72800
-61.42304
-61.48102
-61.91687
-48.79596
-46.59509
-52.01198
-52.10164
-54.97458
-56.25510
-59.66320
-57.94541
-67.83492
-50.34366
-47.83898
-52.99148
-51.16752
-52.00511
-51.16666
-52.58228
-53.12708
-56.04318
-56.10159
-52.42532
-52.47749
-56.13374
-56.51326
-57.47790
-58.03588
-60.93355
-60.61706
-63.68794
-55.44928
-47.03335
-48.46028
-51.44638
-51.83350
-52.95805
-54.72294
-56.90247
-57.95992
-58.84512
-53.66632
-52.57413
-55.55294
-57.20972
-59.39265
-58.91277
-60.88462
-60.30266
-64.18119
-59.35654
-52.47879
-53.13932
-54.02672
-54.27793
-55.08287
-56.55665
-59.12725
-58.65553
-61.62788
-52.76496
-47.98844
-50.42559
-52.28937
-55.08162
-58.52281
-60.48732
-62.45268
-65.18404
-62.95420
-56.26945
-56.91881
-60.72149
-63.08648
-64.82311
-65.96824
-67.34553
-66.72432
-71.13259
-57.97174
-52.49097
-55.50474
-57.46011
-59.70740
-59.89192
-60.98176
-61.28764
-63.46869
-62.56458
-52.74816
-52.23171
-53.60272
-53.55005
-54.12014
-55.63088
-57.62451
-58.90214
-59.18351
-59.69844
-60.66174
-62.61499
-64.14340
-65.17821
-65.84947
-66.94625
-68.53239
-69.87213
-71.15374
-55.07015
-52.96728
-54.85713
-54.73792
-55.42444
-55.73842
-57.70392
-58.58056
-60.98586
-57.82428
-51.84713
-52.14716
-53.51943
-53.14576
-54.60961
-55.55879
-58.06398
-58.24131
-59.62996
-55.44880
-52.44026
-55.36923
-57.31895
-59.30246
-59.33525
-60.47087
-61.40540
-63.36365
-62.86041
-55.96586
-57.17882
-61.58884
-63.65113
-65.79409
-66.24347
-68.57648
-67.56985
-71.86680
-59.98431
-55.32655
-58.42314
-60.92323
-62.79897
-64.05451
-65.87163
-66.96543
-67.83200
-67.04572
-54.13941
-52.71920
-56.31421
-57.65338
-59.83401
-59.22812
-61.43594
-60.56960
-65.94969
-56.75501
-51.29294
-52.55252
-52.91147
-53.53319
-54.29824
-56.48702
-58.15004
-59.03055
-59.40259
-59.26137
-59.77703
-61.47209
-62.52859
-63.08933
-63.71019
-65.69649
-66.43359
-70.76225
-62.15455
-54.65130
-56.31553
-60.06691
-62.58778
-64.02518
-65.00994
-66.50101
-66.82407
-70.39340
-58.00598
-55.00344
-59.06507
-61.35065
-63.91639
-64.38054
-66.40423
-66.57968
-68.78509
-66.24794
-60.89157
-64.98576
-66.14878
-68.47132
-69.08234
-70.64654
-72.41433
-73.24599
-77.78208
-64.20806
-61.01377
-63.50271
-65.00139
-67.69783
-69.00302
-69.90247
-71.35818
-71.09892
-73.39737
-67.59433
-68.63548
-69.25125
-72.06657
-70.61423
-75.70327
-73.11932
-78.07979
-73.02482
-77.49247
-72.00981
-78.82491
-74.41576
-79.46127
-76.00197
-76.51459
-80.74866
-73.10661
-103.26921
-47.56069
-47.65060
-52.30312
-51.37745
-51.56533
-51.46552
-53.28090
-53.24586
-56.80345
-55.75139
-52.66168
-52.81169
-56.18389
-56.07120
-56.74959
-56.56377
-61.35581
-60.51442
-64.79812
-52.55275
-46.52808
-49.44746
-51.27422
-51.86934
-53.35039
-55.18253
-56.82080
-59.17706
-56.64067
-51.41803
-52.60484
-55.92556
-56.54566
-58.63763
-58.84742
-60.50796
-59.76090
-65.14247
-56.30037
-51.43478
-53.43423
-53.56183
-54.14763
-55.51762
-57.42188
-59.04164
-58.89424
-59.89804
-50.53453
-48.11344
-51.30113
-53.05739
-55.03840
-55.21088
-60.31959
-60.27471
-63.42907
-57.23467
-52.73283
-54.37857
-55.26141
-56.36019
-57.48865
-57.25890
-59.12023
-60.58097
-63.35256
-52.50391
-46.27903
-50.75987
-52.48810
-53.37982
-55.53880
-58.95514
-57.69826
-62.51543
-55.61275
-47.16438
-51.16621
-51.64239
-51.65294
-51.13596
-51.60241
-53.01648
-54.43986
-57.07520
-51.16937
-51.24770
-55.13127
-56.44348
-57.67150
-56.20857
-59.17333
-62.41779
-60.72877
-62.17839
-49.24247
-47.07229
-50.72969
-51.25750
-52.81900
-53.87565
-56.00994
-57.37648
-59.08434
-55.52529
-51.83563
-54.55523
-56.29503
-58.82723
-58.88422
-60.15168
-60.08524
-62.53234
-61.81053
-53.27673
-52.94408
-53.82597
-54.04515
-54.88799
-55.17446
-58.19969
-58.86886
-60.46236
-57.35896
-49.19060
-49.73024
-51.96204
-53.92311
-56.40124
-58.28071
-61.71246
-63.10457
-66.35821
-57.31410
-56.00729
-59.10875
-62.76782
-63.44822
-66.39830
-65.79116
-68.22751
-67.26266
-65.35843
-48.49937
-46.79903
-51.95340
-52.43864
-54.10493
-56.40981
-59.95939
-58.26204
-66.73625
-48.38845
-47.71431
-53.07067
-51.22687
-51.95576
-51.08500
-53.12774
-53.23584
-56.70268
-55.50132
-51.94369
-52.26702
-55.73360
-56.08747
-56.33061
-57.23814
-59.93580
-60.44606
-62.96558
-55.79695
-46.98101
-48.49762
-51.57151
-51.89756
-53.02080
-54.40056
-56.51124
-58.15622
-57.64531
-51.47808
-52.18323
-55.99253
-56.70689
-58.64238
-58.17209
-59.72902
-60.24721
-63.96681
-59.92077
-51.50131
-52.53700
-53.60533
-53.67930
-54.71424
-55.32795
-58.79568
-57.93596
-61.49536
-50.54804
-47.80046
-51.78267
-52.63391
-55.88058
-57.06665
-60.09233
-60.21454
-63.06987
-58.50668
-52.39199
-53.61831
-55.38527
-56.40537
-57.37916
-57.18823
-58.48062
-59.75838
-61.70821
-54.70643
-46.26373
-49.04164
-52.64192
-53.32282
-55.51546
-58.38827
-59.44619
-61.01258
-60.21419
-47.71439
-49.78836
-52.05999
-51.50201
-51.54670
-52.01349
-53.20854
-53.38975
-57.01911
-53.66621
-50.98908
-53.48159
-56.27705
-56.69146
-56.41187
-56.23755
-61.38087
-60.22164
-63.23984
-49.73093
-46.22671
-50.07858
-51.68234
-52.36164
-53.17184
-55.92228
-57.13698
-58.76070
-56.90546
-52.52550
-54.02524
-56.25602
-57.59799
-58.91205
-58.97490
-60.82415
-61.62383
-65.48853
-56.19924
-52.30523
-53.76985
-53.95774
-54.97816
-54.30253
-56.43364
-59.07099
-59.55527
-59.26078
-49.24001
-48.61974
-51.68048
-52.59692
-56.81528
-58.73373
-61.12329
-62.48681
-66.61239
-58.40916
-55.79477
-58.16706
-62.33758
-63.48989
-65.50719
-65.92940
-67.89383
-67.10798
-68.65470
-50.82305
-46.09797
-51.37341
-52.23079
-53.81130
-56.13732
-60.17634
-57.65312
-67.21088
-51.21489
-46.56438
-52.07340
-51.18461
-51.73694
-50.73166
-52.44610
-52.71626
-54.58336
-56.13922
-53.55583
-52.45732
-54.84225
-54.48390
-54.23769
-54.25617
-56.69040
-58.80066
-58.96199
-56.48125
-47.17800
-47.76663
-49.86240
-50.74538
-52.06433
-52.88589
-54.96547
-55.39068
-55.79568
-51.76135
-51.18927
-54.21849
-54.32352
-54.99670
-54.46753
-55.34164
-55.91265
-56.94668
-56.85223
-50.78667
-51.45593
-53.00171
-52.51993
-53.59590
-54.36795
-56.28276
-56.14081
-57.25861
-52.26459
-48.08185
-49.35721
-51.42084
-53.46861
-53.09728
-55.36206
-56.31741
-56.76473
-56.06697
-51.58883
-51.92510
-52.82933
-53.10604
-53.95627
-54.26976
-55.12019
-56.11973
-57.08548
-53.77504
-46.73051
-49.04560
-50.03016
-51.72873
-56.79979
-53.10936
-57.47375
-56.70558
-56.25930
-48.29199
-49.20501
-54.04837
-52.42329
-52.40833
-51.37921
-52.82501
-52.98662
-56.43679
-53.01158
-50.30827
-53.95242
-55.96882
-56.91414
-56.18876
-56.18527
-61.41222
-58.64694
-61.71997
-52.35862
-46.60136
-49.26711
-51.09730
-51.84944
-53.25953
-54.92933
-56.54556
-57.85621
-57.36129
-52.20667
-53.21810
-55.92581
-57.97165
-58.50753
-57.94111
-60.00632
-59.67565
-64.23156
-55.20385
-52.10331
-53.83844
-53.91911
-54.58600
-54.94629
-56.94128
-59.06703
-58.89320
-60.09916
-51.14796
-48.25978
-51.10825
-52.31392
-55.40442
-57.05151
-60.42105
-61.18571
-65.97367
-60.02811
-55.56249
-57.75374
-61.58723
-63.23548
-65.50551
-65.35934
-67.11035
-66.71354
-70.26199
-53.05281
-46.02960
-50.13450
-52.22697
-53.49870
-55.31736
-60.37180
-57.50276
-66.31567
-53.12645
-46.44794
-51.10112
-51.09962
-51.47679
-50.67344
-51.42125
-52.09342
-53.40871
-54.69044
-51.70420
-50.57071
-53.01562
-54.36181
-54.33717
-53.98897
-55.12304
-55.99289
-57.05884
-55.92306
-49.58048
-46.78453
-50.07766
-51.09007
-51.02069
-54.22985
-53.21608
-55.84374
-54.88546
-51.60831
-49.62680
-52.40622
-53.23488
-53.38430
-53.30542
-53.55969
-54.57416
-54.00502
-55.33886
-51.12221
-50.88081
-53.00665
-52.94635
-53.90328
-52.88101
-55.86413
-54.51203
-57.39479
-52.42178
-47.13872
-50.95929
-51.51163
-53.16195
-53.44399
-54.64791
-54.46072
-54.84810
-54.20398
-51.06487
-51.06629
-51.85513
-53.87737
-53.68544
-54.71291
-53.98938
-55.00414
-55.12424
-55.41502
-47.73433
-47.02147
-52.15870
-51.80161
-53.58240
-54.74200
-56.21857
-54.93786
-57.01919
-50.02000
-48.48993
-51.57842
-51.13998
-51.30529
-51.18821
-52.52905
-52.51689
-55.33705
-55.01890
-50.86323
-51.84674
-55.37266
-55.62113
-56.10614
-54.61634
-58.52409
-58.42514
-61.81747
-53.25917
-46.13769
-48.28883
-50.82006
-51.60485
-52.05514
-54.24945
-56.34040
-57.38556
-59.03332
-54.87049
-54.75464
-57.08904
-57.73829
-57.85904
-56.77621
-58.41801
-59.03328
-62.03734
-57.89626
-52.19002
-53.10842
-53.73093
-54.10492
-54.34664
-54.72545
-58.43626
-58.05781
-61.00887
-52.43311
-47.88638
-50.69833
-51.89161
-54.71605
-57.28539
-58.90081
-59.75549
-62.82433
-58.72655
-55.14572
-56.79823
-60.48746
-64.22417
-65.38120
-67.64411
-66.34417
-67.72025
-67.61267
-56.51965
-45.74590
-48.90358
-54.16810
-53.11313
-55.68480
-58.25063
-58.56722
-60.17948
-57.92459
-46.22689
-49.81238
-52.38759
-50.32232
-50.98846
-51.80135
-53.30793
-53.19923
-56.11438
-54.97173
-53.48664
-54.65315
-55.90958
-54.57933
-54.51282
-53.94321
-57.01165
-56.71037
-59.49650
-49.88436
-46.73488
-50.09902
-51.14047
-52.19668
-52.73963
-54.57328
-55.93023
-56.86983
-53.93402
-50.23506
-52.27531
-54.42569
-54.83040
-54.91721
-55.27736
-56.34388
-56.63975
-59.37380
-50.21919
-49.60267
-53.45603
-53.00755
-54.29366
-55.06785
-56.71602
-57.14460
-58.27434
-55.43230
-48.86382
-48.77950
-51.35349
-53.32174
-54.30676
-54.65382
-58.41013
-57.63262
-58.76188
-53.91126
-52.82200
-55.12375
-56.34047
-56.69259
-56.73843
-55.97370
-56.69018
-57.09266
-58.59865
-48.63222
-46.42038
-51.43357
-51.28838
-56.53942
-54.27400
-56.92874
-57.10175
-58.08787
-51.25617
-47.07238
-52.75307
-51.47159
-51.58691
-51.20794
-52.77879
-54.15371
-55.70770
-55.67781
-50.55507
-51.73292
-55.02288
-56.08907
-56.44931
-55.51306
-58.79378
-59.08946
-59.11454
-56.47729
-47.52408
-48.00495
-51.05653
-51.44759
-53.20329
-53.99370
-56.45904
-57.23720
-58.51627
-53.41895
-51.92534
-55.10688
-56.90877
-58.81368
-57.17212
-59.11011
-58.80461
-61.49277
-58.20382
-51.04275
-52.04335
-53.77564
-54.26322
-55.18428
-55.58728
-58.85438
-58.65661
-61.71693
-53.63951
-47.77568
-50.10964
-52.01123
-55.34596
-55.76762
-57.45355
-61.82150
-63.97510
-64.73652
-56.34789
-56.58929
-60.07294
-63.06295
-64.17928
-66.47737
-66.16623
-68.45569
-68.31438
-60.13457
-46.58311
-47.56163
-54.05614
-53.41207
-54.90911
-58.04066
-59.58347
-59.62112
-61.90213
-47.54764
-48.70693
-52.71966
-50.51902
-50.83944
-51.06931
-52.48335
-53.09564
-55.61508
-53.76587
-51.01481
-52.41123
-54.99016
-55.24699
-54.94626
-55.71825
-57.32318
-58.01193
-59.46321
-52.39993
-47.08359
-48.70009
-51.86666
-51.01983
-53.99600
-54.43231
-55.72823
-57.01396
-53.91093
-50.16680
-51.66518
-54.54431
-54.06959
-55.00442
-54.20964
-56.02589
-55.82012
-57.17445
-52.43556
-50.20334
-53.19172
-53.13366
-54.23429
-53.57879
-54.95399
-56.31189
-55.88480
-56.97473
-47.82907
-48.63350
-50.99800
-52.30165
-54.04337
-52.50258
-56.30619
-55.06483
-56.67871
-52.64506
-51.51382
-52.60017
-53.75948
-54.42445
-55.27026
-55.26719
-55.56870
-56.14839
-57.34329
-50.70542
-46.13378
-50.72173
-52.86243
-53.68775
-54.90563
-57.52279
-56.57735
-57.66878
-54.98517
-47.56854
-50.55120
-51.79031
-50.35821
-51.18572
-52.30447
-53.00418
-53.80365
-56.16054
-52.26299
-51.02452
-54.28304
-55.48675
-56.55618
-55.01236
-56.73047
-59.47304
-60.00784
-58.35217
-47.98949
-47.67191
-50.55079
-51.21283
-51.92850
-53.14505
-56.03760
-56.45817
-59.14193
-56.32555
-54.21549
-57.60567
-59.26808
-60.15890
-58.63532
-57.30788
-58.09799
-58.61402
-58.80320
-51.46646
-51.27281
-54.14226
-53.88308
-54.94164
-54.09639
-57.39501
-57.98638
-60.42335
-54.94889
-47.84327
-49.41228
-51.60841
-54.13700
-54.88999
-55.27100
-59.03430
-60.81629
-61.16229
-55.50931
-55.56418
-57.32180
-60.47206
-60.63383
-62.89889
-62.42037
-63.87522
-62.90434
-61.92008
-48.00559
-46.57984
-53.39466
-52.78359
-54.81066
-56.02075
-59.20077
-57.16710
-65.61189
-48.70118
-47.05166
-53.05757
-50.45543
-50.90384
-50.79487
-53.01974
-52.71289
-55.13431
-54.96569
-52.75792
-52.35130
-53.76410
-53.69243
-53.70282
-53.11424
-55.09234
-55.04686
-55.93423
-52.78690
-47.23056
-48.33519
-49.37663
-49.63514
-50.01837
-51.59125
-52.51472
-53.67803
-53.07434
-50.38999
-50.91310
-52.59804
-53.28894
-53.85149
-53.22649
-54.22414
-53.66648
-55.72318
-51.21712
-48.24131
-52.16358
-52.05534
-52.46725
-52.50426
-53.14582
-54.83813
-54.33425
-54.74922
-49.88101
-47.99578
-50.94894
-52.98234
-54.14881
-53.13435
-54.90470
-55.30166
-55.58338
-53.76748
-50.74595
-51.87526
-52.17377
-52.79544
-53.55031
-54.60815
-55.41424
-55.07169
-57.06247
-50.96664
-46.42997
-50.19098
-50.63073
-53.27852
-54.36375
-53.22333
-56.17762
-55.18053
-54.63467
-47.05053
-49.63541
-52.80905
-51.21538
-51.64066
-51.67506
-54.03251
-54.04362
-56.63813
-51.66337
-51.38635
-55.53941
-55.88155
-56.89955
-55.34027
-56.18792
-58.67261
-57.03528
-59.70873
-49.95371
-46.55192
-50.30294
-51.08267
-52.09821
-53.53942
-55.36718
-56.61807
-58.38053
-56.25189
-51.82855
-54.07740
-56.27773
-58.09317
-58.20010
-58.65610
-60.02687
-60.47850
-63.74364
-52.98910
-51.29187
-54.12647
-53.85931
-54.83170
-54.86809
-57.75701
-58.91059
-60.40978
-58.06180
-48.83548
-48.96194
-51.23182
-53.48134
-56.04313
-55.73822
-60.72988
-62.13638
-67.62825
-58.26638
-55.92393
-58.67834
-62.61243
-63.32356
-66.02522
-65.37517
-68.40029
-66.29038
-67.78418
-49.91912
-46.02813
-52.41193
-53.44977
-54.24724
-56.35143
-60.60221
-58.01664
-67.25675
-50.84978
-47.03877
-51.55848
-50.69764
-50.98092
-49.94743
-51.37382
-51.81635
-52.74616
-53.66811
-51.09356
-51.37180
-53.01842
-53.44214
-52.89653
-53.45961
-55.02604
-55.69140
-57.15184
-54.05021
-48.72985
-46.79876
-50.61756
-50.61352
-51.24917
-53.57262
-52.97798
-54.68576
-53.42620
-50.11964
-49.89686
-52.78182
-52.21078
-53.12441
-52.44126
-53.44868
-53.38379
-54.14514
-53.31362
-50.07000
-51.41993
-52.64608
-53.06380
-52.85803
-53.02394
-55.84005
-53.71326
-56.56570
-50.18629
-47.51823
-49.89464
-50.72601
-53.71747
-51.73005
-53.88211
-53.77615
-54.83697
-52.78247
-50.41383
-51.02121
-52.13592
-53.43607
-53.22940
-53.59383
-53.23437
-53.98624
-54.26699
-52.40596
-46.35905
-48.04099
-52.87970
-52.55810
-52.97003
-54.50347
-55.18071
-53.90778
-55.33030
-48.95428
-48.52869
-51.13463
-50.13407
-50.61412
-50.95725
-51.35381
-51.71829
-53.70877
-53.06219
-49.85441
-52.25669
-52.99877
-53.16953
-52.92443
-53.46125
-54.01427
-54.57595
-55.86858
-50.02575
-46.56547
-47.77127
-50.90436
-49.72020
-51.88596
-51.94145
-53.38883
-53.60998
-52.93861
-51.38347
-51.12052
-52.42588
-52.38210
-52.83200
-52.30026
-52.94640
-52.54998
-53.19024
-50.47674
-49.34786
-51.61663
-52.41593
-53.00825
-52.93088
-53.08623
-54.50399
-54.42048
-55.33130
-47.60104
-48.45819
-50.45729
-52.16887
-53.33084
-51.62714
-54.35912
-53.59031
-54.55208
-52.15991
-52.51012
-52.27426
-53.84191
-53.84225
-54.87142
-54.01286
-54.07638
-53.35888
-54.89913
-49.60925
-46.28466
-50.16384
-51.38831
-51.64166
-51.94326
-53.73716
-53.56205
-54.05683
-54.04031
-53.38699
-55.33430
-56.01481
-56.41863
-57.10398
-57.26778
-58.45248
-59.07917
-59.94127
-58.18403
-59.36521
-62.26407
-62.88561
-64.67316
-62.27329
-64.90035
-65.91594
-65.80457
-66.63316
-63.98185
-65.33131
-66.62169
-66.55050
-67.75175
-67.37388
-69.62145
-68.74127
-73.83776
-64.56548
-64.41872
-74.15209
-71.69571
-72.97610
-70.85858
-69.29270
-73.12659
-72.28259
-78.14664
-65.22274
-68.91005
-77.89757
-79.21488
-73.83877
-60.75367
-73.12990
-60.95711
-66.27850
-69.67086
-63.09816
-68.99742
-60.62169
-70.25681
-72.34331
-72.96625
-73.84143
-69.04937
-74.73222
-73.64439
-77.49202
-85.38066
-78.88468
-79.01399
-83.39564
-80.33609
-93.47112
-77.64709
-99.01700
-62.95526
-64.51894
-90.41078
-74.28516
-81.96236
-70.13189
-76.01801
-74.89563
-74.51752
-52.14830
-46.54662
-48.92004
-50.13894
-52.03696
-52.76426
-53.88164
-54.34123
-56.98058
-57.24334
-58.69998
-58.66931
-59.40378
-59.83953
-61.27322
-62.38569
-63.62286
-63.75369
-67.69335
-55.36668
-46.46253
-48.95786
-52.22077
-52.94044
-55.56461
-58.25861
-59.90137
-61.15309
-61.15474
-52.63224
-51.96911
-53.08519
-53.60969
-54.06215
-54.51515
-56.54186
-57.68307
-59.53495
-56.69098
-52.28356
-52.93977
-53.82491
-54.22875
-55.28171
-56.54884
-59.26805
-58.19340
-61.91762
-50.79780
-47.55331
-50.76354
-52.18090
-55.62492
-58.02890
-60.89352
-62.37152
-64.75524
-65.26722
-65.51787
-67.20790
-68.58507
-69.52908
-70.22138
-70.21631
-72.81394
-71.26466
-81.43049
-54.95705
-45.48919
-48.09775
-51.34472
-51.21363
-53.63349
-56.08566
-57.40414
-58.33638
-58.02683
-47.38969
-47.19588
-49.71161
-50.40122
-51.88255
-52.92939
-53.88910
-55.11033
-57.23886
-57.10289
-58.54950
-58.26265
-59.72375
-59.97941
-61.84433
-62.21949
-64.11479
-63.87898
-65.53017
-49.93283
-46.72250
-50.82258
-52.04379
-54.07197
-56.06734
-59.63131
-59.26296
-62.95666
-56.63110
-51.47760
-52.49498
-53.05037
-53.74502
-53.80057
-55.22483
-57.03565
-58.17679
-59.28868
-54.31157
-51.88343
-53.65385
-53.49764
-54.66247
-55.16300
-57.75078
-58.28390
-60.03449
-57.56903
-48.57971
-49.21241
-51.61886
-53.49409
-56.76793
-58.68254
-61.60020
-62.75037
-65.21385
-64.65286
-66.06893
-66.83952
-69.40975
-68.88485
-70.71212
-69.97951
-73.67175
-71.08630
-72.98630
-50.58176
-46.50717
-52.41084
-52.65263
-54.21893
-57.90185
-60.32555
-60.55423
-63.04668
-57.27963
-46.14810
-47.03863
-51.21867
-50.89330
-53.29681
-55.86442
-57.57759
-58.29157
-59.07813
-60.88747
-61.69655
-64.05618
-64.81879
-66.32287
-66.35534
-69.42061
-68.50291
-76.05423
-60.97639
-47.27594
-47.90727
-52.40819
-52.65453
-55.23383
-57.48590
-60.27365
-59.96873
-63.29128
-53.87389
-51.57108
-52.97795
-53.23927
-53.81575
-54.13142
-56.28061
-57.15428
-59.27987
-57.67324
-52.98794
-52.48460
-54.29490
-53.76896
-55.63565
-55.50232
-59.88574
-57.43317
-63.56357
-52.10099
-46.79843
-51.21866
-51.25130
-53.88061
-55.39073
-56.92277
-59.47733
-61.35015
-63.07759
-61.09212
-62.81928
-64.36186
-65.33361
-68.89275
-67.08007
-77.44188
-66.27313
-75.91037
-54.69130
-48.44634
-52.56290
-52.37745
-53.24382
-53.62548
-54.90903
-57.10809
-58.00471
-63.20730
-50.34349
-45.15499
-50.12904
-50.87110
-51.31535
-55.11001
-55.97166
-58.39583
-58.22553
-60.11755
-60.54463
-62.49876
-63.52379
-65.10693
-65.43240
-66.77028
-69.56672
-68.11844
-79.80063
-53.03558
-46.17309
-49.90977
-52.39161
-53.59256
-55.92688
-58.96816
-60.29408
-61.84979
-59.81985
-51.90532
-52.26183
-52.91973
-53.75928
-53.75010
-55.06839
-56.58344
-58.00268
-59.41318
-55.80299
-52.28155
-53.66684
-53.93627
-54.67118
-55.57760
-57.12175
-59.68166
-58.48224
-61.97382
-48.16481
-48.01690
-51.74927
-52.09822
-55.39414
-55.27704
-58.49983
-59.56353
-62.88435
-61.73432
-61.02056
-63.70207
-63.94403
-67.44375
-66.98857
-71.23574
-70.54873
-71.24556
-75.40005
-50.08517
-49.63042
-53.21612
-52.08476
-53.97627
-53.37843
-56.63438
-56.11494
-62.12852
-55.88066
-46.90685
-47.80657
-49.89386
-51.15794
-52.28316
-53.04793
-54.02918
-55.70078
-57.39697
-57.41441
-58.80336
-58.46382
-59.93139
-60.25325
-62.27770
-62.80917
-64.16431
-65.05150
-62.37658
-48.28806
-46.91984
-51.49529
-52.34436
-54.41760
-56.75625
-59.84936
-59.40098
-63.42504
-54.64139
-51.43938
-52.74924
-53.32668
-53.75714
-54.08025
-55.64040
-57.16389
-58.54582
-58.75499
-53.70130
-52.30301
-54.17523
-53.85200
-55.19062
-55.62190
-58.62732
-58.31360
-61.41682
-55.19354
-48.07458
-49.74532
-52.00941
-54.30386
-57.29785
-59.27095
-61.72753
-63.19305
-65.19110
-64.78770
-66.29010
-67.40434
-69.29650
-69.19226
-70.37267
-70.84767
-72.83596
-73.93068
-64.39771
-47.10516
-46.09658
-51.30485
-50.73427
-52.94739
-54.80520
-57.84499
-56.90729
-61.11373
-50.34934
-46.30944
-49.15280
-50.21582
-51.40605
-52.41798
-53.67451
-54.22946
-56.85097
-56.90604
-58.11788
-58.31475
-59.03689
-59.74307
-61.07558
-61.99795
-63.69637
-63.42179
-67.75874
-54.56516
-46.43233
-48.90169
-52.14296
-53.11763
-55.03228
-58.31084
-59.43720
-61.34408
-60.30934
-52.09279
-51.87238
-52.93257
-53.49564
-53.82626
-54.47132
-56.38472
-57.63629
-59.28614
-56.84409
-52.24580
-52.95274
-53.81928
-54.15614
-55.22994
-56.34132
-59.05078
-58.28376
-61.54642
-51.03110
-47.90378
-50.80335
-52.44141
-55.45750
-57.89510
-60.55711
-62.28137
-64.41801
-64.86734
-65.09642
-66.16689
-67.91452
-68.66749
-69.65926
-69.62572
-72.46441
-70.40911
-79.44107
-56.13051
-46.48041
-49.44446
-53.43116
-52.61654
-57.04642
-59.13202
-61.15585
-60.83647
-64.04345
-48.77942
-45.88214
-50.12036
-50.85162
-52.07581
-55.09861
-56.96024
-57.90742
-58.57673
-60.20057
-61.39104
-62.97133
-64.77151
-65.37507
-66.56437
-67.40639
-70.34501
-69.16962
-75.18535
-50.37268
-46.58574
-51.09886
-52.38369
-54.10812
-56.39410
-59.96612
-59.76545
-63.00227
-57.18119
-51.44520
-52.66014
-52.96772
-53.66071
-53.80817
-55.39076
-56.79595
-58.59081
-58.99902
-54.91028
-51.95923
-53.99091
-53.72529
-55.03709
-55.40341
-58.01778
-58.71691
-59.96284
-58.22983
-46.97456
-49.43553
-51.93606
-52.50856
-55.41692
-55.84106
-58.88382
-59.84755
-63.27958
-61.53736
-61.89223
-64.05606
-64.03321
-68.66211
-66.33754
-74.02476
-68.08043
-80.46937
-64.16506
-49.00322
-50.88744
-52.89198
-52.61932
-53.83284
-54.06604
-56.81010
-56.90600
-61.71720
-55.35867
-45.51340
-47.72562
-52.48481
-50.60291
-54.14877
-55.40421
-57.57186
-58.18659
-59.21259
-60.26064
-61.81012
-63.22873
-64.43324
-65.50261
-65.81680
-68.90326
-67.80377
-75.98369
-60.42567
-47.28477
-47.99059
-52.41951
-52.60731
-55.18607
-57.49236
-60.45461
-60.06367
-63.27933
-53.64158
-51.57893
-52.87043
-53.37804
-53.74318
-54.28398
-56.27571
-57.36452
-59.22896
-57.83064
-53.16860
-52.59441
-54.38957
-53.84046
-55.68286
-55.50295
-59.91490
-57.27107
-64.04731
-51.65319
-46.70374
-51.41641
-51.63702
-54.18309
-55.25551
-57.18372
-59.25277
-61.07401
-62.76280
-61.06191
-63.37318
-64.04157
-65.74537
-67.89485
-66.36750
-73.03842
-65.12900
-93.51526
-54.31228
-48.55585
-52.47294
-52.34815
-53.35244
-53.66396
-55.10890
-57.09726
-58.13343
-62.68559
-52.81619
-51.09822
-59.79786
-63.57431
-70.46943
-62.64643
-66.27526
-74.34985
-73.78805
-75.24043
-65.05181
-69.76614
-70.10005
-75.06043
-67.27768
-63.80130
-84.68239
-70.40495
-81.17776
-55.24277
-47.46414
-51.59753
-53.35237
-54.39925
-58.41916
-61.21391
-64.18389
-65.55834
-67.92213
-66.22470
-68.13275
-68.26151
-68.15581
-65.62261
-64.89942
-68.57824
-65.09910
-74.98507
-55.11717
-52.91886
-64.96038
-64.99270
-71.75946
-60.88937
-63.29538
-68.58264
-65.22976
-65.05132
-49.71272
-48.65007
-51.67271
-53.73767
-55.45156
-53.88930
-59.00255
-60.07785
-62.29328
-60.71735
-61.43959
-65.36606
-66.01728
-65.59655
-65.67670
-63.16393
-65.19222
-63.88276
-69.82766
-54.19052
-46.16006
-52.03528
-54.76913
-53.87921
-58.73329
-60.42370
-60.58846
-62.57768
-60.64957
-52.16317
-56.16055
-61.54457
-66.25166
-63.92454
-64.47457
-68.43561
-66.38662
-67.62727
-57.08976
-62.16146
-69.70021
-66.83121
-71.33211
-60.29996
-65.80380
-78.07264
-69.49732
-75.57312
-50.35883
-48.40462
-53.29455
-53.47373
-56.42060
-59.95853
-63.36341
-64.01318
-69.29305
-61.42197
-63.66276
-76.79223
-71.55000
-84.59576
-65.22401
-67.93331
-72.77881
-79.18594
-66.18997
-54.56381
-58.36521
-67.81598
-71.36794
-71.78617
-60.97916
-74.50384
-73.75149
-78.87195
-58.91187
-48.54277
-50.19578
-51.87478
-55.39466
-55.84328
-56.88040
-63.11473
-65.16869
-71.01269
-66.03275
-69.86826
-73.10287
-82.23036
-76.61007
-80.36288
-73.30058
-101.15071
-76.72754
-77.77080
-48.70097
-47.22772
-55.78010
-53.40498
-55.92609
-60.33300
-63.33988
-60.05614
-69.93320
-51.55923
-50.24925
-54.30362
-51.53726
-53.21578
-53.63478
-55.49532
-56.81711
-60.65451
-60.19177
-61.65911
-62.50089
-67.24736
-68.07683
-68.93538
-66.34132
-80.31452
-72.44640
-103.97039
-60.14227
-47.92998
-50.30302
-53.69627
-54.44611
-57.60209
-60.87643
-63.92367
-66.13803
-68.29894
-62.21765
-67.20666
-73.22682
-73.49883
-72.15596
-64.88392
-68.81195
-67.97425
-75.45897
-61.40647
-54.30997
-61.83829
-66.85965
-72.22002
-61.30349
-60.19627
-71.60291
-64.43020
-73.13013
-50.65145
-48.27933
-51.40229
-52.32372
-56.26335
-53.84145
-57.65745
-59.65940
-61.62201
-59.43873
-59.33956
-63.01772
-62.50631
-63.04918
-62.03130
-61.62294
-62.05442
-62.62416
-64.09910
-57.28763
-46.31086
-50.21365
-55.53170
-53.35523
-57.55198
-60.90739
-60.09553
-61.58551
-60.38718
-49.26827
-52.42441
-53.08414
-51.81567
-53.47326
-54.21670
-55.89198
-57.60105
-59.98676
-59.01480
-59.89539
-62.86747
-64.97856
-66.73547
-61.81869
-61.19505
-77.38658
-66.26746
-101.44910
-51.63483
-47.64259
-52.41679
-53.38257
-55.76156
-58.75598
-62.19947
-64.19112
-66.81921
-68.56636
-66.65142
-70.31482
-72.49763
-75.03790
-69.50816
-68.10222
-73.06399
-72.89306
-82.61575
-55.74832
-55.95083
-67.78354
-68.97303
-76.92188
-57.98575
-65.61960
-74.77436
-109.32830
-64.17992
-48.43357
-49.42451
-51.99946
-54.73405
-56.13892
-55.63275
-62.51979
-64.11568
-70.78881
-65.61938
-68.23559
-72.96854
-79.98381
-76.45321
-78.06382
-73.42625
-94.76138
-76.52120
-94.67236
-51.07407
-46.44676
-54.50781
-54.19492
-55.30046
-59.09955
-63.66651
-59.31069
-70.20949
-53.63307
-48.45629
-54.65226
-52.06538
-52.56558
-52.88416
-54.60752
-56.66461
-59.20642
-58.94386
-61.21839
-59.83203
-59.62052
-60.52716
-59.94538
-58.04315
-58.30513
-59.43457
-58.57593
-58.98980
-49.25682
-49.39800
-51.99881
-51.56662
-53.08318
-54.88379
-56.27067
-56.75256
-57.87196
-57.60587
-58.57686
-59.29651
-58.86177
-59.40954
-58.04804
-59.67953
-58.37347
-60.42573
-56.22556
-50.92430
-56.76701
-59.66414
-59.86838
-58.57159
-56.47719
-60.50478
-58.49806
-60.92575
-53.01277
-48.63150
-51.54203
-53.79956
-56.05830
-54.26205
-56.58711
-58.86297
-58.25735
-58.40058
-55.89527
-57.53044
-57.89097
-58.22452
-58.40370
-58.82432
-58.40787
-58.92858
-59.47422
-56.22621
-47.21496
-49.26350
-53.29601
-53.51565
-57.37666
-55.98512
-58.91714
-57.86538
-58.84400
-49.17524
-50.64380
-54.19737
-52.12369
-53.75473
-53.92369
-56.39666
-57.12402
-61.38489
-56.83138
-57.16619
-62.58384
-64.05553
-67.34918
-62.46795
-60.71459
-70.31105
-64.28828
-73.55943
-55.22218
-47.84150
-51.54118
-53.58005
-54.51070
-57.96236
-61.64540
-62.06039
-65.38399
-63.48657
-60.44054
-70.74299
-68.73020
-71.97843
-65.84415
-63.76647
-70.36429
-69.18389
-71.06876
-56.63023
-55.35988
-64.67565
-66.75023
-75.33399
-62.71962
-66.23356
-76.40909
-75.03198
-71.98652
-50.25080
-49.15290
-51.61507
-53.68140
-56.54001
-55.27379
-61.21051
-63.41100
-69.91114
-66.52633
-67.95770
-71.37949
-78.84077
-75.98467
-80.27279
-73.45669
-87.34853
-76.39274
-86.13795
-54.19254
-46.20307
-52.58499
-54.94742
-54.50769
-58.29174
-64.32816
-59.48202
-68.49075
-55.68258
-48.92960
-53.28058
-52.03768
-52.39537
-53.10343
-54.46070
-54.57606
-57.11884
-57.57890
-58.13661
-58.59770
-58.89448
-60.49921
-60.16092
-59.28747
-60.33433
-62.11130
-61.31412
-62.43400
-51.31500
-47.71638
-53.27098
-53.27522
-54.44110
-59.13568
-57.08354
-61.11219
-58.47944
-57.88837
-56.22255
-59.23139
-58.78986
-59.14364
-58.08950
-58.49927
-59.32380
-58.63652
-58.82186
-53.38460
-55.80769
-59.58983
-60.79726
-59.70601
-56.19399
-61.95074
-58.29043
-63.18395
-53.19638
-47.48998
-50.57042
-51.38481
-55.23528
-53.26462
-54.65870
-56.42136
-57.50105
-56.19440
-54.84893
-56.93377
-56.18190
-58.59676
-57.30664
-58.41813
-56.89140
-58.82868
-57.83388
-59.18146
-47.92436
-47.33915
-54.49537
-52.67108
-54.73373
-57.12165
-59.20054
-56.41145
-60.02182
-51.33128
-50.01989
-53.18485
-51.55053
-52.73769
-53.32481
-54.71686
-55.68251
-57.71708
-58.11113
-57.48243
-58.93941
-59.71021
-60.05676
-59.00840
-58.05741
-61.29446
-61.14854
-63.89317
-56.34971
-47.93890
-49.38121
-54.68101
-52.68618
-57.29433
-58.25137
-59.15657
-59.70891
-58.05566
-59.11311
-58.31985
-59.64977
-58.61589
-59.06675
-58.48593
-60.35146
-58.88820
-60.39350
-55.93547
-53.38219
-58.59411
-59.61684
-61.35278
-57.60636
-57.57629
-62.57880
-60.28480
-64.43643
-49.62169
-48.18078
-51.11834
-53.00127
-56.32643
-53.74389
-57.72776
-58.67965
-60.25853
-58.50932
-59.24282
-58.63468
-60.18103
-59.78404
-60.03776
-59.61875
-59.75065
-59.46994
-60.33760
-55.34168
-46.26587
-50.36240
-54.57890
-53.15562
-55.91604
-58.95881
-57.74177
-59.07624
-56.62456
-47.79247
-51.74691
-52.76111
-51.61163
-52.13001
-53.36501
-55.06929
-55.59982
-57.18450
-55.90484
-57.64834
-57.33601
-58.42039
-57.93043
-56.94731
-56.06266
-58.22166
-56.90296
-58.45808
-50.52315
-48.25852
-50.92263
-50.92775
-51.79055
-53.17716
-54.48669
-55.05895
-56.44921
-53.71913
-53.39591
-55.88521
-56.51977
-57.01992
-55.93460
-56.63872
-56.86630
-57.52526
-57.56676
-50.14226
-51.90152
-55.90503
-55.28113
-56.24270
-54.53693
-57.09890
-56.71205
-57.22441
-54.98227
-48.94603
-49.45325
-52.26430
-54.11675
-54.59654
-54.86318
-57.72073
-56.98705
-57.54460
-53.32065
-52.55521
-53.33287
-53.22366
-53.95106
-54.21538
-54.31416
-55.31369
-55.72282
-56.40213
-48.51846
-47.50911
-51.17995
-51.55754
-57.75921
-54.17456
-57.23475
-56.75073
-57.61011
-50.79969
-48.18633
-54.43734
-53.30062
-53.88353
-53.24517
-56.09570
-56.58915
-60.69185
-58.04823
-54.51542
-59.55482
-60.37695
-61.63742
-60.54807
-57.26214
-62.56363
-64.08392
-64.38088
-60.90069
-48.04142
-48.75150
-52.94940
-52.91800
-55.73116
-58.27037
-60.70148
-61.36947
-63.64727
-57.95820
-58.19555
-61.67891
-63.01615
-64.71206
-61.97397
-64.54450
-64.66278
-69.52249
-60.44759
-53.78895
-57.48210
-59.72471
-60.76244
-60.34459
-59.46110
-66.53918
-63.68401
-72.55113
-53.99505
-48.26423
-50.67684
-52.28535
-56.32957
-55.54731
-58.96554
-63.23232
-66.37154
-66.67026
-61.14239
-62.67588
-66.03131
-68.84980
-68.50915
-71.24358
-70.25899
-75.26227
-73.84240
-61.58229
-46.67164
-48.84105
-55.45968
-53.68947
-56.21136
-61.59609
-60.50457
-62.22516
-60.78230
-47.99271
-51.02370
-52.94457
-51.35176
-52.19857
-53.15467
-54.50155
-54.98283
-57.23921
-55.27149
-55.01508
-56.63211
-57.52578
-57.63618
-57.03841
-57.98744
-59.12374
-59.72516
-61.09937
-53.91190
-47.63212
-49.99451
-54.12912
-52.19054
-57.48074
-56.37555
-58.29760
-58.46913
-55.19922
-52.72634
-55.08323
-56.63645
-55.92244
-56.74348
-55.97897
-57.50189
-56.56047
-58.30763
-52.68185
-51.99262
-55.98135
-56.14972
-56.87076
-54.78872
-57.61229
-58.42582
-58.67473
-58.17019
-47.91885
-49.14406
-50.92722
-53.07869
-54.15546
-53.48081
-57.11070
-56.01791
-58.65630
-53.05301
-53.33104
-53.68932
-55.05219
-55.20344
-56.47842
-55.62056
-56.28906
-56.72598
-57.81605
-50.57920
-45.93007
-52.45410
-54.44067
-54.38944
-56.14477
-59.10618
-56.78168
-58.94868
-54.47117
-48.94276
-52.03484
-52.27083
-52.24632
-52.75719
-53.09712
-53.44166
-54.77538
-56.41962
-56.00038
-55.32803
-56.12788
-55.88361
-56.01990
-54.52716
-55.52158
-56.35664
-57.58772
-55.74884
-48.99131
-47.47105
-52.43959
-52.28842
-52.49544
-55.29514
-54.06035
-56.48179
-55.38907
-56.08922
-54.43081
-55.03695
-54.62453
-54.76917
-54.62197
-55.23405
-55.84475
-55.63289
-54.16059
-51.56294
-53.41135
-55.79106
-56.33787
-56.25310
-54.59453
-58.03526
-57.19467
-59.95114
-52.24595
-47.43452
-50.42137
-51.39564
-54.58376
-53.04193
-54.72600
-55.92995
-56.39813
-55.29429
-54.41220
-54.99444
-54.83243
-56.56432
-55.95006
-57.29461
-56.14014
-56.82526
-55.94024
-56.63251
-47.24392
-47.16559
-52.63604
-52.53837
-54.11835
-54.84921
-56.78970
-54.77270
-56.96521
-49.36773
-49.43188
-53.20452
-51.50272
-51.83079
-52.05236
-54.36382
-54.59731
-56.39346
-55.62339
-56.27716
-55.90930
-55.75630
-55.71538
-55.15023
-54.12580
-55.62053
-55.55435
-56.04445
-53.34577
-48.20869
-49.37061
-50.62651
-50.52885
-51.65414
-52.90141
-53.49020
-54.61289
-53.97988
-52.09728
-53.98443
-55.10795
-55.11606
-55.45947
-54.68585
-56.09148
-55.48117
-58.52752
-51.44145
-50.01950
-55.80613
-54.56472
-56.00577
-54.22160
-54.77812
-56.30841
-55.18727
-55.81632
-50.01347
-48.47573
-51.68029
-53.54460
-55.01699
-53.34321
-55.44679
-56.40183
-56.45719
-54.79658
-52.32436
-53.52100
-53.55868
-54.53956
-55.09289
-55.59882
-55.95309
-55.58875
-58.10385
-51.53394
-46.49952
-50.04043
-51.74053
-53.92876
-54.69814
-54.68289
-56.53099
-57.04786
-54.35719
-47.64823
-52.01340
-53.91550
-52.70091
-53.25247
-53.67883
-55.92776
-57.09309
-60.37704
-53.53574
-54.88201
-58.82461
-59.12307
-59.92174
-57.50386
-59.84980
-63.71990
-61.03092
-66.22810
-51.11651
-47.74798
-52.25032
-52.78124
-54.53421
-56.98312
-59.56158
-60.00708
-62.57006
-59.35354
-56.31055
-59.48512
-61.00191
-63.58961
-61.54924
-62.78516
-64.07047
-65.34845
-65.21939
-54.27007
-54.24599
-58.52345
-58.55974
-59.69755
-57.65162
-62.68081
-63.42692
-66.93346
-59.89275
-48.81331
-49.62223
-51.68426
-54.55833
-56.37997
-56.51194
-62.20359
-63.73331
-69.34773
-61.17098
-61.00470
-63.46896
-68.25679
-67.23674
-71.51648
-68.16033
-76.14099
-69.38613
-74.23591
-49.59558
-46.45270
-53.88897
-53.63088
-55.00731
-58.62230
-62.56291
-59.34328
-69.07128
-50.25519
-48.36307
-53.82194
-51.56710
-51.74341
-51.65941
-53.07160
-53.29042
-54.97671
-54.71693
-53.76088
-54.14025
-54.70523
-55.77927
-54.91995
-55.34704
-56.38697
-56.80585
-57.85410
-55.65935
-49.52679
-48.06478
-53.31940
-51.19213
-53.85965
-55.85951
-54.68700
-57.35216
-54.46756
-51.85261
-52.00449
-55.49723
-54.16688
-55.06562
-53.97215
-55.39078
-54.64065
-55.25746
-53.64077
-50.63938
-53.33885
-54.78282
-55.14582
-54.31444
-54.30049
-57.03495
-55.18508
-59.47791
-49.63827
-47.57208
-50.69732
-51.37860
-54.50687
-51.89462
-55.01093
-54.33364
-55.55297
-52.78223
-51.16617
-52.06678
-52.69465
-54.08386
-53.73443
-54.28028
-54.17823
-55.15056
-56.06922
-53.43244
-46.32850
-48.91723
-54.04792
-53.04049
-54.28021
-56.05816
-55.85771
-55.39644
-56.12380
-49.26390
-49.64825
-52.25414
-51.15733
-52.01994
-52.73600
-52.82085
-54.01218
-56.12706
-55.46527
-53.02285
-56.00514
-56.72687
-56.50385
-55.92177
-56.15137
-57.56907
-58.24714
-60.60181
-51.19961
-47.11133
-50.33632
-53.23595
-51.82242
-55.55832
-55.44322
-57.40601
-57.58214
-56.83837
-54.67460
-54.58419
-56.39797
-55.53683
-55.84735
-56.08101
-58.08646
-57.25468
-58.38702
-53.70691
-52.40475
-56.77864
-57.17900
-57.77012
-55.71066
-57.80931
-60.05641
-60.06859
-58.47921
-48.21427
-48.90945
-50.67968
-52.99181
-54.61999
-53.25887
-57.49816
-56.77221
-57.80493
-55.87463
-56.23390
-55.97733
-58.31826
-57.83367
-58.52838
-57.40582
-59.05577
-57.77066
-59.58467
-50.81772
-45.89658
-52.04628
-53.30986
-53.79531
-55.36583
-58.10115
-55.83409
-59.11886
-52.43391
-47.62997
-52.79884
-52.00742
-51.51467
-51.56528
-53.14572
-53.77110
-55.32052
-56.02780
-55.13272
-54.85515
-55.73515
-56.61630
-55.56557
-54.81856
-54.88318
-55.97094
-55.54335
-55.19679
-49.17208
-48.15670
-50.45680
-50.85506
-51.65291
-52.54875
-53.38136
-54.44128
-54.62181
-52.30807
-52.37513
-55.10444
-55.01897
-55.61877
-54.54179
-56.02207
-55.70780
-56.92509
-54.61237
-49.98770
-53.73698
-55.04113
-54.91422
-55.55823
-54.64198
-56.98311
-55.95594
-57.12925
-53.07356
-48.04998
-50.47374
-53.14932
-54.80761
-54.64240
-55.40428
-57.52051
-57.05493
-57.06576
-52.52615
-52.98523
-53.51768
-53.66850
-54.54283
-54.64181
-55.05373
-54.97773
-56.47377
-54.42196
-47.11793
-48.29116
-51.51476
-52.16787
-55.26871
-53.90247
-56.89626
-56.18985
-57.79773
-48.60092
-48.40512
-54.23870
-52.01565
-52.89963
-52.87528
-54.90001
-54.98376
-59.13908
-54.51072
-51.18526
-55.03102
-56.68781
-58.54521
-57.67826
-57.61170
-63.39800
-59.59300
-62.80681
-54.09498
-47.25432
-50.05962
-52.24690
-52.86622
-54.96611
-56.80033
-58.81088
-59.95931
-59.72087
-54.27835
-55.20768
-58.09258
-60.07694
-61.14686
-60.19273
-62.82438
-62.09915
-67.20895
-56.33347
-52.14998
-55.41317
-55.74336
-56.65377
-56.71528
-58.70024
-61.74797
-60.92040
-63.02097
-51.15755
-48.43101
-50.90258
-52.86510
-56.43912
-55.40993
-59.53925
-62.00539
-67.46325
-62.37496
-57.32369
-59.31669
-63.34044
-64.83763
-67.07477
-67.16786
-68.91922
-68.05830
-72.78489
-54.29631
-45.64252
-50.41520
-54.13814
-53.58456
-56.26478
-60.81515
-58.76471
-64.56288
-55.13650
-46.86259
-51.74064
-51.93558
-50.53813
-50.96398
-51.84468
-53.16957
-54.11030
-56.06463
-53.34792
-52.23897
-54.59907
-55.80621
-55.18038
-55.34069
-56.80050
-58.04939
-59.20985
-58.23743
-50.15676
-47.02870
-50.57405
-52.03172
-51.93119
-55.15027
-55.04276
-57.23238
-57.58206
-52.81729
-50.51466
-54.09430
-54.88605
-55.34251
-55.04710
-55.07891
-56.80290
-56.87723
-57.37690
-51.12322
-50.83860
-53.73111
-53.64090
-54.86218
-54.33011
-57.64770
-56.63388
-59.31734
-53.92443
-47.17970
-49.84090
-51.39016
-54.15341
-53.65349
-54.77505
-57.12875
-56.75752
-56.97475
-52.37819
-52.42183
-53.27480
-55.16321
-55.19042
-56.31659
-55.68280
-56.48690
-56.33977
-56.49710
-47.45799
-46.47409
-53.32422
-52.96117
-54.05572
-55.72568
-58.51616
-56.12781
-59.43105
-51.43344
-48.29036
-51.80183
-51.05694
-50.87087
-51.17045
-51.80471
-52.12291
-53.87926
-54.65715
-50.51185
-51.15818
-53.46239
-53.84407
-54.08299
-53.50826
-55.58881
-55.04790
-58.07825
-52.08205
-46.61023
-47.69640
-50.75475
-49.98834
-51.30396
-52.82562
-53.61642
-54.72373
-54.78487
-52.23771
-50.72610
-52.75006
-52.78124
-53.08263
-52.51400
-53.76511
-53.86036
-55.38889
-52.90215
-49.14802
-51.22771
-52.56433
-52.30664
-53.10966
-53.75882
-57.83834
-56.74418
-58.08675
-49.43644
-47.43196
-49.77109
-50.95262
-53.99161
-52.20366
-54.84760
-55.02249
-56.19631
-53.59789
-50.71294
-51.21779
-54.25654
-55.16622
-56.32618
-56.98883
-57.12879
-56.38479
-58.85056
-51.12796
-45.61023
-48.74671
-51.00883
-52.00390
-52.08844
-53.36821
-53.98594
-54.33008
-55.50573
-55.84586
-57.38347
-56.97486
-57.99228
-58.94086
-59.77136
-59.01464
-59.41584
-59.03147
-59.19597
-58.75831
-58.47470
-57.82071
-57.83894
-58.97349
-58.23039
-58.24581
-59.67921
-60.57381
-59.44014
-59.51534
-60.09980
-59.40207
-59.25039
-58.96838
-58.14164
-57.02862
-58.18028
-58.30798
-56.74929
-56.36442
-56.78921
-57.10754
-56.89539
-57.24468
-57.44627
-57.39665
-56.86933
-57.50259
-58.20729
-58.80383
-59.36936
-59.41533
-58.86433
-59.26900
-59.39224
-59.41596
-60.00715
-59.82532
-60.07745
-59.53534
-59.41598
-58.90694
-58.36986
-58.06901
-57.77100
-57.39424
-56.35530
-56.12979
-56.84255
-57.26597
-57.53553
-57.86470
-57.70903
-57.18493
-57.54364
-57.75245
-58.20310
-58.80064
-58.84274
-58.80475
-58.02824
-57.56677
-57.45701
-57.76207
-58.21757
-58.37896
-58.31673
-57.98979
-59.04126
-60.28797
-59.87361
-60.27794
-61.50408
-63.31998
-63.57929
-64.60494
-65.90293
-65.90962
-66.19415
-66.32547
-67.28471
-67.63502
-67.67275
-68.40147
-70.74271
-71.62974
-72.55508
-72.87184
-73.08844
-72.43809
-71.94540
-71.86004
-72.53058
-71.74207
-70.69043
-72.04739
-73.05843
-72.85903
-72.86908
-75.18847
-75.14499
-75.81007
-75.40253
-76.06245
-76.88367
-76.63261
-77.05259
-78.46380
-78.48419
-77.71902
-77.56455
-77.96027
-77.27672
-77.28709
-78.12930
-79.60587
-80.78503
-80.98566
-83.37608
-82.26859
-83.73490
-87.09928
-91.38892
-86.61500
-90.68501
-85.65440
-90.48617
-84.63115
-90.23873
-86.96503
-92.55855
-87.07087
-93.02674
-86.91389
-86.68808
-84.42871
-84.27783
-84.22996
-81.14620
-87.34911
-77.87866
-92.93237
-59.37354
-61.48025
-86.49726
-75.62609
-82.56606
-67.70456
-68.45077
-84.72563
-84.11478
-83.02725
-71.82196
-82.09359
-79.75550
-105.71189
-70.70527
-64.06394
-84.33551
-80.87247
-87.30214
-77.47653
-71.92683
-81.52624
-81.63549
-85.99711
-80.96359
-82.34965
-81.96910
-90.56014
-79.76168
-71.22556
-78.07525
-86.50128
-80.74004
-87.39116
-75.43011
-89.15911
-78.02878
-91.55145
-68.69500
-64.67272
-89.96543
-77.23596
-115.26548
-65.97291
-66.02795
-88.38470
-76.16447
-88.93534
-68.60062
-75.78681
-77.28326
-105.79445
-70.64063
-60.02777
-76.96414
-77.37321
-96.93242
-71.55726
-62.32626
-77.49317
-81.24386
-85.38903
-78.18232
-72.61043
-78.57805
-81.34083
-81.91897
-73.30537
-75.59680
-85.48498
-79.78135
-86.22320
-78.29757
-84.03129
-77.85993
-96.40350
-69.60612
-63.02317
-83.47135
-78.53014
-84.44352
-77.57747
-69.87049
-80.66728
-76.39117
-93.33736
-59.67630
-62.31198
-109.36871
-72.79288
-91.34817
-61.47390
-66.72822
-84.44713
-79.70912
-79.68424
-63.52985
-73.05822
-82.08335
-82.08347
-81.96798
-73.42939
-80.68298
-78.15532
-95.32837
-64.38519
-64.77270
-117.76552
-74.00978
-97.62020
-70.69165
-74.19298
-77.82470
-89.18351
-67.84716
-57.83433
-70.68337
-80.51204
-78.55799
-74.96062
-62.25825
-73.84606
-78.44202
-88.42659
-71.40141
-63.98647
-81.00511
-75.87025
-99.88975
-66.07164
-64.00546
-75.58678
-74.93114
-89.15865
-70.82982
-71.74007
-78.70898
-79.33469
-79.70952
-78.39904
-77.13475
-80.78690
-78.80623
-80.89073
-77.01971
-82.62417
-77.53456
-87.17718
-70.24261
-67.21235
-82.29938
-75.63200
-89.33406
-65.87318
-65.18502
-88.88336
-77.41650
-79.58308
-72.23800
-74.20650
-76.33789
-81.44766
-74.12240
-63.81204
-74.99249
-79.99442
-82.43445
-74.81560
-68.60989
-79.15768
-78.71042
-83.91737
-74.24107
-70.66655
-79.92234
-78.77419
-81.15567
-78.51148
-77.67437
-77.97989
-79.89261
-79.15845
-63.90029
-68.98266
-85.00345
-75.64916
-84.99623
-70.78531
-73.19061
-78.48796
-80.56973
-74.51843
-65.39342
-77.98605
-75.55981
-91.95768
-65.90639
-62.32381
-81.23765
-74.18477
-87.38572
-62.11877
-65.94929
-86.64560
-74.11086
-87.83921
-63.69931
-69.58091
-75.51089
-85.83879
-69.27925
-60.53328
-73.58368
-77.79632
-80.05287
-77.06027
-68.57933
-75.97892
-79.24548
-80.35632
-72.94013
-72.79925
-81.96718
-76.90401
-81.21294
-76.78301
-80.44333
-76.50411
-83.37286
-74.22140
-61.01085
-72.13471
-93.01775
-78.94087
-97.44106
-68.12391
-76.90915
-71.20555
-77.33621
-67.42774
-61.55165
-78.56111
-74.09120
-90.75020
-65.37528
-62.28718
-82.57686
-75.79574
-84.67992
-66.85493
-67.68528
-79.49459
-77.03308
-81.22196
-74.42826
-77.20265
-79.04168
-84.87419
-75.08458
-69.83518
-77.82514
-79.82462
-77.97422
-80.30820
-73.75649
-81.87418
-75.57247
-94.04905
-64.29313
-62.97212
-82.07719
-74.10803
-82.64395
-58.92532
-63.53524
-75.75734
-75.49897
-72.88223
-58.50766
-68.14876
-77.67677
-77.51896
-72.65843
-65.92442
-74.40255
-75.91019
-78.15511
-71.12274
-71.70559
-77.75771
-78.65582
-77.98358
-75.70664
-75.48397
-76.75444
-76.58868
-76.39430
-78.61166
-76.78077
-79.06169
-76.05037
-80.15487
-74.81089
-82.67783
-72.53702
-89.17651
-62.69927
-57.69254
-77.15295
-74.56069
-82.68143
-69.55167
-65.14334
-74.73425
-75.68437
-79.41985
-70.75079
-72.43442
-76.29433
-77.32367
-76.49774
-63.64950
-69.85591
-80.25138
-74.73786
-75.81581
-68.56562
-73.60654
-74.75772
-76.48443
-74.00682
-74.72897
-75.54278
-75.79449
-75.90669
-70.05518
-71.03587
-77.02276
-73.62803
-76.01828
-68.63713
-72.21502
-74.10883
-75.99027
-72.64723
-62.14541
-71.24196
-73.78818
-75.14411
-70.12979
-63.24593
-72.33513
-71.42343
-74.56004
-67.69848
-67.09613
-74.70675
-72.22046
-78.69997
-60.83296
-65.56607
-79.47981
-71.62038
-78.05362
-62.00676
-66.70177
-76.19307
-73.67458
-75.48220
-70.12873
-72.47642
-73.28022
-74.99052
-70.61105
-69.31640
-75.61548
-73.80653
-75.20717
-72.90568
-72.98246
-73.63695
-74.78449
-73.89429
-62.09788
-68.73153
-85.27142
-76.97940
-85.21621
-66.32969
-75.27788
-74.50513
-85.96018
-64.59362
-58.36542
-81.70149
-73.74058
-89.95025
-66.19193
-61.61356
-81.56965
-74.81646
-94.95282
-64.37719
-65.20560
-84.06655
-77.10289
-89.16594
-72.87081
-77.02963
-77.56057
-96.47180
-70.26108
-62.18550
-79.96678
-77.96081
-84.05318
-75.12455
-68.47125
-80.55157
-77.19970
-84.13621
-58.89290
-61.66102
-104.33332
-73.31781
-101.12277
-62.91540
-65.82772
-83.65798
-77.29407
-81.97553
-62.84276
-70.76339
-77.71387
-85.53119
-72.53124
-62.02051
-71.42464
-75.42585
-83.00655
-75.31296
-69.45881
-75.98472
-79.87450
-80.20748
-78.34882
-76.26173
-80.92200
-79.05318
-81.33553
-71.43774
-76.01340
-79.70990
-81.30802
-79.11956
-65.78648
-76.64019
-78.33430
-92.90533
-68.69065
-60.26652
-73.64912
-74.01013
-79.69528
-70.59643
-68.22884
-76.26576
-74.73551
-86.34519
-57.83402
-62.08070
-75.33456
-74.21686
-69.61689
-63.84362
-75.05474
-74.48688
-78.29716
-75.17245
-67.59572
-74.18699
-72.81655
-76.97337
-64.81685
-60.31710
-70.85033
-71.27177
-75.27748
-63.19986
-64.85468
-75.52663
-74.31976
-78.83833
-69.20609
-68.39671
-73.56426
-75.93108
-73.09860
-59.93269
-63.38293
-74.27963
-71.38818
-74.12180
-60.50777
-70.13720
-69.47111
-81.10072
-62.75373
-58.89766
-75.07296
-69.69440
-78.04400
-63.00420
-64.51658
-72.45463
-70.48718
-81.63070
-60.53508
-65.66541
-76.13322
-75.68484
-71.56950
-59.53289
-66.48437
-70.21845
-71.82728
-72.17009
-65.44130
-72.32686
-72.12722
-75.54367
-72.12651
-71.95908
-75.19652
-72.35319
-78.26413
-59.18292
-61.84233
-79.10668
-70.22543
-79.20185
-67.44106
-71.08324
-72.63654
-70.78879
-72.21420
-61.30021
-66.79440
-71.88790
-75.63755
-64.79616
-58.81353
-70.46278
-70.36462
-77.85190
-66.48059
-63.73294
-73.13964
-73.13876
-76.50745
-71.78542
-70.52963
-73.65954
-73.57082
-74.06507
-65.50459
-67.56891
-73.91314
-71.33621
-75.28233
-68.27741
-74.44586
-71.97550
-88.74911
-57.84966
-55.99318
-71.22387
-68.63015
-100.58106
-61.43534
-59.29671
-74.07215
-70.92606
-83.38785
-60.36406
-61.31635
-75.35467
-71.23222
-74.80606
-66.24402
-70.72981
-72.07736
-74.41352
-70.62481
-69.67118
-72.07714
-73.74505
-73.80652
-73.06785
-71.58080
-74.41083
-73.33769
-74.81876
-70.51917
-70.37971
-74.67964
-72.77192
-75.35575
-69.61728
-74.82738
-69.59963
-105.43357
-57.27648
-56.83538
-69.10643
-67.36035
-83.07173
-73.36145
-82.75768
-78.90847
-88.12337
-83.66906
-92.19084
-87.59545
-88.78746
-89.72000
-89.73256
-92.99326
-89.79864
-95.71547
-89.87346
-94.66472
-90.55477
-103.16151
-90.72421
-104.70279
-91.89152
-120.44944
-93.01824
-107.18296
-94.86017
-102.74461
-95.71069
-103.84074
-96.91638
-101.75506
-99.42081
-101.18265
-100.79698
-102.16592
-104.80759
-103.48577
-109.83980
-102.33896
-121.58980
-103.06354
-123.20803
-106.58812
-117.32070
-109.05069
-114.71036
-112.22517
-114.34762
-115.23727
-116.95040
