-97.28429
-82.14607
-75.92043
-76.83996
-77.24532
-78.25161
-77.67755
-78.80525
-79.01632
-80.97457
-81.57787
-82.92035
-83.01393
-83.49582
-84.65971
-85.51180
-86.03568
-87.86994
-87.39285
-93.02460
-80.17453
-73.59682
-74.58296
-74.94841
-75.38601
-75.81470
-76.84475
-78.75586
-79.58000
-81.27342
-71.79407
-69.15484
-72.30182
-74.18412
-76.49660
-76.04846
-77.38025
-77.36836
-80.52829
-77.31737
-71.77213
-72.56076
-73.05660
-73.33773
-74.19833
-75.71947
-78.03650
-77.95813
-79.97905
-72.90658
-69.83674
-73.60132
-75.04056
-76.38194
-76.88243
-79.11407
-79.68757
-82.93507
-79.28823
-70.59653
-70.62831
-74.26766
-75.83337
-76.56832
-77.08585
-78.68717
-78.78910
-83.27602
-73.33924
-67.12657
-69.65979
-71.75060
-73.77120
-74.28982
-75.06086
-75.92464
-77.04046
-78.64461
-72.41223
-72.06018
-72.49829
-73.61310
-73.74654
-73.94996
-74.65790
-75.63315
-77.63464
-77.89649
-77.63059
-78.09642
-79.13335
-79.96535
-80.77456
-82.02785
-82.75606
-84.42488
-85.14455
-72.34108
-69.32520
-70.87570
-70.96713
-71.58625
-71.68195
-73.85583
-74.74950
-76.97372
-73.74316
-65.65321
-66.38882
-69.24680
-71.17474
-72.47309
-72.30241
-73.54791
-74.04444
-77.40471
-70.11045
-67.52670
-68.95196
-68.97881
-69.65034
-70.48316
-72.60122
-73.84745
-74.74080
-73.74630
-66.71392
-67.12207
-70.55208
-71.36202
-72.83220
-73.20913
-75.44810
-75.93896
-79.83379
-70.77750
-65.94473
-68.18954
-71.07134
-72.13008
-72.73785
-73.82229
-74.99661
-76.27137
-77.50366
-65.64586
-63.72208
-67.19559
-68.56413
-70.89556
-70.31064
-72.09545
-71.92762
-75.16328
-72.21768
-68.03184
-68.48956
-69.14780
-69.93197
-69.70847
-70.54153
-71.05167
-73.00911
-74.13022
-74.10092
-73.58677
-74.53068
-75.58142
-76.58781
-77.13535
-79.07730
-78.34692
-83.46787
-74.99294
-66.10323
-66.10677
-67.23042
-67.19161
-67.82592
-68.38553
-70.73572
-70.93581
-74.04011
-65.39939
-61.04175
-64.03657
-65.97359
-68.21747
-68.20030
-69.37082
-69.56214
-71.83227
-71.43395
-64.29513
-64.14027
-65.11507
-65.42550
-66.18565
-67.19051
-69.68410
-69.90921
-71.48750
-67.14818
-64.76267
-65.81939
-66.51230
-68.62728
-64.02827
-64.15005
-65.46597
-65.97175
-66.57139
-62.51875
-62.20357
-65.31387
-66.87723
-67.81848
-68.50850
-70.12213
-70.78651
-74.27171
-67.78797
-59.57638
-61.15868
-63.89142
-65.67780
-66.67356
-66.83535
-68.17609
-68.72321
-71.39634
-65.56175
-63.93781
-64.59146
-65.14733
-65.80411
-65.64524
-66.84869
-67.32959
-69.67207
-67.48448
-60.06827
-61.28484
-64.72111
-64.58228
-65.10581
-66.13755
-68.36430
-68.10555
-70.51356
-64.05304
-61.21492
-62.40955
-62.80468
-63.48243
-63.73354
-65.38015
-66.75741
-68.34681
-67.58785
-58.86036
-58.47018
-61.94512
-63.42135
-65.30907
-64.55921
-66.27819
-66.65580
-70.72907
-64.70391
-60.47868
-61.68095
-62.06803
-62.82518
-63.43011
-65.23500
-66.94712
-67.59920
-68.33021
-59.59285
-57.44430
-59.90193
-61.38085
-63.88321
-64.67182
-68.67457
-68.76017
-75.71219
-63.47836
-56.42421
-59.00570
-60.60747
-62.11929
-62.99798
-63.67821
-65.52874
-66.22958
-69.61321
-58.30760
-56.64813
-60.63999
-62.35107
-64.71693
-64.32567
-66.42625
-66.09808
-69.23259
-65.60565
-59.60567
-61.45960
-63.07656
-64.38938
-64.79912
-64.97091
-66.36254
-66.24172
-71.07507
-58.86899
-57.34620
-62.84151
-63.65149
-64.53853
-64.29979
-66.96222
-67.53796
-69.33972
-67.87188
-61.90353
-61.36816
-62.73906
-62.97124
-63.75132
-63.98806
-66.71311
-66.29120
-71.88673
-59.15853
-55.07604
-59.59170
-61.30598
-63.99966
-64.49596
-65.62715
-65.80349
-67.29381
-69.57122
-61.66440
-60.38805
-61.92230
-61.74642
-63.01668
-63.63487
-66.60505
-66.17665
-69.85339
-62.30116
-56.23445
-59.78780
-62.46366
-63.94472
-64.76476
-66.17603
-67.65955
-68.70667
-71.41391
-58.91359
-57.98762
-63.23723
-64.35493
-66.49736
-66.27764
-68.25485
-67.66123
-72.72819
-66.25742
-57.02446
-58.87025
-62.26327
-64.13093
-65.63628
-65.39257
-67.05714
-66.38868
-70.40617
-61.31353
-59.22949
-62.78677
-63.93534
-64.92540
-64.24577
-65.72162
-66.15100
-68.36748
-68.12742
-59.98849
-60.00851
-63.98894
-64.04637
-64.62636
-65.44885
-67.96583
-67.72954
-70.37624
-65.44833
-60.88139
-62.12620
-62.87153
-63.40824
-63.81924
-64.98721
-66.85849
-67.71561
-69.04135
-59.89757
-57.85337
-61.06672
-63.01021
-65.16384
-64.70144
-66.31218
-66.24285
-69.61985
-66.34104
-60.73774
-61.46931
-62.03974
-62.41363
-63.27106
-64.71943
-67.03823
-67.00894
-69.09053
-60.86693
-58.14105
-61.97857
-63.36752
-64.71665
-65.22550
-67.29494
-68.09496
-71.25542
-68.18440
-60.55841
-60.92618
-64.52623
-65.68706
-66.73147
-67.35737
-69.15261
-69.10756
-73.85174
-63.35280
-57.67719
-60.52999
-62.57669
-64.96610
-64.95346
-66.23039
-66.54072
-68.46726
-68.11417
-60.24444
-60.72573
-63.07105
-64.13324
-64.94255
-64.78453
-66.24834
-66.48519
-70.36310
-64.84878
-59.12674
-61.86135
-64.36669
-64.15672
-64.83418
-66.35958
-67.87514
-68.40916
-69.49736
-62.95731
-61.14118
-62.77378
-62.80963
-63.85368
-63.72121
-66.51290
-66.05732
-71.23872
-61.98578
-55.12193
-58.73177
-61.43195
-63.29618
-64.88846
-65.21542
-66.10920
-66.47542
-69.97724
-63.32535
-60.56733
-62.04794
-62.04127
-62.90817
-63.51263
-66.07721
-66.63149
-68.91564
-64.91516
-56.74682
-58.82024
-62.30970
-63.40487
-64.81043
-65.48827
-67.75325
-68.15133
-71.64764
-63.90330
-60.10208
-62.53555
-65.09187
-66.37772
-67.00505
-67.90976
-69.07492
-70.26965
-71.37491
-59.57493
-58.22868
-61.72020
-63.21443
-65.40895
-65.05740
-66.67188
-66.62119
-70.07883
-66.47692
-62.61667
-63.46131
-64.01044
-64.87029
-64.82960
-65.53155
-66.68796
-67.78203
-70.08937
-61.24531
-59.32080
-63.63246
-64.18999
-64.52010
-64.88312
-67.54132
-67.71805
-69.74803
-66.63343
-61.53135
-61.73170
-62.72613
-63.21395
-63.67452
-64.49177
-66.67645
-67.36139
-69.83584
-61.62267
-57.64890
-60.65486
-62.66231
-64.91812
-64.75456
-65.97599
-66.39558
-68.73521
-68.05481
-61.22576
-61.10703
-62.20599
-62.23850
-63.13334
-64.12088
-67.00021
-66.90287
-69.77861
-62.26978
-57.14144
-60.45534
-62.34196
-63.95979
-64.95298
-66.73278
-67.99844
-70.20479
-70.01215
-61.45039
-60.53640
-63.77124
-65.68064
-66.60817
-67.18982
-68.83061
-69.23433
-72.68990
-66.03069
-57.65468
-59.22763
-61.87032
-63.79660
-64.84990
-65.71550
-66.47610
-67.94872
-68.35729
-57.83065
-58.26442
-61.34711
-61.38580
-62.81736
-62.09141
-64.38767
-64.10828
-69.05728
-61.53680
-55.87631
-59.97365
-62.61266
-63.34700
-64.30794
-65.08163
-67.42503
-67.80511
-70.25158
-62.55668
-59.47745
-61.36970
-62.28464
-63.67653
-63.26655
-65.48423
-65.97982
-69.98178
-63.97658
-54.76848
-56.88882
-60.91985
-61.60933
-63.56472
-63.85892
-65.77593
-64.85645
-69.43850
-59.97557
-54.99765
-56.49439
-57.24116
-58.29226
-58.76314
-60.36267
-61.46746
-62.35442
-62.86896
-56.50756
-57.07680
-60.92165
-61.96798
-64.09702
-64.57074
-67.33566
-66.04490
-72.60193
-60.87204
-55.46233
-57.91250
-58.71235
-59.92595
-60.43729
-61.27887
-62.12137
-62.89189
-65.15054
-57.42776
-55.95439
-60.59373
-61.79781
-64.41836
-64.04940
-66.25033
-64.97286
-68.61492
-63.14602
-57.07353
-61.72450
-64.25380
-64.10013
-63.57526
-64.32751
-65.76755
-66.76755
-69.66955
-62.18216
-58.92225
-62.55492
-64.27438
-64.62315
-65.20293
-66.85516
-67.58898
-68.91866
-68.14173
-60.28244
-59.84748
-61.99197
-62.77427
-63.48879
-63.74949
-66.15972
-66.74908
-69.73221
-63.21940
-57.47912
-59.88553
-62.56236
-64.42039
-64.95026
-65.64770
-66.20559
-67.69667
-69.29453
-61.65433
-60.60147
-61.93051
-61.97408
-62.98527
-63.70586
-66.30690
-66.70404
-68.87961
-64.05481
-57.20084
-59.46923
-62.06076
-63.18386
-64.81086
-65.74824
-67.83516
-69.03183
-71.99906
-62.39408
-60.10802
-63.16726
-65.62630
-66.25731
-67.12765
-68.41331
-69.41581
-71.50529
-68.59088
-58.03251
-58.27701
-61.78532
-63.43401
-65.18873
-65.12845
-66.98333
-66.65674
-71.54887
-58.45276
-57.22189
-59.97821
-59.49763
-60.38800
-60.03457
-61.70809
-62.59912
-64.98451
-65.26197
-59.65332
-59.11509
-62.66858
-62.94801
-63.32713
-64.60362
-66.67613
-66.33525
-68.39196
-63.86877
-59.24447
-60.86162
-61.83215
-63.25544
-63.06097
-64.80688
-66.13906
-68.38525
-66.98357
-55.70886
-56.43739
-61.26061
-62.04697
-64.73952
-64.16888
-66.08419
-64.88006
-69.73788
-62.42741
-55.35858
-56.39704
-57.44938
-58.05614
-58.59234
-59.81175
-61.63073
-61.90475
-63.47617
-57.41279
-56.64361
-60.60630
-62.14001
-64.12356
-64.54604
-66.75308
-67.05241
-69.90197
-67.06433
-58.87155
-57.80175
-59.21477
-59.84810
-60.70984
-61.13862
-62.41556
-63.06420
-64.90432
-61.47983
-57.31971
-59.70946
-61.72066
-63.73690
-64.00728
-65.65046
-65.60269
-68.18876
-66.27477
-57.33851
-60.38436
-64.56041
-64.14040
-63.79566
-63.72772
-66.03737
-66.28812
-69.83318
-64.06282
-58.95758
-61.55205
-64.44802
-64.51377
-65.27820
-66.44954
-67.67445
-68.14722
-69.45268
-61.16301
-59.42068
-61.62902
-62.36392
-63.27897
-63.69403
-65.71051
-66.61040
-69.24453
-65.31874
-57.96027
-59.25333
-62.15785
-63.87669
-64.86050
-65.12950
-66.53569
-67.00651
-70.30392
-62.72740
-60.43584
-61.81373
-61.95822
-62.74153
-63.55008
-65.78225
-66.88431
-68.16167
-66.28851
-57.74650
-58.51079
-62.03683
-62.75625
-64.90623
-65.55157
-67.69607
-68.38372
-72.73536
-64.00639
-59.96070
-62.43972
-65.30203
-66.23116
-66.93072
-67.96967
-69.29078
-70.21816
-71.41747
-59.10399
-57.76367
-61.30409
-62.74814
-65.25873
-64.80563
-66.72080
-66.10778
-71.30491
-60.49475
-57.05367
-60.77040
-60.52527
-62.39168
-62.07355
-63.67356
-64.38727
-65.97449
-66.05674
-55.89113
-57.49938
-62.42605
-62.27767
-64.13529
-63.92380
-66.27481
-67.15830
-70.30905
-65.58363
-59.63257
-60.14753
-61.98908
-63.02544
-63.38773
-63.99192
-66.14545
-67.10925
-69.56882
-56.38455
-54.85299
-60.03055
-60.56521
-62.55314
-62.94827
-64.82018
-64.02118
-66.72053
-63.90988
-55.90710
-55.86764
-57.38850
-57.74577
-58.62552
-59.53730
-61.42771
-61.45318
-63.61097
-58.62412
-55.88055
-59.70642
-61.40177
-63.50862
-64.18868
-66.27906
-66.50512
-69.27093
-66.39284
-56.06430
-56.55666
-58.78808
-59.27079
-60.42594
-60.72326
-62.02738
-62.26994
-65.41495
-60.66473
-55.86942
-58.71954
-61.65670
-63.47575
-64.40091
-64.90044
-65.79591
-65.84706
-67.28411
-57.86151
-59.13292
-64.40534
-63.93779
-64.01078
-63.73891
-65.72574
-65.65422
-69.16312
-65.35394
-59.19598
-60.76394
-64.28011
-64.18623
-64.94330
-65.89381
-67.63076
-67.61176
-70.11433
-62.16797
-59.06454
-61.03100
-62.19488
-63.25914
-63.29656
-64.91974
-66.31783
-68.32517
-66.55495
-58.23929
-58.39864
-61.56936
-63.02516
-64.80210
-64.58244
-66.29738
-65.96406
-69.67678
-63.84040
-60.42679
-61.62624
-61.71974
-62.59655
-63.19483
-65.22110
-66.78737
-67.30314
-67.87342
-58.64647
-57.93964
-61.89494
-62.37364
-64.33175
-64.73680
-67.19009
-67.62995
-72.22198
-65.46456
-60.03225
-61.69558
-64.99851
-65.98106
-66.88370
-67.44655
-68.84852
-69.41847
-72.25392
-60.92714
-57.45099
-60.87131
-62.26338
-65.28140
-64.55038
-67.06558
-65.57983
-71.57700
-62.21310
-56.60388
-59.51087
-59.37880
-60.07794
-60.00878
-61.02470
-62.34961
-63.56968
-66.27438
-61.67600
-58.72489
-61.16591
-63.26152
-63.34438
-64.05126
-65.69004
-66.33250
-67.16759
-66.54010
-60.03005
-59.98497
-61.63437
-62.28687
-63.33132
-63.39036
-65.85105
-65.90865
-71.49089
-57.93451
-54.60732
-59.64327
-60.97114
-63.22295
-63.43318
-64.51944
-64.46649
-66.24270
-66.96695
-56.93371
-55.47609
-57.07227
-57.54623
-58.75324
-59.10393
-61.27976
-61.30363
-63.64744
-59.85391
-55.85846
-59.11910
-61.37941
-63.03359
-64.19205
-65.51205
-66.98493
-68.08920
-70.02594
-60.99729
-57.65241
-58.77667
-59.70189
-60.28832
-61.01331
-61.77527
-62.90622
-64.08876
-63.87975
-57.78310
-58.37279
-61.50109
-62.72705
-64.45533
-64.29267
-66.24094
-65.96424
-70.23701
-58.86336
-58.08386
-63.94071
-64.11958
-64.31698
-63.58917
-65.35475
-65.64124
-68.36910
-67.21108
-59.75323
-59.97920
-63.99910
-64.09026
-65.09576
-65.63627
-67.76724
-67.31649
-70.40951
-63.64041
-59.14843
-60.78742
-62.22435
-63.05947
-63.08087
-64.79267
-66.44696
-67.43907
-68.09674
-59.24702
-57.89681
-61.00791
-62.67704
-64.57257
-64.44376
-66.32002
-65.58899
-68.95002
-65.32227
-60.32893
-61.16345
-61.84475
-62.30758
-63.10858
-64.53132
-66.85133
-66.67119
-69.06680
-59.98592
-57.32505
-61.16138
-62.29494
-63.95603
-64.59267
-66.73140
-67.60264
-71.23228
-67.57307
-60.53394
-61.16654
-64.68179
-65.91900
-66.82918
-67.16569
-68.78141
-68.93991
-72.47983
-62.86470
-57.69091
-60.66421
-62.63140
-64.87392
-65.08829
-66.19325
-66.45098
-68.62450
-67.68590
-59.84766
-59.95995
-61.24267
-61.41898
-62.14732
-63.58338
-65.59009
-66.70065
-67.09110
-67.82242
-67.97227
-70.05947
-71.81448
-73.00852
-73.46950
-74.63275
-75.56617
-77.67681
-76.68896
-61.06288
-60.49519
-64.17826
-64.12475
-65.33602
-65.01555
-67.72588
-67.38927
-72.26883
-63.72595
-57.14427
-58.62754
-59.41631
-59.92427
-61.70942
-62.54754
-64.46823
-64.68181
-67.19810
-60.95233
-57.74764
-60.84501
-62.62526
-64.64876
-64.70211
-66.05740
-66.56148
-68.98684
-67.22724
-58.68894
-59.64891
-63.22442
-64.44638
-65.81445
-66.28357
-68.68083
-69.27887
-73.60792
-64.12964
-59.82089
-62.54161
-64.50624
-65.51825
-66.33753
-67.68035
-69.02617
-70.26016
-70.63295
-59.22769
-57.91499
-61.45412
-62.86093
-65.04970
-64.46025
-66.71898
-65.73275
-71.40879
-60.92409
-56.19184
-58.19452
-59.33400
-60.40221
-61.44368
-63.98712
-65.26923
-66.92404
-67.07508
-66.57244
-66.96706
-69.33500
-69.77133
-70.92580
-70.97103
-74.07362
-72.87291
-82.35167
-65.53918
-57.01453
-59.00468
-61.13853
-62.62076
-63.43572
-63.84781
-65.52096
-66.29651
-69.89817
-58.80328
-55.55638
-59.12679
-61.42286
-63.11592
-63.70426
-65.43861
-66.22344
-69.60517
-67.71214
-61.55440
-62.27954
-62.59175
-63.96910
-65.57269
-67.37542
-69.80918
-70.58022
-76.05873
-64.25596
-60.72663
-62.35081
-63.01344
-64.87506
-65.38990
-67.01455
-68.36095
-69.96236
-69.96944
-67.53818
-67.35209
-69.63572
-71.62516
-72.25528
-73.62263
-72.71546
-72.61185
-71.74717
-72.90052
-71.48412
-74.01680
-73.76233
-75.51630
-73.21021
-74.49737
-73.91466
-75.80630
-71.32739
-57.59560
-57.89793
-60.83945
-60.99219
-62.07397
-61.94658
-64.59784
-63.50964
-68.60620
-60.81856
-55.84341
-59.86460
-62.15692
-63.15485
-63.54543
-64.36290
-67.00897
-67.31909
-69.69998
-61.83762
-59.12715
-61.67018
-62.34127
-63.34438
-63.40289
-65.42633
-65.68056
-69.16299
-63.04229
-54.73976
-56.83044
-60.05236
-60.44392
-62.15462
-62.81253
-64.10410
-63.60152
-67.49727
-59.39300
-55.10132
-56.30308
-57.13743
-58.45741
-58.80498
-59.85572
-60.38417
-60.57606
-60.27993
-55.46576
-56.70119
-60.01698
-60.89118
-61.78957
-60.51513
-62.57184
-61.62831
-64.32648
-58.40192
-54.06357
-56.19942
-56.74411
-57.81206
-58.61364
-58.93742
-59.48201
-60.29497
-61.85600
-56.21205
-55.59518
-59.06092
-59.98360
-60.96128
-60.87672
-61.99787
-61.50241
-64.45764
-60.75966
-57.04310
-61.66286
-62.77752
-62.30392
-61.68670
-62.66246
-64.51866
-63.98026
-65.08137
-57.44287
-57.52071
-62.36166
-63.18929
-64.90026
-63.94933
-66.21120
-65.60444
-66.96643
-65.74962
-59.92439
-59.91308
-61.91612
-62.18966
-63.28553
-63.64785
-65.97388
-66.38214
-69.18807
-61.90270
-57.23465
-60.15058
-61.83096
-64.57816
-64.38414
-65.73526
-65.66177
-68.52553
-66.86234
-60.12098
-61.09685
-61.52666
-62.11396
-62.86025
-62.82751
-66.30856
-66.67304
-68.77693
-63.93606
-57.07571
-59.69903
-62.23882
-63.64923
-63.28568
-63.97613
-67.60769
-68.85661
-72.12988
-61.90635
-60.13307
-63.22319
-65.62923
-66.29522
-67.11460
-68.31507
-69.19342
-71.40889
-67.92843
-57.79317
-58.59128
-61.90560
-63.71593
-64.39024
-64.42500
-67.02239
-66.56867
-71.30402
-57.79775
-57.22604
-59.88226
-59.45683
-60.32241
-60.05290
-62.06736
-62.52278
-65.51037
-64.74227
-59.10564
-59.28459
-62.60256
-62.95885
-63.22746
-64.42080
-66.66395
-66.19314
-68.36784
-63.82004
-59.51244
-61.21824
-62.34211
-63.15661
-62.99545
-64.60200
-65.71920
-68.34787
-65.93683
-55.36649
-56.48122
-61.23569
-61.78975
-64.40797
-63.56623
-65.60336
-64.53742
-68.69966
-61.35111
-55.34128
-56.23890
-57.04812
-58.08749
-58.20574
-59.18553
-60.95740
-61.52899
-61.43656
-55.98485
-56.27073
-60.06740
-61.40519
-62.73125
-62.25341
-63.41806
-62.62404
-63.45322
-61.15006
-56.38429
-56.12373
-57.45270
-58.03587
-59.07802
-58.91358
-59.51610
-60.20852
-61.07749
-58.30762
-55.72651
-58.02265
-59.92755
-61.81796
-61.14996
-62.19251
-63.00750
-64.88836
-62.84295
-56.99989
-59.61667
-62.72996
-62.52199
-61.75902
-63.24915
-64.67873
-61.81610
-64.53014
-60.49236
-57.57727
-61.46948
-63.17210
-63.70366
-62.98180
-64.60616
-66.33127
-66.85786
-67.67548
-60.14759
-59.08275
-61.26430
-62.32598
-63.00699
-63.07822
-65.66390
-66.41453
-68.72469
-64.38404
-58.08180
-59.54554
-61.84382
-63.18024
-64.54081
-65.04868
-66.44941
-67.73070
-70.80441
-63.39068
-60.73202
-61.68434
-62.04608
-62.93070
-61.92562
-64.85116
-66.69976
-67.84314
-65.96157
-57.75539
-58.78398
-61.94952
-62.76214
-64.47788
-65.32754
-67.44391
-68.69574
-70.49114
-62.93069
-59.96020
-62.55042
-65.35382
-66.26842
-66.36780
-68.04852
-69.45307
-70.66756
-70.58918
-59.15301
-58.02179
-61.56564
-63.28431
-65.14399
-64.92479
-66.94788
-66.28569
-71.30432
-60.08528
-56.98063
-60.91067
-60.37987
-61.90061
-61.91796
-63.87299
-63.73106
-65.46586
-64.69956
-56.41721
-58.12033
-62.25502
-61.92467
-62.63793
-62.09865
-63.98884
-65.10506
-66.84511
-63.94294
-58.79462
-59.98949
-61.26497
-61.90357
-62.61071
-63.05291
-64.42557
-64.73103
-66.07495
-56.04889
-55.25276
-59.29406
-59.39486
-60.40349
-60.16381
-62.11486
-62.18336
-64.56873
-61.45432
-55.41621
-55.27496
-56.34166
-56.74534
-57.55740
-58.39822
-59.47182
-59.53134
-60.33568
-55.87696
-54.84829
-58.69814
-59.71657
-60.84421
-59.64271
-60.46329
-60.37551
-61.44699
-60.35834
-54.43079
-54.42851
-55.39966
-55.72777
-57.32380
-57.50891
-58.52939
-58.91918
-61.51495
-58.34586
-55.04538
-58.05696
-59.37591
-59.72282
-59.57283
-60.38718
-61.07085
-61.84171
-61.87397
-57.31882
-59.44128
-63.27519
-61.30270
-60.95318
-60.42062
-62.05737
-61.72072
-64.85814
-59.89390
-56.00382
-60.79536
-62.69607
-64.30079
-63.13500
-63.60538
-65.01827
-64.37218
-65.79537
-60.75181
-58.84252
-60.57975
-61.47191
-61.85930
-62.37580
-63.53248
-64.80094
-66.46736
-64.77067
-57.78902
-58.63357
-61.17036
-63.47847
-63.86170
-63.46367
-65.02305
-65.08106
-68.38820
-60.89150
-59.88059
-61.64363
-61.70259
-62.81507
-62.63518
-65.02942
-66.70852
-66.68732
-66.82606
-57.48770
-57.20034
-61.00665
-61.68135
-63.60900
-62.70987
-66.39488
-66.52488
-71.63348
-64.88170
-59.78349
-61.99388
-64.90643
-66.24248
-66.98589
-67.67051
-69.27567
-69.67696
-72.05365
-60.36483
-57.28475
-60.89219
-62.28414
-65.01441
-63.47639
-67.12275
-65.46561
-71.96695
-61.67325
-56.11512
-59.34882
-59.29197
-59.60873
-59.53137
-60.55534
-61.57237
-63.17228
-64.27505
-59.88158
-58.00359
-60.87868
-61.72907
-61.89770
-62.55795
-63.57208
-63.84416
-64.75357
-63.47816
-58.94930
-59.70851
-60.98425
-61.30387
-61.27520
-62.44543
-63.46164
-63.14772
-65.27198
-56.84401
-54.75650
-59.36241
-60.72711
-62.22571
-61.62998
-62.58400
-62.63750
-64.32121
-63.78686
-55.76391
-55.33689
-56.58456
-56.97219
-57.61643
-57.98946
-59.99507
-60.25469
-60.97051
-57.01427
-55.16852
-58.10141
-59.78989
-60.92909
-60.10164
-60.67299
-61.09344
-59.84980
-60.68331
-57.02055
-55.23201
-56.48851
-57.35422
-57.85500
-58.09381
-58.64206
-59.43737
-59.99704
-58.55941
-55.75268
-56.18224
-58.00333
-59.10828
-59.48556
-59.57951
-60.80392
-61.41077
-61.83596
-57.36027
-57.45900
-60.25129
-60.51700
-60.69536
-60.38227
-62.08089
-60.79090
-62.29827
-61.94873
-57.36091
-59.06502
-61.59117
-61.32264
-60.81133
-60.63725
-62.98766
-63.68757
-65.34195
-61.01620
-58.23636
-59.55933
-60.55591
-61.20587
-61.63841
-62.68065
-64.06449
-64.92643
-64.95471
-60.17925
-59.79615
-62.44419
-62.82981
-62.53097
-61.78605
-63.34206
-64.05365
-66.54982
-63.08673
-60.19661
-61.19040
-61.26117
-61.77052
-61.12789
-61.94108
-64.41115
-64.50665
-66.66952
-59.50605
-57.45274
-60.64693
-61.76049
-62.91578
-63.08572
-64.46453
-64.83507
-67.01869
-62.69733
-59.58462
-60.99311
-64.04200
-66.13627
-66.24040
-66.87757
-67.97949
-68.23587
-70.50696
-61.83191
-57.96766
-61.45536
-63.28006
-65.46214
-64.37223
-65.45144
-64.99518
-67.76455
-63.16039
-55.57045
-58.59605
-60.71064
-60.01950
-61.80578
-62.50253
-64.23288
-63.69036
-66.89106
-58.26062
-56.87648
-62.52898
-62.16176
-61.88355
-60.81090
-61.04726
-62.59433
-63.22323
-63.04375
-59.61019
-58.78090
-61.42727
-61.50520
-62.62118
-62.20793
-63.24570
-62.62185
-64.55537
-59.03822
-53.77606
-57.05464
-58.90447
-59.56622
-59.50130
-59.89700
-59.84037
-60.86422
-61.38920
-55.16567
-54.62594
-56.42812
-56.62705
-57.32958
-58.35034
-59.02720
-59.08145
-60.23600
-57.44549
-54.26699
-57.32668
-58.41533
-60.40767
-58.78651
-56.43128
-59.85112
-59.54496
-60.32237
-55.45789
-54.46274
-57.09020
-57.11579
-58.39187
-59.12738
-58.50362
-57.98627
-59.86902
-59.57697
-54.83251
-56.01053
-59.06581
-59.18849
-60.05471
-59.97119
-61.68819
-59.77938
-62.26159
-57.48879
-55.48774
-60.52950
-60.41255
-60.92221
-60.28267
-62.15552
-62.46982
-62.16805
-62.03955
-56.62151
-57.71842
-61.62702
-62.22797
-61.94958
-61.66605
-61.61188
-61.48227
-63.98744
-61.67815
-58.87546
-59.86831
-61.59806
-61.94889
-62.48405
-63.50936
-64.99967
-65.44637
-65.97190
-59.11828
-57.40287
-60.48626
-62.05487
-63.87884
-62.49819
-64.61393
-63.53660
-67.54889
-62.40700
-57.16358
-60.65063
-61.52347
-62.27706
-62.92593
-63.38377
-66.64139
-66.10679
-69.55224
-59.65025
-57.02801
-61.63277
-62.08895
-65.14854
-60.83753
-62.67040
-67.22119
-68.25140
-68.53418
-60.56022
-60.72644
-63.82291
-65.62687
-66.32063
-67.16806
-68.76296
-69.25480
-72.94863
-63.95123
-57.01034
-59.72615
-62.06520
-64.66356
-63.90582
-65.14018
-66.32637
-67.51106
-68.09119
-55.82439
-56.87890
-60.15268
-59.40483
-60.00930
-60.07929
-61.75580
-62.40437
-64.76132
-62.65677
-58.54498
-59.68104
-62.13458
-62.46350
-62.36961
-63.14222
-64.65578
-64.39996
-65.78068
-60.86368
-59.09350
-61.00044
-61.87463
-62.40383
-62.48580
-64.19157
-63.65737
-67.96218
-61.29977
-54.53452
-57.51030
-60.52175
-61.13523
-62.23510
-61.87507
-62.74411
-62.68256
-64.31761
-56.39327
-53.99350
-55.61846
-56.12012
-56.90402
-56.61914
-57.30418
-57.42787
-58.12545
-57.64912
-54.42904
-56.17362
-57.90383
-59.21058
-58.45018
-56.05342
-59.26310
-59.60105
-60.83815
-57.74698
-55.35228
-56.27189
-56.49006
-56.93069
-57.36178
-57.97934
-58.52204
-59.76212
-58.73097
-56.11028
-55.37743
-56.97893
-57.20505
-58.65520
-58.61062
-59.57449
-60.62784
-61.36501
-58.96591
-55.19632
-58.89551
-61.53817
-60.54278
-60.41993
-61.02906
-60.96983
-60.90779
-63.42948
-58.75375
-57.88628
-60.74725
-61.06046
-60.94617
-60.59585
-63.01694
-63.30336
-64.23195
-62.30847
-58.07330
-58.47076
-58.99253
-58.89794
-59.89593
-60.71805
-62.06117
-63.29066
-64.79791
-61.55521
-59.05160
-62.49270
-63.74887
-64.61903
-62.48137
-61.97769
-62.66064
-63.65896
-62.64950
-57.66491
-59.62087
-61.30412
-61.50170
-61.97962
-61.27252
-64.16235
-63.14015
-64.50222
-59.71875
-56.38552
-59.41736
-59.66976
-61.22162
-58.83792
-58.99713
-63.15653
-63.84356
-63.66053
-59.51012
-59.44104
-60.95006
-62.57774
-62.79475
-63.21389
-64.13881
-63.87981
-64.20817
-61.43374
-57.32086
-58.61622
-61.02119
-61.52763
-62.23864
-62.41725
-63.45780
-63.58940
-66.24333
-57.35331
-56.73308
-60.61255
-59.61531
-61.35004
-60.98436
-63.09392
-62.26187
-65.69690
-61.03602
-55.64902
-58.90309
-60.80693
-61.32466
-61.80395
-61.70242
-63.50410
-64.56910
-64.75190
-60.68594
-58.23033
-59.56743
-59.71911
-59.79083
-59.73206
-60.67605
-61.19226
-62.86568
-61.96793
-54.95457
-56.13194
-59.15288
-59.19873
-60.33953
-60.02410
-60.79299
-60.20637
-61.57240
-56.30931
-53.31072
-55.26608
-56.10351
-56.89988
-57.32828
-58.15905
-59.88715
-59.58557
-59.32501
-54.47059
-55.30162
-58.19455
-58.30932
-59.38112
-55.71803
-58.11239
-58.94758
-59.91570
-57.21142
-53.57430
-55.05317
-54.88224
-56.02711
-57.35165
-58.08022
-58.80042
-59.85660
-61.76628
-56.34281
-55.34691
-59.14698
-59.08575
-59.50795
-58.96139
-59.59745
-59.36151
-60.60543
-59.48860
-55.01830
-59.28003
-62.63075
-61.57084
-61.72887
-62.04839
-64.41371
-62.31362
-63.19439
-57.30740
-56.99500
-61.62668
-61.64150
-62.75627
-61.97194
-63.27381
-63.70900
-64.23992
-64.45124
-59.60052
-58.72067
-61.27155
-61.80022
-62.36310
-62.96186
-64.27634
-64.61515
-67.69672
-62.79040
-57.12118
-59.55080
-61.09694
-62.76512
-61.97875
-62.66525
-63.95929
-64.45363
-65.35421
-57.97798
-59.27107
-61.91069
-61.55061
-62.69366
-62.04548
-65.93996
-66.15591
-68.77809
-63.42842
-56.29017
-59.41432
-61.16088
-63.27049
-62.15343
-60.23333
-65.99163
-66.86205
-72.24172
-62.86606
-59.97192
-62.86048
-65.39550
-66.39253
-67.16898
-68.49943
-69.21233
-70.96191
-68.78361
-58.41360
-57.91835
-61.72085
-63.25969
-64.89934
-63.76736
-67.12302
-65.33202
-73.23720
-58.84087
-55.23811
-59.14503
-58.79208
-59.08212
-58.94800
-59.80990
-60.87649
-62.73308
-62.41440
-58.79650
-58.38332
-60.65532
-61.14504
-61.53406
-62.49286
-63.70524
-63.62264
-64.07148
-62.11726
-58.93991
-59.19328
-60.60814
-60.57534
-59.58354
-61.01578
-60.88210
-61.05094
-60.88770
-55.25443
-55.26458
-58.59903
-58.67705
-59.28311
-58.45626
-59.48742
-59.83030
-62.34677
-59.12697
-54.00867
-55.15992
-56.16793
-56.46184
-56.66278
-57.31420
-58.92314
-58.77480
-58.22562
-55.35324
-55.00052
-57.24733
-58.66891
-60.21086
-57.37511
-58.63923
-59.82208
-59.94389
-59.40191
-55.49902
-55.92992
-56.58065
-57.35202
-57.83004
-57.69473
-57.55962
-58.53332
-58.70220
-56.69893
-55.32585
-57.27542
-58.08547
-58.70709
-59.49611
-59.12013
-59.80858
-59.49786
-59.95206
-55.69688
-56.96632
-59.16375
-57.66014
-58.18108
-58.93877
-59.59027
-58.30517
-60.37461
-59.21668
-56.72805
-58.91515
-60.02014
-60.11518
-59.19773
-60.14944
-61.00960
-61.84417
-63.68138
-58.60395
-56.84804
-58.30059
-59.24936
-59.40761
-60.04867
-59.73124
-60.19305
-60.52556
-60.84975
-57.56626
-57.36478
-59.09501
-59.91986
-59.95615
-59.36845
-60.14129
-59.59123
-60.45942
-57.25741
-56.62335
-58.46465
-58.91924
-59.73779
-59.06233
-59.64936
-60.09498
-60.30441
-60.24736
-55.42701
-57.21647
-58.91623
-59.15874
-59.29538
-56.90019
-60.41810
-61.61134
-61.78497
-59.18724
-56.96170
-57.40644
-59.03211
-58.92165
-59.52554
-59.17325
-59.07352
-60.02375
-59.86036
-56.71898
-54.97794
-57.03414
-57.26873
-58.13169
-57.44003
-56.99238
-58.32483
-58.77556
-58.40643
-57.72429
-57.66258
-59.52592
-63.13308
-62.88411
-64.19467
-63.87737
-64.15227
-66.83180
-63.40250
-64.63361
-67.10051
-68.14186
-68.83359
-68.53223
-68.79027
-68.17932
-68.79040
-67.63385
-66.77319
-68.65490
-68.36450
-68.34152
-68.81996
-68.85081
-70.35032
-69.82837
-72.86270
-68.36416
-69.35385
-75.20528
-73.17153
-72.96481
-72.72752
-73.48921
-72.50012
-73.94000
-75.62829
-70.92513
-74.67101
-78.34289
-80.17847
-75.44264
-69.90550
-75.56221
-69.26217
-73.95605
-70.73293
-69.83386
-71.53537
-65.85164
-73.22764
-74.03160
-78.02430
-76.03771
-75.33799
-79.62030
-75.47535
-79.89770
-86.01351
-81.16642
-81.85984
-85.88030
-83.19847
-88.63494
-79.44849
-91.18542
-67.19871
-69.02401
-84.07726
-78.96411
-92.11369
-78.33041
-78.14742
-92.16649
-76.07867
-61.74693
-61.10828
-62.29160
-63.57003
-64.43638
-64.99611
-66.11271
-66.52611
-68.93233
-69.07582
-70.88284
-70.41573
-71.69229
-71.65287
-72.76364
-72.24614
-76.91446
-73.97250
-85.51863
-62.79516
-56.64290
-60.93642
-62.86173
-63.27889
-63.92931
-66.48114
-67.74349
-68.78805
-68.33679
-62.02298
-61.74735
-62.81217
-63.32388
-63.83878
-64.36949
-66.33455
-67.33823
-69.65591
-65.18567
-60.54127
-61.47554
-61.99803
-62.75594
-63.40118
-65.11597
-67.27906
-67.13202
-68.86152
-60.84521
-59.16543
-62.00480
-63.83732
-65.41131
-65.95062
-67.93051
-69.13836
-71.02235
-71.26165
-71.65511
-74.20820
-74.52475
-75.64487
-76.33180
-76.85026
-78.77165
-78.17043
-85.21641
-63.78295
-58.66752
-60.73668
-61.49499
-62.41666
-63.16475
-65.61729
-66.43461
-68.23380
-66.25061
-60.18410
-61.21152
-62.52526
-63.50170
-63.93851
-65.17872
-65.95990
-67.29486
-68.84789
-65.76318
-68.68309
-70.62355
-70.69288
-72.57134
-70.46235
-73.44288
-75.32827
-76.50329
-74.66730
-58.31048
-57.67137
-62.34664
-62.62645
-63.45331
-64.26186
-67.62678
-67.21186
-70.18462
-64.34843
-60.92853
-62.17366
-62.70775
-63.58335
-63.49470
-64.95112
-66.33379
-67.73503
-68.14226
-61.03899
-60.23107
-61.96527
-61.80238
-62.95443
-62.93842
-66.23008
-66.51562
-68.61454
-65.37640
-59.04611
-60.22741
-62.94537
-64.31291
-64.98001
-66.05878
-68.51667
-69.56365
-71.17845
-71.92343
-72.75837
-74.34843
-74.84437
-76.27724
-75.92258
-78.47268
-77.14697
-83.61028
-72.61395
-59.95067
-59.94107
-63.53175
-64.51051
-65.62964
-66.40722
-69.92605
-69.39309
-75.63831
-64.74382
-59.45235
-60.95712
-61.80671
-62.68742
-62.89699
-65.19521
-66.80252
-67.89877
-67.71680
-68.02255
-70.43619
-72.48691
-73.42448
-74.43666
-73.58764
-78.76377
-75.50793
-90.38776
-66.42546
-56.68617
-59.65809
-62.70522
-63.00200
-63.69806
-65.51039
-67.68445
-67.87254
-69.74164
-62.60008
-61.25134
-62.59979
-63.05298
-63.48962
-63.62050
-65.99087
-66.77959
-68.87302
-66.51691
-60.87351
-61.29414
-62.11280
-62.65332
-63.03861
-64.09749
-67.30660
-66.84027
-69.54497
-61.83714
-58.61270
-61.96908
-63.64712
-65.03679
-65.17051
-67.45673
-68.15727
-71.30081
-68.19184
-62.00427
-63.23382
-64.20214
-65.90156
-67.28274
-68.07512
-70.64347
-70.38805
-75.83727
-64.25761
-58.89842
-61.76440
-63.55221
-65.22864
-66.06951
-67.60612
-69.28354
-70.68111
-72.27982
-60.85179
-59.50943
-61.40086
-61.67823
-62.41852
-63.36536
-66.01167
-66.16806
-66.73715
-66.43172
-67.66581
-70.91160
-71.41259
-73.30738
-69.97982
-71.77873
-78.29200
-75.08583
-86.34317
-60.30157
-56.90273
-61.69736
-62.76557
-63.47738
-63.88663
-67.07751
-67.59872
-69.38898
-67.18424
-61.60660
-61.82650
-62.78418
-63.41512
-63.50226
-64.39131
-66.61295
-67.20889
-69.50153
-63.45052
-60.59937
-61.89808
-62.14633
-63.07432
-62.65255
-65.77804
-67.16264
-68.07934
-67.40244
-59.37152
-59.50411
-62.82761
-64.40020
-65.29869
-65.60121
-67.89960
-68.26719
-71.74576
-65.28598
-62.18549
-63.76691
-64.43098
-66.60828
-67.16337
-69.32017
-70.36746
-72.32473
-72.39545
-60.70696
-59.52995
-63.05165
-63.78914
-65.90406
-66.01713
-69.07090
-68.75331
-74.31078
-65.55803
-59.32285
-60.48402
-61.46628
-63.22130
-63.22279
-64.88570
-65.79534
-67.58219
-68.49656
-68.51548
-68.97846
-69.66061
-70.47485
-71.62153
-71.43797
-74.59280
-74.02613
-79.71938
-68.42645
-56.19858
-56.92380
-59.39082
-60.26274
-61.24851
-62.48393
-64.92838
-65.20075
-67.74931
-62.43313
-60.65455
-61.45234
-62.26887
-62.89043
-63.08471
-64.59031
-66.07528
-67.17997
-67.33308
-61.25376
-60.44472
-61.83217
-61.89003
-62.81382
-63.46483
-66.38485
-66.10062
-68.86392
-62.50585
-58.28035
-59.59454
-61.11377
-62.52303
-62.95819
-63.86052
-65.35722
-66.97734
-68.35307
-69.08394
-70.61496
-71.67810
-72.32317
-73.89763
-73.80828
-77.30922
-75.43063
-81.58315
-69.17544
-59.24269
-59.61317
-61.44757
-61.85703
-62.72254
-64.26786
-66.70084
-66.69241
-68.64557
-60.66217
-59.23493
-61.36423
-62.37627
-63.26257
-63.37900
-65.49847
-65.57924
-68.54967
-65.81305
-66.54130
-70.03955
-69.78439
-71.57742
-71.22081
-71.16427
-75.96438
-73.20093
-83.87827
-60.86548
-55.43038
-58.38290
-59.41512
-60.85185
-61.15824
-63.85441
-64.58400
-66.59094
-65.34988
-60.44661
-61.03402
-61.65252
-62.68346
-62.96674
-63.25798
-65.19641
-65.91516
-68.38296
-63.16318
-59.44732
-61.21985
-61.32965
-62.28037
-62.42113
-64.39370
-66.31728
-66.52557
-67.61105
-60.08565
-58.99019
-62.43722
-64.80412
-65.76783
-65.90586
-68.62313
-69.85442
-70.95697
-71.05167
-71.16188
-72.80657
-73.04474
-74.56218
-74.11904
-74.77749
-76.54099
-76.28533
-79.28110
-62.57378
-58.76124
-62.71946
-64.31039
-65.61497
-65.46182
-68.78224
-68.73395
-73.06356
-68.39884
-58.99171
-58.94981
-60.04380
-61.12835
-61.17588
-62.85122
-64.57920
-65.61277
-66.98445
-66.71827
-68.51014
-70.97102
-71.83417
-73.18110
-72.82853
-75.69933
-76.79112
-78.04024
-75.22847
-57.59225
-56.88012
-61.49141
-61.69527
-62.66260
-63.45876
-66.46966
-65.91361
-69.25015
-62.74736
-58.13726
-59.35470
-59.87885
-60.60662
-61.34888
-62.99871
-64.75083
-65.44442
-66.82076
-62.16088
-60.20906
-61.65802
-62.04091
-62.97378
-63.56267
-66.34993
-66.86139
-68.75591
-65.02090
-58.36755
-60.26431
-62.74353
-63.59074
-63.79497
-65.01797
-67.01724
-67.71005
-70.14474
-63.07666
-62.20775
-63.30680
-63.94861
-66.22265
-67.24241
-70.00637
-70.02379
-72.71052
-68.45322
-59.49315
-60.30411
-63.55178
-64.60957
-65.97727
-66.03217
-68.83977
-68.27742
-74.92542
-62.52407
-57.97473
-59.60526
-60.61528
-61.21272
-61.45497
-62.62689
-63.71733
-64.97784
-64.69924
-65.86821
-68.29035
-70.06875
-71.83445
-71.48618
-69.51727
-76.56601
-72.79479
-83.18496
-64.64756
-56.06529
-59.07276
-61.65998
-62.11887
-62.77083
-64.67840
-66.21185
-66.76753
-68.15448
-59.91929
-58.40163
-59.99129
-60.22416
-61.05941
-61.59056
-63.97112
-64.75358
-66.37735
-64.99572
-60.31917
-60.77579
-61.51448
-62.46535
-62.32423
-63.69834
-67.07033
-66.41636
-68.98011
-60.80309
-58.28943
-61.17028
-62.51603
-64.03209
-64.22987
-65.09782
-65.75224
-68.11369
-66.39018
-62.30711
-62.68781
-63.20821
-64.30822
-64.78963
-66.02485
-68.32026
-67.04940
-68.45918
-62.41310
-58.63711
-61.10830
-62.52006
-63.55291
-64.24307
-64.65999
-66.14197
-65.92889
-68.98348
-60.37187
-61.95499
-73.62360
-71.50683
-75.79611
-71.58340
-75.99456
-77.79373
-80.32134
-76.83566
-72.27555
-74.72526
-74.47480
-77.45079
-72.11955
-72.84344
-79.64175
-75.20998
-77.46893
-64.60786
-61.61439
-65.64743
-67.18367
-68.23045
-70.61501
-71.02088
-72.17999
-71.99193
-71.86593
-70.15439
-70.47576
-69.91292
-68.50498
-67.50531
-68.73848
-70.91677
-68.53968
-71.60970
-60.84203
-61.14359
-68.86525
-66.95769
-67.15802
-64.56960
-66.91775
-65.58557
-65.12724
-63.41763
-59.02276
-62.31332
-62.55184
-64.47285
-62.09618
-57.73076
-61.65712
-62.06229
-62.91989
-62.75557
-62.19705
-64.08098
-63.74529
-64.07655
-64.08222
-64.10386
-63.41860
-64.13255
-64.08656
-61.03592
-60.36449
-62.34672
-62.26356
-62.48496
-63.40032
-64.59042
-64.01893
-66.28587
-64.22087
-58.91869
-64.10951
-66.65766
-66.63828
-66.25747
-66.49464
-68.83789
-65.88364
-65.25932
-59.80410
-63.67982
-68.14117
-67.95797
-71.16256
-66.34958
-69.16513
-69.10020
-70.15568
-67.75934
-61.41303
-63.03473
-66.87372
-67.70831
-69.60744
-71.68394
-73.96322
-74.12398
-75.55360
-70.19837
-71.59315
-78.33356
-76.30269
-80.42169
-70.28903
-73.43026
-74.15395
-83.65411
-68.33246
-59.68660
-68.81238
-74.33713
-77.68096
-75.54491
-68.48694
-82.69804
-78.71468
-119.35123
-65.90417
-61.45393
-66.45147
-66.20557
-75.34567
-63.63619
-62.85321
-74.61248
-74.72409
-85.11197
-75.00959
-79.90130
-81.33385
-88.11754
-88.31761
-84.90633
-89.65774
-87.42443
-100.76643
-74.57265
-63.10075
-66.25448
-71.41676
-71.68580
-71.16097
-72.14571
-86.76734
-75.44881
-87.59946
-61.03743
-60.23246
-69.27990
-67.18874
-70.70456
-69.24723
-73.12164
-73.26734
-79.73738
-73.95831
-70.32854
-78.74152
-81.22564
-84.60845
-79.38850
-76.01580
-84.56203
-78.09333
-85.21396
-66.78449
-61.43972
-65.30173
-67.52344
-69.37502
-70.71579
-72.74268
-73.08765
-73.74953
-71.71017
-67.28112
-70.68530
-73.18258
-72.70477
-71.11870
-68.56072
-71.27023
-68.93323
-72.38377
-62.81257
-61.08273
-69.28625
-69.15058
-70.74153
-65.41932
-66.40447
-67.80679
-65.58894
-65.73236
-59.51101
-61.31512
-62.73059
-63.42665
-63.73632
-58.54011
-62.21573
-63.05472
-62.60198
-61.49263
-61.06852
-63.23129
-62.70367
-63.72956
-62.91302
-62.75188
-62.07775
-62.03232
-61.09349
-59.73539
-59.04811
-60.06696
-60.70271
-61.24628
-61.28979
-62.52079
-62.57273
-62.71518
-62.59746
-57.88681
-60.39589
-63.76555
-64.17558
-64.87234
-64.92262
-65.16016
-62.59896
-64.43411
-63.92536
-64.88939
-66.91888
-66.42923
-67.88242
-64.56125
-66.39348
-70.42984
-69.82369
-70.44696
-62.13905
-61.90357
-66.10660
-66.64801
-68.61412
-69.86153
-71.42405
-72.65675
-73.26958
-72.18443
-70.95712
-74.58551
-74.51331
-75.80741
-70.93130
-71.99610
-74.52049
-76.37575
-77.69552
-60.93038
-65.50056
-76.64132
-74.84564
-78.25560
-65.77697
-76.61845
-76.08587
-89.04552
-67.73277
-60.04869
-65.84602
-65.86039
-74.22654
-65.20771
-61.65756
-75.71052
-75.08843
-75.14196
-72.87848
-79.16144
-83.63680
-86.46238
-85.42786
-75.78578
-85.72949
-84.88334
-109.47580
-78.43756
-63.69096
-64.61958
-71.59837
-70.76983
-74.72132
-74.05279
-83.41915
-75.15605
-90.39572
-64.41708
-59.51419
-67.43790
-66.98550
-69.35449
-67.93246
-69.79580
-71.38180
-72.61057
-72.31192
-70.36370
-71.10338
-70.43654
-71.41174
-70.20981
-67.19164
-68.28518
-69.33031
-70.13231
-66.00810
-61.22019
-63.52765
-65.43252
-65.78012
-66.39963
-67.02771
-67.50400
-67.47321
-67.28516
-66.28236
-66.35458
-66.41162
-65.46655
-65.56636
-64.91725
-67.41233
-65.98948
-67.80479
-62.47092
-58.57758
-63.50965
-63.76495
-63.40589
-62.89791
-63.35374
-64.16248
-63.15650
-63.78039
-59.15941
-60.52632
-63.56935
-63.01570
-64.27693
-57.99430
-59.68747
-61.88814
-60.95907
-61.61932
-59.59787
-60.79986
-60.27269
-60.97254
-61.28257
-61.88681
-62.33497
-61.82992
-63.22905
-61.35598
-59.79593
-61.74375
-61.61550
-61.81524
-62.88852
-62.82483
-62.89169
-62.77822
-64.45562
-58.18979
-59.72604
-63.99694
-62.52975
-64.35457
-63.38917
-66.43775
-64.72746
-66.47460
-61.51364
-60.90960
-67.40121
-66.88414
-70.41620
-67.08152
-66.84177
-68.69333
-66.69562
-68.19763
-62.59157
-61.41929
-65.59461
-66.92569
-68.10261
-68.62155
-71.28444
-72.17437
-72.76609
-70.29041
-68.05315
-72.71773
-71.56515
-72.67618
-68.82527
-68.42324
-71.61580
-70.68705
-72.86744
-60.60265
-63.21622
-74.74377
-71.57213
-78.50673
-68.52322
-72.89522
-73.49503
-76.90812
-72.35695
-61.12485
-64.71983
-65.98543
-70.73333
-68.15535
-60.69777
-68.86061
-72.18504
-75.46986
-72.78579
-71.45945
-76.66322
-76.42147
-80.53210
-79.12488
-83.54175
-82.37995
-86.79370
-83.08759
-65.06933
-63.64836
-70.60190
-70.67051
-72.81623
-69.93328
-84.73631
-74.37276
-92.21038
-65.98471
-58.09011
-64.82717
-65.86183
-66.10880
-65.22986
-65.35264
-66.08684
-66.58467
-66.78082
-65.17510
-66.63715
-68.49045
-68.18013
-68.50775
-67.98625
-69.17305
-68.80985
-69.18098
-67.70672
-61.74942
-62.24456
-65.58115
-65.89435
-66.31132
-66.73052
-66.47508
-67.08810
-67.71479
-65.67933
-65.22269
-67.39291
-66.42224
-67.77195
-64.76468
-66.30232
-65.78395
-67.00879
-63.69157
-58.49687
-62.51772
-64.18965
-64.12802
-62.20773
-61.39397
-63.43598
-61.75865
-62.38004
-59.33266
-58.71337
-60.98814
-60.46257
-62.17314
-57.36401
-58.10408
-60.77248
-59.75106
-60.24825
-58.75794
-59.95516
-59.86777
-60.95224
-61.04813
-60.98704
-60.22335
-60.21785
-60.77673
-59.36931
-58.55512
-58.39935
-58.31992
-58.38727
-59.00127
-60.03290
-61.53498
-60.95375
-62.58542
-58.53682
-57.52545
-60.37492
-60.01874
-61.59723
-62.17682
-62.68114
-61.53004
-61.85280
-62.51780
-62.62383
-64.49987
-63.68215
-64.32572
-63.48201
-63.24632
-65.59708
-66.04549
-67.37471
-62.71763
-60.12503
-62.21070
-63.08371
-62.80710
-64.08069
-64.16220
-64.94224
-65.67117
-65.62383
-64.61518
-65.06036
-65.79589
-65.12483
-65.52607
-64.81850
-66.16892
-65.68351
-68.65238
-61.32561
-60.36408
-66.79679
-65.90181
-68.05311
-63.93335
-65.87564
-67.89479
-66.45102
-66.96391
-59.21108
-61.78196
-64.33561
-64.92051
-66.27738
-59.69868
-63.88854
-66.73067
-65.30366
-64.98193
-65.57188
-67.80103
-67.35936
-68.65493
-67.19751
-67.38540
-67.48973
-66.66335
-67.27399
-63.04382
-61.96294
-65.73571
-65.04915
-66.18174
-65.09662
-67.24410
-66.37818
-68.22052
-62.59631
-56.82345
-60.35504
-62.06950
-62.74033
-62.68276
-63.44236
-64.89260
-65.51425
-67.02926
-63.24086
-64.11224
-65.68021
-65.79595
-67.46729
-65.90549
-67.16754
-68.82616
-68.47201
-67.06052
-61.15987
-61.26134
-64.05035
-64.32120
-64.55003
-65.28956
-66.21704
-66.60131
-66.89603
-62.50521
-59.71057
-61.68149
-62.01894
-62.12985
-62.05060
-63.50353
-63.50459
-64.15833
-63.18058
-55.38312
-55.31711
-56.96123
-56.89859
-57.83262
-58.24616
-59.90736
-59.68181
-60.68658
-59.45169
-57.59444
-60.68306
-60.66261
-62.30838
-59.42843
-57.66313
-61.59079
-60.31723
-61.86400
-58.06814
-56.05231
-56.44766
-56.04990
-57.28387
-57.39935
-57.64342
-58.09713
-59.61589
-59.66697
-58.12042
-58.87710
-60.49169
-60.96651
-61.75232
-61.42697
-61.85578
-61.08455
-63.22704
-59.15453
-57.67765
-63.46395
-62.44083
-63.74133
-63.17454
-66.53210
-66.12395
-66.00367
-62.80000
-58.87940
-64.04301
-64.63601
-66.13350
-66.04651
-63.86990
-65.77218
-66.52738
-68.62416
-64.53745
-60.08070
-62.06939
-64.70797
-65.37653
-66.25236
-67.07204
-69.08364
-68.68346
-70.41943
-63.89067
-63.53828
-66.95156
-68.21423
-69.38429
-66.01357
-68.71522
-67.43204
-71.06572
-62.82070
-59.57451
-65.80427
-65.84004
-68.28380
-66.26216
-66.35677
-71.09433
-69.31684
-74.32780
-61.67380
-60.83931
-65.08994
-65.17213
-70.13633
-61.65534
-64.98052
-70.76488
-73.01807
-72.71885
-64.76878
-66.31405
-68.77882
-71.32808
-71.06610
-73.07629
-74.42398
-75.81686
-79.52227
-66.62489
-60.90089
-65.18304
-66.67492
-69.48349
-67.33034
-71.13657
-71.36372
-74.92153
-70.29891
-56.51637
-58.46775
-60.56577
-59.94005
-60.61598
-60.95327
-62.34965
-63.77059
-65.87656
-62.29326
-61.48211
-63.60353
-64.60903
-65.10350
-64.58386
-65.95672
-66.60717
-66.30830
-68.00393
-62.41425
-60.99777
-63.57560
-64.67100
-63.88366
-64.51560
-65.14945
-64.65345
-65.16408
-62.04091
-58.53242
-61.43979
-62.87665
-62.78517
-62.59238
-62.16235
-63.32600
-63.56442
-65.78212
-55.91196
-54.54109
-56.69786
-56.57908
-57.67368
-57.39604
-59.23840
-61.08557
-61.43049
-59.43529
-56.53468
-58.37986
-60.05297
-62.36000
-60.37066
-57.81087
-61.78433
-61.12756
-62.51911
-58.49782
-56.60118
-57.51472
-57.70935
-58.77969
-59.18041
-59.15803
-58.68485
-60.09504
-59.12753
-57.68572
-57.67723
-59.76732
-60.32052
-61.42847
-61.18599
-61.76649
-61.39018
-62.11773
-60.14134
-56.85460
-59.44943
-59.16527
-58.90417
-59.50844
-59.89701
-59.77268
-59.96043
-61.23523
-59.82880
-61.10226
-62.24856
-61.44779
-61.04417
-60.21563
-61.18437
-61.17236
-62.59402
-61.85589
-58.21593
-58.30414
-59.76731
-59.23805
-59.59951
-60.67097
-60.98254
-61.73520
-62.22784
-61.51232
-60.14832
-60.43391
-60.70085
-61.07098
-59.55848
-60.36833
-60.43181
-60.59345
-59.16047
-56.59526
-59.55525
-60.58020
-61.13351
-61.30514
-60.68331
-62.84730
-61.76031
-63.42368
-58.89149
-57.46133
-59.71803
-58.90260
-60.41420
-57.31513
-58.86368
-61.96332
-61.19802
-60.35022
-58.75396
-60.03806
-60.80068
-61.39009
-61.96148
-62.61100
-61.49327
-61.23235
-61.84765
-60.23674
-57.81701
-58.83304
-59.50992
-60.31472
-59.82093
-59.70883
-59.68958
-59.03819
-60.37970
-56.19623
-57.24311
-60.50959
-60.36116
-60.95595
-60.56193
-62.41377
-62.87250
-65.15265
-62.24906
-59.60797
-61.92367
-63.25484
-63.39325
-63.14726
-62.70835
-64.03184
-65.05891
-65.92426
-62.34483
-59.85002
-61.40136
-61.78806
-62.27525
-62.73586
-64.11738
-65.07209
-66.07519
-64.20687
-58.51876
-60.00063
-62.17299
-62.02296
-62.32185
-62.14231
-63.80525
-63.15114
-66.93263
-57.93243
-54.66501
-57.10233
-57.66697
-58.76066
-58.48769
-58.88086
-58.95594
-59.07214
-58.99022
-55.92925
-57.80029
-59.66632
-60.52646
-60.99517
-56.78226
-59.64147
-60.08932
-60.60992
-59.43122
-56.06985
-56.66436
-56.70769
-57.90033
-58.49757
-59.38853
-59.33192
-60.73137
-61.57316
-57.86493
-57.80583
-60.08116
-60.27350
-60.31663
-60.11129
-61.15943
-61.06371
-62.19941
-60.57995
-56.83471
-62.07751
-64.64219
-63.36619
-63.42216
-63.79358
-65.89429
-64.39613
-65.83286
-58.75659
-59.98965
-64.94992
-63.57031
-65.19554
-62.99109
-64.08757
-64.21378
-63.71761
-64.38460
-60.08428
-60.17995
-63.72959
-64.25829
-65.49721
-65.87083
-67.06562
-67.34395
-69.75053
-64.97017
-61.53934
-65.20212
-66.27344
-69.08331
-66.44512
-68.13502
-68.29978
-70.43314
-67.97408
-58.93555
-62.54413
-65.56545
-65.81448
-66.83292
-64.34678
-69.16686
-68.45072
-72.06357
-64.69732
-58.82179
-63.08984
-63.63409
-68.08596
-63.37023
-61.65739
-69.45291
-69.55358
-76.53413
-65.37081
-64.53435
-67.91543
-70.03177
-70.97407
-71.22355
-73.37161
-73.20977
-77.53905
-70.39196
-60.26281
-61.80389
-64.90175
-67.06126
-68.34336
-67.20297
-72.95019
-69.30746
-81.07730
-58.79179
-56.39552
-60.66679
-59.46682
-59.73666
-59.81238
-60.90051
-61.93412
-63.90914
-62.45982
-60.38666
-61.27872
-62.21618
-62.92810
-62.77025
-62.59576
-63.68511
-63.48490
-64.69188
-62.47243
-60.14349
-61.48048
-63.27544
-63.32628
-63.61453
-64.76302
-64.36603
-65.62017
-64.61184
-57.99021
-58.93667
-62.19017
-61.53222
-62.34090
-61.68790
-63.42813
-62.48947
-65.90039
-58.73606
-54.31990
-56.19925
-56.78729
-57.14579
-57.11088
-58.09389
-60.24870
-60.13062
-60.57922
-57.09736
-57.38175
-59.92419
-60.24925
-61.36597
-56.93298
-59.40843
-60.17937
-60.10653
-58.72975
-55.69520
-56.69214
-57.00659
-57.81928
-57.54548
-58.34310
-58.14711
-59.27020
-59.56265
-57.85289
-57.08036
-58.67257
-59.68436
-60.47397
-60.77393
-61.18108
-61.36738
-61.36398
-61.39076
-55.98940
-57.69917
-60.19642
-59.52825
-59.83359
-60.22893
-61.13370
-60.33255
-62.36015
-60.39503
-59.68741
-61.62837
-61.37578
-61.75449
-61.06606
-61.56144
-63.30174
-64.55494
-65.58112
-59.98657
-58.22393
-60.80833
-61.63943
-61.23379
-60.44883
-61.05992
-63.02680
-63.04562
-62.98432
-60.03192
-60.15991
-61.27277
-61.71984
-60.98351
-60.94892
-62.22248
-61.75396
-63.03206
-58.40530
-58.65301
-61.90180
-61.78305
-62.97049
-61.79697
-64.08807
-64.77503
-65.53089
-62.60959
-57.11306
-59.50141
-59.71162
-61.40865
-59.99038
-57.72522
-61.64377
-61.71686
-62.42805
-60.59627
-60.65970
-61.84532
-62.22257
-62.40081
-63.19272
-63.06387
-62.57625
-62.67374
-62.51270
-59.52455
-59.34782
-61.28764
-60.78229
-61.11788
-60.33071
-61.84637
-60.52589
-62.30959
-57.75742
-55.50105
-60.22507
-60.36104
-61.05071
-59.73780
-60.74105
-62.00713
-63.81158
-65.16165
-59.12753
-60.44415
-63.23995
-64.16446
-64.20790
-62.68500
-65.30038
-65.83745
-66.02346
-64.20496
-60.14237
-61.18810
-62.88610
-63.06420
-63.74461
-63.83433
-63.88330
-64.20638
-64.01866
-58.03124
-56.84374
-60.41754
-60.20526
-60.67824
-61.05693
-62.98831
-62.66372
-65.69340
-61.55679
-54.98623
-56.78590
-57.92967
-58.31540
-58.73595
-59.40580
-60.34805
-59.61937
-61.53388
-57.31271
-55.89341
-59.14585
-59.58133
-61.90021
-57.93780
-58.48062
-60.87013
-60.32811
-60.92401
-55.39728
-56.00374
-56.57064
-56.70392
-57.89004
-57.89352
-58.47682
-58.15364
-60.33173
-58.56353
-56.14578
-58.47730
-59.71525
-60.14003
-59.82473
-60.26049
-60.65221
-60.85620
-62.93648
-56.25577
-57.81675
-63.11468
-61.03147
-62.25154
-61.32779
-63.90524
-62.58367
-63.49799
-59.65376
-56.53896
-60.80420
-61.70161
-64.24080
-63.99212
-63.68143
-66.08399
-63.32714
-64.75955
-60.34164
-58.54874
-61.31186
-62.09940
-63.52408
-64.62131
-65.35221
-65.09681
-66.75206
-66.42003
-59.57458
-60.33650
-62.73957
-65.01521
-65.89365
-64.77775
-67.43415
-67.51789
-72.65046
-60.17832
-58.86009
-63.78455
-62.77609
-64.80019
-63.58680
-65.68826
-65.79211
-66.26202
-68.99043
-58.44476
-60.05523
-63.08444
-64.53306
-66.30042
-60.45174
-66.26616
-66.31509
-70.66030
-66.16362
-61.00997
-63.74815
-65.98923
-67.51787
-68.21904
-69.65163
-70.56156
-71.41027
-73.56113
-61.50092
-58.10345
-62.26889
-63.30956
-66.23326
-64.47205
-68.62516
-66.52224
-73.44714
-62.73812
-55.22166
-58.83791
-59.53572
-59.43560
-59.59311
-60.26101
-61.29297
-63.05254
-64.83765
-60.81820
-59.28265
-61.23417
-62.45969
-62.56979
-62.30666
-64.17285
-65.01611
-65.32398
-65.27479
-59.92417
-59.89076
-62.21223
-62.98731
-63.18620
-63.32359
-64.41341
-64.06475
-67.53258
-57.89210
-55.08352
-59.95777
-60.60913
-62.53424
-61.51885
-61.98990
-61.69030
-62.77673
-62.26117
-54.34964
-54.06396
-56.06732
-56.51922
-57.17325
-57.49412
-60.28134
-60.68631
-61.02792
-57.36870
-54.87626
-58.38332
-59.26557
-61.01647
-58.32664
-58.14937
-60.52477
-59.28032
-60.87155
-57.01045
-55.77776
-56.80038
-57.80381
-58.31815
-58.84553
-58.62967
-58.81583
-59.21061
-57.58221
-55.26186
-56.25103
-58.13744
-58.97691
-59.94145
-60.11149
-61.28720
-60.46400
-62.06271
-56.22076
-56.30152
-59.85473
-58.04546
-58.66341
-58.83980
-60.44414
-59.36316
-60.38487
-61.12940
-56.81912
-57.80463
-59.41849
-60.00658
-59.22028
-58.85450
-61.34889
-60.63917
-62.68786
-59.72028
-56.49796
-57.19374
-58.78982
-59.23912
-59.64825
-59.81242
-60.46384
-61.61091
-62.01107
-57.43343
-56.00719
-57.59060
-58.17830
-58.82978
-57.54154
-58.88194
-58.77147
-60.62615
-58.20912
-55.68305
-58.16532
-58.66434
-59.25252
-59.79161
-61.00311
-62.85571
-61.98801
-63.33008
-55.74133
-54.09384
-56.38050
-56.42066
-57.69887
-56.22138
-58.76036
-60.62039
-61.64913
-58.91418
-54.99416
-55.93611
-58.05982
-58.59752
-59.42239
-59.42361
-59.40389
-59.72137
-60.62973
-55.95750
-53.41450
-55.90396
-56.53122
-57.47749
-56.95062
-57.36482
-57.72323
-58.21985
-59.56539
-59.67081
-60.08876
-59.86222
-59.69818
-60.52823
-61.50346
-61.35064
-61.03892
-60.67804
-61.25362
-60.33533
-59.98401
-59.71362
-59.76463
-59.89239
-59.90919
-60.36055
-60.45580
-59.44203
-58.38888
-58.58026
-59.51384
-60.08285
-60.10994
-59.92653
-58.80874
-58.28055
-59.27940
-60.04300
-59.60871
-58.89910
-58.92602
-59.73781
-59.66627
-59.10508
-59.80230
-60.40394
-60.46517
-60.49638
-60.81640
-61.74503
-61.47352
-61.55873
-61.48955
-60.32566
-59.56400
-59.89571
-60.75988
-60.95212
-60.44504
-59.78100
-60.67205
-59.74891
-58.78224
-59.16044
-59.31789
-60.65192
-59.40388
-59.27955
-60.74416
-59.22426
-58.51825
-60.09869
-58.85583
-57.82752
-57.28261
-57.06588
-58.41699
-59.16275
-59.43597
-58.63767
-58.33480
-58.56740
-59.41411
-56.35273
-55.80170
-58.03291
-58.04393
-58.88791
-58.97955
-58.39690
-58.18144
-58.75869
-59.33234
-60.33477
-61.76218
-62.66568
-62.24891
-62.08711
-63.30431
-63.17449
-63.00980
-64.38110
-64.26512
-63.27900
-64.72000
-66.41707
-66.06070
-66.27299
-66.67229
-65.28468
-64.81028
-65.48734
-66.27257
-66.26985
-66.47408
-66.93741
-68.49719
-69.01061
-68.66398
-69.97036
-69.32604
-68.61774
-69.45987
-71.50454
-71.87844
-72.17670
-71.00251
-71.58405
-73.39793
-74.56280
-74.04941
-73.03910
-73.09644
-73.02058
-74.14041
-76.12377
-77.59919
-77.52837
-77.74308
-75.19311
-77.33267
-83.15696
-82.11114
-81.09521
-80.78568
-81.54376
-82.12955
-79.01096
-81.42521
-81.93213
-82.83619
-80.89992
-84.65523
-87.94706
-87.37372
-84.34439
-84.34141
-84.95384
-83.66186
-84.55333
-82.73832
-87.83408
-68.97382
-72.24296
-89.00798
-79.78220
-86.32283
-76.28259
-77.22197
-79.72660
-81.26693
-78.88870
-76.47314
-79.98290
-77.78168
-81.61137
-74.36389
-72.64728
-81.17098
-78.04714
-80.21226
-77.35079
-77.52781
-77.91126
-78.64805
-79.51207
-78.40578
-79.28204
-78.39365
-79.67882
-77.97131
-75.58632
-77.77182
-78.94949
-77.19064
-78.18185
-77.08513
-79.41326
-77.23033
-82.26265
-72.58879
-71.91636
-80.50729
-77.16357
-78.11608
-70.27226
-72.74479
-78.11839
-76.42353
-78.57452
-72.93962
-78.30118
-77.83650
-80.89672
-72.79224
-68.49896
-78.69378
-75.39432
-79.57602
-73.57969
-70.12759
-78.91349
-78.25019
-79.80246
-77.74599
-77.42503
-78.43874
-77.95638
-78.60500
-74.62980
-76.58282
-78.90759
-78.32520
-77.84165
-77.99473
-77.61760
-76.60108
-78.41893
-74.21995
-71.51496
-78.99608
-77.18170
-78.04635
-76.81462
-76.27271
-76.76438
-76.13883
-81.61041
-62.75932
-66.68324
-79.47875
-73.59690
-80.98136
-69.61053
-73.91238
-77.08189
-79.35221
-75.85024
-71.74943
-76.80961
-77.43947
-78.06573
-78.81588
-76.29628
-77.58174
-77.50318
-77.49169
-70.73402
-72.25155
-79.25097
-74.70093
-79.83654
-75.16005
-77.57670
-75.96408
-80.09578
-70.08024
-64.49997
-75.03913
-74.89722
-76.75721
-74.13288
-68.48804
-75.42494
-75.97296
-78.11392
-72.95181
-71.25633
-78.24816
-74.77274
-79.29688
-69.12645
-67.54908
-73.75077
-74.72181
-78.36787
-73.48456
-75.16448
-76.06316
-76.46268
-76.01175
-77.43689
-76.76259
-76.19518
-76.63405
-77.53297
-76.20226
-77.31264
-77.37285
-78.49350
-72.92684
-71.97511
-77.93715
-74.02665
-81.06063
-66.57432
-68.26092
-87.38953
-76.03655
-78.07291
-74.33119
-78.07046
-77.03964
-81.15397
-74.68145
-69.27623
-77.86869
-78.37438
-80.51414
-77.60708
-74.23823
-79.15956
-77.12727
-80.01083
-72.98113
-72.15908
-78.68872
-76.87963
-79.28238
-77.88344
-78.47960
-77.86134
-79.22267
-77.77990
-69.70556
-74.25828
-80.15361
-77.39383
-79.49066
-75.92478
-77.50672
-76.71685
-79.46087
-74.14539
-72.31944
-79.46787
-77.01535
-80.65888
-71.98839
-71.88296
-78.22382
-76.50113
-78.63615
-70.11376
-74.10971
-79.09721
-77.17422
-79.03780
-70.35849
-75.75605
-75.94605
-81.13430
-72.07978
-67.11858
-77.88409
-76.49154
-79.70259
-76.40388
-74.13723
-76.61205
-77.73876
-77.33250
-74.73303
-75.85063
-80.43890
-76.96541
-77.72719
-77.94746
-79.07208
-77.94514
-78.79330
-75.86155
-65.87924
-75.20158
-79.49736
-78.44895
-80.13312
-74.25944
-76.84084
-67.72215
-70.81381
-68.79986
-69.26565
-77.63875
-74.10795
-78.44772
-70.70171
-70.99644
-78.07568
-76.47381
-77.98435
-73.16230
-75.26672
-76.33273
-76.37398
-77.17616
-76.06173
-77.17709
-76.68277
-78.20622
-75.47354
-74.87606
-77.96806
-77.50400
-76.33672
-77.21474
-76.09000
-77.26774
-75.33891
-78.55917
-69.77523
-71.53648
-77.64136
-74.93822
-76.16877
-65.82191
-72.07053
-75.24565
-76.09589
-72.20184
-65.99296
-74.31008
-75.46742
-76.27308
-74.77374
-71.87196
-75.26186
-75.65742
-72.42070
-71.10362
-75.04910
-75.68064
-76.13849
-74.44619
-72.60787
-74.56944
-75.79725
-75.08166
-74.94755
-75.08583
-74.90044
-76.35385
-75.33895
-76.67405
-74.35935
-77.20384
-73.29900
-84.13639
-66.50176
-64.74600
-82.14996
-75.65221
-81.62093
-71.13321
-71.95710
-77.30590
-77.30173
-77.85668
-73.92307
-76.35528
-76.82965
-78.42238
-76.62792
-71.19231
-76.53668
-76.97405
-77.47087
-73.19810
-70.28963
-76.25005
-75.87070
-77.41698
-75.19881
-76.11991
-76.94905
-76.87356
-76.60220
-73.34736
-74.65666
-75.81675
-75.44121
-74.88798
-68.96191
-73.65080
-74.57575
-76.17387
-72.49669
-67.18351
-75.34350
-73.61053
-75.72943
-71.31894
-69.27032
-74.41017
-72.89040
-74.87935
-68.21711
-70.73137
-74.37883
-73.64099
-74.75383
-65.96318
-70.96572
-74.08805
-73.42302
-73.97310
-68.42625
-72.44700
-74.06131
-73.97733
-73.24500
-72.99772
-73.77905
-73.44869
-74.22365
-71.75860
-71.32732
-75.01553
-73.13855
-74.23118
-73.32983
-74.33576
-73.96319
-74.30036
-74.16006
-64.83725
-71.93746
-79.52194
-74.95654
-75.86261
-69.36497
-75.72653
-72.34493
-84.03885
-65.82991
-62.41068
-74.79931
-72.71394
-77.92287
-71.77262
-70.04712
-74.78588
-73.60480
-75.72794
-68.40919
-70.19767
-74.96248
-74.03808
-76.70918
-74.00059
-75.68033
-76.00720
-77.10784
-72.59992
-69.96696
-76.54971
-74.39736
-77.48520
-71.31326
-69.57178
-75.05513
-74.79702
-74.23987
-64.58149
-68.18342
-77.39249
-73.00404
-77.38279
-67.56314
-70.49000
-74.68503
-75.09719
-73.83728
-67.28512
-74.55695
-73.64303
-78.55907
-71.47777
-65.17209
-70.37921
-72.90556
-75.57885
-72.78457
-72.92936
-75.75211
-75.14385
-75.78124
-74.82926
-74.83044
-73.95726
-74.04034
-73.78362
-71.22618
-73.84394
-76.26066
-75.55525
-75.11456
-69.78121
-76.85899
-73.87619
-79.88341
-67.11426
-61.17818
-76.88233
-72.49199
-76.39539
-70.20151
-71.26752
-74.62750
-73.77651
-76.20610
-60.18679
-64.69810
-73.48681
-72.81273
-70.47554
-67.53292
-74.42326
-73.38087
-75.06085
-72.39014
-66.93289
-74.53518
-70.21841
-78.63423
-62.90386
-60.01886
-71.79972
-70.85260
-71.25089
-65.70939
-69.93968
-73.35592
-72.98178
-75.05110
-68.01695
-70.84790
-71.56896
-75.55127
-68.90754
-56.97859
-62.69076
-71.74691
-69.59631
-73.57406
-66.89412
-74.56377
-69.72929
-78.88710
-63.26866
-62.54549
-73.59285
-70.62502
-74.96158
-65.16388
-67.71565
-73.00219
-71.10870
-74.57110
-65.33557
-71.22128
-72.01732
-73.66857
-70.02015
-63.15533
-70.23536
-71.62255
-72.02479
-69.13418
-65.47971
-72.09664
-71.13047
-72.91084
-71.53350
-72.53144
-72.61775
-72.43531
-74.65533
-60.01266
-63.65138
-73.16260
-70.35387
-74.25964
-68.38246
-73.37792
-67.83878
-67.88012
-67.53278
-64.60178
-73.64387
-69.76817
-80.86294
-61.83572
-60.03759
-74.34253
-68.28909
-75.48417
-66.60619
-67.10357
-72.24316
-72.47503
-73.20877
-72.14941
-71.93510
-72.10072
-72.88657
-71.97770
-68.32556
-70.84813
-72.60656
-72.83870
-71.85474
-67.97184
-73.26009
-71.04511
-74.96651
-62.47507
-63.54258
-73.85129
-69.86176
-75.84269
-66.01580
-66.90775
-73.93648
-71.83891
-73.39644
-64.55331
-68.45517
-73.19963
-71.92557
-71.68651
-67.40527
-71.32420
-71.55142
-71.20160
-68.60555
-71.03724
-70.25124
-72.87362
-71.91558
-71.77381
-71.01005
-73.83658
-72.20077
-73.87331
-70.17705
-71.59106
-72.60940
-72.60155
-73.32672
-70.97772
-72.58534
-69.98503
-79.18429
-56.88718
-59.42294
-69.47514
-67.89146
-75.15156
-70.95043
-78.23880
-74.67037
-83.52174
-78.36709
-84.94530
-80.95391
-86.05235
-82.94687
-88.05221
-86.41964
-90.18251
-90.54909
-91.95174
-92.28354
-90.37811
-96.45367
-92.65651
-101.52876
-93.32694
-107.78657
-93.20293
-108.80053
-95.21252
-121.46957
-97.06752
-121.83406
-98.78081
-116.79016
-100.46769
-116.29512
-102.41357
-114.92231
-106.50089
-111.40844
-109.65174
-109.32434
-116.65800
-109.24190
-129.92022
-110.16650
-117.75469
-111.74541
-114.90090
-112.87773
-114.30843
-113.85796
-115.52893
