-91.12830
-76.16539
-69.79470
-70.77131
-71.16337
-72.13980
-71.55364
-72.68244
-72.86887
-74.89711
-75.52998
-76.81345
-76.90797
-77.37665
-78.51862
-79.38041
-79.96996
-81.80463
-81.29035
-86.78004
-74.28902
-67.68420
-68.66756
-69.01133
-69.47326
-69.85808
-70.89273
-72.85042
-73.65338
-75.31686
-66.34332
-63.71182
-66.86063
-68.72191
-71.03001
-70.58672
-71.91823
-71.87331
-75.07031
-71.81737
-66.03601
-66.78608
-67.30953
-67.56872
-68.36897
-69.98116
-72.23898
-72.23536
-74.09518
-67.74107
-64.84349
-68.82106
-70.71006
-72.42890
-73.02169
-75.25893
-75.47528
-78.37903
-74.32462
-65.31694
-65.39701
-69.29779
-71.29207
-72.43805
-73.08839
-74.83989
-74.44721
-78.94967
-68.08757
-61.71212
-64.25922
-66.33660
-68.36628
-68.87562
-69.63630
-70.49276
-71.57504
-73.24897
-66.47008
-66.01208
-66.43951
-67.53927
-67.65181
-67.79835
-68.54358
-69.49332
-71.57315
-71.85392
-71.77098
-72.13734
-73.13532
-73.94321
-74.87645
-76.11136
-76.86528
-78.41142
-79.22610
-66.43230
-63.40828
-64.96305
-65.06512
-65.65821
-65.73525
-67.91731
-68.87571
-70.94358
-68.08026
-60.22519
-60.93616
-63.81455
-65.71641
-67.05002
-66.82480
-68.11076
-68.51751
-72.04870
-64.47863
-61.76117
-63.22052
-63.24025
-63.85300
-64.69799
-66.86971
-68.11981
-68.94750
-68.14778
-61.64639
-62.14761
-65.89285
-67.09893
-68.99639
-69.22636
-71.39855
-71.45024
-75.18165
-65.61905
-60.65310
-63.03217
-66.24866
-67.82481
-68.68003
-69.90462
-70.95808
-71.88949
-72.81468
-60.28943
-58.30348
-61.81079
-63.13864
-65.50799
-64.87567
-66.70134
-66.43721
-69.81907
-66.56035
-62.01347
-62.44810
-63.05096
-63.85966
-63.56403
-64.40591
-64.91025
-66.89610
-68.05601
-68.10889
-67.74126
-68.53873
-69.59757
-70.65042
-71.27133
-73.18873
-72.44624
-77.37858
-69.13977
-60.19117
-60.19690
-61.29859
-61.28531
-61.86097
-62.44118
-64.80039
-65.05101
-67.96828
-59.91433
-55.60431
-58.59038
-60.53248
-62.76431
-62.75848
-63.88805
-64.10505
-66.32440
-66.01714
-58.56992
-58.38425
-59.38596
-59.65918
-60.37034
-61.44933
-63.92231
-64.20728
-65.57919
-62.12848
-60.38328
-61.78167
-62.78468
-65.18910
-59.74865
-60.87376
-63.18899
-63.58460
-64.49916
-57.86984
-57.13128
-60.68794
-62.63961
-63.95103
-64.71816
-66.52183
-66.74075
-70.45346
-62.75997
-54.18639
-55.75161
-58.51079
-60.25199
-61.29679
-61.39033
-62.78913
-63.22037
-66.11040
-59.67028
-57.88963
-58.58351
-59.16232
-59.80241
-59.59450
-60.84935
-61.31032
-63.65747
-61.75177
-54.46798
-55.63817
-59.29756
-59.15995
-59.58376
-60.56971
-62.96240
-62.69320
-65.13192
-58.27799
-55.31590
-56.56297
-56.93402
-57.56170
-57.78265
-59.44625
-60.87473
-62.38996
-61.81544
-53.43556
-53.02025
-56.49707
-57.96191
-59.84369
-59.15155
-60.90870
-61.06966
-65.32301
-59.19966
-54.72806
-55.95776
-56.34742
-57.02631
-57.62383
-59.48909
-61.21559
-61.85281
-62.61418
-55.30580
-53.41396
-56.11348
-57.99843
-60.63792
-61.33095
-64.45660
-64.64106
-70.51378
-60.02750
-53.00950
-55.39953
-58.22073
-60.03261
-61.12136
-61.96754
-63.76604
-64.11430
-68.21828
-54.77231
-52.02137
-55.58883
-57.19798
-59.63032
-59.24186
-61.07004
-60.84642
-63.74007
-61.33376
-55.82262
-56.74883
-57.50208
-58.50926
-58.76690
-59.10121
-60.18793
-60.58694
-64.19596
-56.32260
-53.14438
-57.19267
-58.82809
-58.97105
-59.11177
-61.60239
-62.45060
-63.74834
-62.60206
-56.08685
-55.58756
-56.80378
-57.20363
-57.66936
-58.22707
-60.46406
-60.91510
-64.36242
-56.28995
-51.57337
-54.31951
-56.48312
-58.80815
-59.43741
-60.32146
-60.75655
-61.86448
-64.57139
-56.13122
-54.73201
-56.29365
-56.12621
-57.20525
-57.90988
-60.73194
-60.85664
-63.35900
-58.50320
-52.48010
-55.09405
-58.27439
-59.82099
-61.17776
-62.42329
-63.82865
-64.80159
-66.69075
-56.28438
-54.29987
-58.13078
-60.47369
-62.20493
-62.57789
-64.23414
-64.16913
-67.82555
-62.84997
-52.82291
-53.61497
-57.14430
-58.90930
-60.43084
-60.10486
-61.65869
-61.21916
-64.90201
-57.83409
-55.64094
-57.57373
-58.14541
-58.98662
-58.37551
-59.65722
-60.17509
-62.39574
-62.66377
-54.54944
-54.36051
-58.48083
-58.66646
-59.11322
-59.81769
-62.62042
-62.38466
-65.04390
-59.76449
-55.05996
-56.26942
-57.03172
-57.48385
-57.87541
-59.04177
-60.98337
-61.77153
-63.20247
-54.55697
-52.44545
-55.64763
-57.56714
-59.74328
-59.25873
-60.87701
-60.76351
-64.13392
-60.95757
-55.05443
-55.71604
-56.32172
-56.64055
-57.48119
-58.94955
-61.29147
-61.29140
-63.26087
-55.77811
-53.16664
-57.20830
-58.98922
-60.83382
-61.45284
-63.37349
-63.86736
-66.63494
-63.31174
-55.35436
-55.69461
-59.57602
-61.12099
-62.56945
-63.32524
-65.27138
-64.75934
-69.64733
-58.07018
-52.28032
-55.11576
-57.19558
-59.52233
-59.58283
-60.75411
-61.18344
-62.87671
-63.18563
-56.17924
-56.18830
-57.40548
-58.34745
-58.94269
-58.87820
-60.10074
-60.56702
-64.20164
-59.15831
-53.47435
-56.20685
-58.94359
-58.72186
-59.27581
-60.78428
-62.50910
-62.90170
-64.15198
-57.06272
-55.31595
-56.79899
-57.06637
-57.74031
-57.99566
-60.21804
-60.70143
-63.84148
-58.58501
-51.93158
-53.70930
-56.37432
-58.28737
-59.69996
-59.92019
-60.98326
-61.21878
-64.89905
-57.74427
-54.79292
-56.31447
-56.32379
-57.07481
-57.79140
-60.22508
-61.11176
-62.64393
-60.52067
-53.07578
-54.30805
-57.94104
-59.28977
-61.17323
-61.80079
-64.01874
-64.16248
-67.42186
-59.04839
-54.89316
-57.45730
-60.44457
-62.08629
-62.83511
-63.90803
-64.85229
-65.95123
-66.53069
-54.22143
-52.79009
-56.34532
-57.76425
-60.05085
-59.59905
-61.30525
-61.10648
-64.75599
-60.89877
-56.75416
-57.45323
-57.93313
-58.81402
-58.68813
-59.40032
-60.53137
-61.67048
-64.00754
-55.74694
-53.67229
-58.02033
-58.84225
-59.02779
-59.28144
-62.07779
-62.32005
-64.32802
-60.98982
-55.64714
-55.87136
-56.85687
-57.31968
-57.71290
-58.55737
-60.75710
-61.49552
-63.82013
-56.17538
-52.23659
-55.21779
-57.24030
-59.48449
-59.33318
-60.50787
-60.95679
-63.21392
-62.66877
-55.49457
-55.34185
-56.47392
-56.49268
-57.30929
-58.38667
-61.23505
-61.21793
-63.87185
-56.97578
-51.85403
-55.29241
-57.56024
-59.50506
-61.04758
-62.69304
-63.93865
-65.50570
-65.25297
-56.16356
-55.31057
-58.67684
-61.15467
-62.35684
-63.26318
-64.84103
-65.08481
-68.23660
-60.91319
-52.18888
-53.68100
-56.40997
-58.21340
-59.44174
-60.12477
-61.23271
-62.11993
-63.74562
-52.98761
-54.33974
-57.94457
-57.24352
-57.99069
-57.17001
-58.92089
-59.48107
-62.82055
-59.31294
-53.30501
-54.76969
-58.09590
-58.16616
-59.25904
-60.12343
-62.59363
-62.34192
-64.98040
-57.27742
-53.67772
-55.29585
-56.42837
-57.60311
-57.47148
-59.36387
-60.54340
-63.14607
-59.93573
-51.72812
-52.12855
-55.76177
-56.67944
-58.42591
-58.98979
-60.74502
-60.11500
-63.69594
-56.94174
-51.93254
-53.66007
-54.81614
-55.50816
-55.92193
-57.33152
-58.38433
-59.02623
-59.85806
-52.85790
-52.46009
-56.45058
-57.57370
-60.05900
-60.94043
-63.09443
-62.62384
-66.93384
-59.08763
-52.67547
-53.33428
-54.64857
-55.31451
-56.02939
-56.62602
-57.82378
-58.61511
-60.51334
-54.18575
-51.54354
-55.45832
-57.04081
-59.21188
-59.09602
-61.00016
-60.21334
-63.67935
-59.48630
-53.12660
-57.05594
-59.12000
-58.40297
-57.76208
-58.45057
-59.79401
-60.96493
-64.21004
-56.81891
-53.40285
-56.99993
-59.10022
-59.26051
-59.55615
-61.36955
-62.39438
-63.66176
-62.87154
-54.77129
-53.96958
-56.10501
-56.86570
-57.62474
-57.90056
-60.23894
-60.99565
-63.79404
-57.83646
-52.11654
-54.45288
-57.14460
-59.01340
-59.54928
-60.17818
-60.77440
-62.25125
-63.97251
-56.09696
-54.90803
-56.24827
-56.26755
-57.22618
-57.99527
-60.59660
-61.06637
-63.00989
-58.79183
-51.96133
-54.20040
-57.17810
-58.58793
-60.92010
-61.90980
-63.94642
-64.62418
-67.36609
-57.28752
-54.87415
-58.10533
-60.96426
-62.09561
-63.15809
-64.57903
-65.26816
-67.10019
-63.61581
-52.60435
-52.74673
-56.33010
-57.84902
-59.69763
-59.63543
-61.54812
-61.16702
-66.11157
-53.57989
-52.78141
-56.73827
-55.99527
-56.74997
-56.22468
-57.84950
-58.62961
-60.79053
-60.85645
-54.31464
-53.56293
-57.53962
-57.74400
-58.06081
-59.30412
-61.64185
-61.25348
-63.70155
-58.57430
-53.55935
-54.84299
-56.02503
-57.22696
-57.25551
-58.75543
-60.51190
-62.08655
-62.00812
-52.65221
-52.04270
-55.90346
-57.28969
-59.40648
-59.22309
-60.61294
-60.08216
-63.70928
-59.23980
-52.45383
-53.38266
-54.91580
-55.27320
-55.66245
-56.71691
-58.43743
-58.42966
-60.41241
-53.91218
-52.15980
-56.10950
-57.74099
-59.93629
-60.86761
-62.93534
-63.20186
-65.80674
-62.80634
-54.14558
-53.15000
-54.67379
-55.25982
-56.33490
-56.73659
-57.94862
-58.45536
-60.39701
-56.31424
-51.83678
-54.21361
-56.36293
-58.25155
-58.66920
-60.18236
-60.53426
-62.78204
-62.09136
-53.47331
-56.01064
-59.47271
-58.54768
-57.93638
-57.86705
-60.00075
-60.40016
-64.18722
-58.65773
-53.39733
-55.96132
-59.08820
-59.19783
-59.69077
-60.93199
-62.34668
-62.83878
-64.12073
-55.75496
-53.58170
-55.71615
-56.50772
-57.36554
-57.86115
-59.74299
-60.84583
-63.28816
-59.84523
-52.61228
-53.82869
-56.74995
-58.44820
-59.48131
-59.65206
-61.11522
-61.53352
-64.98281
-57.12918
-54.67876
-56.12106
-56.24244
-56.97700
-57.82015
-60.09901
-61.21030
-62.39591
-60.80438
-52.53246
-53.22689
-57.13069
-58.03837
-60.94324
-61.70089
-63.99050
-63.96366
-68.20692
-58.96257
-54.75010
-57.31685
-60.51044
-61.96228
-62.83538
-64.05471
-65.06714
-65.91172
-66.50684
-53.74479
-52.18334
-55.90569
-57.12501
-59.90359
-59.15750
-61.51802
-60.40527
-66.22451
-55.77375
-52.56230
-57.24182
-56.65659
-57.98871
-57.23146
-58.36330
-59.44400
-60.77029
-62.10757
-54.46344
-53.49746
-57.24081
-57.90990
-58.73350
-59.26805
-61.56492
-62.32631
-64.60078
-60.65784
-54.03771
-54.31073
-56.06145
-57.25251
-57.56511
-58.33933
-60.35904
-61.70144
-63.47899
-53.65168
-51.06439
-54.78591
-56.11056
-57.76553
-58.65146
-60.29255
-59.99810
-61.85444
-60.67950
-52.92447
-52.84952
-54.84611
-55.10356
-55.81343
-56.52074
-58.42060
-58.28025
-60.52111
-55.24331
-51.58232
-55.16465
-57.07993
-59.26430
-60.72591
-62.28335
-63.14350
-64.74537
-63.70349
-53.88209
-52.65052
-54.37187
-55.04949
-55.78812
-56.33583
-57.38655
-58.33700
-60.48467
-57.11219
-51.66899
-53.67178
-56.79854
-58.30598
-59.45824
-59.84296
-60.95764
-61.23831
-63.41033
-54.20741
-54.99752
-59.53880
-58.53419
-58.15312
-58.01104
-59.77046
-59.95550
-63.57111
-60.13455
-53.74634
-55.23582
-59.03807
-59.02573
-59.42814
-60.41104
-62.44077
-62.43823
-64.88425
-56.94906
-53.46280
-55.23595
-56.43328
-57.39656
-57.62968
-59.17016
-60.80971
-62.67090
-61.24803
-52.95349
-53.07427
-56.29192
-57.78829
-59.73451
-59.29958
-61.23726
-60.82161
-64.87049
-58.60013
-54.83775
-56.02569
-56.12383
-56.90699
-57.50027
-59.55612
-61.22782
-61.61201
-62.42693
-53.48451
-52.66563
-56.89410
-57.75499
-60.44499
-61.03238
-63.76257
-63.55598
-67.96339
-60.69586
-54.85095
-56.50630
-60.01178
-61.55802
-62.70460
-63.58387
-64.90467
-65.06765
-68.01534
-55.61565
-51.90472
-55.36701
-56.77346
-59.71632
-59.13935
-61.54478
-60.25380
-65.84654
-57.39234
-51.83807
-55.79518
-56.00891
-56.33647
-56.19219
-57.13964
-58.40346
-59.58319
-62.12210
-56.62167
-53.18545
-55.88710
-58.25184
-58.15970
-58.79840
-60.67546
-61.38386
-62.40652
-61.75692
-54.56912
-54.26165
-55.77753
-56.51428
-57.55317
-57.77282
-59.95540
-60.67631
-64.33950
-55.20983
-51.28666
-54.41505
-56.49907
-58.68310
-58.98369
-59.93177
-60.29517
-61.57907
-63.14749
-54.03028
-52.35491
-54.47898
-54.96717
-55.81630
-56.11115
-58.24254
-58.19877
-60.21228
-56.78879
-51.78785
-54.48273
-57.14986
-58.74979
-60.60972
-61.77378
-63.28923
-63.94767
-66.27704
-56.42771
-52.93463
-54.20314
-55.07719
-55.86442
-56.63806
-57.44613
-58.36180
-59.55561
-59.01423
-52.35458
-52.85828
-56.13528
-57.29613
-59.11260
-58.92176
-61.06268
-60.86798
-65.47037
-55.16957
-53.93015
-59.19616
-58.82376
-58.54025
-57.86001
-59.41217
-59.85855
-62.57411
-61.88561
-54.25303
-54.44623
-58.63613
-58.95742
-59.70504
-60.16235
-62.56163
-62.12181
-65.15436
-58.47925
-53.57655
-55.00173
-56.52907
-57.26589
-57.48169
-59.05876
-61.03195
-61.91856
-62.73461
-54.02831
-52.56572
-55.74258
-57.42837
-59.54234
-59.22203
-61.20346
-60.59502
-64.31669
-60.22180
-54.71855
-55.49756
-56.24342
-56.62964
-57.41214
-58.91139
-61.31423
-61.03874
-63.41498
-54.83944
-52.03811
-56.05721
-57.56516
-59.95269
-60.92552
-63.25285
-63.75179
-66.88223
-63.21394
-55.41732
-55.93416
-59.61859
-61.36557
-62.68555
-63.21570
-64.95425
-64.69486
-68.79427
-57.63586
-52.30944
-55.28465
-57.30784
-59.53376
-59.76340
-60.77151
-61.08592
-63.20495
-62.52984
-54.74833
-54.66682
-55.87572
-55.89314
-56.57148
-57.97453
-59.94415
-61.11796
-61.47221
-62.17040
-62.47222
-64.51165
-66.23739
-67.37302
-67.97759
-69.22369
-70.26065
-72.18065
-72.05107
-57.49101
-56.16207
-58.62978
-58.52047
-59.37109
-59.47246
-61.68293
-62.01885
-65.62626
-59.33441
-52.58424
-53.74201
-54.95188
-54.94478
-56.67746
-57.57555
-60.11603
-59.95366
-62.03581
-55.77535
-52.29349
-55.41200
-57.36162
-59.39998
-59.31690
-60.62571
-61.27329
-63.55559
-62.04235
-53.70365
-54.76842
-58.84606
-60.51550
-62.31361
-62.85352
-65.11791
-65.02874
-68.97048
-59.00151
-54.54918
-57.46386
-59.80288
-61.26240
-62.30564
-63.78731
-64.96128
-66.08248
-66.03872
-53.86393
-52.50112
-56.06512
-57.48959
-59.59878
-59.12007
-61.17246
-60.50337
-65.36419
-56.71169
-52.16797
-54.27791
-54.91129
-55.70115
-56.48904
-58.64589
-60.25635
-61.19733
-61.67989
-61.00672
-61.54421
-63.62914
-64.45770
-65.39145
-65.66346
-68.48750
-68.02437
-75.60916
-61.38401
-52.93910
-54.64153
-57.93865
-59.86900
-60.71310
-61.54386
-63.34839
-63.57691
-67.99954
-54.88712
-51.75397
-55.95039
-57.86392
-59.84859
-60.25400
-62.37503
-62.88622
-65.77039
-63.56215
-57.48049
-59.54426
-60.44388
-62.13791
-63.43557
-65.08530
-67.72819
-68.29212
-74.98203
-60.09827
-56.67396
-58.98345
-60.04694
-62.46025
-62.96321
-64.55337
-65.81761
-67.09755
-67.53090
-64.39419
-64.70401
-66.96465
-69.22666
-70.00868
-72.01323
-70.75801
-71.64113
-69.95798
-71.52246
-69.08576
-73.27475
-72.54678
-75.22413
-72.15374
-74.07576
-73.55691
-75.97983
-71.47677
-53.13187
-53.85155
-57.29615
-57.09815
-57.38713
-57.39319
-59.38942
-58.83777
-62.64673
-58.57072
-53.08303
-54.71122
-57.76035
-57.87052
-58.67699
-59.38268
-62.18169
-62.22054
-65.08675
-56.42793
-53.30235
-55.72807
-56.55413
-57.41134
-57.72900
-59.56503
-60.53485
-63.46914
-59.23071
-51.37590
-51.93531
-55.18040
-55.97023
-57.90385
-58.32204
-59.67981
-59.53977
-63.72796
-56.43752
-51.93069
-53.78439
-54.78037
-55.87277
-55.97838
-57.19200
-57.68141
-57.82082
-57.50322
-51.59401
-51.97857
-55.65844
-57.20203
-58.05222
-56.96233
-59.72645
-58.93543
-60.98381
-56.08559
-51.12230
-52.17923
-52.74290
-53.68903
-54.45644
-54.43231
-55.77539
-57.31621
-59.31467
-53.25705
-51.54067
-55.07738
-56.14880
-57.59420
-57.59852
-58.94403
-58.61900
-61.29943
-57.80628
-52.92154
-56.99667
-58.31543
-57.56047
-57.15724
-57.82440
-59.45227
-59.93792
-61.96377
-53.06918
-52.51074
-57.41390
-58.39197
-59.91070
-59.20315
-62.16968
-61.87142
-62.94185
-61.85074
-54.65939
-54.10729
-56.14117
-56.48525
-57.64520
-57.96633
-60.34587
-60.94592
-63.69691
-56.69395
-51.85653
-54.71258
-56.46717
-59.13246
-59.05281
-60.40584
-60.33329
-62.99305
-62.22742
-54.99409
-55.40022
-55.92434
-56.43988
-57.17624
-57.27128
-60.54329
-61.06393
-62.93559
-58.74395
-51.87913
-54.50232
-57.35611
-59.22290
-59.22053
-59.84944
-63.85234
-64.40249
-67.44176
-56.80985
-54.91517
-58.20843
-60.92094
-62.03793
-63.09277
-64.36689
-64.98973
-67.01741
-62.90241
-52.36356
-53.05092
-56.43802
-58.16983
-58.94914
-58.99170
-61.53799
-61.16663
-65.69379
-53.15064
-52.96981
-56.66143
-55.95057
-56.40416
-56.30187
-58.26720
-58.56724
-61.30935
-60.50185
-53.95696
-53.74880
-57.50404
-57.77021
-57.94327
-59.12249
-61.48516
-61.17212
-63.57105
-58.57505
-53.88725
-55.23012
-56.65212
-57.26177
-57.26734
-58.69647
-60.24021
-62.34518
-61.14402
-51.99455
-52.12744
-56.03953
-57.13596
-59.36561
-58.83354
-60.53491
-59.90947
-63.90089
-58.52372
-52.04536
-53.18882
-54.69881
-55.26645
-55.61535
-56.21569
-57.47335
-57.45455
-58.03347
-52.47485
-51.98033
-55.90849
-57.35228
-59.28728
-59.07630
-60.71428
-59.25341
-60.03328
-57.83142
-51.87504
-51.57219
-53.08936
-53.73686
-54.77621
-54.54024
-55.47046
-56.19310
-57.66010
-53.92879
-50.69772
-53.74586
-56.02563
-58.27596
-57.90472
-59.06907
-60.45398
-61.92007
-60.53808
-53.58109
-55.68832
-58.61733
-57.69261
-57.00088
-58.26847
-59.53907
-57.92950
-61.23001
-56.00230
-52.36573
-56.16177
-58.48263
-58.83738
-58.49800
-59.98910
-61.87825
-62.47698
-63.17777
-54.78123
-53.25451
-55.55711
-56.73911
-57.25117
-57.33371
-60.10416
-60.79791
-63.17908
-59.04448
-52.69769
-54.12328
-56.44428
-57.80590
-59.14473
-59.63791
-61.05588
-62.27821
-65.54388
-58.13640
-55.06078
-55.98966
-56.33764
-57.21941
-56.74405
-59.14275
-61.09485
-62.02009
-60.70878
-52.60152
-53.48332
-57.03174
-58.07381
-60.48904
-61.03640
-63.51350
-64.03536
-66.69825
-58.08330
-54.71860
-57.44603
-60.60396
-62.03006
-62.40126
-64.18136
-65.21182
-66.30333
-65.57538
-53.78670
-52.45199
-56.13471
-57.65788
-59.74197
-59.33215
-61.67913
-60.68070
-66.06351
-55.45957
-52.73353
-57.08655
-56.47016
-57.47888
-57.17503
-58.70590
-58.69226
-60.43165
-60.89961
-54.67855
-53.99746
-57.28596
-57.25951
-57.17180
-57.28907
-59.11927
-60.52023
-62.02224
-59.37539
-53.30579
-54.23968
-55.63670
-56.24535
-57.03232
-57.61409
-59.33335
-59.80648
-61.35475
-53.01256
-50.97951
-54.30258
-55.17550
-56.24976
-55.86540
-57.24942
-58.05484
-60.05649
-58.35589
-52.01612
-52.22969
-53.53577
-53.81947
-54.54441
-55.29543
-56.68441
-56.40716
-57.68158
-52.30828
-50.51985
-54.18469
-55.73439
-56.94968
-55.90584
-56.93730
-57.34648
-57.95187
-57.12509
-51.40476
-50.59541
-51.22728
-51.46818
-53.12087
-53.35130
-54.13050
-55.38225
-58.18212
-55.55143
-51.41455
-54.03789
-55.77786
-56.62016
-57.03243
-56.81549
-58.24784
-58.64977
-58.82858
-53.66549
-55.05342
-59.23108
-56.88811
-56.40664
-55.78901
-57.16922
-57.06898
-60.96120
-55.76093
-51.21665
-55.65003
-58.21323
-59.48499
-58.56005
-59.52083
-61.65395
-60.45362
-61.67654
-55.82397
-53.25569
-54.90523
-55.89464
-56.48960
-56.98187
-58.28832
-59.50449
-61.22492
-59.58919
-52.44975
-53.27768
-55.91162
-58.13396
-58.70062
-58.22775
-59.89629
-59.85331
-63.60942
-56.15221
-54.40580
-56.03041
-56.12982
-57.07676
-57.17136
-59.40648
-61.17118
-61.02924
-61.45229
-52.37535
-51.96132
-55.96510
-56.93068
-59.24908
-58.53790
-62.58962
-62.16633
-67.08502
-59.95480
-54.59528
-56.81425
-60.08437
-61.76468
-63.02741
-63.70751
-65.21204
-65.23608
-67.39429
-55.02044
-51.77977
-55.39899
-56.78512
-59.50111
-58.23410
-61.63643
-60.15873
-66.06894
-56.85061
-51.66727
-55.62813
-55.69547
-55.74136
-55.43357
-56.53801
-57.46403
-58.66376
-59.95685
-54.85860
-52.59748
-55.66608
-56.88345
-56.81311
-57.29464
-58.57337
-58.88736
-59.90862
-58.45231
-53.84819
-53.90245
-55.41736
-55.96024
-56.01470
-57.53668
-58.54657
-58.67943
-60.26357
-53.65140
-50.86874
-54.17058
-55.93304
-56.96710
-56.87803
-57.63683
-58.17146
-59.44329
-59.99934
-52.61737
-51.92225
-54.00677
-54.47035
-55.08671
-55.05593
-56.49061
-56.17384
-57.28853
-53.90608
-51.10911
-53.98296
-56.09994
-57.06874
-56.65668
-57.17955
-57.48356
-56.36013
-57.02491
-52.66227
-50.71824
-52.28291
-53.28135
-54.01447
-54.26845
-54.74500
-55.63089
-56.80337
-55.14777
-50.95482
-51.66957
-54.32827
-55.40226
-56.33555
-56.46885
-57.67936
-57.85208
-58.89784
-54.17486
-53.64502
-56.61581
-56.28705
-55.97548
-55.85574
-57.30963
-56.74258
-59.03052
-58.11363
-52.30532
-53.78758
-57.07792
-56.77993
-56.50754
-56.29215
-58.68871
-59.19428
-61.16716
-56.03473
-52.58688
-53.90334
-55.18045
-55.95032
-56.13661
-57.69628
-59.20250
-60.11039
-60.87793
-55.29307
-54.69732
-57.26258
-57.73058
-57.70427
-56.82036
-58.48744
-59.06863
-61.82391
-58.25742
-54.66285
-55.50244
-55.75371
-56.14122
-56.01291
-56.78139
-59.25150
-59.41140
-61.72289
-54.67412
-52.23099
-55.78591
-57.19054
-58.76148
-58.68595
-60.09613
-60.46834
-62.88076
-58.11122
-54.40044
-55.88291
-59.35624
-62.24638
-62.70659
-63.65810
-64.15747
-64.61828
-66.02085
-57.49736
-52.82331
-55.93080
-57.88881
-59.97155
-59.02547
-59.91641
-59.88225
-62.07509
-58.76940
-51.18323
-54.68556
-57.06843
-55.69771
-56.95878
-57.81957
-58.97135
-58.93832
-61.13386
-56.71600
-54.42374
-57.24850
-57.96032
-56.45590
-55.92195
-56.26241
-57.98548
-58.44071
-59.04718
-54.59721
-53.12634
-55.89558
-56.05336
-56.99186
-56.95648
-58.15191
-58.44511
-59.92539
-56.02492
-50.10194
-51.96749
-54.51477
-54.96988
-55.17552
-55.49990
-55.72251
-56.75232
-57.94454
-51.54314
-51.08903
-53.74003
-53.77999
-54.62595
-55.61946
-56.49053
-56.12494
-57.43077
-54.23766
-50.19060
-52.84753
-54.50144
-56.62131
-55.56769
-52.90431
-56.52006
-56.26483
-56.57197
-52.70796
-51.13663
-53.52357
-54.17713
-55.49658
-55.73214
-54.50936
-54.49093
-56.13463
-56.90786
-51.89164
-51.87727
-55.22152
-55.97804
-57.33016
-56.69616
-58.42654
-56.52109
-58.87084
-54.00129
-51.20214
-56.02560
-55.89078
-56.36952
-56.10561
-57.78621
-58.52941
-58.52044
-58.59869
-52.21258
-52.93663
-57.47739
-57.88322
-57.44076
-57.22681
-57.77855
-57.45039
-59.38817
-57.13629
-53.53421
-54.41416
-56.05493
-56.50627
-57.11639
-57.93851
-59.68958
-60.27742
-61.26467
-53.98650
-52.00064
-55.16729
-56.96277
-58.81900
-57.42994
-59.31491
-58.71295
-62.28106
-58.36037
-52.71349
-55.00807
-55.97503
-56.59075
-57.33189
-57.92903
-61.06679
-60.71506
-63.97456
-54.75071
-51.75940
-56.40677
-57.33257
-60.77242
-57.50572
-59.18703
-63.26527
-64.24784
-64.21328
-55.52621
-55.52796
-59.01797
-61.06149
-62.28270
-63.33646
-64.89062
-65.13345
-68.24595
-59.44544
-52.00014
-54.17624
-56.78666
-59.00544
-58.73841
-59.70755
-61.10721
-61.91315
-63.18403
-51.48651
-52.62064
-56.96190
-55.61109
-56.04965
-56.13453
-58.03904
-58.27300
-60.81185
-58.30918
-53.16503
-54.34358
-57.10696
-57.37850
-57.23468
-58.49200
-59.92006
-59.85374
-61.12205
-56.04127
-53.76126
-55.26785
-56.66666
-56.94440
-57.50694
-59.17717
-59.40149
-62.49930
-57.68392
-51.08099
-52.75578
-55.69072
-56.26707
-57.45539
-57.19889
-58.38400
-58.48107
-59.95377
-53.45699
-50.56472
-52.53381
-53.07417
-53.71958
-53.57686
-54.03061
-54.04538
-54.30594
-54.25004
-50.10653
-51.86440
-53.88401
-55.27055
-54.85954
-52.09006
-55.72660
-55.98333
-57.15726
-53.76855
-51.03526
-52.07282
-52.52977
-52.94068
-53.63232
-54.15246
-54.89723
-56.25803
-56.17627
-52.16361
-50.73238
-53.35262
-53.64371
-55.18098
-55.14410
-56.83905
-57.74809
-58.43734
-56.57555
-51.54209
-54.98819
-57.52759
-55.78632
-55.90170
-56.41155
-57.00512
-57.59298
-60.37520
-54.11729
-52.63742
-56.16981
-56.87904
-56.88690
-56.46429
-58.79826
-59.08066
-59.99171
-57.94552
-52.98615
-53.12117
-54.00158
-54.04140
-54.94946
-55.97307
-57.61579
-58.62974
-60.50136
-56.99001
-54.10492
-57.64750
-59.42829
-60.14270
-58.15931
-57.12211
-57.74040
-58.46982
-58.14421
-53.43904
-54.30822
-55.90064
-56.10193
-56.72070
-56.29955
-59.06643
-58.51115
-60.06956
-55.18989
-51.35879
-54.40319
-55.19600
-56.70340
-54.96952
-55.06566
-59.06925
-59.70090
-59.24389
-54.80717
-54.48426
-56.29462
-58.70986
-59.05805
-60.05570
-61.01314
-60.48180
-60.58587
-57.92249
-52.75065
-53.41199
-56.33430
-56.65689
-57.61094
-57.39819
-58.97283
-58.91338
-62.57152
-53.20040
-52.40190
-57.21435
-55.82612
-56.87971
-56.78618
-58.24899
-57.78550
-60.04843
-58.09864
-53.28260
-54.24519
-56.19527
-56.26254
-56.55107
-56.77883
-59.11203
-60.02229
-60.60695
-56.27543
-53.16676
-54.29471
-54.43790
-54.62402
-54.74718
-55.74348
-56.36224
-57.95349
-57.67895
-51.58301
-51.58780
-54.19343
-54.51166
-55.83903
-55.28844
-56.16120
-55.82443
-57.50129
-52.71479
-49.46596
-52.12163
-52.83850
-53.45770
-53.68985
-54.82322
-56.45065
-56.02411
-55.84702
-50.42097
-50.63761
-53.93474
-54.29378
-55.47190
-51.98610
-54.11431
-55.40335
-55.45694
-53.93860
-50.02466
-50.67577
-50.47205
-51.60490
-53.32733
-54.31068
-55.49988
-57.15457
-59.25604
-53.76322
-51.89579
-55.01864
-55.40793
-55.75435
-55.02575
-55.33819
-55.97979
-56.70846
-55.99376
-51.06774
-54.77847
-58.63556
-57.09843
-57.64322
-57.63134
-59.69001
-58.13564
-59.15027
-52.80961
-52.28665
-57.29887
-57.51214
-58.19020
-57.40732
-58.89217
-59.44728
-59.72526
-60.43066
-54.67061
-53.20678
-55.77296
-56.21390
-57.06066
-57.59148
-58.98869
-59.55841
-62.54231
-57.72340
-51.82239
-54.19324
-56.04514
-57.74880
-57.51708
-57.92102
-59.30474
-59.87537
-61.69159
-53.97961
-54.08567
-56.44677
-56.05076
-57.07506
-56.79548
-60.38332
-60.78044
-63.23852
-58.49435
-51.21923
-54.10384
-56.26818
-58.38496
-58.42416
-56.72416
-61.93835
-62.65650
-68.07714
-57.96373
-54.80421
-57.81891
-60.79076
-62.16602
-63.28510
-64.55075
-65.15032
-66.48882
-64.35205
-53.67807
-52.51733
-56.30805
-57.88893
-59.48084
-58.60492
-61.56117
-60.17610
-66.95553
-54.54049
-50.83515
-55.33653
-55.05527
-55.06400
-54.82523
-55.83248
-56.83617
-58.14841
-58.17462
-53.77377
-53.22391
-55.91474
-56.52985
-56.42274
-57.47685
-59.01102
-59.09940
-60.33656
-57.52747
-53.98146
-53.85449
-55.60436
-55.71795
-55.10570
-56.62561
-56.66723
-56.94994
-56.99174
-51.82305
-50.86398
-54.01920
-54.41655
-55.07822
-54.58917
-55.40042
-56.08716
-57.90076
-55.92663
-51.02905
-51.86805
-53.28377
-53.54626
-54.00357
-54.30122
-55.23521
-54.66735
-54.54739
-51.52002
-50.59189
-53.12822
-54.60154
-56.61090
-53.42896
-54.64606
-56.43225
-56.50985
-55.85264
-51.18903
-51.43570
-52.43488
-53.11668
-53.81029
-53.56944
-53.57026
-54.71002
-55.33403
-52.96900
-50.70690
-53.00479
-54.67266
-55.25682
-56.17104
-55.64891
-56.73458
-56.19804
-57.07831
-52.56758
-52.69995
-55.42530
-53.79965
-54.12367
-54.66206
-55.18213
-54.60842
-57.27546
-55.31387
-51.72895
-54.45247
-55.89017
-55.71998
-55.17861
-56.01988
-56.62050
-57.50229
-59.13803
-53.83086
-51.67954
-53.40106
-54.42063
-54.58887
-55.40255
-55.51601
-56.17890
-55.87915
-56.34621
-52.77128
-52.67861
-54.73836
-55.47191
-55.39539
-54.77397
-55.52142
-54.99145
-55.62851
-53.33139
-52.10426
-53.60731
-54.21541
-54.84533
-54.67111
-55.05779
-55.73627
-55.87853
-56.03779
-50.47352
-52.30631
-54.42944
-54.92706
-55.44977
-52.77912
-56.41392
-58.02365
-58.98880
-55.38418
-53.00898
-54.20507
-56.39817
-56.60120
-57.12993
-56.73357
-56.45012
-56.97872
-57.00962
-52.56903
-50.96779
-53.03489
-53.28126
-54.24986
-53.81757
-54.11820
-54.88953
-55.55368
-54.84034
-54.02232
-54.93491
-56.48269
-59.20995
-59.22520
-59.88495
-59.94156
-60.61440
-62.76678
-59.35017
-60.61880
-63.19720
-64.12360
-65.06553
-64.58506
-65.37123
-65.10844
-64.85254
-63.86007
-62.72388
-64.20185
-63.95340
-63.98036
-64.57369
-64.26548
-65.92678
-65.58480
-68.87172
-64.06768
-64.94642
-70.91512
-69.21805
-68.93738
-68.73673
-68.98764
-68.47188
-69.33766
-71.83104
-66.72813
-70.12338
-74.59225
-76.31611
-71.97467
-64.79563
-71.38781
-64.45137
-68.97336
-66.33641
-64.86143
-67.12189
-61.49701
-68.72772
-69.66541
-73.22683
-71.62016
-70.41651
-75.25366
-71.79013
-76.41722
-82.36215
-77.91407
-79.20813
-81.98260
-79.55464
-83.86253
-75.48420
-84.76502
-63.53979
-65.55822
-81.93547
-74.87384
-93.96405
-73.57963
-74.56744
-84.21451
-76.29895
-57.12130
-54.81236
-56.24628
-57.34120
-58.41215
-58.91333
-60.03451
-60.37829
-62.85450
-63.06431
-64.84803
-64.34736
-65.55838
-65.49507
-67.21074
-67.01271
-70.44357
-68.34049
-77.71893
-57.64691
-51.03847
-55.17407
-57.26208
-57.65019
-58.31227
-60.96082
-62.27163
-63.25629
-62.83078
-56.14571
-55.84490
-56.91450
-57.42785
-57.91115
-58.42281
-60.40335
-61.47336
-63.63951
-59.51961
-54.81247
-55.70385
-56.26690
-56.95690
-57.68779
-59.36582
-61.49755
-61.33343
-63.12568
-55.27100
-53.51043
-56.49839
-58.46812
-60.87943
-62.05584
-63.66711
-64.98981
-66.26029
-66.77675
-66.99283
-68.86699
-69.38270
-70.29214
-71.04422
-71.36671
-73.57181
-72.68337
-80.56912
-58.11372
-52.85168
-54.90260
-55.71395
-56.58534
-57.34753
-59.81638
-60.71212
-62.33772
-60.78252
-54.46274
-54.96489
-56.53895
-57.41264
-57.93056
-59.06503
-59.94487
-61.21612
-62.78503
-61.76608
-63.48655
-64.32664
-64.95349
-66.16351
-65.99059
-67.90914
-69.49104
-70.23130
-69.32161
-53.07402
-51.98837
-56.65951
-57.00095
-57.84511
-58.67513
-62.17452
-61.72686
-64.68724
-59.07053
-55.19414
-56.24728
-56.90467
-57.60936
-57.68742
-59.02977
-60.71889
-61.81081
-62.77469
-56.37226
-54.54974
-56.22325
-56.05123
-57.24415
-57.65506
-60.40572
-60.82582
-62.73753
-59.84478
-53.47279
-54.61594
-57.49797
-59.11164
-61.05435
-62.15320
-64.15649
-65.23179
-66.35721
-67.06320
-67.50317
-69.10658
-69.54189
-70.92693
-70.50150
-72.97107
-71.85674
-77.89521
-67.50310
-54.80832
-54.65933
-58.67297
-59.86598
-61.78210
-62.76957
-66.00727
-64.99653
-70.88202
-59.86455
-53.78641
-55.12093
-56.13020
-56.88534
-57.49014
-59.51513
-61.14105
-62.02090
-62.33942
-63.52825
-64.64824
-66.91337
-67.55889
-69.17736
-68.53641
-72.67251
-70.24574
-82.54528
-61.66180
-51.25780
-53.91548
-57.14041
-57.37954
-58.13988
-59.99700
-62.31590
-62.33216
-64.31887
-57.13296
-55.37337
-56.76933
-57.14487
-57.62659
-58.08328
-60.02445
-60.96578
-62.88222
-60.88935
-55.23414
-55.46734
-56.45772
-56.78083
-57.60581
-58.62286
-61.51335
-61.07502
-63.77813
-56.46138
-53.02878
-56.50651
-58.39027
-60.20988
-61.00423
-62.92294
-63.77515
-66.22122
-64.03194
-58.20817
-59.26195
-60.70810
-62.51776
-64.18205
-65.09037
-67.72607
-66.68534
-73.11515
-59.17642
-53.58539
-56.67542
-58.73777
-60.82947
-61.73056
-63.30905
-64.84723
-65.74011
-67.64197
-55.53589
-53.62151
-55.64525
-55.89702
-56.74003
-58.03412
-60.10904
-61.29099
-62.01309
-62.49421
-63.31409
-64.88160
-66.36621
-67.41421
-66.75537
-67.72250
-72.78080
-69.89963
-81.38409
-55.18231
-51.25585
-55.99772
-57.15544
-57.87078
-58.33232
-61.63723
-62.16490
-63.89942
-61.56876
-55.71535
-55.93194
-56.94348
-57.44832
-57.80832
-58.73439
-60.59803
-61.42809
-63.45829
-58.18352
-54.92898
-56.19133
-56.41822
-57.33577
-57.76110
-60.11329
-61.53040
-62.16194
-62.16201
-54.11077
-53.89232
-57.51387
-59.24645
-60.87239
-61.40649
-63.77783
-64.03185
-67.36873
-60.91922
-57.90281
-59.93251
-60.89591
-63.34737
-63.91206
-66.34171
-66.87246
-68.90931
-68.49581
-55.44130
-54.28952
-58.02602
-59.14509
-61.66186
-61.69354
-64.84420
-64.03642
-69.46038
-61.20653
-54.33305
-55.19826
-56.15486
-57.65760
-57.98854
-59.35798
-59.96313
-61.90488
-62.97724
-63.15288
-63.64724
-63.96869
-64.94277
-66.10442
-66.68181
-68.69542
-68.79153
-72.79515
-64.27360
-51.53612
-52.14232
-55.69099
-56.32444
-57.20805
-58.49247
-61.16244
-61.26364
-63.91111
-57.25751
-55.05453
-56.17555
-56.84999
-57.31816
-57.73594
-59.13046
-60.61055
-61.92252
-61.92913
-55.77202
-54.72048
-56.26326
-56.20095
-57.23823
-57.96469
-60.70564
-60.61070
-63.09320
-57.62975
-53.13526
-54.79286
-57.10294
-58.87104
-60.10870
-61.04451
-62.51625
-63.93895
-64.98704
-65.56664
-66.59283
-67.82691
-68.25816
-69.84913
-69.51935
-72.89919
-70.75869
-78.79196
-63.91671
-53.48045
-53.78772
-55.67920
-56.07331
-56.97016
-58.56495
-60.96811
-60.94635
-63.03756
-55.78040
-53.95697
-56.03806
-56.97293
-57.67745
-58.13791
-59.75906
-60.13163
-62.61785
-61.66278
-62.55603
-64.00994
-64.46421
-65.49655
-66.31924
-66.30648
-70.04095
-67.86950
-76.56254
-56.63099
-50.58833
-54.02966
-55.69370
-56.75293
-57.18185
-59.86138
-60.69703
-62.74335
-61.30935
-55.26840
-55.46409
-56.41623
-57.17098
-57.51665
-58.05583
-59.80946
-60.79318
-62.88122
-58.87258
-54.24855
-55.39532
-55.85346
-56.50358
-57.21019
-58.84002
-60.77271
-60.88316
-62.21645
-54.82701
-53.36374
-56.82435
-59.04159
-60.92453
-62.07309
-63.96398
-65.46802
-66.14967
-66.74979
-66.66972
-67.86740
-68.28788
-69.69930
-69.79535
-70.35920
-71.92877
-71.67374
-75.17623
-57.54614
-53.49466
-57.52081
-59.51109
-61.17414
-62.09938
-64.96476
-64.87579
-68.33094
-64.51458
-53.93701
-53.61246
-55.43563
-56.20972
-56.58954
-58.19689
-59.97861
-60.94457
-61.89320
-62.62534
-63.91035
-65.53055
-67.06817
-67.96576
-68.47959
-70.02071
-72.15131
-72.15581
-72.65900
-52.94659
-51.67638
-56.69385
-56.70777
-57.52508
-58.48295
-61.91895
-61.41867
-64.38563
-58.70711
-54.17959
-55.42658
-56.11513
-56.59710
-57.19271
-58.56209
-60.29422
-61.25573
-62.30460
-56.92073
-54.61021
-56.16669
-56.30166
-57.38055
-58.11374
-60.65049
-61.25657
-62.92641
-59.83310
-52.97776
-54.80343
-57.74357
-58.77630
-59.89252
-61.03775
-63.00296
-63.60809
-65.93693
-59.28222
-58.30487
-59.93559
-60.87173
-63.46927
-64.14840
-67.16907
-66.51062
-69.86580
-64.29932
-54.32027
-55.08723
-58.55774
-59.96663
-61.72281
-61.78941
-64.90835
-63.74840
-70.30994
-58.03954
-52.60138
-54.45679
-55.81303
-56.18241
-56.98275
-58.68307
-60.08310
-61.31426
-61.39117
-62.56137
-63.62844
-65.41188
-66.67229
-67.22884
-66.02621
-71.99263
-68.78903
-79.29888
-60.85055
-51.12679
-54.01137
-57.03632
-56.95189
-57.69743
-59.84159
-61.81654
-62.12390
-63.66027
-55.94202
-54.34486
-55.95668
-56.32993
-56.84530
-57.51654
-59.55742
-60.51752
-62.17914
-60.51510
-55.15534
-55.24812
-56.11532
-56.67854
-57.41209
-58.47644
-61.38227
-60.83321
-63.70433
-55.97861
-52.81896
-56.13470
-58.20731
-59.81186
-60.46102
-61.94707
-62.66745
-64.75050
-63.06793
-58.59252
-59.57433
-60.31352
-62.06544
-63.24678
-63.98790
-66.14636
-64.23708
-67.09499
-57.85137
-53.57554
-56.25861
-58.22283
-59.78474
-60.95972
-61.50521
-63.47102
-63.23006
-66.41524
-56.54403
-57.15926
-68.66985
-66.77185
-71.61405
-66.97073
-70.93165
-73.43252
-75.64665
-73.09799
-68.15258
-71.06452
-70.76684
-74.84973
-68.43239
-68.10558
-78.24380
-71.98080
-77.65486
-60.65822
-55.91666
-59.97219
-61.67883
-62.67383
-65.76352
-67.15608
-68.81908
-69.81426
-69.35878
-67.32229
-68.04373
-68.28789
-67.11196
-65.73357
-66.10015
-69.46694
-66.25746
-72.18230
-58.19170
-57.72868
-68.75276
-65.45617
-66.73257
-62.08719
-64.63471
-63.43876
-62.44954
-60.67440
-54.49007
-57.04451
-58.39631
-60.71528
-58.64247
-54.07646
-58.25119
-59.01246
-59.86785
-59.34496
-59.72977
-62.48136
-61.75823
-62.48250
-62.13728
-61.74254
-61.70237
-62.95619
-63.46451
-59.38785
-56.81778
-59.80741
-60.03065
-60.76942
-61.61739
-62.90790
-62.45321
-65.59652
-63.01665
-55.50124
-61.50527
-65.02842
-65.54484
-65.38320
-64.98899
-67.25586
-64.62649
-63.99934
-56.90873
-61.56421
-66.99189
-65.44307
-68.81523
-62.60749
-66.43416
-68.23417
-68.79130
-67.22821
-56.79440
-57.26273
-61.64167
-62.04243
-64.62925
-67.62006
-70.68521
-71.04721
-73.85892
-65.94557
-68.56093
-77.92175
-73.44875
-79.66185
-66.75776
-69.41829
-71.79131
-79.35671
-66.22464
-56.92486
-65.02486
-72.27876
-75.88637
-72.40345
-63.74047
-79.10024
-75.50092
-89.20624
-61.97876
-55.83585
-59.97240
-60.28155
-67.73857
-60.08865
-59.52422
-71.17277
-71.25147
-80.70864
-71.39440
-75.68237
-78.20607
-85.53065
-85.30728
-82.41208
-83.69230
-87.88389
-94.04282
-74.68425
-58.73408
-59.85670
-66.24483
-65.37236
-65.71368
-67.23750
-79.07323
-70.36426
-92.12627
-57.24429
-55.84673
-63.05578
-61.56090
-64.58795
-63.79155
-66.89535
-67.34415
-73.55949
-68.93223
-65.85379
-73.36728
-76.66792
-79.69023
-75.54659
-71.33785
-81.70603
-74.32682
-83.65443
-63.52286
-55.96325
-59.16514
-61.70946
-63.33572
-65.49315
-68.44577
-69.84407
-70.73911
-69.02269
-63.82033
-68.59513
-71.69519
-71.83725
-69.97052
-66.02898
-68.89508
-66.78278
-70.62614
-61.07837
-58.36935
-66.46149
-67.13855
-68.72553
-62.22936
-62.75954
-65.98759
-62.87082
-63.10846
-54.98221
-56.50566
-58.89391
-59.59829
-60.85809
-54.69785
-58.49738
-59.58557
-58.91405
-58.18303
-58.15076
-60.99053
-60.41066
-60.99373
-59.99801
-59.66815
-59.66752
-59.19594
-58.64798
-58.06821
-55.77624
-57.49293
-57.76055
-58.56288
-59.82491
-60.61498
-60.27704
-60.75628
-61.15897
-54.81605
-56.95725
-59.94285
-60.41538
-61.56977
-61.43046
-62.66124
-60.93973
-62.15475
-60.72819
-61.67715
-64.81750
-64.17032
-65.96192
-61.72306
-63.08614
-68.28305
-67.00107
-70.55986
-57.77030
-56.11937
-60.62635
-61.34451
-63.62754
-65.45643
-67.87407
-69.21630
-70.04075
-69.37472
-68.21290
-71.66218
-71.68189
-74.02871
-68.28662
-68.56797
-72.42126
-73.24258
-76.92254
-58.26518
-61.66144
-74.39370
-72.28295
-76.41944
-61.51827
-71.35908
-73.80070
-90.37829
-64.51365
-54.80428
-59.32686
-60.09057
-66.75083
-61.23994
-57.74556
-71.66650
-71.20821
-72.92076
-69.44795
-74.50495
-80.55253
-83.81974
-82.50796
-73.41551
-80.51666
-84.16457
-90.35037
-79.30723
-60.17916
-58.53357
-65.97863
-64.94331
-68.29519
-69.15328
-77.61969
-70.14426
-96.17986
-60.39815
-54.84018
-62.35901
-61.90693
-63.62000
-62.74632
-64.32581
-65.93401
-67.52095
-67.16829
-66.38997
-66.89727
-66.09740
-66.65500
-65.77598
-62.91421
-63.87190
-64.97223
-65.26838
-62.89405
-56.51879
-57.76599
-60.05417
-60.17670
-61.36617
-62.59568
-63.00521
-63.28406
-63.40842
-62.63599
-62.54686
-63.23179
-62.33358
-62.70662
-61.49630
-63.74495
-62.54289
-64.27861
-59.45427
-54.88959
-60.93457
-61.31897
-60.76584
-60.42230
-60.56554
-62.01183
-60.42409
-61.28358
-55.44630
-55.67368
-59.48072
-59.69344
-61.32574
-54.42297
-55.92839
-58.41062
-57.47624
-57.64996
-55.45862
-57.37035
-56.50943
-57.45843
-58.18652
-58.63966
-59.18108
-59.59960
-61.31731
-59.53275
-56.70200
-58.53136
-59.32016
-59.83570
-60.94417
-60.31337
-61.15169
-60.58226
-62.79896
-54.59483
-55.83675
-60.16598
-58.49119
-60.97482
-60.27487
-62.45829
-61.78428
-65.56635
-58.60790
-57.88004
-66.13290
-64.93341
-68.20079
-64.63683
-63.64312
-66.75716
-63.88526
-66.11747
-58.85493
-56.07111
-60.31997
-61.61587
-63.00096
-64.90983
-68.14093
-68.34922
-69.92255
-66.47640
-64.11020
-69.77973
-67.90582
-68.64298
-65.06309
-64.52812
-68.07742
-67.04922
-68.65676
-57.88618
-59.80592
-71.54704
-68.47253
-75.60187
-64.71288
-69.04459
-72.51779
-74.94915
-69.61848
-56.18272
-58.50676
-60.31130
-63.94152
-64.09034
-57.45233
-65.46598
-68.95561
-72.01475
-69.98828
-68.69301
-74.11170
-75.20368
-77.49518
-76.56561
-78.75258
-80.54788
-80.98392
-84.03117
-62.03969
-57.95976
-64.59541
-65.36286
-66.43575
-65.12221
-77.59521
-69.89287
-110.90578
-62.06636
-53.97357
-59.81761
-60.89380
-61.59798
-60.71910
-61.19796
-61.71097
-62.06844
-62.36071
-60.79716
-62.31858
-63.99828
-64.06704
-64.26165
-63.86201
-65.35392
-65.43966
-65.37937
-65.05255
-57.33486
-56.47418
-60.71498
-60.74196
-61.71820
-63.21122
-62.82134
-63.52556
-63.46194
-61.41443
-60.87166
-63.45252
-63.04558
-64.66894
-61.54241
-62.58580
-62.67193
-63.39333
-60.82769
-55.46322
-58.87117
-61.42470
-61.52371
-59.66600
-57.91623
-60.31448
-58.42762
-59.26379
-55.36159
-53.97335
-57.01693
-56.48579
-58.86746
-53.73184
-54.16337
-56.95459
-56.10739
-56.33792
-54.99458
-56.51274
-56.66370
-58.03558
-57.67216
-57.61270
-57.09662
-57.16867
-57.54495
-57.40384
-55.56518
-55.06776
-55.36660
-54.77441
-56.13864
-57.07092
-58.90075
-58.09438
-60.33740
-56.14826
-54.33193
-57.72451
-57.72292
-59.12386
-59.45735
-60.02899
-59.17444
-59.71956
-59.57816
-59.03447
-61.71890
-61.26845
-61.34189
-60.50131
-59.88884
-62.18955
-62.76478
-64.04866
-59.49027
-55.24384
-57.15328
-59.00080
-58.16650
-60.05408
-60.13219
-60.97179
-61.57873
-61.06725
-60.63236
-61.04303
-61.92871
-61.50309
-61.77611
-61.16547
-62.23317
-61.76608
-63.67620
-58.05548
-56.57904
-61.94237
-61.63891
-63.56841
-59.79049
-61.22295
-64.69701
-62.37808
-63.96769
-54.63757
-56.46790
-59.29020
-60.46453
-62.59892
-55.26568
-59.65674
-62.57473
-61.61057
-61.41786
-61.73264
-63.34800
-63.07195
-64.33920
-64.07625
-63.57129
-63.63697
-62.74895
-63.06571
-60.14936
-57.06160
-60.57550
-60.88857
-61.68086
-61.02602
-62.55075
-62.40330
-63.47238
-59.23471
-53.10378
-56.78545
-58.52487
-58.51437
-58.95504
-59.70733
-60.55802
-61.01104
-62.74061
-58.87101
-60.32394
-61.64162
-61.43256
-63.04742
-61.81922
-62.39845
-64.20694
-63.56701
-63.14674
-56.78141
-56.02635
-58.81046
-58.85667
-59.18852
-60.27961
-61.51798
-61.94266
-62.61875
-57.89245
-55.00375
-57.16560
-57.96522
-58.03777
-58.17645
-59.34377
-59.60203
-60.40121
-60.69713
-52.37327
-52.73501
-55.26292
-54.88527
-55.78381
-55.72210
-57.67125
-56.82092
-58.00999
-56.07684
-52.92135
-56.13931
-56.93415
-58.84137
-55.95381
-53.78304
-58.07305
-56.72541
-58.19320
-53.67877
-51.76739
-52.14143
-51.56291
-52.87349
-52.83746
-53.02420
-53.87247
-56.03932
-56.64785
-54.65649
-55.14550
-57.13489
-57.97815
-59.55359
-58.12347
-58.96671
-57.85964
-59.96890
-55.05751
-53.28484
-59.83210
-58.51258
-60.01823
-59.77993
-63.01867
-62.80263
-64.45973
-60.24436
-55.73179
-61.71708
-62.08860
-62.78227
-62.23294
-59.79996
-63.24494
-64.62406
-65.86406
-61.71351
-55.04674
-56.70406
-59.50917
-59.98929
-61.69811
-62.53431
-64.75331
-64.78579
-66.61943
-59.03403
-58.40479
-61.80748
-63.19916
-64.67035
-61.84941
-64.04147
-63.46659
-66.69485
-59.87562
-56.10863
-60.77753
-61.20358
-63.07249
-61.60621
-62.01435
-67.36237
-65.46080
-70.52192
-57.01308
-55.25307
-59.35112
-60.02375
-64.90515
-58.34997
-61.52451
-66.88047
-69.30929
-68.97921
-60.69231
-61.74811
-64.83657
-67.21552
-67.05715
-69.20903
-70.21129
-71.88310
-74.34842
-63.34634
-56.13446
-59.21300
-61.78888
-63.63759
-62.37052
-65.52640
-66.39475
-68.83039
-65.79039
-52.23830
-54.64352
-57.83181
-56.51928
-57.46066
-57.72388
-59.40737
-60.16562
-62.21554
-58.17763
-56.80986
-58.87626
-60.14083
-60.45641
-60.12082
-61.74526
-62.46803
-62.46017
-64.04088
-58.29540
-55.60763
-58.24883
-59.90953
-59.02196
-60.59314
-61.36796
-60.99449
-61.57406
-58.52899
-54.49262
-56.81342
-58.59116
-58.60595
-59.14327
-58.58149
-59.63388
-59.64992
-61.86720
-53.64806
-51.92168
-54.42887
-54.69640
-55.69333
-55.18908
-56.87177
-57.81420
-57.94768
-56.22536
-52.10217
-54.28581
-56.10520
-58.60751
-57.09690
-53.97158
-58.25595
-57.68407
-59.40693
-54.74265
-52.55083
-53.61171
-53.79623
-54.78666
-55.42281
-55.03258
-55.13935
-56.79318
-56.13826
-54.31311
-53.62321
-56.96556
-57.28650
-58.66600
-58.48200
-59.26004
-58.64481
-59.15678
-57.52596
-53.63131
-56.64611
-56.50618
-55.74370
-56.21522
-56.34893
-56.40503
-56.87821
-58.28834
-57.58248
-58.10179
-59.01367
-57.89699
-57.19744
-56.27525
-57.16918
-57.62496
-59.11017
-57.99727
-53.50652
-53.50934
-55.59775
-55.23049
-55.53598
-56.58382
-57.09724
-58.07552
-58.45912
-58.02023
-56.34604
-56.90590
-57.00611
-56.93338
-56.11706
-56.49996
-56.87338
-56.91326
-55.75529
-53.69732
-55.54935
-56.66155
-57.52846
-57.76634
-56.93328
-60.00860
-58.73193
-60.04219
-54.70414
-52.60904
-56.00472
-55.48883
-57.60601
-54.11281
-55.41386
-58.86950
-58.25830
-57.67551
-55.82633
-56.80533
-57.78206
-58.90223
-58.87802
-59.33102
-58.90091
-59.15301
-59.79795
-58.23928
-54.04095
-54.70567
-55.75976
-56.45942
-56.80648
-56.43722
-57.04462
-56.24797
-57.56339
-52.85082
-53.83462
-57.97228
-57.43040
-57.90233
-57.81614
-59.73306
-59.57680
-61.48485
-59.63020
-57.21853
-58.37087
-59.40261
-58.91737
-58.76449
-58.45528
-59.87998
-60.98088
-61.95214
-58.63604
-55.32561
-56.21908
-56.87795
-57.15007
-57.60907
-59.40335
-60.44839
-61.78179
-59.94613
-54.82542
-55.70790
-58.01020
-57.78030
-58.51288
-58.19710
-59.50659
-59.21014
-63.96734
-54.96352
-51.66393
-55.36297
-55.63142
-56.73299
-56.10647
-56.47795
-56.14795
-56.11020
-55.76208
-51.70778
-53.06567
-55.64920
-56.53111
-57.14071
-52.81281
-55.62472
-56.57971
-56.71393
-55.72341
-52.02414
-52.62136
-52.54287
-53.67955
-54.41209
-55.15286
-55.76575
-57.73331
-59.26633
-55.91954
-54.43032
-56.45800
-57.27010
-57.71074
-57.11588
-57.91692
-58.45142
-59.02500
-57.53572
-52.74633
-58.24081
-61.32467
-59.51227
-59.99245
-59.96539
-62.06840
-61.28712
-63.67928
-55.10933
-56.11534
-61.56168
-60.38177
-61.30790
-59.34212
-60.65155
-61.13366
-60.30490
-61.46716
-55.99163
-54.97849
-58.84973
-59.06905
-60.68589
-61.38638
-62.90815
-63.13379
-66.00274
-60.61021
-56.46550
-59.84196
-61.27612
-63.88998
-61.92942
-63.36036
-63.81273
-65.55346
-64.17543
-55.75605
-58.08139
-60.49841
-60.68156
-61.45313
-59.63921
-65.15195
-64.85175
-69.39236
-60.67608
-53.80229
-57.64493
-58.67051
-62.87272
-60.01369
-58.49084
-66.34585
-66.40871
-72.37227
-61.30580
-59.78740
-63.02888
-65.66127
-66.54238
-67.55658
-68.86696
-69.62701
-72.01933
-67.17384
-56.44073
-56.39299
-60.08385
-61.87375
-62.78795
-62.06769
-67.30128
-64.29607
-73.61841
-54.62431
-52.27618
-57.70322
-56.13823
-56.29597
-56.25938
-57.54336
-58.32361
-59.81438
-58.62916
-56.05437
-56.63997
-57.50152
-58.34157
-57.98170
-58.22762
-59.26277
-59.11938
-60.51207
-58.42344
-55.51342
-56.16192
-58.49430
-58.19457
-59.01095
-60.44480
-60.40607
-61.60151
-60.33335
-54.30493
-54.48779
-57.66845
-57.31639
-58.25408
-58.23816
-59.67680
-58.57570
-61.33853
-56.11384
-51.71966
-53.82276
-54.90222
-55.17070
-54.98793
-55.45405
-56.96682
-56.35691
-57.38294
-52.74728
-52.77444
-55.96700
-56.37611
-57.84779
-52.91071
-55.41046
-56.61295
-56.35724
-54.71998
-51.52013
-52.70125
-53.04390
-53.59181
-53.68640
-54.10117
-54.16091
-55.61444
-56.38130
-54.68272
-53.00933
-55.14316
-56.82536
-57.45631
-58.14279
-58.19782
-58.68010
-58.56703
-59.01950
-53.17849
-54.00475
-57.15693
-56.40080
-56.56111
-57.00688
-57.80030
-57.15890
-59.34938
-57.00009
-55.07981
-57.99204
-58.34451
-58.22480
-57.47358
-57.88554
-59.62875
-60.87486
-62.28769
-55.48178
-53.36677
-56.31862
-57.08771
-56.67123
-56.70835
-57.53306
-59.26982
-59.40054
-59.30724
-55.36010
-55.41411
-56.95604
-57.44874
-57.49471
-57.26880
-58.59121
-58.67792
-59.95369
-55.72836
-55.10744
-57.84876
-57.96631
-59.25013
-57.89437
-60.59606
-62.11915
-62.34311
-59.21886
-52.22235
-54.84367
-55.96124
-57.98853
-56.93507
-54.21944
-59.01460
-58.92917
-59.03785
-57.30596
-57.01996
-57.79243
-59.06201
-59.40272
-60.32138
-60.10947
-60.53328
-60.51687
-60.83423
-56.63427
-55.02221
-57.65838
-57.39943
-58.39190
-57.24290
-59.20086
-57.90415
-59.32974
-54.55940
-51.97548
-57.04688
-56.72391
-57.17979
-56.59519
-57.48506
-58.56074
-60.08150
-61.87728
-57.17173
-57.28973
-59.59163
-60.16998
-59.60295
-58.63087
-60.43093
-61.49521
-61.54559
-60.24031
-55.40917
-55.75867
-57.87877
-57.95611
-58.48241
-59.20620
-59.51450
-59.76910
-59.69124
-54.38039
-52.79504
-55.90865
-56.17715
-56.47337
-56.95007
-58.61264
-58.76869
-61.36859
-58.73256
-52.16241
-54.38441
-56.31378
-56.23760
-56.84608
-57.12328
-58.55818
-57.15473
-59.02177
-53.76245
-51.29752
-55.18335
-56.02639
-58.41718
-54.58784
-54.80137
-57.75888
-57.06177
-57.67850
-52.08180
-52.11167
-52.42677
-52.49173
-53.60996
-53.57758
-54.04493
-54.51054
-56.84107
-55.76839
-52.87481
-54.55158
-56.60588
-57.13050
-57.03347
-57.40245
-58.10116
-57.83743
-60.59555
-52.71156
-53.68167
-59.87300
-57.01486
-58.81617
-57.98371
-60.50214
-59.61408
-61.99004
-56.30931
-52.23761
-57.18983
-58.64683
-60.86422
-60.43006
-60.36728
-62.99756
-59.58540
-60.77006
-56.58389
-53.70248
-56.36790
-57.43393
-58.48874
-59.59845
-61.03929
-62.41440
-63.90146
-62.44600
-54.60125
-55.19526
-57.94348
-60.12483
-60.91790
-60.31611
-62.79006
-62.64404
-67.31362
-56.83782
-54.56119
-58.14318
-57.73877
-58.98573
-58.56258
-61.30654
-62.90047
-62.67493
-63.88713
-53.65067
-54.57243
-58.24043
-59.88554
-62.41203
-57.32219
-62.67195
-63.33865
-67.73238
-62.57378
-56.37729
-58.59243
-61.75591
-63.24987
-64.46426
-65.69719
-66.56583
-66.98716
-68.99492
-56.92911
-53.01069
-56.88999
-58.42148
-60.73235
-59.43978
-62.90814
-61.50678
-66.95320
-58.48274
-51.04107
-55.17445
-56.41245
-55.49309
-55.76785
-56.59754
-57.98009
-59.03024
-60.85764
-56.03117
-53.99266
-56.27337
-57.70097
-57.60525
-57.74690
-59.58158
-60.16966
-60.79500
-60.46748
-55.12469
-54.28667
-56.79820
-57.53685
-57.96693
-58.74308
-60.06594
-60.22708
-63.25758
-54.59823
-51.15759
-54.89720
-56.05803
-57.73864
-57.48758
-57.85875
-57.97198
-58.59775
-58.79758
-51.81072
-50.81131
-53.43111
-53.94215
-55.01424
-55.23349
-57.55508
-57.49989
-58.66600
-54.34043
-50.51792
-54.37324
-55.43282
-57.94167
-55.00407
-54.45990
-57.47694
-56.03133
-57.77666
-53.22754
-51.44080
-52.80694
-53.64734
-54.47192
-54.98295
-54.73616
-55.27822
-55.78784
-54.22574
-50.70909
-51.75093
-54.89219
-55.84047
-56.91800
-56.96229
-58.28905
-57.35374
-59.29739
-53.83959
-52.43402
-55.88183
-54.63189
-54.60542
-54.91848
-56.30405
-56.04526
-57.44267
-58.07427
-52.12244
-53.27096
-55.99784
-55.78745
-55.35184
-55.18763
-57.27063
-57.20103
-59.54540
-55.23129
-51.59181
-52.41506
-54.20345
-54.35985
-54.90966
-55.64201
-56.43404
-57.29191
-57.81148
-52.82156
-51.07134
-53.00404
-53.58730
-54.01893
-53.09270
-54.06190
-54.42285
-56.33456
-54.43882
-51.40662
-53.10348
-53.99886
-54.19579
-55.26008
-56.60261
-59.34024
-58.93413
-59.35288
-51.07955
-49.32985
-52.35188
-52.97767
-54.40907
-52.99552
-55.39418
-57.09641
-58.04682
-54.78794
-50.14531
-51.09734
-53.84084
-54.69465
-56.06544
-56.60146
-57.33429
-56.79912
-58.93744
-51.79139
-48.28656
-51.02809
-51.80600
-53.22634
-52.74682
-53.32786
-53.77551
-54.46364
-55.56523
-55.77436
-56.97879
-56.15032
-56.22486
-57.50773
-58.62526
-58.66960
-58.57393
-58.07959
-58.47559
-57.53054
-57.30005
-57.13637
-56.93386
-57.33800
-57.25218
-57.67269
-58.03630
-57.27877
-56.06588
-56.13418
-57.00642
-57.29135
-57.34205
-56.84364
-55.86644
-55.24601
-56.43024
-57.16133
-56.70250
-56.06369
-55.92935
-56.88019
-56.99122
-56.73767
-57.52214
-57.83683
-57.63852
-58.05243
-58.59009
-59.94097
-59.46242
-59.33146
-59.38833
-58.58607
-58.17411
-58.54922
-59.26519
-58.99870
-58.47764
-58.59489
-59.31686
-58.23144
-57.58588
-57.67424
-57.70997
-58.26712
-57.80394
-58.30684
-58.88509
-57.75488
-57.44161
-58.76888
-58.15258
-56.73031
-56.40399
-56.22912
-57.15484
-58.68385
-58.76609
-57.53521
-57.11096
-57.44975
-58.19135
-55.80948
-55.33776
-56.95669
-56.99643
-57.65995
-57.71210
-57.88130
-57.19810
-57.31511
-58.31692
-60.07782
-62.03943
-62.15486
-62.32477
-62.11227
-62.87437
-62.92152
-62.83868
-63.44369
-64.23082
-64.18788
-65.15101
-66.79074
-66.98191
-66.98262
-66.79711
-65.72668
-65.03893
-65.72619
-65.79126
-65.42305
-65.42725
-66.03779
-67.53508
-67.63350
-67.15114
-68.83530
-68.81109
-68.64872
-69.53368
-70.82437
-71.38126
-71.48181
-71.24746
-72.30055
-73.41797
-73.02825
-72.26781
-71.76796
-71.37636
-71.27618
-72.30172
-74.15102
-75.66746
-75.92393
-76.73277
-74.61412
-76.29179
-81.74511
-81.90652
-80.42554
-80.98994
-80.75459
-81.44032
-78.35993
-81.09392
-81.29936
-82.51213
-80.27307
-84.19536
-85.23762
-85.04882
-81.66620
-81.74670
-81.62098
-80.43819
-82.21219
-79.19426
-86.66883
-63.79993
-67.02332
-94.62293
-77.20897
-94.35435
-71.91270
-73.46741
-80.41522
-81.61574
-78.34174
-74.25930
-80.81558
-77.43496
-85.29479
-71.53951
-68.54459
-82.28147
-77.47591
-81.23921
-75.59314
-75.33797
-78.17379
-78.36618
-79.76400
-77.90498
-79.41133
-78.56887
-80.90323
-77.47617
-73.54102
-77.81467
-80.40988
-77.97837
-79.95355
-75.60293
-81.27958
-76.60073
-87.84475
-69.83506
-68.13816
-82.74259
-75.94394
-81.26265
-67.27957
-69.19637
-79.42190
-75.03567
-79.45918
-70.32211
-77.70513
-76.43316
-84.87345
-70.65863
-63.65964
-78.33847
-75.09851
-82.89087
-71.73415
-65.73733
-78.09462
-77.94708
-80.39894
-76.65196
-74.55075
-77.83100
-78.09503
-78.54215
-72.49088
-75.23064
-79.44744
-78.41823
-78.91950
-77.28204
-78.51324
-76.38917
-80.30675
-71.82764
-67.58570
-80.26468
-76.42810
-78.96338
-76.48740
-73.90370
-77.50432
-75.34528
-86.42182
-59.62212
-63.18308
-79.51793
-71.56299
-83.52479
-65.26619
-70.53640
-76.99140
-79.34468
-75.19982
-67.45038
-75.25793
-77.59576
-78.44173
-78.82107
-74.41381
-77.44192
-76.81742
-78.90445
-67.26673
-68.62913
-81.88238
-73.84029
-82.57706
-72.56647
-76.19216
-75.38093
-82.28342
-67.98861
-60.68608
-72.93105
-74.45745
-76.83296
-72.82325
-64.52663
-74.39997
-75.58041
-79.42359
-71.38084
-67.50214
-78.63826
-74.00321
-83.29392
-66.09425
-64.23859
-72.16296
-73.20607
-80.24161
-71.08246
-72.48342
-75.23271
-75.87890
-75.85183
-76.86871
-76.16482
-76.77291
-76.06704
-77.10603
-75.11774
-77.50300
-76.17040
-80.05121
-70.36971
-68.64165
-78.14364
-72.91636
-83.30584
-63.84150
-65.12660
-85.86256
-73.81637
-76.05365
-71.33834
-75.04422
-74.88995
-79.70947
-71.96127
-65.26851
-75.10009
-76.60969
-79.07741
-75.04819
-70.19725
-77.54540
-75.68316
-79.20678
-70.80225
-69.25674
-77.54431
-75.23564
-77.84775
-75.85157
-76.34476
-75.86342
-77.80184
-75.89891
-65.45809
-70.78750
-78.80381
-74.77160
-78.26888
-72.43296
-74.83857
-75.39257
-78.45197
-72.25924
-68.81036
-77.39615
-74.40623
-79.73472
-68.18404
-67.12406
-77.16138
-74.05258
-77.26953
-65.77831
-70.11687
-77.79791
-74.51893
-77.64422
-66.04953
-72.50770
-73.81093
-80.02011
-69.06026
-62.94043
-75.09060
-74.35040
-77.94163
-74.05531
-70.22195
-74.26982
-76.10307
-76.18757
-71.77846
-73.10354
-78.25744
-75.01688
-77.23316
-75.50099
-77.39221
-75.10101
-77.72296
-73.28839
-62.21479
-72.36421
-78.48640
-76.81266
-79.72891
-70.26668
-74.98571
-65.74355
-69.15623
-65.89605
-65.12015
-76.66365
-71.75131
-78.62385
-67.19292
-66.62479
-76.91997
-74.68134
-77.44991
-69.36988
-72.07225
-75.42938
-75.00961
-76.41138
-74.01498
-76.00269
-75.71380
-77.98360
-73.63185
-72.11881
-76.51967
-76.31753
-75.14116
-76.48190
-74.37603
-76.52780
-73.69936
-78.86946
-65.85733
-66.95277
-77.67297
-72.94625
-75.58716
-61.98143
-68.15022
-73.52816
-74.77808
-70.11354
-61.48669
-70.74420
-74.14321
-75.06778
-72.59097
-68.22292
-73.20262
-74.28759
-71.13206
-68.91265
-72.65207
-74.58833
-74.95167
-73.32925
-70.99721
-72.89264
-74.12475
-73.39801
-73.65512
-73.79870
-73.49148
-75.38208
-73.82028
-75.64958
-72.72237
-76.25814
-71.38927
-86.50074
-63.60611
-60.99228
-80.34828
-73.22567
-79.20758
-68.31251
-67.83644
-74.54899
-74.54391
-75.97594
-71.06216
-73.36762
-74.20500
-76.16116
-74.13309
-66.84236
-72.92966
-75.02549
-74.72855
-71.34118
-68.00655
-73.78206
-73.22241
-74.79946
-72.37040
-73.65943
-74.19642
-74.00167
-73.94133
-70.24442
-71.78476
-73.93714
-72.74317
-72.77958
-66.44273
-71.38481
-72.66342
-74.24643
-69.90359
-63.35347
-72.22785
-71.30049
-73.33915
-68.61311
-65.33541
-71.66990
-70.37347
-72.46233
-65.98962
-68.42807
-72.30139
-71.12540
-73.44929
-62.35032
-67.53381
-73.45478
-71.11551
-72.85755
-64.56254
-69.06492
-72.64387
-72.06263
-71.92576
-70.27871
-71.82409
-71.27142
-72.59307
-69.29561
-68.67755
-73.26221
-71.57095
-72.70402
-71.61981
-72.19406
-71.83325
-72.54084
-71.98193
-62.36919
-69.75086
-79.99435
-73.86035
-75.76192
-66.45566
-74.38631
-71.03560
-91.40240
-63.29569
-58.98005
-73.98605
-70.83579
-78.90890
-68.26303
-65.73640
-74.14576
-72.46823
-75.71415
-65.37898
-67.60118
-75.06355
-73.08519
-76.45962
-71.75781
-74.52158
-74.62623
-77.57792
-70.13810
-65.81855
-76.38574
-73.34465
-77.52177
-70.03371
-67.62553
-75.04300
-74.10633
-74.48272
-60.78318
-64.63752
-78.24596
-71.13225
-77.59692
-63.71200
-67.28789
-74.83532
-73.66233
-73.24352
-64.43324
-72.55410
-72.61362
-78.31880
-69.71707
-62.26420
-68.45305
-71.26271
-75.06140
-71.08116
-70.12720
-74.29270
-74.12074
-75.04051
-73.64766
-73.45518
-73.50766
-73.25716
-73.42771
-69.16498
-72.46010
-75.10187
-75.18113
-74.39295
-66.37675
-75.27087
-72.78555
-81.07080
-65.22142
-58.71708
-75.69638
-71.38378
-74.89188
-67.85491
-68.46961
-73.56914
-72.07341
-76.63783
-57.04439
-61.34789
-72.63296
-71.10518
-68.60262
-64.65845
-73.20724
-71.60453
-74.23137
-70.99213
-64.78828
-72.73889
-68.77076
-78.21763
-61.08404
-57.85853
-71.06279
-70.00191
-70.34946
-62.46314
-66.71098
-72.80801
-71.27346
-74.46200
-65.98849
-69.20779
-70.13897
-74.88322
-67.37730
-55.66564
-61.99857
-72.02354
-68.67933
-72.46333
-63.82235
-72.42200
-67.60551
-79.52944
-60.83504
-59.17598
-72.82718
-68.86460
-74.10416
-62.57737
-65.33358
-71.73447
-69.44506
-74.69960
-61.79552
-68.08645
-70.94775
-72.68233
-68.35375
-59.43867
-67.18349
-69.71149
-70.25340
-67.75215
-63.14468
-71.13464
-69.70078
-72.13957
-69.77294
-70.45509
-71.40781
-70.85151
-73.56032
-57.46535
-61.35803
-73.43413
-68.28116
-73.94249
-65.85818
-71.46163
-66.40482
-66.04077
-66.22341
-61.69961
-70.53066
-68.16973
-78.90764
-59.97021
-57.79507
-73.45791
-66.95816
-75.30790
-64.72559
-64.58909
-71.05782
-70.94649
-72.54298
-69.97560
-69.66887
-71.02848
-71.24539
-70.74188
-65.63322
-68.36208
-71.29224
-70.85453
-70.52759
-65.92456
-72.43091
-69.20586
-76.41298
-58.96415
-58.88315
-72.29473
-67.73854
-76.56555
-62.79398
-62.71265
-72.13463
-69.80040
-73.34381
-61.70345
-64.68542
-71.89159
-70.11278
-70.53402
-65.51362
-69.82833
-70.13928
-69.85858
-66.75707
-69.22179
-68.80062
-70.81479
-70.40241
-70.06853
-68.88622
-72.10793
-70.55452
-72.31412
-68.05473
-69.03352
-71.17358
-70.76218
-71.82731
-68.97475
-71.32141
-67.79415
-81.28093
-54.84715
-57.45108
-69.91244
-66.17792
-76.59698
-69.71206
-77.83213
-73.30572
-83.07878
-77.41106
-85.00539
-79.98593
-85.40393
-82.17914
-86.94137
-85.59972
-88.48035
-89.56280
-90.12512
-91.99172
-88.98168
-96.83660
-90.28771
-100.78228
-90.98882
-111.46136
-90.81054
-109.65492
-92.94995
-124.15329
-94.49768
-117.60906
-96.43226
-109.37616
-97.94131
-110.35460
-99.76940
-109.57207
-104.56751
-107.06771
-107.47853
-104.87066
-114.75070
-105.40354
-129.30628
-106.56902
-114.57240
-108.58291
-112.10951
-110.15495
-111.45556
-111.51061
-112.85459
