-85.02625
-70.43563
-63.69032
-64.79076
-65.06045
-65.96708
-65.42613
-66.54806
-66.66572
-68.92834
-69.52503
-70.62703
-70.80733
-71.24514
-72.35699
-73.19356
-74.05762
-75.64365
-75.26648
-79.95683
-69.15895
-62.60166
-63.49481
-63.80530
-64.37710
-64.64068
-65.75692
-67.67644
-68.54660
-69.98603
-63.20831
-60.81173
-63.88149
-65.67620
-67.96015
-67.54034
-68.88632
-68.81757
-72.08724
-68.53067
-61.77489
-62.36078
-62.94289
-63.20966
-63.88856
-65.66057
-67.68384
-68.08286
-69.34664
-65.37007
-63.36126
-67.16264
-69.32410
-71.05212
-71.90810
-73.94549
-74.01644
-76.49993
-72.40735
-62.98894
-63.19399
-67.27597
-69.69519
-71.34418
-72.34994
-73.97765
-73.22372
-77.62056
-65.51068
-58.92220
-61.49716
-63.50840
-65.56655
-66.04690
-66.80426
-67.72715
-68.68386
-70.64283
-60.97647
-60.09401
-60.57471
-61.53214
-61.60853
-61.64241
-62.47944
-63.27575
-65.61238
-65.80264
-66.28486
-66.38580
-67.39365
-67.92060
-69.18277
-70.39408
-71.13751
-72.37813
-73.41547
-61.32524
-58.31712
-59.78994
-59.98304
-60.52220
-60.57972
-62.75221
-63.83691
-65.49609
-63.85697
-57.32709
-57.97990
-60.87421
-62.66338
-64.08697
-63.68919
-65.19950
-65.32231
-69.34399
-60.66878
-57.34433
-58.82546
-58.89796
-59.44749
-60.28495
-62.51740
-63.76703
-64.60592
-64.07691
-59.81755
-60.52455
-64.26605
-65.67837
-67.43517
-67.81433
-69.93035
-69.58728
-73.37352
-63.51168
-58.32711
-60.90260
-64.32814
-66.52118
-67.76582
-69.19289
-69.87303
-70.67528
-70.81864
-57.60697
-55.49278
-59.08631
-60.24241
-62.81046
-61.92130
-64.08672
-63.37171
-67.67312
-62.40260
-56.16306
-56.56365
-57.07431
-57.88191
-57.40843
-58.32645
-58.73938
-60.78285
-62.00649
-62.21702
-62.31952
-62.74406
-63.78366
-64.72165
-65.73045
-67.29409
-66.81937
-70.91050
-63.94348
-55.11706
-55.09175
-56.06790
-56.22450
-56.62937
-57.33901
-59.58645
-60.08041
-62.31000
-56.55998
-52.72986
-55.60729
-57.56137
-59.68346
-59.73435
-60.74465
-61.14504
-63.16955
-63.04181
-54.37753
-53.93420
-55.01910
-55.31950
-55.90155
-57.14914
-59.42134
-60.06118
-60.83056
-59.66529
-59.42317
-60.69962
-62.11004
-64.01114
-59.03840
-61.05451
-64.81923
-64.90697
-66.46748
-56.14315
-54.96988
-58.91869
-61.27398
-62.97179
-64.02058
-66.16747
-65.72391
-69.91691
-60.37545
-51.43635
-52.95581
-55.74869
-57.38502
-58.56020
-58.45888
-60.17395
-60.12140
-64.15738
-54.41137
-51.84929
-52.70016
-53.21604
-53.80434
-53.60306
-54.77409
-55.28114
-57.56707
-56.63363
-50.83695
-51.81511
-55.45894
-55.39077
-55.88681
-56.71377
-59.24367
-58.94142
-61.60364
-53.61214
-50.28423
-51.52100
-51.84419
-52.49654
-52.60544
-54.32728
-55.84106
-57.21071
-57.10037
-50.47589
-50.09089
-53.51030
-54.86212
-56.86732
-56.19739
-58.14530
-57.82690
-62.23145
-55.64518
-50.38402
-51.57563
-52.02792
-52.59902
-53.18843
-55.13957
-56.82900
-57.60721
-58.20431
-55.13221
-54.06761
-56.63792
-58.65446
-60.22957
-60.88691
-63.24525
-63.47300
-68.19134
-59.56672
-52.16894
-54.29523
-57.97601
-60.19978
-61.74989
-62.65359
-64.66579
-64.10535
-68.72205
-53.00352
-49.47651
-52.98471
-54.29817
-56.93290
-56.41475
-58.44166
-57.97525
-61.16525
-58.32261
-50.87365
-51.32313
-51.85118
-52.61081
-52.77470
-53.14841
-54.04825
-54.77390
-57.89923
-53.11451
-49.81224
-53.31061
-55.15384
-55.00581
-55.32556
-57.64710
-58.85013
-59.98253
-58.70815
-51.13208
-50.56747
-51.71615
-52.19215
-52.48219
-53.14152
-55.24811
-56.12303
-58.43099
-53.59010
-49.30293
-51.34160
-53.58042
-55.65221
-56.50572
-57.10907
-57.97293
-58.73747
-61.78325
-52.29393
-50.60276
-52.08086
-51.96157
-52.79817
-53.61194
-56.25170
-56.77548
-58.53157
-55.94235
-51.44894
-53.71500
-56.97703
-58.53173
-60.18884
-61.28218
-62.79321
-63.29116
-65.17736
-54.88346
-52.47824
-56.22491
-59.07423
-60.93431
-61.69033
-63.46222
-63.15127
-66.65522
-60.90948
-50.41515
-50.91760
-54.56196
-56.08649
-57.78877
-57.18275
-59.10651
-58.17548
-62.87971
-54.19626
-50.76010
-51.88983
-52.22956
-52.89724
-52.34346
-53.65674
-54.10508
-56.34831
-56.98049
-50.70518
-50.54146
-54.57937
-54.88323
-55.30176
-55.98950
-58.85892
-58.71325
-61.52747
-55.31255
-50.10670
-51.25337
-51.95736
-52.42425
-52.67098
-53.95261
-55.87380
-56.75622
-57.97056
-51.48868
-49.57904
-52.67948
-54.53862
-56.73287
-56.21496
-57.82418
-57.74147
-61.12477
-57.69070
-50.74221
-51.31003
-52.02968
-52.30030
-53.03714
-54.61465
-56.86928
-57.16200
-58.54979
-53.56431
-51.67420
-55.65433
-57.74226
-59.57766
-60.34941
-62.30272
-62.47033
-64.74506
-61.55160
-53.05337
-53.50054
-57.53391
-59.45325
-61.47895
-62.52152
-64.38349
-63.49092
-68.46340
-55.48244
-49.49437
-52.35310
-54.37556
-56.72263
-56.77402
-57.90003
-58.45498
-59.92510
-60.75848
-51.46024
-50.78089
-51.72385
-52.45455
-52.90614
-52.89753
-53.95666
-54.57500
-57.77540
-54.47341
-49.76999
-52.24582
-55.15820
-54.94775
-55.50934
-56.87621
-58.83596
-59.12203
-60.42454
-52.24957
-50.30265
-51.68965
-52.04988
-52.58822
-52.89550
-54.97118
-55.90459
-58.07645
-55.21788
-49.68902
-50.83102
-53.42661
-55.15098
-56.72743
-56.74212
-58.17411
-58.11133
-62.21900
-53.85167
-50.40688
-51.93631
-52.04465
-52.64219
-53.43820
-55.80495
-56.89337
-58.02990
-57.22910
-51.93090
-52.94295
-56.62106
-58.08292
-60.18784
-60.72888
-62.99513
-62.67330
-66.10092
-56.89180
-52.59710
-55.44825
-58.55620
-60.59999
-61.73920
-63.11730
-63.59350
-64.89650
-64.39943
-51.53515
-49.95646
-53.63146
-54.85450
-57.38971
-56.61243
-58.74676
-57.99636
-62.72044
-56.66041
-50.94978
-51.62562
-51.95760
-52.81045
-52.52774
-53.34633
-54.30644
-55.64881
-57.80335
-51.75283
-49.88286
-54.01070
-55.18043
-55.23794
-55.47690
-58.24227
-58.66037
-60.73336
-56.75304
-50.69195
-50.86184
-51.74425
-52.28400
-52.53305
-53.44447
-55.62444
-56.57668
-58.30476
-52.83435
-49.36815
-52.23892
-54.25060
-56.40634
-56.31876
-57.40325
-57.99528
-60.06150
-59.63161
-51.29774
-50.90651
-52.14944
-52.15768
-52.87238
-54.02898
-56.85982
-56.96529
-59.36263
-53.51332
-47.95228
-50.99048
-53.41772
-55.27908
-58.45497
-59.82948
-61.71065
-63.19932
-63.28968
-53.82058
-53.10501
-56.47722
-59.54982
-60.97527
-62.81720
-63.75333
-64.20701
-66.48907
-58.66039
-48.51351
-49.27548
-52.70684
-54.01627
-55.72444
-56.75064
-58.34874
-58.43328
-61.90773
-47.85725
-49.08723
-54.05506
-52.36487
-52.80421
-51.64974
-52.91032
-53.85472
-56.83134
-55.74886
-50.71297
-50.80153
-54.81442
-54.43161
-55.72464
-56.35045
-59.25881
-58.70864
-61.66414
-52.41384
-47.32215
-49.22287
-50.87206
-51.87217
-52.15602
-54.14356
-55.58411
-57.69592
-55.59018
-49.35185
-49.69658
-53.30101
-54.03769
-55.81014
-56.40169
-58.13339
-57.34367
-61.34221
-55.07138
-49.52788
-51.29628
-51.60997
-52.04089
-52.85235
-54.54814
-56.06628
-56.65849
-58.40103
-50.13233
-48.48810
-52.41997
-53.23663
-56.62176
-58.94371
-60.63137
-61.06548
-65.08228
-57.66905
-51.20853
-51.97579
-53.53552
-54.27303
-55.07389
-55.69056
-56.80919
-57.74093
-59.38547
-52.23362
-47.72670
-51.31708
-53.46882
-55.43397
-55.79484
-57.87333
-57.21875
-61.17467
-56.31684
-48.07295
-51.79448
-53.37069
-52.55663
-51.94916
-52.19212
-53.42818
-54.70264
-57.96784
-52.58628
-49.79001
-53.02041
-55.50241
-55.14067
-55.75224
-57.29184
-59.26307
-59.91233
-59.49215
-49.15779
-47.55954
-50.42518
-51.24129
-52.20862
-52.59161
-55.12745
-55.89231
-58.48959
-53.98933
-49.42071
-51.33075
-54.42909
-55.67254
-56.96073
-56.74212
-58.19926
-58.72545
-61.61697
-51.99339
-50.61633
-52.03939
-52.02813
-53.01039
-53.57739
-56.61992
-56.47181
-59.35261
-54.91584
-48.58177
-49.33874
-53.74193
-53.35094
-59.67865
-57.69087
-64.42051
-60.10540
-70.04199
-53.97352
-53.44358
-55.01544
-60.58176
-59.65074
-63.38321
-63.51813
-63.64842
-68.15652
-59.49284
-50.12419
-47.47867
-55.27336
-50.54796
-65.81019
-50.39927
-61.35783
-47.30002
-46.41107
-30.86796
-24.43576
-30.55121
-36.35069
-47.57251
-48.47929
-55.03774
-52.22501
-57.13410
-55.60454
-50.47982
-50.28339
-53.57996
-55.36463
-53.34731
-57.40846
-56.40050
-60.61864
-58.40911
-55.90030
-46.86605
-49.18652
-49.90241
-52.36717
-51.33644
-54.25098
-54.87073
-57.57634
-56.55803
-50.39711
-49.28414
-52.95774
-54.17968
-56.01330
-56.31198
-57.24121
-57.70501
-60.05886
-57.97445
-49.94308
-51.18508
-51.73314
-52.11578
-52.35802
-53.93803
-55.64882
-56.29395
-58.68223
-51.55194
-48.07648
-52.13252
-53.43900
-56.09277
-58.49694
-60.70036
-61.49102
-64.10787
-60.51979
-51.94981
-51.63071
-53.20935
-54.30057
-55.24003
-55.91940
-56.71280
-57.59397
-59.17287
-54.03996
-47.73862
-49.89085
-52.53396
-54.24548
-55.10966
-56.94568
-57.57554
-59.38718
-59.64885
-48.47670
-50.71361
-53.83529
-52.66965
-52.08234
-51.71409
-53.60661
-54.19779
-57.67464
-54.05485
-49.73343
-52.04217
-55.34656
-55.07700
-55.78798
-56.83152
-59.02977
-59.07255
-60.89881
-50.44669
-47.29262
-49.92034
-50.99818
-51.79522
-52.62308
-54.48028
-55.83844
-57.86224
-55.75498
-49.76682
-50.90077
-53.78801
-55.39930
-56.56359
-56.52386
-58.18216
-58.35676
-62.27849
-53.30233
-50.34426
-51.89429
-52.02425
-52.69166
-53.53599
-55.84708
-57.01038
-58.07771
-57.17822
-49.07502
-48.92472
-52.65519
-53.52649
-57.76095
-59.32076
-61.54541
-61.78245
-65.88470
-56.77331
-52.48527
-55.19462
-58.59156
-60.53565
-61.95130
-63.27467
-64.01387
-64.67868
-64.60402
-50.55452
-47.91443
-51.99597
-53.01702
-55.78198
-55.62942
-58.76082
-56.77023
-64.79133
-51.32557
-47.04824
-52.96329
-52.09321
-52.86180
-51.89006
-52.53209
-53.69620
-55.09380
-57.09836
-52.36795
-50.14600
-53.46510
-54.54614
-54.83601
-55.80535
-57.70602
-59.24044
-60.76665
-56.89369
-48.09463
-48.00430
-50.54992
-51.61785
-52.11546
-53.15821
-55.20839
-56.79733
-57.98979
-51.11393
-48.77090
-52.26205
-53.69089
-55.13732
-56.29013
-57.80459
-57.51696
-59.23515
-59.27259
-50.64165
-50.48175
-51.92632
-51.64094
-52.56505
-53.57796
-55.92285
-56.00429
-58.69671
-53.08663
-47.89674
-50.95931
-52.99670
-55.08202
-58.86301
-60.07382
-61.67210
-62.75851
-62.35502
-52.51732
-51.34660
-53.17703
-54.07279
-54.76313
-55.47811
-56.30823
-57.51447
-59.32499
-55.74344
-48.28551
-49.35399
-53.11478
-54.34574
-56.15518
-56.44196
-58.26608
-57.99107
-62.01547
-49.68334
-49.78787
-54.13179
-52.68634
-52.32691
-51.82053
-53.45470
-53.71602
-57.14503
-55.17919
-50.07351
-51.34676
-55.25575
-54.91509
-55.51550
-56.40752
-59.05738
-58.85631
-61.75516
-52.16215
-47.17917
-49.26640
-50.98743
-51.80357
-52.39122
-53.91207
-55.89174
-57.39257
-56.76019
-50.07882
-50.21323
-53.40485
-54.77677
-56.90356
-56.22769
-58.28946
-57.82551
-62.12330
-55.10245
-50.54370
-51.81018
-51.97889
-52.67457
-53.22955
-55.30659
-57.06272
-57.41856
-58.62314
-50.10595
-48.55165
-52.64440
-53.57996
-56.83029
-58.76633
-61.10520
-61.46691
-65.60635
-58.49524
-52.60271
-54.35263
-58.03436
-60.10699
-61.63625
-62.98596
-63.95490
-63.89756
-66.43442
-52.61965
-47.71099
-51.15039
-52.78741
-55.37077
-55.60047
-58.54895
-56.88824
-63.30126
-53.55127
-46.71164
-51.63418
-52.41599
-52.51124
-51.65600
-52.07072
-53.15621
-54.71771
-57.13906
-52.49359
-49.66467
-52.34355
-54.99655
-54.44470
-55.58739
-57.02546
-58.46687
-59.21441
-58.89667
-48.99843
-47.85560
-50.25607
-51.02964
-52.16135
-52.63512
-54.76352
-55.91778
-58.35730
-52.44372
-48.91838
-51.46373
-53.64755
-55.51776
-56.09309
-56.85743
-57.77815
-58.72783
-61.29619
-51.74817
-49.84607
-51.98186
-51.67750
-52.47331
-53.01976
-55.45686
-56.00992
-58.14360
-55.01478
-48.26546
-50.30797
-53.14753
-54.60096
-58.44684
-59.31457
-61.34309
-62.02544
-64.59044
-54.06695
-51.25885
-52.76254
-53.90068
-54.85344
-55.75482
-56.45467
-57.35016
-58.49397
-57.48260
-48.93673
-48.43693
-52.35710
-53.23230
-55.63144
-55.47738
-58.33989
-57.26444
-64.26638
-50.90040
-48.63509
-54.05536
-52.95338
-52.80469
-51.81624
-53.08136
-53.56826
-56.23051
-56.33952
-50.47876
-50.62094
-54.88497
-55.13920
-55.72764
-56.11736
-58.97650
-58.64465
-61.76476
-54.05653
-47.48968
-48.93047
-51.10950
-51.70587
-52.20897
-53.81306
-55.87890
-56.87126
-57.69755
-51.06170
-49.71455
-52.85859
-54.49455
-56.64021
-56.18959
-58.15139
-57.69135
-61.42980
-57.00915
-50.51575
-51.24955
-52.10008
-52.41571
-53.12830
-54.70693
-57.11491
-56.90137
-59.27914
-51.51335
-48.05310
-51.54120
-53.27941
-55.95043
-58.67927
-60.54189
-61.66905
-64.51624
-61.08461
-53.17073
-53.72702
-57.57756
-59.72128
-61.65282
-62.47530
-64.23709
-63.52094
-67.89182
-55.01285
-49.52246
-52.50164
-54.50314
-56.71657
-56.93682
-57.98079
-58.30764
-60.45645
-59.72134
-50.73708
-50.34275
-51.63780
-51.61276
-52.17294
-53.70783
-55.71443
-56.96019
-57.29854
-57.80692
-58.56777
-60.53534
-62.07884
-63.26664
-63.88510
-64.96796
-66.50082
-67.93444
-69.01388
-53.56773
-51.71396
-53.62910
-53.41671
-54.19205
-54.42135
-56.48819
-57.18785
-59.90021
-55.90172
-49.34771
-49.89584
-51.31509
-50.95946
-52.43255
-53.37429
-55.91213
-56.03541
-57.73873
-52.76431
-49.51846
-52.48533
-54.41412
-56.45322
-56.48962
-57.60253
-58.46274
-60.53842
-59.79221
-52.30949
-53.52129
-57.99799
-60.11542
-62.26584
-62.72501
-64.90018
-63.96817
-68.02214
-56.80883
-52.15541
-55.25142
-57.85340
-59.71896
-61.04028
-62.77688
-63.89254
-64.63873
-64.04113
-51.15479
-49.73170
-53.30027
-54.71445
-56.80716
-56.31705
-58.34403
-57.72565
-62.49024
-54.41343
-49.23816
-50.50909
-50.99039
-51.55331
-52.35082
-54.54926
-56.24208
-57.06296
-57.56279
-57.13196
-57.63640
-59.45361
-60.44640
-61.14398
-61.56691
-63.80871
-64.19625
-69.44952
-59.24078
-51.40525
-53.01182
-56.80115
-59.22292
-60.69382
-61.57107
-63.22753
-63.43395
-67.26058
-54.27075
-50.94233
-55.07527
-57.69707
-60.24772
-60.63195
-62.75494
-62.84278
-65.04494
-62.70707
-57.10003
-60.81724
-62.17310
-64.23495
-65.39196
-66.56676
-68.96179
-69.26410
-74.60413
-60.12230
-56.81331
-59.33544
-60.67357
-63.35611
-64.45531
-65.70830
-67.03318
-67.44568
-68.78791
-64.27093
-65.03371
-66.54268
-68.86791
-68.39333
-72.33761
-70.61255
-73.84559
-70.67130
-73.45364
-69.11929
-74.31571
-71.82888
-75.97421
-72.84338
-74.05878
-75.93116
-72.62187
-76.55010
-47.96156
-48.50296
-53.23177
-52.41106
-52.26312
-52.10743
-53.75950
-53.36563
-56.92756
-55.38087
-50.60662
-51.04642
-54.66993
-54.22400
-54.97359
-55.18769
-59.05240
-58.85104
-62.37640
-51.61431
-47.12717
-49.80231
-51.04775
-51.75259
-52.48488
-54.32374
-55.67563
-58.19104
-55.34801
-49.06477
-49.61410
-52.91159
-53.72092
-55.88442
-56.04723
-57.57317
-57.08890
-62.07229
-54.21010
-49.56593
-51.56235
-51.65522
-52.30183
-53.24198
-55.03808
-56.08848
-56.37774
-56.69407
-49.30473
-48.24780
-52.00439
-53.89418
-55.13578
-54.56932
-58.93497
-58.20147
-60.10480
-54.97792
-49.95527
-51.06122
-51.77263
-52.75950
-53.69994
-53.66132
-55.32748
-57.18632
-59.06249
-51.25770
-47.86317
-51.96014
-52.98660
-54.81632
-55.27526
-57.42879
-56.62836
-60.22293
-55.22455
-47.74397
-51.85469
-53.32427
-52.43734
-51.72129
-52.04005
-53.52408
-54.60829
-57.38016
-49.72963
-49.16520
-53.79872
-54.81985
-56.05590
-55.12654
-58.31212
-59.64819
-59.48208
-59.12040
-49.15445
-47.72659
-50.56969
-51.01989
-52.25489
-52.88102
-55.05417
-56.17590
-58.29089
-53.29178
-49.03695
-51.77038
-53.60811
-56.06723
-56.17317
-57.35720
-57.46849
-59.74223
-59.71052
-51.55681
-51.08337
-51.87865
-52.19081
-52.93777
-53.27669
-56.28864
-56.94695
-58.50133
-55.47774
-48.49738
-50.36122
-53.07475
-54.87348
-56.32056
-57.34048
-61.49192
-62.08299
-65.40773
-54.56828
-52.68524
-56.18519
-59.19314
-60.64439
-62.50364
-63.32681
-64.11282
-65.47142
-60.82164
-48.84923
-48.75488
-52.58042
-53.90511
-54.90121
-55.39722
-58.68176
-57.57134
-63.93297
-48.51142
-48.13837
-53.45515
-52.29347
-52.39890
-51.55956
-53.32494
-53.43932
-56.65484
-55.57829
-50.26515
-50.23144
-54.19538
-54.26946
-54.36009
-55.48940
-58.01314
-58.28214
-60.87546
-54.35433
-47.61958
-49.01422
-51.22520
-51.64860
-52.11275
-53.48417
-55.41579
-57.12185
-56.52708
-49.27795
-49.38035
-53.07233
-54.08697
-56.14519
-55.63512
-57.32660
-57.48604
-61.28837
-57.34363
-49.77504
-50.88741
-51.88709
-51.70091
-52.74330
-53.42638
-55.62576
-55.35075
-57.53666
-49.76768
-48.08655
-52.45198
-53.40764
-56.14204
-57.05096
-59.38075
-58.06708
-59.72962
-56.03887
-49.64599
-50.26688
-51.82662
-52.67968
-53.87556
-53.51615
-54.85687
-55.80121
-57.91639
-52.05005
-47.21716
-50.21028
-52.66866
-55.16683
-55.67393
-57.30053
-58.58818
-60.06340
-58.78715
-48.61361
-50.50798
-53.92291
-52.45386
-51.90931
-52.79222
-53.84939
-53.41928
-57.27185
-52.44835
-48.79228
-52.29179
-54.81756
-55.10005
-54.57425
-55.55428
-59.01554
-58.75848
-60.19558
-49.35981
-46.95600
-49.99499
-51.43069
-51.98937
-52.25974
-54.94953
-55.95177
-57.94805
-55.11701
-49.80703
-51.22290
-53.50205
-54.86327
-56.14899
-56.44421
-58.08272
-59.01953
-62.75559
-54.12582
-50.55551
-51.82456
-52.08327
-53.00509
-52.86598
-54.73496
-57.05133
-57.71582
-57.23111
-48.81333
-49.01359
-52.81152
-53.53571
-57.13228
-58.11201
-61.01549
-61.60298
-65.44535
-55.99707
-52.44733
-55.26742
-58.77963
-60.65574
-61.79419
-63.41816
-63.98898
-65.10099
-63.49542
-50.55517
-48.11101
-52.28911
-53.38084
-55.64668
-55.75509
-58.95209
-56.95633
-64.66468
-51.08283
-47.21121
-52.48286
-52.16432
-52.38402
-51.47747
-53.31423
-53.11328
-54.70595
-56.47979
-52.25467
-50.48284
-53.65028
-53.79868
-53.53676
-53.51646
-55.64262
-57.69594
-59.04666
-55.75021
-47.60168
-48.31711
-50.13280
-50.84668
-51.63203
-52.68589
-54.52983
-55.30064
-56.30789
-50.27691
-48.61301
-51.95095
-52.69121
-53.64318
-53.49121
-54.48798
-55.31299
-56.79079
-55.95324
-49.20375
-49.78458
-51.19177
-50.93281
-51.94867
-52.94008
-54.99700
-54.58097
-56.24418
-50.87906
-47.71097
-50.35334
-52.54314
-54.16776
-52.96579
-54.75161
-55.69503
-56.12204
-55.24553
-49.74538
-49.30906
-50.03095
-50.42970
-51.81709
-52.03827
-52.79684
-54.41211
-56.76574
-53.66945
-47.96069
-50.41499
-51.92001
-53.17776
-55.48471
-53.78459
-56.37024
-56.24124
-56.62906
-48.86269
-49.71469
-54.59737
-52.68581
-52.49070
-51.65786
-53.20141
-53.12999
-56.23504
-52.07911
-48.18241
-52.19383
-54.79109
-55.47501
-54.90358
-55.77315
-59.79041
-57.34957
-59.12973
-51.33110
-47.20663
-49.34153
-50.65869
-51.43173
-52.27144
-53.79089
-55.13505
-56.75742
-55.64060
-49.52730
-50.41603
-53.18645
-55.24114
-55.84137
-55.24349
-57.30672
-57.04827
-61.35751
-53.26985
-50.29040
-51.87726
-52.05684
-52.72475
-53.01396
-55.14939
-57.01808
-56.86664
-57.82697
-49.59739
-48.24138
-51.93363
-52.94807
-55.80237
-56.24059
-60.19587
-60.19941
-64.84983
-57.76979
-52.34027
-54.70610
-58.25175
-60.21435
-62.08212
-62.70325
-64.05153
-63.92723
-65.80492
-51.98838
-47.62853
-51.31723
-52.88676
-55.26173
-54.64256
-58.81298
-56.67812
-63.86924
-52.75126
-46.77452
-51.56712
-52.22041
-52.00864
-51.01222
-51.92399
-52.49511
-53.62571
-55.36901
-50.88047
-48.94688
-51.91711
-53.53265
-53.34874
-53.35713
-54.99280
-55.34815
-56.42631
-54.85293
-49.08229
-47.59345
-50.03975
-50.93756
-51.03474
-53.26326
-53.62466
-55.10918
-55.53702
-50.71118
-47.95326
-50.89684
-52.49864
-52.92434
-52.77744
-53.29722
-54.58268
-55.00620
-56.04407
-50.29635
-49.74427
-52.03602
-51.71816
-52.55696
-52.21243
-54.67487
-53.53912
-55.43503
-51.50812
-47.31590
-50.92621
-52.24711
-53.72949
-53.61095
-54.78515
-54.50791
-54.29721
-54.12652
-49.70968
-48.73765
-50.16918
-51.88593
-52.60150
-52.93371
-52.87569
-53.58450
-54.90645
-53.32002
-47.80294
-48.28853
-51.56715
-52.66653
-54.10906
-54.40064
-56.12022
-55.20440
-56.78229
-50.62485
-49.08312
-52.65772
-52.20996
-51.75089
-51.69944
-52.86430
-52.57919
-55.18445
-54.99498
-48.88326
-50.15099
-53.99476
-54.14999
-54.12077
-53.12134
-56.26193
-56.45872
-59.35516
-51.84849
-46.59358
-48.26157
-50.25588
-51.06226
-51.20264
-53.13517
-55.00724
-56.15330
-57.54932
-52.51499
-51.94997
-54.45821
-54.96672
-55.07281
-53.95207
-55.69359
-56.15095
-59.22186
-55.26696
-50.35201
-51.20924
-51.70636
-52.01840
-52.51956
-53.25049
-56.18859
-56.06191
-58.43947
-51.44609
-47.94546
-51.63417
-52.73079
-54.94171
-56.26192
-57.38783
-58.08323
-60.78153
-56.17736
-51.99234
-53.71836
-57.36586
-61.22323
-62.30760
-64.32902
-63.58292
-64.18100
-64.80754
-54.70139
-48.08315
-51.26638
-53.94435
-55.25717
-55.52726
-56.78033
-57.15144
-58.75568
-56.07625
-46.25560
-49.82823
-53.06659
-50.87843
-51.54873
-52.52365
-53.60939
-53.43661
-56.24471
-54.46571
-51.67979
-53.33455
-54.71380
-53.24619
-53.15616
-52.74427
-54.94421
-55.43953
-57.43154
-49.67396
-47.34278
-50.36814
-50.96273
-51.73798
-52.23704
-53.94471
-55.00610
-56.35439
-52.85425
-47.76624
-49.38586
-52.10393
-52.49021
-53.01585
-53.55759
-54.38141
-54.89094
-57.60743
-48.72074
-48.08949
-51.82395
-51.19944
-52.32766
-53.59471
-55.40825
-54.82007
-56.78606
-53.28143
-47.64808
-49.19861
-51.87226
-54.03985
-53.85053
-52.15136
-55.84655
-55.51889
-55.95111
-51.92079
-50.10514
-52.68215
-54.38609
-55.00055
-54.85078
-53.74535
-53.69487
-55.19686
-56.09948
-49.11157
-48.21719
-52.15310
-52.55085
-55.84274
-53.89439
-56.26263
-55.04379
-57.55482
-50.80114
-46.61906
-52.57304
-52.21418
-51.95381
-51.72889
-53.05449
-54.11038
-55.14687
-55.53400
-48.90175
-50.00170
-54.26216
-54.62479
-54.97380
-54.36807
-56.49099
-56.25189
-57.20244
-54.06843
-47.80513
-48.45433
-50.68658
-51.30267
-52.31603
-53.03977
-55.23727
-56.03253
-57.16579
-50.94316
-49.11623
-52.32492
-54.19444
-56.07239
-54.63116
-56.50498
-56.28079
-59.25418
-55.96374
-49.22594
-50.57231
-51.83996
-52.39448
-53.17954
-53.87681
-56.97481
-56.65169
-59.70741
-51.85692
-47.94251
-51.19094
-52.84867
-56.45879
-55.53336
-57.43671
-61.49968
-62.92083
-62.72813
-53.38473
-53.32467
-57.12295
-59.52680
-61.43026
-62.93696
-64.08018
-64.12360
-66.91661
-56.81395
-47.96297
-49.80785
-53.30812
-54.72460
-55.03968
-56.48331
-58.22807
-58.60520
-60.31706
-47.31530
-48.50942
-53.53836
-51.56504
-51.75710
-51.47064
-53.01005
-53.41260
-56.28554
-53.64680
-49.37999
-50.81163
-53.77550
-53.93017
-53.58687
-55.14641
-56.60977
-56.87074
-58.33169
-51.58063
-47.64861
-49.21608
-51.42114
-51.54946
-53.04080
-54.29442
-55.18658
-57.06232
-53.63051
-48.33007
-49.84309
-52.62791
-52.82106
-53.87265
-53.44109
-54.89157
-55.14060
-57.18452
-51.12598
-48.58936
-51.45210
-51.25560
-52.09024
-52.02146
-53.09869
-53.64591
-53.47043
-53.90525
-47.13109
-48.67534
-51.29003
-52.25955
-53.21295
-50.60879
-54.48773
-54.23331
-55.07279
-51.22928
-49.00671
-50.33224
-51.02786
-52.09251
-52.78656
-52.97059
-53.45406
-54.60125
-55.30465
-49.79807
-47.50718
-51.01229
-51.90521
-54.08332
-53.85030
-56.09517
-56.38666
-56.68238
-54.66249
-47.58313
-50.66080
-52.98681
-51.19421
-51.69208
-52.53530
-53.17168
-53.63050
-56.82081
-50.53812
-48.99621
-52.96291
-54.24457
-54.64626
-53.44520
-55.70979
-56.74953
-57.99878
-55.47554
-47.84758
-47.98024
-49.96850
-50.40778
-51.17066
-52.14308
-54.42271
-55.13102
-57.28985
-54.16766
-51.44513
-54.98601
-56.84449
-57.46880
-55.81428
-54.58957
-55.18730
-55.86614
-55.71388
-49.73811
-49.99090
-52.13189
-51.93402
-52.98568
-52.56521
-55.58014
-55.80538
-57.86947
-52.78700
-47.84519
-50.09307
-51.84877
-54.32532
-53.56208
-53.75671
-57.67019
-58.61312
-57.91820
-52.72893
-52.20996
-54.43704
-56.84399
-57.98684
-59.18974
-60.30319
-59.33848
-60.69221
-57.03154
-49.20239
-49.00144
-53.44293
-53.21040
-55.04060
-54.49811
-57.03518
-56.04200
-62.01832
-48.75036
-47.09059
-53.46810
-50.86754
-52.02718
-51.24773
-53.98879
-52.40564
-55.77453
-54.35331
-51.56525
-50.39223
-53.35504
-51.78370
-53.19262
-52.03458
-55.83787
-55.32235
-57.43195
-52.34025
-47.39118
-49.09015
-49.32789
-50.31995
-49.53408
-52.70642
-51.05994
-55.73944
-51.24847
-50.70490
-47.22495
-54.63605
-48.79011
-58.87330
-48.26686
-67.97961
-46.89725
-54.43510
-37.02021
-23.92557
-26.52935
-32.39484
-40.45591
-48.80442
-51.31867
-55.09679
-51.93273
-55.84935
-47.31734
-48.55339
-49.80350
-54.09634
-51.98465
-52.13124
-51.33973
-55.44706
-52.52497
-53.20535
-48.01023
-49.64256
-48.83550
-50.54205
-51.36796
-52.90883
-53.90220
-55.37421
-57.59676
-51.07113
-48.03460
-51.24762
-52.38091
-52.96865
-53.33137
-52.32672
-54.79354
-53.98530
-54.65407
-46.64221
-50.04754
-53.49752
-51.89571
-52.06599
-52.25642
-54.06133
-53.74916
-55.82815
-50.10275
-49.34108
-54.40661
-54.47811
-55.10594
-54.25027
-55.16052
-56.78103
-55.52969
-57.35253
-49.44719
-47.43007
-50.35630
-50.91362
-51.80538
-52.68755
-54.31389
-55.31114
-57.55145
-54.21647
-49.02304
-51.32326
-53.54313
-55.30919
-55.39937
-55.75830
-57.26883
-57.82460
-60.82202
-50.94045
-49.78576
-52.27124
-51.91137
-52.97413
-52.96673
-56.06724
-56.84036
-58.89178
-55.55777
-48.22602
-49.72884
-51.86284
-54.32968
-55.67951
-55.00225
-60.12754
-60.84533
-66.28759
-55.82033
-52.58644
-55.80902
-59.09913
-60.66071
-62.32114
-63.34581
-64.21257
-64.75628
-62.52937
-50.06535
-48.25595
-52.69831
-53.97073
-55.36782
-55.18395
-58.69038
-56.96142
-64.48347
-50.54403
-46.76539
-51.81912
-51.59274
-51.38850
-50.39781
-51.48260
-52.01152
-53.10193
-53.80501
-49.95421
-49.79390
-52.17243
-52.84473
-52.24898
-53.37738
-55.05307
-55.44144
-57.15778
-53.32912
-48.57597
-47.71938
-50.61552
-50.77819
-50.95197
-52.77507
-52.78599
-54.07903
-53.52065
-48.61983
-48.02328
-51.13454
-51.34422
-52.21945
-51.64990
-52.98884
-53.03951
-54.61274
-53.29945
-48.85803
-50.40150
-51.35846
-51.32887
-51.66810
-51.85038
-53.84118
-52.40553
-54.19141
-49.06931
-47.22260
-50.31829
-51.22937
-54.01254
-50.98218
-52.51120
-53.85158
-54.44460
-52.74561
-48.68415
-49.06821
-50.37994
-51.30679
-52.00091
-51.93453
-51.58316
-52.59040
-53.48025
-50.71673
-47.23283
-49.72152
-52.03122
-52.95778
-53.30347
-53.63527
-55.00001
-53.87005
-54.86579
-48.75225
-48.42988
-52.07558
-50.94964
-51.08193
-51.22207
-51.46749
-51.48309
-54.21210
-52.35573
-48.09740
-50.90658
-52.22850
-52.45621
-52.05598
-52.90500
-53.56452
-53.91914
-55.51319
-49.19897
-46.56481
-48.24894
-50.22837
-49.83194
-51.30270
-51.71188
-52.96753
-52.94959
-52.65777
-49.92673
-49.87955
-51.81622
-52.03101
-52.15198
-51.64932
-52.27902
-51.98679
-52.67082
-49.74065
-48.33713
-50.36814
-50.93553
-51.68029
-51.67159
-52.26322
-53.24154
-53.45124
-53.91656
-47.07360
-48.76307
-50.95363
-52.35454
-53.12256
-50.64140
-54.14460
-54.35192
-55.76839
-52.32481
-50.79935
-51.91028
-53.95919
-54.61064
-55.34985
-54.71326
-54.30014
-53.94543
-54.73739
-49.22593
-47.57774
-50.19898
-50.58481
-51.36484
-51.06833
-52.46864
-52.57471
-53.60350
-52.99484
-52.20576
-53.91457
-55.25131
-56.52248
-56.74767
-56.75862
-57.60137
-58.61488
-59.75961
-56.79976
-58.06278
-61.28761
-61.68463
-63.36850
-61.71267
-63.87501
-64.66826
-63.91210
-63.64709
-61.38699
-62.88027
-63.50116
-63.33659
-64.16391
-63.68618
-65.72716
-65.11013
-69.33339
-62.33174
-62.54638
-70.22046
-68.38298
-68.82153
-67.76013
-67.09120
-68.81385
-68.70271
-72.74947
-63.80485
-67.37670
-73.73791
-76.04878
-70.79020
-60.15269
-70.55067
-60.33492
-65.62714
-65.76697
-61.67545
-65.81896
-58.93942
-67.61655
-68.68417
-70.64685
-70.55426
-67.44553
-72.82051
-71.33228
-75.55405
-81.71443
-76.53119
-77.23291
-80.86602
-78.10621
-85.68747
-74.68971
-90.81791
-61.29213
-63.37693
-95.44130
-72.59882
-86.30116
-69.44278
-73.26436
-76.00794
-82.07566
-52.33625
-47.73910
-49.78354
-50.74714
-52.24884
-52.73505
-53.79894
-54.16309
-56.79700
-57.06589
-58.57091
-58.33998
-59.24889
-59.47209
-61.13908
-61.84332
-63.75722
-63.03665
-68.69877
-53.83398
-46.42777
-50.01938
-52.46934
-52.86540
-54.27982
-57.09115
-58.45933
-59.41157
-59.11503
-51.27876
-50.72158
-51.81150
-52.32830
-52.80539
-53.25158
-55.29243
-56.41780
-58.32345
-55.03515
-50.40547
-51.17674
-51.91126
-52.46397
-53.34120
-54.86646
-57.17019
-56.72118
-59.15734
-50.61753
-48.52278
-51.58178
-53.20412
-57.07046
-59.02725
-61.21748
-62.64634
-63.54279
-64.27650
-63.87490
-65.71970
-66.24057
-67.52615
-67.84458
-68.24320
-70.46081
-69.45987
-78.35791
-53.84265
-47.64961
-49.74381
-50.97055
-51.72508
-52.67574
-55.23196
-56.18333
-57.74013
-56.37366
-48.09093
-48.23530
-50.24895
-51.10414
-51.91334
-52.88176
-53.80672
-54.97607
-56.90525
-56.76705
-58.06487
-58.09202
-59.23471
-59.82458
-61.31803
-62.16807
-63.54269
-63.94784
-64.12711
-49.02835
-47.10251
-51.51605
-52.07379
-53.40784
-54.71395
-58.39415
-57.74571
-61.11252
-54.87884
-50.20608
-51.20385
-51.80180
-52.40959
-52.54762
-53.84627
-55.75189
-56.83853
-58.01073
-52.36497
-50.08066
-51.80189
-51.67535
-52.80150
-53.34101
-55.90721
-56.42784
-58.23806
-55.74970
-48.75513
-49.85098
-52.36640
-54.55442
-57.83234
-59.08416
-61.79200
-62.24815
-63.80985
-63.72403
-64.28917
-65.44344
-66.69096
-67.41561
-67.62856
-69.03010
-69.52797
-72.34479
-66.17088
-51.36698
-49.57626
-54.66818
-55.26472
-57.32410
-59.74493
-63.07416
-61.82803
-67.78171
-56.06276
-48.33928
-49.52533
-51.41705
-51.97312
-52.97509
-55.09121
-56.64477
-57.47317
-57.92274
-59.73923
-60.16018
-62.54133
-63.14618
-64.82784
-64.60582
-67.86774
-66.45536
-75.61067
-58.53495
-46.82542
-48.80533
-52.59547
-52.57705
-54.03951
-56.14730
-58.67556
-58.39703
-60.93726
-52.51073
-50.27778
-51.67597
-51.98870
-52.45472
-52.82087
-54.86879
-55.94734
-57.81208
-56.34212
-51.00865
-50.84225
-52.22577
-52.17366
-53.48177
-54.09233
-57.31879
-56.32009
-59.91995
-51.94583
-47.79455
-51.93551
-52.55177
-54.89977
-56.41808
-58.07515
-60.02198
-61.72228
-61.99721
-57.90413
-59.29340
-60.46782
-62.40511
-64.48783
-64.80541
-69.54628
-65.25029
-82.21092
-55.31516
-49.26211
-52.97498
-53.96356
-55.72118
-56.27143
-57.89714
-59.52180
-60.85241
-64.10932
-50.83732
-47.96275
-50.80634
-51.17411
-51.92354
-53.80080
-55.47417
-57.02692
-57.45535
-58.60984
-59.40944
-60.44374
-62.22792
-63.06669
-63.93581
-64.54153
-68.12345
-66.05366
-76.96514
-51.49186
-46.42013
-50.82662
-52.46167
-53.25119
-54.43544
-57.82528
-58.45896
-60.18235
-57.66936
-50.69256
-50.86182
-51.77053
-52.32672
-52.53710
-53.56210
-55.43812
-56.48710
-58.34042
-53.94299
-50.48961
-51.81471
-52.08631
-52.87594
-53.63654
-55.49940
-57.40685
-57.27433
-58.71102
-48.96163
-48.90116
-52.60600
-53.38811
-56.23308
-56.49512
-59.58848
-60.09941
-63.16245
-59.61293
-57.61523
-59.89796
-60.55742
-63.76375
-63.81232
-67.31215
-67.04786
-68.55841
-68.84890
-51.11714
-50.23302
-53.94619
-54.09693
-56.55055
-56.09319
-59.51247
-58.50723
-65.70544
-56.61674
-47.99793
-48.79641
-50.36799
-51.77896
-52.26396
-53.20155
-53.86510
-55.74549
-57.18457
-57.32286
-58.26769
-58.28101
-59.50258
-60.10286
-61.68788
-62.75564
-63.54135
-65.68120
-60.48022
-47.58990
-47.64571
-51.95425
-52.20664
-53.51746
-55.34219
-58.46014
-57.88994
-61.21131
-53.02378
-50.12689
-51.47186
-52.03360
-52.35931
-52.77245
-54.25035
-55.82029
-57.18605
-57.34054
-51.74179
-50.44810
-52.21141
-52.04034
-53.19539
-53.81480
-56.59766
-56.57325
-59.11820
-53.97982
-48.58326
-50.56853
-52.89243
-55.27584
-58.35225
-59.68802
-61.66735
-62.35676
-63.60615
-63.57649
-64.29527
-65.67401
-66.34348
-68.05359
-67.18409
-69.99942
-68.27389
-77.09254
-60.43160
-48.52943
-48.43675
-50.98052
-51.22169
-52.39459
-54.00671
-56.62316
-56.30508
-59.16407
-50.35181
-47.41812
-49.79263
-50.90314
-51.71025
-52.27673
-53.59956
-54.14936
-56.58431
-56.60317
-57.71595
-58.08370
-58.72470
-59.42115
-60.79768
-61.64723
-63.57122
-62.86642
-68.14105
-53.07866
-46.33788
-49.69506
-51.97489
-52.61534
-53.78127
-56.94758
-57.72726
-59.47848
-58.24014
-50.66372
-50.56494
-51.64715
-52.14135
-52.49343
-53.15603
-54.97623
-56.24661
-58.01794
-55.04213
-50.27545
-51.11516
-51.88334
-52.33693
-53.21498
-54.57549
-56.90181
-56.65351
-58.84330
-50.52306
-48.52856
-51.65408
-53.37937
-56.74625
-58.69653
-60.84462
-62.31149
-63.15701
-63.85973
-63.57782
-64.83984
-65.54288
-67.01814
-67.19366
-67.80394
-69.55302
-69.22851
-73.60291
-55.08707
-48.95866
-52.59957
-55.45027
-56.04817
-58.87166
-62.02883
-62.40543
-64.50441
-62.81475
-49.51416
-48.36339
-51.01400
-51.67970
-52.36149
-54.26055
-56.08154
-56.86913
-57.63066
-58.88530
-59.92158
-61.11769
-63.23299
-63.65610
-65.05504
-65.60747
-68.32699
-67.75015
-70.92186
-49.20131
-46.96328
-51.85450
-52.28124
-53.54438
-55.00122
-58.65174
-57.96862
-61.28109
-55.31428
-50.04875
-51.17206
-51.74154
-52.28198
-52.64604
-53.87434
-55.70015
-57.03872
-57.87251
-52.87242
-50.23405
-52.02091
-51.99504
-53.09052
-53.71507
-56.09790
-56.87708
-58.25490
-56.14292
-47.79651
-50.11864
-52.88568
-53.70034
-56.37165
-56.98265
-59.85079
-60.14858
-63.03913
-58.76240
-58.36084
-60.04333
-60.86889
-64.23975
-63.62205
-68.43508
-65.87924
-72.03244
-62.66716
-50.03926
-51.24333
-54.10827
-54.77818
-56.58269
-56.68826
-59.80952
-58.96229
-65.91542
-54.51940
-47.48820
-49.53715
-51.74594
-51.50498
-53.04214
-54.84488
-56.42039
-57.26319
-57.86756
-59.06714
-59.76447
-61.72334
-62.61018
-63.96769
-63.71461
-67.23999
-65.75309
-74.97056
-58.10480
-46.86879
-48.91393
-52.58580
-52.56228
-54.06875
-56.31291
-58.66016
-58.56801
-60.99838
-52.17083
-50.11688
-51.54227
-52.01490
-52.43366
-52.94746
-54.84403
-56.12410
-57.76130
-56.39011
-51.15458
-50.92659
-52.31103
-52.24889
-53.57193
-54.11562
-57.26946
-56.14958
-60.21618
-51.69615
-47.71465
-51.89365
-52.87603
-55.12463
-56.25449
-58.20806
-59.86758
-61.16919
-61.22036
-57.90755
-59.80424
-60.35031
-62.63042
-63.80169
-63.73372
-67.14832
-63.16477
-71.39806
-54.47046
-49.37656
-52.74261
-54.07005
-55.55428
-56.40851
-57.51689
-59.61996
-60.18658
-64.39948
-52.84687
-52.52818
-62.75290
-62.98831
-69.53018
-62.69334
-66.30767
-71.53830
-73.19626
-72.07153
-64.75642
-68.25809
-68.83056
-72.93656
-66.00302
-63.45576
-79.32462
-69.26896
-94.83120
-55.79938
-48.88983
-52.92127
-54.74451
-55.85146
-59.54331
-62.29108
-64.55575
-66.09064
-66.98698
-64.87027
-66.47792
-66.95492
-66.52797
-64.58829
-63.82438
-67.53027
-63.86712
-74.50162
-54.28754
-53.17468
-67.18138
-63.74476
-68.68218
-59.42352
-62.13222
-64.09199
-62.43115
-60.58354
-50.08623
-50.48608
-53.09521
-55.53977
-56.20835
-52.46764
-57.18011
-58.32901
-59.05527
-58.03612
-58.62172
-62.45630
-62.06372
-62.16702
-61.88694
-60.96651
-61.78898
-62.50492
-65.16048
-55.98043
-49.68220
-55.50737
-57.23661
-57.00949
-60.01337
-61.79949
-61.62446
-64.97035
-60.57330
-51.78212
-57.49204
-62.00104
-64.92981
-63.87382
-63.74545
-66.24002
-64.10016
-64.26005
-55.61875
-60.89507
-67.21637
-64.62559
-68.30859
-59.05800
-64.12381
-71.84140
-68.03739
-69.76071
-51.10142
-49.91604
-54.57428
-54.88525
-57.75708
-61.30699
-64.55566
-65.07543
-70.36663
-61.13634
-63.86552
-77.56194
-70.75107
-81.95519
-63.84522
-66.43128
-70.83544
-77.09172
-64.33352
-53.77974
-59.77453
-68.60639
-72.31930
-70.12646
-59.69934
-74.97073
-73.09849
-79.28171
-58.49273
-49.72675
-52.02851
-53.33168
-58.20496
-56.63445
-57.22007
-66.65407
-67.33216
-74.14199
-67.57628
-71.26605
-74.95586
-83.66431
-80.47069
-79.91746
-76.07760
-92.48648
-82.13141
-74.19745
-51.78398
-51.15434
-59.10839
-57.09880
-58.94388
-62.07013
-68.22103
-63.30961
-78.85937
-52.74600
-50.98228
-56.23048
-54.31173
-56.46486
-56.47359
-58.71923
-59.74418
-64.68685
-62.48822
-61.97831
-65.97763
-70.06375
-71.69577
-70.41020
-66.99045
-80.37383
-71.92520
-89.08056
-60.04467
-49.22053
-51.71217
-54.80935
-55.87529
-58.86700
-62.18493
-64.79247
-66.54852
-67.10470
-61.00500
-66.48881
-71.80254
-71.58331
-69.97267
-63.52335
-67.43729
-65.96868
-72.01008
-59.70423
-54.53419
-63.54394
-65.77893
-69.54352
-59.70196
-59.32858
-67.17829
-62.10051
-65.40921
-50.74850
-49.96853
-52.99229
-53.90327
-57.28775
-52.53586
-56.66239
-58.28208
-58.42057
-57.06180
-56.82700
-60.42482
-59.64183
-60.52272
-59.45861
-58.60914
-59.18232
-59.36044
-60.11700
-56.89809
-49.64035
-53.59988
-56.06777
-55.94458
-59.10124
-60.96774
-60.12554
-60.78482
-60.66839
-50.43565
-52.87224
-54.68790
-54.36696
-56.20410
-56.73215
-58.54254
-59.36607
-61.41840
-58.83333
-59.05748
-63.48202
-63.63640
-65.83131
-60.27216
-60.48073
-70.88851
-65.07265
-76.32688
-52.30099
-48.96693
-53.79536
-54.78280
-57.09063
-59.84882
-63.02331
-64.90272
-66.87320
-67.96699
-65.86912
-69.91647
-70.73892
-73.52831
-67.26995
-66.62131
-71.95289
-71.25184
-78.83383
-55.09644
-56.76480
-69.98676
-69.00115
-75.65031
-57.08899
-65.63967
-73.53138
-101.14414
-62.77548
-49.29392
-51.33215
-53.34115
-57.43439
-57.04888
-55.32110
-66.40253
-66.49059
-72.32852
-66.14810
-68.89654
-76.01573
-80.23733
-80.23048
-74.73640
-75.42728
-86.72113
-81.72004
-83.30385
-53.89143
-50.18598
-58.08929
-57.45235
-59.41380
-62.33975
-68.30261
-62.60405
-79.81146
-54.88900
-49.29091
-56.25284
-54.97043
-55.60360
-55.73824
-57.40249
-59.12692
-61.49034
-60.94544
-62.35343
-61.93160
-61.46255
-61.90850
-61.24975
-58.65508
-59.40519
-60.62743
-59.89919
-59.27727
-50.34787
-50.64575
-53.24035
-53.06037
-54.48407
-56.30263
-57.09440
-57.64322
-58.40667
-58.20034
-58.62807
-59.47757
-59.04882
-59.86806
-58.42559
-60.21757
-58.69030
-61.42846
-55.97086
-50.59329
-58.33232
-59.86761
-59.65429
-58.60754
-57.12441
-60.65839
-58.61360
-60.73893
-52.60443
-49.84709
-53.37840
-55.50174
-58.30462
-53.01707
-54.26796
-57.14251
-56.08962
-56.22382
-53.87421
-56.06780
-55.61226
-56.12737
-56.79345
-57.18194
-57.22526
-57.92498
-58.95800
-56.69181
-50.57473
-52.79118
-55.85847
-56.01248
-58.25262
-57.55626
-59.22372
-58.81946
-60.42724
-49.66127
-51.19251
-55.27874
-53.69975
-55.99494
-55.98051
-58.38915
-58.28865
-63.51604
-56.70454
-56.51213
-64.47094
-63.95838
-67.18826
-61.81682
-60.11826
-67.61764
-62.66670
-68.01737
-55.11010
-49.22241
-53.08019
-54.81528
-55.85294
-58.92253
-62.84489
-63.19709
-66.39646
-62.95288
-60.01531
-68.63532
-66.38507
-67.92801
-63.41769
-61.97836
-67.54620
-66.14065
-67.88069
-55.18377
-55.57923
-66.93291
-65.40751
-74.36243
-61.37049
-65.83166
-73.12611
-73.40277
-68.95039
-50.96511
-50.96354
-53.11810
-55.76903
-58.45623
-55.09767
-62.78543
-66.07620
-70.94160
-68.38199
-67.99322
-72.69220
-76.93502
-77.31371
-77.65740
-74.68827
-82.54799
-77.97830
-95.63091
-56.57130
-49.86016
-56.38481
-58.31612
-58.24759
-60.07867
-68.69048
-62.85421
-76.30976
-57.24644
-49.69883
-54.36122
-54.37165
-55.19948
-55.65503
-56.60257
-56.32812
-57.93549
-58.30536
-57.77457
-58.93555
-59.80300
-60.62161
-60.82179
-59.96918
-60.98801
-62.18412
-62.06596
-62.72190
-51.98318
-49.23387
-54.48915
-54.47711
-55.65308
-59.27199
-57.87620
-60.59155
-58.98202
-57.65938
-56.36585
-59.40992
-59.20169
-59.99298
-58.29408
-59.05104
-60.01292
-59.92524
-58.87269
-52.82183
-56.55799
-59.91601
-60.19368
-58.75364
-55.43547
-60.41477
-57.36698
-60.45742
-52.55796
-48.63718
-51.96632
-52.26020
-56.08056
-51.91667
-52.61207
-55.29891
-55.40226
-54.53016
-53.05662
-55.19055
-55.19072
-56.65455
-55.88455
-56.39621
-55.39808
-56.77908
-56.97752
-57.47304
-50.55939
-50.91894
-54.99580
-53.60355
-55.76903
-56.51347
-59.02000
-56.35085
-59.68129
-52.50908
-50.88029
-54.32441
-53.41866
-54.90755
-55.61404
-56.63123
-56.92219
-58.42724
-58.27483
-56.96780
-59.41066
-59.64926
-59.69520
-58.50972
-57.20028
-60.94835
-60.42098
-62.69047
-56.08452
-49.06587
-50.70597
-55.15852
-53.66351
-57.20753
-57.82886
-58.39422
-58.91379
-57.44535
-58.08546
-57.87031
-59.92599
-59.47197
-59.56645
-58.57359
-60.12830
-58.87718
-60.32521
-55.13549
-53.05760
-58.96534
-58.71754
-60.75391
-56.64345
-57.45136
-62.62212
-59.79078
-62.87584
-50.13388
-49.77921
-52.68144
-54.62018
-57.86056
-52.86757
-57.40701
-59.71289
-59.93162
-59.11854
-59.09651
-59.26213
-59.87632
-60.29882
-60.31480
-60.18827
-60.37064
-59.76755
-60.42527
-56.30541
-49.70279
-53.72813
-56.44015
-56.36150
-57.11694
-59.27747
-59.06457
-59.90634
-56.62973
-48.34936
-52.51714
-54.81428
-53.30500
-53.87472
-55.37305
-56.15772
-56.36514
-58.23583
-55.58843
-57.78267
-58.43955
-58.36758
-58.74912
-57.53041
-56.97566
-59.35012
-58.14972
-59.21479
-51.07283
-49.25688
-52.19860
-52.12444
-53.01577
-54.46196
-55.46966
-56.27065
-57.16842
-53.82986
-52.35554
-54.92085
-55.92059
-56.03903
-55.63237
-56.68665
-56.93298
-57.29160
-58.51192
-49.09159
-51.00570
-55.04066
-54.09511
-55.38758
-54.13463
-57.10545
-55.39530
-57.11395
-54.14444
-48.95132
-50.87863
-53.46719
-55.72102
-54.29557
-52.46633
-56.51001
-55.53261
-56.44971
-51.52657
-50.25233
-50.83837
-50.31609
-51.57931
-51.48546
-51.69815
-52.60564
-54.44216
-55.26400
-50.49556
-50.41240
-53.72296
-54.18194
-58.25564
-54.89380
-57.25867
-55.94048
-58.98321
-51.19741
-48.36977
-56.05745
-54.69079
-55.39560
-55.27650
-58.22013
-58.14899
-61.29146
-57.47687
-53.75312
-59.42430
-59.69661
-60.45955
-59.42022
-56.12698
-61.27388
-62.75748
-63.20357
-59.20552
-48.78478
-49.99803
-53.58368
-53.79737
-56.17836
-57.92243
-60.24426
-61.00367
-62.76101
-55.84134
-55.55506
-58.95567
-60.40231
-61.96663
-59.63405
-61.94071
-62.07536
-66.27093
-58.31298
-52.97662
-56.94608
-57.82288
-58.98024
-58.19865
-58.30129
-64.29430
-62.05137
-68.64840
-53.41361
-49.42316
-52.26049
-53.69828
-58.56532
-55.88649
-59.24544
-64.35460
-67.01561
-66.15404
-58.55394
-59.64289
-63.23678
-65.76119
-65.83886
-68.39037
-68.79504
-70.83386
-72.57046
-60.25536
-49.60885
-52.39803
-57.05861
-56.99580
-57.53050
-61.78525
-62.22567
-64.65557
-61.52141
-48.02663
-51.04271
-54.54407
-53.26844
-53.90904
-54.40671
-55.90124
-55.81814
-58.36682
-54.76411
-53.71002
-55.72703
-56.97851
-57.14306
-56.62308
-58.24620
-58.93722
-59.61810
-60.80530
-53.60648
-48.89376
-51.48270
-54.68230
-53.43114
-57.13078
-57.11265
-58.30184
-59.03520
-54.90985
-51.25751
-53.89580
-55.73566
-55.53365
-56.09268
-55.71711
-57.42821
-56.73819
-58.97535
-51.73831
-50.82158
-54.61588
-54.25277
-55.20457
-53.55267
-55.94736
-56.46499
-57.10850
-55.75070
-48.02945
-50.14325
-51.88215
-54.49790
-54.39010
-51.90088
-56.16786
-55.80234
-57.97390
-52.04647
-50.86995
-51.99611
-52.53617
-53.32004
-54.34221
-53.40715
-53.84196
-55.59076
-55.29534
-51.11692
-48.90622
-54.00333
-54.82075
-56.52137
-56.57216
-58.55597
-56.93148
-57.85098
-55.04451
-49.55373
-53.23209
-54.34098
-53.20889
-53.52029
-53.59106
-53.74512
-54.47937
-56.18521
-55.70614
-55.49451
-56.25673
-55.43244
-55.19041
-53.45477
-54.61623
-55.38784
-56.62473
-54.84767
-48.62425
-48.31722
-52.21127
-52.03901
-52.68611
-53.87277
-53.70136
-55.43948
-55.19876
-55.34738
-53.58774
-54.30596
-54.14493
-54.15051
-53.86354
-54.47337
-55.14115
-55.18235
-53.77564
-50.88052
-52.51176
-54.46491
-55.36128
-55.34386
-53.97797
-58.10156
-56.81269
-58.68612
-51.56241
-48.20575
-51.62662
-51.99294
-54.91460
-52.17359
-53.49239
-56.34980
-56.29703
-55.25074
-53.82391
-54.36529
-55.18487
-56.35376
-56.37648
-56.95329
-56.39688
-56.91949
-57.02055
-56.00912
-49.38878
-50.14035
-52.86467
-53.35003
-54.50794
-54.39944
-55.72587
-54.27074
-56.09821
-49.38182
-49.79027
-54.38281
-52.98846
-53.52603
-53.90926
-55.57687
-55.25443
-57.09888
-56.13877
-55.40043
-55.46681
-55.58797
-54.96532
-54.88896
-54.00170
-56.02916
-56.36543
-57.37191
-54.04344
-49.05916
-50.30677
-51.24993
-51.43867
-52.37492
-53.79860
-54.50596
-55.79640
-54.31991
-51.70678
-53.10185
-54.84373
-54.76214
-55.13347
-54.74231
-56.27231
-55.28775
-59.74676
-50.83064
-48.86431
-55.07947
-53.45717
-55.13979
-53.80220
-54.88462
-55.05019
-54.51532
-54.63453
-49.18176
-49.06186
-52.52714
-53.98169
-54.87407
-51.46516
-53.71680
-54.94859
-54.84508
-53.58103
-50.17525
-51.25803
-51.26783
-52.46220
-52.93654
-53.53366
-54.30090
-55.24010
-57.27693
-52.66912
-49.26302
-52.22762
-53.36241
-54.89503
-54.71873
-55.14613
-56.22461
-57.30903
-54.78044
-47.78638
-52.88312
-56.14548
-54.08676
-54.71376
-54.94118
-57.04863
-57.08891
-60.22295
-52.34234
-53.41922
-58.77780
-58.14381
-58.89090
-56.63711
-58.90838
-61.40020
-59.55432
-62.23522
-51.24239
-48.85858
-53.21605
-53.52906
-55.39382
-56.82989
-58.86435
-59.45442
-62.13469
-57.58001
-53.76505
-56.82482
-58.49454
-61.00010
-59.11569
-60.50155
-61.52649
-62.80167
-62.52459
-52.93780
-53.83609
-56.96770
-56.68039
-57.63534
-55.94021
-61.11076
-61.27370
-65.34175
-57.89569
-49.22134
-51.18131
-52.87662
-56.51779
-57.03900
-56.61263
-63.84472
-64.56659
-69.73161
-59.26933
-57.77125
-60.86207
-64.27610
-64.95166
-67.33343
-67.00500
-69.79081
-68.95556
-66.73384
-51.41307
-49.86480
-55.71365
-56.27219
-57.22613
-58.33845
-63.52164
-60.56165
-70.41859
-50.36961
-48.28094
-54.42546
-53.17357
-53.22662
-52.59140
-54.09123
-53.99581
-55.68675
-54.86221
-52.55172
-53.44952
-54.10069
-55.06811
-54.21949
-55.10753
-56.25416
-56.48573
-57.62288
-54.77160
-50.00907
-49.36257
-53.36789
-52.11756
-54.31352
-55.96011
-55.50425
-57.47789
-55.32618
-50.99255
-51.06485
-54.44703
-53.90153
-54.84907
-54.08844
-55.87849
-54.92828
-56.62959
-53.45953
-49.65899
-52.78483
-53.77026
-54.01549
-53.42081
-53.32628
-55.40778
-54.25054
-57.32696
-49.19098
-48.22461
-51.79339
-52.00323
-54.70236
-50.58632
-53.14383
-54.22173
-54.34514
-51.89836
-49.26832
-50.48724
-51.06060
-52.00511
-52.13971
-52.42798
-52.56463
-54.08475
-55.23816
-52.43175
-48.58111
-51.44077
-54.51039
-54.87050
-55.81495
-56.37564
-56.64555
-55.94901
-56.77859
-49.66159
-50.19922
-54.09348
-52.53051
-53.32219
-53.79063
-53.88316
-54.22430
-56.68503
-54.41539
-51.54721
-55.01379
-55.74479
-55.58152
-54.61729
-55.28970
-56.92719
-57.50073
-59.34394
-50.64734
-47.71117
-51.21639
-52.88279
-52.21605
-54.53150
-54.93536
-56.81676
-56.92550
-56.49493
-52.74220
-52.64442
-54.66976
-54.43030
-54.57929
-54.74774
-56.78194
-56.87378
-58.22239
-53.10112
-51.65681
-55.49508
-55.52978
-56.50844
-54.83075
-57.52748
-59.47385
-59.51329
-56.95500
-48.23999
-50.17521
-51.39748
-53.83892
-54.42180
-52.15338
-56.91378
-56.41972
-56.95303
-55.11272
-54.71868
-54.96815
-57.02355
-57.47750
-58.14827
-57.42576
-59.06138
-58.65290
-59.55952
-52.25718
-49.20479
-53.98191
-54.21900
-55.54718
-54.94648
-57.56363
-55.65806
-58.03082
-51.89179
-47.92276
-53.46011
-53.13678
-52.55115
-52.78268
-54.25664
-54.40151
-55.80556
-57.14919
-54.65381
-54.13382
-55.97565
-56.09658
-55.43358
-54.66408
-55.24111
-56.46038
-56.30944
-55.48790
-49.50702
-49.25692
-51.46425
-51.85306
-52.36859
-53.31761
-54.18630
-54.93030
-54.92680
-51.51842
-50.79347
-53.63115
-53.94409
-54.18501
-53.88516
-55.55891
-55.25677
-57.38498
-54.72423
-48.78507
-52.56134
-54.45651
-53.88025
-54.72466
-54.79250
-56.98979
-55.70363
-57.37405
-51.68117
-47.93396
-51.44783
-53.47349
-55.78619
-53.45580
-53.51014
-56.67788
-55.89913
-56.13662
-50.57629
-50.82814
-51.17246
-51.20307
-52.22388
-52.05953
-52.71212
-53.05071
-54.98732
-53.50876
-48.63873
-50.25277
-52.91618
-54.06036
-55.46748
-54.57813
-56.47429
-55.94832
-59.29322
-48.51791
-48.72299
-55.66689
-52.91008
-54.28767
-53.90340
-56.36091
-55.71132
-59.21350
-53.52679
-49.33676
-53.87060
-55.69140
-57.48735
-56.85156
-57.07647
-61.57976
-57.72127
-59.73634
-53.00991
-47.93222
-50.64400
-52.39800
-53.21881
-54.64208
-56.00753
-57.86640
-59.18996
-58.36367
-51.74614
-52.44767
-55.49190
-57.30940
-58.42297
-57.59017
-60.05827
-59.57733
-64.56902
-54.40992
-50.79411
-53.91273
-53.78877
-54.84085
-54.68823
-57.21408
-59.42408
-59.07955
-60.39308
-50.38275
-49.48622
-52.31652
-54.31560
-57.84322
-55.38414
-60.15941
-62.36532
-67.17752
-60.61874
-54.23508
-56.34340
-60.04897
-61.80139
-63.82465
-64.80217
-65.51720
-65.33425
-67.91549
-53.56717
-48.23551
-52.43048
-54.39926
-55.81497
-55.87792
-59.69409
-58.26621
-63.86809
-54.71057
-46.75286
-51.67145
-53.27391
-51.80617
-51.77310
-52.25624
-53.62692
-54.32926
-56.61004
-52.34777
-50.52181
-53.15556
-54.68726
-54.08396
-54.21138
-56.17320
-56.96383
-57.98175
-56.88866
-49.90513
-48.00979
-50.96152
-52.06894
-52.44094
-54.18890
-55.14705
-56.40070
-58.12473
-51.61376
-48.54555
-52.04578
-53.08841
-54.23092
-53.98174
-54.27358
-55.40754
-55.82995
-57.04737
-49.79761
-49.20523
-52.41652
-51.80267
-53.12125
-52.88722
-55.78102
-55.18670
-57.45710
-52.42322
-46.94089
-50.58627
-51.86008
-54.84631
-53.11281
-52.93230
-56.06764
-55.58216
-56.37284
-50.67887
-49.64508
-51.22806
-52.32642
-53.13338
-53.71953
-53.49205
-54.14539
-55.12438
-53.35367
-47.64467
-48.36888
-52.64318
-53.53077
-55.24599
-55.24986
-57.40489
-55.63314
-58.33545
-51.18862
-48.17533
-52.20148
-51.50564
-51.24841
-51.53954
-52.13091
-52.27881
-53.70686
-54.59086
-48.54882
-49.45993
-52.60709
-52.62342
-52.47897
-52.08012
-54.43764
-54.11668
-56.56142
-50.88618
-46.34027
-47.61462
-49.88430
-49.71726
-50.58539
-51.68723
-52.91534
-53.66859
-54.30895
-50.23933
-48.37850
-50.42648
-50.79505
-51.08867
-50.43140
-51.39912
-51.75888
-54.00800
-51.43851
-47.64727
-49.54508
-50.58973
-50.45145
-51.59119
-52.86464
-56.11622
-55.57588
-55.85736
-48.19629
-46.68494
-49.53124
-50.73910
-52.55215
-51.15881
-53.46181
-54.49569
-55.27509
-51.99431
-47.84502
-48.54996
-52.06786
-53.25040
-54.98746
-55.54888
-56.63504
-55.51648
-58.38946
-49.23215
-45.08848
-48.11154
-49.04092
-50.76804
-50.37375
-51.12552
-51.50966
-52.13316
-53.22015
-53.78985
-55.19516
-54.58368
-55.39315
-57.28490
-58.42813
-57.91461
-58.37740
-58.72848
-58.64605
-57.34912
-57.73008
-57.45214
-57.09715
-57.86203
-57.56830
-57.92876
-58.85092
-58.69742
-57.21281
-56.85986
-58.14428
-57.72216
-57.73496
-57.27269
-56.31037
-55.22727
-56.04146
-56.74826
-56.05977
-55.72493
-55.73142
-56.25688
-56.06673
-55.94834
-56.19557
-56.54919
-55.98894
-56.53774
-57.40539
-58.21872
-58.20963
-58.51992
-58.39082
-58.50162
-58.60747
-58.99832
-59.50275
-58.91739
-58.77326
-58.65513
-59.06214
-58.16821
-57.73885
-57.45280
-57.46948
-56.96467
-56.28999
-56.92133
-57.19193
-56.91189
-57.23330
-58.14084
-57.55790
-56.68763
-57.25687
-57.16261
-57.67018
-58.58501
-58.90432
-58.30854
-57.20271
-57.29210
-57.29821
-56.72098
-56.46675
-56.94143
-57.32536
-57.08708
-57.75662
-58.88243
-58.38330
-58.33189
-59.05205
-61.47174
-63.19936
-63.64659
-63.91189
-64.15562
-64.40058
-64.06738
-64.85088
-65.36198
-65.87494
-65.86824
-67.79627
-69.02796
-70.22615
-70.21182
-69.45315
-68.75928
-68.08243
-67.83928
-68.42096
-67.69653
-66.44391
-67.72614
-68.92417
-68.78136
-68.51906
-70.79523
-70.97114
-71.23966
-71.53268
-72.17207
-73.10791
-73.12288
-73.60169
-75.09456
-74.72220
-73.80516
-73.57705
-73.51736
-73.01021
-73.01032
-73.95308
-75.40722
-76.66215
-76.93815
-79.01030
-78.02708
-79.06072
-83.27204
-86.16314
-82.90503
-85.52307
-82.36914
-85.68344
-81.21950
-85.36053
-83.57098
-87.17197
-83.34130
-88.03010
-84.22329
-83.64755
-81.56377
-81.56473
-81.03773
-78.71422
-82.52921
-76.05275
-96.57192
-58.79872
-61.41876
-87.36340
-74.43078
-85.39672
-67.20974
-68.33681
-82.07235
-82.23043
-79.43060
-71.18794
-80.91333
-77.44358
-97.48667
-69.29489
-63.78561
-82.79655
-78.19318
-83.94086
-74.90812
-71.30844
-78.91856
-79.07786
-81.77877
-78.25946
-79.94679
-79.63046
-84.84611
-77.48616
-71.00624
-77.27731
-82.17367
-78.55993
-82.60942
-73.60771
-84.84220
-75.80757
-98.24346
-67.08516
-63.93103
-87.09440
-74.83419
-90.50642
-64.91363
-65.35784
-83.00312
-74.15661
-82.91284
-67.31339
-74.77218
-75.19398
-92.35681
-68.91391
-58.98144
-75.75897
-74.83236
-89.40717
-69.49021
-61.25181
-76.34151
-78.28830
-81.99026
-75.46714
-71.42846
-76.41402
-78.47781
-78.93947
-71.04343
-73.53760
-81.27080
-77.57515
-81.89386
-76.46768
-80.04127
-75.49038
-85.68714
-68.62661
-62.73646
-81.77622
-75.92009
-80.49820
-75.34791
-69.28565
-77.87701
-74.61343
-98.51863
-58.11059
-61.24735
-86.59153
-70.76781
-107.49274
-60.85248
-66.15221
-80.38054
-77.78452
-76.72975
-63.35831
-72.75820
-78.68761
-79.24733
-78.97284
-71.86218
-77.80764
-75.92925
-83.84658
-63.31429
-64.13409
-89.98982
-72.30708
-94.43251
-69.37716
-72.90169
-75.33031
-83.95238
-66.13552
-56.99993
-69.73590
-76.33135
-76.94603
-72.27943
-60.90857
-72.32375
-75.99930
-82.24281
-69.83544
-63.64304
-78.80403
-73.31499
-91.32528
-64.03114
-62.44928
-73.14089
-72.42487
-83.92524
-68.91039
-70.35692
-75.87697
-75.81598
-76.51363
-75.92871
-75.09208
-77.66036
-76.08272
-77.50589
-74.19012
-78.89595
-74.91533
-83.23030
-67.84452
-65.26020
-78.78881
-72.70898
-84.88198
-63.36370
-63.61065
-85.70934
-74.34057
-76.37859
-70.21516
-72.87478
-73.69765
-79.48592
-71.16107
-62.22474
-73.04311
-76.95553
-79.13612
-73.06183
-67.30353
-76.48678
-75.71686
-80.33477
-70.94522
-68.06401
-76.97785
-75.55502
-77.98898
-75.39614
-74.86880
-74.97249
-77.12746
-75.56388
-62.26767
-67.73098
-79.95517
-73.20042
-79.86132
-69.24681
-71.81066
-75.19764
-77.70037
-71.50866
-64.90782
-76.63622
-72.97261
-83.23538
-64.58282
-61.81317
-78.03852
-72.21419
-79.87383
-61.43589
-65.43061
-80.04471
-72.23387
-80.28349
-62.40692
-69.04904
-72.73387
-81.77096
-66.94369
-58.96924
-72.11208
-74.23939
-77.20281
-73.85411
-67.39116
-73.61113
-76.14270
-76.62111
-70.85534
-71.35477
-77.68682
-74.33734
-77.48816
-74.22307
-77.24801
-73.86980
-79.08819
-71.68719
-59.61260
-70.98834
-83.84153
-76.82643
-86.23898
-66.98046
-74.84565
-67.70506
-72.66043
-64.89059
-60.75461
-77.31487
-71.44435
-83.53907
-64.26222
-61.87424
-78.55207
-73.70668
-80.42862
-65.62212
-67.39332
-76.26186
-74.34628
-77.26796
-72.55848
-75.21345
-76.33263
-80.39041
-73.02272
-69.06549
-75.31771
-76.42962
-75.15643
-76.82644
-72.31508
-78.05688
-73.13047
-84.28511
-62.56964
-62.28375
-78.75105
-71.79540
-77.20113
-57.90758
-63.11555
-72.62377
-73.33690
-69.57016
-57.46219
-67.43410
-74.51381
-74.55922
-70.83352
-64.73216
-71.98947
-73.35834
-73.81181
-68.25010
-69.93059
-74.96449
-75.33223
-74.52886
-72.32685
-72.85912
-73.56566
-73.42453
-73.43174
-75.23716
-73.74744
-75.63059
-73.26032
-76.35396
-72.29501
-78.10241
-70.14975
-112.16180
-61.11372
-56.91829
-77.27773
-72.03990
-79.22515
-67.33537
-64.26778
-72.89266
-73.07665
-75.59148
-69.15618
-70.91390
-73.09895
-74.70031
-73.21039
-62.87118
-68.93734
-75.87337
-72.49098
-72.08292
-67.14938
-71.63975
-71.77249
-73.53366
-71.09308
-72.17617
-72.68101
-72.84602
-72.60746
-68.20984
-69.59533
-73.37464
-71.01112
-72.39447
-65.90557
-70.06182
-71.25088
-73.12489
-69.27947
-60.73827
-69.82067
-70.63057
-72.10085
-67.64428
-61.96105
-69.58423
-68.92893
-71.18626
-65.48573
-66.14068
-71.83084
-69.48972
-74.44669
-59.37347
-64.04639
-74.75061
-69.35522
-73.46683
-60.75941
-65.51635
-72.60408
-71.00714
-71.75356
-67.91501
-69.96219
-70.32022
-71.82007
-67.95317
-67.10887
-72.56300
-70.93128
-71.97199
-70.77627
-70.99179
-70.60235
-71.91901
-70.61803
-60.41460
-68.10109
-82.91956
-74.32480
-79.41131
-64.92727
-74.04360
-71.65280
-89.00676
-62.31019
-56.89727
-77.36517
-71.04166
-95.29931
-65.02424
-60.97906
-76.98422
-72.52868
-81.38701
-63.33228
-64.79312
-79.07505
-74.01141
-81.06053
-70.65971
-74.52784
-74.78817
-83.74312
-68.31356
-61.60749
-77.56192
-74.44292
-79.77850
-71.53874
-66.92033
-77.47825
-74.55689
-78.23998
-57.73446
-60.96924
-87.04335
-71.07828
-85.17178
-61.01428
-64.34714
-78.96270
-74.21524
-76.49240
-62.04306
-70.69992
-73.90443
-82.16316
-69.37533
-60.17338
-69.02114
-72.05643
-77.73044
-71.97805
-68.14510
-74.17985
-75.71086
-76.25473
-74.90525
-73.78148
-76.28890
-75.15523
-76.28729
-68.84528
-73.23484
-75.95101
-77.08195
-75.15589
-63.79738
-74.63545
-74.45303
-85.68677
-65.76656
-58.19782
-73.63352
-72.40663
-76.45903
-67.92392
-66.75568
-73.77389
-72.60194
-80.28236
-56.00563
-60.40421
-73.22111
-71.44778
-67.60896
-62.54639
-73.19967
-71.77065
-75.48044
-71.84243
-65.10457
-71.93040
-69.78347
-76.19940
-61.80310
-57.79244
-70.00904
-69.85165
-72.25089
-61.34584
-63.68564
-73.17083
-71.13189
-75.32470
-65.93601
-67.29960
-70.51557
-74.09228
-68.91431
-57.16767
-62.57181
-72.90863
-69.53885
-71.51550
-59.77234
-68.95824
-66.54584
-77.99900
-60.24000
-57.09098
-73.61240
-67.51343
-74.28976
-61.41065
-63.61896
-70.94781
-68.26143
-76.76499
-58.73158
-64.53383
-72.50950
-72.80503
-68.42727
-57.59634
-64.96560
-68.46540
-69.44536
-68.78287
-63.39755
-70.95399
-69.64302
-72.64653
-69.60896
-69.99898
-72.00308
-69.66587
-73.74709
-56.89328
-60.24379
-75.88924
-67.83829
-75.11638
-65.33800
-69.62940
-68.82616
-67.55492
-68.16396
-59.90918
-65.90196
-68.76293
-74.09417
-61.45508
-57.17330
-70.40919
-67.42869
-75.62754
-64.30137
-62.51278
-71.15492
-70.61671
-73.56826
-69.07590
-68.37539
-70.83340
-70.51361
-70.63166
-64.29943
-66.26105
-71.11867
-69.22541
-71.41892
-66.34783
-72.83670
-68.86468
-82.90644
-56.00048
-54.60113
-70.26304
-66.30925
-85.12762
-59.82389
-58.35423
-71.65178
-68.57750
-76.86220
-58.93822
-60.48436
-72.07272
-68.88277
-70.88084
-64.51306
-68.79057
-69.37228
-70.55522
-67.35625
-68.08589
-69.16737
-70.71483
-70.62157
-70.14024
-68.64785
-71.47625
-70.21836
-71.97203
-67.54882
-67.88083
-71.16047
-70.12760
-71.64171
-67.57968
-71.45822
-67.17940
-85.99946
-54.77911
-56.23668
-69.87692
-66.04593
-82.44964
-70.90688
-81.36259
-75.59779
-86.72561
-80.12712
-91.03780
-83.08840
-88.59008
-85.36352
-88.88803
-89.14739
-89.24402
-92.34060
-89.98632
-96.06189
-90.08427
-101.92027
-89.58284
-104.65395
-90.77493
-120.72729
-90.92110
-112.29490
-93.22907
-115.26260
-93.82649
-109.35723
-95.96400
-102.20700
-97.28338
-103.68330
-99.40108
-105.42218
-104.82609
-103.96844
-106.96951
-101.94899
-117.32621
-102.66385
-127.85566
-104.98704
-113.91310
-107.66265
-111.75923
-109.73295
-111.32963
-111.82947
-113.19909
