-111.79559
-96.37293
-90.27492
-91.16590
-91.57867
-92.58691
-92.02649
-93.15233
-93.37655
-95.30845
-95.89541
-97.25870
-97.34984
-97.84951
-99.01720
-99.86274
-100.35933
-102.18690
-101.72682
-107.42268
-94.39304
-87.86514
-88.85397
-89.21659
-89.66031
-90.10272
-91.13990
-93.02059
-93.86439
-95.53977
-85.88368
-83.26633
-86.40909
-88.30164
-90.61458
-90.16012
-91.49738
-91.50815
-94.65091
-91.43383
-85.98125
-86.77244
-87.25382
-87.56439
-88.45179
-89.92883
-92.25747
-92.17147
-94.24024
-86.86891
-83.75992
-87.32450
-88.44815
-89.53760
-89.93001
-92.09871
-92.98778
-96.49963
-93.09252
-84.63073
-84.64699
-88.08317
-89.37493
-89.89972
-90.32930
-91.89502
-92.26497
-96.68210
-87.31380
-81.21826
-83.74894
-85.83622
-87.86189
-88.37688
-89.16060
-90.03289
-91.16922
-92.73977
-86.68506
-86.38151
-86.82303
-87.93600
-88.07583
-88.30079
-88.99890
-89.98992
-91.95500
-92.20337
-91.85790
-92.36568
-93.41920
-94.22894
-94.99246
-96.23838
-96.95233
-98.71296
-99.33587
-86.58802
-83.60168
-85.13861
-85.22930
-85.86826
-85.97062
-88.14643
-88.99883
-91.30181
-87.89187
-79.74803
-80.50607
-83.34791
-85.28503
-86.56192
-86.42005
-87.65726
-88.19756
-91.46519
-84.27379
-81.75064
-83.14625
-83.18011
-83.89353
-84.70675
-86.80621
-88.04099
-88.99094
-87.86012
-80.65429
-81.01380
-84.15191
-84.70322
-85.90534
-86.32715
-88.55339
-89.38267
-93.44005
-84.72772
-79.99405
-82.14982
-84.76566
-85.55477
-86.03923
-87.02451
-88.29243
-89.74142
-91.10507
-79.69596
-77.81849
-81.27065
-82.65615
-84.97945
-84.40465
-86.18486
-86.05766
-89.25059
-86.38583
-82.33442
-82.80992
-83.47663
-84.24693
-84.05531
-84.88841
-85.40878
-87.35583
-88.45216
-88.37998
-87.81202
-88.82074
-89.85338
-90.81790
-91.33875
-93.25011
-92.54787
-97.76084
-89.17766
-80.36681
-80.38127
-81.49349
-81.46317
-82.11825
-82.67988
-85.01225
-85.20413
-88.36286
-79.49790
-75.14889
-78.14790
-80.07379
-82.32228
-82.29443
-83.49518
-83.67776
-85.97903
-85.51747
-78.49794
-78.35397
-79.30390
-79.65368
-80.42649
-81.40492
-83.88294
-84.11899
-85.75054
-81.06524
-78.26859
-78.89342
-79.01411
-80.59317
-77.02279
-76.69973
-77.57142
-78.10400
-78.73051
-75.99676
-75.97385
-78.82520
-80.14431
-80.95488
-81.65140
-83.17681
-84.02602
-87.34664
-81.57657
-73.64967
-75.24050
-77.95404
-79.76536
-80.73958
-80.93009
-82.25100
-82.84434
-85.42529
-79.80529
-78.23556
-78.88079
-79.40955
-80.06559
-79.92663
-81.07937
-81.55292
-83.85421
-81.58701
-74.21309
-75.46452
-78.70464
-78.58510
-79.19532
-80.24129
-82.38124
-82.11378
-84.52953
-78.24782
-75.48781
-76.63220
-77.05438
-77.75177
-78.02951
-79.65521
-81.02310
-82.63303
-81.78826
-72.94630
-72.59018
-76.05281
-77.52172
-79.41323
-78.60542
-80.30589
-80.77556
-84.70026
-78.74949
-74.69464
-75.85707
-76.27870
-77.04168
-77.68972
-79.41343
-81.17351
-81.77480
-82.54471
-73.16765
-70.90650
-73.05162
-74.28096
-76.48108
-77.35571
-81.91553
-82.23315
-89.90296
-76.37521
-69.08190
-70.46937
-70.61864
-72.01258
-73.09323
-73.74212
-75.71830
-76.57179
-79.67292
-69.97976
-69.23049
-73.80080
-75.69788
-77.82826
-77.61060
-79.99747
-79.72680
-83.18481
-78.27274
-71.72342
-73.96364
-76.52343
-78.05257
-78.95615
-78.69869
-81.09034
-79.57674
-88.37559
-68.06581
-67.64705
-75.71660
-75.16314
-77.98182
-77.02301
-79.95986
-80.67700
-83.44052
-81.34059
-76.09648
-75.39490
-77.11732
-76.96890
-78.34412
-77.87597
-81.76507
-79.50671
-91.21207
-69.25391
-65.48718
-72.45939
-73.44798
-76.83109
-77.18816
-78.64416
-78.86760
-81.06827
-82.78627
-75.46122
-74.41749
-75.94641
-75.77073
-77.22757
-77.70862
-80.85611
-79.83952
-85.26057
-74.14969
-67.79279
-72.56958
-75.14749
-76.48828
-77.02685
-78.88405
-80.41239
-80.82760
-84.81178
-69.04926
-68.89747
-76.45819
-76.04821
-79.19789
-78.64775
-81.04907
-79.50293
-86.89097
-77.84970
-68.60520
-71.84844
-75.79940
-77.36665
-78.85619
-79.06963
-80.93686
-79.79958
-84.53520
-73.11196
-70.83355
-75.48438
-77.19536
-78.57559
-77.90543
-79.84152
-80.09781
-82.56728
-81.42290
-73.44620
-74.11530
-77.91397
-77.91166
-78.66713
-79.55954
-81.89392
-81.66358
-84.36532
-79.50841
-75.03111
-76.33649
-77.05508
-77.67577
-78.07264
-79.28109
-81.07220
-82.02493
-83.14824
-73.81049
-71.89899
-75.13148
-77.08784
-79.20534
-78.77178
-80.40700
-80.33176
-83.77782
-80.21537
-74.75849
-75.63963
-76.21403
-76.64426
-77.49131
-78.95878
-81.23044
-81.21519
-83.31281
-74.73981
-72.01677
-75.69832
-76.77807
-77.88309
-78.22582
-80.32338
-81.35697
-84.84047
-81.94257
-74.49754
-74.92217
-78.28569
-79.17996
-80.07402
-80.62194
-82.32173
-82.56800
-87.08061
-77.36330
-71.74789
-74.64731
-76.61414
-79.12511
-78.96889
-80.42403
-80.52069
-82.81271
-81.59151
-72.52496
-73.19828
-76.50713
-77.72088
-78.80292
-78.59296
-80.54937
-80.56420
-84.66506
-78.87737
-73.31059
-76.01194
-78.36215
-78.21437
-78.91327
-80.53544
-81.77925
-82.62570
-83.26769
-77.34604
-75.25164
-77.23860
-76.78945
-78.51925
-77.57290
-81.60858
-79.34318
-89.49208
-72.67869
-65.31756
-70.92872
-73.93153
-75.64900
-77.85674
-78.14080
-79.13349
-80.04638
-83.40724
-77.31847
-74.78814
-76.22835
-76.21834
-77.19513
-77.65401
-80.47494
-80.47859
-84.09819
-77.16231
-68.08602
-71.32857
-75.14753
-76.01280
-77.18327
-78.13416
-80.53318
-80.46066
-84.34745
-77.02554
-73.79368
-76.35203
-78.62153
-79.66847
-80.38189
-81.11759
-82.48003
-83.59018
-85.07669
-73.60662
-72.35049
-75.76882
-77.34410
-79.45037
-79.18327
-80.74082
-80.76983
-84.18933
-80.39420
-76.65042
-77.74832
-78.29320
-79.14423
-79.14401
-79.88572
-81.02399
-82.13368
-84.30129
-74.99719
-73.40852
-77.70040
-78.08265
-78.57708
-79.00634
-81.60728
-81.73216
-83.78081
-80.76801
-75.79219
-75.97222
-76.96794
-77.47563
-77.97018
-78.77786
-80.94850
-81.62350
-84.12612
-75.63425
-71.69493
-74.74602
-76.74578
-78.98633
-78.80932
-80.09129
-80.47025
-82.89939
-82.08812
-75.42820
-75.31918
-76.40630
-76.44635
-77.38738
-78.32363
-81.21401
-81.09335
-84.05264
-76.26972
-71.15866
-74.36915
-75.90167
-77.30316
-78.00851
-79.89388
-81.12977
-83.87902
-83.65959
-75.50381
-74.53018
-77.70015
-79.17364
-80.03880
-80.40046
-82.08647
-82.58373
-86.12850
-79.90863
-71.73520
-73.38423
-75.91417
-78.03238
-78.80342
-80.05252
-80.27165
-82.61800
-81.33318
-70.02103
-69.53096
-72.13679
-72.69636
-75.36321
-74.44655
-77.93042
-76.17604
-84.64195
-71.19085
-65.03807
-71.90121
-74.00207
-75.82725
-77.01456
-77.28218
-80.11960
-81.54354
-84.04779
-73.78215
-72.28178
-75.77181
-76.22808
-78.27134
-77.12936
-80.26006
-79.40504
-86.28155
-75.41444
-64.85154
-68.85825
-73.66748
-74.01192
-76.76958
-76.56041
-79.05108
-77.91869
-83.93874
-71.67468
-66.97884
-68.45081
-69.02204
-70.17113
-70.64559
-72.31453
-73.47714
-74.53960
-74.75964
-68.21583
-69.59888
-73.96909
-74.63293
-76.82189
-76.86673
-80.70942
-78.04275
-88.09667
-70.96449
-65.96147
-70.78338
-71.32757
-73.11711
-73.73035
-74.93589
-75.31222
-76.01773
-78.87971
-68.68565
-68.07497
-73.71791
-74.59300
-77.24119
-76.91563
-79.78564
-78.10666
-82.17043
-75.37587
-69.03451
-73.88342
-77.20226
-77.59304
-77.14852
-78.03657
-79.56015
-80.50056
-83.17962
-75.61346
-72.71452
-76.64076
-77.87797
-78.63185
-79.07304
-81.06222
-81.03749
-83.47179
-80.29550
-72.01016
-73.46901
-76.06030
-76.92265
-77.62460
-77.88017
-80.35412
-80.71333
-83.93948
-76.99499
-71.44904
-73.91584
-76.63485
-78.42959
-78.99179
-79.62784
-80.24018
-81.67159
-83.12229
-75.41709
-74.63792
-76.00866
-76.14698
-77.18972
-77.88618
-80.44385
-80.74041
-83.15059
-77.90051
-71.09951
-73.41919
-75.71735
-76.57685
-77.83667
-78.69364
-80.78594
-82.22352
-85.42127
-76.20192
-74.10824
-77.02720
-79.21025
-79.54277
-80.41658
-81.55083
-82.76120
-84.82657
-82.39341
-72.09289
-72.41727
-75.84415
-77.59982
-79.28388
-79.25373
-81.06000
-80.76815
-85.57052
-71.44383
-69.87050
-72.14364
-72.05634
-72.84805
-72.64080
-74.22178
-75.16307
-77.61554
-78.05794
-73.45816
-73.21797
-76.48729
-76.82286
-77.25555
-78.52404
-80.42276
-80.01237
-82.33281
-75.63832
-71.75892
-75.20011
-75.71884
-77.77255
-76.98109
-79.40462
-79.95080
-83.26636
-79.79893
-65.76206
-67.85915
-74.06176
-73.83913
-77.65578
-76.75859
-79.37685
-77.83895
-84.58024
-74.09238
-67.18223
-68.46694
-69.29580
-69.98185
-70.52104
-71.77033
-73.72355
-74.03177
-75.49051
-69.13035
-68.87451
-73.58307
-74.83273
-76.70750
-77.02169
-79.46315
-79.70151
-82.61339
-79.76118
-72.20531
-71.41951
-72.74381
-73.43085
-74.21849
-74.70308
-75.96738
-76.72416
-78.44396
-75.40297
-71.36469
-73.75795
-75.60684
-77.75647
-77.86862
-79.68782
-79.37025
-82.30110
-79.11384
-69.28664
-72.37082
-77.45743
-77.56515
-77.33986
-77.43868
-79.87741
-80.13058
-83.39946
-77.60468
-72.87951
-75.65506
-78.23334
-78.44035
-79.23089
-80.56148
-81.44092
-82.26076
-82.69604
-72.84352
-72.75872
-75.83980
-76.42732
-77.55605
-77.75941
-80.03741
-80.53280
-83.54080
-79.09497
-71.92291
-73.25918
-76.22532
-77.89377
-78.89262
-79.11768
-80.56908
-80.97513
-84.21117
-76.77488
-74.64721
-75.95445
-76.15484
-76.95845
-77.73382
-79.90215
-80.95597
-82.34351
-80.30085
-71.71081
-72.50437
-75.69212
-76.26741
-77.93234
-78.58815
-80.57275
-81.67069
-86.03911
-77.75806
-73.91231
-76.35599
-78.97716
-79.54143
-80.31456
-81.07586
-82.78129
-83.43039
-85.27948
-73.07454
-71.97084
-75.27628
-77.02635
-79.17426
-79.10995
-80.58655
-80.35932
-85.45988
-72.80743
-68.77327
-71.49868
-71.44334
-74.15537
-74.37581
-76.62498
-77.05351
-78.47882
-77.76217
-64.47877
-67.86681
-74.71932
-73.00078
-77.16400
-75.40713
-78.08557
-79.54651
-85.24559
-76.87856
-71.83602
-73.73923
-75.77354
-76.55493
-77.10019
-77.53897
-79.95475
-79.82828
-83.53526
-66.35961
-65.73629
-72.88361
-72.12590
-75.03965
-74.94921
-77.24829
-75.84672
-79.38858
-75.39828
-67.61546
-67.93643
-69.19712
-69.62847
-70.49484
-71.45853
-73.35270
-73.47791
-75.69330
-70.32777
-67.95084
-72.54396
-74.03997
-76.08569
-76.29924
-79.05425
-78.86000
-82.32020
-77.54683
-66.10092
-68.21862
-71.85358
-71.89344
-73.86570
-73.99785
-75.74177
-74.90685
-79.59132
-72.27939
-67.76717
-71.76414
-74.68287
-76.31022
-77.06698
-78.19223
-78.98573
-78.85419
-79.88022
-69.61680
-70.90178
-76.66145
-76.89964
-77.32923
-77.11762
-79.34561
-78.97224
-82.36852
-78.40489
-72.82788
-74.76257
-77.83532
-77.80093
-78.70435
-79.67019
-81.16962
-81.12162
-83.81677
-73.18594
-71.68441
-74.83395
-75.63330
-77.11840
-76.78370
-78.73254
-79.48548
-81.38700
-79.20445
-71.89042
-72.21224
-75.29896
-76.42053
-78.09432
-77.98251
-79.38799
-79.18710
-82.26469
-76.99368
-74.18754
-75.50563
-75.68670
-76.67057
-77.22333
-79.20042
-80.37608
-81.19417
-81.27056
-72.41831
-71.82752
-75.50723
-75.61520
-77.08147
-77.36210
-79.64266
-80.57291
-84.86594
-78.69458
-73.92175
-75.62084
-78.69163
-79.21916
-80.06389
-80.43184
-81.84897
-82.54048
-84.73515
-74.83246
-71.57659
-74.97327
-76.26043
-79.35848
-78.48204
-81.17907
-79.37342
-86.08851
-75.16240
-69.51368
-71.82940
-71.70123
-72.49430
-72.48052
-73.50149
-74.74343
-76.08502
-78.70852
-75.20723
-72.73870
-75.11692
-76.87481
-77.00284
-77.61083
-79.31092
-79.44710
-80.97364
-78.20137
-71.64326
-73.46139
-75.32855
-75.87764
-77.01433
-76.70473
-79.87776
-78.31208
-87.85349
-67.79182
-65.00109
-72.21209
-72.61996
-74.90613
-75.23782
-76.39433
-76.05647
-78.24960
-78.50526
-68.67121
-67.54988
-68.96456
-69.37320
-70.66805
-70.98611
-73.30484
-73.28998
-75.91356
-71.40239
-67.69843
-71.87366
-74.06186
-75.59770
-76.47282
-78.00398
-79.51926
-80.66247
-82.07266
-74.05576
-71.25845
-72.33801
-73.27572
-73.76428
-74.51624
-75.19001
-76.50316
-77.59390
-77.54131
-71.80920
-72.43604
-75.42248
-76.57855
-78.26267
-78.10596
-80.08421
-79.65848
-84.02277
-70.77405
-69.93011
-75.90486
-76.93657
-77.46989
-76.77110
-78.99671
-79.07679
-81.55787
-80.06668
-73.49905
-73.96409
-77.66488
-77.62175
-78.78141
-79.20898
-81.42418
-80.57262
-84.63700
-74.70255
-71.47957
-74.51405
-75.39750
-76.64393
-76.30411
-78.44207
-79.38249
-80.42082
-80.61077
-72.71111
-71.69134
-74.70796
-76.10071
-77.77056
-77.74399
-79.20185
-78.44359
-80.96255
-78.51142
-74.28718
-75.12328
-75.76281
-76.36034
-77.06908
-78.52795
-80.43793
-80.41978
-82.46484
-73.69216
-71.27912
-74.85790
-75.67999
-76.76989
-77.17815
-79.14049
-80.31939
-83.81597
-80.28621
-74.29821
-75.11314
-78.39102
-79.34527
-79.88194
-80.10513
-81.52385
-81.91262
-84.48940
-76.67302
-71.73010
-74.72007
-76.61866
-78.83811
-79.02615
-80.24836
-80.36478
-82.71483
-81.11571
-72.36047
-72.49107
-73.75408
-74.50323
-75.77461
-77.29111
-79.45679
-80.59674
-81.12238
-81.56131
-81.77844
-83.78744
-85.63465
-86.89346
-87.11201
-88.17286
-88.85840
-90.88169
-89.33051
-73.06112
-72.93791
-77.59689
-77.77842
-79.21135
-78.53437
-81.85527
-81.06000
-86.84730
-76.91670
-70.11058
-70.87498
-71.00060
-71.86904
-73.51010
-74.34302
-75.96827
-76.56678
-79.36628
-74.55518
-71.83139
-74.78921
-76.49104
-78.54395
-78.74260
-80.05676
-80.50900
-82.99077
-81.07152
-72.57864
-73.47906
-76.69963
-77.57278
-78.65118
-79.15134
-81.60049
-82.47576
-86.73625
-77.87921
-73.81631
-76.30106
-77.90532
-78.65405
-79.50044
-80.72237
-82.13704
-83.21247
-83.83208
-73.20035
-72.01405
-75.48625
-76.87751
-79.06858
-78.43258
-80.75042
-79.45403
-85.71803
-73.69236
-68.24798
-69.21375
-70.97181
-72.09134
-73.86953
-77.16043
-77.96493
-80.50244
-80.03877
-80.19258
-80.19008
-82.29845
-82.01025
-83.29985
-82.87749
-85.12023
-83.55462
-89.17582
-77.58088
-69.95307
-71.22788
-71.67577
-72.97135
-73.96985
-74.25955
-75.73759
-76.68798
-77.98487
-71.13792
-67.41560
-69.99171
-73.53529
-74.69726
-75.69530
-76.87181
-77.83427
-80.09754
-78.38567
-74.02372
-74.40892
-74.19864
-75.30227
-77.08024
-78.00160
-79.63105
-79.49473
-81.20229
-75.99140
-73.55252
-74.13314
-74.33983
-75.17960
-75.27140
-76.53232
-77.44693
-78.68331
-78.50409
-77.40480
-76.73346
-78.53627
-79.48116
-79.49766
-79.93256
-79.75133
-79.59982
-79.21100
-79.97718
-79.09231
-79.22749
-78.82108
-80.72897
-79.69663
-80.09076
-79.21084
-78.92334
-76.75008
-68.67907
-68.62650
-71.61210
-72.37425
-74.39514
-74.01787
-77.63223
-75.57551
-83.81254
-70.41729
-65.18271
-72.02855
-73.71598
-75.97427
-76.21204
-76.76827
-79.26108
-80.50490
-81.93551
-73.69389
-72.08311
-75.30010
-75.74636
-77.16763
-76.65070
-78.44345
-77.42852
-80.71138
-73.45305
-65.20730
-69.06504
-72.01754
-72.04223
-73.18575
-74.31489
-75.62375
-74.82695
-77.51580
-70.07874
-66.90272
-67.91348
-68.68742
-69.55764
-70.01203
-70.65126
-71.08924
-71.51076
-70.86097
-66.93945
-69.17251
-71.63134
-71.38746
-72.31424
-71.54263
-72.53924
-70.83963
-72.90230
-67.74333
-64.38769
-67.68675
-68.39802
-68.90528
-70.35021
-70.54126
-69.86345
-70.19532
-70.85543
-66.51760
-66.71569
-69.73946
-70.22788
-69.92673
-70.38987
-71.33317
-71.23301
-73.44070
-70.61075
-68.31255
-72.10414
-73.03634
-73.41479
-72.54234
-73.19128
-75.90233
-73.75383
-74.19075
-69.16354
-70.25404
-74.57171
-74.68603
-76.73338
-75.47980
-77.12137
-76.31042
-77.57804
-75.68126
-71.89745
-73.25584
-75.14756
-75.62623
-76.30785
-76.73197
-78.94420
-79.02028
-81.46425
-74.90010
-71.16624
-74.02704
-75.72148
-78.31023
-78.27309
-79.53196
-79.59926
-81.72214
-78.30102
-73.50955
-75.12904
-75.40865
-76.32574
-76.49689
-76.10448
-80.55572
-80.61646
-83.02289
-77.52140
-70.89803
-73.69243
-75.81434
-77.12180
-75.55403
-76.74218
-80.64857
-82.10503
-85.71068
-75.40131
-74.08103
-77.06453
-79.19276
-79.63110
-80.42645
-81.49272
-82.59536
-84.73442
-81.76324
-71.82427
-72.76495
-75.90948
-78.03745
-77.62234
-77.86856
-81.36183
-80.44943
-85.81745
-70.10160
-69.46529
-72.11919
-71.91799
-72.98310
-72.56568
-74.77722
-74.82894
-78.44485
-76.44023
-71.73168
-73.48302
-76.25071
-76.90775
-76.94608
-78.19476
-80.34285
-79.60152
-82.01159
-75.34564
-71.96008
-75.37983
-76.06207
-77.23035
-76.59105
-78.57615
-78.98936
-82.15655
-78.08422
-65.79306
-67.84441
-73.44093
-73.42487
-76.54015
-75.24660
-77.11604
-76.16886
-79.69220
-72.13822
-67.26499
-68.14502
-68.67521
-69.85496
-69.66528
-70.77751
-72.50928
-73.52961
-73.16606
-67.49154
-68.23124
-71.73879
-72.43368
-73.01375
-72.23971
-73.41595
-73.58935
-74.41662
-71.44867
-68.33325
-68.77785
-69.93379
-70.23396
-70.88072
-70.72300
-70.42107
-71.74976
-71.31025
-69.20234
-68.24433
-68.93295
-70.21658
-71.42607
-70.65841
-71.79813
-71.47450
-73.29973
-72.48478
-67.94514
-70.48270
-72.84850
-73.50619
-73.12972
-74.51637
-75.18893
-71.81630
-74.38788
-72.29440
-70.32267
-73.91425
-74.73912
-75.83769
-74.28816
-75.94188
-77.70884
-77.60526
-78.08663
-71.65521
-72.23208
-74.66997
-75.47468
-76.37713
-76.61434
-78.83100
-79.49715
-81.45322
-77.26336
-71.93725
-73.47283
-75.78055
-76.90685
-78.27814
-78.69665
-80.30514
-81.22935
-83.89727
-75.71924
-74.58733
-75.76801
-76.27860
-76.66075
-73.77130
-78.74678
-80.44743
-82.27841
-79.03603
-71.10926
-72.89819
-75.44750
-76.36529
-77.08419
-78.20170
-80.49866
-82.16861
-83.31782
-76.41996
-73.90673
-76.43780
-79.00450
-79.53809
-79.58398
-81.13203
-82.94972
-83.91486
-84.50609
-73.13271
-72.21543
-75.56445
-77.54276
-79.09070
-78.97077
-80.63307
-80.10785
-85.62906
-72.19708
-68.41525
-71.88717
-71.56358
-74.05764
-74.20644
-76.73392
-76.67358
-78.52879
-76.67056
-65.14672
-68.65131
-74.45184
-73.69859
-76.27350
-74.55997
-77.30202
-77.61640
-80.24036
-75.05673
-70.89913
-73.34376
-74.79353
-75.31681
-75.84887
-75.52372
-76.71557
-76.22286
-77.35422
-66.23705
-66.68784
-71.74968
-70.80587
-71.69090
-71.46999
-74.43405
-73.35743
-76.17502
-71.98820
-67.06221
-67.01780
-67.91748
-68.27588
-68.71026
-69.43577
-70.14736
-70.47274
-70.98293
-67.04541
-66.91252
-70.66836
-70.19135
-71.15475
-70.66590
-71.22297
-70.23627
-70.87430
-69.61418
-64.80686
-65.80087
-67.39762
-67.49165
-68.81888
-69.11550
-69.54869
-69.06317
-71.23421
-68.23523
-65.84599
-68.28691
-69.47608
-68.67646
-68.22245
-70.18677
-70.61142
-71.49130
-71.03650
-68.20627
-70.18550
-73.02400
-72.25241
-71.87970
-71.44437
-74.07675
-73.48406
-74.11821
-70.83292
-68.65397
-73.28199
-73.97470
-75.82858
-74.52623
-75.05163
-75.81871
-75.28781
-76.29595
-72.01376
-71.80804
-74.06422
-74.65159
-74.98420
-75.01712
-76.62459
-77.63667
-79.28970
-77.37904
-71.47818
-72.62380
-74.87895
-77.37501
-76.95823
-76.58402
-78.39460
-78.56463
-80.38531
-73.75609
-73.71405
-75.49809
-75.69592
-76.88456
-75.53920
-78.61378
-80.68114
-80.56066
-80.58540
-71.15375
-71.19963
-74.75926
-75.35193
-76.50065
-75.36687
-79.40987
-79.73491
-85.15336
-78.32508
-73.63654
-75.96726
-78.53400
-79.66444
-80.11992
-80.76103
-82.52929
-83.05194
-85.67635
-74.33430
-71.40930
-74.95637
-76.45450
-78.86084
-76.59053
-81.16630
-79.10736
-87.41637
-74.13841
-68.37555
-71.68291
-71.72496
-72.27308
-72.21979
-73.29548
-74.15073
-76.08507
-77.04082
-72.49479
-71.80283
-74.68358
-75.22755
-75.66783
-76.14481
-77.30458
-77.18333
-78.34725
-75.99863
-71.01231
-73.08689
-74.66910
-74.73089
-74.57862
-74.83535
-75.76333
-75.30334
-78.85481
-67.11207
-65.59761
-71.80293
-72.32174
-74.32851
-73.50001
-73.74419
-73.70087
-75.90032
-74.29383
-67.34072
-67.21080
-67.97785
-68.24822
-68.70336
-69.23474
-71.23768
-71.55214
-72.32134
-68.17514
-67.03149
-69.47162
-70.33908
-71.55641
-70.39053
-71.45452
-71.56743
-70.53109
-70.98479
-67.95221
-67.40035
-68.46083
-69.14568
-69.43065
-69.13485
-69.40273
-69.56649
-69.60043
-68.06943
-67.43025
-67.91863
-68.26361
-69.49447
-69.36609
-69.54891
-70.32287
-70.57691
-70.82996
-67.88104
-68.44319
-70.53472
-71.47096
-72.22829
-71.90790
-73.16938
-71.12897
-71.94976
-72.79144
-69.67612
-71.68825
-73.09561
-73.01211
-72.47299
-72.12449
-74.63078
-75.05768
-76.52380
-71.98628
-70.58245
-72.19039
-72.84724
-73.65736
-74.05420
-74.64596
-75.71833
-76.74097
-75.93871
-72.97909
-72.95773
-75.31265
-75.13938
-74.75916
-74.16637
-75.43121
-76.55341
-78.79420
-75.08362
-73.28039
-75.04095
-74.58388
-75.60129
-73.27432
-74.61235
-77.78295
-77.52495
-79.09559
-71.77265
-71.07945
-73.77056
-74.51051
-75.05573
-75.22485
-76.70412
-77.11041
-78.80742
-75.45756
-73.29545
-74.62498
-77.26786
-78.69061
-78.50644
-78.80652
-80.77281
-80.26094
-83.99118
-72.54908
-70.41188
-75.68998
-76.39048
-79.56275
-77.54936
-79.26174
-77.86682
-82.42431
-75.20810
-66.62784
-69.55634
-71.54937
-71.81789
-74.53101
-74.52804
-77.92501
-75.90959
-82.47885
-67.25288
-65.84289
-74.55779
-73.02954
-75.16655
-73.66898
-74.19411
-75.47344
-76.80521
-75.38805
-71.09415
-71.73707
-74.73380
-74.60736
-75.84900
-74.88120
-75.69797
-74.36840
-76.46446
-69.27640
-64.66551
-69.57454
-70.90724
-71.39329
-70.57407
-72.13638
-72.19396
-72.96154
-72.70069
-65.30665
-65.92269
-67.91454
-67.66630
-68.49842
-69.27773
-69.98536
-70.09372
-70.95745
-68.43331
-66.20750
-69.35997
-69.63912
-70.68958
-69.37895
-68.10061
-70.45274
-69.38713
-70.59674
-65.77891
-65.03629
-68.01833
-67.41370
-68.33749
-69.80013
-69.65326
-68.41104
-70.23367
-69.13821
-64.73300
-66.75237
-69.25621
-68.39831
-68.41762
-68.88403
-70.87085
-69.76186
-72.05230
-67.76959
-66.68361
-71.56391
-71.61928
-72.49031
-70.91942
-73.37619
-73.87937
-72.54315
-72.58834
-68.71688
-70.37998
-73.23262
-73.95835
-74.29107
-73.56783
-73.68629
-73.51239
-75.96017
-72.87033
-70.97093
-72.84254
-74.49864
-75.13458
-75.10421
-76.48519
-77.85154
-78.09424
-77.92107
-72.51175
-71.18601
-74.16475
-75.49799
-77.43925
-75.37515
-78.33442
-76.48055
-81.91735
-72.50845
-67.39360
-74.05933
-74.82316
-76.41789
-76.02503
-76.30744
-80.69470
-79.63171
-83.59516
-72.26419
-70.70708
-75.34869
-75.51121
-78.32616
-72.42599
-74.72361
-80.34895
-81.06273
-81.95843
-74.17564
-74.76578
-77.45037
-79.16218
-79.48823
-80.12318
-82.15146
-82.05748
-88.17804
-75.16738
-69.42025
-74.05185
-75.53298
-79.08865
-76.69255
-78.97598
-80.00843
-81.82526
-81.06417
-67.19184
-69.03850
-72.44991
-71.95054
-72.59457
-72.67516
-74.37926
-74.89781
-77.58740
-74.58244
-71.87298
-73.64922
-75.66301
-76.24656
-75.93571
-76.62891
-78.05134
-77.52736
-78.81221
-72.15935
-71.31458
-74.59129
-74.86154
-76.01030
-75.11629
-76.41801
-74.65335
-80.29655
-71.34404
-64.71586
-69.26604
-72.28173
-72.66743
-73.21900
-72.86954
-73.94395
-73.66642
-75.89065
-66.59367
-65.28573
-67.57141
-67.53119
-68.48555
-68.10467
-69.13476
-69.23202
-70.26519
-69.03817
-66.47611
-67.99559
-69.22065
-70.21681
-69.41321
-67.88672
-70.11550
-70.26431
-71.40721
-68.40774
-67.07462
-68.09529
-68.25329
-68.60081
-68.26510
-68.91670
-68.44119
-69.60558
-67.05186
-65.93299
-67.10271
-67.74119
-67.75760
-68.89603
-69.11711
-69.01062
-69.62483
-70.64586
-68.35653
-65.61033
-69.41073
-71.55624
-71.64195
-71.78010
-72.60803
-71.69210
-70.46207
-73.10040
-70.36095
-70.18314
-72.48204
-72.52641
-72.72166
-71.86581
-74.52071
-74.84942
-75.89783
-73.55637
-69.99559
-71.32590
-71.67194
-71.78065
-72.58810
-73.29562
-73.66558
-75.37682
-75.75279
-73.69098
-72.25026
-74.97765
-75.37138
-76.12721
-73.62587
-74.25876
-75.06076
-76.57215
-74.09005
-67.66075
-71.94242
-73.98390
-74.48878
-74.57957
-72.97741
-77.15117
-75.73984
-77.22462
-71.43636
-69.45316
-72.59511
-72.16871
-74.18673
-71.10810
-71.19662
-74.96158
-75.67383
-75.90883
-71.46181
-71.59098
-73.03535
-73.27323
-73.29438
-72.98542
-73.96485
-73.86713
-75.34615
-71.78449
-68.67133
-71.54076
-72.85315
-73.63592
-74.12409
-74.60016
-75.16302
-75.21177
-77.22040
-68.07351
-67.61680
-71.42274
-70.58031
-73.32403
-72.54544
-75.79389
-74.12950
-78.97473
-71.22925
-64.87784
-70.52752
-72.65154
-73.59940
-74.83144
-73.87240
-75.67812
-76.92269
-77.29399
-72.25219
-70.45982
-72.78892
-72.90797
-73.06150
-72.92048
-73.76622
-73.63708
-75.15449
-73.21576
-65.30816
-67.94195
-71.14457
-70.79584
-71.79175
-71.44834
-73.17652
-71.79684
-74.07330
-66.88802
-64.59511
-67.22047
-67.69390
-68.48770
-68.86513
-69.55825
-70.65737
-70.77757
-70.19861
-66.37258
-67.90476
-69.81587
-69.24747
-70.31930
-67.50445
-69.46396
-69.32236
-70.47608
-67.15877
-64.31302
-66.67018
-66.98056
-67.56465
-68.38540
-69.05157
-69.14696
-69.45380
-69.98148
-66.09267
-65.76078
-69.47463
-69.14034
-69.04105
-69.04667
-70.50770
-69.99032
-71.36091
-69.88602
-65.89174
-70.07602
-72.88820
-72.46853
-72.02530
-72.36573
-75.28864
-73.07503
-73.51660
-69.48560
-69.43203
-73.61187
-73.17645
-74.77839
-73.99467
-74.85766
-74.73829
-75.48033
-75.10160
-70.91036
-71.64882
-74.10903
-75.05402
-74.94328
-75.67233
-77.12470
-77.32316
-79.97033
-75.60011
-70.81912
-73.43939
-74.69186
-76.37429
-74.73971
-75.79256
-77.02224
-77.70245
-76.71688
-67.82607
-71.13179
-75.39002
-74.92003
-76.77097
-74.83872
-80.03368
-79.47747
-83.25013
-76.18034
-69.58469
-73.47915
-74.62880
-77.23391
-74.14673
-72.03095
-79.05075
-79.79307
-85.11823
-76.26256
-73.78530
-76.81719
-78.74317
-79.83527
-79.97051
-81.91183
-81.99996
-85.19490
-80.83528
-69.94426
-71.56141
-75.59045
-77.10371
-78.28235
-76.53698
-81.80568
-78.58161
-90.75450
-70.20736
-67.12792
-71.67913
-71.26245
-71.94392
-71.62875
-72.47043
-73.30220
-75.70959
-74.70020
-71.49149
-71.92695
-73.89680
-74.52053
-75.16097
-75.79076
-76.93162
-76.39376
-76.83632
-73.72822
-70.37792
-72.40796
-73.57585
-73.76181
-72.56919
-73.43263
-72.94729
-73.48465
-73.07653
-65.56156
-66.80899
-70.98177
-70.42568
-71.45675
-70.05457
-71.87164
-70.98262
-73.47878
-69.27356
-64.46694
-67.13923
-67.57648
-67.78595
-68.05324
-68.73356
-70.37232
-70.33973
-70.16290
-66.81572
-67.09706
-68.76285
-69.86382
-70.84019
-68.61683
-69.80266
-70.30134
-70.91613
-69.56381
-66.86784
-67.83677
-68.39631
-69.14394
-68.82647
-68.93140
-68.67090
-68.99685
-68.89264
-66.44134
-66.42334
-68.50699
-68.18996
-68.63444
-69.21726
-69.32456
-69.42199
-69.36222
-69.84769
-66.01008
-67.74610
-70.07901
-69.08220
-70.18000
-70.76436
-71.20621
-69.07079
-70.84342
-70.58404
-68.84069
-70.81642
-71.22245
-71.71117
-70.61066
-71.15542
-73.15088
-73.28247
-75.76007
-69.33862
-66.82872
-70.10021
-71.60280
-71.42944
-71.82042
-71.49848
-72.33078
-72.54231
-73.06664
-70.22468
-69.64229
-71.25842
-71.97129
-71.98548
-71.77146
-72.51798
-72.00285
-73.61550
-67.48401
-68.00923
-70.87292
-70.82100
-72.48028
-70.35529
-72.00822
-72.13240
-72.80083
-71.68337
-68.02177
-70.05553
-70.95036
-70.79103
-71.00210
-68.80753
-72.33995
-71.44602
-72.01501
-68.81652
-65.10817
-67.81444
-69.01887
-69.22084
-69.88027
-69.28064
-69.56374
-69.71073
-69.87561
-66.40436
-65.33653
-67.89373
-67.93792
-68.37001
-67.73467
-67.21913
-68.44177
-68.18845
-67.23465
-67.77301
-68.16874
-70.47420
-74.48645
-74.09586
-75.87761
-75.36081
-75.93178
-77.82722
-74.38061
-76.48675
-79.29872
-79.76754
-80.55379
-80.04439
-80.88120
-79.98199
-81.24542
-79.78178
-78.87004
-81.65285
-81.41990
-81.48053
-81.80544
-82.02948
-83.39506
-82.75950
-85.71309
-79.70746
-81.21039
-88.21197
-85.37386
-86.02211
-85.24534
-86.74517
-84.49200
-87.35026
-87.57711
-82.27991
-87.55265
-90.03550
-93.34779
-84.58228
-81.47645
-89.18148
-80.91415
-88.10552
-82.50702
-82.66040
-84.13979
-77.31070
-86.39199
-86.98569
-91.93765
-89.02453
-89.28240
-91.60052
-87.74991
-90.85528
-99.92230
-88.91132
-88.71537
-99.67758
-93.89391
-103.33599
-91.29570
-113.36111
-77.98438
-80.20483
-96.75956
-91.29461
-102.44182
-91.34050
-90.74371
-108.29203
-86.09904
-74.20899
-75.54212
-76.48624
-78.04362
-78.64784
-79.35402
-80.36697
-80.91684
-83.22326
-83.26481
-84.73780
-84.82759
-85.85550
-86.16202
-85.89750
-85.23546
-91.92172
-87.47645
-103.90913
-74.35375
-69.96643
-75.11126
-76.75053
-77.48593
-77.94700
-80.70887
-81.64583
-83.02784
-82.29725
-76.28176
-75.97655
-77.10875
-77.53907
-78.15976
-78.60690
-80.68506
-81.49938
-84.10745
-79.07330
-74.60492
-75.71123
-76.17131
-77.02690
-77.15061
-79.15802
-81.54665
-81.31082
-83.10276
-74.92747
-73.34885
-76.03873
-77.79395
-78.71377
-78.73592
-81.36587
-82.31568
-84.90249
-83.85350
-84.02620
-88.47595
-88.08735
-89.84640
-90.09832
-91.02954
-92.48494
-92.30696
-98.38718
-77.89804
-72.89336
-74.96663
-75.70431
-76.66893
-77.39603
-79.87144
-80.54713
-82.40810
-79.50039
-73.60001
-75.72422
-76.64134
-77.95805
-78.06763
-79.59584
-80.06560
-81.66906
-83.08894
-75.50615
-80.48181
-85.80374
-83.89512
-87.75733
-82.29441
-87.69981
-88.38557
-92.68189
-85.66387
-70.72171
-71.58876
-76.35589
-76.68349
-77.55425
-78.40571
-81.65671
-81.29591
-84.30326
-77.83359
-74.77606
-76.21120
-76.48605
-77.51219
-77.21190
-78.77125
-79.65409
-81.16547
-80.83642
-73.06573
-74.20658
-76.08008
-75.98584
-76.92966
-76.13593
-80.64230
-80.47596
-83.14674
-79.06242
-72.93435
-74.43996
-76.77120
-78.47482
-76.63293
-77.45976
-81.82025
-81.93243
-84.21948
-84.31284
-86.73957
-87.89519
-88.95695
-90.01061
-90.08834
-92.29812
-91.19855
-97.32194
-86.43641
-73.89004
-73.93761
-77.15795
-78.03802
-78.23658
-78.70842
-83.32304
-82.25195
-90.72965
-76.05740
-72.86452
-75.30659
-75.71286
-76.75160
-75.40234
-78.89043
-80.45971
-82.27889
-80.74836
-79.37904
-84.61548
-86.05776
-87.28967
-87.10306
-85.71551
-93.65539
-87.65251
-132.81224
-76.90261
-69.43922
-73.82793
-76.51497
-77.25451
-77.35927
-79.48871
-81.71203
-81.92449
-83.82060
-75.85442
-75.52398
-76.63939
-77.52865
-77.05279
-75.20913
-79.91504
-80.73826
-83.23598
-80.24950
-74.70558
-75.64751
-76.12585
-77.12130
-76.39951
-77.62983
-81.55424
-80.96145
-83.78095
-75.46734
-72.65008
-76.05804
-77.46693
-78.60823
-77.35485
-80.88372
-81.21434
-85.50978
-80.38649
-74.07289
-76.61552
-76.62635
-78.12250
-78.44303
-78.97826
-82.07517
-82.61653
-87.54203
-77.69957
-72.81511
-75.63260
-77.06355
-78.45765
-78.51877
-80.52417
-82.55489
-84.42958
-85.13570
-73.33605
-73.81245
-75.39084
-76.12759
-75.92309
-75.62149
-80.74251
-75.42150
-72.87672
-72.68335
-77.85502
-86.02632
-83.61654
-87.63133
-80.65846
-84.15251
-90.26501
-88.28630
-94.39467
-71.92093
-70.36630
-75.86535
-76.67921
-77.64663
-77.56443
-81.27069
-81.47301
-83.62638
-81.14244
-75.72986
-76.15671
-76.84142
-78.04968
-76.03318
-76.71096
-81.25658
-80.93900
-84.35236
-76.21975
-74.49990
-76.07990
-76.32254
-77.14649
-74.81888
-79.67385
-80.99877
-82.57422
-80.59073
-72.66018
-73.65880
-76.72964
-78.16012
-78.56100
-77.53932
-78.67873
-79.31087
-81.47333
-77.43211
-75.63276
-76.73693
-76.81446
-78.29021
-77.87267
-80.26075
-82.21058
-84.21543
-84.98605
-74.57963
-73.52400
-76.74631
-77.27962
-78.72513
-78.39697
-82.26382
-81.81869
-88.56721
-77.19093
-71.52670
-73.40352
-74.52525
-76.64497
-75.38821
-77.33622
-79.50644
-80.97367
-81.98087
-81.42695
-82.13110
-83.23190
-83.67050
-85.08112
-83.43428
-88.78864
-86.16317
-97.11269
-78.65989
-68.27483
-70.02049
-71.61790
-72.83368
-73.68032
-74.88559
-77.33862
-77.74864
-80.23929
-75.83930
-74.60910
-75.13309
-76.23165
-76.63231
-75.01656
-77.77301
-80.01211
-80.75978
-81.11432
-74.70759
-74.74850
-75.72949
-76.27219
-76.37198
-76.87814
-80.54651
-80.02708
-83.13055
-75.61952
-71.80858
-72.88803
-73.87598
-75.27996
-75.05587
-76.19780
-77.79821
-79.46529
-80.84473
-80.52861
-83.30686
-84.22112
-85.23396
-86.41426
-85.92328
-90.12737
-88.56243
-93.77533
-82.74757
-73.38817
-73.83311
-75.65093
-76.08324
-76.64992
-78.14441
-81.06837
-80.60935
-82.61295
-72.40353
-71.76234
-74.22116
-75.27370
-76.34229
-75.06295
-78.85224
-78.63236
-83.14281
-76.43925
-76.55990
-84.70121
-82.23071
-85.85303
-83.32185
-83.92105
-89.35816
-86.16002
-99.31001
-71.93170
-68.13056
-71.25415
-71.73901
-73.51357
-73.49009
-76.34281
-77.10075
-79.11314
-77.89649
-73.77367
-74.72985
-74.93313
-76.53959
-75.49251
-74.86805
-78.54482
-78.61400
-82.03155
-74.69244
-72.59216
-75.63756
-75.13457
-76.68144
-75.17394
-78.10077
-80.36010
-80.60919
-81.49954
-73.49610
-73.10935
-76.42118
-79.02634
-78.61332
-76.47314
-81.51842
-82.25798
-83.76194
-83.13788
-83.27007
-86.40144
-86.22359
-88.43460
-86.30436
-87.69736
-89.72379
-89.88713
-91.97829
-76.34930
-72.69776
-76.63145
-77.80097
-78.86617
-77.03118
-81.90011
-81.21842
-87.96525
-79.47949
-71.07813
-72.71207
-73.06764
-74.33797
-73.21031
-74.94764
-77.46082
-78.49224
-80.01471
-78.11180
-80.58398
-85.00155
-84.24075
-86.77352
-84.49294
-90.00440
-87.85890
-94.74822
-82.97267
-68.74201
-70.24883
-74.29281
-74.69670
-76.02077
-76.60255
-79.84469
-78.86507
-83.19993
-74.76387
-70.22269
-71.59763
-72.05787
-73.09266
-72.67771
-74.77984
-77.48091
-77.86073
-79.55127
-74.98773
-74.27348
-75.47896
-76.37107
-76.65238
-76.54809
-80.42476
-80.69174
-83.10753
-78.27421
-71.97783
-74.33984
-76.24823
-77.36250
-76.24241
-77.53702
-80.22788
-80.81649
-83.43544
-75.20527
-75.18989
-75.97042
-76.13596
-77.83895
-78.40865
-81.37014
-81.97005
-84.49713
-81.03038
-73.20289
-74.23974
-77.21541
-77.99367
-78.67463
-78.49276
-82.01581
-81.32022
-89.04107
-74.21789
-71.14596
-73.37024
-73.59920
-75.05588
-71.58685
-70.79912
-71.31829
-71.81730
-71.17001
-73.52599
-81.73083
-81.93183
-85.34595
-82.88515
-80.33268
-88.36187
-83.92943
-95.74044
-74.28489
-68.32969
-72.54030
-74.21848
-75.46234
-75.81137
-77.72701
-79.21625
-79.63530
-81.00991
-72.18806
-70.77867
-72.14883
-72.61172
-73.06804
-72.59397
-76.01923
-76.89179
-78.51691
-76.71769
-73.14924
-74.88910
-74.97672
-76.75229
-74.57290
-76.24868
-80.09390
-79.29059
-80.68812
-72.32193
-71.70829
-74.12732
-74.50736
-76.25504
-75.35208
-74.89320
-75.15495
-76.59211
-75.42586
-73.91372
-74.63090
-74.35642
-74.55743
-73.34319
-74.56812
-76.63139
-75.90240
-75.75199
-73.35445
-71.65523
-73.32807
-73.53570
-73.71893
-73.82040
-74.12521
-74.24185
-73.65880
-76.03056
-70.08843
-73.65180
-85.41226
-83.41156
-87.88339
-83.04555
-89.01735
-89.68692
-93.23951
-87.35570
-83.47988
-86.38011
-86.49269
-88.26393
-83.43022
-85.00433
-87.39779
-85.44103
-84.94775
-73.96961
-73.98091
-78.28185
-79.32523
-80.51305
-81.50309
-80.67369
-80.87926
-80.10754
-80.32507
-79.04729
-79.02016
-77.72002
-77.16717
-75.81691
-76.84492
-78.76640
-76.72239
-78.70682
-68.61160
-69.56913
-76.25459
-74.64604
-74.26746
-73.38476
-75.11224
-73.80561
-74.61082
-72.77425
-70.39610
-73.45621
-72.48866
-73.43501
-72.21054
-69.05556
-71.89732
-71.62870
-71.53092
-71.91469
-70.63988
-71.76710
-71.95241
-71.69377
-72.60937
-72.89826
-71.13897
-71.93766
-71.50329
-68.69261
-69.78741
-71.42307
-70.69885
-69.99657
-71.30801
-72.69113
-72.23557
-73.83074
-71.45967
-68.01983
-72.50699
-74.36566
-74.64706
-73.83735
-74.12086
-77.80775
-74.05128
-73.77783
-70.15377
-73.35740
-76.84876
-76.73254
-79.30110
-76.02118
-78.26493
-77.28197
-78.39525
-75.43756
-72.13666
-75.23603
-77.98214
-79.78188
-79.18298
-80.52269
-82.39694
-82.72817
-83.63260
-80.53670
-80.91298
-85.87902
-85.82567
-88.48710
-80.35980
-84.09887
-83.75975
-91.98634
-76.03605
-67.86848
-77.39091
-81.76430
-85.43122
-84.12827
-78.96724
-94.01039
-87.79242
-105.32629
-76.67659
-74.64490
-80.56029
-80.00864
-90.45081
-74.81180
-74.62415
-86.62826
-86.16102
-95.71589
-84.54577
-91.61730
-92.66480
-98.17355
-99.23909
-92.73031
-103.41556
-94.15071
-98.60218
-81.48581
-73.34731
-80.00078
-82.88279
-85.62235
-82.44218
-83.30439
-99.54170
-86.85210
-94.34288
-70.78412
-71.47041
-83.29316
-79.87703
-84.57317
-81.69098
-87.66051
-85.18543
-91.42053
-84.01084
-80.54097
-90.07900
-91.40744
-94.82945
-89.04147
-87.47055
-93.30482
-87.83324
-94.24761
-75.36140
-73.34779
-79.01547
-80.39063
-82.21830
-81.63913
-83.02360
-82.13232
-83.54852
-81.14762
-76.89408
-79.55030
-81.20917
-80.23953
-79.27119
-76.98731
-79.51358
-76.84690
-81.20157
-70.19715
-69.04341
-77.80175
-76.50427
-78.30470
-74.21354
-76.00922
-76.20303
-75.83105
-75.40490
-71.00297
-72.31526
-72.10191
-73.50662
-72.89288
-69.30534
-72.19770
-72.93679
-72.83121
-70.82312
-70.26073
-72.42975
-71.68931
-73.00672
-71.86574
-71.81879
-70.68321
-70.86698
-69.83777
-67.26495
-68.42086
-69.25422
-69.41644
-69.82870
-69.57685
-70.47520
-70.50186
-70.83595
-70.45066
-67.33519
-69.58780
-72.66959
-73.52502
-74.40644
-74.21878
-73.27667
-71.05572
-73.74421
-73.45144
-73.62873
-75.34599
-74.63380
-75.68152
-73.82464
-75.79486
-77.93261
-78.70169
-77.52147
-72.11191
-74.00387
-77.43892
-78.23130
-79.36994
-80.58863
-80.66975
-81.93199
-82.67049
-81.76256
-80.39927
-83.72304
-83.48880
-84.52406
-79.95373
-82.14164
-84.13183
-86.06259
-84.80583
-68.46741
-74.22438
-83.94662
-83.00425
-85.17401
-75.50048
-89.72048
-85.37938
-101.63299
-77.63085
-72.43630
-80.33991
-79.12605
-89.73642
-76.61412
-73.50195
-87.30037
-86.40656
-86.81173
-83.38768
-89.72442
-95.10730
-95.88321
-98.07423
-86.43833
-98.92878
-93.35362
-103.43175
-85.36052
-73.05490
-77.85042
-83.56698
-83.61047
-88.37131
-84.41869
-93.04240
-84.68793
-95.07546
-74.02308
-70.62715
-79.79803
-78.63028
-81.84956
-79.95216
-82.85911
-84.32140
-86.01849
-84.70610
-79.70284
-81.91383
-81.51630
-82.80216
-81.83089
-77.44743
-80.65710
-81.04501
-83.62996
-75.42541
-70.43858
-73.39687
-75.00296
-77.12057
-77.69090
-77.26279
-77.77201
-77.51429
-77.37399
-75.03849
-76.45134
-76.25536
-75.07485
-75.00337
-73.60332
-77.73849
-75.31362
-78.38692
-70.95206
-67.72551
-73.28050
-72.85529
-73.31114
-72.32949
-72.43291
-72.13356
-72.25705
-72.92557
-69.53327
-71.53086
-72.58650
-71.63926
-72.98945
-69.14512
-70.63935
-71.58300
-70.07494
-71.36127
-70.41282
-70.42474
-70.41052
-70.65371
-70.89582
-71.58768
-71.39787
-70.27213
-71.26334
-69.04916
-68.18269
-70.58486
-69.90741
-69.51621
-70.48611
-71.44284
-71.22637
-71.99347
-72.55045
-67.34896
-69.50034
-73.74619
-72.67271
-73.85761
-72.45522
-76.56245
-74.18151
-74.60294
-71.65004
-70.93534
-76.03234
-74.95351
-78.56005
-74.49003
-75.47483
-78.00524
-76.75183
-77.61246
-71.72589
-73.01786
-77.12764
-78.93539
-78.87749
-77.46609
-79.43933
-80.63648
-82.60766
-80.24815
-78.04527
-82.58382
-82.20203
-84.34349
-78.94043
-78.43754
-83.70629
-81.75978
-83.38737
-68.62773
-71.38591
-81.66303
-79.53172
-87.74139
-77.55774
-81.14453
-77.76986
-82.58864
-82.06693
-72.78724
-76.59717
-76.93937
-84.52440
-79.38079
-72.22587
-81.25629
-83.37677
-85.56968
-82.27304
-80.07126
-83.10538
-81.22456
-86.94118
-89.27082
-95.03673
-92.34023
-100.83332
-90.74284
-73.85092
-75.96759
-83.14887
-82.69599
-86.02548
-80.69001
-100.38800
-84.59875
-93.96798
-75.48238
-68.75340
-77.00147
-77.51470
-78.70941
-77.51206
-78.18936
-78.65225
-79.26305
-79.25709
-76.43184
-78.84098
-80.93570
-80.55196
-81.24986
-79.31726
-80.85278
-80.42310
-81.79266
-77.29460
-71.92300
-74.57337
-77.00525
-78.31420
-78.03415
-75.98064
-76.18407
-77.59206
-78.85910
-76.41430
-76.01724
-78.15921
-76.65071
-77.93668
-74.18701
-76.64126
-75.71517
-77.82462
-73.23230
-67.51582
-72.68923
-73.49686
-73.88667
-72.69895
-71.70281
-72.81208
-72.46565
-73.64040
-70.25190
-70.10504
-71.01538
-69.96814
-71.70686
-68.24471
-69.29114
-71.65279
-70.59336
-71.04973
-68.84482
-69.86349
-70.00068
-70.78078
-70.69406
-70.73985
-70.07630
-69.74748
-70.10022
-67.23840
-67.17174
-68.24176
-67.57463
-68.72461
-68.99343
-69.49351
-70.12135
-69.57274
-71.11848
-66.96954
-67.04019
-69.77429
-69.71108
-71.76767
-72.34188
-72.49528
-70.62038
-71.20831
-72.76774
-72.37982
-73.87424
-73.08196
-74.30289
-73.05133
-72.53859
-76.61170
-75.89936
-78.15364
-71.50301
-69.93397
-73.26681
-74.31502
-75.04637
-75.60179
-75.38640
-75.95566
-77.36744
-78.04150
-75.24965
-73.50866
-75.62359
-76.69666
-76.59480
-75.47532
-78.44783
-76.78050
-82.61879
-69.99314
-69.38953
-78.80286
-76.59728
-80.21424
-74.06278
-75.70206
-76.94925
-76.28170
-74.53884
-69.68072
-73.19708
-73.94597
-74.38399
-77.88784
-71.60518
-75.94182
-78.47025
-76.75276
-75.93446
-75.71822
-77.92935
-77.15837
-79.45134
-77.73585
-78.51790
-78.45254
-78.21491
-78.95176
-72.29714
-72.50332
-77.07785
-75.44112
-78.03841
-76.27435
-79.55262
-77.54829
-81.20014
-73.12959
-66.91415
-71.06644
-73.18246
-74.41264
-74.47825
-75.26400
-77.21931
-78.18193
-79.75990
-75.90302
-76.40347
-78.11715
-78.57068
-80.00391
-75.24059
-78.23837
-81.17505
-81.05498
-78.30235
-70.41779
-69.99099
-73.92801
-76.78300
-76.83283
-76.80342
-76.22268
-76.79984
-76.26051
-74.36045
-72.13916
-73.96009
-73.39705
-73.71469
-72.60533
-74.50237
-74.44312
-75.01360
-73.29600
-64.74835
-66.16122
-68.10122
-67.77282
-68.85560
-69.12017
-70.55452
-69.94546
-71.31686
-70.35351
-69.33859
-70.79179
-69.34751
-71.43562
-70.33677
-69.11269
-71.77743
-70.09193
-70.96142
-68.96074
-67.59055
-68.31326
-68.17863
-68.80659
-69.27444
-69.27137
-69.36692
-69.99345
-69.18057
-67.32770
-67.42030
-69.78659
-69.51711
-69.49748
-71.08836
-71.14590
-70.97427
-72.81080
-68.84671
-67.91532
-72.41678
-72.50675
-74.09049
-72.56088
-75.95453
-75.83288
-74.46143
-72.21034
-68.98151
-73.63422
-73.78742
-75.44810
-76.67266
-73.15315
-72.26554
-73.00993
-76.42951
-73.13794
-70.94086
-73.26678
-75.98698
-77.84812
-75.85081
-76.49133
-78.33431
-77.67691
-80.04772
-74.49088
-76.04910
-79.76182
-81.14719
-81.16399
-75.74707
-81.39418
-79.09128
-84.96623
-71.58851
-68.41204
-77.34514
-76.10424
-79.11251
-76.48831
-75.64636
-78.40201
-76.23081
-84.69961
-73.33806
-74.42192
-75.61318
-73.65352
-83.35528
-72.59172
-77.15205
-82.62252
-82.93292
-80.82586
-72.98880
-72.96951
-75.92580
-81.44050
-83.03512
-86.26068
-87.48250
-87.95217
-97.37217
-75.25523
-71.38235
-77.60787
-76.77711
-82.02740
-78.83788
-84.58032
-83.94320
-90.25744
-81.84822
-67.68518
-70.09373
-72.35986
-72.33443
-72.96298
-73.14301
-74.88351
-75.65379
-78.92880
-72.48912
-72.04400
-77.49064
-77.15516
-79.20361
-75.67249
-76.82563
-77.54458
-77.20999
-79.14872
-72.46458
-72.83530
-76.25448
-77.35532
-76.78261
-74.99769
-75.22352
-74.80566
-76.14499
-72.90878
-69.32373
-73.73623
-74.23592
-74.81455
-72.58867
-72.55720
-75.18664
-74.42967
-76.89314
-65.36903
-65.10606
-68.08598
-67.49986
-68.90140
-68.46500
-70.21393
-70.83394
-71.99038
-70.57533
-68.16329
-69.42172
-69.92854
-71.53413
-70.24292
-68.80120
-71.83864
-71.76551
-72.61394
-68.51776
-67.33257
-68.41897
-68.94443
-69.99815
-69.62759
-70.21489
-68.80401
-69.68485
-68.25640
-66.69030
-67.99112
-68.86734
-69.57724
-70.18834
-70.02617
-70.84209
-70.27250
-71.42408
-68.83446
-66.33095
-69.23783
-69.12338
-69.82489
-70.74024
-70.98396
-69.77203
-69.49890
-70.90123
-68.09840
-70.38698
-72.25168
-71.80926
-72.14994
-70.45986
-72.36563
-71.72218
-73.09809
-71.68655
-68.49894
-69.88752
-71.48808
-70.80173
-70.78810
-71.05909
-70.99915
-72.51734
-72.69478
-71.82690
-70.37467
-70.59350
-71.83752
-72.34369
-69.20322
-71.08320
-70.47098
-71.05197
-69.42689
-65.84518
-70.39289
-70.74200
-71.18433
-70.59334
-69.49611
-69.72663
-69.26494
-72.28035
-69.14297
-66.72678
-68.37856
-69.03123
-70.19948
-67.38541
-68.84011
-71.92389
-71.02709
-70.41515
-67.36760
-69.01094
-69.78874
-70.20953
-71.76919
-71.41074
-69.50495
-68.72443
-69.57452
-67.76822
-66.55368
-68.53819
-68.72466
-69.70538
-68.80645
-68.89680
-68.88078
-68.61225
-69.54060
-65.57766
-66.62091
-69.24424
-69.99211
-71.53230
-70.43164
-69.39661
-71.37030
-74.04722
-71.10863
-68.84462
-71.92614
-73.78280
-74.51700
-74.21493
-73.50236
-75.78336
-75.08816
-76.24098
-71.68483
-70.39420
-73.07750
-73.51299
-74.51882
-74.64846
-74.33114
-74.71164
-76.09605
-74.54384
-69.04653
-71.26888
-73.16626
-72.82551
-72.79624
-72.71310
-74.63203
-73.47238
-77.04723
-67.17973
-65.11978
-68.03495
-68.34514
-69.57132
-69.16994
-69.97876
-69.10599
-69.29876
-70.16985
-67.66036
-69.51998
-68.85714
-69.89391
-71.51452
-68.14417
-70.27903
-70.21089
-70.55255
-69.38324
-67.11877
-67.28369
-67.83887
-68.72441
-69.80065
-70.70267
-69.66739
-70.48901
-70.34890
-66.35422
-67.19119
-69.76477
-68.93176
-68.52716
-69.37803
-71.43531
-70.54399
-72.18208
-69.62101
-66.84438
-71.29499
-73.55486
-73.65174
-72.91474
-73.31919
-76.03915
-74.00292
-74.52871
-69.21585
-70.53141
-74.83533
-73.10617
-76.01600
-73.62816
-75.03709
-75.00042
-75.51901
-74.86889
-70.47130
-72.31534
-75.52701
-76.77012
-76.83382
-76.82946
-78.21466
-78.17016
-79.96083
-76.14029
-74.08262
-79.03409
-78.77438
-82.51238
-76.08458
-79.26604
-80.82839
-82.90059
-77.96918
-67.51096
-72.86605
-77.07938
-77.56523
-79.68623
-74.48965
-75.00184
-73.59329
-75.85383
-73.75282
-70.01010
-72.51911
-73.18304
-78.36300
-72.91159
-71.95641
-77.88574
-78.56709
-88.90897
-75.02803
-75.35841
-80.36922
-82.76581
-84.74052
-83.33057
-87.46620
-84.97422
-95.07689
-80.26024
-69.98773
-74.08205
-75.99131
-79.55546
-81.17715
-79.48997
-87.70016
-81.93940
-106.08606
-69.66675
-68.09657
-72.84086
-71.55419
-72.16050
-72.10746
-73.42961
-74.10774
-76.27528
-73.70347
-70.74737
-73.45990
-74.01560
-75.19186
-75.60843
-74.53580
-77.02918
-76.10166
-78.02876
-73.20063
-70.40861
-72.44744
-73.74253
-75.54801
-75.17945
-74.41203
-74.39429
-76.50769
-76.35813
-68.21190
-70.61031
-74.12261
-73.35476
-73.60371
-70.91683
-74.73949
-73.08653
-77.60821
-68.39227
-64.57891
-67.70732
-67.78602
-68.35128
-68.24855
-69.01556
-69.91740
-69.74183
-71.61857
-68.63549
-69.22975
-68.84633
-68.27208
-71.38413
-67.52467
-69.75783
-69.43878
-70.95424
-69.58882
-66.70871
-67.78550
-67.91154
-69.37216
-68.76277
-69.69989
-69.01388
-69.57118
-69.27046
-66.60136
-66.85321
-68.71688
-68.56410
-70.16159
-69.75205
-71.10289
-70.09614
-70.80511
-68.96418
-64.06427
-67.97343
-70.25474
-69.84863
-70.65932
-71.15488
-71.26063
-69.88942
-71.90615
-69.60537
-69.34445
-71.55267
-70.56111
-71.90873
-71.34590
-72.04783
-74.07393
-74.52702
-75.36476
-69.68048
-68.49400
-70.83032
-71.70183
-72.11410
-71.39035
-71.59909
-73.43882
-73.22695
-73.97491
-70.93775
-70.93622
-71.95377
-73.08528
-70.38733
-70.82735
-72.92278
-71.61727
-74.05936
-66.60060
-68.18938
-71.76276
-71.04360
-72.81241
-70.48832
-71.14571
-71.11603
-73.23535
-72.52324
-67.35935
-67.78980
-67.56003
-69.90406
-70.22072
-67.84655
-71.64056
-71.20411
-71.89301
-69.40833
-68.85285
-70.72059
-70.47910
-71.23040
-72.55343
-70.93378
-69.83589
-69.71381
-69.82041
-67.55507
-68.24799
-69.97831
-69.75013
-70.35340
-68.89860
-70.56951
-69.24063
-71.17678
-66.88678
-65.16625
-69.76097
-70.24327
-71.71471
-70.31764
-70.78944
-71.37269
-72.54841
-73.97469
-67.69449
-69.16141
-72.17433
-72.98525
-74.66148
-71.98964
-76.48675
-75.90544
-75.96856
-73.51524
-69.87549
-71.00208
-71.73529
-74.00719
-74.36471
-72.69897
-72.31208
-74.01353
-75.25910
-68.72685
-68.00642
-72.21769
-71.62147
-72.57857
-70.84346
-72.12030
-71.66777
-76.18428
-70.64457
-64.06593
-67.59652
-68.64048
-69.32096
-69.40896
-70.16553
-70.54665
-69.11563
-71.78095
-68.44771
-68.02745
-68.25911
-67.09680
-71.44538
-68.84733
-69.29832
-70.77154
-69.67513
-69.95076
-65.36145
-66.72977
-67.90049
-67.78404
-68.95178
-69.61494
-69.80191
-68.80863
-70.56720
-67.81970
-65.56513
-68.26554
-68.73232
-69.13964
-68.96902
-69.88977
-70.28951
-71.40961
-72.41319
-65.46374
-67.95455
-71.85675
-72.02893
-72.97229
-71.10947
-71.95774
-69.88182
-70.41832
-70.39851
-67.93029
-67.81511
-67.74847
-71.06804
-72.87692
-73.07449
-76.51729
-74.65609
-76.04429
-70.26564
-69.70026
-71.97496
-72.94844
-75.87474
-75.78210
-72.09384
-68.95664
-71.34255
-74.51796
-70.25118
-72.24535
-73.42384
-75.15073
-78.08906
-74.19168
-77.68047
-79.75208
-85.13489
-68.76129
-68.48578
-75.43954
-73.10443
-79.18463
-74.17123
-71.94951
-69.72925
-71.92688
-81.86972
-68.56551
-73.75688
-71.94302
-71.21836
-79.94984
-70.94079
-78.20470
-76.32197
-80.68690
-75.51827
-71.93592
-75.74012
-75.84556
-77.98658
-80.78369
-82.86598
-83.56438
-84.84607
-87.15894
-71.11202
-69.24244
-73.62499
-72.89224
-78.42975
-76.51452
-83.59965
-79.12138
-93.54440
-73.49942
-66.15250
-70.10253
-70.90280
-72.20398
-71.95153
-70.78156
-69.92882
-74.15514
-77.35465
-72.38167
-72.29280
-74.65463
-75.64095
-75.99071
-73.11085
-76.17542
-78.51785
-78.21711
-77.01237
-69.47191
-70.79227
-72.64223
-74.93273
-74.27419
-71.54772
-72.83948
-71.82350
-76.06550
-67.94687
-65.68749
-72.61114
-72.03662
-74.46182
-72.33765
-72.52879
-71.90885
-73.79217
-72.39861
-63.54349
-65.42434
-67.50823
-67.76708
-68.44519
-67.69347
-68.79814
-67.38701
-68.22166
-67.46291
-66.40870
-69.55087
-69.30974
-69.38324
-68.13083
-68.40211
-70.43271
-69.13924
-70.12563
-67.11325
-66.63622
-67.33629
-68.71186
-69.33774
-69.70124
-69.54292
-68.90005
-69.43207
-67.04134
-65.91611
-67.70472
-68.00964
-68.73160
-69.41278
-69.92094
-70.58074
-69.47532
-71.14890
-65.66200
-66.14957
-69.27743
-68.48204
-70.25009
-70.04125
-71.69656
-69.30053
-69.41124
-70.97379
-65.37064
-65.02246
-65.89000
-69.23580
-68.94924
-67.05151
-72.73815
-70.86560
-73.29247
-69.55626
-65.13707
-67.11906
-69.72837
-70.40930
-71.34391
-70.69415
-72.10983
-72.62132
-73.04761
-68.84163
-68.40727
-69.45950
-71.19080
-69.81306
-64.95760
-70.16101
-69.84053
-72.18195
-67.85707
-65.24887
-70.62796
-70.01611
-71.55223
-69.61214
-70.03607
-69.25238
-68.17815
-72.25212
-67.04488
-65.07844
-65.76638
-66.33239
-68.13839
-66.40407
-69.58323
-70.95984
-71.41763
-69.06288
-65.48614
-67.02691
-68.37461
-69.33933
-69.94395
-67.49119
-65.84743
-66.98876
-67.58591
-65.94083
-64.80532
-66.34954
-67.30389
-66.60515
-66.80646
-66.54209
-66.51445
-67.48153
-68.57706
-68.30560
-67.20482
-68.99475
-70.55555
-71.47176
-72.17182
-71.85923
-71.52135
-71.30521
-72.47696
-72.02680
-71.13995
-71.18151
-71.43187
-70.94390
-71.50889
-71.77729
-71.55814
-70.62554
-69.98788
-70.12465
-70.87407
-71.74760
-71.32762
-71.27832
-70.55289
-69.43073
-69.67888
-70.72884
-70.36097
-69.55359
-69.60800
-70.05777
-69.77232
-68.98704
-69.15538
-69.67618
-70.72008
-70.05160
-69.84721
-69.32146
-69.22071
-69.29904
-69.07633
-68.69108
-68.01949
-68.44095
-67.78228
-68.12249
-68.43539
-67.98309
-67.58546
-66.79407
-65.66803
-66.56584
-67.68985
-68.46175
-65.83113
-65.01896
-66.77554
-65.39422
-65.86235
-66.41898
-64.52889
-64.44493
-63.98984
-64.07543
-64.48883
-63.77075
-64.97382
-65.31502
-65.11632
-64.23109
-64.87923
-63.06579
-61.90699
-63.69331
-64.35201
-64.56962
-65.38568
-65.02151
-65.18238
-66.01609
-65.90529
-66.51277
-66.90976
-69.23506
-67.82593
-68.14069
-70.13730
-69.06532
-69.21222
-71.56942
-69.89948
-68.28498
-70.79093
-72.37193
-70.91315
-71.54407
-72.86929
-70.65565
-70.94215
-71.34397
-72.65885
-73.20299
-73.63584
-73.26364
-73.54595
-74.52783
-75.15586
-75.84030
-75.32987
-75.12651
-76.03327
-78.28817
-78.71078
-79.78307
-77.55468
-77.83978
-79.38850
-81.25161
-81.54309
-80.46738
-81.78943
-81.69500
-83.32431
-85.00166
-84.78050
-84.98617
-85.42602
-84.84827
-86.48303
-90.59167
-89.62689
-88.92159
-88.22911
-89.39602
-91.05100
-88.51912
-90.91223
-90.93087
-92.21215
-89.95967
-93.10889
-97.36699
-96.74967
-94.05979
-93.93495
-94.15907
-93.88965
-94.11912
-93.00571
-96.69915
-80.19604
-83.39229
-94.39558
-87.80761
-90.06876
-86.18887
-86.27274
-85.62010
-87.61955
-85.06234
-84.17695
-85.59261
-84.29546
-87.02744
-83.88628
-83.15378
-86.28177
-84.79629
-85.30568
-84.45285
-84.61953
-84.11587
-84.30268
-84.15972
-83.70346
-84.11300
-83.66664
-83.76206
-83.25132
-82.24994
-83.00835
-82.34266
-81.93039
-82.49453
-82.57536
-83.95404
-83.24986
-84.78734
-79.76259
-80.14892
-83.92099
-82.90452
-82.27029
-79.45448
-81.36618
-82.38594
-81.90760
-82.67994
-80.46192
-82.75806
-83.30679
-83.60951
-80.08508
-78.88469
-83.22922
-80.73423
-82.44481
-79.53828
-79.60791
-83.90242
-82.85286
-84.66333
-83.87970
-83.46240
-83.24586
-83.38937
-83.17930
-81.08588
-82.49250
-83.12906
-82.46576
-82.65122
-82.51356
-81.55392
-81.82032
-82.00661
-80.82780
-81.00370
-82.67594
-81.88378
-82.52249
-81.40392
-81.42646
-80.95077
-81.30922
-83.51763
-72.47696
-76.26625
-84.75612
-80.92087
-84.16711
-79.10612
-82.14735
-82.19878
-83.12973
-82.51034
-80.43113
-82.24859
-83.19602
-82.70526
-83.57294
-82.71774
-82.44676
-82.57886
-82.36204
-79.23728
-79.87494
-82.65034
-81.00044
-82.27228
-81.66103
-82.71819
-81.50722
-82.10525
-77.44834
-75.40496
-81.39321
-80.83449
-82.31787
-79.35153
-77.31879
-81.46891
-80.89266
-81.96388
-79.37702
-79.41883
-81.78615
-80.59978
-82.33685
-77.26852
-76.99956
-80.49540
-80.56960
-81.62321
-79.97798
-81.43668
-82.27362
-82.15977
-82.01218
-82.27398
-82.09706
-82.21681
-82.38023
-82.60436
-82.18094
-82.99023
-82.76308
-83.33228
-80.20087
-79.65923
-83.12779
-80.64662
-84.05110
-75.67655
-78.25572
-94.50917
-84.55035
-85.86023
-83.67604
-87.20453
-84.19750
-87.33816
-82.23893
-79.06891
-86.54685
-85.62469
-87.37070
-85.42154
-83.85480
-85.23692
-83.98508
-86.07502
-81.58837
-81.15440
-84.82086
-84.07134
-85.75206
-85.19578
-85.25605
-84.44322
-85.42785
-84.01346
-79.48089
-83.26070
-86.61218
-85.06469
-86.00480
-84.49412
-84.59197
-83.26074
-85.82194
-81.43340
-81.09841
-86.69477
-85.31089
-86.58427
-80.86957
-82.37438
-85.35673
-84.44551
-85.29398
-80.28229
-83.39270
-85.59226
-85.01341
-85.48290
-79.75112
-84.10565
-83.84986
-88.07198
-80.47206
-76.75658
-86.17682
-84.63701
-87.13109
-84.55573
-83.87630
-85.00297
-85.44587
-84.40710
-83.53605
-84.20956
-87.60914
-82.96371
-82.35547
-85.83855
-86.26356
-86.09469
-85.72607
-83.76742
-76.75851
-85.58589
-87.24919
-86.42795
-87.06318
-84.59855
-85.59652
-77.53843
-80.43521
-78.34168
-79.39498
-85.38488
-83.72476
-85.97020
-80.27694
-81.48828
-85.44328
-83.93998
-84.62498
-81.41840
-82.84197
-83.16077
-83.61109
-84.10666
-83.25718
-83.63907
-83.78017
-84.80061
-83.60552
-83.34188
-85.32833
-85.00985
-83.68925
-84.02376
-83.16672
-84.14815
-82.88618
-85.01541
-78.24311
-80.96261
-83.97290
-83.23081
-82.65135
-75.11258
-81.16300
-82.35667
-82.98968
-79.98650
-76.48887
-83.11486
-82.21018
-83.08573
-82.07132
-80.23462
-83.34466
-81.54448
-80.86095
-79.45966
-82.39572
-82.41599
-82.57011
-81.96235
-80.59737
-81.72802
-82.14820
-82.13547
-81.77003
-82.66010
-81.56841
-82.69538
-81.99394
-83.06629
-81.02801
-83.83518
-80.30350
-87.68848
-74.66638
-73.97067
-91.15487
-83.84348
-88.52080
-80.62802
-82.64819
-84.66761
-85.24131
-84.19011
-81.63575
-83.53278
-84.19742
-84.60226
-83.93511
-81.30547
-84.25348
-83.83499
-84.01522
-80.54631
-79.07193
-83.37254
-82.97741
-84.28425
-82.96450
-83.87542
-84.31998
-84.25621
-83.54891
-81.16439
-81.96790
-82.30098
-82.25452
-82.11058
-77.29948
-81.37868
-81.19810
-83.00654
-79.03860
-75.41073
-83.20376
-81.48279
-82.51258
-79.89823
-79.23365
-81.49482
-80.06295
-80.98969
-76.72810
-78.76744
-81.09708
-80.66800
-80.78522
-74.93763
-79.02935
-79.99691
-80.14741
-80.48295
-76.62299
-80.14289
-80.19815
-80.44699
-79.11177
-79.60320
-80.29583
-79.82566
-80.54854
-77.44028
-78.12793
-81.56019
-79.34344
-80.14656
-79.40469
-81.31563
-79.99420
-80.76065
-80.29071
-72.86132
-80.31898
-85.88526
-82.31320
-82.43496
-78.47027
-82.54369
-79.86640
-86.27751
-74.83724
-72.79197
-82.33120
-81.35580
-84.51139
-80.44917
-79.71651
-81.06534
-80.65178
-81.86010
-77.63163
-78.53557
-80.65549
-80.82975
-82.13935
-81.24313
-82.02527
-82.28856
-82.70200
-80.49408
-79.33145
-82.19635
-81.39096
-82.42463
-78.10330
-77.07849
-80.82216
-81.21538
-79.75445
-74.82054
-77.79813
-82.60403
-80.70987
-83.04904
-76.80963
-79.28103
-81.45791
-82.07031
-80.99305
-76.53151
-82.38750
-81.05155
-84.85107
-79.12111
-75.10611
-79.64834
-80.90990
-82.40486
-80.12398
-80.74479
-82.74234
-82.29438
-82.57256
-81.37004
-82.04228
-81.24489
-81.04741
-80.64754
-78.11463
-80.90762
-82.14907
-81.48597
-81.34035
-77.89341
-83.54481
-80.47506
-86.12703
-74.24100
-69.29678
-84.15096
-80.50486
-84.05147
-79.18752
-81.23588
-82.19845
-81.66956
-82.98238
-69.76460
-74.76233
-80.84710
-82.25196
-77.46130
-74.73543
-82.49093
-80.93548
-81.86001
-80.03303
-75.83767
-81.32578
-77.61456
-84.29139
-70.89125
-68.57999
-78.96096
-78.37074
-79.03427
-75.62636
-78.98904
-81.40233
-80.66733
-82.08013
-76.19050
-78.69835
-78.59910
-82.58148
-76.21511
-64.40334
-69.85821
-77.74020
-76.99490
-80.43595
-75.55228
-81.97667
-77.24168
-83.97517
-71.35559
-70.79378
-79.70779
-77.67804
-80.96889
-73.14283
-75.54064
-80.53306
-77.62171
-81.00788
-73.99533
-79.39273
-78.64799
-80.37394
-77.40324
-71.99596
-77.55321
-78.14621
-79.10531
-75.23079
-72.97685
-79.02456
-77.64862
-78.70924
-78.44576
-80.01270
-79.27577
-79.14364
-80.30437
-68.63257
-72.12794
-79.06467
-78.58279
-80.46636
-77.01838
-80.89198
-75.63936
-76.72980
-74.74489
-72.01413
-81.16222
-77.10295
-85.56823
-70.24028
-68.30526
-80.90793
-75.84200
-82.34211
-73.11998
-74.42184
-79.72927
-79.53788
-80.28813
-79.66635
-79.69245
-78.81067
-80.26726
-78.92470
-75.75732
-77.97094
-79.49419
-79.60123
-79.02686
-76.25545
-80.50434
-78.59220
-80.42772
-70.86444
-73.36840
-81.07968
-77.76067
-82.08701
-74.83453
-76.53872
-80.32518
-79.36975
-79.30392
-73.61906
-77.86529
-80.14347
-79.58095
-79.06949
-75.44371
-78.85743
-79.23677
-78.78368
-77.57828
-78.88471
-77.56101
-80.46015
-78.63566
-80.00237
-79.11665
-80.96583
-80.13132
-80.89129
-77.66591
-79.63400
-79.89164
-80.19878
-80.55975
-79.19253
-79.32927
-78.76557
-82.88553
-64.47170
-68.13321
-78.04052
-76.94180
-84.27093
-80.31144
-88.85026
-84.06332
-94.36001
-87.39925
-96.12868
-90.38305
-97.55369
-92.00562
-99.35056
-95.62280
-101.88481
-100.09207
-102.96020
-102.02019
-100.95475
-106.29308
-103.19889
-114.20174
-103.59965
-122.47578
-103.64075
-126.46623
-104.82927
-127.55849
-106.51709
-124.58576
-108.19998
-127.88544
-109.84310
-132.82464
-111.95196
-167.88048
-115.47485
-127.11862
-119.18571
-122.80224
-126.63526
-121.02886
-144.93589
-120.70834
-127.64347
-120.91292
-124.90540
-120.85835
-124.16147
-121.49115
-125.28220
