-58.23405
-42.69826
-40.16233
-46.68057
-50.54557
-58.59376
-56.03158
-70.23365
-64.36171
-72.12846
-74.24212
-76.08710
-75.25211
-83.34957
-78.32999
-76.76346
-73.81146
-70.43447
-66.18523
-60.37406
-46.91197
-41.63362
-48.90508
-52.68918
-60.35531
-60.38472
-88.09180
-79.32605
-135.10927
-77.00792
-46.51067
-47.03434
-81.77599
-67.28881
-68.64807
-68.11962
-68.00329
-65.76280
-61.59813
-50.84614
-42.36115
-49.34349
-54.20819
-59.66677
-65.13870
-114.03521
-97.62249
-88.63283
-80.57015
-54.30798
-54.01800
-67.84571
-70.80267
-72.48114
-73.16208
-72.77899
-70.89102
-66.41705
-54.86660
-42.80565
-49.93459
-94.83460
-107.15311
-123.62151
-88.85711
-79.86992
-71.28888
-63.63965
-43.74294
-38.77717
-54.26967
-61.35862
-68.03044
-66.53792
-69.57874
-68.80715
-69.29232
-63.61374
-38.49434
-42.42017
-46.80321
-54.56987
-55.41175
-57.42442
-65.33280
-69.02762
-77.24718
-78.33857
-98.96877
-78.98054
-85.59643
-110.12640
-82.77475
-82.68988
-84.09465
-107.59438
-82.26348
-38.75910
-39.29492
-47.45111
-51.49685
-56.87537
-57.71226
-70.24714
-65.40734
-62.11453
-52.94434
-40.58175
-50.47275
-82.72902
-71.94761
-71.51686
-68.68409
-68.00926
-64.84476
-59.78062
-40.43271
-39.67082
-48.86724
-51.56689
-58.66572
-64.02355
-74.42529
-73.61715
-71.82878
-61.88546
-48.54062
-57.69087
-68.81659
-70.10251
-70.53296
-70.20353
-69.07214
-66.66890
-61.86017
-43.33182
-39.98713
-54.75653
-78.44183
-92.00201
-81.38811
-78.18638
-75.45045
-72.08022
-59.25103
-35.71536
-38.17056
-68.16843
-56.74151
-58.62633
-56.96039
-57.02825
-54.59357
-51.23004
-41.58103
-34.75354
-40.83481
-45.03320
-52.67904
-49.74278
-60.43584
-59.41686
-70.46067
-70.54271
-76.91564
-67.48985
-85.04538
-68.61449
-68.56079
-64.84297
-62.14532
-58.52525
-53.93093
-43.68532
-33.35576
-39.06261
-44.90333
-49.69618
-52.79440
-61.35286
-77.20220
-63.99260
-56.84262
-40.36782
-37.69697
-73.65650
-60.53170
-62.73591
-62.56569
-63.68109
-62.03929
-58.74674
-49.78683
-34.22192
-38.93816
-46.45137
-51.38943
-56.62264
-68.47960
-82.84285
-84.36240
-94.63985
-64.00832
-69.44404
-82.47585
-82.32007
-72.31420
-48.27279
-74.09954
-104.95726
-76.65899
-59.08348
-36.42450
-40.01029
-84.58761
-75.94862
-74.49782
-71.25752
-67.01038
-61.79019
-54.84683
-39.47381
-30.45778
-41.41501
-58.11837
-84.71561
-77.25624
-67.68936
-66.85284
-59.28047
-53.02069
-31.72136
-32.48594
-38.99215
-43.25562
-49.36486
-47.72668
-67.75427
-56.01962
-57.26593
-49.60062
-35.72349
-46.77276
-62.57280
-58.09860
-77.53990
-61.00533
-60.61522
-56.55880
-51.48410
-33.12722
-32.13858
-39.99118
-43.74707
-51.57792
-50.35883
-67.08822
-60.50772
-59.39769
-52.84095
-34.08128
-40.55503
-58.78970
-56.45902
-57.34345
-55.67231
-55.27038
-52.94560
-48.68638
-36.18001
-31.66351
-40.10095
-45.05684
-52.31114
-56.04885
-72.45361
-73.91240
-76.88087
-76.92125
-52.82146
-54.57600
-65.59558
-65.41317
-65.81170
-64.11235
-62.11059
-58.95838
-53.61134
-39.91306
-33.04460
-44.94960
-75.25264
-96.32690
-99.31857
-80.72058
-71.82533
-64.71088
-58.81834
-30.86120
-30.92759
-56.06543
-49.26485
-52.59868
-51.17109
-52.97002
-50.25211
-47.92896
-40.00053
-29.25120
-35.59579
-39.47156
-47.43989
-47.41582
-52.26232
-61.95314
-57.88748
-53.66852
-39.51065
-36.93674
-59.73748
-57.46304
-71.46148
-57.97799
-59.58571
-57.25310
-54.21987
-45.90383
-30.84702
-35.23294
-41.98395
-48.21116
-50.09755
-56.38053
-67.70234
-59.06571
-52.72683
-38.77946
-34.36803
-56.09403
-57.72140
-62.70434
-64.03465
-68.27821
-69.94997
-73.66651
-67.91394
-32.10132
-34.59683
-43.52621
-45.64842
-55.30484
-57.85931
-61.75592
-60.40841
-56.95993
-45.99457
-38.18735
-63.12101
-71.80351
-84.42917
-93.28824
-81.99672
-78.05617
-76.53758
-78.86553
-34.86042
-36.72875
-64.03738
-74.86552
-70.80850
-67.99025
-64.81411
-60.63261
-54.67111
-41.73155
-29.12239
-37.56566
-92.67832
-59.26687
-59.50457
-55.59992
-55.65958
-51.15456
-46.57622
-32.30149
-30.84297
-38.01234
-41.40711
-49.30954
-44.97488
-66.38407
-54.51437
-61.16495
-58.26511
-35.76164
-42.25771
-55.84009
-55.08316
-63.36559
-57.15219
-56.43261
-53.56589
-48.79653
-35.64956
-30.89876
-39.06103
-43.74421
-50.83099
-50.63468
-71.39772
-69.57800
-78.80900
-76.31673
-35.21650
-37.23862
-64.80581
-55.98284
-56.89031
-56.28284
-56.31062
-54.15894
-50.35700
-40.28968
-31.30199
-38.36649
-44.13362
-49.22777
-55.07629
-77.17498
-76.76267
-70.09303
-65.04906
-39.91430
-41.72881
-57.11367
-59.57490
-61.29877
-62.06840
-61.89158
-60.38540
-56.42454
-45.11002
-33.66294
-41.44333
-65.00633
-69.64495
-70.71346
-68.79169
-65.05619
-59.87677
-53.02953
-33.62863
-29.68928
-47.25952
-52.18419
-56.22338
-56.03427
-57.86870
-56.10068
-55.41213
-49.06839
-29.11657
-33.37513
-39.34944
-45.72536
-49.21399
-48.94802
-69.00294
-54.84349
-52.75511
-42.50974
-35.62484
-58.71390
-68.87154
-68.97381
-66.67625
-80.72093
-75.29948
-83.07531
-71.23429
-31.71983
-33.53167
-41.49329
-46.07585
-51.74822
-52.84064
-62.51170
-57.02148
-52.99732
-42.85044
-33.98775
-47.85407
-64.17494
-76.87617
-72.11833
-65.28255
-62.85522
-58.43322
-52.70151
-33.67727
-32.84480
-42.29528
-45.38944
-52.85891
-57.18052
-64.54698
-64.16711
-61.82526
-52.29572
-38.14479
-50.61261
-63.68559
-64.06148
-64.26899
-63.72816
-62.44716
-60.07940
-55.57120
-37.24665
-35.46728
-52.59564
-101.44465
-76.64478
-73.41123
-71.25471
-68.23663
-64.04979
-51.25947
-29.74835
-33.26855
-72.15093
-52.39025
-53.71289
-52.21176
-52.03028
-49.23808
-45.67374
-35.58374
-29.85831
-36.75215
-39.67407
-48.36521
-45.56323
-56.61537
-61.83400
-67.90314
-59.39660
-36.90695
-38.40822
-56.12700
-56.02619
-63.63568
-56.19246
-56.34359
-53.87682
-49.72039
-39.35305
-31.14210
-36.63294
-42.59978
-49.86910
-50.12542
-62.41506
-110.09030
-65.80118
-56.12245
-37.14791
-35.27429
-110.82958
-55.77740
-57.45595
-57.15912
-57.92036
-56.48696
-53.80220
-46.05683
-31.35423
-36.17474
-44.91322
-46.66124
-57.68258
-56.89148
-55.84166
-52.45097
-47.30566
-33.98224
-26.24818
-35.95118
-41.91600
-62.78591
-61.18302
-64.90998
-65.80829
-65.48643
-56.45582
-37.12453
-42.69441
-69.95658
-66.53578
-64.30101
-63.00219
-62.57382
-64.35698
-73.26358
-38.13883
-22.19112
-28.67913
-58.08404
-45.51046
-91.34666
-74.03194
-74.84719
-63.49756
-61.78481
-23.66814
-33.62573
-58.14436
-41.79304
-51.88348
-41.69912
-62.00750
-49.85069
-52.98299
-50.07695
-38.51784
-43.63874
-51.27756
-49.89930
-53.78681
-51.36138
-51.00083
-49.03624
-45.39476
-29.57893
-24.49936
-36.21141
-46.80333
-53.33437
-55.52609
-61.09084
-57.05226
-52.92283
-43.17549
-32.79532
-44.83487
-67.58261
-61.96359
-61.91217
-58.75212
-56.15513
-52.53413
-47.65896
-35.58102
-30.53914
-41.50945
-44.19414
-50.97010
-59.00530
-109.25967
-68.12981
-59.95686
-53.69454
-28.40762
-28.71675
-42.11684
-41.82497
-61.33786
-54.83743
-54.89484
-53.81683
-51.03141
-39.23457
-34.90993
-41.72213
-59.49832
-54.34620
-82.35755
-59.44760
-63.28273
-57.25811
-53.06694
-29.51381
-23.18910
-41.23289
-47.28760
-78.32987
-51.78571
-48.86006
-45.73842
-42.10035
-33.63079
-24.80393
-49.31150
-39.86309
-50.14305
-41.72084
-48.96288
-55.16494
-59.29162
-56.19968
-40.76752
-39.08943
-65.64964
-68.34047
-62.97271
-85.95368
-64.45797
-63.60978
-63.68467
-55.50865
-25.25361
-27.19344
-46.65550
-46.22280
-59.47939
-58.75161
-63.23483
-59.31556
-54.03452
-40.95949
-34.84746
-57.51703
-60.77991
-62.25717
-62.61352
-64.19211
-63.67271
-63.35493
-58.33583
-31.95501
-34.47209
-44.30783
-45.82851
-58.79202
-56.58492
-57.65615
-55.36547
-51.07857
-39.55853
-26.23000
-33.06957
-41.21930
-46.90286
-64.89050
-62.31795
-61.28739
-60.05521
-59.02838
-37.76198
-40.79954
-58.65949
-59.99521
-59.03947
-58.03419
-57.11877
-56.49206
-57.18476
-48.27426
-22.77088
-25.84229
-67.44034
-42.09374
-58.33683
-53.42152
-50.92036
-47.12916
-41.89211
-24.30428
-29.57226
-50.71187
-40.16447
-71.67895
-38.66363
-81.38774
-48.32455
-52.04815
-49.00567
-38.19500
-41.58397
-51.36407
-50.49407
-60.24339
-53.84333
-53.56008
-51.24194
-47.26546
-33.54501
-23.99847
-32.55993
-47.88357
-51.06725
-58.90959
-76.63519
-69.06183
-65.63286
-56.12191
-33.40278
-40.82461
-55.45169
-55.00876
-56.66459
-55.55128
-55.51485
-52.76399
-49.91208
-40.69564
-30.37444
-38.04356
-45.40306
-46.51593
-57.41672
-60.19029
-56.89755
-52.75173
-47.47950
-30.41788
-28.05548
-40.86884
-41.09731
-76.45936
-54.77185
-55.37684
-54.84927
-52.64862
-43.68663
-34.48378
-39.41481
-54.90310
-57.63936
-71.88762
-64.75936
-76.20163
-60.75813
-54.07146
-33.32931
-22.47907
-34.11345
-50.82516
-52.01069
-59.40976
-55.92984
-52.92197
-50.23698
-42.73915
-24.28878
-40.15307
-46.14130
-45.35035
-43.70825
-42.79278
-88.12941
-51.83128
-51.20114
-43.53201
-37.96982
-53.32845
-57.98730
-53.87679
-58.51227
-55.04288
-54.40595
-52.44871
-50.57950
-26.97845
-25.64430
-42.04335
-45.23573
-53.54750
-60.29604
-66.42257
-61.65331
-56.80864
-45.93722
-34.57228
-48.81220
-70.73636
-107.13410
-86.84209
-70.62123
-67.13618
-61.55645
-54.88586
-33.24388
-32.99189
-42.96951
-45.38174
-55.32065
-57.12838
-62.41675
-61.80711
-59.22263
-48.12590
-27.29427
-30.22133
-40.35188
-43.82276
-60.80099
-57.72709
-57.34707
-56.11360
-53.52720
-39.49178
-39.04770
-52.59937
-58.36586
-58.55878
-57.88308
-56.81628
-55.36175
-53.29621
-56.87534
-24.41064
-23.81679
-50.93022
-41.16189
-56.49231
-48.98752
-46.61259
-43.48742
-38.95416
-26.95211
-26.01614
-47.14879
-39.62195
-66.03367
-40.05602
-50.99801
-51.21619
-70.75507
-103.42227
-41.95937
-39.73987
-54.54947
-53.39466
-63.85906
-57.58074
-60.54437
-58.48290
-53.71830
-39.60196
-24.12902
-29.76009
-48.56298
-49.09756
-57.71002
-67.72435
-87.79604
-77.05669
-69.96744
-33.68085
-37.07283
-57.18714
-55.27876
-57.00765
-56.43894
-56.11243
-55.14699
-53.21221
-46.60140
-30.50167
-35.80463
-45.88362
-44.78105
-65.01176
-55.60179
-53.95680
-50.95659
-46.20336
-33.43813
-26.49748
-37.04208
-41.67531
-63.46855
-60.87938
-62.70216
-62.02158
-59.33530
-49.85932
-34.53212
-38.72210
-49.74418
-61.82228
-57.37140
-77.28506
-60.92189
-68.31325
-73.78509
-38.90632
-22.91130
-29.93217
-64.55573
-47.95945
-61.80612
-61.18621
-60.21225
-55.17194
-50.67353
-25.05077
-33.76319
-57.28826
-40.43282
-46.61167
-42.31491
-66.83744
-48.80495
-50.85849
-45.83879
-38.21030
-47.50975
-53.77522
-51.77591
-56.89742
-53.68320
-52.90392
-50.48480
-46.43467
-29.36267
-24.43785
-36.57099
-47.79261
-51.84871
-59.93378
-77.38963
-67.41443
-63.08223
-53.04600
-34.23108
-43.65933
-64.37305
-61.40507
-61.45301
-59.57745
-57.97640
-54.79180
-49.77090
-35.63293
-32.36405
-41.02379
-44.17673
-53.21253
-55.46473
-75.42044
-83.28133
-66.64028
-61.71093
-28.48285
-29.18975
-41.45743
-42.20378
-66.20451
-55.61377
-55.28674
-54.25628
-51.85503
-41.67497
-38.01237
-48.07639
-57.31747
-58.43313
-58.21256
-57.30951
-55.64160
-52.64246
-48.81497
-27.07188
-22.47190
-39.91671
-43.32850
-63.81901
-49.72581
-47.11660
-44.03863
-39.83276
-30.02562
-24.53679
-54.44132
-40.27647
-53.22550
-41.40466
-50.72870
-52.31755
-74.70982
-64.76335
-40.90390
-39.31416
-64.93731
-68.64314
-61.90947
-90.80420
-67.74438
-67.36484
-65.99706
-53.57275
-25.13002
-27.87113
-46.13145
-45.58463
-63.57452
-57.75470
-61.18275
-57.45246
-52.26953
-36.28664
-35.45953
-62.32931
-55.40652
-59.61882
-60.53038
-65.50297
-65.75544
-80.38907
-71.72183
-31.28808
-33.02048
-46.28638
-44.08431
-58.35594
-53.14382
-54.02504
-52.42392
-48.94093
-38.13218
-26.87426
-34.99750
-42.15885
-51.06810
-88.96130
-69.66546
-68.41463
-66.62733
-70.50951
-35.33241
-37.04082
-46.41012
-64.14225
-55.57800
-61.86257
-56.94121
-59.72257
-58.14640
-50.72018
-23.86430
-26.89739
-58.28568
-43.65980
-52.07232
-50.44151
-48.63194
-45.18236
-40.45236
-25.89992
-29.04615
-52.29185
-38.59878
-50.32128
-40.62056
-75.79831
-48.74008
-53.51745
-51.29940
-38.32519
-43.78888
-51.42603
-51.61279
-56.39276
-52.67509
-52.75414
-50.56814
-46.31912
-32.59187
-24.22404
-33.88880
-48.72903
-48.19463
-58.17814
-83.82477
-104.45111
-76.44390
-73.28155
-35.21860
-39.57772
-63.16355
-58.35823
-59.07420
-58.01363
-56.96826
-54.33221
-49.91738
-38.88278
-31.28504
-38.60714
-45.43681
-49.84287
-58.90010
-63.20495
-59.11656
-54.34222
-48.59516
-30.38226
-27.23310
-37.54173
-42.43315
-62.79490
-61.44803
-62.12490
-61.39126
-58.50427
-47.99692
-37.25697
-45.91514
-65.18771
-70.44394
-71.18980
-69.01006
-65.17551
-59.99592
-53.66532
-33.22192
-30.00091
-48.88379
-53.01565
-57.13666
-56.63585
-58.62397
-55.95558
-53.67596
-45.23925
-29.92580
-35.10639
-43.91912
-45.68819
-53.27231
-82.95254
-77.68665
-74.44812
-72.09460
-72.54611
-69.22085
-68.63000
-67.50548
-66.62097
-65.33657
-64.43592
-63.29913
-61.46860
-54.69337
-30.18849
-32.72100
-42.15492
-44.33940
-51.41062
-52.93129
-59.31960
-55.47273
-51.21956
-40.35232
-31.41660
-37.61809
-44.17712
-46.07018
-61.77960
-58.80380
-60.28416
-57.09815
-53.89339
-36.50920
-35.42200
-81.32388
-57.69678
-60.39354
-61.12790
-64.19353
-62.24849
-59.00894
-48.85178
-35.34862
-48.88513
-61.63213
-64.02649
-64.17062
-63.21264
-61.44347
-58.71169
-54.31081
-35.87018
-33.76663
-53.65380
-63.98991
-68.81918
-69.11661
-70.27241
-69.39467
-64.85948
-50.78146
-29.38561
-33.25772
-65.84154
-55.40265
-57.15685
-55.89024
-55.14751
-52.14904
-47.37461
-33.84531
-30.11893
-38.96155
-43.03612
-50.94224
-56.70696
-68.72289
-72.13462
-75.36336
-78.47669
-70.12759
-71.98597
-74.55191
-73.32612
-73.17625
-67.90777
-63.86327
-59.01134
-52.44857
-38.51246
-31.75248
-41.71372
-73.64009
-70.77227
-72.77548
-82.81896
-77.60866
-65.51366
-61.42934
-33.81693
-34.49435
-68.78635
-58.92865
-60.98980
-62.40186
-62.88795
-61.91517
-58.44799
-48.66045
-41.41841
-65.62636
-59.94370
-63.40354
-63.69016
-66.51176
-69.14466
-81.03766
-67.06324
-39.78125
-39.87912
-56.64083
-61.00010
-65.57196
-68.81942
-74.30847
-86.67504
-80.43669
-77.40618
-50.74205
-67.75353
-61.71649
-62.84815
-58.77203
-58.44858
-57.42546
-56.98527
-55.58514
-57.65608
-52.62377
-54.83142
-54.71379
-55.29069
-54.31305
-57.18404
-57.21314
-60.72915
-49.93076
-21.11431
-28.54063
-54.72676
-39.45551
-44.82912
-42.57010
-59.65967
-46.19307
-49.86715
-46.73461
-38.94033
-45.15928
-52.66513
-50.58272
-63.82080
-48.20916
-50.30963
-49.06776
-45.49436
-28.58328
-24.77285
-39.21678
-45.57998
-51.47460
-57.15964
-60.74981
-56.56544
-52.35188
-41.91358
-32.51945
-44.76409
-67.42182
-61.55421
-62.66602
-57.74956
-55.89874
-51.76130
-46.54721
-34.09301
-31.09567
-43.69642
-44.08344
-55.06169
-56.21707
-67.74481
-76.55867
-69.96111
-72.66364
-27.96502
-29.08205
-42.49277
-43.46336
-61.31823
-48.05829
-52.08351
-51.79828
-49.19560
-38.25255
-33.75115
-42.99435
-53.48296
-54.41248
-68.40960
-56.27306
-58.27056
-53.78151
-49.57930
-28.07527
-24.11225
-50.95305
-44.35595
-72.66596
-50.63376
-48.80763
-45.61748
-42.05974
-32.62029
-25.16508
-58.04364
-40.61751
-48.43370
-40.98625
-52.34006
-52.97871
-87.93292
-64.44401
-33.13246
-41.48055
-52.12501
-56.21065
-61.35071
-47.87535
-105.07617
-76.99286
-70.03306
-57.15985
-25.37698
-27.60816
-49.17777
-43.97338
-74.36174
-55.69598
-58.78158
-56.17805
-51.68893
-38.24515
-34.88624
-72.53074
-54.74168
-55.81369
-55.82670
-55.58001
-54.06563
-52.02698
-45.83818
-31.63364
-36.81328
-42.96326
-48.07535
-55.24446
-52.16680
-56.89786
-55.04568
-50.91277
-39.18651
-27.13461
-33.58977
-40.83286
-48.58813
-72.82843
-70.02208
-69.32248
-66.21882
-67.94337
-37.70519
-41.10961
-66.51058
-65.68014
-63.68872
-62.33477
-61.50012
-61.71337
-67.64521
-43.51334
-22.58300
-26.71722
-55.71931
-44.35426
-77.48340
-57.68758
-54.76037
-50.24475
-44.50904
-24.10056
-30.75380
-48.63015
-40.27181
-51.87731
-40.65433
-59.44667
-47.13943
-50.17841
-46.58875
-36.96261
-43.65078
-52.06249
-50.83435
-60.39675
-53.07301
-53.72557
-52.02865
-47.86700
-33.41477
-24.24956
-34.12823
-50.63766
-48.40935
-57.71728
-75.60908
-61.25358
-57.71626
-49.24842
-31.69184
-43.59016
-57.69744
-56.97641
-57.61184
-55.67261
-55.43893
-52.55116
-48.94452
-39.63158
-29.60118
-38.46259
-44.89207
-47.34414
-55.49713
-54.77055
-55.79156
-51.76181
-46.52480
-27.42258
-28.62380
-47.34410
-41.76040
-54.64279
-50.01368
-50.67221
-49.73944
-47.52743
-39.32043
-32.07375
-40.86563
-55.85284
-57.18547
-67.33835
-54.18642
-62.92074
-55.51706
-49.90934
-31.65992
-23.18009
-38.92314
-51.58208
-65.31424
-55.32181
-53.73407
-51.50722
-49.15221
-41.58470
-24.41081
-38.88714
-45.68749
-44.64288
-44.11216
-47.07860
-63.89448
-49.26839
-50.19421
-39.30785
-36.32274
-72.86381
-75.50424
-63.29707
-54.61758
-51.21781
-53.75231
-52.43748
-50.78414
-25.64390
-25.85892
-46.53311
-47.63307
-58.86884
-54.44902
-58.38935
-56.75599
-53.21574
-43.29989
-35.40155
-50.96066
-66.95038
-96.18117
-83.58338
-72.16717
-71.38911
-66.03579
-59.60703
-34.26717
-32.60632
-41.74432
-45.74670
-55.82568
-43.55072
-77.12766
-63.55517
-58.31210
-46.53684
-26.51664
-31.56633
-41.21002
-43.65797
-60.54622
-56.94573
-56.57233
-55.52836
-53.38991
-38.63356
-39.90185
-53.25341
-57.82982
-57.99260
-57.65076
-56.98435
-56.09114
-55.04531
-85.32684
-24.43567
-23.89292
-56.68552
-41.63598
-58.53853
-49.09142
-46.59510
-43.42233
-38.95176
-26.60610
-26.05375
-49.83664
-38.78421
-51.26421
-37.91828
-62.63996
-45.64767
-71.19991
-56.06183
-42.68862
-40.59223
-71.20814
-46.88376
-50.62105
-45.54829
-61.24742
-57.17159
-54.86732
-38.22356
-24.76017
-32.36268
-43.57040
-43.50559
-52.81335
-71.89887
-55.04585
-67.08269
-54.45339
-34.49751
-38.51317
-68.82465
-50.34213
-85.59345
-48.43509
-61.95285
-50.73932
-60.53997
-45.52686
-31.00757
-39.51498
-47.63203
-45.92234
-55.32516
-52.92685
-62.04659
-50.21036
-53.19429
-32.80210
-28.14014
-36.75895
-42.31232
-51.49922
-45.62642
-60.27110
-52.90703
-68.53342
-46.23271
-34.08918
-38.25481
-46.94179
-46.63289
-55.62644
-49.96499
-81.94046
-50.96147
-53.70729
-34.70270
-25.01473
-38.89674
-39.60969
-49.65826
-76.54053
-46.17890
-60.00469
-49.90856
-49.42632
-26.41363
-36.93511
-52.37145
-44.36427
-46.19932
-40.52964
-61.64041
-47.54028
-46.76428
-36.56202
-35.23003
-52.82112
-60.19032
-75.46921
-54.67255
-49.97921
-52.12600
-49.29544
-45.40926
-29.29194
-25.18289
-39.75317
-45.65736
-52.50920
-60.69939
-70.10166
-64.35816
-59.33039
-48.03064
-34.08655
-47.66889
-65.24138
-71.26802
-68.25874
-62.49265
-68.06705
-55.13712
-51.46397
-33.26318
-33.53947
-43.81448
-45.79955
-53.99180
-51.69517
-70.50150
-85.17120
-71.56706
-74.80690
-28.68194
-28.75502
-41.27173
-41.84552
-65.20121
-55.89147
-55.74710
-54.52099
-52.04757
-41.39159
-38.62373
-51.12107
-58.32532
-59.01405
-58.63903
-57.75947
-56.27777
-53.38124
-51.01313
-26.46753
-22.77626
-41.94311
-43.02594
-67.30803
-48.90998
-46.42945
-43.21611
-38.93318
-28.76292
-25.02406
-71.83581
-38.66792
-50.47802
-38.83420
-47.78089
-46.82853
-55.85217
-58.11492
-37.97480
-38.08742
-62.42195
-53.28488
-51.71139
-50.69888
-57.93059
-58.22399
-73.15635
-44.81390
-28.31113
-28.54994
-43.73799
-45.01320
-45.02787
-61.80329
-50.63311
-71.96936
-56.62733
-34.59990
-34.10001
-84.88125
-48.01108
-57.88794
-46.91523
-54.68690
-51.10237
-50.91615
-53.55297
-33.11316
-39.37676
-82.98876
-50.17884
-65.70044
-44.74688
-48.93283
-46.03701
-43.46388
-32.96891
-26.99127
-47.74684
-40.08534
-54.04651
-45.23520
-83.68735
-48.71217
-55.09511
-44.65531
-34.43520
-38.25149
-45.71859
-85.91536
-52.11316
-67.89653
-48.59732
-63.43375
-50.73664
-48.17920
-25.47033
-30.18076
-53.62590
-42.00086
-65.28505
-51.13936
-55.97046
-45.52149
-48.77097
-28.84941
-31.56673
-52.40747
-40.35045
-43.98326
-42.77849
-82.52821
-45.83986
-55.77246
-45.28971
-34.89988
-45.24384
-54.08257
-53.82598
-75.74813
-43.63072
-49.98783
-47.12303
-44.03532
-30.76747
-24.14682
-36.35700
-47.70580
-52.41296
-54.93959
-72.36956
-71.60896
-75.30862
-72.91258
-40.12912
-48.22307
-78.57398
-60.79849
-57.71155
-49.78416
-79.63159
-54.23495
-52.66018
-38.94274
-32.29724
-39.62785
-44.66714
-49.27033
-47.60575
-48.76634
-54.43920
-51.75567
-47.21799
-30.05686
-27.51049
-40.34998
-41.50045
-68.70776
-53.60625
-55.03315
-53.33986
-50.82434
-41.49078
-39.14464
-50.80432
-72.53819
-75.71403
-83.69212
-83.99901
-72.37663
-62.14194
-53.50403
-30.46566
-21.40126
-36.15803
-64.61252
-49.33284
-59.10360
-56.92729
-53.08247
-49.22020
-37.89970
-23.15078
-38.77192
-44.39439
-39.56963
-41.13979
-48.26621
-58.18987
-48.43256
-63.73096
-48.16054
-45.20767
-52.10444
-59.22790
-46.13142
-46.28820
-45.20437
-53.67698
-50.47744
-50.76998
-27.45894
-27.52936
-47.54982
-46.17229
-52.42258
-57.60210
-67.96900
-57.21628
-54.87231
-37.40748
-32.69602
-48.76770
-55.36965
-65.88615
-56.89809
-61.70368
-62.18223
-60.08088
-54.20613
-28.20139
-33.10893
-58.77118
-46.20068
-61.68946
-51.36488
-54.78730
-50.80732
-51.94051
-39.06971
-27.30810
-33.03017
-44.34922
-48.78591
-49.80487
-50.03011
-64.53918
-59.01450
-63.32549
-36.67727
-38.66756
-55.89929
-60.90350
-55.57986
-55.27597
-48.03811
-56.30667
-50.96700
-65.56038
-25.13451
-27.49307
-52.30781
-40.92938
-46.43063
-44.00930
-47.52315
-44.06143
-45.89660
-29.14546
-27.43755
-50.91326
-39.51429
-46.29989
-39.30506
-69.63979
-49.88354
-55.43210
-46.90198
-32.64197
-45.33118
-55.96817
-55.45924
-64.06938
-46.70886
-53.94623
-52.30614
-51.25957
-38.50729
-24.94003
-32.63346
-51.50277
-46.82692
-78.39847
-57.15846
-60.70212
-59.90129
-57.81780
-35.02050
-37.77974
-71.72050
-57.54166
-58.47824
-51.66318
-55.44753
-49.34262
-48.86850
-38.93513
-29.50509
-38.98106
-49.03260
-54.54367
-57.61433
-54.10919
-54.60927
-51.27605
-46.11763
-31.02346
-26.43674
-38.38787
-43.18236
-74.84961
-49.10974
-67.82098
-63.34770
-60.75684
-52.37666
-37.70280
-44.37874
-68.73428
-78.81405
-112.98350
-84.10580
-86.90610
-74.64372
-57.81241
-34.70009
-21.49203
-30.53486
-51.83129
-46.43069
-64.66970
-74.54106
-63.36096
-60.45544
-47.62698
-23.92383
-33.19541
-49.62701
-38.23383
-42.20670
-42.92337
-57.55998
-48.76233
-57.11684
-42.87624
-36.79630
-48.18735
-68.11939
-51.90972
-58.57247
-54.52719
-62.87232
-54.36901
-53.55495
-30.75732
-26.35253
-36.52708
-51.14161
-44.11177
-87.17608
-65.68652
-55.83846
-56.00307
-38.81537
-31.83605
-46.63112
-63.40988
-55.01034
-63.38145
-48.88517
-82.22937
-50.90728
-56.27911
-33.61486
-32.67772
-73.70061
-47.28109
-60.02891
-46.93309
-61.34904
-57.74003
-61.54307
-49.19728
-25.80844
-33.53649
-42.44076
-46.27009
-55.81415
-42.89232
-54.09248
-47.59286
-53.21531
-35.62704
-36.34054
-47.03289
-56.06116
-54.87199
-100.53245
-51.28542
-76.88683
-52.29195
-55.20565
-28.82350
-25.49194
-71.94158
-45.96912
-75.18608
-51.99022
-52.46202
-48.66968
-50.98000
-36.78089
-26.36927
-41.80060
-42.94981
-39.57329
-43.09798
-54.73502
-53.65586
-53.79941
-65.24460
-36.57932
-38.20408
-55.15224
-54.61402
-61.61571
-44.92703
-82.07430
-58.03195
-55.60268
-43.29055
-25.03763
-30.82237
-47.07481
-45.96188
-56.63697
-62.25165
-62.89007
-59.80658
-56.23973
-43.47607
-43.24657
-59.71940
-60.68676
-62.63544
-51.41509
-51.77110
-53.38555
-78.85243
-49.50706
-29.68626
-35.73580
-57.46275
-51.12409
-65.09488
-45.03437
-51.02450
-49.24954
-45.25510
-34.02425
-26.05596
-35.50629
-41.68621
-62.87357
-49.39534
-61.40410
-67.59262
-63.58780
-55.86058
-37.88621
-44.57217
-49.95967
-58.80716
-55.32512
-59.45620
-55.65010
-60.38775
-57.73320
-45.40530
-22.86735
-27.24042
-46.32918
-42.44623
-53.78624
-50.40519
-49.41135
-46.48999
-42.97610
-24.66300
-28.30158
-55.27872
-36.90588
-42.28086
-40.63342
-73.08293
-45.79782
-63.55065
-48.54990
-41.86524
-42.17796
-58.94022
-47.41369
-50.18468
-43.15036
-74.61274
-46.71230
-68.66253
-34.24378
-27.04270
-35.48216
-42.02314
-39.82317
-45.22480
-55.16496
-48.59089
-74.19355
-43.92941
-35.89837
-43.62191
-51.92209
-50.66858
-62.42925
-46.07642
-68.07171
-44.31447
-48.56552
-32.14193
-29.31333
-63.56737
-44.55059
-54.98331
-46.72500
-51.40515
-67.57722
-48.51189
-70.47191
-30.03381
-30.58748
-47.47751
-49.22756
-59.35645
-42.20461
-82.25637
-52.88082
-88.49751
-40.25525
-34.17603
-42.38661
-45.34023
-49.24913
-54.65179
-51.60055
-58.25353
-47.56597
-54.53339
-30.00381
-25.86123
-47.28423
-41.37487
-62.30721
-49.41482
-58.56459
-56.49144
-59.36103
-40.91728
-25.97230
-40.79976
-55.82185
-43.25176
-43.51207
-46.31953
-73.49899
-50.29254
-53.61820
-34.36585
-40.17328
-51.37789
-55.00532
-81.23839
-47.11091
-54.30441
-61.28626
-51.17001
-52.04265
-27.10300
-26.68980
-50.79699
-44.65100
-60.43137
-55.66504
-59.59332
-56.73832
-52.64189
-41.23181
-34.46810
-61.04067
-57.30369
-59.45076
-55.87168
-75.45849
-67.59573
-73.77027
-63.80938
-30.09419
-33.17286
-53.06725
-47.00627
-63.83149
-49.43266
-53.69801
-52.78431
-49.77229
-39.62314
-26.11204
-32.13228
-41.51608
-49.08936
-58.68671
-50.88931
-55.88646
-55.82361
-53.97421
-38.91581
-41.11206
-56.55164
-58.69523
-57.77547
-56.69029
-55.55999
-54.41770
-53.52664
-66.52439
-23.76246
-24.46320
-52.80034
-44.29464
-69.82348
-51.91032
-49.86463
-46.21263
-41.31486
-26.48571
-26.83404
-46.20785
-38.53709
-42.60590
-37.67201
-49.46851
-45.74163
-54.35466
-47.17266
-40.94585
-41.79721
-62.68780
-49.87644
-46.97275
-50.52310
-56.46154
-55.72925
-70.91804
-39.60410
-27.98888
-29.74272
-47.69211
-41.62398
-47.65469
-70.42832
-52.30471
-68.30974
-46.03201
-32.75217
-37.72663
-79.85977
-45.00237
-56.70073
-43.63430
-58.98188
-45.80411
-63.58189
-41.22173
-32.74178
-43.15742
-52.51738
-57.82261
-53.42308
-50.06651
-53.19808
-45.80635
-46.57606
-29.90048
-28.94246
-40.77476
-40.42261
-95.21116
-42.04161
-83.49245
-46.10029
-60.81147
-39.11827
-34.38069
-41.01406
-50.30681
-52.66232
-48.05505
-47.92146
-48.06029
-49.77216
-57.47665
-35.83334
-25.29593
-36.57296
-58.66621
-46.27255
-55.69941
-58.74129
-60.55046
-47.32428
-64.49426
-28.83964
-32.71394
-46.70309
-39.24805
-43.56065
-44.73560
-48.24284
-45.78483
-69.04804
-42.18853
-35.42643
-58.16719
-50.94143
-51.85481
-46.38248
-49.31356
-52.09767
-54.98493
-70.70002
-29.97007
-27.45462
-36.79599
-50.17868
-41.49273
-60.58701
-50.20631
-61.73189
-52.08980
-47.66316
-37.86926
-42.83829
-47.42393
-47.23028
-47.48280
-45.12713
-48.27871
-44.38842
-50.39231
-34.41184
-34.50239
-61.22870
-54.41966
-63.94998
-50.17960
-59.62325
-55.75660
-65.27608
-51.51128
-26.31018
-33.92432
-42.47147
-45.10569
-47.89396
-42.34305
-66.31798
-47.54302
-57.29955
-39.84680
-43.36353
-43.54417
-59.67943
-48.20279
-66.01679
-44.33779
-49.65257
-42.01118
-66.05854
-28.80897
-26.81884
-55.36678
-43.50060
-49.03414
-49.43729
-89.58679
-48.90567
-53.77673
-48.45115
-47.30771
-62.68505
-56.14217
-69.68416
-60.74189
-62.10520
-63.67136
-67.40426
-66.90464
-46.08238
-56.95646
-70.47356
-67.03412
-84.89260
-54.33684
-76.53688
-68.65829
-80.68206
-62.89309
-52.06521
-68.37365
-72.42993
-72.27088
-83.27518
-66.70090
-72.11324
-65.34735
-59.16688
-43.41620
-49.68904
-59.16085
-63.57530
-66.12859
-60.09277
-58.93276
-67.54737
-65.57029
-65.42136
-42.95639
-72.22497
-63.25954
-57.25271
-47.96578
-38.16822
-54.48836
-37.47403
-99.64595
-50.22953
-50.86906
-57.32580
-40.01023
-54.08426
-57.52969
-59.58141
-60.17791
-57.64865
-67.40455
-62.32395
-73.19365
-78.34577
-78.86520
-73.49206
-78.16895
-66.68576
-63.94007
-59.73710
-56.25270
-36.70430
-45.61109
-51.84444
-53.19285
-52.16199
-45.82531
-73.94493
-51.61365
-46.66550
-24.88724
-23.46902
-32.73357
-36.71007
-54.32540
-49.07056
-65.02619
-53.77585
-56.90951
-57.53430
-58.17736
-57.95920
-58.87386
-57.92040
-57.73284
-56.27015
-54.25281
-51.13768
-45.90582
-30.07769
-22.86762
-36.74823
-57.40181
-65.82952
-68.63956
-64.94076
-61.93405
-57.70124
-48.64078
-31.59962
-36.52447
-43.25963
-50.35916
-51.70239
-58.30400
-72.71320
-61.54885
-54.63133
-41.64983
-33.94325
-40.65913
-44.73823
-51.03474
-56.83374
-60.48428
-58.31623
-53.04664
-49.10124
-27.64528
-27.68199
-40.90496
-41.19555
-64.03663
-57.79206
-59.21643
-60.51629
-61.68303
-62.55573
-64.62945
-64.10387
-64.28715
-63.48034
-62.89956
-60.01939
-57.59722
-53.35742
-47.81142
-27.29280
-20.71273
-34.28943
-43.70415
-44.79589
-61.77404
-60.64311
-58.06734
-53.88106
-43.80056
-24.78364
-30.72835
-38.15734
-43.20422
-53.94956
-60.53952
-76.57951
-65.00775
-67.58291
-64.19062
-73.10154
-65.15908
-70.55918
-64.69075
-64.42709
-62.47248
-60.57564
-58.72806
-74.53640
-24.57518
-25.95531
-52.82325
-48.67585
-56.16501
-55.17956
-54.47209
-52.56109
-48.42467
-36.11097
-32.19646
-40.19332
-44.66315
-51.91283
-51.22767
-71.42666
-62.52038
-67.25424
-81.33509
-36.28136
-35.02287
-44.97498
-43.56466
-68.77348
-50.08717
-53.29168
-51.75014
-49.06247
-39.31740
-26.28082
-33.43870
-41.38004
-47.77421
-93.77121
-67.03787
-69.27085
-69.16543
-69.15117
-68.42363
-70.42737
-69.24244
-69.14658
-66.56231
-66.50223
-63.43765
-61.32171
-58.96575
-54.02789
-23.93406
-24.31043
-59.39198
-39.90234
-63.75060
-53.43192
-52.98385
-51.79468
-48.07301
-34.22791
-21.83769
-30.89066
-55.86738
-42.29291
-59.38542
-60.08956
-63.14214
-66.96962
-72.84877
-93.09698
-75.02559
-68.45836
-64.62344
-61.72782
-59.15948
-56.49206
-53.14404
-47.84471
-34.07766
-22.23969
-30.54737
-63.08812
-50.87749
-55.90275
-56.40972
-56.43457
-55.80890
-54.23217
-32.35486
-34.28584
-41.83445
-48.01242
-50.00529
-57.76627
-66.97142
-59.46433
-54.63295
-45.94188
-34.70242
-38.22048
-47.94030
-45.10568
-60.83884
-47.52094
-46.49666
-43.90485
-40.36634
-28.21962
-26.02911
-61.07563
-42.44516
-58.73903
-62.38961
-100.78986
-71.14791
-68.13681
-70.37651
-63.22009
-72.25554
-80.10306
-65.07779
-58.56700
-53.79081
-49.57555
-45.25941
-39.88152
-27.38743
-25.53583
-43.24725
-37.43573
-46.55033
-44.56420
-52.60356
-62.77990
-49.94488
-44.14916
-25.99429
-23.25108
-60.76629
-40.24405
-51.43080
-64.99400
-63.49405
-61.49413
-60.19231
-59.56176
-59.39288
-59.73512
-60.67045
-62.57343
-66.01744
-78.45813
-66.81379
-56.79497
-49.22526
-26.43306
-22.98355
-42.38738
-51.08966
-58.61647
-57.30009
-57.53079
-56.53980
-52.94322
-42.58698
-31.24163
-37.85111
-42.69903
-54.68261
-48.14705
-59.70669
-57.16583
-60.50823
-84.36154
-40.04739
-34.51823
-44.84056
-43.12437
-62.66969
-51.12104
-61.95815
-68.26561
-66.88034
-77.15034
-24.41407
-31.46032
-67.51950
-46.08031
-52.03509
-53.28336
-57.41132
-61.73549
-67.90807
-64.11266
-62.46128
-61.00509
-58.67315
-57.05117
-55.92014
-55.21958
-54.99102
-55.32814
-52.96239
-24.11660
-30.56965
-42.91574
-37.83964
-54.55065
-41.71645
-49.27738
-43.98817
-41.86930
-34.33176
-24.55140
-32.14822
-39.22594
-45.97275
-55.58015
-55.43907
-81.82594
-64.04444
-65.93680
-65.07535
-73.83877
-65.85615
-78.96540
-79.57451
-90.33039
-76.87056
-68.55863
-59.63887
-42.54733
-23.24994
-27.82271
-69.13423
-50.70487
-56.54867
-56.72006
-56.39738
-54.85674
-50.99470
-33.37630
-33.46495
-41.76487
-47.02619
-50.73244
-54.52415
-75.73904
-63.32706
-62.10512
-57.37910
-35.59800
-36.83884
-46.36855
-45.02616
-71.02013
-50.48522
-52.13798
-49.61740
-46.03219
-33.87772
-26.30142
-35.59056
-42.20746
-52.64980
-65.53625
-97.89885
-77.19819
-80.23176
-84.95411
-92.44552
-92.16439
-100.62722
-93.75734
-83.14379
-87.35537
-87.91266
-71.86331
-58.83662
-37.61915
-20.74875
-26.04393
-77.59814
-38.70536
-54.96766
-50.91821
-49.97678
-47.93638
-43.88125
-27.42863
-26.53594
-38.20575
-39.78972
-53.31543
-51.83828
-64.44010
-56.26914
-59.05299
-58.66741
-62.99904
-58.45177
-61.29879
-57.92662
-57.80262
-56.08645
-53.91839
-50.72699
-45.69390
-29.22125
-23.06607
-36.92485
-56.31186
-80.55727
-60.94345
-59.27089
-57.05170
-53.38158
-44.98093
-31.20548
-37.19728
-43.41431
-50.08500
-51.15917
-62.58541
-83.63080
-64.65144
-56.31223
-42.72513
-33.98397
-40.78976
-44.81129
-50.82017
-57.20341
-59.76034
-58.56161
-53.89079
-50.19086
-28.05385
-28.35828
-41.40062
-42.57137
-72.86119
-61.15085
-64.48598
-65.26380
-66.23976
-66.72839
-69.43461
-67.45395
-67.39243
-65.01696
-64.41576
-60.58927
-57.98636
-54.05034
-49.40668
-28.81831
-22.01549
-35.76125
-49.71311
-44.16179
-55.98689
-55.91926
-54.70969
-53.18685
-60.74427
-23.48850
-25.19774
-50.81514
-41.01302
-61.97345
-68.53803
-73.70472
-86.92289
-81.47350
-74.86632
-72.22787
-71.16046
-71.23325
-72.91206
-76.69610
-103.70793
-72.20944
-64.84308
-70.72478
-24.10796
-24.89209
-54.17380
-47.59211
-53.66713
-53.21147
-53.02657
-51.81846
-48.41555
-36.84259
-31.70870
-40.22028
-44.05083
-52.11335
-50.19315
-58.80826
-56.11368
-56.61947
-58.87160
-38.17758
-34.64831
-47.77875
-42.57253
-60.93090
-47.19648
-49.33576
-48.39530
-46.58051
-37.96288
-23.97810
-38.41431
-50.89472
-50.32205
-57.23545
-57.17560
-60.68913
-65.62247
-78.77024
-83.77141
-62.25919
-58.13151
-55.14898
-52.76474
-50.67180
-48.66408
-46.47229
-43.47073
-36.38600
-24.01255
-34.93147
-39.35272
-40.73023
-48.47955
-44.98166
-53.72067
-47.02661
-44.22823
-32.94139
-21.81483
-34.62027
-54.28033
-40.11895
-50.50724
-51.56684
-52.85158
-54.21304
-55.82733
-57.73908
-60.27482
-64.01898
-71.33150
-81.24323
-65.38668
-59.21429
-54.08127
-47.84533
-33.78921
-22.34552
-30.90843
-67.29926
-51.45925
-56.03838
-56.30616
-56.24147
-55.85944
-55.55907
-32.04188
-34.37511
-41.53062
-50.05325
-48.88077
-63.05171
-113.23773
-64.78899
-57.55498
-47.44469
-35.00518
-38.32920
-47.45537
-45.30132
-62.43283
-47.68830
-46.70426
-43.94916
-40.24271
-27.66616
-25.96548
-65.16076
-43.72062
-56.27215
-58.16547
-70.74165
-88.15081
-73.47936
-75.49253
-64.08233
-70.99931
-95.40203
-69.02227
-61.15969
-55.79944
-51.19847
-46.55847
-40.98774
-27.68093
-25.94761
-43.84261
-37.19520
-49.41708
-43.32390
-64.24930
-59.24942
-62.97083
-51.82001
-31.47956
-33.51118
-48.01484
-52.83618
-56.54984
-55.88505
-68.03888
-69.84820
-69.72521
-60.87977
-48.64012
-75.89983
-62.84902
-61.13144
-46.77645
-43.68299
-48.55595
-47.29164
-43.41005
-27.99015
-24.03960
-43.89479
-46.19364
-62.48921
-85.06915
-72.79079
-67.66318
-64.96525
-63.39152
-62.35478
-62.21889
-61.80654
-66.11877
-51.68453
-53.66965
-61.86772
-51.11387
-46.83225
-29.74829
-32.41385
-43.16235
-46.56644
-48.57576
-40.99885
-60.16226
-57.82244
-60.36730
-45.92115
-24.85451
-29.04198
-39.86700
-44.88345
-49.80983
-43.04235
-53.81353
-56.44961
-57.24494
-53.74970
-67.57611
-61.20851
-59.77677
-58.45423
-59.27717
-49.41935
-54.36459
-48.13189
-44.88246
-27.69945
-22.78832
-55.92710
-44.44582
-54.97591
-64.45582
-64.19550
-61.12189
-55.37132
-42.15102
-31.19243
-51.73282
-57.77180
-56.23065
-53.78205
-58.59416
-57.69741
-57.32989
-54.54959
-35.11774
-52.56982
-58.09715
-61.11866
-67.97890
-39.09862
-73.69508
-70.97328
-64.57856
-60.30677
-24.55141
-28.23600
-79.88058
-45.92765
-54.60767
-56.88933
-59.30993
-61.39083
-61.65312
-43.76240
-56.98826
-59.73117
-58.57654
-56.04227
-43.47157
-67.16246
-60.54566
-55.14106
-41.28235
-30.13135
-46.34518
-59.52919
-63.99294
-57.70230
-40.96421
-47.77752
-46.39231
-42.56966
-31.04988
-24.26460
-32.99644
-37.82734
-53.46553
-47.05785
-56.03575
-68.11161
-69.88695
-69.01856
-66.50255
-66.56036
-64.59275
-62.95967
-61.59338
-63.57754
-56.33379
-55.39918
-54.97184
-47.61899
-21.84498
-26.64467
-44.45589
-39.39520
-55.64929
-51.19315
-50.30341
-48.06425
-43.74077
-27.33824
-30.91489
-42.73160
-36.21034
-47.05107
-44.40265
-67.71227
-53.06224
-53.60312
-53.23170
-55.20298
-53.49536
-53.86770
-53.76380
-54.57096
-51.76224
-51.12439
-49.25299
-45.38007
-32.44158
-23.46993
-35.60975
-53.81328
-54.29346
-65.12744
-67.65937
-70.33138
-76.63226
-69.24337
-49.23606
-66.18705
-68.26580
-67.93587
-58.64486
-46.69451
-61.21124
-53.93219
-49.24812
-36.13199
-31.33825
-52.30709
-52.22585
-51.47958
-39.24012
-46.35689
-53.36969
-52.17731
-49.34045
-25.05872
-27.64520
-39.41742
-41.31032
-82.16623
-41.99430
-55.53333
-53.33463
-52.07274
-46.82442
-53.74742
-69.52654
-62.93084
-59.76347
-71.99896
-50.69269
-59.49101
-51.71033
-48.65489
-32.79245
-22.21588
-40.46476
-59.10816
-48.04138
-67.65432
-62.79797
-57.99796
-53.29231
-43.36143
-26.29619
-39.25971
-38.32049
-39.76036
-45.00807
-50.42243
-55.17359
-95.20204
-74.37095
-53.44997
-64.61945
-77.52102
-73.82044
-95.66925
-45.58071
-47.62487
-49.75536
-48.22657
-45.29713
-25.59091
-26.21864
-56.41084
-47.37815
-59.35156
-61.59497
-65.43311
-70.39055
-78.56780
-91.03498
-74.32365
-70.64001
-67.67881
-64.44651
-52.72426
-59.23461
-81.84846
-74.13809
-83.59231
-29.84272
-38.08160
-49.93061
-53.58429
-68.81699
-34.88969
-47.48031
-46.77722
-44.10121
-35.41315
-23.41175
-31.42478
-39.11653
-48.15170
-50.14639
-49.07923
-56.95959
-58.42602
-58.76391
-57.84919
-59.43776
-58.61183
-58.00182
-57.31388
-56.89228
-54.21700
-52.90848
-50.99003
-55.47117
-23.58695
-23.85626
-45.24543
-40.13530
-57.98669
-48.23030
-46.81445
-44.42350
-40.40752
-29.16669
-26.53308
-54.21251
-36.05623
-43.58838
-42.69877
-70.85528
-53.80451
-57.50806
-55.45418
-59.95746
-48.58002
-59.91833
-52.79430
-55.79732
-42.84458
-52.36696
-49.94156
-54.63531
-43.62117
-26.46222
-33.56363
-46.62452
-42.83378
-61.24858
-58.74549
-85.97860
-60.19508
-70.85648
-56.13385
-60.06465
-66.91140
-54.41235
-65.70496
-46.87224
-72.25422
-45.91430
-53.13786
-36.34118
-29.87742
-56.02801
-54.57261
-65.04483
-48.85333
-43.85418
-53.46872
-46.47982
-49.74040
-29.96316
-27.75226
-40.97761
-43.39768
-63.43921
-41.80368
-63.81652
-66.74605
-79.17391
-52.26988
-44.51635
-54.18963
-55.51474
-53.90338
-55.06645
-53.95813
-54.57907
-51.73436
-97.01901
-35.55278
-23.78938
-36.14004
-58.08279
-48.27045
-58.76446
-51.58798
-57.63050
-49.38011
-58.72372
-26.67261
-34.51467
-46.95205
-40.31685
-48.18320
-47.39563
-69.67894
-53.03194
-51.93635
-40.90195
-46.59910
-63.72078
-77.61928
-75.81996
-48.78249
-45.97034
-48.56043
-47.21393
-43.81899
-29.58768
-25.06397
-43.93587
-49.40198
-63.37002
-101.37814
-96.74046
-79.09142
-65.74873
-50.01401
-46.37418
-53.32176
-55.07313
-54.92184
-48.99416
-49.91271
-64.98926
-63.09779
-76.31464
-31.94251
-36.14240
-48.25596
-50.76445
-52.52488
-42.03893
-59.15683
-55.46176
-53.45771
-45.16038
-24.57499
-28.92478
-37.96838
-43.68134
-55.48681
-45.78856
-54.08593
-55.16361
-55.58590
-55.60907
-56.06177
-55.63820
-55.31943
-54.93684
-54.75679
-51.68797
-51.16875
-49.16859
-46.72764
-26.01276
-22.33283
-58.10689
-43.46427
-57.38502
-51.19695
-49.13199
-46.29938
-42.00634
-32.07025
-26.86977
-40.96988
-35.92567
-43.48917
-41.84499
-51.53018
-47.42131
-80.97855
-54.31989
-93.55756
-52.63486
-66.20792
-58.41799
-52.96329
-52.66030
-53.09399
-70.99704
-52.22686
-75.18344
-27.05874
-27.89534
-70.32995
-43.23770
-55.53222
-67.03969
-67.52961
-63.18393
-55.01621
-46.50645
-44.06806
-86.83358
-50.08305
-59.32804
-45.84860
-55.80562
-51.03674
-54.20808
-46.37419
-33.26960
-46.79625
-64.22941
-66.47504
-51.42862
-40.09188
-46.88166
-42.42323
-42.45451
-29.53009
-25.50779
-39.62981
-38.36406
-60.71755
-41.47041
-58.81796
-55.06699
-71.76648
-48.37320
-45.51602
-59.91747
-54.66395
-76.63649
-52.52314
-60.82990
-48.24964
-67.81967
-49.16560
-55.10212
-23.97329
-29.34305
-46.85801
-41.07931
-56.09432
-50.58516
-51.34005
-44.72168
-46.64514
-29.78206
-32.04214
-44.49425
-37.72522
-45.95810
-44.06152
-54.21218
-50.60862
-105.91158
-52.15998
-60.01494
-59.13437
-65.10492
-56.49327
-51.43460
-45.31263
-54.41368
-50.59133
-47.97531
-33.93705
-25.07247
-35.83599
-68.86299
-44.78003
-62.80561
-58.97867
-62.01277
-53.97822
-63.15243
-52.83654
-54.53588
-53.37133
-52.02239
-50.58391
-49.84034
-64.46562
-48.76486
-74.35392
-36.03340
-35.32636
-52.65769
-50.97097
-53.74850
-41.27734
-50.07288
-60.16832
-52.51721
-52.38177
-25.09414
-28.91916
-41.33945
-42.46764
-77.07831
-41.47354
-51.62583
-51.14291
-57.52732
-49.69996
-69.13979
-49.77566
-63.51259
-51.87283
-75.11602
-49.09268
-65.36116
-46.35607
-54.38352
-32.22709
-22.94922
-41.71288
-47.57728
-48.44272
-53.17493
-56.56593
-50.21303
-52.23024
-37.62468
-25.49189
-42.48943
-41.64654
-40.56148
-41.21768
-51.29335
-52.87398
-54.46264
-56.79429
-50.17641
-58.79253
-51.28471
-59.32892
-51.17432
-45.72090
-44.65472
-59.18879
-44.69787
-57.26242
-28.41345
-29.78343
-44.64579
-40.94249
-46.89976
-53.92234
-53.91156
-53.12008
-59.88653
-41.08972
-42.91928
-76.84286
-50.98016
-64.59814
-47.37395
-55.19271
-48.38038
-62.57639
-46.63194
-28.64225
-39.23541
-57.02894
-48.69981
-77.87314
-43.53559
-58.93633
-48.35403
-66.85256
-38.42411
-27.57765
-34.40735
-44.43891
-50.33505
-47.20900
-47.32279
-63.89181
-53.77818
-59.56524
-35.96366
-38.49697
-43.48386
-45.45550
-49.28759
-49.84604
-49.04417
-56.83265
-51.56043
-51.36372
-26.55559
-29.97572
-56.91283
-41.84366
-47.21579
-43.60208
-48.82179
-43.95300
-51.32516
-29.50917
-29.47287
-53.25657
-43.38291
-52.70803
-42.39874
-56.61935
-49.64024
-49.96863
-43.96329
-39.10125
-70.63810
-72.04496
-77.98202
-54.36256
-42.13831
-52.87614
-53.52647
-50.99156
-39.27612
-24.02857
-32.52565
-82.68470
-48.07019
-56.90829
-58.68984
-60.67828
-63.05014
-69.76560
-41.03619
-54.52834
-90.02920
-70.32215
-70.21178
-51.59220
-56.31859
-52.49939
-48.89942
-37.62000
-31.73061
-54.48067
-59.02980
-69.11005
-51.81595
-51.20098
-52.69445
-49.90175
-44.98237
-28.53381
-25.98507
-36.56345
-40.36886
-73.77742
-45.61788
-59.55494
-59.08958
-58.78738
-55.44614
-55.16448
-59.15244
-65.02236
-66.40757
-67.47705
-65.38534
-67.50839
-63.56597
-55.19360
-33.97000
-21.29044
-32.86459
-57.76009
-45.40000
-59.83712
-58.51014
-53.72985
-49.58988
-40.13606
-24.67519
-37.16484
-39.82643
-40.10217
-42.74386
-46.62388
-52.71620
-54.21176
-66.54961
-46.74585
-51.36675
-52.68298
-64.26431
-50.12457
-56.20900
-51.46423
-67.54124
-52.49963
-53.54998
-31.68049
-26.12128
-38.82841
-50.33311
-43.92914
-63.35491
-57.25861
-82.34809
-58.61628
-40.92284
-35.84092
-63.93269
-51.42969
-56.84639
-49.49850
-50.32797
-57.65030
-49.69552
-76.52946
-32.74760
-35.90300
-54.81923
-51.05901
-56.87531
-43.09296
-54.65249
-52.18254
-52.42013
-42.59465
-25.13562
-33.97150
-40.09456
-48.61893
-50.33768
-45.59290
-58.89220
-49.99586
-53.86795
-35.42192
-41.00968
-46.96633
-60.16397
-50.13174
-71.30391
-47.15890
-81.92794
-48.76881
-53.90203
-28.09496
-25.41607
-49.63581
-44.86224
-61.57904
-50.27626
-50.36404
-45.58142
-47.74284
-35.10182
-28.65685
-44.89449
-39.89035
-44.30804
-43.38572
-48.07812
-47.41049
-55.16278
-57.31793
-54.05272
-51.16770
-54.53684
-48.60864
-50.37721
-41.59843
-52.02079
-54.45673
-67.54504
-42.16934
-27.23530
-30.95201
-59.87994
-43.42245
-49.72769
-58.96973
-52.19124
-66.83243
-52.64608
-49.67866
-43.62681
-48.23046
-44.98702
-47.03839
-45.13719
-51.35197
-49.59235
-51.09813
-40.58767
-34.52521
-49.00909
-94.83526
-64.08650
-62.32916
-43.85748
-50.60568
-44.66159
-43.99326
-30.00172
-26.38292
-42.47501
-39.65089
-78.12247
-42.23469
-67.44314
-54.26235
-61.61356
-46.78359
-46.78850
-47.17610
-49.53982
-59.40163
-50.99671
-58.91284
-47.53919
-52.14246
-46.87245
-45.38742
-24.02681
-30.17971
-55.17388
-43.66402
-72.98878
-50.06772
-58.41009
-45.11722
-63.98201
-28.28745
-32.98744
-47.87292
-40.25566
-42.50764
-42.83130
-60.61524
-47.62947
-73.46802
-48.71395
-65.02168
-46.97443
-50.84159
-48.19577
-45.66573
-42.01292
-58.01531
-46.09890
-59.78462
-35.45982
-28.14490
-37.40104
-43.40787
-41.91529
-51.53659
-52.70201
-52.39563
-61.51184
-46.78212
-40.07742
-57.88107
-56.77959
-55.63837
-53.07305
-47.15106
-62.68162
-46.80905
-48.52025
-30.63224
-32.12941
-46.85159
-45.52057
-61.44831
-43.17696
-51.21006
-59.76892
-47.46149
-55.17684
-29.04527
-31.09606
-46.98767
-47.41570
-60.66289
-41.60933
-62.22175
-53.01616
-69.61700
-41.18025
-37.72352
-44.99524
-47.32359
-52.26902
-54.59546
-51.39631
-57.77402
-48.40517
-54.15815
-30.11551
-25.32604
-46.06278
-44.53021
-60.51507
-49.65473
-69.45554
-54.02023
-62.35544
-37.91142
-26.83279
-45.71334
-46.74711
-46.22387
-44.26840
-51.83942
-57.61373
-60.43079
-68.97510
-35.42895
-46.88505
-57.89341
-60.48242
-69.19842
-46.69944
-58.12241
-56.73974
-52.21502
-49.22008
-26.69215
-27.47355
-69.00217
-45.39827
-61.76123
-57.34975
-58.87867
-58.26020
-55.62282
-43.58723
-42.31982
-58.26766
-56.81489
-57.02100
-51.17282
-65.12770
-58.28156
-64.47137
-53.38096
-30.82182
-37.49846
-58.62097
-53.63803
-78.12931
-45.22629
-50.33607
-49.41776
-46.15007
-35.89252
-25.11910
-32.57843
-39.62015
-50.54373
-52.11880
-53.02797
-60.73601
-61.75151
-62.00249
-46.70301
-62.12230
-58.71202
-57.75560
-56.50508
-55.34426
-53.63753
-52.18452
-50.86470
-91.27351
-22.95947
-25.02723
-46.97392
-42.18519
-64.98922
-53.39993
-51.78752
-48.57305
-43.72242
-25.90102
-28.95603
-53.06869
-37.42146
-42.29793
-40.40258
-49.88951
-47.00045
-65.79132
-46.55323
-49.35357
-45.85021
-57.97180
-50.80416
-49.27332
-49.50218
-55.17181
-54.12492
-68.40276
-42.01972
-28.17693
-31.95809
-57.72682
-39.14014
-56.47328
-55.97939
-55.77846
-60.48538
-44.61967
-34.68052
-41.83532
-76.21243
-46.49721
-55.08994
-43.85767
-63.96713
-44.32279
-60.71787
-38.42998
-32.91175
-54.41704
-58.08154
-75.17231
-49.55429
-48.87042
-53.85532
-46.05581
-44.62183
-27.11851
-28.62435
-43.26840
-40.35758
-62.44360
-39.95479
-57.14768
-45.88805
-57.12636
-37.71768
-36.35939
-44.05916
-49.66364
-52.65258
-49.99306
-49.87012
-55.05611
-50.43430
-59.36547
-35.61610
-24.78057
-38.91465
-67.17946
-48.21246
-57.79790
-66.96324
-55.70960
-51.39043
-53.90123
-28.45167
-35.10994
-45.77043
-39.83262
-45.75029
-48.33448
-48.06028
-51.84353
-77.28188
-45.85490
-42.46842
-68.79214
-55.58816
-58.59374
-48.32668
-49.78356
-72.15442
-53.24615
-53.02518
-28.38445
-27.05989
-43.31679
-48.44985
-45.44960
-70.48003
-59.16507
-78.41589
-55.88277
-50.65899
-40.33522
-45.87652
-52.48294
-48.47200
-49.34790
-52.43755
-66.42184
-51.88108
-64.85283
-34.51516
-36.38981
-54.95395
-52.25883
-55.15208
-43.43062
-56.07835
-53.06783
-53.12510
-41.22662
-24.86803
-32.72131
-39.17831
-48.51762
-50.88689
-44.75640
-52.06966
-50.96308
-66.77303
-45.91901
-51.86563
-46.83955
-58.38335
-50.37699
-63.91031
-47.09270
-57.65232
-45.07300
-50.84411
-26.94146
-24.51561
-54.18958
-42.64852
-95.80822
-48.50548
-50.66239
-44.88362
-44.94298
-31.01202
-27.13445
-58.57177
-40.10277
-41.91943
-40.62217
-56.64919
-47.69715
-62.31308
-53.94070
-52.65629
-46.68396
-54.01800
-57.33408
-47.48435
-43.95899
-46.98934
-50.81995
-47.77871
-43.52893
-28.45820
-31.55020
-46.23561
-43.08620
-48.62048
-54.96613
-54.16585
-60.36831
-53.05200
-39.36726
-44.16086
-70.08998
-50.44433
-65.89071
-46.42418
-71.77777
-46.71294
-54.22883
-38.40127
-30.03978
-54.10238
-55.33182
-53.37328
-59.04404
-46.11286
-57.12480
-45.31862
-53.14586
-32.91852
-27.50110
-40.79358
-45.76127
-60.61899
-45.35500
-56.32305
-67.21696
-60.45972
-48.49448
-34.86525
-40.94494
-45.18032
-48.05930
-51.99291
-50.57567
-53.54119
-50.18171
-74.81520
-37.98518
-25.27034
-34.27612
-53.01615
-47.03260
-56.66853
-47.78996
-53.92214
-46.67104
-58.31977
-26.51840
-32.12909
-50.14850
-41.18399
-49.97644
-44.17864
-64.02439
-46.18051
-46.96069
-36.25718
-34.71124
-57.03405
-63.12934
-99.37547
-57.99389
-49.31727
-51.33605
-48.02322
-45.43521
-30.99005
-25.29577
-40.47606
-48.02811
-54.57771
-67.96990
-73.17420
-69.64148
-63.60687
-51.92631
-36.07791
-49.32341
-71.28344
-86.88172
-77.52544
-57.34196
-57.63463
-53.09602
-47.81406
-33.20617
-31.40393
-52.59412
-49.05834
-78.22533
-51.18401
-69.65631
-74.74720
-79.16545
-89.70771
-27.34400
-28.30958
-39.21383
-43.42936
-82.44188
-47.17752
-55.38295
-54.95257
-53.26238
-44.51603
-42.86161
-51.73097
-57.41155
-57.57624
-56.98206
-55.96535
-54.48311
-51.98257
-48.52899
-27.41329
-21.89253
-44.24171
-48.39743
-55.22958
-52.92743
-50.30590
-46.69570
-42.12489
-31.33196
-24.67714
-49.66111
-38.96617
-38.80912
-40.75261
-49.39536
-51.84047
-61.16428
-59.46484
-43.21909
-41.23690
-72.05465
-61.40374
-49.89995
-55.99638
-59.03940
-71.85470
-66.78166
-53.05833
-27.71829
-27.87819
-46.38912
-45.14613
-47.07900
-70.42386
-67.71946
-63.43930
-63.52612
-34.53120
-33.81487
-56.05308
-48.51898
-91.70011
-47.40479
-58.68741
-55.11809
-62.18633
-54.11774
-30.38500
-35.70226
-74.14565
-49.30302
-55.66005
-47.83667
-49.38591
-47.08959
-44.08890
-33.21797
-25.67051
-38.89363
-41.49312
-65.34849
-45.31972
-57.51912
-58.48039
-64.35308
-51.59895
-34.10072
-38.73843
-49.47667
-69.89794
-54.57364
-64.35055
-51.95388
-62.20743
-54.31893
-46.34588
-24.45428
-28.96743
-45.92196
-43.89151
-58.89448
-50.12892
-49.84061
-45.51367
-44.99899
-30.15927
-28.98112
-47.33601
-40.01902
-42.39956
-42.76295
-50.17527
-47.26650
-80.59122
-49.25700
-34.39311
-43.88037
-71.77660
-52.05105
-58.90632
-45.09455
-64.69035
-47.29539
-46.24081
-31.68334
-25.83125
-35.15009
-49.85397
-42.50908
-51.05384
-56.79998
-57.49840
-60.96374
-54.61389
-36.65979
-38.08155
-51.31173
-47.18229
-51.54535
-45.69207
-68.92748
-48.45373
-54.19599
-37.10118
-30.90985
-47.08283
-55.30308
-54.35530
-59.51888
-56.65748
-55.47157
-51.04890
-50.66160
-26.98599
-28.65375
-41.64106
-42.50266
-62.12961
-42.24141
-55.03908
-49.80290
-55.60737
-38.58512
-33.73434
-40.32566
-65.82733
-58.92946
-62.00009
-56.44436
-63.05827
-48.04040
-48.10511
-28.13749
-23.80472
-41.95406
-46.86749
-51.88906
-52.53408
-81.24450
-58.59365
-61.11352
-62.73502
-56.37417
-68.61322
-60.09519
-95.73126
-63.94050
-76.10437
-57.66959
-61.96124
-52.90932
-57.97285
-48.67629
-50.25896
-47.08505
-49.43693
-54.55489
-49.96369
-53.40212
-71.60991
-67.95199
-52.56502
-53.94661
-55.43558
-51.03489
-50.46941
-49.77568
-46.76923
-44.36610
-52.68506
-49.84467
-44.88436
-45.71125
-48.19060
-50.00078
-49.04803
-51.54363
-50.83529
-50.00329
-48.16873
-52.68426
-54.60551
-57.75133
-57.99027
-54.82777
-51.14249
-54.37695
-53.65904
-54.61368
-57.10221
-54.31289
-55.44428
-51.21147
-50.61557
-48.16908
-47.82862
-47.74910
-47.71935
-46.35841
-43.89663
-46.18003
-50.90085
-52.19989
-53.09830
-53.62347
-50.32284
-47.88746
-50.39703
-51.94177
-55.62760
-56.46052
-54.77747
-53.45608
-48.81528
-47.55041
-48.54523
-52.05580
-53.33647
-52.23757
-51.56618
-51.48130
-58.00836
-62.81412
-58.89494
-63.99253
-72.57802
-89.43054
-76.39702
-83.79230
-75.12752
-68.16133
-68.21501
-67.69309
-70.52150
-72.78459
-68.80943
-76.05242
-91.17660
-83.15279
-86.49314
-81.18487
-81.39235
-67.90620
-69.73891
-67.36531
-84.23145
-62.43435
-61.38701
-117.95318
-84.49858
-80.02641
-78.27736
-82.27351
-81.60061
-89.32098
-76.53278
-92.21976
-80.91957
-94.35306
-80.44946
-81.69532
-79.14893
-79.42727
-73.09801
-87.81025
-69.98100
-78.55082
-80.20455
-87.22815
-93.81540
-107.66124
-90.18348
-83.30169
-82.80072
-79.17966
-76.89122
-75.11130
-73.94633
-71.51262
-72.27253
-67.33369
-69.75150
-68.53295
-68.02923
-67.44334
-67.33084
-65.64961
-81.75323
-63.24335
-79.21014
-63.72158
-80.84799
-72.63770
-65.65747
-63.88339
-33.13362
-43.09978
-50.35344
-52.38251
-52.03999
-42.98363
-52.47662
-71.28404
-80.41698
-63.87318
-52.78942
-62.22978
-59.90378
-55.08874
-44.15015
-41.26314
-53.50877
-57.85171
-60.09300
-56.40949
-54.96690
-80.23292
-78.41414
-73.88375
-68.58068
-77.51510
-67.20389
-63.16964
-56.19316
-48.22097
-76.57289
-76.91901
-70.54215
-70.05596
-55.29029
-59.50570
-56.90411
-52.64390
-41.74410
-43.06313
-53.27126
-56.27718
-55.25822
-40.53507
-48.17085
-56.12099
-58.52678
-59.99280
-46.29328
-58.82897
-55.11133
-51.39606
-43.06133
-36.26625
-49.87425
-52.99003
-52.36915
-44.78856
-39.99453
-56.66798
-60.34223
-61.45396
-57.87979
-58.23406
-104.54991
-80.93513
-79.09894
-52.19426
-66.48128
-68.61599
-67.91646
-66.21917
-61.78225
-64.02790
-58.99290
-54.96854
-43.41149
-39.93495
-51.41547
-55.25418
-56.82016
-54.25568
-50.93616
-67.58566
-65.86102
-60.10615
-33.68202
-44.73571
-52.30630
-54.51788
-54.24122
-36.92792
-57.12732
-86.85345
-66.81266
-55.07091
-40.86214
-63.32030
-65.70004
-67.02473
-65.41568
-56.87679
-74.67398
-67.42545
-58.32708
-38.80300
-45.13822
-51.16534
-52.71464
-52.41470
-46.97174
-74.73156
-56.57074
-52.59484
-40.97545
-34.02853
-53.32563
-57.89896
-58.19300
-51.10159
-40.03347
-57.36038
-57.41471
-54.92560
-45.99065
-42.72495
-53.62336
-54.98543
-52.29747
-40.22599
-44.98810
-54.76310
-57.97292
-59.10799
-49.91598
-61.57554
-97.92267
-78.14900
-76.57165
-87.60002
-69.31002
-71.01183
-69.57752
-72.95731
-62.40221
-63.48564
-60.16414
-56.93214
-44.94828
-46.64294
-56.13909
-58.30112
-56.06679
-40.27592
-46.68710
-54.80056
-56.67116
-59.08021
-52.54356
-97.31881
-60.71254
-57.08412
-49.64796
-40.48355
-60.14610
-64.35879
-63.47237
-52.58682
-49.94690
-63.40199
-64.67795
-62.99477
-52.56510
-52.92071
-63.39299
-65.13740
-64.86553
-61.56806
-102.22701
-63.72772
-64.46526
-57.33923
-39.66101
-57.27857
-61.59183
-61.62093
-60.25809
-49.57987
-71.84284
-67.75871
-62.17298
-52.18280
-43.10944
-56.29208
-56.15513
-52.45197
-40.17856
-42.14786
-52.95502
-56.35780
-56.34028
-37.35696
-54.08590
-60.28822
-61.75512
-64.67789
-40.37536
-70.21881
-57.12727
-52.40677
-43.65538
-37.61228
-52.74900
-57.54706
-59.73879
-57.11421
-48.95006
-81.92586
-85.37705
-77.08812
-52.97300
-60.11560
-63.39970
-62.57054
-64.66533
-59.89349
-63.62262
-57.94007
-56.11142
-48.59536
-36.40082
-61.48139
-75.54703
-76.47393
-70.88089
-45.77590
-68.90052
-49.10217
-56.16566
-42.18456
-40.20616
-52.55761
-54.46363
-52.12005
-40.01142
-43.12863
-52.92264
-56.16135
-57.40932
-44.00858
-54.46503
-70.04332
-74.14374
-71.58452
-60.56889
-85.72195
-67.58361
-61.84860
-52.93570
-49.07284
-66.73781
-88.11788
-75.14801
-72.83783
-56.23943
-60.22468
-57.52078
-53.71498
-38.15868
-43.71757
-54.97335
-60.69154
-79.37028
-34.14061
-61.62839
-64.66432
-58.14298
-48.31546
-35.34021
-61.05994
-61.48912
-61.14091
-53.89371
-49.13454
-64.91832
-65.32198
-65.78595
-52.15107
-61.96565
-80.37912
-89.49284
-83.40350
-66.50603
-68.34782
-78.89066
-73.30933
-91.60231
-87.13349
-72.72328
-73.38243
-65.24614
-65.37539
-58.88808
-58.46018
-52.19515
-47.77387
-35.77354
-35.31222
-47.19738
-51.28691
-53.12414
-47.51744
-48.00173
-66.66611
-69.08427
-66.55927
-51.90847
-73.40468
-69.99251
-65.16982
-57.46050
-40.27352
-68.60834
-71.60805
-74.58542
-63.83806
-50.73276
-67.23788
-64.19348
-66.45702
-60.99811
-81.30311
-65.89546
-81.93046
-66.57500
-50.06324
-58.00380
-63.70976
-61.80602
-99.27771
-47.60535
-69.18743
-60.76639
-59.08699
-50.69259
-39.21674
-57.72908
-59.53416
-57.50907
-48.55415
-42.66964
-55.93372
-58.71380
-59.30489
-47.40598
-56.26738
-69.01169
-67.72545
-64.60376
-36.40982
-54.38569
-61.50921
-65.29605
-77.62444
-39.08819
-58.59101
-73.62612
-85.16161
-83.39259
-57.66503
-87.43871
-70.61413
-73.70932
-52.95688
-54.73146
-63.62835
-64.23090
-72.55922
-58.67211
-73.50477
-62.27659
-67.89084
-55.40528
-38.60853
-64.87200
-67.42905
-66.85431
-77.67252
-44.19267
-57.88291
-53.73522
-48.84187
-37.36892
-35.67934
-46.60540
-49.09328
-48.24022
-40.19506
-41.31029
-52.65844
-55.93147
-55.23908
-40.03549
-49.61571
-58.34540
-60.86459
-60.55896
-53.12996
-68.93136
-59.72052
-54.12405
-44.03627
-38.99897
-51.24700
-55.02412
-56.33696
-51.58263
-50.60441
-67.16998
-66.37808
-71.23167
-33.44670
-44.48770
-51.93887
-54.47571
-54.47631
-38.75641
-53.29497
-68.32548
-98.63980
-61.56598
-39.34337
-59.25348
-57.30167
-53.93976
-45.88294
-39.09556
-54.35549
-58.75236
-60.63823
-56.59455
-52.26723
-77.22792
-83.34364
-82.46669
-70.36894
-67.18962
-75.66555
-76.37950
-98.08865
-49.04901
-75.65550
-68.12732
-64.28083
-56.40734
-41.99987
-58.17851
-57.47764
-52.81882
-41.63998
-36.84691
-49.44011
-52.34613
-53.66651
-49.53950
-58.82311
-65.78138
-68.54139
-74.52651
-32.52194
-47.30953
-57.25517
-74.00793
-49.37406
-45.21347
-53.60023
-57.18523
-59.70819
-58.57945
-48.32133
-61.61816
-55.65536
-54.65646
-39.49042
-38.94124
-51.01322
-56.00670
-70.84299
-41.46543
-53.13766
-64.48417
-65.91881
-64.20775
-49.97031
-54.90371
-74.59744
-62.79540
-51.27414
-35.47293
-53.12307
-69.72457
-77.03662
-55.40172
-38.32196
-52.44097
-51.20668
-47.59521
-37.37252
-38.08118
-48.58843
-52.46618
-53.46141
-40.24989
-53.93471
-61.76335
-61.81275
-59.49375
-36.71822
-57.97900
-67.75715
-57.63141
-48.32490
-36.34693
-60.61171
-66.27716
-69.52138
-59.40062
-46.82784
-60.71406
-60.45903
-59.92416
-56.73934
-91.20382
-69.00420
-87.08711
-71.59947
-34.05466
-44.79851
-51.27748
-53.63818
-54.82685
-48.94112
-68.11651
-55.72764
-79.81122
-55.70591
-38.56384
-63.84013
-64.29104
-54.27825
-40.10434
-37.91876
-49.27143
-51.94238
-51.83173
-43.79839
-47.48564
-61.10631
-65.36455
-65.59502
-59.24616
-60.68200
-80.01859
-90.44671
-71.01128
-43.42176
-57.03071
-63.45143
-63.70803
-66.59868
-52.06812
-60.88267
-55.44343
-50.09188
-31.57383
-35.87478
-46.27205
-48.13000
-46.71006
-36.47827
-42.05002
-52.24150
-55.17883
-54.05396
-36.22211
-45.49899
-55.61992
-60.11524
-66.31310
-48.78700
-60.88724
-61.50371
-63.18148
-55.96955
-59.16499
-68.05116
-67.81350
-68.37096
-80.78769
-59.68280
-64.05243
-63.37762
-64.95434
-51.50932
-62.88674
-77.90146
-73.75540
-75.97389
-53.91935
-63.65668
-54.81340
-49.34759
-30.84420
-36.53943
-46.83465
-50.83295
-53.49797
-55.59405
-57.41887
-59.12422
-60.80454
-62.53074
-64.36684
-66.36862
-68.93919
-71.72462
-77.99656
-75.44435
-94.96188
-89.72658
-77.25141
-79.17256
-74.84656
-77.95631
-71.03693
-75.42351
-72.43094
-72.46426
-70.69693
-75.33921
-71.18956
-84.17553
-73.41460
-80.09020
-74.53213
-79.66898
-79.49836
-92.81903
-80.30663
-115.95727
-87.76668
-103.74623
-103.52117
-90.98569
-90.36699
-85.06460
-89.30532
-86.46746
-85.63904
-85.26446
-85.19756
-85.35417
-85.70822
-86.24670
-86.96619
