-119.68048
-97.26621
-92.48499
-88.78210
-90.88898
-91.05603
-93.09031
-91.47494
-94.82325
-92.81029
-95.83460
-93.62764
-95.94283
-94.55146
-96.18136
-95.93929
-95.49575
-95.72102
-71.57428
-74.29831
-90.56282
-90.06204
-110.27082
-93.98111
-109.23085
-96.11500
-109.44108
-98.06787
-108.82817
-100.39686
-108.12579
-102.66607
-113.34137
-119.73152
-121.01729
-123.37289
-114.42071
-114.53390
-110.66399
-110.51940
-108.25330
-108.09087
-106.53186
-106.38213
-105.19943
-104.89107
-102.00222
-99.11079
-92.65766
-112.57415
-96.49494
-100.35519
-86.97685
-70.04577
-73.27454
-85.42384
-94.57203
-127.22613
-103.41863
-113.83846
-105.82578
-113.30406
-108.27632
-111.81098
-101.86978
-90.27650
-89.69747
-91.39437
-91.86605
-92.12147
-86.92109
-83.64204
-86.13212
-86.58673
-86.77038
-86.86281
-87.66772
-88.51912
-88.20390
-88.96847
-88.13238
-89.71253
-87.42736
-91.60098
-86.40696
-102.89797
-73.27746
-71.23597
-83.63895
-84.94909
-91.26053
-87.42364
-90.53651
-88.90488
-90.93057
-90.35664
-91.36718
-91.42141
-91.64300
-92.21659
-91.32772
-93.20029
-91.42320
-94.35065
-91.98176
-94.82132
-92.27561
-95.81343
-92.37225
-95.75969
-92.50787
-96.26123
-93.16076
-96.00857
-93.29366
-96.00309
-90.83704
-92.52461
-101.19477
-102.03389
-111.63317
-71.37890
-71.98142
-83.56023
-91.43629
-116.82851
-100.90915
-109.34435
-104.08798
-110.78793
-107.14620
-113.36016
-109.36340
-90.87198
-86.73373
-89.41761
-87.24311
-89.64735
-87.32389
-88.12939
-88.78717
-90.63309
-91.43351
-94.52345
-95.27118
-97.15056
-96.99998
-96.55312
-98.25089
-95.67868
-100.64469
-94.25154
-109.79464
-91.46456
-97.08720
-72.20202
-71.59552
-88.15043
-88.86334
-125.14632
-94.22049
-112.87778
-96.90524
-109.86353
-99.60732
-109.13791
-102.45421
-106.65956
-104.76523
-105.23005
-107.81380
-103.94090
-111.19825
-103.13265
-115.00926
-102.05289
-119.40992
-100.92016
-142.71428
-103.83967
-106.82549
-104.53687
-104.14134
-98.50410
-97.47765
-93.54841
-122.93758
-96.34761
-97.54053
-84.35994
-70.39496
-74.97889
-86.76623
-97.65661
-111.49292
-107.27545
-146.68377
-109.67604
-124.19387
-112.29301
-123.62592
-112.65227
-91.22061
-85.45009
-85.30887
-84.72334
-86.88561
-85.23752
-88.30926
-86.20358
-87.04216
-88.77583
-89.25160
-89.43812
-90.75062
-89.37696
-91.91408
-89.76877
-93.17899
-89.58317
-94.66921
-88.88909
-105.40929
-80.10330
-70.66464
-78.21819
-83.97963
-84.87190
-86.24669
-85.65091
-87.45700
-86.60036
-88.48578
-87.11364
-89.36926
-87.45704
-89.54171
-88.20998
-90.18974
-88.04514
-90.51148
-88.58410
-91.01031
-89.36807
-91.32329
-89.81952
-91.29410
-90.38726
-91.15798
-92.03407
-90.45399
-96.54661
-79.65624
-76.65136
-85.19731
-88.81788
-93.81054
-89.43645
-70.33236
-72.58528
-86.78211
-88.06914
-102.84407
-94.76342
-110.38604
-99.64899
-109.63970
-106.53815
-105.51955
-113.40699
-85.66055
-79.74950
-85.72830
-85.87422
-85.73639
-86.38368
-85.33552
-85.86896
-86.30397
-86.94984
-84.37096
-82.19560
-82.29585
-82.95563
-81.37145
-81.86712
-80.72275
-83.52100
-86.73138
-101.02789
-89.76594
-100.64788
-77.75054
-70.08480
-77.22319
-87.38539
-97.17968
-97.70499
-99.40441
-100.32307
-99.95340
-103.68717
-100.38358
-109.25672
-95.90372
-87.65753
-84.97203
-85.13823
-85.05212
-87.77366
-87.20034
-88.34974
-86.56004
-88.90533
-87.55067
-90.18873
-88.87699
-91.87571
-90.09029
-93.48101
-91.91099
-91.92974
-89.66496
-100.42057
-93.90187
-101.78957
-89.12646
-70.49098
-75.61369
-90.68216
-90.32582
-100.52964
-92.49463
-98.31305
-92.75964
-99.81346
-100.79319
-128.15727
-110.17757
-100.30913
-88.66548
-91.06165
-91.01510
-92.81889
-90.41756
-87.68609
-84.07650
-85.14815
-82.42917
-81.88526
-82.52851
-83.26593
-84.12268
-84.97202
-85.58487
-87.69659
-85.90978
-88.35447
-85.70621
-89.62977
-81.97436
-70.15105
-73.98808
-83.31716
-85.80891
-87.25558
-86.66357
-88.11116
-87.34469
-88.51353
-87.53323
-89.32528
-88.05521
-89.34458
-88.28634
-89.35824
-90.73224
-93.13678
-91.93193
-90.55929
-88.56971
-93.78336
-84.50987
-82.17000
-82.51779
-84.39633
-84.93440
-87.56868
-87.22595
-89.68331
-87.69352
-88.44299
-88.35318
-100.47361
-88.02832
-71.29839
-75.88130
-89.93300
-87.07231
-84.04164
-81.22934
-82.95698
-82.25956
-83.66123
-82.62300
-84.75263
-87.03936
-93.09620
-83.49481
-80.84328
-82.06620
-83.25020
-84.74671
-85.16422
-84.80332
-85.74936
-87.45204
-88.51527
-90.20815
-88.92894
-91.57959
-89.54117
-92.76154
-90.04601
-94.28288
-89.73453
-96.76502
-89.86415
-116.48099
-81.18733
-69.69579
-74.90418
-85.63733
-93.11307
-98.47720
-96.54813
-99.85521
-93.04616
-104.78361
-91.57691
-96.00719
-95.45360
-96.40355
-86.42508
-85.03416
-84.99889
-86.64991
-86.51943
-88.31958
-88.87181
-91.18533
-90.80433
-92.14198
-91.67150
-92.07950
-92.21785
-92.41281
-92.77953
-89.70790
-93.35896
-91.29628
-98.52685
-88.63777
-104.96110
-72.77999
-71.53248
-86.18416
-87.49345
-97.85676
-90.26602
-102.78152
-100.40494
-113.43095
-96.17122
-88.10092
-91.17630
-87.25198
-81.10981
-80.60669
-81.72835
-83.49897
-85.40052
-85.18817
-83.93688
-84.95772
-86.42206
-86.87806
-88.96291
-87.86453
-90.91424
-88.36466
-92.35007
-89.62308
-93.78375
-89.37087
-96.39261
-88.34392
-120.34755
-77.31103
-69.62291
-75.86862
-81.66681
-85.45412
-84.97136
-86.47084
-86.13426
-87.66124
-87.42578
-87.69363
-87.99321
-88.16380
-89.15859
-88.29809
-90.13297
-87.49031
-91.49774
-78.04689
-79.22291
-86.96190
-88.19631
-89.47318
-90.75081
-89.53854
-91.82394
-89.30060
-93.22611
-89.40214
-91.13992
-89.09106
-97.05275
-90.04997
-95.17627
-80.40663
-69.68385
-79.10350
-91.13203
-99.68092
-105.47526
-107.66677
-107.06148
-129.90820
-103.40636
-101.22907
-84.22219
-76.85226
-83.05377
-83.84738
-86.23234
-83.46491
-84.56482
-83.98291
-85.57943
-87.55042
-88.99186
-84.31467
-83.15332
-84.18014
-86.20985
-86.64176
-89.86488
-88.53738
-91.57520
-88.84282
-102.06587
-86.65435
-93.71358
-76.58721
-70.17376
-81.14223
-89.13490
-96.37302
-95.93494
-99.11491
-99.75551
-97.48080
-98.71850
-98.56222
-102.91785
-99.77012
-88.87595
-86.23201
-88.54039
-85.71474
-92.27561
-84.03530
-80.59802
-87.71302
-90.23092
-85.92566
-86.79632
-85.14324
-86.39149
-84.80804
-87.54877
-87.03896
-91.96668
-86.90988
-89.76165
-84.60317
-96.47453
-77.61466
-69.55508
-75.42449
-84.09832
-88.60477
-91.18963
-94.23318
-98.12674
-97.16443
-100.91072
-98.78190
-100.80946
-98.49173
-77.12694
-76.08116
-80.98521
-79.43447
-83.39753
-86.21047
-83.96526
-80.11891
-81.01148
-81.51021
-80.15539
-80.48239
-82.46654
-83.00129
-84.17665
-86.00096
-85.16755
-87.64727
-84.67924
-88.08050
-83.87090
-91.60354
-76.31575
-69.89851
-76.36277
-82.84001
-84.98606
-86.43313
-87.49725
-88.10607
-88.74774
-89.15470
-89.48823
-89.72004
-88.24591
-81.39153
-82.08499
-82.11822
-83.71973
-81.15453
-75.13842
-82.11136
-85.70331
-84.38228
-80.80946
-82.83423
-83.45986
-85.82381
-85.85710
-88.84152
-87.70139
-89.31974
-87.71851
-88.98893
-92.28401
-95.41925
-91.01371
-70.37899
-74.51758
-79.52316
-76.28901
-78.71412
-79.81966
-82.41292
-83.34160
-85.51439
-88.67615
-82.96211
-76.45958
-78.93724
-78.94357
-80.41121
-80.18444
-81.10377
-82.00259
-83.18516
-85.08989
-86.60053
-87.57681
-88.83908
-89.07669
-90.74517
-89.51682
-91.44510
-89.29256
-92.31655
-89.02349
-93.33977
-87.59869
-98.55532
-79.69028
-69.81695
-78.02477
-87.62490
-87.92848
-90.76029
-88.21305
-91.35210
-89.37038
-106.39703
-90.37912
-91.33731
-87.03356
-85.15663
-82.06193
-81.31986
-81.40433
-85.17073
-82.31835
-79.42380
-85.17562
-87.45810
-84.98403
-85.45505
-85.52732
-85.53679
-85.07813
-85.04428
-88.31048
-88.37866
-90.47348
-88.66915
-97.28556
-89.06284
-104.57102
-75.76202
-69.59802
-78.16832
-86.78108
-98.79795
-93.01736
-97.42023
-97.75269
-106.40776
-97.89034
-92.45983
-95.49291
-77.43748
-78.19664
-81.33242
-79.32221
-79.77316
-81.68747
-81.50679
-81.28745
-81.90390
-81.05308
-82.18819
-82.43977
-82.77744
-83.58201
-84.96308
-90.87394
-89.51039
-93.50935
-88.97162
-95.64382
-87.26080
-108.70746
-75.72290
-69.90342
-77.31417
-82.10922
-86.49028
-85.25885
-87.18172
-86.08821
-87.97239
-87.45874
-88.37336
-87.98973
-88.06169
-82.97101
-83.37062
-82.43758
-84.08782
-82.33977
-75.08605
-80.36924
-86.04162
-86.17107
-87.46147
-88.16406
-88.73438
-89.31333
-89.27134
-90.38385
-88.93916
-91.57508
-88.31009
-92.79807
-88.46405
-95.89177
-75.10003
-70.30630
-83.61192
-89.52769
-104.30139
-99.22666
-102.72835
-105.68375
-100.51717
-113.38576
-99.12581
-96.80938
-82.41429
-75.87484
-81.16647
-85.30714
-85.01948
-84.87741
-84.11920
-84.51252
-83.11356
-87.04158
-82.48591
-81.69662
-82.32692
-85.22538
-86.08021
-88.90560
-89.33052
-91.54237
-91.65600
-93.96094
-99.65240
-93.45926
-127.75977
-71.60092
-72.93380
-84.09137
-78.16075
-80.85816
-79.94513
-81.60511
-80.75818
-82.64145
-82.84923
-84.75058
-84.78395
-85.51531
-86.13190
-87.38652
-87.08931
-87.95180
-92.48143
-81.22892
-82.38943
-82.72605
-80.43269
-80.38001
-80.99717
-80.77588
-81.22733
-80.23539
-85.40083
-88.54251
-88.95959
-86.15281
-86.95715
-85.45960
-87.51043
-81.97736
-70.34870
-73.97472
-83.63261
-88.42901
-91.95701
-89.22612
-92.67995
-96.56179
-99.26865
-93.96126
-87.86323
-75.82385
-76.39809
-78.31067
-77.73894
-79.87045
-80.82285
-80.66987
-80.02807
-81.01745
-82.16439
-81.15906
-81.14098
-82.60492
-83.21065
-84.75407
-84.25642
-85.39936
-85.44257
-85.87404
-87.44505
-85.01164
-92.79860
-72.67576
-70.48860
-79.79943
-84.10013
-88.13932
-86.08337
-88.10192
-87.64688
-88.84193
-88.71996
-88.22523
-89.54626
-85.18799
-77.81919
-76.61487
-78.37398
-78.80620
-81.58984
-76.18392
-77.21500
-83.55128
-84.34988
-83.92464
-84.88789
-86.58407
-88.30359
-88.61875
-90.15230
-90.90044
-89.98076
-88.85450
-91.70036
-92.21748
-92.16475
-96.86687
-72.07996
-73.76642
-88.96609
-86.40361
-84.03180
-81.53040
-85.44256
-84.46929
-89.06532
-86.59198
-92.34220
-77.31274
-74.76364
-76.89647
-78.03769
-79.10558
-79.11705
-80.37741
-80.41382
-81.93437
-82.88444
-83.96873
-84.14613
-85.09641
-84.73877
-87.29637
-85.77317
-88.27093
-85.17885
-88.04632
-85.58045
-89.52638
-84.16426
-95.13964
-75.64210
-70.39806
-80.49525
-84.98062
-87.90815
-87.63370
-93.33353
-93.88050
-95.50934
-95.83163
-94.83685
-83.20859
-78.06158
-77.79075
-78.52703
-78.46429
-79.20669
-79.22229
-77.32191
-80.06221
-81.63476
-81.19017
-81.20466
-81.78957
-81.00105
-81.84400
-81.63303
-82.90281
-82.53425
-84.15332
-83.08771
-86.30031
-82.92789
-90.06648
-73.94367
-69.73305
-77.72698
-83.12584
-86.89226
-84.67970
-90.31602
-93.71187
-104.33789
-98.80895
-97.90706
-79.39835
-73.89357
-76.96330
-78.27299
-77.54791
-79.19639
-80.16923
-80.93941
-80.32853
-81.09949
-82.06836
-81.73344
-82.13578
-81.59272
-82.29772
-83.16618
-89.15499
-89.91512
-93.95145
-89.97993
-96.63691
-88.19751
-150.44323
-77.28817
-70.42829
-77.00768
-82.49581
-85.05709
-85.87406
-85.46590
-87.03691
-86.44559
-88.61175
-86.81779
-89.53349
-85.77733
-83.02631
-82.02760
-83.72204
-82.65488
-85.88908
-82.34204
-76.47496
-81.89384
-86.75952
-86.58692
-87.87977
-87.63409
-88.71548
-88.94436
-89.14035
-90.86938
-89.12268
-92.40376
-88.38660
-101.26273
-90.43355
-94.96763
-75.04637
-70.81624
-85.11863
-89.33310
-112.17826
-96.61873
-118.81564
-98.42512
-125.26910
-98.82660
-99.46533
-81.62713
-76.49660
-83.03619
-84.82310
-85.80743
-83.08723
-84.10939
-82.36841
-81.68306
-82.22903
-84.26068
-83.34654
-83.68292
-84.38508
-85.29985
-85.66425
-87.54360
-86.79552
-88.89818
-85.46492
-82.10848
-78.37743
-82.66068
-72.99811
-70.85975
-78.78867
-79.82145
-82.87686
-81.82417
-84.75773
-84.44629
-84.57469
-83.17237
-83.50390
-84.85995
-83.27920
-83.19126
-83.46716
-83.41902
-83.52491
-84.38840
-84.76974
-85.57026
-84.91317
-86.18453
-86.12083
-86.68130
-85.90699
-87.16546
-86.41157
-90.18712
-94.35920
-101.28702
-88.11047
-80.93016
-84.08837
-84.80363
-84.20205
-83.00501
-81.72559
-80.81034
-83.01654
-87.89998
-88.40496
-90.55268
-89.37947
-93.76425
-96.69348
-104.75712
-100.40062
-91.48155
-85.13176
-85.16923
-85.17709
-86.27844
-83.56355
-76.53398
-73.69069
-74.43571
-73.87222
-73.53399
-74.14387
-73.86787
-72.97594
-73.69413
-87.40321
-73.56907
-72.27849
-125.54821
-86.04555
-109.45569
-82.57303
-69.80040
-72.50467
-83.18075
-90.28961
-94.82817
-92.43362
-87.16448
-87.58160
-87.90274
-87.53764
-90.08042
-86.33315
-75.30974
-80.14274
-85.84536
-92.91861
-89.44435
-70.27754
-75.67580
-79.00614
-76.66347
-77.72715
-77.12202
-78.43958
-78.32539
-78.56435
-77.71666
-82.61163
-85.13534
-90.08122
-89.30369
-94.33327
-87.95818
-126.98237
-71.49558
-70.47842
-83.41873
-81.84556
-90.69833
-85.03731
-94.14659
-87.25646
-99.00871
-88.18393
-125.44729
-78.13458
-69.20375
-77.40328
-83.88782
-80.31112
-79.79948
-79.97754
-79.42739
-76.62584
-73.32495
-73.73187
-74.30812
-75.33040
-74.67801
-75.85159
-75.85335
-77.92093
-74.00821
-69.59518
-74.78370
-76.95418
-74.89018
-76.47396
-70.84115
-68.35454
-75.81412
-77.00379
-77.06922
-77.86283
-77.66197
-78.58678
-78.10303
-77.63128
-78.51962
-84.98113
-80.46591
-75.00871
-75.15291
-73.04051
-76.25371
-73.76624
-69.88197
-81.04584
-84.95820
-85.35181
-84.06907
-84.13807
-83.71809
-84.00261
-84.12415
-86.12420
-85.86699
-86.31937
-91.37207
-89.80525
-92.65015
-96.58609
-86.63893
-69.47095
-71.80479
-83.04654
-88.26534
-97.72174
-89.02725
-101.02406
-87.79117
-106.76003
-85.89169
-95.88607
-75.25869
-70.35894
-78.88756
-79.35256
-80.00751
-82.65120
-83.24118
-78.13993
-77.13399
-77.43552
-78.29744
-79.99335
-82.73416
-82.19960
-84.37182
-79.83383
-85.52189
-74.38472
-71.22082
-82.75569
-82.56711
-81.66535
-85.54963
-72.95180
-68.86330
-73.06727
-74.05034
-76.16388
-76.77649
-76.44177
-77.36211
-76.00950
-79.13853
-81.58594
-101.96113
-79.80841
-75.71117
-78.12564
-83.98063
-75.73980
-70.98825
-77.72557
-78.70675
-82.17210
-81.96327
-82.42140
-82.96363
-83.12569
-83.55477
-84.18218
-86.82699
-85.19677
-82.59219
-81.95311
-82.01568
-81.78142
-83.05341
-69.75605
-70.98045
-80.91004
-80.35978
-82.72818
-80.70613
-83.31019
-81.99069
-83.84851
-83.16496
-82.73143
-82.77914
-70.33662
-73.31857
-81.66977
-81.16442
-84.33548
-81.17641
-84.82311
-80.40676
-76.58290
-73.77715
-74.11584
-75.03771
-75.28359
-75.19893
-75.97820
-77.41785
-75.70564
-69.71659
-73.66815
-77.60792
-74.94174
-77.39272
-68.67469
-70.62268
-78.34879
-77.46462
-78.71235
-78.31098
-79.63544
-78.90406
-81.62145
-85.72740
-86.33530
-90.21358
-82.22688
-73.90181
-74.46259
-72.84256
-76.31874
-73.96354
-69.48753
-78.31833
-77.70492
-77.16941
-76.99883
-77.64384
-78.47103
-78.66793
-78.60113
-78.69243
-86.72696
-84.64764
-87.24741
-83.49913
-83.67883
-81.20801
-84.88123
-69.75623
-69.30361
-79.13381
-81.32448
-88.39755
-84.57093
-93.50632
-86.18598
-102.07577
-86.36833
-95.63255
-77.80046
-70.05129
-79.48706
-81.63382
-79.72838
-83.40560
-85.41851
-79.06038
-73.35461
-74.58785
-74.01239
-74.42025
-73.74672
-74.74931
-72.56669
-73.57718
-80.98493
-71.73897
-77.15094
-100.15018
-87.89135
-96.41232
-88.56224
-70.58429
-71.78053
-84.37629
-89.09288
-97.88176
-91.38583
-90.69345
-86.13835
-89.35379
-87.09649
-89.19411
-94.35571
-84.15717
-75.25312
-83.36321
-83.13316
-105.66734
-74.03111
-71.68793
-79.35400
-75.95678
-78.56980
-76.58100
-79.62580
-77.57299
-79.79844
-76.98554
-84.16853
-84.48578
-89.04153
-89.07361
-95.84242
-89.86024
-97.92880
-83.10478
-68.56638
-74.31100
-81.28385
-81.11837
-81.84313
-82.58214
-82.91125
-84.33558
-82.33817
-86.54885
-74.12663
-70.60800
-76.49291
-76.69054
-81.31092
-80.45564
-81.75895
-81.10351
-80.75234
-75.99355
-74.63037
-73.74800
-74.97630
-74.93349
-75.04709
-75.94507
-76.62050
-76.35109
-70.07834
-73.37518
-77.41524
-75.28419
-76.36632
-70.37010
-68.49985
-75.30042
-77.14557
-77.44140
-77.47913
-77.97908
-78.24288
-77.76410
-77.44365
-77.88817
-85.20005
-77.86573
-74.61726
-74.04861
-73.76050
-75.27092
-78.09428
-70.44249
-73.79542
-85.40601
-84.28213
-86.94324
-83.52910
-85.56064
-83.27085
-85.14773
-83.79725
-87.82599
-83.55520
-85.28270
-81.35077
-86.64479
-83.08926
-96.73712
-71.70310
-69.18819
-79.82994
-85.55260
-99.04109
-88.77359
-100.45328
-87.95524
-104.10240
-86.07496
-95.58419
-71.77236
-71.41205
-80.43127
-76.87967
-78.44671
-79.85227
-82.63653
-78.52523
-78.79666
-78.76026
-80.16674
-79.18897
-80.95744
-80.12265
-84.79735
-79.86939
-84.94478
-72.18431
-72.45825
-84.01111
-82.09256
-81.93636
-85.70156
-72.97698
-68.81617
-73.10394
-73.65915
-76.13582
-76.37324
-76.55839
-76.83630
-76.51196
-77.18460
-80.77617
-91.12343
-81.20054
-74.55146
-78.48430
-79.58479
-84.33512
-71.81493
-71.84578
-78.25708
-78.26773
-82.72396
-79.98139
-83.83565
-82.01704
-84.26836
-82.65495
-85.96472
-85.50225
-87.19953
-82.77683
-83.80525
-80.60959
-86.23270
-73.81775
-69.85368
-79.82144
-80.67071
-83.20342
-81.98284
-83.25335
-83.59253
-82.37501
-83.88474
-80.34815
-87.06118
-71.26112
-70.59954
-80.71338
-81.09532
-84.21202
-81.74837
-82.74610
-80.84254
-76.40077
-74.50048
-73.77264
-75.29641
-74.98362
-75.63437
-75.64742
-77.28056
-75.74803
-69.69790
-73.20450
-77.93160
-74.80466
-77.56377
-71.09720
-67.92930
-76.27870
-79.79847
-77.92568
-78.57673
-78.36630
-79.24558
-80.65592
-87.29151
-84.74078
-90.37982
-83.94533
-76.07796
-75.02575
-73.60414
-73.89778
-76.68280
-69.35151
-74.43875
-80.56611
-76.61992
-78.08022
-76.92657
-78.77429
-77.98059
-79.07598
-77.52906
-82.13330
-84.65857
-89.03263
-84.78815
-83.50695
-81.63836
-85.74028
-71.49381
-70.24558
-79.66999
-80.77187
-88.36242
-84.06837
-92.66062
-85.97636
-98.94720
-87.18944
-112.18354
-81.74324
-69.85169
-77.08449
-82.51206
-80.33688
-83.38077
-86.46998
-86.08424
-82.15558
-84.68624
-85.72021
-87.30803
-87.28993
-87.44386
-89.67045
-90.34959
-93.85054
-90.44716
-96.23516
-90.75372
-103.02515
-89.19666
-98.92693
-77.26911
-69.60050
-76.78554
-86.60455
-98.13488
-96.60041
-101.18993
-97.26094
-101.65874
-97.20426
-108.93333
-99.04210
-101.97461
-87.62801
-84.44537
-81.57116
-89.10549
-78.48876
-70.13043
-76.54095
-80.90837
-87.15975
-86.98124
-91.92764
-91.20169
-94.72190
-94.41205
-97.26647
-93.66567
-87.99953
-92.82333
-92.66065
-94.55044
-98.57073
-86.31348
-69.05029
-73.14282
-83.01476
-83.58531
-89.20352
-86.31596
-93.99934
-87.58397
-104.06036
-86.75994
-92.18260
-73.06269
-71.09235
-81.15395
-80.21953
-82.32366
-80.66248
-81.31757
-82.41794
-82.63096
-83.54651
-83.35372
-86.24183
-85.40798
-87.38207
-86.35556
-87.18295
-91.33317
-72.52975
-73.86614
-86.97045
-80.05668
-92.62820
-77.52442
-68.77304
-75.84746
-81.01389
-81.58431
-84.98259
-82.34556
-84.92280
-84.23763
-85.13233
-83.95058
-85.59013
-85.45237
-83.97551
-79.49977
-84.13621
-83.79975
-90.69287
-72.01884
-73.39432
-85.04457
-83.72111
-87.66749
-82.47959
-86.73103
-82.83041
-86.50120
-83.25692
-89.10230
-84.27582
-89.60081
-86.74571
-95.75351
-89.62787
-127.98930
-79.66519
-69.08871
-74.55091
-84.92139
-94.20588
-93.98297
-98.43341
-93.62014
-104.33706
-91.58727
-95.33328
-75.01546
-71.31983
-77.08318
-77.75098
-80.96575
-79.07330
-86.30197
-80.37054
-79.72647
-78.67852
-81.54391
-81.75513
-84.15002
-84.23007
-87.01976
-88.03687
-88.06018
-93.86564
-72.34796
-73.74039
-84.65532
-83.95307
-96.73699
-83.00170
-69.17513
-71.52986
-81.92975
-84.49292
-89.43063
-87.27231
-92.87551
-90.33282
-94.47619
-92.18169
-94.91900
-90.89407
-81.76706
-87.97963
-87.09220
-115.60547
-76.56333
-70.21056
-77.13504
-79.30877
-83.74737
-82.85733
-85.51517
-85.10586
-87.14041
-87.25603
-88.78692
-91.43223
-89.22883
-87.51371
-83.32777
-84.33950
-83.91393
-84.47154
-69.29093
-73.27448
-84.36549
-84.71589
-88.16593
-87.05419
-89.78417
-88.74645
-91.57484
-88.65490
-92.26723
-69.97573
-73.15929
-79.37315
-78.80242
-81.45003
-79.45398
-81.02826
-80.94122
-83.63087
-82.80984
-86.43877
-85.08267
-90.09024
-86.28224
-93.57288
-85.95099
-115.05940
-78.46009
-71.27358
-84.81383
-86.67063
-91.44917
-83.18304
-68.63070
-73.15174
-86.74507
-88.17289
-93.22857
-90.86618
-94.08416
-92.19647
-94.88491
-92.65354
-96.34040
-89.94408
-81.54041
-80.08673
-86.27014
-83.51862
-97.95190
-71.89828
-72.84325
-86.83292
-81.80304
-85.88853
-82.30468
-85.47384
-82.94222
-84.91750
-84.24365
-88.36979
-85.54139
-88.93943
-87.34505
-94.04282
-87.22209
-114.47182
-74.71512
-68.18888
-75.70279
-80.66746
-86.64738
-84.20989
-88.69855
-86.39806
-91.28284
-87.80473
-95.84462
-85.27072
-69.98374
-74.57381
-81.57847
-80.10536
-81.42148
-84.25890
-90.44058
-92.53235
-99.65373
-97.87230
-107.50371
-102.43564
-120.76662
-106.65415
-145.02004
-109.49428
-122.29624
-112.35599
-118.42144
-114.16540
-118.34046
-114.95009
-118.54619
-115.47788
-118.73902
-115.70725
-119.41659
-116.27104
-119.73215
-117.08339
-120.50039
-117.60172
-119.63900
-111.59205
-97.59842
-92.02894
-86.10010
-88.22612
-89.04547
-108.44938
-78.30018
-78.26642
-85.38451
-86.84357
-91.14322
-90.46787
-92.83123
-92.97644
-96.08060
-95.29290
-97.63020
-93.78659
-92.02580
-89.62921
-93.25954
-88.80618
-104.31364
-73.22622
-70.90034
-79.52292
-82.59570
-87.49803
-86.16406
-89.81970
-88.91511
-91.64755
-91.46876
-92.19846
-91.36224
-76.56873
-77.56201
-81.33041
-80.36310
-81.62585
-77.04236
-82.56364
-86.39122
-83.54491
-85.18729
-84.78394
-89.19332
-85.89249
-90.41405
-84.61123
-103.51274
-82.48468
-70.50516
-75.86883
-79.13547
-79.24756
-81.52353
-68.83458
-70.48000
-78.63502
-82.34830
-83.85280
-84.50701
-84.71721
-84.20974
-84.76438
-84.43628
-85.07896
-84.43131
-83.45005
-79.37953
-86.05802
-82.09346
-100.15675
-72.19956
-71.34337
-88.61979
-82.35846
-85.42885
-82.55353
-84.30616
-83.12336
-84.08880
-83.69764
-85.89114
-84.79643
-87.17927
-86.86606
-90.94395
-86.58216
-110.49076
-72.99732
-69.88611
-84.75164
-85.11051
-99.02208
-88.30108
-96.71926
-89.79667
-95.17211
-96.73621
-106.52736
-118.27529
-71.05710
-72.80099
-79.28573
-80.55706
-83.17772
-82.79051
-81.88359
-78.84577
-79.18759
-79.42444
-80.94227
-82.05730
-82.92691
-84.07462
-85.75632
-85.29502
-93.04453
-74.23488
-72.43967
-86.28310
-82.10846
-106.56058
-77.87887
-68.92125
-75.50433
-82.82541
-82.66671
-87.09564
-86.07793
-91.63104
-90.56268
-94.66131
-93.49475
-94.51614
-95.85466
-83.21999
-86.42329
-87.36702
-108.20188
-77.78013
-72.25227
-76.71079
-77.35141
-82.94406
-82.09549
-85.22395
-85.11520
-87.16436
-87.63422
-88.73835
-92.39383
-88.28695
-84.71810
-81.96326
-83.46092
-84.43103
-86.77096
-69.67233
-71.07144
-81.00209
-86.14203
-91.54490
-89.90627
-94.08635
-89.92942
-96.62472
-88.91055
-109.29901
-71.31939
-71.81130
-77.38159
-77.53106
-78.41948
-79.17912
-81.62892
-81.18492
-84.40675
-83.04909
-86.46529
-85.11095
-89.65174
-85.97435
-93.54584
-85.47124
-124.60060
-72.84248
-74.33128
-87.04349
-86.76270
-88.83334
-92.01724
-80.76934
-68.07226
-73.36428
-82.47144
-91.17449
-91.27257
-93.29186
-92.82892
-93.78017
-93.74958
-94.03796
-94.26310
-91.45727
-79.44040
-79.34008
-83.26419
-84.46031
-84.31703
-70.70655
-76.93125
-84.21267
-82.15299
-83.97960
-83.44741
-85.16451
-83.82630
-85.32487
-85.40222
-89.11828
-85.01472
-89.08700
-89.61723
-90.97622
-92.66217
-82.61962
-69.44727
-72.45591
-81.53027
-82.36651
-85.88447
-84.38921
-89.20580
-85.95505
-94.81547
-86.07422
-96.80637
-72.40371
-72.11874
-86.67965
-85.48297
-91.13272
-85.03808
-86.50063
-80.16721
-80.92532
-83.06623
-84.74238
-86.00453
-87.72543
-89.64961
-91.29006
-92.41122
-93.71327
-91.09006
-81.06950
-82.11743
-92.21888
-87.15167
-115.54389
-72.68194
-71.87309
-87.21775
-87.98720
-108.18579
-91.38611
-105.13114
-93.35084
-106.17168
-94.49167
-105.39876
-90.59492
-83.18946
-85.99729
-92.60454
-89.48608
-97.61800
-82.40711
-75.86065
-84.40783
-89.42553
-93.19898
-92.62343
-94.67872
-93.13547
-94.96830
-93.70360
-98.02113
-92.42283
-94.24845
-92.30408
-98.89794
-91.56207
-114.19525
-81.40477
-70.14056
-75.61347
-86.82574
-93.27073
-96.36602
-94.26440
-98.96240
-94.17130
-102.58224
-92.21557
-115.99889
-79.95721
-76.19019
-82.65976
-81.61792
-81.71136
-86.88991
-87.67895
-91.47407
-90.92475
-95.35571
-92.23543
-97.51644
-89.64122
-86.92099
-88.82701
-91.01328
-92.26080
-84.74325
-82.75284
-87.83072
-88.53124
-89.27382
-88.30942
-70.74984
-71.65994
-82.69428
-88.35233
-95.78971
-90.90244
-96.05741
-91.73261
-94.59094
-92.02642
-95.80905
-89.21646
-80.54133
-82.47650
-90.13633
-88.05723
-95.60362
-83.19846
-80.04863
-87.17073
-87.60009
-85.92692
-86.09033
-85.14169
-85.55421
-83.27054
-85.89118
-86.90913
-89.03710
-87.56745
-93.37916
-90.14356
-107.55922
-82.63948
-70.65702
-77.77376
-88.38517
-89.68496
-95.69083
-91.74589
-96.66836
-92.23874
-103.15238
-91.29791
-117.25277
-79.73963
-76.56987
-83.17792
-87.50839
-86.91235
-85.75922
-85.68936
-86.15022
-87.49852
-90.13922
-90.93055
-94.39626
-93.56010
-96.11494
-95.47671
-96.84335
-96.77696
-89.61969
-80.45306
-85.15103
-91.69806
-91.58245
-92.82257
-70.70747
-73.71681
-90.95361
-89.09445
-108.96740
-92.37455
-108.04008
-93.67447
-107.98028
-94.25305
-104.23385
-92.18904
-82.48653
-82.30716
-89.00640
-86.45455
-93.38891
-84.68455
-76.46628
-82.90166
-89.92448
-90.59736
-94.24670
-93.70559
-94.89206
-95.97428
-94.97817
-98.64815
-93.34361
-94.64632
-92.63804
-104.86343
-91.96925
-100.49685
-79.92446
-73.41571
-77.67228
-79.45322
-83.40125
-84.17126
-88.29535
-89.03961
-91.08008
-91.78498
-91.98856
-93.98888
-91.74000
-86.54175
-85.85499
-87.41386
-87.66445
-89.07463
-89.08968
-90.88502
-91.05836
-92.61905
-92.35683
-94.73165
-94.82181
-95.62946
-95.96631
-95.96702
-98.45287
-93.16213
-85.58484
-87.91097
-90.25280
-90.91481
-92.52256
-93.24370
-94.31945
-95.19686
-97.10441
-96.91285
-98.07168
-97.33602
-98.05204
-98.44125
-100.17276
-99.95769
-100.57548
-100.56487
-101.20555
-101.99463
-100.55733
-103.02991
-97.98167
-88.87623
-87.98564
-88.76389
-89.85000
-90.59838
-91.58058
-92.87971
-93.90299
-95.12763
-95.56390
-96.29110
-96.91143
-97.64981
-98.00695
-99.38260
-99.28499
-100.60221
-100.92181
-101.18498
-101.19621
-101.39301
-102.67739
-101.85461
-102.91034
-102.47410
-102.19079
-101.98846
-102.40961
-103.35929
-102.82929
-103.39307
-101.99049
-104.05198
-103.71780
-104.88498
-89.85693
-86.84589
-88.62898
-89.27897
-90.45225
-90.19084
-90.64164
-91.09188
-92.25299
-92.27510
-92.12125
-92.13058
-92.87030
-93.07143
-92.28226
-86.38479
-83.33603
-85.15107
-89.08028
-90.92759
-91.37830
-92.42414
-92.69565
-93.34402
-93.09165
-93.29112
-93.16950
-92.44371
-92.46424
-92.85821
-92.64442
-92.65205
-90.46236
-83.65593
-80.20520
-81.50333
-83.55627
-84.48684
-85.68028
-85.12876
-85.69324
-86.43380
-87.47173
-87.45888
-88.16257
-86.91859
-90.05722
-85.97811
-78.54616
-81.31500
-83.29026
-80.45693
-81.38762
-84.04151
-85.17939
-86.49498
-86.74612
-87.38294
-87.62116
-84.02638
-84.85857
-88.21122
-88.75108
-89.70638
-89.26686
-84.79431
-84.69161
-85.83131
-84.75809
-82.50822
-83.53321
-86.47724
-88.61024
-85.91599
-84.42456
-86.20951
-86.27169
-87.06431
-87.49074
-88.03309
-87.73485
-87.75930
-88.49144
-88.42522
-88.45501
-85.09961
-82.97680
-84.08142
-86.53069
-87.64476
-88.05336
-88.98033
-88.97058
-89.31275
-89.47515
-89.25475
-89.85848
-90.15160
-90.26033
-91.21011
-90.27298
-90.29957
-87.20607
-86.89222
-85.07573
-85.08198
-87.20921
-90.25870
-90.19969
-91.68275
-90.67815
-91.80345
-91.41006
-91.91578
-91.32359
-82.97768
-82.31201
-84.12890
-86.35557
-85.77193
-88.03696
-77.53589
-73.06710
-75.77704
-79.10556
-82.03893
-83.41050
-83.81222
-83.14552
-80.10102
-82.57703
-80.50387
-87.82829
-79.56758
-78.70664
-73.80373
-69.68597
-80.71074
-82.80132
-84.29740
-85.80786
-85.91130
-86.28802
-86.90528
-90.64106
-88.25667
-88.07335
-80.87401
-85.11707
-87.88582
-86.09210
-92.29287
-72.37832
-68.90929
-75.45995
-77.59509
-86.17859
-84.37655
-89.85631
-85.12569
-87.79164
-85.80617
-89.91073
-86.67549
-70.46144
-75.82353
-87.35626
-85.22800
-87.02755
-84.97127
-78.67215
-77.91288
-77.74786
-80.52661
-81.49350
-84.75508
-82.65317
-84.86369
-82.54751
-88.99389
-81.99589
-70.95204
-79.73807
-95.59992
-85.87995
-99.70533
-81.76716
-69.55471
-72.88186
-76.80416
-74.29354
-77.87249
-77.19072
-80.04113
-78.84176
-80.71801
-80.48616
-81.15187
-78.26911
-74.41081
-79.69516
-79.72361
-86.69065
-73.56149
-71.16132
-84.18586
-80.96154
-87.56273
-88.11240
-92.06539
-90.88423
-92.43958
-90.93372
-94.54053
-90.87946
-87.74644
-80.54616
-83.72326
-87.76262
-95.34103
-81.19793
-69.10157
-75.11188
-77.69989
-76.75716
-77.78439
-79.08126
-81.98218
-81.68809
-87.72020
-81.27371
-107.66803
-73.37480
-72.92221
-89.30956
-87.57282
-89.31970
-91.83160
-81.09039
-75.47281
-79.69326
-79.16149
-78.73641
-79.72618
-81.74569
-80.72876
-82.50786
-80.66674
-87.51948
-74.77017
-70.96989
-82.75479
-82.63871
-92.82263
-92.95254
-70.38328
-70.10259
-76.11673
-77.03994
-79.50558
-81.26993
-88.56830
-97.68446
-102.43341
-122.10181
-98.88394
-85.16846
-75.86734
-77.37255
-74.79949
-76.57546
-76.18664
-69.74573
-76.32038
-79.16084
-78.80756
-82.67821
-82.04264
-83.75103
-83.61508
-85.01191
-85.21336
-85.43941
-86.38097
-79.78454
-79.80480
-86.28554
-85.21365
-87.88238
-70.56395
-69.87394
-79.53729
-84.39422
-91.59582
-86.82918
-91.69497
-88.75193
-91.26465
-90.72736
-89.80198
-96.63020
-72.96635
-73.54619
-81.87642
-83.77924
-88.05592
-85.62621
-79.30014
-78.58049
-81.29229
-81.97424
-82.29538
-83.78480
-82.39961
-83.87327
-81.92227
-85.75205
-80.96884
-70.91338
-77.06132
-86.13655
-84.48083
-97.84590
-72.59258
-68.83130
-78.94298
-80.80980
-80.53228
-83.35927
-84.54591
-86.84367
-85.50179
-87.80698
-86.17926
-83.99020
-75.90101
-78.62992
-79.02032
-83.84062
-79.97094
-84.12270
-73.26782
-72.11029
-81.15319
-78.77006
-83.63259
-82.44971
-84.26211
-81.76009
-84.15343
-83.19408
-84.87667
-82.39828
-78.45716
-79.04924
-83.85277
-83.66213
-87.00464
-72.83485
-69.32815
-77.93261
-82.28930
-88.60985
-85.15397
-89.74256
-85.14229
-91.86161
-85.64014
-96.43643
-81.76641
-70.55627
-78.42747
-89.28366
-85.97270
-92.69657
-80.42014
-76.02387
-80.43945
-81.57515
-82.84925
-84.74617
-86.53527
-85.47287
-88.58258
-84.72660
-93.11659
-79.09191
-70.43805
-77.97655
-82.21740
-84.12084
-87.67154
-70.56219
-70.42401
-74.90947
-75.23642
-79.77912
-82.52388
-83.30480
-84.26994
-85.51642
-84.24519
-81.07848
-84.92598
-76.19844
-74.28528
-81.12202
-75.92730
-76.78867
-70.37841
-72.49054
-79.57045
-76.67580
-82.38997
-80.00572
-82.96932
-81.00644
-84.23120
-81.98053
-84.88018
-82.04015
-81.98451
-77.55997
-83.06384
-82.90149
-86.51143
-79.71108
-68.53440
-71.45652
-76.21804
-81.92603
-84.53064
-88.06696
-84.60627
-88.62557
-83.55512
-106.26278
-76.67441
-71.27662
-79.42757
-79.98023
-87.87434
-85.61159
-86.24630
-79.69057
-76.81155
-77.55013
-79.44205
-82.04037
-82.15076
-84.15710
-81.81192
-85.03149
-82.57940
-92.53577
-77.54890
-70.66464
-85.39699
-85.68971
-91.21081
-82.67641
-69.06026
-75.04363
-78.15397
-75.14396
-77.30716
-77.47125
-79.98360
-80.22053
-80.77490
-81.02590
-83.20091
-79.24189
-74.70630
-75.76732
-81.37727
-79.07147
-84.24938
-73.77942
-70.87571
-80.87967
-80.81983
-84.17571
-83.74911
-84.76632
-84.97720
-86.78713
-86.20523
-87.17094
-86.11923
-78.33228
-79.17453
-86.82032
-85.06713
-92.84806
-73.09671
-68.93272
-76.94259
-77.65505
-81.87218
-80.34151
-86.55732
-82.23823
-87.08780
-84.51016
-101.76469
-80.73539
-70.42317
-77.69683
-81.32929
-85.39955
-84.57073
-85.74972
-77.14635
-74.34639
-77.18162
-79.83895
-79.01605
-79.74616
-80.39726
-83.79863
-80.88995
-88.59750
-73.71987
-71.83418
-80.64011
-81.77774
-82.41614
-78.83289
-79.45302
-69.08602
-71.06874
-77.39146
-80.87351
-86.84994
-86.03925
-89.63134
-86.52039
-89.31473
-84.86217
-91.18126
-80.63668
-73.50124
-77.25010
-76.98821
-79.27837
-74.72140
-71.10025
-78.75983
-77.95375
-79.76867
-79.44504
-80.55923
-81.84319
-80.72216
-81.68444
-81.92145
-83.82452
-80.31372
-77.39968
-80.90591
-80.66244
-80.93089
-78.26941
-68.70700
-71.55098
-78.78267
-80.50393
-81.52704
-79.85429
-83.48615
-81.38308
-83.51016
-80.71688
-86.55208
-73.01615
-71.15075
-78.73621
-78.69516
-82.11604
-82.00967
-78.80326
-76.40361
-77.47292
-80.06905
-79.16431
-81.43938
-78.97558
-79.60016
-78.82459
-80.07954
-80.42594
-70.89521
-73.69479
-80.75545
-79.16881
-79.53680
-75.61266
-68.75336
-71.95927
-80.41012
-78.37231
-83.68955
-81.53280
-83.09117
-81.34010
-82.58843
-83.26446
-84.64981
-79.54702
-74.59070
-77.88091
-78.21599
-82.88554
-77.25320
-70.16923
-77.74438
-80.21404
-79.70453
-82.62581
-82.88573
-85.01900
-81.67093
-84.06787
-82.33642
-84.84983
-83.43975
-80.16720
-77.96044
-83.92285
-81.30086
-88.28590
-73.84874
-68.60795
-77.58922
-80.05108
-85.10089
-83.93169
-85.33413
-85.02005
-86.32275
-85.89517
-84.90114
-91.94612
-71.28323
-73.85189
-84.41839
-81.42885
-84.74934
-81.46700
-75.13829
-77.59416
-79.98469
-80.55257
-81.59526
-83.10165
-81.47455
-83.45934
-80.53459
-84.75085
-79.77666
-70.49159
-75.62242
-81.05583
-80.09850
-91.91408
-77.93533
-68.90270
-72.53588
-74.85684
-78.20183
-81.59157
-81.05142
-81.64439
-84.01905
-84.42706
-81.13740
-82.19319
-75.15708
-76.58961
-79.63430
-76.78753
-75.90691
-79.22522
-69.95583
-72.56999
-79.17575
-78.24743
-81.38785
-80.23139
-82.39615
-81.15186
-83.18507
-81.82978
-83.55062
-81.84261
-79.31715
-79.33599
-83.30282
-82.08200
-82.09889
-70.50256
-68.73592
-74.13137
-78.24004
-82.09994
-80.13957
-80.98389
-79.90755
-84.80545
-80.79303
-92.70324
-76.36428
-70.79827
-79.40827
-83.98768
-83.68397
-85.91319
-83.02183
-77.38086
-76.24242
-79.35060
-80.07406
-81.20708
-81.87018
-81.50172
-82.40567
-80.52849
-88.02112
-73.30280
-71.47308
-83.38547
-81.40521
-88.12364
-83.97758
-68.88047
-73.01249
-81.65403
-75.61881
-77.82940
-77.67852
-80.31523
-79.90281
-81.05980
-81.24256
-82.15336
-81.20804
-77.02803
-73.82149
-79.11170
-77.50713
-82.43407
-72.46217
-70.21741
-80.15016
-78.31333
-80.81862
-81.04098
-83.43445
-81.38847
-81.49702
-81.19614
-83.15898
-81.14630
-79.57999
-76.44348
-80.74025
-82.46166
-83.86645
-73.30259
-68.57359
-76.41898
-77.63548
-81.31088
-80.38475
-83.08079
-83.53000
-84.24839
-84.84957
-84.65630
-84.80005
-71.71326
-74.70244
-79.96105
-81.79926
-81.43339
-83.18900
-79.19861
-74.36631
-76.17222
-79.75227
-78.88606
-79.56397
-79.14807
-81.31366
-80.01713
-83.72126
-78.28702
-70.54130
-76.99967
-82.09746
-81.83741
-79.62050
-81.66459
-70.73766
-69.91885
-78.49817
-79.48715
-84.17412
-81.70581
-85.09518
-82.42507
-84.50054
-83.17801
-83.59484
-83.96270
-73.28818
-75.12588
-77.39900
-79.00551
-75.04605
-70.90251
-78.16701
-76.79126
-78.65427
-80.04262
-79.09941
-80.50534
-81.57330
-82.05472
-81.77895
-82.94527
-82.34191
-80.04762
-78.90699
-82.06830
-81.76052
-80.90483
-69.47110
-72.04829
-81.10015
-84.01158
-84.43430
-83.74834
-85.73234
-85.26658
-87.08404
-83.40365
-89.36583
-71.05074
-74.30628
-80.72814
-80.90733
-86.28800
-86.30266
-81.34023
-77.82734
-81.65230
-81.29885
-83.69911
-82.52794
-83.87481
-81.69250
-85.04135
-81.26242
-91.67523
-72.45892
-73.83681
-82.93532
-82.12625
-89.65609
-81.03649
-74.41096
-69.51451
-74.83224
-81.59769
-84.06597
-87.41763
-87.48049
-88.34396
-88.85463
-88.35447
-91.51913
-81.07155
-75.18575
-78.51668
-85.61246
-83.85155
-87.20682
-71.50816
-73.66579
-85.10158
-80.09997
-85.05691
-84.22691
-88.10371
-85.08677
-87.47604
-86.30633
-87.38332
-85.46214
-83.32975
-78.01857
-83.51226
-84.36176
-95.24470
-73.75640
-68.75947
-80.44658
-84.26899
-90.20408
-89.06014
-90.52852
-91.76727
-88.84551
-97.38667
-86.84920
-98.62814
-73.20089
-72.35443
-85.11447
-87.27341
-90.40234
-89.82603
-83.45611
-75.83096
-79.67722
-89.03153
-85.93252
-98.62531
-87.51085
-103.44321
-87.66415
-117.16543
-85.14441
-71.47485
-78.22619
-83.32632
-85.57216
-91.04940
-91.74078
-70.71314
-69.89296
-77.03238
-78.45850
-87.14471
-85.38036
-89.16857
-87.13189
-90.44683
-85.55097
-87.18442
-85.10905
-75.12952
-80.01754
-81.83832
-79.71652
-78.56887
-70.25362
-78.19293
-81.60510
-80.66132
-85.42131
-83.57592
-87.56033
-84.76973
-90.13548
-86.71328
-92.08497
-85.49007
-80.82804
-80.72638
-94.39329
-85.10525
-127.07670
-71.56087
-69.14578
-78.29995
-80.93366
-91.27631
-86.66434
-97.76498
-87.35888
-100.75744
-86.00637
-95.28784
-75.47212
-71.39033
-82.04790
-85.60136
-91.90595
-89.42212
-88.63066
-78.76864
-80.17049
-81.89441
-85.83395
-83.51921
-86.79462
-82.82623
-88.40373
-82.09049
-105.05944
-74.07194
-71.48696
-85.83989
-86.96796
-97.95323
-94.30471
-84.37554
-68.47410
-73.83727
-80.81884
-80.97024
-83.50548
-83.73527
-86.66932
-86.22846
-87.27667
-88.49076
-84.05273
-75.41662
-78.05952
-81.29550
-83.55603
-81.81321
-83.83009
-70.74262
-75.02754
-83.82416
-81.58787
-85.81812
-83.81409
-87.07351
-85.36606
-88.84439
-86.78410
-91.05609
-88.87986
-93.85844
-90.57003
-96.56125
-92.77027
-99.48315
-94.38086
-102.08989
-95.64844
-104.82859
-96.07281
-103.66823
-95.79361
-103.93093
-97.30158
-103.63443
-98.12750
-102.47184
-100.03894
-100.15489
-103.18541
-95.29952
-120.73183
-72.96612
-78.40698
-106.76323
-93.03866
-111.50213
-96.77829
-102.79834
-100.92719
-99.95881
-106.34707
-97.38349
-129.97961
-95.20602
-103.56688
-91.98528
-92.65919
-81.03662
-70.39810
-88.20480
-105.04744
-100.55182
-115.70668
-98.59913
-127.09666
-98.53163
-124.90208
-98.94026
-120.05707
-100.39086
-123.59633
-101.74754
-119.15399
-103.66074
-110.92721
-94.80749
-82.50661
-74.63297
-74.11358
-74.94598
-73.98315
-74.16961
-74.12366
-73.84523
-72.12223
-78.94609
-81.06893
-71.13611
-79.90127
-125.21577
-84.99621
-94.30333
-72.72402
-70.43769
-83.85375
-90.07360
-94.97444
-93.00113
-92.98691
-87.98994
-86.64999
-88.33184
-86.40028
-93.06649
-78.59216
-76.46254
-87.39510
-85.14348
-94.46089
-76.70079
-71.20606
-78.22408
-76.54613
-77.87473
-76.85287
-78.81373
-78.27105
-78.64406
-77.68729
-80.21462
-87.68525
-84.89990
-90.36936
-90.18117
-95.84018
-88.77249
-101.04376
-71.06149
-70.62407
-79.34363
-83.19235
-89.37335
-86.70967
-93.92880
-88.08709
-100.68785
-87.68916
-118.04133
-71.71435
-70.93135
-82.02923
-78.21947
-79.56705
-80.11292
-81.05282
-81.45452
-76.91539
-74.68185
-73.76006
-74.48388
-75.09735
-75.14476
-75.65826
-76.54952
-75.99379
-69.67441
-73.84142
-76.78685
-75.82184
-75.64765
-75.60320
-70.28242
-69.81496
-75.54085
-75.96834
-77.98825
-77.40939
-78.79286
-78.09809
-78.04715
-77.05315
-82.25101
-82.89444
-75.80264
-73.62677
-74.27449
-74.30647
-78.67150
-70.31037
-72.42174
-84.53955
-83.66317
-86.27978
-83.39106
-85.58009
-83.19093
-84.36216
-83.02506
-87.73256
-84.21240
-89.99059
-88.15835
-94.50987
-89.69762
-145.54168
-70.66545
-71.12802
-90.68951
-86.61129
-101.06303
-88.98710
-97.80189
-89.11484
-97.11564
-88.28604
-110.02537
-72.91087
-71.52251
-77.16016
-78.22787
-83.97533
-81.41755
-84.33872
-79.37401
-78.23177
-76.39481
-79.16898
-79.69310
-83.11917
-80.16809
-81.71562
-80.08548
-83.04485
-81.32474
-70.67106
-75.90985
-84.09341
-81.63218
-84.03957
-83.76697
-70.42120
-70.13563
-74.79073
-74.59780
-77.35563
-76.08298
-77.14114
-76.28294
-76.95254
-79.59751
-85.94901
-86.21702
-75.13731
-77.90784
-79.30523
-82.76861
-77.48980
-70.42686
-77.43298
-79.96434
-81.41093
-82.38996
-81.65886
-82.85024
-82.50457
-84.21271
-83.87349
-88.72911
-85.03460
-82.89043
-81.79106
-81.94763
-83.24762
-77.44112
-69.24620
-72.53174
-79.15262
-81.79169
-82.46373
-81.78918
-83.58091
-81.40659
-85.06084
-80.26802
-88.80003
-71.15515
-71.35840
-82.01003
-77.25380
-80.36152
-81.38131
-84.41421
-83.68532
-77.67591
-75.01476
-73.84325
-74.86668
-74.89021
-75.40294
-75.40550
-76.73247
-76.77181
-69.37013
-72.62476
-77.82890
-75.52052
-76.54930
-73.96163
-68.18669
-70.65874
-80.13015
-77.27895
-78.97307
-77.82514
-79.16161
-79.18649
-86.01200
-85.73312
-88.06372
-85.86539
-76.25129
-76.80078
-73.51698
-74.78359
-73.19622
-69.48524
-75.82771
-78.87128
-77.51944
-77.64402
-76.97636
-78.28301
-78.29058
-78.70183
-77.35507
-80.32185
-84.31058
-85.71924
-86.47695
-83.46614
-82.18442
-83.82531
-70.43929
-70.41839
-82.22246
-80.86384
-87.59060
-83.82392
-91.71921
-85.97317
-96.15178
-87.78887
-105.87055
-82.94558
-69.05109
-76.50760
-84.92349
-84.48727
-85.09386
-82.86054
-82.90131
-75.56132
-73.62651
-75.17495
-74.18624
-74.40479
-73.97111
-74.70326
-71.79456
-76.54909
-73.12857
-72.04897
-94.77039
-87.51745
-103.83610
-88.01015
-105.74751
-70.82766
-70.95022
-87.06463
-87.16899
-99.59057
-89.32425
-86.86591
-87.23209
-87.41657
-87.87289
-87.93430
-95.60310
-77.74571
-78.87936
-84.12217
-92.79342
-84.82049
-70.23485
-78.50809
-78.57749
-76.75779
-77.61774
-77.20555
-79.13133
-77.89741
-79.18972
-77.22492
-83.93545
-85.42565
-90.53638
-89.91584
-92.10735
-93.90494
-81.63672
-71.61432
-69.95866
-74.66092
-80.01864
-81.57215
-81.85184
-83.66211
-82.32360
-85.14895
-80.84891
-86.83006
-73.32184
-70.10691
-77.65586
-77.92843
-78.80301
-80.12006
-82.08442
-83.12230
-78.46976
-74.94231
-73.37364
-74.50063
-75.46717
-74.80146
-75.46778
-75.43557
-78.81964
-70.59633
-70.56593
-77.52506
-75.68234
-76.07141
-75.58227
-70.24155
-68.04646
-73.10683
-75.91664
-77.64677
-77.91240
-78.23169
-78.52874
-77.84410
-78.05479
-81.31668
-85.05450
-76.09209
-75.56303
-73.45914
-74.73019
-74.73037
-69.30745
-75.70717
-86.41117
-83.53616
-85.26397
-82.74257
-85.65907
-82.65621
-84.93762
-82.78177
-88.09813
-84.68392
-86.36053
-83.78928
-85.13488
-82.59566
-91.52629
-76.98086
-69.50891
-79.79605
-87.42013
-94.16622
-90.40919
-95.60487
-89.65437
-97.31362
-88.05661
-119.25570
-79.55553
-69.75794
-76.61906
-76.76010
-79.04166
-79.43695
-81.37874
-80.05434
-78.77041
-78.71329
-80.05319
-81.09403
-82.71863
-81.30948
-81.21606
-80.79748
-83.29107
-79.89642
-70.44196
-78.21699
-81.70945
-81.56127
-84.09158
-77.63104
-70.64212
-71.52333
-74.64373
-73.40228
-75.88587
-76.13891
-76.83125
-76.26864
-77.15945
-77.19145
-84.88149
-82.52127
-75.29408
-76.04360
-81.00432
-79.64199
-86.64019
-72.47338
-72.16095
-81.35389
-77.99207
-80.02619
-81.55531
-83.28786
-82.10615
-83.34487
-83.87571
-87.35989
-87.23742
-83.74490
-81.87668
-83.05744
-81.93646
-84.02108
-69.54562
-70.80772
-78.87809
-79.93113
-82.36509
-80.98972
-84.15986
-82.28727
-85.90384
-81.58470
-85.24881
-70.32715
-72.84114
-80.79534
-78.51272
-80.21088
-81.10961
-84.24149
-82.84553
-80.66059
-75.32750
-74.00134
-73.81433
-75.34079
-74.72144
-75.70412
-75.26952
-78.55398
-71.25411
-71.72048
-76.98364
-76.08498
-75.82247
-76.53113
-70.80209
-68.37569
-74.42122
-77.02130
-78.56116
-78.22811
-79.44137
-79.26641
-84.18366
-86.24577
-86.04051
-89.14648
-77.20389
-76.15494
-74.99385
-72.94451
-76.17143
-70.46024
-72.55602
-77.93351
-75.99171
-78.72731
-76.69724
-79.23649
-77.69854
-79.11989
-76.60285
-79.96570
-83.81333
-87.06815
-86.83493
-92.51921
-86.96083
-115.37601
-76.60860
-69.07560
-78.47917
-80.59413
-85.07317
-84.03372
-87.28314
-85.55999
-89.57325
-86.08040
-91.81599
-82.25540
-69.25721
-77.27708
-83.08815
-83.28955
-83.77159
-83.08606
-85.07957
-78.09569
-79.49650
-81.07031
-83.15159
-84.19481
-85.97822
-86.33458
-87.90623
-86.43278
-88.39911
-84.09343
-80.82275
-83.26845
-88.77820
-84.87395
-95.28449
-72.67980
-71.55212
-84.52005
-84.83766
-90.71664
-86.69433
-89.25966
-86.30959
-88.90687
-87.92873
-90.15577
-88.17835
-82.56641
-83.53795
-87.87516
-86.60653
-88.42930
-85.66605
-75.97094
-80.27827
-88.11353
-88.10972
-93.61365
-90.92116
-95.09800
-91.54135
-95.93210
-92.43900
-96.85841
-90.23891
-94.67685
-91.84514
-98.38968
-88.13776
-70.73923
-73.24685
-85.46835
-90.68467
-103.24310
-93.83290
-105.34037
-94.19303
-107.16362
-93.43361
-112.56056
-82.25965
-76.34066
-82.00951
-82.22670
-81.47630
-85.25025
-89.47013
-91.05127
-92.77042
-95.59910
-99.10366
-99.53434
-103.02585
-100.05321
-105.81797
-100.66505
-107.49949
-99.19194
-85.17393
-83.45272
-95.98191
-88.23945
-116.37856
-79.54175
-70.24340
-76.04510
-86.79617
-95.54282
-98.42135
-97.63924
-101.97234
-98.29141
-104.51165
-97.61580
-110.70548
-86.76191
-81.64278
-86.96802
-93.84747
-91.64163
-101.51870
-86.30301
-81.17377
-87.27893
-90.18581
-85.92991
-87.41143
-85.65235
-86.68988
-84.70373
-87.66755
-87.85700
-92.35217
-88.27335
-99.82441
-90.92494
-97.82276
-80.80930
-70.02791
-78.03485
-84.55733
-88.95980
-90.95618
-89.81999
-93.10254
-91.10842
-94.82951
-91.84203
-92.90817
-76.28080
-78.50708
-85.27555
-88.34758
-85.75888
-84.55684
-84.50943
-81.14552
-84.20816
-84.73727
-85.05956
-85.82053
-86.26238
-85.57927
-86.54539
-85.64591
-86.98199
-85.36432
-85.20947
-79.24595
-84.26083
-83.49114
-90.37856
-76.99110
-69.92196
-79.14616
-84.48709
-87.27993
-86.70665
-87.34679
-87.18263
-87.91354
-87.37132
-88.33960
-86.65620
-82.11772
-84.53228
-87.03310
-86.86280
-87.88823
-85.35136
-76.60616
-81.43544
-87.35811
-87.29255
-88.76330
-88.86846
-89.51674
-89.58228
-89.25851
-90.96813
-87.97132
-91.99378
-89.61446
-91.04246
-89.13736
-100.78278
-78.46821
-70.43299
-72.66507
-74.39699
-76.63238
-78.22729
-80.38790
-80.64699
-81.91677
-82.86686
-83.14358
-84.28060
-84.44993
-85.60116
-86.24792
-87.78767
-88.21254
-90.30851
-89.84980
-92.39019
-91.98688
-93.71780
-92.40317
-93.65936
-93.27454
-94.02278
-93.60071
-95.00188
-94.39259
-95.12071
-95.05315
-95.24009
-95.75757
-95.76726
-95.98805
-95.73505
-96.65179
-96.09037
-97.00019
-96.62843
-97.48331
-96.91799
-97.75380
-97.58069
-98.33494
-98.00891
-98.72077
-98.23671
-98.78645
-98.55666
-99.06665
-99.24796
-99.51778
-100.06492
-100.05264
-100.37838
-100.42727
-100.73266
-100.82156
-101.43085
-101.40992
-101.85532
-102.10921
-102.42732
-102.32696
-102.97428
-102.68594
-103.28175
-103.71734
-103.85943
-103.96952
-104.16800
-104.52038
-104.68860
-104.87126
-105.11003
-105.29694
-105.41916
-105.54126
-105.94315
-106.13115
-106.12613
-106.16718
-106.23699
-106.39119
-105.94539
-106.20372
-106.34820
-106.11371
-106.45481
-106.00171
-106.18988
-106.39561
-106.52243
-106.90336
-106.81978
-106.99321
-106.74113
-107.27629
-107.26431
-107.41625
-107.50520
-107.50006
-107.84291
-107.70143
-108.07219
-108.40011
-108.53367
-108.58104
-108.73019
-108.91529
-109.20854
-109.37885
-109.57849
-109.94596
-110.12682
-110.23980
-110.65229
-110.98611
-111.30375
-111.63991
-111.88521
-112.07471
-112.25783
-112.76014
-113.28883
-113.62885
-113.66533
-114.24390
-114.56096
-115.04544
-115.77018
-115.91739
-116.50430
-117.13611
-117.45211
-117.99445
-118.39576
-118.84046
-120.83408
-123.86629
-126.55241
-129.28850
-132.41091
-134.95270
-137.02983
-137.86722
-138.04428
-138.96485
-139.57428
-138.96652
-140.59772
-139.74264
-139.97395
