-83.97389
-62.47633
-58.34044
-55.05532
-53.98950
-56.63397
-55.16426
-56.04610
-56.49082
-56.46780
-56.91006
-56.90795
-56.90381
-57.44036
-57.71306
-57.75456
-58.07998
-58.48258
-59.04556
-59.70959
-60.16682
-61.01209
-61.69407
-62.19144
-63.14473
-63.81270
-64.96296
-65.51350
-67.21440
-68.23820
-70.05413
-71.53948
-76.54194
-85.90425
-88.10740
-95.67270
-92.10562
-99.57715
-93.10046
-110.81787
-94.72727
-109.02743
-96.75347
-103.22846
-98.06639
-98.97758
-83.65642
-59.68700
-59.24567
-64.71712
-67.60568
-75.75665
-76.28716
-81.76046
-78.79128
-106.53999
-84.66254
-99.16663
-85.16287
-96.28626
-88.73645
-137.19930
-92.20203
-107.13277
-87.17039
-57.44497
-53.66407
-55.91797
-55.19430
-55.58147
-52.25005
-47.04292
-49.80273
-50.62667
-49.74917
-51.35484
-51.63134
-53.00394
-53.02650
-53.82521
-54.55052
-54.58525
-54.34206
-54.72444
-54.96969
-55.77900
-55.00479
-56.50256
-52.36082
-52.04468
-53.71235
-53.05062
-54.32230
-53.94072
-55.14005
-55.63531
-56.48268
-56.46940
-57.06651
-56.78789
-57.01102
-57.26960
-57.12497
-57.76050
-57.78106
-57.62070
-57.89830
-58.24467
-58.07421
-58.33892
-58.25507
-58.97830
-58.72366
-58.83266
-58.82577
-58.95902
-55.41517
-56.36521
-63.99541
-68.51648
-74.89613
-77.01073
-81.27632
-84.06708
-93.29773
-85.40691
-100.49838
-84.96503
-91.98586
-82.53262
-84.62866
-78.89678
-75.95353
-58.20556
-51.12185
-53.19147
-52.30158
-53.91837
-53.17942
-52.63964
-52.57413
-52.70786
-54.54087
-56.17337
-59.35113
-60.12771
-59.40001
-59.54298
-59.44212
-59.24106
-59.49700
-59.43830
-60.07676
-60.02557
-60.52129
-60.85272
-61.36456
-61.68610
-62.30783
-62.85410
-63.52421
-64.20769
-65.46800
-66.22743
-67.00593
-68.42492
-69.80035
-70.98880
-73.27701
-74.99518
-79.23035
-79.16963
-79.37146
-75.27694
-75.47020
-72.52184
-72.62389
-70.35936
-71.31377
-76.28407
-93.62338
-84.66355
-86.82485
-71.08735
-58.23513
-60.88378
-65.36083
-70.20433
-74.95112
-81.11798
-78.58261
-84.84465
-86.48401
-108.80589
-86.69064
-105.15438
-88.84004
-99.69506
-86.20399
-90.58688
-82.63654
-80.01460
-57.72725
-48.16336
-47.71600
-47.67238
-49.38934
-48.32064
-52.44929
-51.69304
-49.39881
-53.89317
-52.84175
-55.37853
-54.41991
-55.36519
-55.46250
-56.30819
-56.27520
-56.52310
-56.26818
-57.00832
-57.29023
-56.24702
-57.70826
-50.28347
-47.98897
-48.79655
-49.23623
-50.17832
-50.88313
-51.89653
-52.29015
-52.61038
-53.60290
-53.95110
-54.19112
-54.71442
-54.70552
-54.83984
-55.55689
-55.46102
-55.72824
-55.97413
-56.00560
-56.12847
-55.97989
-56.11017
-55.98949
-56.79014
-56.21006
-57.49931
-54.41858
-55.41142
-58.14802
-57.44434
-70.19687
-72.33836
-74.17269
-79.06674
-79.84214
-84.26643
-85.25234
-94.38248
-85.25951
-100.17044
-83.29209
-89.41754
-80.28394
-78.25151
-62.64545
-51.58443
-52.57143
-51.94051
-52.70508
-54.92644
-52.41390
-57.42113
-57.26426
-56.23967
-57.19099
-55.30893
-56.43371
-55.67895
-56.35952
-56.98871
-56.71994
-57.19895
-57.23936
-57.96715
-58.05921
-58.63010
-58.76968
-59.45776
-59.72679
-60.67700
-61.25856
-62.41060
-62.77867
-63.93065
-64.77253
-65.51260
-66.81244
-67.76460
-67.53491
-51.31204
-47.61990
-47.57829
-48.15074
-49.94187
-50.78235
-50.68863
-50.18790
-51.13746
-51.64055
-52.38256
-53.31090
-54.04269
-55.15027
-55.70587
-58.03247
-55.32407
-54.53081
-65.63100
-62.21161
-62.97742
-65.41579
-62.46052
-61.75379
-60.41517
-59.90263
-59.19686
-59.10546
-58.05623
-58.30794
-59.27022
-69.01704
-70.28284
-103.38230
-68.18817
-56.19619
-53.75392
-56.85652
-54.27981
-55.08016
-53.01001
-48.81717
-48.85173
-48.09556
-49.92589
-50.50422
-51.55044
-52.33309
-53.01935
-53.52986
-53.80706
-54.56861
-54.34699
-54.14675
-54.97164
-54.59715
-55.61579
-53.58107
-52.04500
-53.52343
-52.37815
-53.74546
-54.56870
-55.02122
-55.34165
-55.94202
-56.31068
-56.24583
-56.42747
-56.80229
-56.38159
-57.28742
-57.42609
-57.07746
-57.61594
-57.66973
-58.46175
-57.79478
-57.17876
-57.12345
-58.04981
-58.38700
-58.49162
-58.02134
-59.30157
-60.07030
-54.73264
-58.68709
-71.80731
-68.76929
-78.43772
-75.18095
-86.35179
-68.47607
-64.78792
-62.05772
-63.47753
-62.61611
-64.21783
-62.93324
-67.12229
-70.82102
-76.14082
-60.48952
-51.00487
-52.55148
-51.51441
-53.54478
-52.97096
-51.77641
-51.74321
-52.36555
-55.67023
-54.93200
-56.84926
-56.43841
-56.67099
-56.92884
-57.88241
-57.87711
-58.27332
-58.27396
-59.23269
-59.37894
-59.62918
-59.95994
-60.68417
-61.31338
-61.64336
-62.59020
-62.93085
-64.26932
-64.51144
-66.01791
-65.96364
-68.32338
-68.59367
-70.15359
-65.10373
-63.14921
-62.77158
-63.82514
-63.67755
-64.67290
-65.02933
-66.37780
-66.03135
-66.59469
-67.30452
-67.81552
-68.00624
-68.60424
-67.70289
-58.74619
-59.28726
-63.74307
-66.84455
-67.95691
-69.53408
-69.43615
-71.02517
-68.29418
-70.66725
-68.16342
-70.86979
-70.97416
-80.85738
-77.06159
-94.25259
-78.34219
-89.07184
-59.58199
-48.59749
-47.34394
-47.67150
-48.90353
-51.52724
-50.81826
-47.08711
-50.90493
-51.39852
-52.95021
-55.26788
-54.69821
-56.16606
-55.44705
-56.55904
-55.59765
-56.97472
-56.10394
-57.49348
-56.74449
-57.81986
-56.12379
-59.45796
-50.22844
-47.75586
-48.72691
-48.70887
-50.14445
-50.36296
-52.07078
-52.15067
-52.73827
-52.96385
-54.09896
-54.31542
-54.34461
-54.35009
-54.71489
-55.23179
-55.30335
-55.64711
-55.38870
-56.17366
-56.11955
-56.17313
-56.17141
-56.44180
-56.14890
-56.81782
-56.57333
-53.27855
-57.60047
-57.10554
-60.51053
-78.85882
-71.15719
-77.47622
-77.25028
-82.37586
-83.26675
-88.84083
-89.68596
-89.62352
-99.67279
-86.97792
-100.06201
-82.84604
-85.06567
-65.17509
-51.43711
-52.64577
-52.33237
-52.73354
-52.67107
-52.45847
-55.11705
-54.32601
-56.48537
-57.46322
-58.96292
-57.65818
-58.31579
-57.88085
-58.47957
-58.45678
-58.62524
-58.59698
-59.07417
-59.92015
-59.98546
-60.66577
-60.81246
-61.35464
-61.66264
-62.86856
-63.12800
-64.43553
-64.51260
-66.35656
-66.54432
-68.41312
-68.91181
-72.26189
-73.55282
-79.54156
-87.26220
-91.92958
-91.83141
-88.70150
-99.60506
-91.46719
-104.47157
-89.80330
-93.89099
-87.10279
-88.58453
-83.21013
-81.21085
-64.44419
-58.26759
-61.69911
-65.55522
-69.06748
-71.95033
-72.40495
-74.10406
-69.80647
-70.63156
-74.10701
-81.07376
-81.55743
-84.03848
-90.05602
-85.13290
-106.21328
-82.55773
-77.18309
-56.45854
-54.27016
-55.15897
-56.26614
-53.75264
-55.86894
-50.65327
-47.43551
-51.50537
-49.99940
-50.26394
-51.36018
-52.53588
-52.56065
-52.94113
-54.27859
-53.79723
-54.58302
-54.58840
-54.71126
-54.18359
-55.32253
-56.69908
-52.60354
-52.52119
-52.52132
-52.95427
-54.83452
-54.55076
-55.50842
-55.36995
-56.32375
-56.22250
-56.89830
-56.28503
-56.58352
-56.99387
-57.39941
-57.46825
-57.06777
-57.02830
-57.51300
-57.55043
-57.09881
-57.52840
-57.63890
-58.11750
-58.14542
-59.43033
-57.25558
-59.14845
-57.38870
-56.43722
-65.75064
-71.81892
-75.09988
-76.49563
-68.33582
-60.71011
-57.58398
-58.45633
-60.49892
-62.45531
-63.80478
-65.16742
-69.34621
-69.52842
-78.75197
-58.26553
-51.79717
-52.56782
-51.23113
-52.59988
-54.06456
-51.40685
-53.22742
-54.85094
-55.43978
-58.23860
-58.75137
-58.46373
-58.59542
-58.96399
-58.50014
-59.13585
-59.03371
-59.41210
-59.44026
-59.98949
-60.01788
-60.28488
-61.00081
-61.18147
-61.75840
-62.08440
-63.17447
-63.48007
-65.60784
-65.88934
-67.66831
-68.24147
-70.58841
-69.22289
-64.57934
-61.72349
-62.28193
-63.73564
-65.04881
-65.58480
-66.32500
-66.12590
-67.32248
-66.86942
-68.10956
-69.97021
-70.04731
-71.23641
-70.47069
-71.67905
-59.24651
-59.10790
-63.54762
-67.07906
-68.72410
-71.43432
-70.56484
-73.02962
-71.47746
-73.68982
-72.25152
-76.75159
-76.23507
-81.32291
-81.26188
-88.89749
-82.68656
-90.54942
-58.37010
-48.31394
-48.32107
-47.16713
-50.96637
-49.78222
-50.26491
-51.88509
-48.49709
-52.98419
-53.37045
-54.91725
-54.20494
-55.34937
-55.99310
-56.39752
-56.64650
-56.62842
-56.69420
-55.96256
-57.37088
-56.03098
-58.78526
-52.52512
-48.12375
-49.01039
-49.33528
-50.60865
-50.87166
-51.84243
-52.51109
-53.05528
-54.21915
-54.29795
-54.63067
-54.48969
-54.81280
-54.57199
-55.42606
-55.15584
-55.85048
-55.68215
-56.31738
-55.87338
-56.73952
-56.13448
-56.62825
-56.36794
-56.70152
-56.04177
-57.43369
-57.27304
-54.76085
-61.59757
-67.30489
-70.53187
-75.70737
-79.34605
-78.45362
-86.38468
-82.04358
-97.18220
-81.99914
-93.22396
-81.00687
-85.00310
-77.71672
-76.45646
-57.81978
-51.24050
-52.98376
-51.74720
-53.12198
-52.58697
-54.30087
-52.07196
-50.99606
-54.18243
-55.13385
-55.61988
-56.46491
-56.65461
-56.79963
-57.33710
-57.12524
-58.06947
-58.33399
-58.80615
-59.10740
-59.53102
-59.78489
-60.54053
-60.02498
-59.52895
-59.57507
-60.38450
-60.97770
-61.11259
-61.84830
-62.46306
-63.55592
-63.41503
-66.17502
-71.03737
-73.14157
-78.12520
-82.85806
-90.31267
-87.52669
-72.37711
-60.60899
-58.67435
-59.59816
-60.52762
-60.52079
-60.43525
-60.25515
-68.52014
-77.18306
-59.48594
-58.77722
-63.57130
-66.45889
-68.57845
-68.93956
-69.44747
-68.33807
-68.39752
-71.72616
-71.83668
-72.44345
-71.97279
-81.14701
-76.92838
-99.64650
-65.96424
-60.38772
-57.61682
-54.37920
-53.59010
-56.40744
-53.96225
-55.34251
-50.83619
-46.81565
-50.82832
-49.54553
-49.66268
-51.73872
-51.83115
-52.66303
-53.24507
-53.03448
-54.29922
-54.38329
-54.12551
-54.50745
-55.45282
-54.57028
-56.72809
-56.23451
-52.06846
-52.70296
-51.86043
-53.03598
-53.86454
-54.86210
-55.43728
-55.83375
-56.14238
-56.30258
-56.17419
-56.56121
-56.63043
-57.02641
-57.26389
-56.78058
-57.27786
-57.69841
-57.72549
-57.45699
-57.71143
-58.16249
-58.35672
-58.48161
-58.21556
-59.57630
-56.21947
-53.87126
-60.13132
-61.22509
-67.19909
-75.73120
-74.56032
-80.22799
-77.10284
-73.95230
-65.09918
-65.15465
-65.00330
-67.63255
-66.59171
-71.28904
-68.53465
-71.53553
-56.57448
-51.13608
-52.37925
-51.61971
-53.48341
-54.39948
-52.98766
-52.21634
-53.14415
-55.89421
-55.28510
-56.24453
-56.78347
-56.53703
-57.25078
-57.73453
-57.58888
-57.56744
-57.90816
-57.89463
-58.18342
-58.81856
-59.25727
-59.76591
-60.38279
-60.88212
-61.93835
-62.45446
-63.43294
-64.26590
-65.79265
-66.06588
-67.93629
-62.73932
-59.36167
-59.41077
-59.46190
-59.48661
-59.54602
-59.71782
-60.20628
-60.58900
-60.98211
-61.07921
-60.85404
-61.73249
-61.54466
-62.19060
-61.48360
-62.54399
-60.55653
-57.41094
-59.23179
-61.88693
-61.87220
-62.86117
-62.69417
-63.75962
-62.70726
-64.26683
-62.96005
-63.72080
-65.70543
-73.95672
-76.25929
-85.48774
-82.95879
-63.00007
-61.07371
-55.12887
-48.36187
-47.50969
-47.89494
-48.98964
-53.61494
-47.76525
-49.95936
-51.20612
-51.38236
-55.48019
-54.87142
-56.62158
-55.12767
-56.93360
-56.15097
-57.73817
-57.21704
-57.63905
-57.05315
-57.60691
-57.12931
-57.61699
-50.33524
-47.96845
-48.62228
-49.05618
-49.70069
-50.42631
-51.84335
-52.06345
-53.44643
-53.53705
-54.20306
-53.68396
-54.45479
-54.23754
-54.70522
-55.35808
-55.47370
-55.49106
-55.54500
-56.24903
-56.21608
-56.22921
-56.00371
-56.48697
-56.16922
-56.47175
-56.71476
-56.76174
-58.26632
-55.61827
-60.32396
-73.73314
-69.93509
-75.99533
-74.41989
-81.11854
-82.62104
-87.03192
-88.19353
-85.40577
-100.17662
-83.71398
-92.10798
-80.17636
-77.60106
-57.81624
-51.11211
-53.00106
-51.82820
-54.11472
-52.81870
-52.71722
-55.01158
-53.86949
-57.77542
-60.48880
-59.66891
-60.95649
-60.52649
-60.72286
-59.93357
-61.21252
-61.01009
-60.89264
-60.50909
-59.40039
-60.39867
-58.86351
-63.95576
-50.05624
-48.34766
-50.77866
-50.17153
-53.32592
-53.74902
-53.65198
-51.23968
-51.73587
-52.51325
-52.58671
-51.83874
-52.14496
-52.51971
-52.04069
-52.39877
-52.69203
-52.82334
-52.00222
-53.11530
-52.83949
-53.54018
-52.67418
-54.28022
-53.09456
-57.45206
-63.68379
-74.82116
-57.99049
-45.74434
-48.86400
-50.15678
-48.81337
-49.56516
-46.37811
-44.02231
-46.54754
-51.63287
-53.06920
-54.02728
-54.18317
-56.82814
-70.79697
-71.65141
-80.97342
-54.97460
-47.99273
-47.54925
-48.27367
-49.46116
-49.52093
-50.87048
-49.75647
-51.98626
-55.48502
-56.19905
-56.60478
-57.61287
-56.86116
-57.91796
-57.52357
-57.78359
-58.38886
-58.08678
-59.15542
-58.57619
-59.43502
-58.65592
-60.93212
-60.52366
-61.84061
-61.97190
-62.98802
-63.65874
-64.29034
-65.43865
-66.32676
-68.10651
-66.91644
-67.13510
-68.48059
-71.57873
-74.95350
-80.57138
-76.61092
-71.91244
-67.99627
-69.45267
-68.35930
-68.54663
-68.21556
-68.02422
-67.74274
-66.50007
-66.64429
-59.18488
-57.21774
-59.90119
-62.71832
-63.07268
-65.06227
-62.69631
-64.04251
-63.25745
-64.61865
-64.06394
-64.95979
-64.43389
-66.02786
-65.46145
-66.25816
-65.67029
-66.01844
-64.57835
-49.53522
-51.59543
-54.40292
-53.54636
-53.91430
-56.51399
-52.49177
-47.24006
-47.72149
-48.58439
-50.22889
-50.82291
-50.92032
-50.16917
-51.25351
-51.57805
-52.43632
-53.09911
-54.31704
-54.74341
-57.07027
-56.12585
-61.47538
-49.64875
-46.42616
-51.13130
-48.83962
-49.47841
-50.01748
-49.99091
-49.17452
-49.80002
-50.20851
-50.68292
-50.86753
-50.71187
-50.67183
-51.27889
-52.40062
-52.37293
-52.62361
-52.34855
-53.72225
-53.97424
-54.81518
-54.02085
-55.31485
-55.06187
-57.66345
-54.65053
-53.92230
-59.88831
-55.41685
-58.57651
-61.22128
-58.13350
-59.39508
-60.07234
-61.49810
-61.59615
-62.10807
-61.92181
-62.48819
-63.00022
-62.79268
-64.09519
-62.32932
-65.56886
-56.21328
-53.59683
-57.81311
-57.76602
-56.81183
-58.02700
-47.60057
-43.40507
-45.23631
-48.47461
-53.13589
-53.00028
-53.30196
-53.51242
-55.20329
-57.46834
-58.28206
-58.07268
-57.34201
-58.41789
-58.35764
-58.96131
-57.93155
-58.57898
-58.61598
-59.24328
-58.61017
-59.49641
-58.73343
-59.63266
-59.15743
-59.81342
-59.29741
-60.06816
-59.73040
-59.76072
-59.56540
-59.41926
-59.86507
-59.32046
-61.49615
-50.62628
-50.99654
-54.90378
-53.96560
-55.79131
-56.31568
-57.11296
-58.05385
-58.67664
-57.65817
-54.25707
-55.54350
-59.91000
-57.49050
-59.00930
-57.14525
-58.43013
-58.24598
-58.31040
-58.35498
-58.47841
-58.25069
-57.65726
-58.07007
-57.57705
-58.46938
-57.51435
-59.34978
-54.23418
-55.71160
-59.49009
-58.12190
-57.54386
-55.14752
-56.07763
-57.83924
-58.90332
-59.15842
-59.53278
-59.97731
-60.03350
-60.30833
-60.31705
-60.27214
-60.50395
-60.74454
-61.29075
-61.35340
-61.42202
-59.96191
-61.78254
-62.02384
-62.39873
-62.67670
-63.21227
-63.05759
-63.72139
-63.21230
-63.78231
-63.68255
-63.95454
-63.98411
-63.48888
-62.72827
-61.85998
-62.83743
-61.78705
-68.04560
-53.69383
-51.06506
-52.15715
-51.59134
-53.19754
-53.57699
-55.02086
-56.42793
-56.05774
-57.76574
-54.33900
-53.34816
-56.40965
-55.52500
-57.29491
-56.91003
-57.63616
-57.63416
-58.47010
-58.01310
-58.69510
-60.11569
-59.75381
-60.47435
-61.04401
-63.42242
-62.69230
-64.00804
-58.52522
-57.12442
-59.30430
-57.98036
-58.41276
-57.70380
-55.15526
-53.60324
-53.97243
-55.39985
-54.94030
-56.05213
-56.12703
-55.46490
-56.52139
-56.70941
-56.89727
-57.15724
-57.41319
-58.00333
-58.32154
-58.62578
-58.61753
-59.31115
-60.48592
-60.94877
-61.77078
-61.89420
-63.14248
-63.40852
-65.02088
-65.62396
-67.28589
-68.42189
-68.40687
-67.75442
-68.79753
-71.47723
-74.89202
-78.83743
-70.74029
-69.21330
-67.95110
-70.37206
-68.08687
-69.86268
-66.84654
-69.33745
-65.30505
-69.58211
-60.62643
-55.11355
-60.00836
-62.24592
-63.71018
-65.04263
-63.65568
-61.69913
-63.82778
-63.86691
-64.14921
-64.18142
-64.85772
-64.58635
-66.67696
-64.74935
-67.00035
-64.18701
-68.95066
-60.02178
-50.27239
-52.28185
-54.98940
-54.17432
-56.05870
-50.83070
-47.98319
-48.09276
-47.80236
-49.92112
-50.99890
-50.50762
-50.66135
-50.66267
-51.70676
-51.74511
-53.31831
-53.70066
-55.03516
-55.64583
-56.80927
-57.24191
-46.61587
-47.46868
-50.55484
-48.56977
-49.65796
-50.19393
-49.99255
-49.26680
-50.01967
-50.28985
-51.08199
-50.83950
-50.97678
-50.74823
-51.83447
-52.41736
-52.56155
-52.33340
-52.78664
-53.59877
-54.42310
-54.53601
-54.36802
-55.09084
-55.71567
-56.97860
-56.59857
-54.14290
-52.60198
-59.90019
-59.00758
-57.50699
-61.11112
-58.93584
-60.30482
-61.73098
-61.99359
-62.07877
-62.49956
-62.77950
-63.18972
-63.20509
-63.86413
-62.94461
-63.99404
-60.11909
-54.36520
-56.55865
-57.87775
-56.59785
-58.61607
-46.98730
-43.40527
-45.06371
-48.63907
-53.13377
-53.06159
-53.58534
-53.47995
-55.07977
-57.24280
-58.34549
-57.66772
-57.56361
-57.56792
-58.90202
-58.99527
-58.12373
-58.42221
-58.67302
-58.97814
-58.82198
-59.43478
-59.08076
-59.70254
-58.79875
-59.80422
-59.05205
-60.27527
-59.30706
-60.41042
-58.78632
-60.41375
-58.63037
-61.62684
-55.93077
-49.32828
-54.01995
-54.69564
-54.60835
-56.05705
-56.58624
-57.39042
-58.34807
-58.52414
-60.31202
-55.67854
-54.66705
-60.88810
-57.57455
-59.26453
-58.84411
-58.15334
-57.91719
-57.75531
-57.90777
-58.27954
-58.18353
-57.90212
-58.40689
-57.81177
-58.73894
-57.70697
-59.39553
-54.95032
-54.14349
-58.99317
-58.68127
-55.99744
-53.91369
-55.84686
-57.07979
-58.12526
-58.49664
-58.74789
-59.31928
-59.05774
-59.29874
-59.72834
-59.97234
-59.90795
-60.73827
-60.58767
-60.89776
-61.14609
-60.95008
-60.30806
-62.00039
-61.92661
-62.39181
-62.40858
-63.20669
-62.92185
-63.29229
-63.27015
-63.76688
-63.50252
-64.01391
-63.72704
-62.44397
-61.46198
-62.07581
-63.03980
-66.47045
-67.11779
-51.79119
-50.97600
-52.09868
-51.92147
-53.64361
-54.19297
-55.49292
-55.91392
-57.18436
-55.36078
-54.97604
-54.68383
-56.01644
-56.13832
-56.87267
-57.14925
-58.15413
-58.07814
-57.31462
-59.38492
-59.54824
-60.14526
-59.36286
-62.21444
-61.78308
-62.51662
-62.05390
-64.80561
-57.88172
-54.33436
-58.67877
-58.37981
-60.81269
-59.19651
-59.05502
-63.21533
-65.85173
-70.85304
-71.32377
-74.01059
-73.63261
-75.68155
-75.43847
-75.90133
-75.85397
-77.31596
-77.17638
-78.54641
-78.97471
-78.50834
-76.72083
-79.81479
-80.23229
-81.30883
-81.94952
-82.91850
-82.55062
-83.68207
-82.65180
-86.11297
-84.95413
-92.75614
-72.60661
-65.83585
-65.76813
-65.61820
-75.70041
-76.70104
-73.30973
-70.17938
-76.98373
-74.34953
-82.74954
-76.89339
-87.74351
-79.63773
-117.27466
-74.44363
-55.36744
-58.51768
-63.69816
-65.54949
-79.12631
-69.29089
-66.10985
-66.97784
-68.52282
-69.33727
-71.61591
-71.45947
-73.61866
-73.83253
-74.53034
-75.83068
-75.80109
-78.40146
-71.27313
-66.77812
-64.27528
-66.06607
-62.99852
-58.33044
-52.12352
-48.71160
-47.37491
-47.72604
-49.68009
-50.30904
-51.09136
-50.19353
-50.95646
-51.28528
-52.20426
-52.53643
-54.08867
-54.22266
-56.13935
-56.27985
-59.02183
-56.02080
-45.95316
-48.16894
-50.05055
-48.49892
-49.58468
-49.99638
-49.55791
-49.17158
-50.05876
-50.31744
-50.96537
-50.64604
-50.82591
-50.83508
-52.00621
-52.38785
-52.52534
-52.32737
-52.98544
-53.90986
-54.30739
-54.53084
-54.45036
-55.28410
-55.59834
-57.62587
-55.06421
-55.31182
-54.95362
-56.24949
-62.30840
-58.07203
-59.51301
-59.77343
-60.88179
-61.58972
-62.03493
-62.11021
-62.34955
-63.19674
-62.64812
-64.14639
-62.71182
-64.87239
-59.66791
-54.56043
-54.87117
-58.08046
-55.71007
-62.18530
-52.00265
-45.40956
-45.84286
-47.43255
-52.03785
-53.41232
-53.22746
-53.86654
-54.70417
-56.93450
-57.90848
-58.43845
-57.11578
-57.67355
-58.28890
-58.84443
-58.13400
-58.19900
-58.37454
-59.02362
-59.23093
-59.00010
-59.28683
-59.34326
-59.56107
-59.14215
-59.68874
-58.95331
-60.30817
-59.46636
-60.34809
-59.16089
-60.59644
-58.74907
-61.93607
-55.49541
-49.80458
-53.79390
-54.05360
-55.07555
-56.01086
-57.11944
-57.67137
-58.24742
-58.88345
-57.73560
-54.74478
-56.13911
-60.71980
-56.93601
-58.39044
-58.11137
-59.29373
-58.78542
-58.44184
-57.56109
-57.66100
-57.44388
-57.74509
-57.87693
-58.13679
-58.54882
-58.02872
-60.31877
-54.94826
-55.73629
-58.61928
-57.16899
-57.14290
-56.28877
-56.87328
-57.92213
-58.56911
-59.28205
-59.78525
-59.68562
-59.69391
-60.02835
-60.14371
-60.33165
-60.33284
-60.85840
-61.01675
-61.25688
-60.67232
-60.72933
-61.83008
-61.91123
-62.50016
-62.24863
-62.84987
-62.82444
-63.60124
-62.62487
-63.97055
-63.05999
-64.53215
-63.68052
-64.59306
-63.20653
-64.87138
-63.78694
-70.16787
-65.37277
-51.30810
-51.74990
-52.29906
-52.15052
-53.30434
-53.80565
-55.88524
-56.13913
-56.49263
-56.30230
-53.26708
-54.70339
-56.34781
-55.98082
-57.33423
-56.66803
-57.89942
-57.68880
-58.47228
-58.82289
-59.33130
-59.94353
-59.95842
-60.93833
-61.91293
-62.01967
-63.14797
-63.46671
-61.81409
-56.48569
-57.70618
-58.75159
-59.67255
-70.19384
-76.67345
-85.19892
-83.00674
-88.46842
-80.14790
-87.94435
-88.42958
-111.86746
-92.11181
-106.97172
-93.05192
-108.25980
-98.16781
-113.51379
-106.87332
-117.49938
-112.34657
-113.59400
-134.98067
-108.75973
-115.99152
-105.89544
-109.38459
-103.25866
-104.10662
-101.19583
-92.27650
-60.84332
-60.09448
-64.82425
-67.72299
-73.89444
-77.78181
-86.62012
-72.83658
-72.57130
-75.25521
-79.76242
-77.99205
-82.12276
-78.41879
-91.20321
-79.12213
-88.03501
-64.65455
-57.76928
-61.55520
-65.83927
-70.02320
-70.49468
-70.15710
-67.19287
-67.73043
-68.72272
-69.79281
-71.21502
-71.96360
-73.00602
-73.20496
-74.69143
-74.23847
-76.15339
-72.55980
-71.42479
-72.50258
-74.05991
-72.97739
-60.29133
-53.31837
-49.23029
-47.59982
-47.30925
-49.23232
-50.20047
-50.99961
-50.44136
-50.42368
-54.31294
-60.91746
-70.73118
-49.97137
-48.97518
-50.58332
-50.31878
-53.45852
-54.17105
-53.32814
-51.13706
-51.83956
-52.49723
-52.70589
-51.80121
-52.24717
-52.24187
-52.12404
-52.18268
-52.63656
-52.60888
-52.41131
-52.94464
-53.14549
-53.18555
-53.17511
-53.74005
-53.95206
-53.99740
-54.07955
-54.48340
-54.74048
-54.88377
-55.07360
-55.41170
-56.19025
-54.91076
-54.77460
-56.01035
-56.20111
-56.98442
-56.74938
-57.59552
-57.37702
-58.12325
-57.98236
-58.67105
-58.56994
-59.06889
-59.18046
-65.75561
-77.05808
-88.59330
-77.33327
-55.85087
-54.66074
-58.45916
-56.85548
-57.92123
-57.55172
-47.38401
-45.11519
-46.37482
-49.88415
-53.39664
-52.42438
-53.46310
-53.73397
-56.09306
-57.59012
-58.34293
-57.58069
-57.71063
-57.97295
-58.97154
-58.49077
-57.74491
-58.45953
-58.93272
-59.19865
-59.01911
-59.12723
-59.25784
-59.72654
-59.11593
-59.96256
-59.32964
-60.02972
-59.64451
-60.36123
-59.60987
-60.22733
-59.51176
-60.31938
-59.87831
-50.20287
-52.32550
-55.00482
-54.25310
-56.20802
-55.40605
-57.77104
-56.66108
-61.19677
-54.47358
-56.00636
-57.95689
-56.25685
-60.96692
-57.87133
-58.32688
-58.74715
-58.78361
-58.31421
-58.25622
-57.82073
-58.15712
-57.55827
-58.62673
-57.68986
-58.72421
-57.37007
-60.56029
-56.39025
-54.53586
-58.50599
-57.64878
-56.70902
-54.34317
-57.06312
-57.99160
-59.00981
-59.25361
-59.31381
-59.68514
-59.52237
-60.08300
-60.31868
-60.23894
-60.62339
-60.91359
-61.06330
-61.00520
-61.28314
-60.52712
-60.51724
-62.22087
-62.06578
-62.22364
-62.72422
-63.11875
-63.73797
-62.81768
-63.69884
-63.40714
-63.82832
-63.80935
-62.87942
-64.11218
-63.87493
-64.79184
-67.19426
-74.40496
-53.21062
-50.49256
-52.12441
-51.45569
-53.21680
-53.89611
-55.02223
-55.95935
-56.00214
-57.43946
-54.77035
-54.33497
-56.12275
-55.80609
-57.22076
-56.47535
-57.17083
-57.77981
-57.97047
-58.36105
-59.08527
-59.95338
-60.66749
-61.25249
-61.45968
-62.35658
-62.60923
-63.25656
-63.70584
-65.01535
-71.21945
-79.60111
-83.16126
-60.94055
-57.90207
-62.13201
-64.96825
-69.72566
-70.36175
-74.44560
-74.24303
-77.64912
-77.77513
-80.02804
-80.43078
-82.49489
-82.89620
-84.15651
-84.52352
-86.90856
-79.84107
-78.87232
-90.52708
-85.54059
-94.83588
-86.35017
-92.50685
-86.44481
-91.87984
-85.50144
-86.41310
-82.42587
-83.32401
-81.94068
-83.47236
-83.20810
-84.05582
-84.84697
-82.58241
-85.53585
-83.45797
-86.67223
-82.89545
-88.96420
-81.76960
-93.51017
-79.28373
-88.06499
-63.63219
-58.06934
-62.88039
-66.24589
-71.99506
-75.73831
-80.63421
-77.26701
-79.51403
-79.38379
-81.37984
-80.91978
-82.54441
-81.51491
-82.00018
-80.22985
-80.33732
-79.65938
-80.32172
-79.38343
-79.96691
-78.74374
-79.68238
-73.86366
-58.89175
-59.60345
-64.73186
-68.59234
-74.81494
-77.60616
-77.78378
-71.84532
-76.08792
-77.15235
-78.15376
-76.04819
-75.94180
-74.50941
-74.19288
-73.41274
-74.05334
-75.08796
-76.71278
-79.29533
-80.43167
-82.06022
-80.60848
-81.21098
-80.44010
-80.23881
-78.93115
-78.45947
-77.49066
-74.47743
-69.97586
-71.66697
-75.73316
-78.80102
-80.77455
-79.91200
-80.72012
-79.92027
-83.62983
-80.91930
-84.07029
-77.88488
-82.11084
-75.14739
-84.33709
-65.64523
-58.43256
-61.89246
-65.35728
-70.29875
-74.98941
-76.36911
-76.87941
-72.17437
-74.47400
-79.59096
-82.61844
-80.80340
-81.24252
-80.14135
-80.67128
-81.28161
-80.31046
-82.30779
-79.56509
-82.38817
-76.62859
-88.74352
-62.28783
-57.98346
-63.16796
-65.99207
-72.26126
-75.54083
-80.54547
-81.53380
-81.87130
-84.16120
-85.17025
-86.92422
-85.27767
-89.57558
-84.09394
-84.95913
-83.13824
-78.47033
-79.89123
-89.50290
-83.95619
-86.95970
-82.97912
-85.71613
-83.63344
-85.04605
-82.58643
-82.81143
-83.24683
-74.67190
-72.05562
-75.47126
-76.76089
-78.77608
-80.02748
-79.85757
-83.04467
-81.89643
-85.85353
-83.32679
-93.53413
-82.67791
-97.40702
-79.47152
-85.65210
-65.51988
-57.84254
-61.83103
-65.93001
-71.20948
-76.26172
-80.02079
-80.45470
-80.51447
-81.04468
-82.53199
-84.30464
-81.27048
-82.34678
-81.23887
-84.54728
-80.78883
-82.78519
-80.66374
-74.28709
-74.01693
-75.53044
-76.15501
-77.40966
-78.05691
-79.40595
-80.15407
-81.12408
-81.90981
-83.45457
-85.71628
-85.38239
-88.41884
-86.76930
-94.33301
-82.27948
-72.60918
-74.84457
-77.71020
-78.85907
-80.81271
-81.03720
-82.05047
-83.26113
-85.49066
-85.31175
-85.87424
-85.79274
-86.57913
-87.51732
-88.37318
-89.03472
-88.38305
-91.13980
-89.05531
-91.51348
-88.74216
-95.25148
-84.78107
-73.77172
-73.61909
-74.19846
-74.81864
-75.54014
-76.05210
-77.24961
-78.17734
-78.88241
-79.62307
-80.18105
-81.35082
-81.88666
-83.43355
-83.83952
-85.08298
-84.93661
-86.57990
-85.64722
-87.50180
-87.85717
-89.34187
-87.47551
-88.16736
-87.65669
-87.74997
-88.55986
-88.85759
-91.59965
-89.67227
-96.27082
-89.42130
-105.25888
-86.45446
-105.49712
-62.60447
-58.95685
-60.23931
-60.24266
-61.19945
-61.41618
-63.13579
-63.32371
-64.58601
-64.88100
-66.64955
-66.28398
-67.09644
-68.71041
-72.60933
-71.95518
-75.52691
-67.05039
-63.46436
-67.54537
-65.61913
-67.90134
-67.89856
-67.74971
-68.32972
-69.29627
-68.42294
-69.11043
-71.42049
-69.94011
-72.00757
-73.00467
-73.30603
-70.75935
-60.58434
-57.98167
-59.50904
-60.95047
-62.29568
-62.76360
-65.55024
-66.88778
-66.67195
-67.36620
-67.41984
-66.38636
-70.38659
-71.45067
-68.54662
-70.44074
-63.19070
-60.43596
-61.84354
-61.77887
-62.95005
-64.01931
-64.42172
-63.93105
-64.48304
-65.61808
-66.96048
-67.80803
-68.26538
-68.18498
-68.21805
-69.46228
-69.25976
-72.00873
-62.22453
-58.18154
-58.09798
-58.60778
-59.76264
-60.05416
-61.28261
-62.27083
-63.46113
-63.81857
-64.74833
-65.13974
-66.05068
-67.07387
-67.69364
-69.99091
-70.01301
-69.28890
-61.11911
-59.58201
-60.51162
-60.10797
-60.96255
-61.96374
-63.26191
-64.90793
-70.03556
-70.52607
-71.15419
-71.38509
-71.64279
-71.28560
-72.12277
-71.09168
-73.59376
-65.30052
-58.93451
-58.95286
-60.87477
-63.79318
-64.74112
-65.99155
-67.95534
-70.67443
-72.21626
-72.23288
-72.30626
-69.09197
-65.41726
-65.51652
-65.63030
-66.14848
-67.53365
-63.20818
-60.87066
-63.48356
-67.26194
-67.92320
-70.15625
-69.33261
-70.52215
-68.73089
-70.21553
-69.15441
-71.70785
-69.87105
-71.04712
-65.16898
-57.63117
-62.51291
-62.56772
-65.25716
-67.86816
-68.19770
-70.76111
-70.20262
-70.24350
-70.73616
-69.21186
-59.11762
-67.04594
-71.17027
-70.64276
-71.87483
-66.95702
-68.87730
-61.41381
-59.52848
-61.15513
-63.57184
-64.64053
-64.69064
-64.75043
-65.07651
-65.92522
-66.55546
-67.42759
-67.14343
-67.92069
-67.38720
-68.16512
-67.15482
-60.19548
-61.15010
-62.28955
-64.79610
-65.81478
-66.90578
-67.09485
-66.92516
-67.24379
-67.78871
-66.63995
-58.19749
-60.23004
-64.30848
-65.73260
-69.85586
-67.93759
-65.01193
-63.17677
-59.89593
-60.52522
-62.54479
-64.11105
-64.21309
-63.98069
-64.79868
-65.31283
-66.50414
-65.93293
-66.42125
-66.44502
-67.82269
-66.19332
-67.93918
-60.53675
-59.03114
-62.60641
-65.21780
-64.53512
-66.62654
-66.38299
-67.14880
-66.14831
-68.52993
-65.98813
-59.49626
-67.37928
-70.77502
-69.86597
-71.49824
-67.38846
-65.70019
-68.60191
-65.38030
-63.82527
-64.04407
-65.28918
-65.48478
-66.99302
-66.16414
-66.62129
-69.94439
-68.98441
-69.09396
-67.56785
-71.19901
-68.21735
-73.34774
-60.67978
-61.96349
-67.82815
-60.93557
-62.56669
-63.39241
-63.72674
-64.07587
-64.97981
-65.29273
-64.84282
-66.22990
-61.62718
-59.82200
-62.70944
-68.21699
-71.05036
-67.27454
-75.16426
-69.92320
-60.44398
-58.78234
-58.79720
-65.73188
-88.72417
-84.08394
-90.13958
-76.79158
-68.82258
-68.67295
-69.41178
-68.03456
-67.27701
-68.83034
-65.12180
-58.37551
-55.44985
-53.03897
-55.50114
-55.60798
-55.76964
-56.94277
-55.92347
-56.67652
-56.30794
-56.64999
-53.48701
-55.37602
-56.68699
-57.00267
-57.78652
-58.47229
-58.75220
-59.23039
-59.75499
-60.35448
-60.86383
-63.02232
-61.33909
-64.18164
-62.77282
-69.32164
-65.48183
-73.62666
-62.49902
-49.34262
-52.81244
-54.58877
-54.35771
-53.52247
-55.81217
-55.54976
-55.27508
-56.76241
-57.06639
-59.48918
-57.36103
-58.24096
-57.98891
-58.35515
-56.97704
-57.19606
-58.09957
-59.43074
-60.04343
-59.57468
-59.37715
-60.00063
-58.66333
-59.91184
-59.97964
-61.07320
-61.49059
-62.58505
-62.21543
-64.56059
-64.14055
-70.58469
-54.84973
-48.22360
-47.51954
-47.70161
-49.27106
-55.00330
-60.42660
-52.88277
-54.12332
-53.92709
-54.35078
-54.96551
-55.63327
-56.38616
-57.40720
-57.26400
-56.13794
-58.22636
-57.83051
-57.77503
-57.68133
-58.49319
-58.58706
-59.31141
-58.39179
-59.26145
-58.70020
-59.65494
-60.17262
-61.50832
-62.09147
-65.01437
-67.18105
-68.18891
-68.87278
-70.15114
-71.15064
-70.50434
-73.05900
-61.32760
-54.25668
-47.86659
-47.80770
-47.96749
-49.17225
-50.97366
-50.49669
-50.64366
-50.73210
-51.59944
-52.16177
-54.44512
-51.01202
-54.64553
-55.92733
-56.15745
-59.03388
-59.10234
-60.75020
-59.90136
-67.73326
-65.27928
-64.01227
-61.11727
-59.60819
-58.04521
-58.65694
-58.38933
-59.96883
-57.89695
-54.95909
-57.03048
-58.65620
-56.49457
-58.94094
-48.27709
-45.78846
-51.06728
-49.64018
-49.29091
-50.37639
-50.46335
-49.42348
-50.17050
-50.38677
-49.74746
-50.95529
-51.44421
-51.14365
-52.16642
-52.57890
-52.73977
-53.43440
-55.92814
-58.23932
-58.30563
-57.66025
-57.08446
-57.80684
-56.99264
-58.44699
-58.06761
-58.65317
-58.00663
-59.75250
-58.54818
-61.23108
-57.90750
-60.83303
-54.85259
-50.41094
-51.73513
-51.11513
-53.63576
-52.91468
-54.21935
-54.90606
-56.55636
-57.28663
-55.15661
-53.30831
-54.92395
-56.01344
-55.71033
-56.99006
-56.14587
-56.92021
-57.83332
-58.02058
-57.59006
-58.14251
-58.91994
-59.39339
-58.68783
-62.02825
-61.64631
-61.85341
-58.94009
-55.17177
-57.48230
-57.78477
-57.60666
-55.84154
-53.69551
-55.44317
-55.51058
-56.11233
-56.93410
-56.91713
-57.40019
-58.27015
-58.02924
-60.04880
-58.12636
-56.37703
-60.43045
-59.78021
-60.64921
-60.80778
-61.27068
-60.25471
-60.32750
-62.11241
-61.19403
-62.97670
-61.93797
-63.37441
-63.39036
-62.42838
-63.97752
-63.77445
-63.11510
-62.51827
-63.79339
-64.08361
-66.30716
-59.13453
-61.51136
-59.97543
-54.39326
-58.69561
-57.34118
-58.09083
-58.03853
-58.07072
-58.28719
-57.95086
-58.91731
-56.72455
-56.54556
-58.09333
-59.47389
-58.77188
-59.77480
-58.02252
-61.55287
-56.66085
-58.95836
-58.01666
-59.26904
-61.27352
-59.12592
-62.45399
-60.09024
-63.85543
-60.24883
-66.04538
-52.36969
-50.79771
-52.09735
-51.91995
-55.14769
-56.69222
-56.15293
-56.12968
-57.46730
-55.98014
-57.84678
-57.26579
-57.36019
-57.77622
-56.94572
-57.09379
-58.45321
-57.92423
-58.95504
-59.03444
-59.23852
-58.83179
-60.62545
-59.74529
-61.64668
-60.67379
-62.99003
-62.85328
-64.43131
-64.07410
-66.28818
-68.32506
-72.82239
-65.53504
-49.56739
-51.97409
-54.94034
-53.70810
-53.83133
-55.37684
-55.57692
-56.11458
-59.62219
-56.68939
-58.46010
-57.74145
-58.22459
-58.21800
-58.57162
-59.03289
-56.66371
-56.18693
-58.06799
-58.86354
-59.52185
-59.79017
-60.43224
-59.44947
-60.00838
-60.57749
-60.97579
-62.38295
-62.62087
-63.43157
-63.27811
-67.59514
-66.37861
-72.30851
-56.67167
-48.44961
-47.79361
-47.76155
-49.82530
-54.81707
-54.25792
-54.89854
-56.97316
-55.67467
-57.14626
-56.43647
-55.79426
-56.37139
-57.13653
-56.91414
-53.87126
-56.80534
-58.55928
-58.78608
-59.01268
-58.89269
-59.08337
-58.01790
-59.11584
-59.19271
-59.96785
-61.25407
-62.23564
-62.28049
-64.75483
-66.55012
-67.93951
-68.33659
-70.46368
-70.73830
-72.65892
-72.19960
-73.80029
-57.29997
-49.00053
-47.66052
-47.77348
-48.99108
-50.63454
-50.92602
-50.82629
-50.46496
-51.79671
-51.42105
-53.96497
-56.71324
-52.48050
-55.90132
-56.93878
-56.69482
-60.72391
-62.37365
-62.68851
-61.26683
-62.36208
-60.69489
-60.74419
-59.43224
-61.12677
-60.48107
-61.63081
-59.39781
-58.93751
-53.77114
-56.22042
-58.36874
-58.17267
-56.75923
-44.82358
-47.24917
-52.00286
-48.64839
-49.64256
-50.27381
-50.05536
-49.40549
-50.41402
-50.42745
-51.71797
-51.78299
-51.08473
-51.45425
-52.19916
-53.05070
-52.91277
-53.18728
-54.05830
-53.55122
-53.36926
-54.16272
-53.74549
-54.24721
-54.55731
-56.05259
-55.74950
-56.42276
-56.40993
-57.28445
-57.57870
-58.58146
-60.30033
-58.41469
-60.22918
-53.38082
-51.34158
-51.02336
-52.32116
-52.56831
-53.87533
-55.15295
-55.28622
-55.96141
-56.18745
-55.42180
-54.13412
-56.52735
-55.22680
-57.04015
-56.13071
-57.25234
-57.44287
-57.19266
-58.60947
-58.33434
-58.73448
-60.20123
-60.35762
-60.01911
-61.14953
-62.59047
-60.46885
-55.25296
-56.79983
-57.06690
-57.44543
-57.85537
-54.84836
-55.69394
-57.22505
-57.78254
-57.91111
-57.98266
-57.27073
-58.01366
-58.06100
-58.81581
-56.77255
-55.29166
-60.22561
-60.49511
-60.54084
-61.38658
-60.23796
-58.64414
-60.79745
-61.37352
-60.92311
-62.65137
-61.66171
-62.57599
-62.31884
-63.00307
-64.64170
-63.78063
-64.02483
-63.30559
-63.16588
-62.93619
-64.54382
-61.94261
-57.96178
-55.28932
-55.40898
-58.25286
-57.28154
-58.65438
-57.49779
-57.75665
-57.85666
-57.90997
-58.71152
-57.37986
-54.76125
-56.67692
-58.90271
-59.85423
-59.56298
-59.07510
-60.07771
-57.26304
-60.73530
-58.25111
-61.35691
-59.48472
-60.95382
-60.92511
-61.14219
-63.35248
-61.16409
-64.84980
-52.44511
-50.69358
-51.70554
-51.68349
-53.43214
-58.26620
-59.92619
-60.19602
-61.70834
-62.47764
-64.20363
-64.15085
-66.43205
-65.76962
-70.14730
-59.86217
-61.77859
-72.15365
-68.46790
-78.14626
-70.77261
-68.70175
-69.27987
-67.46630
-70.48864
-68.23343
-70.02300
-70.66008
-70.23851
-70.85575
-72.28381
-71.73363
-71.11933
-72.25404
-73.08116
-74.02816
-73.70915
-80.66341
-61.99706
-63.16626
-63.69815
-60.69502
-63.33477
-63.51992
-66.27454
-65.57925
-69.65656
-69.20211
-71.85008
-64.26519
-58.02240
-60.95014
-64.60039
-70.38728
-70.77790
-68.26601
-71.49062
-65.39841
-64.39335
-65.71461
-65.87345
-67.23115
-67.04835
-67.42709
-67.00353
-68.93920
-69.31098
-71.35932
-69.79798
-72.09525
-70.93976
-75.03783
-69.28559
-58.87961
-59.60287
-61.51949
-63.62969
-65.00600
-66.22860
-66.00930
-67.35179
-64.74987
-66.33856
-62.73054
-60.44871
-67.65537
-68.72412
-69.55886
-71.76193
-70.72007
-66.17219
-64.70040
-64.13341
-64.79226
-65.25018
-66.54101
-66.79462
-67.71311
-69.25338
-73.91850
-73.22699
-76.49292
-72.36807
-76.73855
-72.87340
-82.81378
-69.30165
-60.84543
-68.09269
-63.84833
-63.65548
-65.90351
-68.13516
-70.15721
-70.38104
-75.10163
-73.85110
-79.81689
-70.82912
-59.47226
-59.25379
-63.28856
-66.70720
-70.74835
-66.26011
-67.60049
-66.03414
-67.63265
-71.54453
-73.12561
-73.78098
-74.12352
-75.06944
-73.82240
-75.15525
-73.59883
-75.47825
-74.20260
-78.65583
-73.01948
-84.16374
-63.00607
-58.04609
-60.71003
-63.54702
-68.98734
-68.68718
-74.15581
-70.47386
-75.31084
-70.58909
-80.21166
-65.07006
-61.27592
-75.98911
-74.79993
-76.24935
-77.82702
-70.01214
-68.45548
-67.94276
-64.71750
-66.84801
-68.20261
-70.44709
-70.33625
-71.00857
-70.97703
-72.37179
-72.29803
-72.50595
-71.84675
-74.57741
-71.69821
-79.16181
-65.83238
-60.83881
-68.31922
-68.10332
-72.24361
-70.72254
-73.34328
-71.57140
-73.07433
-72.21389
-74.64583
-70.56222
-58.94123
-59.93283
-64.82306
-67.06812
-73.60547
-69.36188
-68.40674
-71.33273
-66.80826
-67.35735
-68.86888
-70.58621
-69.97415
-70.90441
-71.83072
-71.86118
-73.43462
-71.71550
-70.21820
-69.89280
-70.70466
-71.06808
-72.15080
-71.08911
-67.86204
-67.84305
-69.11739
-69.34412
-70.16655
-70.53118
-71.30971
-71.48750
-72.34480
-72.89647
-73.51585
-74.69568
-75.42060
-76.25593
-76.93467
-77.50000
-78.48680
-78.67595
-79.75418
-80.46758
-80.77274
-81.12735
-82.21986
-82.53180
-83.24451
-83.53090
-83.97543
-84.28778
-85.53397
-85.96793
-86.76552
-86.55362
-87.13921
-87.49146
-87.47123
-88.33481
-88.41054
-89.17279
-88.42364
-90.88146
-89.24441
-92.23022
-89.46689
-93.52289
-89.24132
-94.12469
-89.21109
-94.36808
-89.26850
-94.70668
-88.74295
-95.24091
-90.18705
-94.30330
-91.13449
-93.17521
-92.44953
-91.45619
-95.77867
-89.66421
-103.67050
-87.19769
-101.24252
-83.91546
-88.56571
-79.16780
-77.01765
-62.57640
-56.06642
-55.74455
-53.60342
-55.81248
-55.09722
-55.12956
-56.45329
-55.83290
-56.28054
-56.72480
-56.77769
-56.84626
-57.55127
-57.87874
-57.93826
-58.41891
-58.49614
-58.97791
-60.58120
-60.61438
-61.54561
-61.94996
-62.94243
-63.55470
-63.96209
-65.95098
-66.39940
-68.56141
-66.65059
-67.86593
-69.54674
-75.27982
-76.84883
-80.11902
-73.79413
-69.97714
-68.06330
-69.33675
-67.88439
-68.66101
-67.82801
-67.62586
-67.26319
-66.18835
-67.37580
-55.32875
-56.31853
-62.67089
-63.27810
-66.01845
-64.45825
-62.57246
-62.95797
-63.43139
-64.66087
-64.19297
-65.84584
-64.38178
-66.44547
-64.26437
-67.16288
-63.89341
-70.30831
-59.22410
-49.75658
-53.43671
-54.60624
-54.32639
-55.94566
-53.19359
-49.09507
-47.28695
-47.71950
-49.62538
-50.56931
-51.00473
-50.30889
-50.81365
-51.37440
-51.92060
-52.92081
-53.84048
-54.80729
-56.01367
-57.25501
-58.14585
-59.94246
-46.60683
-47.43057
-50.35427
-48.44116
-49.64080
-49.87793
-49.78828
-49.12964
-50.17779
-50.27060
-51.23249
-50.71128
-51.02371
-50.75222
-51.95840
-52.17933
-52.54386
-52.15022
-52.75861
-53.57630
-54.52304
-54.58842
-54.25176
-55.06565
-55.36742
-57.81623
-52.79148
-56.73216
-56.65816
-56.12590
-61.48137
-58.47578
-59.12949
-59.15455
-61.11505
-61.48451
-62.12294
-62.05007
-62.08104
-62.83276
-62.93706
-63.60595
-63.31744
-63.42890
-63.23924
-57.75421
-53.77467
-56.78189
-57.43469
-55.27969
-51.90423
-44.63144
-43.75120
-46.07299
-50.31794
-53.60486
-52.47131
-53.94569
-53.99007
-56.94069
-58.13313
-58.87081
-57.44173
-57.89567
-58.33827
-58.78287
-58.48931
-57.87243
-58.56583
-58.87024
-58.95327
-59.02446
-59.49249
-59.01891
-59.85624
-58.98392
-59.86654
-59.32780
-60.51117
-59.31479
-60.40903
-58.76177
-60.52060
-58.73311
-61.30331
-57.17662
-49.69476
-53.18017
-54.94671
-54.49133
-55.98481
-56.12217
-57.69918
-57.53341
-59.65920
-57.96240
-53.46797
-58.28850
-59.10227
-57.33739
-58.80369
-57.85631
-58.97500
-58.04584
-58.23098
-58.08474
-58.12154
-57.89458
-57.98322
-58.15473
-58.14694
-58.27103
-57.97218
-58.96549
-59.63907
-54.54323
-57.90891
-58.61058
-54.97705
-56.12713
-57.26150
-58.29690
-58.63547
-59.33072
-58.88253
-59.72292
-59.53892
-60.39857
-60.03760
-60.15666
-60.46020
-61.10509
-60.66482
-61.13887
-61.45838
-60.32395
-60.66412
-62.14834
-61.99262
-62.26597
-62.70927
-62.53933
-63.10574
-62.87104
-63.71564
-63.14693
-64.09496
-63.95782
-64.00370
-62.26824
-62.50074
-62.26208
-64.97343
-65.82137
-52.58450
-51.17405
-52.25684
-51.77441
-53.57930
-53.59180
-55.77828
-55.59335
-57.48553
-55.12770
-53.10367
-55.05681
-55.17931
-56.51097
-56.73997
-57.10055
-57.16222
-58.13813
-57.55568
-58.21009
-59.77169
-60.17526
-59.77289
-61.18933
-62.06852
-62.50849
-62.23072
-64.40837
-59.32050
-54.93259
-57.47645
-59.53029
-56.29189
-55.97120
-55.87219
-53.58528
-55.73045
-55.06676
-55.07734
-56.66617
-55.99813
-56.02471
-56.76306
-56.94366
-57.16120
-58.05339
-58.12401
-58.24225
-58.57495
-59.19338
-58.71451
-60.04553
-60.51309
-61.26558
-62.03502
-62.81252
-63.79536
-64.88509
-65.74233
-66.63019
-68.64828
-69.00468
-67.21829
-67.77368
-70.60823
-73.56126
-78.80085
-75.32709
-71.40613
-67.77120
-68.65857
-68.35547
-69.07561
-68.06934
-67.91318
-66.98200
-66.49378
-66.42808
-62.77679
-58.33453
-59.75935
-64.38438
-64.92033
-63.34776
-62.66590
-64.68442
-62.67455
-65.43303
-63.53485
-65.69411
-63.52255
-66.60006
-63.46353
-67.62190
-63.68191
-71.14258
-58.83872
-49.61389
-52.99050
-54.51315
-54.97846
-55.88784
-54.56921
-48.45957
-48.15646
-47.78946
-48.74752
-50.92767
-50.79608
-50.57798
-50.44617
-51.51725
-51.67151
-52.77881
-53.40268
-54.70658
-55.08632
-57.26253
-56.76338
-62.47652
-47.85143
-46.89215
-51.23902
-48.92038
-49.60072
-50.17858
-49.95482
-49.08519
-49.98377
-50.30049
-50.93400
-50.88302
-50.88059
-50.86598
-51.68748
-52.33713
-52.55854
-52.34870
-52.48599
-53.65912
-54.34000
-54.51540
-54.26249
-54.78093
-55.56957
-56.81735
-56.24913
-51.41406
-56.21321
-60.16802
-56.62857
-60.76050
-58.95386
-59.24354
-60.19621
-61.72741
-61.57287
-62.50061
-61.63144
-62.76614
-62.59298
-63.60716
-62.94758
-63.62258
-63.52002
-60.33820
-53.88212
-57.22584
-56.64923
-57.46391
-55.01422
-44.91753
-44.63362
-46.87084
-50.86075
-53.74444
-52.93574
-53.30314
-53.87189
-56.61263
-57.94921
-58.56374
-57.52589
-58.07708
-58.11845
-59.15274
-58.16396
-58.27541
-58.76919
-58.76861
-59.07008
-58.84136
-59.42311
-58.96439
-59.58468
-58.89621
-59.91859
-59.18570
-60.50567
-59.36003
-60.19486
-59.22516
-60.27469
-59.10813
-60.78806
-60.49721
-49.97537
-52.35895
-54.44342
-54.02263
-56.09235
-55.98116
-57.62364
-57.57169
-59.02870
-58.37268
-52.91335
-54.60714
-61.58848
-57.31264
-58.23865
-59.17885
-58.70738
-58.40152
-58.04810
-57.57060
-58.17246
-57.84750
-57.94144
-58.28247
-57.70383
-58.32823
-57.88311
-58.85084
-59.13600
-55.30355
-57.70979
-59.34749
-56.25644
-56.19478
-56.99730
-58.15393
-58.19997
-59.26449
-59.11446
-59.94270
-59.66618
-60.30416
-60.03439
-60.20033
-60.08428
-60.48922
-60.75408
-60.95887
-61.90887
-60.00215
-61.53984
-62.01829
-62.37130
-62.26562
-62.62762
-62.72194
-63.20274
-63.22416
-63.36926
-63.82144
-63.66849
-64.50165
-63.04522
-62.31600
-62.23454
-63.33382
-62.40259
-72.07492
-55.74745
-50.81392
-52.32018
-51.63492
-52.98138
-53.86280
-55.00141
-55.74167
-56.92772
-56.55062
-55.15751
-55.49374
-55.42817
-56.54372
-56.60195
-57.14191
-57.33049
-57.04371
-57.72553
-58.75585
-60.01822
-59.67293
-60.11250
-61.23575
-62.38678
-61.89170
-62.48576
-62.80976
-64.70918
-56.62286
-54.92673
-59.20017
-57.43043
-58.37454
-52.15619
-49.76655
-52.26459
-52.46588
-52.74050
-53.06952
-52.71817
-53.05267
-53.10866
-53.87032
-53.86759
-53.89979
-54.58801
-54.40950
-54.91565
-55.28308
-55.58225
-56.16284
-56.60894
-56.82782
-57.85957
-58.56630
-59.31358
-59.64148
-61.37727
-62.61551
-63.18056
-63.37300
-63.18977
-63.32292
-62.29514
-62.70417
-62.19210
-61.75395
-61.42777
-60.97826
-60.77312
-60.06471
-59.42933
-59.51261
-59.03761
-59.14470
-58.45308
-58.68485
-57.85569
-55.70553
-56.53730
-57.38393
-57.84734
-58.31850
-58.32310
-58.66659
-58.78048
-58.72015
-59.30063
-59.46980
-59.83074
-60.15419
-60.13522
-60.53725
-61.05362
-61.38992
-61.87116
-62.17466
-62.46092
-63.59786
-63.38850
-65.28812
-59.79754
-58.32714
-62.75364
-65.06132
-67.42117
-68.66910
-69.84846
-70.08243
-70.77418
-71.50944
-71.34811
-71.22098
-70.87896
-71.15665
-70.07773
-70.45520
-69.92631
-69.16895
-69.24809
-68.97939
-68.44827
-68.06807
-67.99848
-67.42722
-67.53123
-67.21986
-67.16037
-66.60861
-67.34656
-66.73241
-67.00242
-66.38074
-67.09077
-66.61975
-67.25907
-66.42635
-67.30490
-66.40610
-67.31871
-66.83125
-67.53906
-67.39307
-67.73673
-67.58898
-68.64439
-64.92637
-57.22495
-61.25563
-63.14820
-69.95787
-65.40190
-80.15769
-56.72702
-49.92194
-54.21371
-54.57151
-55.08772
-56.38459
-56.87108
-57.86689
-58.11045
-59.16537
-58.67394
-59.61800
-59.27409
-59.68588
-59.31816
-59.63454
-58.00961
-48.27827
-49.47893
-50.64590
-49.79108
-52.56479
-51.90887
-52.53671
-52.44668
-52.75508
-52.80591
-52.62740
-52.32037
-52.36520
-51.36503
-52.02839
-51.74812
-51.77270
-51.79387
-51.86524
-52.04584
-52.24849
-52.20172
-52.06564
-52.23104
-52.15167
-52.19777
-52.38098
-52.39304
-52.54581
-52.83538
-52.83932
-53.35933
-53.17612
-53.43466
-53.61636
-54.10026
-54.32319
-54.37276
-54.39784
-54.82429
-54.98138
-55.27732
-54.76451
-56.15184
-53.46470
-56.24749
-56.86057
-53.86081
-57.93099
-56.12181
-56.43106
-56.77380
-57.21880
-57.15933
-57.64045
-57.63610
-57.64249
-58.13936
-58.03961
-58.49431
-58.49385
-58.61607
-59.11189
-59.18106
-59.01033
-59.65828
-59.45840
-60.02217
-60.06690
-59.98165
-60.35288
-60.75538
-60.34762
-60.60497
-60.85697
-60.84899
-61.23938
-61.24458
-61.10242
-61.65583
-61.66047
-62.03347
-62.07203
-62.13471
-62.22968
-62.23156
-62.51835
-62.41770
-62.40445
-62.55824
-62.91592
-62.84445
-63.15232
-63.31490
-63.65223
-63.87086
-64.10783
-63.97786
-64.23289
-64.31462
-64.44050
-64.67737
-64.87725
-65.41217
-65.30646
-65.57997
-65.74056
-65.82386
-66.11235
-66.39822
-66.45887
-66.62746
-67.09573
-67.18214
-67.28467
-67.63726
-67.45759
-67.75073
-68.31943
-68.26893
-68.53657
-68.57746
-68.94014
-69.14974
-69.21237
-69.32110
-69.52825
-69.68620
-69.83542
-70.20076
-70.25198
-70.35258
-70.30826
-70.42670
-70.49648
-70.30944
-70.36092
-70.65365
-70.42991
-70.83640
-70.53500
-70.70671
-70.88539
-71.06691
-71.39812
-71.21541
-71.57801
-71.23768
-71.81179
-71.81807
-72.09725
-72.15777
-72.11828
-72.54766
-72.40931
-72.75556
-73.00977
-73.12883
-73.21595
-73.38432
-73.55001
-73.87316
-74.07538
-74.23979
-74.46621
-74.77394
-74.90486
-75.29751
-75.62560
-75.95047
-76.27666
-76.54588
-76.72307
-76.86976
-77.46446
-77.81058
-78.16758
-78.23710
-78.80446
-79.14106
-79.52492
-80.30807
-80.50438
-81.02957
-81.62865
-81.97947
-82.49657
-82.94006
-83.36442
-85.26122
-88.43823
-91.07387
-94.10608
-97.88346
-102.12076
-108.88479
-115.57989
-127.65327
-130.86705
-142.60748
-142.09006
-149.69187
-147.75134
-170.51037
