-121.68286
-101.01987
-96.50737
-92.64779
-95.05323
-94.89705
-97.33165
-95.29743
-99.12660
-96.59532
-100.17416
-97.40947
-100.24123
-98.36749
-100.37253
-99.87799
-99.47320
-99.45153
-74.19835
-77.06038
-93.89424
-93.16971
-120.99279
-97.25418
-117.29735
-99.46609
-116.59816
-101.48000
-114.82823
-103.85921
-113.27141
-106.25450
-118.34894
-122.60555
-124.81907
-126.53736
-117.40220
-117.33710
-113.46226
-113.29117
-110.97670
-110.83833
-109.22204
-109.11743
-107.88935
-107.66355
-104.94299
-103.93401
-96.22499
-122.82595
-99.67750
-102.56929
-89.64577
-72.76844
-76.07425
-88.50095
-97.79760
-135.59097
-106.57099
-116.97803
-108.92413
-116.64632
-111.55238
-115.41580
-105.46596
-94.21696
-93.72790
-95.36464
-95.93066
-96.07109
-90.90750
-87.61180
-90.18728
-90.56158
-90.81918
-90.85737
-91.69111
-92.55083
-92.17551
-93.07505
-92.01704
-93.96810
-91.18121
-96.28112
-89.88705
-120.11858
-75.94077
-73.85769
-87.06916
-88.40612
-95.83928
-91.15434
-94.83570
-92.74977
-95.08890
-94.29525
-95.41353
-95.45246
-95.59999
-96.33426
-95.22104
-97.40107
-95.26894
-98.63684
-95.78297
-99.15869
-96.05064
-100.20668
-96.14269
-100.14561
-96.28695
-100.63809
-96.94971
-100.31979
-97.12486
-100.20641
-94.74502
-96.58997
-105.18606
-105.82950
-114.52444
-74.07632
-74.76700
-86.57460
-94.50353
-117.45691
-103.79109
-111.79568
-106.78216
-113.17043
-109.61895
-115.31062
-111.43554
-94.86081
-90.64358
-93.54792
-91.16915
-93.77689
-91.25444
-92.19573
-92.70212
-94.73472
-95.36231
-98.63641
-99.21117
-101.20192
-101.03117
-100.47836
-102.48218
-99.43476
-105.39788
-97.77615
-120.18848
-94.65503
-98.57083
-74.83353
-74.27659
-91.39179
-91.83115
-121.58577
-97.39423
-123.78717
-100.23528
-116.57856
-103.05827
-114.52729
-106.02967
-111.12543
-108.58548
-109.25248
-112.01792
-107.69477
-116.13100
-106.70159
-121.47259
-105.51470
-130.18967
-104.32199
-126.10115
-106.85649
-109.38219
-107.29063
-106.91434
-101.73744
-102.23846
-96.99934
-125.36779
-99.24239
-99.60475
-86.82920
-73.06356
-77.80886
-89.72504
-101.04683
-114.56175
-110.65192
-155.95747
-112.73924
-127.41617
-115.07478
-125.85869
-115.33238
-95.23177
-89.41976
-89.36946
-88.69448
-90.96800
-89.17956
-92.37217
-90.13525
-91.14973
-92.66463
-93.41517
-93.28708
-94.98804
-93.18387
-96.25642
-93.50410
-97.69512
-93.22672
-99.56922
-92.34344
-120.83318
-82.95288
-73.23554
-81.24837
-87.79428
-88.77001
-90.34460
-89.55638
-91.61778
-90.47349
-92.69162
-90.96403
-93.61189
-91.29072
-93.79617
-92.02593
-94.46224
-91.86911
-94.78167
-92.40980
-95.27024
-93.20235
-95.54842
-93.68869
-95.44794
-94.32595
-95.19294
-96.14050
-94.24314
-101.80912
-82.45703
-79.38518
-88.34063
-91.98329
-96.69913
-92.11871
-72.86772
-75.25609
-89.89851
-90.76911
-106.34953
-97.37069
-114.28443
-102.27640
-112.92509
-109.04485
-108.47955
-116.58051
-88.44329
-82.67606
-89.31107
-89.37246
-88.97308
-89.59779
-88.70334
-89.13975
-89.66354
-90.56085
-88.07745
-86.05213
-86.09895
-86.88292
-85.14743
-85.78141
-84.48729
-87.42523
-90.28171
-106.65956
-93.10121
-101.37968
-80.50320
-72.82881
-80.14373
-90.55955
-101.15328
-101.44700
-103.51023
-104.24003
-103.93164
-107.80546
-104.22588
-113.89902
-99.66080
-91.70316
-88.93324
-89.21820
-88.99686
-91.90089
-91.10617
-92.50626
-90.45810
-93.09083
-91.42015
-94.41951
-92.70948
-96.16642
-93.88709
-97.83415
-95.65626
-96.21568
-93.45893
-105.07562
-97.57995
-106.93995
-92.22758
-73.15316
-78.35952
-94.09908
-93.64539
-105.73585
-96.03525
-103.06526
-96.41147
-104.58192
-104.10306
-135.10230
-112.58765
-104.55740
-92.51981
-95.23610
-94.87961
-97.00414
-94.27796
-91.38002
-87.87553
-89.18051
-86.31986
-85.88163
-86.42476
-87.29410
-88.03048
-89.04963
-89.48595
-91.83059
-89.78184
-92.57626
-89.50898
-94.18018
-85.22694
-72.88401
-76.83165
-86.70604
-89.67038
-91.35136
-90.58094
-92.22731
-91.25412
-92.63391
-91.43972
-93.45165
-91.95903
-93.47172
-92.18374
-93.34780
-94.58759
-97.30048
-95.86148
-94.07421
-91.95908
-97.79277
-88.23685
-86.14757
-86.36353
-88.42972
-88.79935
-91.69955
-91.06655
-93.87665
-91.51515
-92.62417
-92.01335
-105.64359
-90.99015
-73.90963
-78.61432
-93.02040
-90.57408
-88.10512
-85.04357
-87.00037
-86.08502
-87.69788
-86.47177
-88.47291
-90.45220
-96.65329
-87.12984
-84.74688
-85.96491
-87.23373
-88.68882
-89.16681
-88.78872
-89.73343
-91.49015
-92.45752
-94.29881
-92.82787
-95.76832
-93.38195
-97.04639
-93.80379
-98.74781
-93.41113
-101.68578
-93.32077
-118.57592
-84.01417
-72.42747
-77.71531
-88.79603
-96.76494
-102.59525
-100.26431
-104.02169
-96.51029
-110.00795
-94.57195
-99.33125
-98.75557
-100.21070
-90.21044
-89.01789
-88.87305
-90.67608
-90.41118
-92.39181
-92.77231
-95.28141
-94.71486
-96.20643
-95.63016
-96.08975
-96.24198
-96.33742
-96.92733
-93.55175
-97.69476
-94.90756
-103.92642
-92.01770
-103.48553
-75.45895
-74.20928
-89.43466
-90.71361
-103.16406
-93.76993
-107.66281
-103.39908
-114.44604
-99.11855
-91.38633
-94.32654
-90.87019
-84.93797
-84.51764
-85.67337
-87.45582
-89.41281
-89.10759
-87.97833
-88.90711
-90.50127
-90.80619
-93.08514
-91.76167
-95.07622
-92.11046
-96.61980
-93.40302
-98.27118
-93.04808
-101.49239
-91.78755
-108.87775
-80.03793
-72.32969
-78.89802
-85.21376
-89.61508
-88.84283
-90.61489
-90.05178
-91.76735
-91.37944
-91.74791
-91.99554
-92.16250
-93.23114
-92.22078
-94.33364
-91.30642
-95.89627
-80.75316
-82.04255
-90.38807
-91.63773
-93.22292
-94.58835
-93.28234
-95.85543
-92.98071
-97.51390
-93.01859
-95.56151
-92.60812
-102.23630
-93.17032
-97.50934
-83.01006
-72.33742
-82.03934
-94.17278
-103.01633
-108.45752
-110.72172
-110.02029
-133.89107
-106.23660
-103.95533
-86.87067
-79.50247
-85.99093
-87.22274
-89.59511
-86.48598
-87.61708
-87.16637
-88.84964
-90.90585
-92.70239
-88.09521
-87.12141
-88.04400
-90.24722
-90.46418
-94.05193
-92.30012
-95.97649
-92.30977
-108.40737
-89.82934
-99.53497
-79.31940
-72.77228
-84.13240
-92.33506
-100.58841
-99.60245
-103.17512
-103.65501
-101.30041
-102.73938
-102.38094
-107.36066
-103.23660
-91.78003
-89.10108
-91.25250
-88.38692
-95.02235
-86.62461
-83.39860
-90.58206
-92.82366
-88.56462
-89.38905
-87.75540
-88.92513
-87.44230
-90.24659
-89.69445
-94.83180
-90.18139
-94.10464
-88.16090
-103.48517
-80.51746
-72.34630
-78.43758
-87.55085
-92.55353
-95.11216
-98.08706
-102.12290
-100.91681
-104.97751
-102.55389
-104.83798
-102.08518
-79.79172
-79.12086
-84.52134
-82.35659
-86.36878
-89.39970
-87.74137
-83.94288
-84.99439
-85.39021
-84.10574
-84.44289
-86.39813
-87.00116
-88.10853
-90.08398
-89.05211
-91.82946
-88.50319
-92.42361
-87.55290
-97.11856
-79.19166
-72.63564
-79.33061
-86.38464
-88.99134
-90.35988
-91.52546
-92.08342
-92.76556
-93.17026
-93.47298
-93.79527
-91.84939
-84.97066
-85.81746
-85.45466
-87.33426
-84.06520
-77.82452
-85.28185
-89.00269
-88.20271
-84.61434
-86.78381
-87.26213
-89.80310
-89.70407
-92.86610
-91.56647
-93.32125
-91.60592
-92.85353
-95.96792
-99.33930
-94.12070
-73.03398
-77.41274
-83.45285
-80.15594
-82.78462
-83.74669
-86.45417
-87.30569
-89.51138
-92.52937
-86.05401
-79.11506
-82.09558
-82.66997
-84.17450
-83.73666
-84.50691
-85.44284
-86.85088
-88.83001
-90.40407
-91.38116
-92.78830
-92.94272
-94.78342
-93.35965
-95.61090
-93.09324
-96.64735
-92.71707
-97.98635
-91.13936
-105.87136
-82.60351
-72.47025
-80.95235
-91.20498
-91.72980
-94.97595
-91.98543
-95.70025
-92.88528
-113.62805
-93.42785
-94.76139
-90.05449
-88.33344
-85.45871
-84.90849
-84.84295
-88.78153
-85.37226
-82.36365
-88.49631
-90.65182
-87.88037
-88.33185
-88.29638
-88.35654
-87.84435
-87.79765
-91.22584
-91.27313
-93.94602
-92.10811
-101.57403
-92.39292
-104.16692
-78.47749
-72.38252
-81.17208
-89.96479
-103.37325
-96.51164
-101.65668
-101.03085
-111.63019
-100.92667
-95.29557
-98.30010
-80.03317
-81.13086
-84.68089
-82.48279
-83.25584
-85.28348
-85.34177
-85.16466
-85.82712
-84.99322
-86.09749
-86.40226
-86.66971
-87.55482
-88.77217
-94.96557
-93.30667
-97.95629
-92.66388
-100.65420
-90.76253
-105.50037
-78.50478
-72.65402
-80.38536
-85.70526
-90.65636
-89.13169
-91.33292
-89.99765
-92.10478
-91.37651
-92.48133
-91.94312
-91.91638
-86.36182
-87.02204
-85.72012
-87.67901
-85.51182
-77.76636
-83.39782
-89.65318
-89.82031
-91.32920
-91.95642
-92.66667
-93.19379
-93.14241
-94.39742
-92.74401
-95.80303
-91.95858
-97.51394
-91.68052
-97.32726
-77.69240
-72.93964
-86.62880
-92.39947
-109.11747
-102.38531
-106.64977
-109.43022
-103.90307
-114.72566
-101.92583
-99.41339
-85.09294
-78.66704
-84.19154
-88.77639
-88.38247
-88.03083
-87.21548
-87.62368
-86.47807
-90.76615
-86.06713
-85.60443
-86.11244
-89.26809
-89.90282
-93.03892
-93.17541
-95.65750
-95.36911
-97.75739
-104.22204
-96.93949
-118.28379
-74.27634
-75.64643
-87.49830
-81.72224
-84.85772
-83.65271
-85.57842
-84.54647
-86.61659
-86.66507
-88.66390
-88.68354
-88.97473
-89.03603
-90.29134
-89.76768
-90.73319
-94.94870
-83.93284
-85.33527
-86.28849
-83.93332
-83.74133
-84.39337
-84.01949
-84.59157
-83.49519
-88.49704
-91.24282
-92.35612
-89.75806
-90.74332
-89.09072
-91.83041
-85.19927
-73.09105
-76.85663
-87.02633
-92.15380
-96.08857
-93.02851
-96.67557
-100.29734
-103.36723
-97.30892
-91.30248
-78.69290
-79.61218
-81.87346
-80.95886
-83.17296
-84.39648
-84.45880
-83.81687
-84.99785
-86.05559
-85.12959
-85.03980
-86.60689
-87.12949
-88.76544
-88.22014
-89.39808
-89.44831
-89.80689
-91.58151
-88.79611
-97.95754
-75.52372
-73.27652
-82.94784
-87.71982
-92.34483
-89.93562
-92.24564
-91.55304
-92.90097
-92.70960
-92.19237
-93.67593
-88.70619
-81.65015
-80.47590
-82.22012
-82.52238
-85.56242
-79.14663
-80.14553
-87.19581
-87.98457
-87.76897
-88.70819
-90.47491
-92.15778
-92.50507
-94.00656
-94.78718
-93.83440
-92.82993
-95.35234
-96.04279
-95.70808
-101.04642
-74.67206
-76.42954
-92.24752
-89.62516
-88.11464
-85.26204
-89.58418
-88.17619
-93.46172
-90.08630
-96.39244
-80.12217
-78.01332
-80.71372
-81.85653
-82.87145
-82.62306
-83.92281
-83.98237
-85.73529
-86.61397
-87.83709
-87.90077
-89.00440
-88.49952
-91.31813
-89.52147
-92.36180
-88.88670
-92.21242
-89.17847
-93.96667
-87.64064
-101.96622
-78.43310
-73.09200
-83.66708
-88.45781
-91.93081
-91.37048
-97.31486
-97.70575
-99.48857
-99.74882
-98.46271
-86.82316
-81.77274
-81.49908
-82.29871
-82.16947
-83.02175
-82.87113
-80.62089
-83.67861
-85.35698
-84.65221
-84.65152
-85.21356
-84.26340
-85.21763
-85.06100
-86.52536
-86.10230
-87.92414
-86.84364
-90.46726
-86.62328
-95.25448
-76.81653
-72.53651
-80.82615
-86.60121
-91.09291
-88.45000
-94.50227
-97.23669
-109.57769
-101.87773
-101.33906
-82.81987
-77.00794
-80.33561
-81.71720
-80.83858
-82.85002
-83.89496
-84.76815
-84.22236
-85.03209
-86.00932
-85.66737
-86.05657
-85.48515
-86.24561
-87.05866
-93.25836
-93.71724
-98.39082
-93.63837
-101.77696
-91.63810
-110.42257
-80.04390
-73.10595
-80.00434
-86.12358
-89.07157
-89.89221
-89.42883
-91.15495
-90.33139
-92.83791
-90.63064
-93.89692
-89.36149
-86.71068
-85.63276
-87.39702
-86.02555
-89.82059
-85.50299
-79.18853
-85.03701
-90.42077
-90.32641
-91.81312
-91.50669
-92.64626
-92.88951
-93.03103
-94.91270
-92.90175
-96.68022
-92.03248
-106.99219
-93.48163
-96.82772
-77.68263
-73.52691
-88.18821
-92.27826
-121.31960
-99.60227
-136.94441
-101.47789
-128.64359
-101.62507
-101.70823
-84.20359
-79.25713
-86.24220
-88.20572
-89.13819
-86.04174
-87.22229
-85.83132
-85.49003
-86.06295
-88.19332
-87.24885
-87.68504
-88.30332
-89.34995
-89.54706
-91.68121
-90.61170
-93.17896
-89.19441
-86.30350
-82.12651
-87.31929
-75.96750
-73.61721
-82.52333
-83.56914
-87.04096
-85.71002
-88.85692
-88.37872
-88.61572
-87.17826
-87.50088
-88.92046
-86.86765
-86.77903
-87.01744
-86.81764
-87.15495
-88.27736
-88.70238
-89.59512
-88.89557
-90.22068
-90.11214
-90.71142
-89.90461
-91.18601
-90.41644
-94.19441
-98.32840
-105.18682
-92.03900
-84.93776
-88.10272
-88.82359
-88.21324
-86.98490
-85.68776
-84.85486
-86.98754
-92.00078
-92.30868
-94.71965
-93.24063
-98.05465
-100.27997
-109.94602
-103.65208
-95.69457
-89.03304
-89.29389
-89.09644
-90.38322
-87.50444
-80.46146
-77.58559
-78.30180
-77.78433
-77.41681
-78.05574
-77.50893
-76.93844
-77.23121
-94.29148
-75.33707
-73.81354
-107.17887
-88.77763
-115.56642
-85.50035
-72.54529
-75.26680
-86.13158
-93.86336
-98.36503
-96.26139
-89.91574
-90.85652
-90.22128
-90.59747
-92.14163
-90.07497
-78.12122
-83.50152
-89.13680
-97.29845
-91.37716
-71.76648
-78.00369
-83.09151
-80.21356
-81.58420
-80.62109
-82.10376
-81.68728
-82.16369
-81.19343
-86.32905
-88.27810
-93.71781
-92.59137
-98.60737
-91.21409
-112.35723
-74.13595
-73.19441
-87.55088
-85.15971
-96.17664
-88.30583
-100.23605
-90.39211
-107.11076
-91.18255
-108.23071
-80.60619
-70.93736
-79.78331
-87.96419
-83.83753
-83.51919
-83.47488
-83.10219
-80.48446
-77.20946
-77.71289
-78.11165
-79.34520
-78.41058
-79.95772
-79.47827
-82.32099
-77.16625
-71.52438
-78.04144
-81.09457
-78.57865
-80.79879
-74.19511
-71.17227
-78.94038
-80.96952
-80.77072
-81.83218
-81.27128
-82.30812
-81.66095
-81.36506
-82.14312
-89.07917
-83.52017
-77.89498
-79.21669
-76.75823
-80.75137
-76.64515
-71.83520
-83.97489
-88.33584
-88.62026
-87.19067
-87.05340
-86.75425
-86.79035
-87.28650
-88.92951
-89.30726
-89.63265
-94.93370
-93.47568
-96.58415
-100.60512
-89.92016
-72.18024
-74.61815
-86.21324
-91.51977
-103.16024
-92.09733
-108.27916
-90.65704
-124.38813
-88.47201
-94.73984
-77.06940
-72.31778
-82.53528
-82.46531
-83.32579
-85.87885
-86.88217
-81.98352
-81.09515
-81.33184
-82.28829
-83.75295
-86.79901
-85.70583
-88.86711
-83.19772
-91.49539
-76.61464
-72.92778
-86.82517
-86.18980
-85.57499
-90.11496
-75.84127
-71.69860
-76.69248
-77.98199
-80.06420
-80.82535
-80.22525
-81.42360
-79.70802
-83.29709
-84.72677
-110.74268
-82.35190
-78.95382
-81.40668
-89.21717
-78.15640
-72.72031
-80.72819
-82.19376
-86.06010
-85.43231
-85.78209
-86.18437
-86.20655
-86.61638
-87.19325
-89.79956
-88.60928
-86.37813
-85.87107
-85.98504
-85.73339
-86.96840
-72.51800
-73.73182
-84.54848
-83.94209
-86.88884
-84.32385
-87.36494
-85.73177
-87.79518
-87.08719
-86.36741
-87.13858
-72.17713
-75.56644
-85.93683
-84.35834
-88.23035
-84.35198
-88.25258
-83.99406
-80.49781
-77.69363
-78.00819
-78.94859
-79.12877
-79.13415
-79.81976
-81.38063
-79.47434
-71.67367
-76.40069
-82.07139
-78.46005
-81.95678
-71.59963
-73.42332
-81.90590
-81.26906
-82.46607
-82.08371
-83.23700
-82.49186
-85.22740
-88.77348
-89.26496
-93.09773
-85.06464
-76.94268
-78.53375
-76.56500
-80.78381
-76.97941
-71.40649
-81.33778
-81.55515
-80.83284
-80.76996
-81.11842
-82.12074
-82.05435
-82.26621
-82.22687
-90.32719
-87.80915
-91.44820
-87.01332
-87.81776
-84.79371
-89.15488
-72.56954
-72.11161
-82.54263
-84.86176
-93.14794
-87.97828
-99.48829
-89.26938
-120.17858
-88.93237
-94.63732
-79.52834
-71.87275
-82.41760
-84.49190
-82.54287
-86.57621
-88.49655
-83.02529
-77.15644
-78.56267
-77.76751
-78.43428
-77.54329
-78.56896
-76.35903
-77.33946
-84.99661
-73.48055
-78.92182
-115.41775
-90.69132
-103.36177
-91.49196
-73.33393
-74.52948
-87.53601
-92.23085
-102.77818
-94.81775
-93.93972
-88.98831
-92.22503
-89.74815
-91.96397
-96.95279
-87.13752
-78.07869
-87.19645
-86.16985
-100.20292
-75.56799
-73.62218
-83.78517
-79.34733
-82.63981
-79.93311
-83.38441
-80.86873
-83.57488
-80.41862
-87.86347
-87.54472
-92.82504
-92.27680
-100.10367
-93.34845
-102.20522
-86.30718
-71.21368
-77.26443
-85.04548
-84.95851
-85.52568
-86.54047
-86.41530
-88.75683
-85.57862
-92.71034
-76.11253
-72.35196
-79.64574
-79.87034
-85.51194
-83.87833
-85.57866
-84.46711
-84.64614
-79.76243
-78.62096
-77.60444
-78.92350
-78.77516
-78.96212
-79.81996
-80.51745
-80.23287
-72.15582
-76.26478
-81.73656
-78.90190
-80.69937
-73.52033
-71.27250
-78.60297
-80.98825
-81.22875
-81.35784
-81.63374
-81.92211
-81.39953
-81.23448
-81.40680
-89.07753
-80.63454
-77.80771
-77.95107
-77.75221
-79.08914
-82.47015
-72.44861
-75.71745
-89.70900
-87.06522
-90.78444
-86.19626
-88.97484
-85.96790
-88.34135
-86.44176
-91.35350
-86.74299
-89.31382
-84.97025
-90.90295
-86.46921
-104.04969
-74.53214
-71.96819
-82.86890
-88.61118
-105.25587
-91.74239
-107.90134
-90.78466
-128.62699
-88.58661
-94.35624
-73.50584
-73.37327
-84.44029
-80.00977
-82.05132
-83.23524
-86.60670
-82.28394
-82.86169
-82.52679
-84.20535
-82.86739
-85.17728
-83.65233
-89.52135
-83.10414
-91.20954
-74.28509
-74.25470
-88.65249
-85.61919
-85.91257
-90.21362
-75.89349
-71.64280
-76.75713
-77.53010
-80.11996
-80.32226
-80.41908
-80.75199
-80.32918
-81.12401
-84.34245
-95.00746
-83.94734
-77.59546
-82.54219
-82.91936
-89.62713
-73.52334
-73.78804
-82.39236
-81.56313
-86.87507
-83.12777
-87.48056
-85.00759
-87.49285
-85.63421
-89.09787
-88.51343
-90.78262
-86.49166
-87.95940
-84.33235
-91.23880
-76.71026
-72.43770
-83.30265
-84.21605
-87.27856
-85.62195
-87.06357
-87.50247
-86.04062
-88.26276
-83.70398
-93.48623
-73.17697
-72.79748
-84.56590
-84.25118
-88.13627
-84.91337
-86.09177
-84.44121
-80.20525
-78.46981
-77.62215
-79.26136
-78.77833
-79.61709
-79.44725
-81.26722
-79.57171
-71.70203
-75.84357
-82.52057
-78.28352
-82.18942
-74.25179
-70.85823
-79.62119
-83.59617
-81.67752
-82.41984
-82.05601
-82.92399
-84.14314
-90.46317
-87.60078
-93.52289
-86.64935
-78.78641
-78.80327
-77.53690
-77.83578
-80.68608
-71.36388
-76.84645
-84.93415
-80.06651
-81.96790
-80.36555
-82.50379
-81.30832
-82.70167
-81.02475
-85.86133
-87.95757
-92.90640
-88.39447
-87.48135
-85.34821
-89.92353
-74.19765
-73.01129
-83.18562
-84.27767
-93.20924
-87.44982
-98.41111
-89.14865
-108.27701
-89.98878
-103.02130
-83.61452
-71.60278
-79.70970
-85.72572
-83.09337
-86.64286
-89.46855
-89.86849
-85.90649
-88.76605
-89.43826
-91.33628
-91.03300
-91.36885
-93.47655
-94.28564
-97.95258
-94.25058
-100.72357
-94.34875
-109.40558
-92.54123
-100.03239
-80.06811
-72.38700
-79.66226
-89.79362
-102.23678
-100.21281
-105.67918
-100.77848
-106.49942
-100.50342
-117.16196
-101.70516
-103.72754
-90.96959
-89.04223
-84.94207
-96.16610
-80.21418
-71.79281
-79.31593
-84.10902
-90.97704
-90.56893
-95.43918
-95.00424
-97.88081
-98.42340
-100.11975
-97.92399
-91.60168
-97.14384
-95.98809
-98.93587
-101.68575
-89.67336
-71.71210
-75.95714
-86.77522
-87.23396
-93.68359
-89.80444
-99.49311
-90.70376
-128.78253
-89.28493
-92.20452
-74.70296
-73.04709
-84.90105
-83.53965
-86.29931
-84.06049
-84.86740
-85.93512
-86.34114
-87.47033
-87.21332
-90.27315
-89.33070
-91.33117
-90.53977
-90.69014
-97.65398
-74.08641
-75.75490
-92.60636
-83.20500
-99.71786
-80.42950
-71.48315
-78.72617
-85.07070
-85.33647
-89.21490
-86.18354
-89.07061
-88.12901
-89.21984
-87.90852
-89.62452
-89.49334
-87.35734
-82.22006
-87.62874
-87.13473
-97.01434
-73.65037
-75.22475
-89.29223
-86.43605
-91.58065
-85.11211
-90.18760
-85.49428
-89.73865
-85.99277
-92.29555
-87.32103
-93.45061
-90.01265
-100.81384
-92.76158
-113.69152
-82.57294
-71.82920
-77.41904
-88.08987
-98.26249
-97.32360
-103.84675
-96.54272
-116.94524
-93.76804
-94.86814
-76.52098
-73.18325
-80.47011
-80.86551
-84.59003
-82.07644
-90.03123
-83.85128
-83.92779
-82.48256
-85.75021
-85.57310
-88.31166
-88.13442
-91.00435
-92.27923
-91.44349
-101.41623
-73.83594
-75.51831
-88.14207
-86.52355
-103.48551
-85.85968
-71.99871
-74.30711
-85.48071
-87.98743
-93.89078
-90.92340
-97.24086
-94.11721
-98.48008
-96.25412
-98.53776
-94.60572
-84.33337
-91.61726
-89.25461
-107.25975
-78.02096
-71.88838
-80.32616
-82.74129
-87.84891
-86.54853
-89.52263
-88.95989
-91.01688
-91.22143
-92.52018
-95.63365
-92.79740
-91.75441
-87.06488
-88.58191
-87.59350
-88.60184
-72.00969
-76.09805
-87.90370
-88.51850
-92.21167
-91.01009
-93.82602
-92.65387
-95.81896
-92.34436
-96.84229
-71.64530
-75.43692
-83.41112
-82.31545
-85.51293
-82.74355
-84.88493
-84.27927
-87.74935
-86.31064
-90.96284
-88.47955
-95.12574
-89.52006
-99.94928
-88.87092
-105.33847
-80.39602
-72.89388
-87.43489
-89.76113
-95.00676
-86.26718
-71.20650
-75.84785
-90.01440
-91.64893
-97.12518
-94.60201
-97.89099
-96.04872
-98.87593
-96.44622
-100.69164
-93.11048
-84.19365
-83.05313
-90.51402
-86.56389
-116.00552
-73.56673
-74.63268
-92.27210
-84.68902
-89.78985
-85.17493
-88.84667
-85.75121
-87.96187
-87.06272
-91.56392
-88.70465
-92.71340
-90.94825
-98.35134
-90.79901
-108.77735
-77.55774
-70.90446
-78.84815
-84.04511
-91.26055
-87.72637
-93.50365
-89.79106
-96.44861
-91.01910
-102.87886
-87.62522
-71.64512
-76.92988
-84.90184
-82.86524
-84.51039
-87.18090
-93.71322
-95.14595
-103.51434
-100.23167
-112.35257
-104.61278
-134.05017
-108.59161
-128.14906
-111.37882
-121.70577
-114.40018
-119.58293
-116.43754
-120.24255
-117.53504
-121.04640
-118.37129
-121.76881
-118.92331
-122.85056
-119.79027
-123.63251
-120.87151
-124.99662
-121.80240
-124.82013
-116.00427
-101.44356
-96.10324
-89.97750
-92.30944
-92.79092
-114.88037
-80.89081
-81.18301
-89.11714
-90.27391
-94.87900
-94.05811
-96.60879
-96.57440
-99.59594
-98.92589
-101.16570
-97.54565
-95.90746
-93.45907
-97.32442
-92.49771
-112.15725
-75.92259
-73.70297
-82.88614
-86.19705
-91.81848
-89.85653
-94.13981
-92.61071
-95.90457
-95.19961
-96.36222
-94.82883
-79.25447
-80.59071
-84.67485
-83.40224
-84.84613
-80.69236
-86.15303
-90.54107
-87.26312
-89.55101
-88.39376
-93.99947
-89.31098
-95.75023
-87.87003
-122.91201
-84.40254
-72.07457
-78.98994
-83.20890
-82.98281
-85.46865
-71.68083
-73.43809
-81.72363
-86.37295
-87.61765
-88.66588
-88.52030
-88.33436
-88.67376
-88.48477
-89.09577
-88.39333
-86.86408
-82.12611
-90.17726
-85.20904
-117.53112
-74.36237
-73.30691
-93.33373
-85.30145
-88.90846
-85.55657
-87.47925
-86.07412
-87.11133
-86.80511
-89.02450
-88.23149
-90.72883
-90.68561
-94.89046
-90.25269
-126.08959
-75.80081
-72.56369
-88.13132
-88.13388
-106.50264
-91.55515
-102.44612
-93.21739
-99.99796
-100.14898
-110.25348
-121.34873
-72.60282
-75.17837
-83.04312
-83.93707
-87.20404
-85.92159
-85.49728
-82.53026
-83.20708
-83.28978
-85.00712
-85.92010
-87.05589
-87.84167
-90.17768
-88.64844
-101.43280
-75.95635
-74.26596
-89.94915
-84.87166
-115.49731
-80.62947
-71.67768
-78.56980
-86.91025
-86.35405
-91.41975
-89.77781
-95.96170
-94.31524
-98.73956
-97.58393
-98.08679
-100.51538
-85.86153
-89.68528
-89.73346
-117.04152
-79.48019
-73.94073
-79.60200
-80.67653
-87.01662
-85.77973
-89.21310
-88.97381
-91.01782
-91.58795
-92.43191
-96.57544
-91.95395
-88.87618
-85.75383
-87.66586
-88.10696
-91.04933
-72.43597
-73.88392
-84.16066
-89.83857
-95.68718
-93.68408
-98.59843
-93.49315
-102.20758
-92.01618
-113.27419
-72.89946
-73.88098
-81.02462
-80.89481
-81.92348
-82.48926
-85.63491
-84.84607
-88.66616
-86.76446
-90.85726
-88.73606
-94.39009
-89.42108
-99.49626
-88.54205
-103.21268
-74.57393
-76.09077
-90.90237
-89.41825
-92.66708
-94.97691
-83.77106
-70.74266
-76.27345
-85.44658
-95.43337
-94.55563
-97.72557
-96.18987
-98.21054
-97.18024
-98.49131
-97.73423
-95.69625
-82.65661
-82.55432
-86.90870
-88.35012
-87.79952
-72.44223
-79.26622
-88.54088
-85.28248
-87.56920
-86.35848
-88.36899
-86.54251
-88.38709
-88.22403
-92.38947
-88.24422
-93.24061
-92.96201
-95.36058
-96.21234
-85.92192
-72.07993
-75.30746
-85.24587
-86.08345
-90.17653
-88.07433
-93.87702
-89.35490
-101.46155
-88.88959
-95.30306
-74.04372
-73.91003
-90.39793
-87.83943
-94.59118
-87.50507
-89.54368
-83.68212
-84.89105
-86.81435
-88.72235
-89.83424
-91.69114
-93.51287
-95.23942
-96.28539
-97.74447
-94.47156
-83.67066
-84.78408
-95.39677
-90.16378
-131.95308
-75.27335
-74.52562
-90.49926
-90.88834
-117.05233
-94.44803
-111.73258
-96.51604
-112.58060
-97.64159
-111.90520
-93.49397
-85.90709
-88.84421
-95.54400
-92.31531
-100.78435
-85.03078
-78.52779
-87.27549
-92.32148
-96.26455
-95.62083
-98.01625
-96.37448
-98.54860
-97.04923
-101.70114
-95.96402
-98.37984
-95.70190
-103.44765
-94.72435
-110.16181
-83.99532
-72.79462
-78.42320
-89.80842
-96.95544
-100.27823
-97.97954
-103.04725
-97.65468
-107.32988
-95.58233
-130.54611
-82.66601
-78.93275
-85.49371
-84.35139
-84.47066
-89.80717
-90.81474
-95.04279
-94.35641
-99.01529
-95.70020
-101.18891
-93.34699
-90.90452
-92.66460
-94.86548
-96.15601
-87.72211
-85.62972
-91.21602
-91.71905
-92.63228
-91.30456
-73.40699
-74.43432
-85.80160
-91.55460
-99.40691
-94.16402
-99.77661
-95.15315
-98.47567
-95.47040
-99.74282
-92.18753
-83.21247
-85.32840
-93.52118
-91.22302
-99.32705
-85.94453
-82.86637
-90.20730
-90.54972
-88.74434
-88.79578
-87.82849
-88.25930
-86.01232
-88.75195
-89.76021
-92.16026
-90.74275
-97.21029
-93.26544
-116.59775
-85.37176
-73.25535
-80.58158
-91.77684
-93.27267
-99.80697
-95.24891
-101.10683
-95.65088
-108.49521
-94.53553
-112.53280
-82.48990
-79.31423
-86.05217
-90.49725
-89.78221
-88.56632
-88.50457
-89.26722
-90.79566
-93.56317
-94.31887
-98.03677
-97.06890
-100.01554
-98.99874
-100.68659
-100.57237
-92.59122
-83.01602
-87.75950
-94.63922
-94.56313
-95.85686
-73.31791
-76.49532
-94.32482
-92.08905
-116.66911
-95.42998
-115.29814
-96.76474
-114.76928
-97.33862
-109.95242
-95.12074
-85.53316
-85.62631
-92.72658
-89.59928
-97.23872
-87.47079
-79.10748
-85.75304
-92.88403
-93.55319
-97.37372
-96.83091
-98.16731
-99.07986
-98.24520
-101.91190
-96.80032
-98.67978
-95.95792
-109.80170
-95.00715
-102.08716
-82.55170
-76.17005
-80.42431
-82.07066
-86.08266
-86.73244
-90.96163
-91.34533
-93.48363
-93.95792
-94.41829
-96.14227
-94.36250
-90.23187
-89.46926
-91.08035
-91.25924
-92.69072
-92.55439
-94.34853
-94.37742
-95.96780
-95.46702
-97.83551
-97.71901
-98.50752
-98.54662
-98.70437
-100.72672
-96.52063
-89.48107
-91.72093
-93.97117
-94.66557
-96.17186
-96.83694
-97.82876
-98.65314
-100.47942
-100.16439
-101.18465
-100.52863
-101.36927
-101.58388
-103.36287
-103.11578
-103.75315
-103.36846
-104.14415
-104.91853
-103.58685
-105.71844
-101.39958
-92.78232
-91.93419
-92.69529
-93.79155
-94.51662
-95.48499
-96.78776
-97.76079
-99.00701
-99.40790
-100.10245
-100.67706
-101.31169
-101.64247
-103.05639
-102.88823
-104.20521
-104.45719
-104.63744
-104.65898
-104.79584
-105.99237
-105.29330
-106.23320
-105.88376
-105.74550
-105.58103
-105.87488
-106.68644
-106.24711
-106.86225
-105.54117
-107.66759
-107.11577
-108.25268
-93.69050
-90.64958
-92.47740
-93.17625
-94.35353
-94.08008
-94.55548
-95.02032
-96.14541
-96.20374
-96.03400
-96.03080
-96.78260
-96.94095
-96.18600
-90.06758
-86.90482
-88.70396
-92.67111
-94.63435
-95.12087
-96.20452
-96.49687
-97.20019
-96.95242
-97.17427
-97.02106
-96.34450
-96.36513
-96.74925
-96.52668
-96.56394
-94.26184
-87.22811
-83.75579
-85.10140
-87.31853
-88.30443
-89.59864
-89.04183
-89.66094
-90.37722
-91.45721
-91.41013
-92.15582
-90.84333
-93.89213
-89.65433
-82.02639
-84.94425
-87.08012
-84.07521
-84.99633
-87.79751
-89.07072
-90.37152
-90.67493
-91.30679
-91.50579
-87.70157
-88.55022
-92.05698
-92.61501
-93.62816
-93.12338
-88.45647
-88.39619
-89.62801
-88.47441
-86.15521
-87.18966
-90.24001
-92.52269
-89.68146
-88.11521
-90.00944
-90.15747
-91.04814
-91.45221
-91.99417
-91.69730
-91.69936
-92.47221
-92.32048
-92.42386
-88.85353
-86.63207
-87.68192
-90.28405
-91.49720
-91.99439
-92.88655
-92.87715
-93.23600
-93.39506
-93.15519
-93.77911
-94.08341
-94.14711
-95.12445
-94.12170
-94.21806
-90.82756
-90.53721
-88.63062
-88.70050
-90.76978
-94.12058
-93.89670
-95.66847
-94.41910
-95.88450
-95.16040
-95.94027
-95.06497
-86.59240
-85.92314
-87.90677
-90.19769
-89.62039
-91.95773
-81.13835
-76.64804
-79.27629
-82.67475
-85.45077
-87.10682
-87.14305
-86.87820
-83.40027
-86.42700
-83.77545
-92.32155
-82.71104
-82.96550
-76.43347
-71.52678
-83.96385
-86.33873
-87.96840
-89.52129
-89.42272
-90.17160
-90.36709
-94.94721
-91.65850
-92.12868
-83.83567
-88.48664
-91.01898
-89.61704
-96.15941
-75.15136
-71.66114
-78.78021
-80.75620
-90.37720
-87.57863
-94.32881
-88.55366
-92.10739
-89.39813
-94.06805
-90.21373
-72.09126
-77.84536
-91.36727
-88.43932
-91.17055
-88.42888
-81.72275
-81.19380
-81.11819
-83.95017
-84.64761
-88.04396
-85.47585
-88.19271
-85.32501
-92.91792
-84.45861
-72.42135
-81.71953
-102.48225
-88.88013
-108.76816
-84.81651
-72.24175
-75.66168
-80.49253
-77.63790
-81.60995
-80.64451
-83.90287
-82.35533
-84.48964
-84.04124
-84.98066
-81.46293
-77.25723
-83.32925
-82.72895
-92.55545
-75.59149
-72.93652
-87.94716
-83.95366
-91.23039
-91.31910
-95.75414
-94.50713
-95.90667
-94.86266
-98.05111
-95.08366
-91.02129
-83.25289
-86.31269
-91.00849
-98.76936
-84.18178
-71.75548
-77.97503
-81.01855
-80.19144
-81.39331
-82.52580
-85.85517
-84.93329
-92.64235
-84.29301
-99.32907
-75.05408
-74.60642
-93.48060
-90.10811
-93.01701
-94.75273
-84.04918
-78.17403
-82.94073
-82.39634
-82.39817
-83.19154
-85.64841
-84.14406
-86.74868
-83.92318
-93.84442
-76.97992
-72.68422
-86.83502
-86.04380
-97.17058
-96.17425
-73.13181
-72.86628
-79.21531
-80.36023
-82.78754
-84.86748
-91.58316
-101.99323
-103.70809
-123.52601
-101.08872
-88.57262
-78.41377
-80.56355
-78.11148
-80.01084
-79.47463
-71.59175
-78.81079
-83.45407
-82.41960
-86.97450
-85.73200
-87.98284
-87.39344
-89.13462
-89.10580
-89.39037
-90.53139
-82.80723
-82.59372
-89.88435
-88.60093
-91.81825
-73.32725
-72.63646
-82.76572
-87.66794
-95.94264
-90.29487
-95.90413
-92.38850
-95.17632
-94.76371
-93.14526
-104.30810
-74.64177
-75.51826
-85.50605
-86.95994
-92.23343
-89.16311
-82.53652
-81.84317
-84.83599
-85.44137
-85.49052
-87.09717
-85.42679
-87.24746
-84.84082
-89.54587
-83.83442
-72.54801
-79.06068
-89.47568
-87.39451
-107.53364
-75.45389
-71.59636
-82.07712
-84.44822
-84.04413
-87.14856
-88.22456
-90.99940
-89.21424
-92.07445
-89.76480
-87.73853
-78.67341
-81.46737
-81.86997
-87.98885
-82.96635
-88.79722
-75.16811
-73.98216
-85.61593
-82.05700
-88.02173
-85.96201
-88.49363
-85.33290
-88.23312
-86.97176
-89.03101
-86.07280
-81.36417
-81.90882
-87.40802
-87.37795
-91.01705
-75.63129
-71.92234
-81.12507
-85.48830
-93.33389
-88.42994
-94.84253
-88.38371
-97.54735
-88.70460
-105.70802
-84.05549
-72.08698
-80.58514
-92.91583
-88.93701
-97.06762
-83.38011
-78.76343
-83.81166
-85.15553
-86.61525
-88.41934
-90.59226
-89.01085
-93.21578
-87.93817
-101.15573
-81.21521
-71.97419
-80.64244
-85.59840
-87.76550
-91.85061
-73.22799
-73.20470
-78.28786
-78.85203
-83.25933
-86.27146
-86.70111
-88.10761
-88.83899
-88.07214
-84.37963
-88.92929
-79.02881
-77.16857
-84.55491
-79.09795
-80.58017
-72.32344
-74.70478
-84.17189
-80.15448
-86.85281
-83.50838
-87.31321
-84.60699
-88.54433
-85.71041
-89.06732
-85.87348
-85.73807
-80.25759
-86.40667
-86.50462
-90.49975
-82.90666
-71.30590
-74.47252
-79.41657
-85.58885
-87.76116
-92.41857
-87.79483
-93.80302
-86.51247
-107.16161
-78.60240
-72.83531
-82.00033
-82.51742
-91.58080
-89.12805
-90.10457
-82.80396
-80.00594
-81.21928
-82.69730
-85.74868
-85.12057
-87.84992
-84.60140
-88.68872
-85.16474
-99.22437
-79.53035
-72.24589
-88.05272
-89.31528
-95.38550
-86.05062
-71.75386
-77.98271
-81.66431
-78.63629
-80.82269
-80.99400
-83.65456
-83.75456
-84.51588
-84.49058
-87.23023
-82.46950
-77.60946
-78.76938
-85.47709
-82.20799
-89.45878
-75.83544
-72.58933
-84.84597
-84.13715
-88.38979
-87.41192
-88.85118
-88.81324
-90.73252
-90.18833
-91.02287
-90.12775
-81.15054
-81.91304
-90.26318
-88.46949
-97.35006
-75.91996
-71.61739
-80.49114
-80.90075
-85.97887
-83.59634
-91.10393
-85.46361
-91.90934
-87.39845
-129.18141
-82.70154
-71.98510
-80.21107
-84.56043
-89.10412
-88.05232
-89.68298
-80.23460
-77.34872
-80.63799
-83.43859
-82.52561
-83.60352
-83.87195
-88.21394
-84.01442
-96.09704
-75.79334
-73.49869
-83.88632
-84.72111
-86.35647
-82.44698
-83.06885
-71.94190
-73.97738
-80.58762
-84.30853
-90.66722
-89.63657
-93.55752
-90.17946
-93.13710
-88.34700
-95.25068
-83.52922
-76.34033
-80.87582
-80.17281
-83.24384
-77.15391
-72.92446
-82.34269
-81.45020
-83.37981
-82.95534
-84.03543
-85.44747
-83.96646
-85.29001
-85.13117
-87.48216
-83.38190
-80.28489
-83.93755
-83.99299
-84.20985
-81.44073
-71.42579
-74.38069
-81.96215
-83.76320
-85.07245
-83.14569
-87.01735
-84.43336
-87.43111
-83.42540
-91.86645
-74.87981
-72.91836
-82.04053
-81.79937
-85.57049
-85.41460
-82.17142
-79.57487
-80.69946
-83.58349
-82.32587
-84.84903
-82.10129
-82.85180
-81.91006
-83.24144
-83.98773
-72.68565
-75.57592
-84.32243
-82.15418
-83.23395
-78.85815
-71.48265
-74.77634
-84.16748
-81.80980
-87.52475
-85.11484
-86.90634
-85.06520
-86.27659
-87.03542
-88.22672
-82.83554
-77.27518
-80.96480
-81.50151
-87.10751
-80.07760
-71.81116
-80.33102
-84.20993
-83.13201
-86.68776
-86.36203
-89.13699
-85.12967
-88.08378
-86.03271
-88.96108
-87.18786
-83.25096
-80.63313
-87.63903
-84.68536
-93.04355
-76.77046
-71.30540
-80.81176
-83.49898
-89.11318
-87.40483
-89.14684
-88.60338
-89.99439
-89.73558
-88.24682
-97.64663
-72.85746
-75.73689
-88.44953
-84.43070
-88.58338
-84.53825
-78.05866
-80.78883
-83.57831
-84.16959
-85.10368
-86.87637
-84.85262
-87.27463
-83.91387
-88.88619
-82.70584
-72.14781
-77.99930
-84.74171
-83.39385
-97.60563
-80.89324
-71.69697
-75.62596
-78.44108
-81.69003
-85.21848
-84.56411
-85.28552
-87.52917
-88.01964
-84.65019
-85.57211
-77.84348
-79.45056
-82.80225
-80.08642
-79.28704
-83.13223
-71.81846
-75.03889
-83.82587
-81.59001
-85.87658
-83.69859
-86.73861
-84.68934
-87.48985
-85.43200
-87.66453
-85.59365
-82.39952
-82.36793
-87.09600
-85.71292
-85.73687
-73.38570
-71.66460
-77.33731
-81.52679
-86.08721
-83.43746
-85.03749
-83.14179
-89.44912
-83.78479
-102.47221
-78.48534
-72.48222
-82.11338
-87.31993
-87.31220
-89.80767
-86.44568
-80.51227
-79.61226
-82.89085
-83.47654
-84.47730
-85.25139
-84.61182
-85.90526
-83.36928
-93.60243
-75.10902
-73.12488
-86.66703
-84.30107
-92.82959
-87.17410
-71.60491
-75.76682
-85.31787
-79.01913
-81.44203
-81.10388
-84.00464
-83.43723
-84.77929
-84.76611
-85.89596
-84.82001
-79.99570
-76.77592
-83.04986
-80.66481
-87.49527
-74.60751
-72.01820
-84.14495
-81.60928
-84.77788
-84.56015
-87.36955
-85.05185
-85.22852
-84.94119
-86.83744
-84.91758
-82.97701
-79.38413
-83.74618
-85.98992
-87.60283
-76.23302
-71.26691
-79.85137
-80.98586
-85.19041
-83.81663
-86.94811
-86.96448
-88.07934
-88.52204
-88.34048
-88.74418
-73.43980
-76.94701
-83.49580
-85.25721
-85.14031
-86.93152
-82.59800
-77.29997
-79.41961
-83.52586
-82.35327
-83.45191
-82.61761
-85.42961
-83.36156
-88.30529
-81.13029
-72.23741
-79.41488
-85.66031
-85.31487
-83.29959
-85.37829
-73.57830
-72.71172
-81.86060
-82.77780
-88.22015
-85.18878
-88.95956
-86.03262
-88.32113
-86.87823
-87.21583
-87.66348
-76.03477
-78.35692
-80.65647
-82.68869
-77.60052
-72.63913
-81.47183
-80.50167
-82.31610
-83.79565
-82.50473
-84.15085
-84.87301
-85.57667
-85.15246
-86.71946
-85.82454
-83.18617
-81.50656
-85.40844
-84.92879
-84.21549
-72.21568
-74.92983
-84.22421
-87.31476
-87.80147
-87.17153
-89.22151
-88.45003
-90.98362
-86.30153
-94.29929
-72.67041
-76.06961
-83.72638
-83.54225
-89.90543
-89.35104
-84.59203
-80.85761
-85.09308
-84.43069
-86.92860
-85.49642
-87.14952
-84.58090
-88.54156
-83.88965
-97.93368
-74.05525
-75.44368
-86.09951
-84.78455
-94.10837
-84.21259
-77.36825
-72.17632
-77.75789
-85.02728
-87.63196
-91.14913
-91.25101
-92.16520
-92.70834
-92.04879
-95.69718
-84.05199
-77.88522
-81.24392
-89.14280
-86.50173
-91.63469
-73.23475
-75.39872
-90.01851
-83.29477
-89.46474
-87.60379
-92.44354
-88.60589
-91.45245
-90.05774
-91.41917
-89.40436
-86.56217
-80.58464
-86.35076
-87.76298
-100.62616
-76.45668
-71.41235
-83.61985
-87.47120
-94.38031
-92.65401
-94.38153
-96.03803
-92.17507
-104.28428
-89.56117
-96.42397
-74.88612
-73.99854
-87.98857
-89.75246
-93.73591
-93.15825
-86.65651
-78.58327
-82.50733
-92.66003
-88.77128
-104.16739
-90.30579
-113.51523
-90.40724
-112.98902
-87.42778
-72.89429
-80.13493
-86.32139
-88.42535
-95.67731
-94.85153
-73.46197
-72.68579
-80.54624
-81.77866
-91.17052
-88.61684
-93.13856
-90.48532
-94.18707
-88.96609
-90.72177
-88.31125
-77.65835
-82.94310
-84.53311
-83.01739
-81.34180
-71.93179
-80.57395
-85.93901
-84.14415
-89.91587
-86.99066
-92.20862
-88.17947
-95.02489
-90.05383
-97.02830
-88.87045
-83.65861
-83.40240
-98.15628
-88.03348
-114.35743
-74.28896
-71.94965
-81.51116
-84.07131
-95.63323
-89.65976
-104.19880
-90.17707
-113.71444
-88.50559
-94.15676
-77.06049
-72.96044
-84.79041
-88.10280
-96.01585
-92.49090
-92.47507
-81.73551
-83.46437
-85.16351
-89.01568
-86.25868
-89.90814
-85.39386
-91.88412
-84.48525
-117.69516
-75.68722
-72.96778
-88.93683
-89.11878
-104.83439
-96.86555
-87.82122
-71.13025
-76.61505
-84.19665
-84.47123
-86.97953
-87.36139
-90.27259
-89.84065
-90.85470
-92.23261
-87.32512
-78.08783
-81.08511
-84.75174
-87.33191
-84.99164
-87.44907
-72.43591
-77.24509
-88.50864
-84.96335
-90.41321
-87.31380
-91.62618
-88.91937
-93.43165
-90.34459
-95.71534
-92.38202
-98.67267
-93.99702
-101.57546
-96.06264
-104.84533
-97.57028
-107.86375
-98.75936
-111.27978
-99.17638
-109.59226
-98.98809
-109.69876
-100.50666
-108.91613
-101.49959
-106.98251
-103.82308
-103.78361
-108.58735
-98.16871
-109.62089
-74.52492
-79.92389
-104.42017
-95.58854
-138.23980
-99.88738
-107.63379
-104.90535
-103.34402
-113.17194
-100.11853
-114.14776
-97.50705
-102.84258
-93.95623
-93.48439
-82.56105
-71.80970
-89.66452
-109.56598
-103.34442
-148.21953
-101.19734
-119.37458
-100.98759
-115.07789
-101.36973
-114.33586
-102.79675
-116.72743
-104.34033
-154.99046
-106.66571
-116.16935
-98.76521
-86.39077
-78.56391
-77.93612
-78.86558
-77.79065
-78.17077
-77.76986
-77.76026
-75.78425
-83.08312
-83.99010
-72.72947
-81.91513
-106.11064
-87.79845
-94.55065
-75.34957
-73.13541
-86.62850
-93.69121
-98.28137
-97.05671
-96.22031
-91.16560
-89.51113
-91.06710
-89.08418
-95.69063
-81.54382
-79.29329
-91.91120
-87.65087
-94.19528
-78.14960
-72.89769
-82.02794
-80.12007
-81.71478
-80.42691
-82.39449
-81.78096
-82.06581
-81.33587
-83.67276
-91.08468
-88.19167
-94.42425
-93.30242
-100.68318
-91.92428
-107.44067
-73.86339
-73.48622
-82.62079
-86.74371
-93.88885
-90.13084
-99.50974
-91.11597
-112.90949
-90.15551
-102.52230
-73.66923
-72.66059
-85.38570
-81.14184
-83.15817
-83.83696
-84.83995
-85.46441
-80.70259
-78.70567
-77.59539
-78.46574
-78.87750
-79.11356
-79.48056
-80.50213
-79.81806
-71.59513
-76.55709
-81.01824
-79.53007
-79.65609
-79.59330
-73.38650
-72.50184
-79.13127
-79.60764
-81.99312
-81.05069
-82.56546
-81.64677
-81.84860
-80.63605
-86.03241
-86.09127
-78.75567
-77.21718
-78.39938
-77.99575
-83.44171
-72.44537
-74.34892
-88.74790
-86.52090
-90.02426
-86.07953
-88.90160
-85.95666
-87.55022
-85.88495
-90.90374
-87.49096
-93.53195
-91.47031
-99.14529
-92.86160
-112.57575
-73.31016
-73.81761
-94.06371
-89.74463
-107.32805
-92.22144
-102.69607
-92.26530
-102.72539
-91.24398
-112.76326
-74.55625
-73.64683
-80.64229
-81.49964
-88.35634
-84.55060
-87.88364
-82.57328
-82.31221
-80.08524
-83.33070
-83.21225
-87.30024
-83.78176
-85.87987
-83.81986
-87.02831
-85.05923
-72.41002
-78.20908
-89.00118
-85.07666
-88.34737
-87.51014
-73.21928
-73.21190
-78.96046
-78.33989
-81.51241
-79.88818
-81.10894
-80.09417
-80.80892
-83.30770
-89.13649
-89.37645
-77.96919
-81.60106
-82.77631
-87.31952
-80.12112
-72.23880
-80.24658
-83.77632
-84.96609
-85.96466
-84.84587
-86.28087
-85.37168
-87.41544
-86.71448
-91.99955
-88.23462
-86.94772
-85.57187
-86.01986
-87.27500
-80.72301
-71.96057
-75.34942
-82.49569
-85.51641
-86.35430
-85.36937
-87.82005
-84.88516
-89.85845
-83.44298
-96.59294
-73.19915
-73.16574
-85.90425
-80.40141
-83.70635
-84.82628
-87.97468
-87.62320
-81.46418
-79.03369
-77.68676
-78.84831
-78.69431
-79.35794
-79.26760
-80.59330
-80.87372
-71.35396
-75.04088
-82.47925
-78.98742
-80.90498
-77.46230
-71.19607
-73.64604
-83.87678
-80.90975
-82.93181
-81.47889
-82.84673
-82.72827
-89.24032
-88.76616
-90.80003
-88.88901
-78.72237
-80.62301
-77.23231
-79.14206
-76.27362
-71.50327
-79.05300
-82.58720
-81.26531
-81.36711
-80.53660
-81.90808
-81.76557
-82.26801
-80.84622
-84.03515
-87.64596
-89.48583
-90.04196
-87.33994
-85.92230
-87.85338
-73.23862
-73.20914
-86.18013
-84.35951
-92.45230
-87.23820
-97.11286
-89.25780
-102.71887
-90.88170
-161.86767
-85.47746
-70.79111
-78.64236
-88.98927
-87.39794
-88.51743
-85.73783
-86.27840
-79.36484
-77.49684
-79.03404
-77.97649
-78.44202
-77.61586
-78.71195
-75.35584
-81.10719
-75.23656
-73.54468
-101.65168
-90.23142
-119.88767
-91.00658
-103.09922
-73.51825
-73.62796
-90.23659
-90.26809
-104.84129
-92.41441
-89.81257
-90.19737
-90.10023
-90.77953
-90.49456
-99.27049
-80.55578
-82.08172
-87.55642
-98.04739
-86.67435
-71.75411
-81.00126
-82.54439
-80.31476
-81.42508
-80.61767
-82.82451
-81.21767
-82.84955
-80.68942
-87.82254
-88.40613
-94.58654
-93.08763
-96.29241
-97.31300
-84.69933
-74.25185
-72.73018
-77.75039
-83.59999
-85.46999
-85.41303
-87.84718
-85.77578
-89.87290
-84.05280
-93.35130
-75.45903
-72.25787
-81.35247
-81.21190
-82.07632
-83.56381
-85.78941
-86.96105
-82.37419
-78.84830
-77.32986
-78.36142
-79.43929
-78.57028
-79.56675
-78.99163
-83.73152
-72.89615
-72.63175
-81.97368
-79.25000
-80.16864
-79.48046
-73.43878
-70.88214
-76.35005
-79.62680
-81.46940
-81.73510
-81.82181
-82.27606
-81.40372
-81.83543
-84.57514
-88.96800
-78.81080
-79.28528
-77.24495
-78.91453
-78.17064
-71.27119
-78.29113
-90.46207
-86.59731
-88.58268
-85.54100
-88.92231
-85.45268
-88.12844
-85.61147
-91.37425
-87.68803
-90.47701
-87.30885
-89.33958
-86.11279
-96.58066
-79.94546
-72.16172
-82.76128
-90.42981
-98.82842
-93.49769
-100.63735
-92.52046
-103.80734
-90.79718
-106.63821
-81.40571
-71.51155
-79.63306
-80.34971
-82.95443
-83.00666
-85.01144
-83.56435
-82.63813
-82.48804
-84.00366
-84.77794
-86.61057
-85.04727
-85.25340
-84.53127
-87.48083
-83.03880
-72.11080
-81.02058
-85.82558
-85.33792
-88.22155
-80.82192
-73.31865
-74.22597
-78.56498
-77.22777
-79.98584
-79.94613
-80.85495
-80.01112
-81.21789
-80.85347
-88.96869
-84.95729
-78.28776
-79.59862
-85.28329
-82.91864
-92.55607
-74.44418
-74.21312
-85.76734
-81.40515
-84.00224
-84.68036
-86.76703
-85.09123
-86.60694
-86.76883
-90.59748
-90.16015
-87.63694
-85.71074
-87.14021
-85.77958
-88.17524
-72.32677
-73.63713
-82.38162
-83.58002
-86.44486
-84.56771
-88.33334
-85.80464
-90.38994
-84.96552
-90.35745
-72.26286
-75.00109
-84.54459
-81.55169
-83.55118
-84.25942
-88.06434
-86.42373
-84.72075
-79.12742
-78.04398
-77.59636
-79.39720
-78.41759
-79.86905
-78.80712
-83.38477
-73.71203
-73.98246
-81.18513
-79.80210
-79.76702
-80.59899
-74.05072
-71.18044
-77.55602
-80.63173
-82.40855
-81.94209
-83.11988
-82.83911
-87.50905
-89.16624
-88.88353
-92.11368
-79.85072
-79.36383
-79.10862
-76.66617
-80.74264
-72.62902
-74.39074
-81.84071
-79.40206
-82.82127
-80.12079
-82.97571
-81.05679
-82.86709
-80.13481
-83.74909
-87.18369
-90.71696
-90.22489
-96.68440
-90.49602
-119.62801
-79.51820
-71.74495
-81.83796
-84.12433
-89.48400
-87.53091
-91.84941
-88.94494
-94.44814
-89.33746
-97.79087
-84.77229
-71.03240
-79.60333
-86.74486
-86.54221
-87.20804
-86.10484
-88.47423
-81.76627
-83.53830
-84.83227
-87.24089
-87.90464
-90.13376
-90.04529
-92.15885
-90.13419
-92.75609
-87.30846
-83.63742
-86.20311
-92.76731
-88.18668
-101.67624
-75.32435
-74.18668
-88.00702
-88.19074
-95.24922
-90.25233
-93.50344
-89.96347
-93.10021
-91.61555
-94.27008
-91.78928
-85.56392
-86.63597
-91.40356
-89.86591
-92.02185
-88.77068
-78.66021
-83.18195
-91.52492
-91.25675
-97.16206
-94.24670
-98.91113
-94.92582
-99.85260
-95.86986
-100.96368
-93.87677
-98.87289
-95.37089
-103.15320
-91.07640
-73.43965
-76.04480
-88.51037
-94.03021
-108.58654
-97.29825
-111.49245
-97.58446
-114.72448
-96.68013
-109.60990
-84.78844
-78.99705
-84.83939
-84.78890
-84.25183
-88.12370
-92.30806
-94.29884
-96.33526
-98.99447
-102.71859
-103.00808
-107.00284
-103.70881
-110.20163
-104.29811
-112.30156
-102.55716
-87.82804
-86.24506
-98.92221
-90.93219
-120.51706
-82.14658
-72.97223
-78.88440
-89.79853
-98.81652
-101.55344
-100.92912
-105.41560
-101.67627
-108.33140
-101.00337
-116.09257
-89.31600
-84.17742
-89.62576
-96.72805
-94.48586
-104.77046
-88.97059
-84.02097
-90.20326
-92.94285
-88.54042
-90.05079
-88.22359
-89.25601
-87.32391
-90.34813
-90.49505
-95.14446
-91.35152
-104.02772
-93.82333
-99.86070
-83.41406
-72.57249
-80.99756
-88.36242
-92.77212
-95.07274
-93.65985
-97.31033
-94.92714
-99.10213
-95.70007
-96.63001
-78.95682
-81.27350
-88.22005
-91.34884
-88.64979
-87.32959
-87.40082
-84.71871
-87.93126
-88.47664
-89.03189
-89.64461
-90.34695
-89.44745
-90.70187
-89.51125
-91.17243
-89.25361
-88.89407
-82.03900
-87.53682
-86.95817
-95.33872
-79.98434
-72.60475
-82.18274
-88.06714
-91.31032
-90.59720
-91.40150
-91.11161
-91.98885
-91.29660
-92.47285
-90.29753
-85.07178
-87.77625
-90.65942
-90.39588
-91.65277
-88.63158
-79.31844
-84.38790
-90.84870
-90.82449
-92.54894
-92.66355
-93.40402
-93.45247
-93.13518
-94.95912
-91.84633
-96.08648
-93.29569
-95.43934
-92.57859
-109.40550
-81.14848
-72.94703
-75.26041
-76.99739
-79.32975
-81.03429
-83.23308
-83.47741
-84.80392
-85.83740
-86.12853
-87.37665
-87.46475
-88.72738
-89.35810
-91.02518
-91.45145
-93.66814
-93.20207
-95.94844
-95.47294
-97.41308
-95.97049
-97.35808
-96.86902
-97.77223
-97.25275
-98.78742
-98.12636
-98.88715
-98.83160
-98.98206
-99.56707
-99.54768
-99.85693
-99.53873
-100.55327
-99.92844
-100.96403
-100.49319
-101.45036
-100.79020
-101.74200
-101.48331
-102.31531
-101.90262
-102.69703
-102.15634
-102.74512
-102.47907
-103.05021
-103.20322
-103.48524
-104.04792
-104.01699
-104.35205
-104.37648
-104.71775
-104.78377
-105.43345
-105.36647
-105.86137
-106.06225
-106.42258
-106.29002
-106.98110
-106.64834
-107.27797
-107.69567
-107.85355
-107.94166
-108.15782
-108.49918
-108.68617
-108.86191
-109.09918
-109.28695
-109.39647
-109.53090
-109.92485
-110.11927
-110.10111
-110.15276
-110.21507
-110.37609
-109.92622
-110.19478
-110.32759
-110.11429
-110.44699
-110.00308
-110.18806
-110.39924
-110.52436
-110.90534
-110.82435
-111.00057
-110.75278
-111.28106
-111.27583
-111.42178
-111.51199
-111.50731
-111.84344
-111.70445
-112.07674
-112.40967
-112.54565
-112.58811
-112.73845
-112.92626
-113.22038
-113.38973
-113.59043
-113.95040
-114.13567
-114.25407
-114.66011
-114.99155
-115.31057
-115.64483
-115.89733
-116.08277
-116.25822
-116.76752
-117.28615
-117.63093
-117.66801
-118.24066
-118.56507
-119.05176
-119.76342
-119.90409
-120.49795
-121.12471
-121.44321
-121.98056
-122.38823
-122.84756
-124.81213
-127.79208
-130.42471
-132.90115
-135.61266
-137.51562
-138.89656
-139.51757
-139.61792
-140.53165
-141.07948
-140.55993
-142.04855
-141.23371
-141.52926
