-129.01662
-73.68566
-68.59042
-65.54171
-65.56743
-67.52975
-67.42750
-67.87174
-68.89931
-69.22669
-69.91626
-70.01223
-70.17393
-70.76452
-71.08650
-71.41403
-71.51398
-72.08825
-68.25572
-69.83661
-73.36679
-73.34988
-74.39030
-74.44131
-75.65661
-76.00291
-77.33859
-77.51816
-78.90941
-79.49455
-80.38397
-80.85739
-86.23043
-98.97340
-100.31689
-116.49709
-102.44625
-129.10414
-102.40079
-112.10274
-102.51464
-107.17776
-102.53169
-104.41142
-101.39710
-100.26299
-89.04446
-70.80172
-70.77345
-75.88696
-78.78249
-86.80530
-83.52500
-69.14972
-70.90449
-82.17470
-84.94321
-107.66704
-89.24883
-105.15129
-91.80913
-106.79046
-91.93618
-98.07390
-83.51934
-66.88397
-65.25847
-67.02624
-67.14738
-67.65861
-62.60623
-59.16764
-61.25934
-62.03819
-61.83012
-62.26684
-62.99308
-63.88148
-63.80931
-64.00943
-64.20191
-64.15161
-64.09315
-64.42897
-64.73525
-65.00104
-63.90840
-64.68821
-63.64099
-63.51982
-64.48566
-64.12237
-64.70737
-65.06399
-65.73569
-66.15068
-66.80956
-66.78427
-67.46553
-67.12126
-67.37934
-67.66924
-67.68739
-68.40008
-68.52555
-68.66372
-68.96254
-69.36898
-68.97912
-69.24013
-69.05567
-69.76118
-69.60605
-69.78445
-69.46653
-70.46513
-66.63207
-67.42753
-76.05104
-79.43730
-87.79444
-71.00647
-70.16645
-79.42301
-85.22942
-96.08680
-92.34556
-99.84168
-100.79681
-95.82982
-138.43901
-92.03733
-94.38034
-67.04171
-62.80653
-64.10682
-63.04151
-64.42903
-63.10348
-63.48102
-64.90059
-65.45605
-67.22272
-69.24190
-71.11559
-72.42904
-72.21341
-72.44255
-72.44104
-72.43879
-72.94106
-72.76887
-73.91965
-73.16097
-74.76400
-69.56729
-68.97009
-73.99915
-74.30513
-75.60532
-75.69847
-76.86990
-77.18736
-78.22510
-78.93880
-80.35356
-80.89710
-80.87477
-81.71255
-81.59544
-82.78233
-81.90054
-83.42875
-82.33650
-83.60231
-81.96683
-83.28339
-81.07090
-83.90710
-88.14878
-117.76730
-94.22076
-94.10366
-79.71793
-69.67059
-72.10944
-76.81087
-80.60427
-88.01050
-82.96921
-69.80053
-72.63472
-82.03611
-88.56560
-94.36464
-93.55794
-101.68390
-98.41462
-98.86936
-104.03890
-96.45600
-127.57800
-67.16877
-60.88130
-60.17837
-60.07693
-61.72985
-60.67959
-63.56246
-62.11520
-61.78728
-64.82061
-63.86917
-65.65412
-65.17758
-65.90777
-66.04620
-66.71774
-66.61805
-66.98838
-66.70964
-67.65902
-67.54443
-66.91962
-65.23536
-60.90530
-60.04386
-60.76764
-61.06122
-61.41199
-62.12647
-62.73901
-63.06713
-63.33915
-63.81538
-63.84498
-63.94249
-64.57596
-64.43342
-64.35115
-64.78006
-64.87528
-65.27368
-65.52798
-65.68327
-65.76646
-65.89954
-65.96391
-66.26938
-66.85125
-66.82104
-67.65853
-65.59289
-65.72690
-67.70565
-68.42905
-79.04230
-82.64482
-70.01946
-71.13090
-82.31775
-85.53098
-93.44997
-91.89435
-94.98449
-101.81221
-93.08756
-108.17234
-89.54720
-88.89146
-70.01769
-62.72618
-63.57285
-63.00730
-64.04566
-64.74741
-62.91096
-65.18955
-64.93869
-64.05317
-63.89012
-62.15231
-62.47346
-62.20143
-61.65278
-61.81413
-61.76544
-63.13962
-67.88740
-71.35117
-70.96946
-72.66963
-70.01067
-67.11162
-70.18064
-73.07239
-73.29776
-74.96155
-74.56710
-76.39920
-76.07970
-78.58138
-77.48482
-81.79330
-74.08087
-63.00301
-60.36930
-59.90946
-60.58592
-62.33602
-63.01576
-62.80258
-62.41055
-63.21756
-63.59495
-64.31259
-65.18002
-65.78851
-66.67452
-67.15453
-68.91972
-65.98328
-66.19014
-73.57304
-71.78739
-72.88133
-73.83512
-68.08806
-69.49058
-72.56068
-71.32278
-71.52037
-70.89437
-70.52329
-70.33018
-71.81756
-80.91402
-83.20021
-124.66634
-76.16595
-65.62144
-65.57041
-67.49849
-67.14962
-66.71378
-64.74663
-60.75316
-60.21430
-59.26250
-58.69442
-59.66117
-59.43237
-61.01367
-60.89317
-62.08868
-63.00914
-62.48450
-63.21510
-62.71901
-63.32485
-62.57178
-62.22228
-61.80609
-62.78786
-62.77714
-62.30847
-63.06327
-63.26312
-63.96739
-63.82848
-64.28822
-64.70784
-64.72429
-64.76784
-64.98068
-65.43250
-67.18938
-67.73272
-67.73905
-68.39143
-68.15097
-69.04002
-63.78192
-60.25888
-60.68881
-61.53861
-62.50542
-63.79625
-64.58845
-65.51014
-65.19587
-63.71561
-66.36337
-72.64812
-74.58699
-70.01765
-72.14070
-77.36104
-68.35103
-61.87013
-59.98121
-60.34597
-60.65857
-61.03930
-60.70840
-63.51701
-69.01591
-72.99112
-63.06171
-58.83297
-59.76593
-59.84125
-61.48475
-61.26999
-60.59295
-61.81134
-62.85522
-64.88914
-65.62784
-65.65539
-66.48215
-66.51644
-67.02398
-67.53464
-67.89339
-67.82947
-68.65297
-69.50018
-69.93790
-69.51971
-66.48706
-69.13365
-71.70275
-71.91470
-73.41604
-74.34214
-74.80844
-73.65642
-75.97065
-76.39026
-77.91357
-79.52008
-74.05917
-65.40137
-62.34533
-62.76959
-63.51345
-63.87520
-64.67582
-65.95816
-67.12713
-67.53640
-67.97628
-68.11502
-68.33687
-68.46599
-69.13596
-68.32761
-66.57411
-67.78788
-69.86728
-69.91944
-69.12256
-70.18508
-68.36750
-67.92342
-69.07145
-69.52326
-69.24535
-70.14443
-76.07687
-85.63645
-87.02918
-89.38580
-77.48912
-83.42012
-66.53002
-59.09243
-57.89446
-58.25302
-60.00885
-61.61624
-61.70619
-59.35331
-60.88521
-61.56024
-63.00491
-64.15614
-64.32161
-65.89931
-65.75876
-66.67327
-66.45789
-67.01546
-66.79358
-67.67993
-67.35696
-68.16056
-66.55968
-66.03830
-61.46644
-59.48510
-60.36656
-60.62526
-61.33658
-61.72680
-62.87427
-62.92653
-63.16429
-63.29032
-63.88640
-64.13561
-64.33613
-64.39765
-64.15244
-64.57544
-64.58906
-65.13735
-65.04819
-65.80129
-65.70617
-66.19487
-66.00378
-66.42285
-66.11227
-66.90533
-66.78493
-64.46585
-67.13629
-67.85382
-71.45756
-88.91917
-77.03654
-69.08476
-75.29314
-85.17199
-89.22705
-92.54778
-95.66696
-94.75658
-109.91856
-91.53685
-97.31608
-82.09289
-81.39219
-70.50661
-62.53923
-64.06870
-63.25942
-63.98802
-63.13216
-64.51031
-66.17499
-65.68911
-62.90767
-60.62856
-61.94025
-62.95965
-64.59907
-65.81233
-66.39069
-66.50040
-68.78486
-71.45560
-69.75835
-67.17468
-66.77178
-66.57930
-70.39067
-72.03013
-72.56846
-73.69200
-74.95666
-76.05477
-75.10527
-75.36894
-75.28956
-77.52325
-77.79141
-79.07584
-78.96456
-84.73313
-85.84496
-92.31507
-85.06311
-79.28777
-85.48835
-89.60610
-88.35472
-88.06858
-88.35876
-87.28390
-88.07857
-86.55180
-95.43985
-74.90542
-67.63556
-65.99644
-65.50412
-66.76851
-66.19840
-65.98571
-66.76138
-66.44554
-67.27711
-70.10597
-75.20599
-77.03884
-78.87975
-79.82696
-80.29992
-79.96884
-80.79554
-69.20632
-60.38793
-59.78431
-63.51482
-67.07986
-65.72551
-62.32218
-58.72570
-58.10564
-59.58625
-57.99954
-57.92754
-59.63896
-59.64523
-61.09284
-61.85408
-61.89300
-62.90401
-62.05297
-62.73635
-62.09279
-62.58598
-62.78225
-62.25125
-62.55377
-62.21557
-61.44523
-62.73831
-63.61984
-64.24040
-64.89740
-64.96994
-65.74216
-65.38429
-65.86871
-60.86957
-61.74620
-63.08167
-62.85830
-64.58141
-64.05528
-64.33183
-65.82341
-62.81634
-59.71042
-60.59572
-61.55271
-62.85315
-63.65797
-65.67216
-65.08835
-66.04936
-64.94891
-66.01841
-70.78980
-73.46212
-76.95166
-69.19119
-63.78583
-57.29674
-54.17397
-55.08563
-57.36875
-59.24207
-60.51896
-62.35135
-67.00363
-66.89767
-70.75005
-63.35880
-58.30510
-59.15748
-58.99984
-60.86936
-61.78357
-61.00734
-62.42887
-63.90455
-64.91834
-65.93992
-66.55768
-67.39722
-67.12588
-67.50531
-67.31157
-67.61001
-67.52879
-67.56857
-67.24492
-67.29201
-65.95993
-64.64626
-65.87001
-66.34365
-66.18605
-66.07719
-66.29250
-66.12105
-69.77640
-74.04879
-75.95750
-76.40316
-78.74264
-71.54779
-63.40947
-60.67091
-61.23648
-63.63275
-64.83478
-65.64704
-66.88538
-67.91543
-69.20592
-70.11162
-70.32693
-70.29480
-70.68705
-71.23023
-71.91406
-71.42949
-67.99143
-68.12828
-71.08685
-70.85811
-71.82153
-69.76548
-66.55447
-71.01232
-72.42931
-73.82895
-73.47263
-74.11187
-80.79942
-81.69018
-84.82639
-83.33723
-88.89380
-75.09184
-64.52414
-59.94566
-59.49571
-58.64779
-61.25765
-59.66482
-59.50550
-60.65769
-58.69600
-60.93851
-60.87916
-61.95421
-62.08980
-63.95637
-66.31501
-66.57477
-66.91702
-66.71108
-66.93129
-66.30778
-67.98994
-66.10520
-65.57185
-62.38099
-60.09654
-61.07336
-61.28554
-61.83783
-61.92389
-62.82041
-63.32283
-63.44392
-63.82239
-64.07862
-63.16278
-62.60695
-63.04380
-62.87290
-62.91517
-62.85157
-63.53264
-63.89054
-64.21520
-64.26156
-65.51020
-65.44951
-66.05242
-65.92625
-66.14761
-65.78090
-66.21187
-66.10509
-65.68189
-69.81813
-76.76013
-71.59485
-68.82791
-76.73276
-80.71489
-83.00473
-83.33648
-84.92265
-85.02144
-87.99187
-89.44812
-105.36252
-92.76558
-89.20682
-65.75190
-62.87681
-63.53949
-62.98878
-63.89896
-63.87511
-65.63190
-62.50899
-63.49714
-62.03404
-60.02079
-60.58444
-62.15634
-63.74672
-64.80436
-66.54230
-67.16096
-69.22899
-70.63701
-72.84957
-72.19159
-74.04365
-68.17299
-69.23033
-66.73588
-61.18398
-61.36252
-61.89139
-62.39448
-61.99833
-62.62740
-62.99565
-64.01851
-63.61746
-66.74984
-73.57817
-74.01979
-78.46545
-82.19502
-89.74859
-80.78105
-72.36374
-62.61294
-60.63139
-61.61651
-62.45210
-62.61813
-62.35117
-62.16093
-69.50717
-77.71599
-67.98663
-65.58918
-65.34828
-65.69643
-64.24481
-65.30938
-63.47388
-63.90610
-65.49181
-68.03775
-68.87896
-67.92379
-70.40596
-76.66725
-77.12752
-81.21576
-68.21113
-61.53770
-59.67645
-58.18941
-59.59148
-61.67487
-60.59700
-60.46002
-58.99262
-58.02657
-60.16024
-58.65345
-59.05541
-59.27268
-60.36090
-61.53506
-60.74508
-61.89629
-61.58690
-62.65236
-62.71179
-62.87797
-63.32743
-62.02908
-63.70445
-63.23652
-62.51820
-62.90149
-62.65398
-63.13387
-64.03893
-64.43319
-64.67836
-64.59046
-64.91467
-64.64959
-57.81163
-56.77691
-58.12085
-59.35415
-60.59287
-61.43109
-62.68914
-63.63551
-64.01774
-63.34343
-63.62808
-64.77157
-66.23949
-66.71756
-67.89860
-68.66136
-67.04350
-64.98401
-70.39338
-70.36730
-72.62690
-76.86918
-70.97962
-69.86246
-76.80039
-70.90692
-62.63307
-61.46567
-62.97928
-63.66714
-64.66049
-66.37262
-67.95266
-65.91606
-57.54559
-56.10163
-57.35892
-58.25693
-59.41931
-60.38563
-59.95205
-59.62545
-61.43367
-61.86992
-62.67011
-63.05154
-63.65738
-64.08437
-64.40203
-65.08697
-64.46205
-64.55146
-65.03945
-65.11032
-64.54477
-65.02230
-64.12757
-63.31066
-64.52973
-65.39192
-65.26293
-66.83926
-71.57515
-72.96482
-74.57867
-75.70485
-74.88290
-62.44922
-58.14165
-57.77397
-57.59556
-57.75371
-57.82150
-58.46152
-58.92053
-59.47169
-60.05345
-60.39306
-60.27027
-60.76400
-60.89288
-61.05120
-60.81522
-60.94998
-61.34220
-61.14931
-61.11702
-62.02408
-61.67930
-61.88025
-61.95720
-61.83900
-62.38844
-63.07503
-62.66002
-62.56390
-65.72867
-72.60852
-76.91047
-83.91200
-78.18800
-60.99177
-57.68752
-57.96411
-57.57122
-57.29414
-57.52721
-58.16279
-58.80809
-57.12392
-57.95125
-58.99282
-58.69762
-59.30462
-59.05375
-59.37285
-60.56039
-64.70100
-66.81369
-67.59114
-67.81324
-67.85179
-67.46925
-67.55214
-67.16726
-65.23030
-61.35814
-59.90904
-60.41195
-61.04078
-61.03647
-61.86165
-62.61314
-63.07857
-63.36722
-63.53876
-63.51931
-61.22012
-61.36208
-61.79819
-62.63347
-63.12338
-63.40858
-63.90855
-63.96417
-64.27259
-64.32512
-64.42858
-64.73523
-65.32717
-65.35414
-65.93842
-66.38984
-66.12846
-66.60481
-66.20368
-71.12728
-76.61085
-78.82882
-72.84070
-68.86983
-78.67728
-80.80575
-84.76148
-84.43323
-85.83790
-86.74237
-85.43159
-93.44495
-90.90272
-89.26840
-65.74970
-62.82996
-63.49329
-63.06148
-64.31971
-62.85665
-61.72064
-60.64947
-61.28704
-63.03139
-62.60606
-62.53701
-63.22808
-63.80264
-64.86789
-65.24570
-66.00386
-65.95345
-65.17730
-60.27340
-58.17590
-58.76790
-58.88750
-60.23226
-57.58584
-57.63481
-58.53546
-58.35716
-60.81324
-61.28377
-60.46982
-58.71011
-59.13894
-60.24755
-60.65360
-60.30549
-60.44295
-60.50725
-59.92794
-60.06563
-60.53896
-60.90355
-60.46128
-61.40533
-61.51997
-61.92717
-61.33755
-62.50247
-61.85716
-65.90070
-72.17644
-90.61531
-66.10511
-56.41374
-59.15986
-60.27577
-59.21706
-59.88905
-58.03808
-55.90790
-58.41710
-63.02872
-64.31599
-65.51715
-65.34778
-68.59956
-77.02654
-79.80736
-82.35751
-66.45010
-60.74478
-59.81826
-60.79783
-61.03514
-60.02910
-58.99377
-57.17596
-58.37589
-58.62837
-58.68471
-59.47871
-59.83528
-57.90571
-59.70890
-65.51492
-67.03788
-68.54490
-70.20838
-69.01419
-71.36134
-65.52254
-62.06877
-69.41231
-71.92625
-73.96208
-73.53885
-73.61907
-74.82345
-74.24851
-79.12065
-75.84244
-85.71645
-67.49857
-62.15158
-64.46807
-66.92577
-73.01194
-77.81281
-76.77530
-65.26874
-60.45191
-61.27058
-61.45428
-62.66665
-64.84348
-66.50723
-65.23719
-64.31025
-65.93131
-66.65497
-67.42237
-70.08619
-70.54419
-71.50576
-73.29313
-63.95733
-61.93974
-62.54767
-64.70549
-66.36069
-67.40340
-68.04549
-70.07094
-70.25721
-72.38781
-72.24252
-73.57709
-69.60042
-59.77785
-61.15088
-59.50578
-58.66595
-58.53173
-59.99150
-59.25768
-56.12225
-56.94429
-58.07161
-59.15939
-59.26424
-59.49817
-60.04520
-60.62749
-60.44399
-60.68594
-60.69963
-60.76414
-59.24813
-59.77487
-57.48844
-60.33863
-59.12041
-56.23214
-59.64229
-58.58940
-59.37420
-59.92738
-59.78477
-58.64148
-59.53978
-60.14772
-60.91300
-60.14849
-57.51950
-56.48400
-57.76637
-59.53008
-60.10456
-62.42059
-62.57681
-63.61578
-63.98539
-64.68083
-64.05373
-65.29974
-64.99819
-67.93579
-64.05970
-64.07922
-69.59969
-66.11695
-68.59355
-72.18793
-66.02400
-62.29928
-67.58881
-70.90926
-71.29823
-71.83470
-71.16740
-72.17887
-71.54199
-72.29644
-72.46884
-72.10658
-72.78345
-61.08883
-58.43484
-61.20307
-61.66735
-63.37928
-63.52855
-57.28780
-54.62568
-56.01184
-57.65608
-60.44949
-61.31311
-62.57194
-62.32005
-62.20951
-62.80822
-63.27715
-63.52576
-63.54571
-64.27897
-63.41355
-64.01845
-61.37529
-59.28886
-57.94371
-58.27598
-59.89762
-60.62839
-60.66186
-61.15758
-60.53878
-62.49346
-66.69821
-71.59971
-66.55597
-59.83943
-60.85391
-62.53250
-63.11268
-63.18707
-61.63651
-58.66658
-59.86571
-62.33618
-62.40653
-63.84139
-64.62024
-65.36948
-66.64068
-67.84025
-64.81969
-60.97983
-60.66637
-59.75320
-60.09854
-60.05788
-58.13800
-62.32640
-62.98236
-62.70652
-62.56548
-62.75329
-63.54758
-63.43226
-64.29113
-64.41882
-64.92689
-63.42138
-64.79786
-61.41466
-60.12573
-63.33342
-63.73439
-62.66626
-63.25587
-63.17801
-60.31247
-58.23877
-59.18937
-60.05972
-60.54197
-59.96332
-61.23565
-61.65566
-61.35741
-61.47124
-61.62978
-61.37251
-61.25748
-60.35975
-58.38545
-63.82979
-63.79904
-62.39817
-63.59207
-64.14720
-66.63117
-65.83161
-65.92557
-69.40262
-70.69463
-71.10595
-68.88956
-60.31856
-56.82934
-56.10566
-57.42161
-58.68534
-60.45499
-59.84958
-58.69573
-59.54533
-59.68224
-61.56790
-63.03772
-63.92322
-63.59486
-62.80117
-67.41415
-64.10768
-62.77775
-65.20852
-63.25172
-63.83577
-63.63807
-61.27137
-60.67649
-62.15164
-62.67431
-64.85720
-66.05289
-67.17824
-68.29044
-69.09569
-71.26312
-71.45401
-72.95226
-65.75802
-64.53456
-65.93992
-65.60374
-65.53022
-65.75859
-61.04662
-57.13437
-58.18569
-58.92645
-59.05228
-59.39220
-60.24253
-57.94176
-58.92836
-64.31459
-66.78286
-68.27194
-68.71863
-69.02687
-69.18852
-69.27293
-62.77631
-66.78937
-73.48970
-72.28853
-74.35263
-72.49149
-74.78994
-74.51901
-76.87344
-77.52969
-78.01482
-82.11446
-69.29904
-62.47078
-63.92392
-66.06094
-71.93814
-77.08797
-65.79871
-60.49026
-60.71522
-62.44432
-63.31967
-65.88207
-65.47369
-65.60866
-63.29288
-68.26962
-67.61496
-65.28403
-70.42633
-71.88560
-71.64780
-74.56518
-67.68668
-60.14390
-61.58273
-62.49118
-62.98931
-63.45919
-64.35106
-65.08768
-65.42507
-65.80319
-65.43874
-64.27934
-64.66972
-60.87453
-57.02685
-58.83281
-60.31958
-59.91847
-60.85125
-60.12263
-58.14509
-57.31135
-57.36099
-58.89283
-59.46789
-59.04456
-59.93028
-60.17846
-60.84456
-60.54903
-59.28786
-59.57290
-60.39139
-59.28389
-57.74907
-59.95497
-56.95221
-56.92628
-59.32609
-58.05170
-59.48065
-60.19355
-59.87800
-58.91475
-59.79950
-60.59448
-61.46668
-59.43559
-56.98107
-56.59297
-58.21872
-59.68214
-60.65443
-62.66722
-62.89196
-64.07431
-64.38698
-64.76182
-64.30486
-65.43894
-65.60003
-67.29335
-66.03216
-62.60972
-63.19610
-66.36438
-67.51458
-66.77922
-70.24102
-62.38743
-63.91112
-71.57338
-70.69470
-72.12541
-71.32737
-72.39811
-71.71396
-72.42143
-72.56964
-72.06965
-71.95838
-65.31934
-59.39593
-59.84280
-60.01140
-61.41690
-61.71312
-56.93370
-55.10391
-56.20908
-58.31622
-59.83755
-60.29148
-60.92939
-62.15515
-62.21849
-61.57818
-61.73127
-62.35595
-63.25289
-63.94242
-63.69762
-64.20727
-61.89640
-60.14811
-58.06484
-57.98269
-59.72343
-60.36527
-60.68056
-60.89748
-60.71998
-61.04311
-65.15327
-70.06167
-69.41538
-60.64551
-59.08416
-62.88225
-62.47329
-65.35123
-60.59334
-57.06167
-60.34193
-61.73013
-62.12106
-63.47222
-64.47874
-65.33535
-65.67083
-66.64474
-67.99246
-63.98429
-62.19648
-61.72355
-60.15145
-60.29531
-60.20728
-61.41905
-61.82903
-62.55417
-63.30395
-63.73300
-64.06233
-64.23203
-63.97354
-63.82425
-63.78986
-63.82057
-64.34018
-59.49880
-60.50142
-63.25654
-63.46672
-62.86168
-61.79151
-62.78706
-60.06182
-58.69252
-58.66543
-59.88471
-60.39617
-60.31836
-60.87142
-61.39662
-61.15931
-61.61343
-61.45408
-61.48088
-61.03186
-60.88541
-58.75678
-57.40882
-63.12927
-63.92889
-62.73597
-63.23687
-64.26807
-65.81998
-67.31618
-69.43476
-70.35077
-70.16576
-71.08972
-65.18875
-57.76215
-56.26489
-56.60143
-58.68380
-59.90772
-61.87483
-59.47663
-59.07743
-60.07562
-60.51404
-62.65227
-63.50123
-63.93567
-62.73191
-64.90026
-63.98713
-65.97607
-64.80324
-63.74663
-63.57673
-64.30238
-61.43031
-60.60590
-61.46725
-62.08043
-65.32869
-65.40178
-67.20330
-67.30983
-70.14061
-69.63675
-71.73369
-71.16240
-72.41777
-65.98673
-63.21346
-67.01719
-65.78966
-68.81481
-65.26075
-61.13741
-62.95339
-65.04475
-66.52803
-67.15253
-67.26909
-68.85650
-69.74005
-71.09130
-70.48426
-72.46475
-72.68246
-74.55590
-73.50055
-76.46501
-72.35887
-67.42661
-71.94070
-75.70482
-77.05618
-78.02811
-78.94357
-78.38505
-80.62212
-78.03170
-84.42671
-80.37574
-85.17897
-67.95836
-61.98972
-61.59227
-62.12030
-70.74733
-71.58779
-65.30138
-64.06913
-67.48348
-68.40266
-72.78136
-71.74670
-76.20859
-75.07431
-82.16065
-72.63490
-64.86600
-69.28926
-72.56741
-72.45292
-79.13170
-68.49580
-62.02629
-62.45502
-62.72800
-65.14294
-66.86156
-68.31365
-69.24666
-70.27497
-71.51547
-73.49229
-74.04037
-74.07779
-64.98707
-61.69414
-60.70220
-60.95584
-60.89167
-60.65003
-61.05893
-60.04601
-59.42644
-59.54514
-61.81523
-61.82684
-62.82576
-61.87925
-63.27301
-63.24859
-64.51278
-62.85880
-61.33424
-61.73985
-64.23678
-63.05224
-61.86766
-63.39602
-56.47934
-58.36788
-60.01066
-58.64280
-59.73568
-60.21978
-59.94303
-59.56705
-60.57977
-60.70509
-61.45860
-61.00379
-61.21587
-61.06730
-62.36742
-62.55550
-62.84512
-62.57144
-63.31854
-64.13257
-64.50401
-64.73690
-64.54011
-65.67589
-65.75931
-68.34798
-64.31645
-65.50500
-65.64542
-67.20182
-70.93961
-69.93674
-65.21115
-62.97044
-69.97001
-70.53187
-72.66160
-71.55239
-72.49751
-72.76088
-72.66670
-74.36059
-73.02732
-75.21202
-66.40175
-59.40134
-59.67357
-61.44284
-61.57280
-65.93708
-60.58949
-55.90767
-55.84050
-57.40228
-59.63173
-60.97534
-61.86203
-63.50655
-64.74574
-66.33645
-66.62405
-66.99321
-65.78731
-67.20408
-67.13076
-69.25279
-65.88382
-61.00268
-63.44336
-64.99123
-66.23726
-66.86443
-67.84237
-69.01575
-69.54379
-69.91768
-70.07402
-70.05023
-70.64879
-70.87256
-70.73451
-70.74067
-70.92973
-70.39530
-69.88004
-60.97702
-58.60087
-61.87597
-61.67050
-63.32215
-63.31203
-64.90015
-65.16458
-66.48010
-67.64589
-65.95988
-63.86072
-62.47775
-63.03620
-63.05726
-62.73505
-61.43912
-62.86836
-63.06136
-63.57692
-63.82834
-64.90062
-65.51485
-66.78249
-66.50944
-67.18115
-65.77169
-66.40102
-63.30445
-58.38609
-58.48659
-59.69596
-59.97345
-59.52951
-60.95572
-61.09876
-61.90307
-62.82285
-64.50600
-65.42431
-65.98315
-66.54611
-67.04889
-67.52055
-67.85225
-67.44879
-68.67420
-67.98068
-69.38441
-65.06284
-61.96479
-67.68102
-67.82316
-69.06925
-68.30726
-69.82247
-69.69866
-70.56511
-69.92199
-70.98585
-70.49750
-71.30649
-69.97182
-64.06614
-64.67571
-66.65010
-66.35754
-67.26386
-66.38672
-60.23946
-61.77818
-62.24350
-62.18217
-63.27244
-64.17986
-66.30954
-67.31272
-67.52552
-65.62610
-64.30199
-65.23914
-66.77304
-66.36604
-67.88913
-62.90624
-61.48235
-61.66441
-62.23597
-63.43985
-64.18795
-65.17087
-66.03878
-67.30207
-67.88754
-69.72634
-69.48536
-70.16691
-67.82486
-63.95463
-65.05601
-65.66529
-67.31586
-74.76427
-80.71774
-87.53204
-89.38351
-93.00932
-92.73058
-97.16312
-99.63962
-101.72974
-104.02791
-103.10164
-106.06190
-105.13611
-110.15234
-107.87947
-112.34916
-112.54790
-110.73794
-127.31930
-106.60044
-119.42777
-103.19026
-106.98674
-100.09840
-101.13542
-96.40283
-94.92619
-87.03894
-73.16098
-68.18712
-64.83844
-67.18355
-70.12422
-78.09842
-78.58894
-65.91744
-64.97948
-69.22165
-70.76954
-71.91957
-72.64087
-73.81822
-76.59960
-77.28535
-78.90586
-72.53184
-68.40695
-69.33607
-70.88334
-70.78275
-72.04736
-68.59086
-62.21583
-61.77402
-64.24909
-65.37280
-67.31354
-68.02333
-69.55730
-70.03526
-72.18210
-71.08897
-74.07398
-67.72247
-63.12703
-64.14165
-64.98588
-65.49810
-63.04375
-63.34710
-61.64503
-60.15025
-59.40427
-61.48354
-62.39441
-63.28065
-62.58601
-62.55295
-66.24106
-72.41016
-73.23426
-57.19267
-56.32166
-57.70935
-58.03935
-59.21540
-60.38897
-60.57508
-59.07899
-59.84649
-60.22865
-60.54303
-59.87248
-60.32025
-60.13070
-60.20090
-60.19820
-60.79224
-60.75933
-60.76583
-61.07246
-61.68924
-61.28958
-61.58786
-62.23774
-62.47588
-62.50911
-62.75637
-63.15227
-63.51502
-63.58659
-63.65057
-64.50465
-63.25340
-63.50529
-63.88640
-64.92971
-64.94416
-66.52218
-62.43521
-62.86426
-67.00258
-66.33614
-67.41817
-67.08124
-67.81132
-67.57411
-68.19275
-74.62011
-85.15180
-102.78831
-73.93879
-60.56782
-59.32524
-61.36906
-61.52543
-63.46112
-62.64762
-57.02045
-55.46665
-56.29205
-57.77450
-59.54397
-59.95700
-61.53769
-62.18334
-63.97236
-64.61507
-65.97277
-65.80319
-66.43497
-65.81757
-66.81659
-65.64775
-60.39178
-62.24055
-63.81651
-64.76962
-66.71020
-67.38817
-69.14440
-69.58417
-70.17553
-70.44241
-70.58432
-70.76210
-70.73029
-71.08543
-70.66774
-71.33467
-70.01793
-71.92517
-64.07289
-58.22402
-60.87098
-61.94081
-62.80791
-64.04725
-64.58110
-65.91221
-66.14833
-69.48325
-64.14590
-62.78581
-63.13038
-62.62521
-65.47070
-64.27446
-61.20256
-64.38009
-66.37913
-66.56904
-67.09357
-67.60602
-67.68651
-67.70836
-68.15135
-67.94227
-68.02865
-68.01964
-66.11656
-58.46649
-57.87546
-59.06187
-60.16572
-59.48097
-59.69735
-61.71550
-61.69193
-62.91409
-64.05059
-65.22531
-65.44595
-66.54397
-66.58153
-67.77391
-66.91691
-68.54709
-67.73770
-69.12472
-67.41305
-70.04797
-64.23038
-61.40086
-67.34473
-67.68635
-68.63509
-69.48932
-69.61625
-70.56465
-69.87824
-71.12670
-70.09273
-71.44059
-68.84496
-61.57071
-61.74530
-63.76136
-64.65118
-65.72119
-66.24702
-60.59962
-59.84307
-61.57409
-61.35059
-63.42745
-64.12646
-65.81710
-66.96920
-67.38934
-68.73486
-63.53354
-64.38491
-66.98399
-65.71761
-68.14043
-63.77660
-61.71712
-60.86542
-61.35590
-62.06813
-63.04536
-63.93536
-65.29379
-66.31883
-67.61401
-69.15002
-70.47497
-70.70063
-71.40281
-73.99889
-76.50832
-77.96228
-78.36168
-69.96328
-60.48606
-60.71133
-63.31961
-64.81101
-66.35148
-67.68395
-69.55660
-70.80013
-73.01284
-73.33734
-74.81556
-75.03231
-75.84181
-77.22238
-76.50320
-79.40883
-71.01637
-69.80401
-79.28743
-79.65756
-82.57686
-80.23790
-81.65031
-81.87996
-83.83659
-82.27399
-80.34987
-79.15506
-78.42271
-78.31836
-79.40613
-80.04417
-80.75569
-78.90202
-75.05660
-78.56471
-79.70315
-82.25024
-81.86946
-80.50243
-77.91346
-77.72578
-77.00183
-81.94863
-72.81402
-69.78298
-73.73822
-75.64463
-77.37310
-79.38737
-77.06336
-68.73387
-71.92339
-76.90135
-76.44741
-76.04847
-76.60755
-79.32670
-81.19420
-80.71341
-79.01197
-80.92105
-77.14694
-75.30685
-76.99377
-76.93018
-77.08549
-76.25447
-69.13109
-70.82111
-73.37256
-77.42300
-78.23366
-84.32415
-71.73347
-65.37226
-68.81076
-70.77032
-71.88106
-71.08389
-71.18564
-70.97490
-71.21130
-70.47931
-71.52741
-68.41182
-68.85333
-74.32046
-77.18430
-80.08334
-78.25830
-79.59954
-78.23606
-77.93479
-79.08261
-78.81103
-76.09538
-70.73558
-67.02757
-69.88853
-73.97019
-78.61454
-78.76500
-77.45177
-78.64263
-78.82114
-81.52611
-80.30901
-78.91943
-76.92207
-76.16423
-74.94342
-75.26778
-70.91953
-68.03165
-70.95500
-74.13894
-78.49689
-77.40227
-69.69050
-71.21576
-70.21467
-71.18078
-75.11363
-74.50426
-75.53032
-77.09124
-80.14852
-78.98024
-80.51500
-75.39608
-74.59006
-76.30165
-76.29351
-76.41308
-77.49709
-71.24175
-67.12411
-68.11068
-70.89265
-74.08645
-76.07180
-77.62618
-77.94287
-78.65543
-79.80574
-78.75841
-78.37293
-77.38883
-80.89132
-80.91078
-80.37443
-80.02926
-70.10709
-71.44405
-80.46272
-79.81537
-83.65836
-81.24840
-82.92316
-83.87154
-82.39546
-81.86779
-78.78105
-82.67736
-67.73593
-64.54987
-68.55924
-69.50130
-72.38781
-72.66985
-72.32826
-74.45343
-76.67299
-77.63552
-79.81867
-81.11597
-80.42265
-82.67282
-80.33953
-86.71171
-74.08399
-69.89935
-73.10668
-77.48501
-79.28011
-85.60115
-77.82819
-71.41710
-73.46657
-75.40467
-77.15307
-79.02749
-77.67595
-79.41348
-78.77579
-81.97702
-78.48904
-80.95264
-76.72164
-65.71107
-65.27917
-66.51253
-67.40665
-68.45514
-69.34194
-70.39019
-71.41438
-72.48355
-73.43591
-74.94516
-77.05984
-77.23394
-80.41638
-79.21128
-85.54770
-74.50137
-64.70615
-66.99282
-69.43445
-70.93019
-73.04156
-73.49056
-74.17942
-75.72074
-78.40903
-78.86373
-80.37414
-80.65575
-81.33456
-81.92567
-83.68785
-84.39473
-84.96428
-87.79395
-87.17386
-89.28943
-85.57472
-91.06360
-79.47109
-67.49692
-66.84980
-67.61999
-68.28418
-69.19500
-69.82707
-71.17794
-72.11023
-73.20586
-73.75070
-74.72444
-75.43411
-76.45599
-77.33596
-78.68220
-78.94709
-80.19136
-81.41091
-82.01899
-83.24686
-83.95549
-85.20943
-84.45717
-85.62257
-85.37336
-85.34812
-85.44971
-87.51693
-89.52719
-91.02106
-91.65550
-88.62951
-88.90230
-86.69118
-88.68405
-67.98567
-64.80865
-65.95827
-66.22370
-67.45795
-67.30269
-67.99248
-68.45409
-70.03593
-69.68395
-69.92302
-69.87241
-70.68880
-71.20126
-70.38147
-69.84218
-70.34185
-71.15465
-70.90063
-71.56646
-71.12400
-71.82814
-72.22201
-71.59788
-71.40236
-71.38302
-71.46736
-70.63687
-70.53693
-71.10287
-70.90477
-70.79497
-69.80515
-69.13820
-66.90954
-65.17617
-64.42061
-64.33234
-64.44725
-63.85251
-63.99648
-64.95090
-65.24750
-65.64426
-65.35907
-64.35334
-68.11531
-68.52561
-65.10667
-65.23162
-64.93034
-64.50963
-64.53003
-64.52203
-64.40092
-64.79897
-65.35086
-65.46171
-66.70404
-67.04820
-66.91767
-68.26912
-68.22237
-67.87678
-68.46735
-68.04664
-66.31151
-66.68939
-65.97930
-64.55048
-64.44728
-64.67003
-65.37800
-65.20824
-65.34556
-65.40591
-64.83510
-64.80359
-65.62516
-66.10877
-65.88234
-66.01707
-66.75074
-67.29684
-66.52292
-66.01371
-65.61244
-65.43973
-65.98315
-65.51701
-65.68396
-66.66396
-66.94063
-67.06266
-67.89328
-68.17459
-68.07486
-68.45628
-68.70219
-69.43752
-68.85673
-68.52524
-69.18531
-69.74297
-68.19417
-67.69432
-68.71667
-69.57642
-69.50791
-69.42074
-69.60209
-69.36228
-70.45986
-70.08382
-71.02852
-68.32672
-65.20255
-64.94615
-65.04293
-65.08619
-67.10742
-66.35567
-62.43181
-64.44977
-67.84138
-68.52072
-70.20631
-69.64522
-69.08362
-67.09545
-68.34580
-67.77545
-70.03987
-68.23080
-66.00258
-66.16514
-64.70021
-66.86368
-65.81927
-66.91410
-67.22900
-67.59449
-67.69771
-67.96390
-67.91678
-68.80168
-66.65140
-63.78370
-68.11794
-68.05141
-67.21785
-67.11684
-62.77425
-63.95474
-67.72804
-65.95181
-65.72635
-66.86594
-67.80019
-66.19678
-65.16922
-65.23369
-67.21764
-65.99896
-64.25875
-64.41158
-66.41435
-65.81086
-65.01561
-64.34807
-63.23886
-65.43153
-65.67422
-66.93733
-66.60545
-68.61258
-68.20961
-67.10132
-68.19557
-68.62590
-67.64258
-65.73808
-66.48518
-67.85009
-67.28664
-69.72656
-64.65006
-61.87965
-65.27936
-63.85756
-63.38436
-64.42137
-65.19943
-64.74601
-65.51081
-65.64955
-65.79356
-65.41255
-65.28914
-64.02049
-64.70292
-65.51944
-64.81852
-64.66428
-63.19135
-66.05644
-69.12454
-71.37734
-70.74898
-71.62203
-70.57972
-71.36239
-69.53303
-72.15256
-68.29130
-66.78195
-71.09313
-71.12499
-70.55769
-72.42594
-66.75670
-62.11803
-70.12738
-65.40430
-61.79502
-61.97244
-61.84406
-63.14317
-65.70625
-65.07219
-65.89277
-69.10375
-69.26917
-69.40845
-70.54913
-71.74780
-70.50424
-72.43285
-65.36071
-68.05337
-69.38026
-67.55158
-63.79794
-63.06935
-63.87779
-63.37368
-63.35748
-63.29878
-63.70519
-62.32447
-61.89011
-61.91364
-63.98970
-75.66358
-71.91986
-63.96289
-68.18889
-64.81250
-65.04757
-65.02841
-65.68059
-75.71005
-88.65674
-96.58121
-100.49136
-81.10848
-70.22212
-69.41886
-68.34670
-62.03355
-60.75582
-60.69729
-61.10759
-61.53567
-58.29854
-58.83623
-61.11715
-61.31325
-61.96472
-62.68672
-63.20205
-63.66432
-64.11502
-64.04329
-61.92197
-63.97672
-65.84826
-66.27902
-66.00901
-61.82053
-64.09833
-68.22593
-67.87363
-68.75270
-67.08166
-70.25229
-69.20220
-70.29457
-68.88036
-70.31221
-68.84246
-70.53140
-66.10695
-59.37593
-62.94401
-64.60602
-63.44563
-61.36165
-63.92873
-64.98511
-63.10682
-64.05804
-65.03228
-65.32946
-64.08835
-64.61570
-63.78598
-63.24749
-63.97645
-63.58030
-65.13293
-66.89286
-69.10365
-62.71338
-59.78894
-65.45029
-64.58072
-65.00368
-65.34873
-64.55570
-64.83815
-64.44646
-64.85247
-66.61783
-67.08296
-67.18761
-64.16700
-59.90442
-59.43621
-59.93213
-61.25468
-64.23319
-61.20441
-58.49433
-60.01574
-60.58822
-61.66233
-61.77138
-62.03134
-62.12642
-62.21479
-62.23010
-61.44533
-61.19344
-62.20886
-62.25216
-63.27062
-63.96434
-61.02396
-63.35913
-64.40738
-63.98766
-64.83715
-65.07821
-64.83262
-65.17279
-66.08961
-66.90170
-67.82012
-68.00992
-68.14151
-68.79984
-69.25878
-68.98881
-69.26988
-64.28509
-63.36056
-59.94539
-59.78252
-60.09210
-61.23891
-62.66628
-62.27913
-63.11045
-62.60662
-63.42008
-63.84127
-65.19654
-61.63060
-64.60104
-63.43382
-64.48202
-61.90918
-61.43340
-64.03619
-61.92628
-66.71862
-66.28780
-67.92862
-68.16141
-68.52694
-67.31929
-66.61388
-66.43796
-66.34588
-63.84936
-62.72970
-64.34279
-64.27874
-64.41322
-63.08789
-56.71895
-55.84256
-59.42484
-59.20620
-59.22113
-59.68421
-60.16146
-59.25062
-60.41241
-59.52561
-58.49760
-60.25512
-61.08034
-60.53084
-61.81548
-61.13022
-60.51052
-62.76278
-65.28999
-66.11490
-65.77499
-66.46762
-64.96647
-64.54892
-64.52332
-66.52664
-64.97589
-64.88102
-64.83927
-66.64632
-65.55955
-66.18544
-63.09265
-63.99279
-62.51051
-59.90804
-61.19883
-60.49230
-62.92921
-62.20022
-64.03192
-64.37797
-65.63114
-66.14770
-64.49599
-62.20625
-64.88050
-64.46199
-65.64672
-64.30395
-60.83973
-64.77609
-63.84286
-63.26527
-63.64978
-64.75492
-65.18032
-65.21842
-65.04293
-66.34723
-65.81910
-66.18713
-61.79045
-59.33566
-61.18783
-61.35746
-61.32000
-61.32102
-60.21473
-60.17664
-61.63228
-62.39790
-62.78298
-62.41006
-63.06038
-64.46348
-63.76854
-65.25165
-63.60380
-62.03118
-65.29675
-65.46532
-65.95693
-68.36169
-63.91043
-60.94973
-62.43060
-62.53645
-62.69025
-64.23976
-65.31555
-65.16782
-65.68104
-67.96484
-67.98737
-68.81917
-66.55283
-63.70468
-63.65405
-65.28320
-66.47716
-63.59546
-64.69113
-62.93464
-60.23646
-62.53600
-62.26314
-61.71343
-61.81781
-62.94347
-62.97964
-62.86177
-61.78756
-61.75269
-61.45662
-63.45278
-63.49391
-60.94036
-60.70543
-59.18053
-63.83005
-63.02169
-64.15055
-65.27980
-65.71696
-66.96607
-65.38723
-66.83177
-65.58306
-67.52145
-65.80190
-63.31116
-58.24300
-58.67276
-59.90319
-60.35749
-63.31478
-60.72302
-59.90812
-61.69708
-62.24541
-63.54129
-64.89907
-66.54817
-66.15167
-68.30541
-66.68776
-64.27607
-66.22171
-68.35184
-68.61994
-70.76779
-65.79212
-61.78655
-67.43762
-68.06039
-69.06424
-67.96787
-70.04539
-70.03410
-70.37931
-69.96073
-72.42557
-71.85460
-72.08822
-67.65974
-59.68604
-62.33262
-65.20670
-63.07403
-61.92828
-64.90417
-65.13246
-64.96599
-64.97915
-64.72894
-64.64024
-64.49496
-64.92712
-64.45440
-64.79556
-65.92353
-65.47118
-65.00945
-66.26002
-68.05319
-64.37930
-61.34734
-64.67022
-64.97332
-65.35248
-66.06886
-65.77084
-65.75867
-66.37167
-66.28198
-66.07287
-68.04091
-67.65969
-67.12330
-63.29841
-60.36531
-59.94004
-59.81000
-61.88026
-61.83520
-60.50182
-62.45211
-63.73891
-65.09753
-65.77742
-65.34236
-64.86325
-63.17406
-63.68917
-63.62367
-61.82206
-63.66276
-63.80496
-64.86968
-66.21556
-60.96651
-61.55100
-64.26899
-64.21544
-65.21491
-65.67948
-66.70526
-67.61044
-68.87140
-68.18806
-68.98633
-68.89690
-68.70136
-68.56988
-69.46333
-69.60411
-71.28611
-69.99103
-63.56163
-61.29099
-60.27647
-59.78904
-61.07296
-62.96605
-63.05924
-62.61372
-62.18186
-63.54780
-62.83867
-64.62707
-66.21191
-63.35600
-64.00017
-65.89201
-62.76357
-61.50443
-64.84444
-64.02952
-65.06444
-67.09040
-67.47526
-67.52132
-69.14274
-69.74094
-66.82629
-67.64588
-65.89869
-65.95429
-62.38601
-63.04887
-63.72891
-64.63925
-63.95317
-55.06092
-56.04712
-59.21470
-58.02467
-59.05629
-59.86392
-59.83640
-59.35190
-60.19737
-60.35196
-60.38166
-60.13148
-61.16891
-60.99393
-62.35156
-61.16998
-59.23007
-61.47413
-63.01538
-62.88097
-62.42189
-63.61723
-62.71447
-62.99923
-63.23662
-64.78617
-64.44381
-64.11705
-63.59356
-64.95950
-65.51817
-64.65240
-64.97310
-63.21360
-65.31225
-61.76466
-61.09168
-60.70735
-62.20893
-62.31074
-63.03922
-63.80576
-64.73868
-65.99217
-66.07093
-64.58974
-63.67650
-65.61596
-64.45855
-66.61731
-60.21510
-63.19612
-65.96202
-63.63386
-64.75875
-65.37876
-66.23238
-65.82956
-66.85298
-65.96242
-66.94650
-66.41141
-65.82130
-59.91549
-60.10906
-61.36956
-60.79850
-61.67449
-61.24648
-61.37983
-62.35672
-63.02984
-62.70672
-62.78415
-62.21781
-62.86566
-62.29088
-63.79372
-62.19827
-62.41668
-64.72331
-65.09237
-65.46401
-66.75905
-64.46259
-60.39163
-62.94584
-63.34716
-63.30942
-64.09525
-65.48824
-66.16324
-65.37777
-66.57136
-67.82621
-67.59365
-68.77667
-64.04607
-61.39251
-63.98377
-63.46365
-63.14306
-61.56099
-60.40057
-61.19326
-62.16800
-62.08920
-62.45705
-61.91537
-62.87117
-62.77598
-62.62864
-62.73527
-63.10849
-62.26537
-62.84770
-65.10374
-63.23951
-62.95307
-59.74227
-61.58525
-65.11540
-65.45728
-66.12466
-66.82747
-66.52401
-66.80822
-66.45412
-66.96543
-67.56599
-66.51920
-64.75626
-59.40880
-59.16106
-60.05121
-60.38355
-62.94379
-60.91074
-58.13036
-60.52178
-61.74117
-62.60423
-62.87676
-64.54671
-65.91695
-65.70181
-65.60545
-63.64797
-66.79838
-69.57097
-67.36222
-69.11915
-67.28449
-62.45416
-68.54590
-71.29566
-72.71821
-73.13138
-70.69233
-71.21884
-70.57404
-70.80261
-70.74140
-71.60776
-69.94888
-70.86654
-72.35574
-71.91690
-72.19964
-72.35205
-65.65335
-68.24137
-69.86449
-68.01248
-68.30042
-67.95598
-68.29769
-67.65426
-68.45748
-68.31134
-67.92587
-66.79968
-66.08040
-66.49928
-68.12920
-73.66633
-68.78052
-64.41239
-66.48410
-67.46598
-68.12984
-68.30878
-68.93882
-68.03007
-68.57991
-68.63513
-68.97071
-70.58427
-70.16337
-69.02816
-67.42673
-69.15844
-70.30336
-70.81328
-69.09590
-66.01685
-62.57529
-63.39802
-65.04198
-66.32877
-67.66623
-67.46716
-68.31274
-65.97824
-65.74913
-63.46486
-64.79644
-65.56842
-66.07287
-65.79821
-67.52684
-64.72279
-61.75003
-67.71914
-68.09949
-68.38812
-68.59281
-68.88713
-69.33013
-69.61009
-70.10486
-70.79744
-71.20898
-70.79971
-70.40866
-72.46566
-72.02720
-74.07043
-69.89443
-66.58604
-72.76080
-70.75091
-72.03861
-71.94010
-73.83782
-73.07298
-73.71473
-73.40724
-73.91068
-74.07344
-71.71298
-68.48667
-67.70718
-69.79490
-69.06935
-71.16551
-62.85070
-64.27328
-67.60620
-67.90999
-73.22866
-72.50056
-74.14316
-73.88249
-75.34710
-73.08207
-72.57529
-72.69612
-70.98232
-73.57448
-74.39303
-71.52733
-71.86437
-69.58153
-66.16757
-60.82256
-62.36805
-64.98872
-66.24838
-66.84998
-65.81101
-67.24166
-67.36193
-69.91592
-65.24776
-66.01209
-71.00072
-75.16612
-71.60101
-75.34909
-65.15103
-63.94396
-72.47309
-70.33895
-71.91170
-71.86349
-73.27987
-71.58934
-71.03431
-71.36882
-72.94327
-70.17201
-69.23778
-70.12044
-72.94332
-70.87922
-72.01358
-66.92679
-66.50560
-71.62808
-70.90606
-73.91415
-72.43661
-74.31398
-72.32064
-72.68327
-72.56379
-75.15182
-72.92949
-68.51200
-69.21695
-73.15730
-71.73073
-76.08569
-66.80934
-63.95058
-70.51222
-69.79708
-70.12422
-70.67082
-72.08810
-72.00527
-72.47199
-73.40202
-72.06051
-72.93754
-68.15371
-62.69962
-62.36633
-63.46608
-64.03681
-65.05998
-63.94138
-61.02137
-61.68262
-62.88202
-63.32061
-64.37124
-64.45091
-65.63768
-65.94263
-67.01149
-67.87271
-69.26394
-70.50801
-71.66269
-73.14077
-74.36800
-75.27405
-77.02561
-77.50221
-78.98589
-80.36777
-80.59352
-81.45652
-81.82558
-82.74471
-82.65538
-83.43136
-82.68533
-82.76183
-82.34310
-82.13909
-81.50053
-81.27960
-81.01940
-78.54822
-80.08897
-81.45464
-81.13689
-81.47109
-81.34391
-81.87408
-82.06659
-82.54060
-82.40389
-83.30715
-83.34484
-84.16180
-84.11268
-84.66408
-85.29827
-83.69457
-79.50887
-86.25795
-84.59761
-86.61605
-85.24164
-86.41588
-85.39981
-86.66177
-86.66504
-86.89860
-87.84506
-87.12010
-89.83843
-86.07858
-92.87279
-83.93709
-101.41089
-69.93529
-63.50930
-59.09537
-58.38025
-59.66371
-59.23170
-59.30182
-60.45995
-58.97177
-57.97512
-62.97759
-66.83337
-68.54754
-69.52222
-70.33111
-68.66550
-71.19885
-63.65191
-63.26550
-74.49530
-71.64590
-74.72135
-72.58994
-74.74196
-74.01544
-75.68406
-77.41200
-77.51214
-80.40827
-64.39924
-62.93675
-65.87883
-71.33146
-76.84444
-80.45904
-70.52768
-61.46273
-60.33871
-61.82611
-62.02451
-64.20617
-65.42830
-65.93139
-63.84380
-65.36665
-71.59135
-64.56909
-66.69281
-71.98878
-71.92751
-73.21452
-72.42311
-61.53437
-60.18547
-63.99375
-65.19311
-67.22336
-68.08436
-69.10497
-70.57325
-70.51111
-73.16554
-71.44610
-74.49781
-66.05565
-60.33085
-61.72043
-59.26753
-58.90384
-58.99656
-60.21392
-58.32499
-56.44510
-56.83524
-58.08328
-59.28043
-59.04152
-59.51211
-60.04898
-60.18815
-60.89307
-60.87762
-60.92474
-59.66736
-59.73056
-59.61686
-58.65891
-62.24356
-56.69568
-57.06799
-59.12745
-58.32188
-59.49810
-59.82973
-59.37700
-58.86518
-60.23410
-60.82129
-60.51362
-57.32527
-56.73564
-57.49524
-59.34140
-59.93792
-62.33473
-62.36555
-62.95876
-63.74866
-64.68084
-64.68374
-64.49018
-65.14023
-65.54509
-67.88254
-62.70833
-67.06822
-66.78981
-67.01251
-70.67130
-70.08563
-63.43648
-64.17937
-72.77470
-70.09909
-72.79485
-70.68918
-72.46317
-71.49465
-72.65285
-72.18635
-73.07560
-69.96109
-61.73148
-59.36800
-59.44078
-61.51681
-63.01096
-63.47040
-61.02398
-55.06764
-54.40904
-56.26102
-59.13931
-60.91737
-60.08099
-60.59002
-60.67765
-62.91571
-62.97820
-62.79254
-62.24639
-63.46547
-63.76888
-65.20153
-64.41121
-60.68537
-58.67391
-57.92815
-59.34607
-60.42205
-60.65007
-60.86147
-60.81067
-60.74189
-64.12495
-69.10782
-70.34205
-61.29905
-59.91952
-61.54499
-62.99486
-63.02884
-63.08991
-61.91927
-58.39099
-60.77033
-62.20951
-62.52712
-63.37191
-64.32018
-65.64340
-66.48197
-69.15995
-64.78126
-60.87012
-60.88788
-60.02050
-60.68319
-59.03714
-59.35595
-62.68350
-62.49815
-63.59880
-63.23035
-63.77630
-63.48005
-63.70801
-64.12135
-64.04619
-64.55526
-63.41576
-66.91578
-62.57872
-59.11941
-62.43502
-62.46239
-63.06977
-63.56345
-60.89699
-58.84547
-58.73590
-59.72080
-60.19132
-60.22173
-60.51092
-61.40152
-61.35265
-61.50433
-61.64239
-61.27633
-61.55681
-60.54938
-60.29182
-57.59439
-59.42679
-65.09166
-62.31719
-63.16653
-63.71973
-65.44399
-66.75676
-69.01745
-70.25886
-69.92697
-70.85053
-68.12751
-59.86771
-56.86460
-56.79691
-57.89081
-59.20999
-60.00582
-59.18698
-59.09100
-60.50256
-60.15750
-62.27687
-62.54412
-64.46347
-62.57230
-64.61993
-64.15061
-62.52452
-65.31972
-63.91064
-63.63208
-64.24799
-61.76786
-60.05102
-61.60022
-62.18178
-64.17836
-65.27776
-66.89410
-67.10357
-68.92317
-69.98892
-71.09044
-71.18597
-71.89625
-67.32184
-63.08359
-66.09610
-66.50299
-64.00863
-64.70446
-59.70154
-57.93215
-59.87368
-59.34030
-59.46111
-60.21017
-59.86669
-57.77537
-60.65461
-65.79892
-69.25000
-69.42934
-70.80325
-70.39923
-71.27047
-70.27009
-62.59405
-66.87297
-73.74414
-72.28088
-74.26142
-73.27759
-74.84078
-74.74461
-77.83043
-77.14204
-80.38280
-76.65291
-63.20372
-62.66219
-65.35071
-69.96377
-76.91321
-75.58147
-65.89125
-60.47793
-60.89491
-61.76409
-63.66602
-65.50440
-65.77887
-65.01129
-63.78923
-67.27595
-68.12090
-67.35308
-70.98644
-70.84992
-75.77043
-65.92328
-65.10326
-61.95452
-60.73407
-63.75911
-62.69933
-64.67333
-63.99092
-65.63479
-64.89912
-65.88063
-64.04854
-65.41758
-61.45814
-56.60220
-58.30568
-59.98954
-60.50433
-60.98156
-61.62228
-58.99773
-57.59868
-56.73895
-58.26270
-59.59808
-59.50958
-59.31496
-60.16257
-60.83491
-60.53983
-60.73342
-59.75240
-60.02111
-60.29656
-59.89132
-57.40721
-61.15511
-57.73069
-56.50708
-59.89787
-58.67554
-59.66710
-60.16115
-59.65894
-58.96058
-60.48211
-60.85906
-61.40889
-58.65817
-56.72158
-56.96390
-58.63945
-59.52378
-61.00441
-62.61181
-62.42664
-64.15585
-64.26680
-65.04245
-64.19190
-65.50948
-65.27435
-67.99854
-64.90359
-61.24846
-65.34466
-67.49721
-65.82221
-70.12034
-65.47976
-62.28600
-69.39868
-70.98204
-71.11192
-71.77123
-71.14673
-72.20234
-72.17938
-72.67691
-72.40346
-72.19446
-71.21964
-62.60485
-57.26861
-58.22712
-58.98896
-60.62230
-60.47273
-56.17595
-56.36377
-57.99065
-60.26782
-61.80073
-61.28580
-60.99492
-61.32604
-62.77150
-63.22429
-62.65699
-61.95100
-63.00350
-62.80307
-65.01287
-61.34828
-62.90694
-64.07122
-58.50988
-57.98273
-59.19716
-60.66657
-60.38876
-61.07108
-60.55464
-62.07468
-66.27683
-72.79393
-62.47657
-58.68430
-61.35517
-63.09837
-63.51363
-64.71026
-61.15175
-58.16367
-59.67272
-60.31417
-62.35496
-63.89993
-64.01370
-65.30306
-65.89185
-68.05391
-66.98345
-61.26569
-60.81194
-61.38731
-60.72384
-60.76096
-60.85375
-61.43302
-61.51213
-62.25817
-62.26808
-63.47058
-63.55216
-64.39934
-64.87246
-64.41852
-64.13818
-63.03829
-65.51858
-61.84858
-60.07660
-63.17634
-64.06034
-62.47957
-62.25522
-62.63632
-59.57677
-58.24711
-59.09248
-60.07021
-60.48494
-59.98922
-61.02556
-61.22639
-61.50438
-61.68628
-61.34457
-61.36783
-60.93679
-60.84849
-58.12453
-61.77786
-64.34915
-62.31703
-63.41747
-63.74468
-66.20495
-66.44649
-69.08983
-69.79324
-70.82413
-70.22342
-70.51085
-62.17698
-57.31067
-56.58361
-57.66948
-59.29711
-62.73445
-60.60258
-58.74960
-60.51339
-60.26597
-62.13939
-62.55189
-63.27829
-62.01461
-63.63535
-65.40539
-63.72771
-65.58282
-66.02580
-66.38014
-68.06196
-64.57296
-61.18522
-61.25561
-61.34365
-63.25716
-65.23790
-65.48445
-66.72422
-67.24470
-68.18289
-67.85194
-69.46261
-68.59827
-70.58625
-64.32243
-63.26665
-65.63835
-65.13039
-66.92289
-57.55925
-57.13094
-60.36303
-61.64239
-63.57371
-63.80100
-65.01272
-64.53658
-64.87124
-64.83115
-65.27168
-65.22658
-66.19082
-66.01374
-66.22909
-66.46863
-65.40839
-65.22141
-66.33878
-66.40010
-66.95320
-66.96947
-66.68798
-66.81016
-67.21257
-67.99525
-68.50711
-68.56542
-68.20803
-68.31264
-68.76814
-69.15121
-69.10374
-69.29401
-68.20727
-69.09251
-69.76046
-70.29530
-70.60302
-71.14598
-71.10095
-71.32732
-71.20499
-71.54672
-71.30631
-67.81237
-68.81039
-70.01759
-70.86565
-71.39816
-67.58837
-68.56855
-71.60550
-71.99629
-73.16484
-72.99376
-73.69029
-73.67937
-73.98890
-73.79920
-74.74213
-74.12140
-73.21956
-74.42982
-75.49485
-76.23403
-76.16403
-77.67675
-70.92900
-70.03110
-74.27848
-76.27071
-78.21112
-78.64581
-78.65464
-79.76985
-79.77562
-80.13024
-79.33044
-77.41886
-76.68441
-79.38978
-77.62612
-79.84184
-75.66283
-68.53006
-72.23093
-78.00377
-78.30652
-78.38246
-77.95971
-78.22424
-77.94947
-78.57281
-78.04155
-78.45248
-78.51022
-77.58396
-78.25968
-78.04109
-78.44613
-78.49470
-78.58501
-76.24297
-78.63911
-78.62790
-79.25841
-78.93478
-79.76009
-79.91493
-79.60141
-79.80225
-80.28786
-75.80326
-68.63875
-73.40177
-74.35507
-84.77621
-74.13219
-71.51701
-64.70502
-60.69554
-65.42718
-65.48358
-66.04995
-67.27497
-67.54990
-68.68500
-68.22905
-69.08145
-68.18393
-69.24587
-68.72246
-69.47895
-68.73513
-69.55173
-67.16678
-58.45205
-60.79408
-61.74240
-60.71528
-62.41874
-61.41227
-61.89557
-61.42792
-61.98171
-61.67943
-61.55328
-61.61651
-61.80860
-61.21734
-61.70311
-61.49810
-61.13069
-61.09526
-61.73781
-62.06334
-62.56309
-62.49417
-62.44433
-62.82285
-62.95137
-62.99741
-63.24360
-63.33922
-63.48171
-63.62532
-63.59891
-63.90125
-63.77610
-63.88531
-63.80945
-64.31255
-64.41708
-64.45781
-64.50053
-64.95548
-65.07405
-65.29899
-64.91028
-66.09548
-63.80018
-66.52984
-66.65576
-64.45035
-67.74904
-66.33668
-65.92909
-65.24917
-66.32548
-66.51959
-67.27364
-67.49810
-67.68601
-68.15137
-68.14694
-68.52897
-68.70358
-68.81270
-69.38999
-69.31514
-69.20960
-69.87315
-69.73824
-70.25471
-70.27997
-70.40690
-70.62308
-70.96108
-70.49811
-70.85474
-71.07205
-71.12843
-71.41682
-71.53249
-71.41139
-71.74361
-71.82122
-72.19167
-72.17789
-72.27273
-72.30777
-72.23052
-72.60811
-72.52523
-72.57798
-72.71956
-72.95248
-72.97772
-73.18727
-73.45220
-73.80174
-74.06926
-74.28437
-74.04138
-74.44601
-74.43341
-74.60895
-74.91210
-75.05924
-75.54570
-75.61266
-75.91948
-76.05855
-76.15290
-76.37947
-76.73914
-76.94598
-77.12115
-77.67322
-77.79992
-77.86489
-78.32006
-78.23581
-78.54079
-79.07350
-79.18683
-79.42837
-79.54991
-79.92472
-80.05122
-80.23027
-80.41451
-80.59887
-80.83750
-80.97513
-81.37499
-81.57434
-81.59892
-81.55443
-81.67462
-81.74601
-81.37900
-81.53800
-81.77011
-81.42520
-81.78541
-81.26847
-81.48127
-81.66494
-81.78414
-82.16479
-82.04064
-82.26718
-81.96530
-82.49612
-82.46574
-82.65318
-82.75620
-82.71838
-83.04819
-82.93143
-83.26776
-83.58709
-83.73142
-83.77188
-83.92472
-84.10823
-84.39561
-84.56706
-84.74955
-85.11719
-85.31225
-85.43166
-85.84533
-86.17690
-86.49115
-86.82078
-87.07887
-87.25782
-87.42987
-87.94150
-88.47280
-88.81156
-88.83926
-89.41540
-89.74231
-90.21743
-90.95488
-91.09577
-91.67927
-92.31772
-92.63218
-93.19104
-93.58335
-94.01284
-96.00716
-99.10701
-101.86943
-105.00239
-108.71775
-113.01433
-119.72628
-126.54135
-137.74737
-138.03553
-144.96462
-140.45591
-144.32105
-141.63145
-142.53723
