-139.01941
-83.24743
-77.80518
-74.57366
-75.27227
-76.81644
-77.20546
-77.26369
-78.73086
-78.73465
-79.67787
-79.53658
-79.92951
-80.28656
-80.59631
-81.09234
-80.75904
-82.02045
-68.32486
-70.09192
-80.85909
-80.73384
-85.14525
-82.78124
-86.10292
-84.44084
-87.49300
-86.00936
-88.65890
-87.99728
-89.75905
-89.53641
-95.40021
-109.28250
-107.54241
-119.57768
-106.57212
-111.16577
-104.87129
-107.04443
-103.66167
-104.63841
-102.70691
-102.99405
-101.63330
-101.02004
-94.78860
-81.06081
-80.01594
-86.81087
-87.00223
-107.10161
-84.42399
-66.57630
-68.89598
-79.89473
-86.50147
-114.09822
-94.21924
-106.94371
-96.96926
-106.24889
-98.13287
-102.18644
-90.12737
-75.79009
-74.70672
-76.51623
-76.73115
-77.27388
-72.03989
-68.77314
-70.94356
-71.68503
-71.58762
-71.89823
-72.59421
-73.42913
-73.33384
-73.60212
-73.61444
-73.82316
-73.47989
-74.37496
-73.84316
-75.65961
-68.70435
-67.50763
-72.11696
-72.68062
-74.31080
-73.58902
-74.44191
-74.56958
-75.33851
-75.63936
-76.22103
-76.32308
-76.86139
-76.77185
-76.81307
-77.42340
-77.13000
-78.24528
-77.90766
-78.52423
-78.33893
-79.30046
-78.46195
-79.24379
-78.56781
-79.75392
-79.18069
-79.72312
-79.10674
-80.15778
-76.32530
-77.19006
-86.28484
-88.04408
-102.23510
-68.36168
-67.89079
-78.08648
-84.99326
-108.06629
-94.78554
-122.06663
-99.99120
-119.89051
-106.35699
-107.30609
-121.49969
-76.01506
-72.20986
-73.86109
-72.60885
-74.11002
-72.65728
-72.93270
-74.27525
-75.21708
-76.79126
-79.03378
-80.61343
-81.94441
-81.93701
-81.88216
-82.37712
-81.78938
-83.08416
-81.63962
-84.71846
-81.16774
-89.31391
-69.26821
-68.01111
-79.43637
-81.20674
-86.45982
-83.91540
-87.30738
-85.57369
-88.26806
-87.47506
-89.95809
-89.54113
-90.02991
-90.56962
-90.32189
-91.94938
-90.30723
-92.97429
-90.52292
-93.56743
-90.08299
-93.76956
-89.28218
-95.23795
-95.30582
-105.67008
-98.89507
-98.60846
-87.80733
-79.88885
-81.24168
-88.02851
-88.09709
-117.77725
-82.17827
-67.24633
-70.59323
-80.93553
-89.61451
-101.43035
-98.09018
-115.94437
-102.03258
-116.05392
-106.18333
-111.27720
-109.80321
-76.49126
-70.60369
-70.04841
-69.83591
-71.55821
-70.44437
-73.09267
-71.50632
-71.63121
-74.24449
-73.64995
-75.06814
-74.90214
-75.20952
-75.71848
-75.94158
-76.40664
-76.21607
-76.75992
-76.61170
-78.27593
-73.36044
-67.27500
-68.78082
-69.66425
-70.32385
-70.87192
-71.02750
-71.86500
-72.14515
-72.74673
-72.75835
-73.50304
-73.18248
-73.63233
-74.00445
-74.21005
-73.79154
-74.54219
-74.31898
-75.07337
-75.04644
-75.51004
-75.33651
-75.73237
-75.60535
-76.05205
-76.58011
-76.40969
-77.67074
-73.14545
-71.88233
-76.00173
-77.76119
-86.12226
-86.13902
-67.67143
-68.83776
-80.45882
-83.85144
-95.45256
-91.43464
-101.15122
-96.97060
-100.99663
-106.60171
-97.68834
-100.32995
-77.68534
-71.09339
-72.91464
-72.45706
-73.46764
-74.20395
-72.24703
-73.76600
-73.74853
-73.14136
-71.10175
-68.83432
-69.19028
-69.26645
-68.50357
-68.53159
-68.22076
-69.94937
-74.72738
-81.43207
-78.82913
-85.34493
-73.13407
-66.16811
-71.56556
-79.26629
-82.51438
-84.18475
-83.83318
-85.76048
-85.09896
-88.15056
-86.23916
-91.59881
-82.60679
-72.65179
-70.13387
-69.78900
-70.30121
-72.22858
-72.64719
-72.68644
-72.04350
-73.12051
-73.18108
-74.22824
-74.69944
-75.68487
-76.10619
-77.05173
-78.22590
-75.74409
-75.69906
-82.97020
-80.76878
-82.69141
-80.78555
-67.47453
-70.97149
-80.03547
-79.36792
-81.67245
-79.79269
-80.60274
-79.46707
-82.08080
-89.63746
-94.48497
-111.37913
-84.94033
-74.58418
-75.31807
-76.77135
-76.99756
-76.14644
-73.93403
-70.00377
-69.93563
-68.15099
-67.20470
-68.31456
-68.30703
-69.74981
-69.81759
-71.18360
-72.27697
-71.60409
-72.57800
-71.70076
-72.76237
-71.07121
-65.59434
-67.45646
-71.63776
-71.65867
-71.82150
-72.19420
-72.63269
-72.94241
-73.04591
-73.11566
-73.86115
-73.62854
-73.88139
-73.85192
-74.26163
-76.40242
-77.46153
-77.29697
-77.53366
-76.63538
-78.70459
-71.16261
-67.77689
-68.60247
-69.68422
-70.78097
-72.34282
-73.10196
-74.15146
-73.65065
-72.89503
-74.85075
-81.68225
-80.46183
-68.33179
-71.46700
-81.58049
-75.39293
-69.59315
-67.75020
-68.40871
-68.50774
-69.05460
-68.60103
-71.40493
-76.16091
-80.86383
-70.57876
-66.71527
-67.92472
-68.56366
-70.19164
-70.28636
-69.94547
-70.97926
-72.30634
-73.92662
-74.88641
-74.56335
-75.81340
-75.44571
-76.56404
-76.39508
-77.44801
-76.51968
-78.43235
-77.96375
-80.55480
-75.00925
-65.95112
-70.29409
-77.73875
-80.19508
-82.88605
-83.06651
-83.82580
-80.81478
-85.76985
-82.74122
-85.20366
-86.19107
-82.58242
-72.92886
-70.50159
-70.92461
-71.81748
-72.19958
-73.16707
-74.52536
-75.92255
-76.41120
-76.93695
-77.06528
-77.15762
-77.37696
-77.83624
-77.37251
-75.42375
-77.25230
-78.22120
-79.55447
-76.95880
-81.54267
-69.20159
-67.67488
-76.28963
-77.09907
-78.83945
-77.89815
-84.60199
-92.09889
-99.95768
-89.75077
-79.35137
-84.40901
-74.52029
-67.26725
-66.31413
-67.18649
-68.93959
-70.51941
-70.66339
-68.81161
-70.23020
-71.11886
-72.27162
-73.48659
-73.44397
-75.23861
-74.52279
-76.28195
-75.70801
-76.94347
-75.95241
-77.83922
-76.22695
-79.43281
-71.76725
-65.93957
-67.94696
-68.80220
-70.02768
-70.39137
-71.02483
-71.38563
-72.38348
-72.53451
-72.61194
-72.90871
-73.30622
-73.78557
-73.76625
-74.23333
-73.47555
-74.62298
-71.70088
-72.35785
-74.32279
-75.31619
-75.26464
-75.97176
-75.52646
-76.33644
-75.56681
-76.92763
-76.08912
-74.49201
-76.34146
-78.18530
-79.92406
-101.92769
-77.52404
-66.58872
-73.70227
-85.01779
-91.53793
-98.12480
-100.51221
-100.02420
-116.51141
-97.11130
-97.51274
-81.25308
-74.57492
-75.75351
-71.53352
-73.51314
-72.40723
-73.33104
-72.37097
-73.27899
-75.07281
-74.97689
-70.59902
-68.60378
-70.05503
-71.33882
-72.72800
-74.40835
-74.76005
-75.29664
-76.40483
-81.54248
-76.48666
-74.78813
-70.99055
-66.70853
-73.95260
-79.18176
-80.91108
-82.45485
-83.94774
-85.26841
-83.28667
-83.80155
-84.28145
-86.67537
-86.78170
-82.76514
-81.17462
-85.01690
-82.61438
-88.85790
-81.49677
-76.42280
-82.64332
-87.06061
-83.17609
-84.43183
-82.80544
-84.12451
-82.24125
-84.21934
-84.98263
-83.14369
-75.48802
-73.67179
-72.15662
-74.79693
-70.57462
-65.43537
-69.08560
-72.85801
-74.49640
-77.06141
-80.94903
-83.72573
-84.24670
-86.19798
-85.73043
-86.08339
-86.28610
-72.63267
-66.89302
-67.65887
-70.76991
-74.76861
-75.01651
-70.26932
-66.40159
-66.52641
-67.57183
-65.85275
-66.10849
-68.14551
-68.30869
-69.75804
-70.87185
-70.89353
-72.09911
-70.65998
-71.95595
-70.68402
-72.23609
-69.23892
-65.08904
-68.86259
-70.57820
-70.12069
-71.95085
-72.49313
-73.38996
-73.75538
-74.24897
-74.60124
-74.63861
-74.57246
-68.67631
-69.00673
-70.34095
-70.60220
-71.50791
-69.45440
-71.82529
-73.97842
-70.68296
-67.21392
-68.54697
-69.58704
-71.23159
-71.82391
-74.06925
-73.55083
-74.52680
-73.50608
-74.67311
-78.88509
-81.10495
-82.97118
-67.12439
-67.51735
-65.35246
-62.26449
-63.58745
-65.47559
-67.56074
-68.74818
-70.75411
-74.51569
-73.41195
-72.86740
-69.49613
-65.77323
-66.87786
-67.09854
-68.68691
-69.67874
-69.58389
-71.10659
-72.49900
-73.49671
-74.34151
-74.96098
-75.94583
-75.53528
-76.14133
-75.58095
-76.49009
-75.81755
-76.43721
-75.18147
-76.51462
-72.17812
-66.13534
-70.93123
-74.69740
-74.18325
-74.98631
-74.53551
-75.11925
-76.91995
-83.99427
-81.81662
-81.46316
-80.97139
-76.51392
-70.36649
-68.12908
-68.94903
-71.63172
-72.33201
-71.85898
-74.31780
-75.95515
-76.55918
-77.30516
-77.63316
-77.44652
-77.85875
-77.79484
-79.41900
-78.95251
-77.04718
-76.46211
-80.58686
-78.15131
-83.44772
-71.40764
-65.50566
-72.65621
-78.18018
-82.41684
-80.76580
-81.77018
-86.91512
-88.63650
-88.72728
-85.87920
-90.14988
-74.44928
-70.24395
-68.76636
-67.84563
-66.96476
-68.93573
-67.62252
-67.37427
-68.09281
-66.94317
-68.49862
-68.50542
-69.19377
-69.62209
-71.53421
-75.50370
-75.61813
-76.74004
-75.63687
-77.13993
-75.06813
-79.81448
-70.43355
-65.89442
-69.05893
-69.27023
-70.83357
-70.87919
-71.58699
-71.49587
-72.48264
-72.81175
-73.01068
-73.19287
-73.61473
-71.05048
-70.12627
-70.72903
-70.94042
-70.86039
-68.90096
-71.02729
-72.42087
-72.76209
-72.98921
-74.15064
-74.06541
-74.85617
-74.84069
-75.39288
-74.78133
-75.73627
-74.95572
-75.44849
-77.63658
-89.42249
-71.72373
-66.75655
-76.84597
-83.40798
-88.71576
-88.75491
-89.62432
-91.49140
-90.44795
-100.38835
-95.42678
-98.74854
-80.32956
-70.59931
-71.56430
-72.61683
-72.39581
-73.23780
-73.08269
-74.26765
-71.28942
-73.00513
-69.80697
-67.61601
-68.55376
-70.34210
-72.13171
-73.51094
-75.23984
-76.17006
-77.80550
-79.58008
-83.02473
-80.72955
-85.91187
-68.32008
-68.98144
-73.17927
-66.82771
-67.64768
-67.81043
-68.30122
-68.11430
-69.09636
-69.87706
-71.38368
-71.32665
-74.06697
-79.54841
-80.36134
-82.98013
-83.52709
-90.28436
-77.64641
-75.55077
-70.67211
-68.67094
-69.31664
-70.02508
-70.20825
-69.91508
-69.59117
-76.04790
-83.30726
-76.27903
-73.06956
-72.73539
-72.56921
-71.70054
-71.83765
-65.66576
-67.55167
-72.69514
-75.25743
-76.89136
-75.33366
-78.05028
-83.26150
-84.41432
-84.29906
-75.83686
-68.34584
-66.41508
-65.81422
-67.00118
-69.06031
-68.60600
-67.66258
-66.64502
-66.47712
-68.17570
-66.70872
-67.07184
-67.92839
-68.84753
-70.03464
-69.63404
-70.66680
-70.54174
-71.51052
-71.89463
-71.51082
-73.54999
-66.83368
-65.95970
-70.49333
-71.36624
-72.34375
-71.94707
-72.53840
-73.24819
-73.69962
-73.86792
-73.51448
-74.06491
-72.75772
-64.31597
-62.94225
-64.58758
-65.65572
-67.17708
-67.22733
-68.43138
-70.40613
-71.20464
-70.12641
-71.11611
-72.65465
-74.28683
-74.63245
-76.24310
-77.05859
-75.95104
-74.32824
-78.77247
-78.48029
-79.81126
-83.33429
-69.12144
-69.46428
-80.12184
-76.17955
-69.36851
-68.38113
-70.59368
-71.21206
-73.06234
-74.06436
-76.52960
-71.49103
-64.13898
-63.08766
-64.51566
-65.44665
-66.55130
-67.77921
-67.66862
-67.96809
-69.56889
-69.91078
-70.65831
-71.09533
-71.40879
-72.56145
-72.56979
-73.50594
-72.34171
-73.13205
-73.16610
-73.66798
-72.42937
-74.13823
-69.47018
-66.18635
-70.97461
-73.15999
-73.62438
-74.54176
-79.05903
-80.33487
-81.64232
-82.29036
-81.97164
-70.36812
-65.62944
-65.22274
-65.07609
-65.24002
-65.48030
-66.14032
-66.27556
-67.42831
-68.21574
-68.46048
-68.49519
-69.00252
-68.95142
-69.31591
-69.06868
-69.32412
-69.52297
-69.78053
-69.33880
-70.62955
-69.68040
-71.11466
-67.17602
-64.83105
-69.22684
-71.12253
-71.25221
-70.86575
-74.65333
-81.05375
-85.83575
-89.72486
-85.09116
-67.94229
-64.65280
-65.70933
-65.71810
-65.78321
-65.97599
-66.55656
-67.04082
-65.97688
-66.57920
-67.58754
-67.33076
-67.81688
-67.46932
-67.84248
-68.93729
-73.79876
-75.90470
-77.32591
-76.71578
-77.97980
-76.22222
-78.72684
-72.04633
-66.31409
-68.49303
-69.33100
-70.01234
-70.84891
-70.62205
-71.60744
-71.95485
-72.79921
-72.64123
-73.29161
-72.55072
-69.34148
-68.85910
-69.81498
-70.27574
-71.15562
-71.29589
-70.43060
-71.82330
-72.92540
-72.84202
-73.09155
-73.31812
-74.07236
-74.25465
-74.74047
-75.68842
-75.19935
-76.23704
-75.17272
-81.08196
-81.58967
-93.77596
-71.78609
-67.14465
-78.53360
-83.21823
-90.53802
-88.32420
-92.48966
-89.76668
-92.02302
-92.94597
-114.72851
-80.20694
-70.89524
-72.02060
-72.55658
-72.78062
-73.13755
-72.48610
-69.95905
-67.87007
-68.30293
-70.02912
-69.36509
-69.37767
-70.28934
-70.82505
-71.72367
-72.63797
-73.06769
-73.48369
-72.24101
-67.33933
-65.16401
-66.18654
-64.71429
-64.70052
-65.49979
-66.21427
-67.51858
-67.46732
-69.66183
-69.96978
-69.58559
-68.17508
-68.57269
-69.71511
-69.95722
-69.77806
-69.94704
-70.07089
-69.43956
-69.56821
-70.06359
-70.51189
-70.06881
-71.06602
-71.23719
-71.58208
-71.02109
-72.12541
-71.50667
-75.31592
-80.18372
-88.88574
-74.22395
-66.00259
-68.96862
-69.84573
-69.02121
-68.78141
-67.18521
-65.67124
-68.11571
-72.70911
-73.71272
-75.20199
-74.79189
-78.16838
-83.46841
-87.68515
-88.81441
-76.14533
-70.41099
-69.76304
-70.44741
-70.86486
-69.08734
-63.28131
-60.60299
-61.32044
-60.79537
-60.49162
-61.13391
-61.66691
-59.83561
-61.58840
-70.10218
-70.99288
-72.20109
-78.89615
-76.56984
-79.55766
-72.87450
-65.01374
-68.57632
-76.49419
-79.90229
-81.16156
-79.92227
-79.99361
-79.55263
-84.62162
-80.86386
-90.16951
-74.03464
-67.66639
-70.06153
-73.34258
-79.78228
-83.59421
-72.90602
-69.43038
-65.71143
-64.97788
-65.44578
-66.04324
-67.85299
-68.94079
-67.81512
-66.66493
-69.73671
-73.92734
-76.20278
-77.96784
-78.34384
-77.80490
-81.66830
-67.48867
-65.24482
-68.94533
-70.73643
-73.42116
-73.74957
-75.71983
-76.49254
-78.08245
-78.34772
-80.85257
-74.84707
-69.39272
-68.71226
-69.54201
-67.00116
-66.20149
-66.65291
-66.35352
-63.32421
-60.02694
-60.48818
-61.63837
-62.22784
-62.27435
-62.44181
-63.65854
-63.78077
-63.37185
-63.27657
-63.27526
-63.56154
-62.57221
-62.32102
-60.24974
-62.07650
-66.08378
-63.59909
-64.86045
-65.06616
-66.34907
-67.08772
-66.90622
-65.40781
-66.66083
-69.25466
-70.36651
-66.21304
-61.38990
-60.11014
-61.57204
-63.38667
-63.97019
-70.33228
-72.18943
-72.77471
-73.20400
-73.70002
-73.40700
-74.21794
-73.80558
-76.47220
-73.31199
-73.18516
-78.94063
-75.47679
-78.44165
-81.12056
-75.25890
-64.90870
-67.64623
-75.99341
-77.91532
-80.35573
-78.42990
-81.29327
-78.22187
-80.78342
-77.99953
-81.27107
-74.18758
-66.08539
-65.66305
-67.83871
-68.48035
-71.20725
-70.68144
-64.55390
-62.80192
-63.33994
-64.09842
-66.47717
-68.26714
-69.34399
-68.97578
-67.77066
-68.11865
-67.57923
-67.41050
-68.59234
-69.30217
-68.43605
-69.20844
-65.57394
-61.66558
-60.61758
-60.94647
-62.79886
-63.38846
-63.52330
-63.90608
-63.37439
-65.32014
-70.68663
-81.11131
-72.53871
-65.10414
-66.10243
-67.76955
-67.53485
-67.32716
-67.47637
-66.45257
-67.81500
-69.41128
-70.06048
-71.41083
-72.09506
-72.93556
-73.95985
-76.71549
-72.99370
-68.52582
-67.93510
-67.33188
-67.65801
-68.19140
-63.63745
-65.65257
-68.65675
-67.95970
-68.00942
-67.94952
-68.88802
-68.80449
-69.74327
-69.75463
-69.78009
-68.33297
-67.39649
-67.25660
-67.06993
-69.70723
-70.58417
-69.77874
-71.88279
-68.01450
-63.15738
-60.60835
-61.20829
-62.21496
-62.67245
-62.21891
-63.31607
-64.13482
-63.42139
-63.41128
-63.63847
-63.67595
-63.27067
-62.79138
-61.12473
-65.22054
-66.85867
-65.21181
-66.39620
-66.86754
-69.47101
-68.51007
-69.62562
-75.82443
-78.30661
-79.37478
-75.19284
-64.24269
-60.64328
-59.91932
-61.56061
-63.16513
-63.66666
-66.90828
-65.04815
-64.68331
-65.12109
-66.64201
-68.23847
-68.45734
-67.38310
-66.88160
-74.05403
-72.78699
-71.98575
-71.20119
-69.21133
-68.78515
-69.34969
-64.59083
-63.77861
-68.01067
-69.30744
-72.13314
-72.73081
-75.17450
-75.22446
-77.78160
-77.71606
-81.38089
-76.13797
-68.75404
-71.16629
-72.67666
-72.18506
-72.95700
-74.54696
-65.70240
-60.50353
-61.25477
-61.36036
-61.08078
-61.03532
-62.13463
-59.90104
-60.96072
-68.05694
-70.07533
-74.17579
-76.65854
-77.44268
-77.40827
-77.93045
-65.72005
-67.32274
-77.36028
-79.16409
-81.91413
-79.30724
-80.66735
-79.33011
-83.04720
-82.30146
-83.43981
-88.60851
-75.78780
-67.77721
-70.20957
-72.45683
-79.86642
-75.95111
-68.77665
-65.34242
-64.79579
-65.96254
-66.42890
-68.90376
-68.29950
-68.02986
-66.15450
-71.73848
-74.32946
-74.51896
-78.24281
-79.78940
-78.45110
-81.29957
-73.59710
-64.08627
-66.28959
-67.87834
-68.14870
-68.46502
-69.17217
-69.81085
-69.86284
-70.19990
-69.60096
-67.89474
-67.20176
-66.48482
-64.81793
-66.52183
-67.70229
-67.74734
-68.43943
-67.20200
-62.97916
-61.10946
-60.88812
-62.02583
-62.32237
-62.08984
-63.19184
-63.49836
-63.66955
-63.29165
-62.88337
-63.53400
-63.27175
-62.19704
-60.78086
-62.22382
-64.39759
-64.22497
-65.04148
-64.91709
-66.48976
-67.06837
-66.58952
-65.32973
-66.62832
-70.07030
-70.02238
-64.43134
-60.64451
-60.22018
-62.02230
-63.64849
-64.87187
-70.32626
-71.78738
-73.39878
-73.65593
-73.93545
-73.71083
-74.23009
-74.59903
-75.65499
-75.29136
-71.59954
-70.86071
-69.45810
-72.48515
-72.42943
-75.28980
-65.96954
-65.04374
-73.73536
-77.18592
-80.22804
-78.94596
-80.69761
-78.59994
-80.05384
-78.41959
-80.89628
-72.05027
-68.66158
-66.32090
-65.69399
-66.03872
-67.66928
-68.91991
-65.01699
-64.09991
-64.86424
-65.85047
-65.89367
-66.31433
-67.27089
-69.03162
-68.13931
-67.07073
-66.21813
-67.31248
-68.75370
-68.98762
-68.69964
-69.18085
-65.95216
-62.37636
-60.65467
-60.70229
-62.53199
-63.21634
-63.41806
-63.71836
-63.55013
-63.88435
-68.57792
-76.38626
-74.74023
-64.96334
-64.34668
-67.78336
-68.10101
-68.75783
-66.06164
-64.10173
-66.33442
-68.48657
-68.70343
-70.66975
-71.65180
-72.84611
-72.87933
-74.75536
-76.03610
-73.31268
-69.58044
-68.56023
-67.45590
-68.35686
-65.92471
-64.93640
-67.99927
-68.29345
-68.89597
-69.14905
-69.64351
-69.78155
-69.20783
-69.12162
-68.39143
-69.11191
-67.30278
-64.73484
-67.59779
-69.61338
-70.17535
-70.37700
-70.28448
-68.20527
-63.23331
-61.02802
-60.97382
-62.25561
-62.52486
-62.52196
-63.14687
-63.86505
-63.34740
-63.38283
-63.60814
-63.71888
-63.23569
-62.94634
-61.15734
-59.64965
-65.38062
-67.45295
-65.54934
-66.23106
-66.93786
-68.65623
-70.82394
-76.59239
-77.09858
-78.54218
-77.80591
-69.45426
-62.05039
-60.11558
-60.37163
-62.94847
-63.05063
-65.68506
-66.62596
-64.79633
-65.82488
-66.04234
-67.91871
-68.24760
-68.21090
-66.30808
-69.76613
-72.23866
-75.19870
-72.01784
-69.64246
-68.77989
-70.46125
-66.27101
-64.43557
-67.81778
-68.54972
-72.21898
-72.07028
-74.96843
-74.47179
-78.10021
-76.77827
-80.40126
-77.24157
-70.38778
-70.81148
-71.07845
-73.06905
-72.79102
-76.32319
-72.74259
-68.50120
-70.18484
-72.17485
-73.30549
-73.85558
-73.88032
-75.77373
-76.70382
-78.60883
-77.30386
-79.80764
-78.89921
-82.39241
-79.12091
-86.78902
-72.98985
-65.71577
-71.62840
-79.08775
-83.48782
-84.42268
-85.71757
-84.83736
-86.30749
-84.92380
-90.00564
-88.08916
-94.82406
-75.17202
-69.22007
-68.85350
-70.18979
-75.51331
-71.20817
-69.79716
-70.10725
-73.54467
-74.55564
-78.98752
-78.46173
-83.19764
-81.77281
-87.05026
-80.12257
-73.99329
-78.43536
-79.78342
-80.18129
-84.84099
-76.07835
-65.13061
-66.50333
-69.56452
-71.24368
-73.66571
-74.43598
-76.38946
-76.65318
-78.99062
-78.83255
-83.58428
-73.68844
-68.18875
-68.44621
-67.81520
-68.21087
-68.04842
-68.22037
-69.24319
-68.73964
-68.73574
-68.95660
-71.15287
-70.96523
-72.27008
-71.32148
-73.05248
-72.92628
-71.32155
-69.54203
-69.00294
-68.76853
-72.04198
-69.31102
-64.52578
-68.57403
-66.10065
-67.54970
-69.37836
-68.02821
-69.40319
-69.74239
-69.72506
-69.19185
-70.39082
-70.38302
-71.07246
-70.21180
-70.78903
-70.66154
-72.09769
-70.01842
-70.52874
-71.76472
-72.75830
-73.80181
-73.62215
-74.46828
-73.75835
-75.36118
-74.64351
-77.98305
-73.12985
-75.03141
-74.91396
-77.31482
-79.24353
-80.75163
-72.10475
-64.68269
-69.93538
-76.77648
-80.76859
-80.76419
-81.43473
-81.73947
-81.94857
-83.42205
-84.32202
-76.99540
-70.06494
-66.21467
-66.33266
-68.15856
-68.63437
-73.36480
-68.01397
-64.54110
-64.47062
-66.20059
-67.71057
-69.01554
-70.01672
-72.05082
-73.18973
-74.52294
-74.81443
-71.48155
-71.42771
-74.68044
-75.16225
-77.96160
-74.06849
-64.03734
-66.02479
-70.87971
-72.07660
-73.68025
-74.21565
-76.89312
-77.03586
-78.83978
-78.34961
-79.62294
-79.08171
-77.10748
-78.50408
-79.67159
-80.75960
-76.23501
-70.99755
-67.44063
-66.44131
-69.26783
-69.23982
-70.96524
-71.08773
-72.70494
-72.98124
-74.61517
-76.55502
-75.22259
-72.58933
-69.69227
-69.71927
-70.29182
-70.27392
-64.59621
-67.19291
-71.27035
-71.42220
-72.56997
-73.05689
-74.18429
-74.94843
-75.38229
-75.51525
-75.04708
-69.85349
-67.94418
-65.41794
-65.61832
-67.00942
-67.23041
-67.12738
-68.48566
-68.81953
-69.53051
-70.69507
-72.10845
-73.38920
-73.78137
-74.86465
-74.72516
-76.37802
-74.07038
-71.39654
-75.93733
-75.90473
-77.56587
-73.05883
-64.86992
-69.02689
-75.67580
-76.72710
-77.46833
-77.98701
-78.67867
-78.87774
-78.98859
-79.37209
-79.48845
-79.44678
-75.69420
-70.18951
-71.60103
-72.72076
-74.14033
-70.56063
-70.18926
-69.54865
-70.69502
-71.74725
-71.36187
-72.59307
-72.93856
-75.21925
-75.62134
-76.73666
-74.10675
-73.99344
-74.39892
-76.87582
-75.14439
-79.47452
-68.48055
-63.58755
-66.91385
-68.95900
-70.83111
-71.18824
-72.57024
-73.48861
-74.70770
-75.20204
-77.16114
-76.38858
-70.67301
-70.79747
-70.90405
-72.00156
-72.26998
-74.82324
-81.27801
-85.89560
-91.20805
-92.98837
-97.46481
-97.87685
-104.22522
-103.38631
-109.66197
-106.65177
-113.76639
-108.37756
-121.75537
-110.21092
-143.85986
-110.97533
-126.10046
-110.66751
-118.85622
-109.22089
-116.58361
-107.99225
-112.26882
-106.80611
-108.90663
-104.41245
-103.80588
-95.94418
-83.02609
-77.16036
-72.52027
-74.12366
-76.47180
-87.13640
-75.89352
-70.47742
-71.76456
-75.53345
-78.06046
-78.19717
-79.23420
-80.85546
-83.55794
-83.36602
-85.51543
-80.68819
-77.40455
-76.42096
-78.00626
-76.43365
-80.30361
-69.12598
-65.10268
-68.12146
-70.33310
-72.23199
-73.30692
-74.67712
-75.92376
-76.80158
-78.29890
-77.72322
-79.67858
-71.09300
-68.20673
-69.53707
-70.21206
-70.66398
-67.28296
-70.66051
-71.08272
-69.56774
-69.22120
-71.00469
-72.32431
-72.72696
-72.61549
-71.91726
-76.47101
-78.07026
-71.82302
-64.52665
-64.44242
-65.61385
-66.95244
-62.98680
-64.24442
-68.70380
-67.98077
-69.30375
-69.51313
-70.05823
-69.20228
-69.83315
-69.53862
-69.87790
-69.66519
-70.34033
-69.73372
-70.63544
-70.16142
-72.40975
-66.69827
-67.26557
-72.32176
-71.31460
-72.28372
-71.72643
-72.71187
-72.43700
-73.09353
-72.68770
-74.03048
-72.10947
-73.10762
-73.20366
-74.98092
-73.91238
-77.86248
-67.41831
-65.53200
-74.69100
-74.87780
-77.78143
-76.20593
-77.89053
-76.85489
-78.08447
-83.89777
-93.10965
-109.75112
-72.46455
-66.13918
-66.14745
-68.02367
-68.80507
-71.04851
-69.54778
-65.19301
-64.43532
-64.93115
-66.19054
-67.58796
-68.16918
-69.72632
-70.40469
-71.99453
-72.88200
-71.56983
-70.70311
-74.34134
-72.80911
-75.96257
-71.17114
-64.14002
-66.65653
-68.53753
-69.68153
-71.94867
-73.06629
-76.06822
-77.29225
-79.02449
-79.23796
-80.08619
-80.29414
-77.57104
-78.26319
-79.40305
-81.49447
-76.01675
-73.93485
-69.57980
-65.66880
-68.28069
-68.79097
-70.39414
-71.32070
-72.64450
-73.59268
-74.51859
-77.83082
-73.88681
-70.22121
-68.40723
-68.84715
-71.12172
-71.77405
-64.54889
-66.12583
-72.09523
-73.73942
-75.79667
-76.49109
-77.25471
-76.87649
-77.95966
-77.26021
-78.14454
-72.04494
-69.45078
-65.12811
-64.94896
-66.06652
-67.23541
-67.18364
-67.46113
-69.23590
-69.22986
-70.79321
-71.60529
-73.21242
-73.07629
-75.00728
-74.00874
-76.61234
-71.52972
-73.31911
-75.29331
-77.08195
-75.57454
-79.04739
-71.51531
-63.34007
-68.52499
-74.47876
-76.65379
-78.46777
-77.84116
-79.53441
-78.28805
-80.20930
-78.44157
-80.64549
-76.41286
-67.84729
-67.91507
-70.04143
-70.65587
-71.65397
-69.22681
-68.37507
-68.71003
-70.16657
-70.56254
-72.49340
-73.37960
-74.71204
-75.73586
-76.06819
-77.74791
-72.59374
-74.09100
-76.49334
-75.46242
-77.93362
-72.17568
-65.21636
-65.40709
-68.31059
-69.03318
-70.44184
-70.94599
-72.95215
-73.39169
-75.55121
-75.75880
-79.98219
-72.15218
-71.57469
-78.22587
-80.56365
-82.75216
-80.97643
-77.72634
-67.47552
-67.09324
-69.82474
-71.14324
-72.65953
-74.07797
-76.13313
-77.50965
-79.18342
-79.76172
-80.20720
-76.87186
-77.62355
-82.16891
-79.50790
-86.42864
-69.59409
-68.04469
-79.64621
-81.59585
-87.78504
-83.08318
-86.43839
-84.54245
-88.14801
-85.71984
-86.28043
-83.03295
-78.74516
-80.13843
-83.99818
-82.99413
-86.11716
-78.92396
-72.62448
-78.55863
-82.47918
-85.18172
-84.90894
-84.58128
-82.85198
-82.95574
-82.47574
-86.00559
-80.20736
-79.18531
-81.11940
-83.10912
-81.94431
-87.24855
-77.41131
-66.70301
-71.04494
-79.80019
-81.50486
-82.19166
-81.81149
-84.73458
-84.15315
-86.56208
-82.58890
-86.44643
-76.12567
-72.75947
-77.14685
-77.51541
-77.77113
-80.47059
-77.35278
-78.87677
-80.12984
-83.53492
-81.75513
-86.21937
-77.17186
-72.58696
-75.50948
-77.63545
-78.83350
-76.37671
-75.89875
-77.05793
-77.93545
-77.58141
-78.95978
-67.42936
-67.56674
-75.85879
-79.80463
-84.46481
-81.51013
-83.93044
-81.22589
-81.74318
-81.98362
-83.79857
-81.04241
-74.94661
-73.88737
-78.22483
-79.03762
-83.06147
-78.49645
-75.41048
-80.39188
-81.13195
-81.29397
-81.17483
-80.39172
-80.63944
-78.40084
-79.30434
-80.70101
-78.99097
-76.58715
-79.41008
-80.68633
-85.47374
-77.83579
-67.69796
-72.35512
-77.35687
-77.52501
-81.27155
-80.18496
-81.24628
-81.71748
-86.08283
-82.39924
-88.16499
-75.46725
-72.99261
-77.48294
-80.00995
-80.09028
-79.70497
-78.29051
-75.32777
-75.62724
-77.91357
-79.49532
-81.98793
-82.11448
-83.01040
-84.14801
-84.59846
-83.94314
-81.67687
-77.26264
-81.26943
-84.55948
-84.34217
-84.62332
-67.94504
-69.68707
-82.32291
-82.11777
-88.61198
-84.19723
-87.94191
-85.65096
-88.56778
-86.12817
-85.63425
-85.34759
-73.59220
-71.17091
-75.73228
-75.83366
-78.98673
-77.59112
-72.76328
-76.90568
-81.69020
-82.29324
-84.69272
-85.27926
-85.31631
-87.46979
-85.28176
-89.47073
-81.66537
-79.47707
-81.50193
-87.15941
-83.83571
-96.71503
-76.69055
-69.39864
-72.98659
-75.43048
-78.44374
-80.07789
-81.89585
-84.52037
-84.22746
-86.59128
-84.20374
-87.83330
-82.66843
-72.57516
-72.14758
-73.39469
-74.11729
-75.19290
-75.93893
-77.17934
-78.04500
-79.24827
-79.92338
-81.80257
-83.47456
-83.72982
-86.11866
-85.13813
-90.52387
-80.72817
-71.56550
-74.03640
-76.44201
-77.19760
-79.18157
-80.17008
-80.99355
-82.30637
-84.74181
-85.05593
-86.50730
-86.15597
-86.63650
-87.31911
-89.06314
-89.36185
-89.78492
-91.59464
-91.57861
-92.89282
-90.31307
-93.76824
-85.69405
-74.73699
-73.82257
-74.67452
-75.50765
-76.42725
-77.27047
-78.58492
-79.57450
-80.76467
-81.34248
-82.24705
-83.09740
-84.05790
-84.54777
-86.01494
-86.25735
-87.26757
-88.23971
-88.70144
-89.61215
-90.01068
-91.23188
-89.99192
-91.26900
-90.95830
-90.33945
-89.96814
-90.98318
-92.95279
-92.77989
-93.18541
-90.71145
-91.74923
-92.30609
-93.12284
-76.29795
-73.53795
-74.80959
-75.08113
-76.17741
-75.81627
-76.26164
-76.63883
-78.18682
-77.86661
-77.86700
-77.89966
-78.67707
-79.01367
-78.01622
-75.26846
-74.21945
-76.24318
-78.08045
-78.75304
-78.70689
-79.40628
-79.46723
-79.28421
-79.10395
-79.06219
-79.18006
-78.15576
-78.18892
-78.60463
-78.52709
-78.38751
-77.30227
-74.14140
-71.49549
-71.40561
-71.38039
-71.56369
-71.82751
-71.24114
-71.30684
-72.28352
-72.93380
-73.21501
-73.34740
-72.71481
-76.11876
-74.95835
-69.99029
-70.65679
-71.20063
-70.04255
-70.77761
-71.51948
-71.57701
-72.69766
-72.74881
-73.25379
-74.01759
-73.14212
-73.44738
-75.17430
-75.36954
-75.48619
-75.83429
-74.04197
-73.01346
-73.13381
-73.00475
-71.81605
-72.34067
-73.37311
-74.25199
-73.13487
-72.49572
-72.94602
-72.32677
-72.50192
-73.13453
-73.59830
-73.35598
-73.41063
-74.02500
-74.47000
-73.92981
-72.79507
-72.26920
-72.80614
-73.78772
-73.72454
-73.84617
-74.77498
-74.88600
-74.95542
-75.45243
-75.54397
-75.62623
-75.86898
-76.11824
-77.11299
-76.30756
-76.20138
-75.64288
-76.35787
-74.96486
-74.55699
-75.96896
-77.07629
-77.21329
-77.47903
-77.18754
-77.05564
-77.86874
-77.46835
-78.15355
-73.28476
-71.76395
-72.16082
-73.01746
-72.43631
-74.45043
-68.61314
-64.44831
-67.10939
-70.60328
-73.18694
-74.04544
-74.78816
-73.79335
-71.89613
-72.69592
-72.16659
-76.00617
-71.77827
-68.64185
-67.96303
-67.14925
-71.80252
-72.20355
-73.21243
-74.09056
-74.28038
-74.09199
-74.85125
-75.63788
-76.08152
-74.00958
-71.36276
-74.85568
-75.68215
-74.21166
-75.56070
-67.11429
-64.60488
-68.98099
-70.48422
-72.98854
-73.86310
-75.11229
-73.03304
-72.59436
-72.77889
-75.03377
-73.42055
-69.01100
-70.71542
-73.58401
-73.22205
-72.37250
-71.91136
-69.81455
-70.12384
-70.00908
-71.93315
-72.28975
-74.86402
-74.32064
-73.69041
-74.31721
-75.97262
-74.09251
-70.76478
-73.74182
-76.08189
-75.05739
-77.79340
-71.78599
-65.16254
-67.71723
-67.56232
-66.46803
-68.34738
-68.09083
-69.10180
-69.12654
-69.98018
-70.70031
-69.52657
-69.77910
-67.76580
-69.39150
-70.87791
-71.05178
-69.54668
-68.10187
-72.39734
-73.89959
-77.41692
-77.85657
-79.32321
-78.44979
-79.56463
-77.50623
-80.44586
-76.37799
-75.21529
-75.85779
-77.54152
-77.73577
-80.85622
-73.17174
-64.47656
-70.25906
-69.89981
-67.21387
-67.93935
-68.55755
-70.05902
-71.97838
-72.29158
-71.62611
-77.49413
-72.65346
-72.66292
-77.38188
-78.81977
-77.99782
-80.33546
-72.67009
-70.96770
-73.06292
-71.77624
-68.73438
-68.94659
-69.69967
-69.43116
-69.23400
-69.29694
-70.36447
-67.84612
-67.20412
-68.26144
-70.42359
-80.10716
-80.46301
-66.30391
-66.17600
-68.77198
-69.84003
-70.99268
-71.82280
-81.29491
-89.53169
-102.27826
-99.98779
-89.74615
-76.31510
-72.32978
-70.66498
-66.14004
-66.44297
-66.15855
-65.88317
-67.58859
-64.77687
-65.64820
-68.08546
-68.32168
-69.05938
-69.63075
-70.48534
-70.86762
-71.35643
-71.23887
-69.36625
-70.61500
-72.93291
-72.91183
-73.48293
-65.36479
-65.19395
-72.16472
-74.08447
-76.56623
-74.53060
-77.06257
-76.01006
-77.14605
-76.52675
-77.28322
-76.67307
-72.63134
-71.22070
-68.53670
-71.68274
-73.28902
-72.13497
-68.89523
-69.61807
-71.45874
-70.56702
-71.31306
-72.37822
-72.21937
-71.74920
-71.94467
-71.96242
-70.73381
-69.52925
-70.94042
-73.06778
-74.57433
-76.92587
-66.84173
-63.53675
-70.13215
-70.51873
-70.54770
-71.74034
-71.60349
-72.42773
-71.93007
-72.68183
-73.58864
-73.12366
-70.93182
-70.89914
-68.57642
-68.74254
-68.91312
-69.74279
-69.77723
-67.05201
-66.32909
-67.56573
-68.79945
-69.71072
-69.67255
-69.48574
-69.81249
-69.53604
-69.80298
-69.04786
-68.40484
-69.22794
-70.01758
-70.44094
-71.80384
-66.58994
-65.47393
-69.63789
-71.47297
-72.80886
-73.01985
-73.00423
-72.96204
-74.14883
-74.26855
-75.67159
-74.41887
-70.96803
-73.84828
-76.54682
-75.92145
-76.93954
-71.30414
-69.64528
-68.70640
-69.03651
-69.43334
-70.75396
-72.02688
-71.70203
-72.60925
-71.94543
-72.89355
-71.96243
-70.17336
-69.51349
-71.83362
-71.61167
-72.98999
-65.65290
-65.12564
-66.65767
-65.84576
-70.33761
-71.86059
-73.45383
-73.66773
-75.41844
-73.79085
-72.58966
-72.94092
-70.35232
-67.98373
-69.98848
-67.95874
-67.59068
-67.49223
-66.73795
-64.66758
-64.08862
-67.50743
-67.58205
-67.92696
-67.93382
-68.85653
-68.14468
-69.59655
-68.16794
-67.55042
-68.63874
-70.20448
-69.56729
-71.01829
-69.23326
-63.67669
-65.79097
-69.64170
-72.14287
-73.64353
-74.22836
-72.97403
-72.31978
-72.41798
-75.39243
-71.59454
-69.94674
-71.83751
-73.05686
-73.68139
-73.21004
-71.39057
-70.26358
-68.29015
-67.34249
-69.34022
-69.39619
-71.59815
-70.95437
-72.06794
-72.75244
-73.68639
-74.68486
-72.02447
-69.05153
-73.71478
-72.86115
-74.81280
-71.96962
-64.37320
-68.67979
-69.13876
-66.83019
-68.29089
-68.57063
-69.80881
-70.43581
-70.31631
-71.57608
-71.09553
-70.67408
-66.76614
-65.60757
-67.99383
-67.93361
-68.64735
-67.32889
-66.13257
-67.28385
-68.72174
-69.66654
-70.28907
-70.24826
-70.90624
-72.48331
-71.69176
-73.06800
-71.47376
-69.43383
-71.96780
-73.41186
-73.63751
-76.57866
-68.15685
-64.36424
-67.54474
-68.56750
-69.38372
-70.42670
-72.45025
-71.81741
-72.37171
-74.98919
-76.48709
-75.22787
-70.22487
-69.49392
-69.58020
-72.01310
-72.61830
-71.35930
-69.63929
-67.40102
-67.04445
-68.63389
-68.41028
-67.97030
-68.60537
-69.72114
-69.74286
-70.00975
-67.54371
-67.70550
-68.38378
-70.46117
-70.36703
-67.35803
-67.66182
-63.29580
-65.82796
-69.21210
-70.86863
-73.70065
-73.67053
-75.42665
-73.48239
-75.29751
-73.38119
-76.02352
-72.21232
-66.94588
-65.60658
-66.12980
-66.79176
-67.30420
-68.50840
-67.11778
-66.50818
-68.27570
-68.59444
-69.70574
-70.83634
-71.88031
-71.83328
-74.01088
-73.78910
-71.16298
-70.89700
-73.83093
-73.49513
-73.80140
-71.08580
-64.21437
-66.84209
-71.56561
-73.26123
-72.71301
-72.81501
-75.38636
-74.36806
-74.45068
-75.24852
-76.21191
-72.26024
-70.07937
-68.14346
-69.93293
-72.93005
-71.25661
-69.12119
-69.47706
-70.21219
-70.78796
-70.69056
-71.12855
-70.57152
-70.83232
-71.14365
-71.06087
-71.03386
-69.51037
-71.06256
-71.53097
-72.06753
-71.23712
-67.97805
-63.98213
-66.27054
-69.81825
-69.30897
-72.09479
-70.98231
-71.41565
-70.88663
-71.39829
-72.09336
-73.47858
-71.66153
-69.42559
-68.70401
-67.77700
-68.75231
-68.03836
-68.22260
-68.53879
-67.12882
-68.53530
-69.84227
-71.21429
-72.02469
-70.92634
-71.08864
-69.45971
-70.76399
-70.44476
-69.34381
-69.90455
-70.71612
-71.05392
-72.48271
-66.36196
-64.25566
-69.18244
-69.63212
-71.69908
-72.87183
-73.34623
-73.75769
-75.05711
-74.11285
-74.68383
-75.64967
-71.55162
-71.95565
-74.35813
-73.95703
-75.34020
-74.11448
-68.60077
-68.91678
-68.65819
-68.67135
-70.10016
-71.11349
-71.24941
-71.38608
-70.31820
-72.02872
-70.90219
-69.83106
-70.53346
-70.35957
-70.72255
-74.37045
-69.59498
-64.12688
-65.75155
-65.83562
-69.03036
-71.77276
-71.61390
-72.04816
-74.33338
-74.82112
-72.09546
-72.98571
-69.77735
-69.98198
-69.38032
-68.09753
-67.29467
-68.88793
-67.45200
-63.21957
-64.04297
-66.34023
-66.47631
-67.38300
-67.93819
-68.18301
-68.29212
-68.76536
-69.27185
-68.55708
-68.45094
-69.36403
-69.94289
-70.01678
-69.35890
-64.47433
-63.30673
-67.25699
-69.50996
-70.01433
-70.47595
-69.51206
-70.20749
-70.87742
-71.81533
-72.93330
-70.61304
-68.90109
-71.84756
-72.51553
-71.41936
-72.30080
-71.03389
-69.62610
-67.52373
-68.87663
-69.01438
-70.44812
-70.61662
-70.92360
-71.43319
-71.57022
-73.27996
-70.97476
-69.81786
-71.91940
-72.52950
-72.87892
-73.86047
-64.32730
-67.50630
-71.88521
-67.53370
-68.84684
-69.25295
-70.50745
-70.34949
-70.77540
-71.43591
-71.59326
-70.71772
-69.64128
-65.60542
-66.27658
-67.26035
-67.40958
-66.97718
-66.44398
-67.22132
-67.85561
-68.79378
-69.34812
-69.73859
-69.16480
-69.48747
-69.14450
-71.00323
-69.32977
-69.03366
-69.23934
-71.31218
-71.99349
-72.46898
-67.46628
-63.68608
-67.44542
-68.47149
-69.72849
-70.15221
-71.51318
-72.65542
-71.99189
-73.18795
-73.37886
-72.55569
-70.72755
-68.87610
-67.81956
-70.20195
-69.63691
-70.36651
-68.16014
-66.33711
-67.07714
-68.02940
-68.16274
-68.06740
-68.04440
-68.52195
-69.10350
-69.32389
-68.70014
-67.77645
-68.86585
-69.85305
-71.03841
-68.98369
-69.64990
-64.50239
-64.52326
-70.15346
-70.68315
-72.00463
-71.61321
-73.25520
-71.92126
-72.40273
-72.37925
-72.51862
-72.95192
-67.60209
-65.70692
-66.44741
-67.25681
-67.18281
-68.46495
-67.14227
-64.18576
-66.48293
-67.71604
-68.43624
-68.83084
-70.76481
-71.98386
-71.29281
-71.00646
-70.50052
-72.05753
-72.50526
-72.81154
-73.46331
-72.48510
-64.79091
-67.32241
-74.30974
-76.55574
-76.97316
-75.03301
-76.51023
-76.03010
-76.07681
-75.56643
-77.42691
-71.50713
-73.16935
-75.33923
-75.30021
-77.07971
-78.00443
-72.07249
-71.43474
-74.05228
-73.77097
-74.48230
-74.13540
-74.58512
-73.55507
-75.03409
-74.63642
-75.53232
-71.29141
-71.87498
-73.66544
-74.77392
-78.43430
-73.05207
-68.25324
-66.14720
-69.20436
-72.64997
-73.87081
-75.43199
-74.85094
-75.40801
-75.72089
-75.86047
-77.57862
-74.37962
-70.87489
-71.43002
-74.44534
-76.11041
-75.56450
-71.36903
-71.15977
-69.57690
-69.14814
-70.85026
-72.22550
-73.78039
-73.33641
-74.38254
-72.89192
-72.99449
-71.09834
-71.84582
-71.41593
-73.18953
-72.59010
-75.81860
-68.45838
-64.27845
-72.25031
-74.52847
-75.80732
-76.20263
-76.55900
-76.94029
-76.77091
-78.09573
-77.42410
-80.04593
-73.01418
-72.62289
-77.92388
-79.02036
-80.05524
-77.66167
-73.69509
-72.30618
-74.04392
-78.65518
-78.00757
-81.91028
-79.01546
-81.82095
-79.19708
-82.42601
-79.00498
-72.97922
-74.46233
-74.55411
-76.77748
-76.75845
-79.35572
-65.94553
-65.07975
-68.93442
-70.45310
-76.55839
-77.11410
-78.34136
-78.67436
-80.51372
-77.61460
-77.80461
-76.90863
-71.59043
-74.94417
-76.51094
-72.58279
-73.07185
-70.30069
-71.35978
-67.52190
-68.49498
-71.01226
-71.64157
-72.70084
-72.39570
-74.34856
-74.34455
-76.46827
-72.71440
-72.62858
-75.16830
-81.99438
-76.87407
-83.96705
-67.07992
-64.44343
-72.47189
-74.38629
-78.65487
-77.90927
-80.43023
-77.99995
-78.59154
-77.71656
-81.70252
-74.08091
-71.73366
-75.90871
-78.71039
-78.25616
-78.54702
-74.92159
-71.56980
-73.30034
-74.47619
-77.97259
-76.96140
-79.29956
-77.02236
-78.54911
-77.10192
-82.31885
-74.57526
-72.42405
-77.03884
-80.09928
-80.05699
-83.18875
-73.96397
-64.80487
-69.48019
-72.72403
-72.91925
-74.64567
-74.60919
-76.55168
-76.47180
-77.82971
-77.33655
-75.99248
-70.67141
-68.43224
-68.91468
-70.15724
-70.38988
-71.46565
-68.36916
-67.15858
-68.29633
-69.22662
-70.15430
-70.96883
-71.37306
-72.26400
-72.99609
-73.73508
-75.04170
-76.08410
-77.68544
-78.26757
-80.29163
-81.27996
-82.83972
-83.64239
-85.31751
-85.42475
-87.44988
-86.21226
-87.44453
-85.74500
-87.82778
-86.91513
-88.21807
-87.06915
-88.03617
-87.31129
-87.49264
-86.80016
-85.48620
-86.58913
-75.08893
-79.72467
-87.49081
-84.94315
-86.89433
-85.92554
-86.87540
-87.33646
-87.53571
-88.17309
-87.70439
-89.86809
-88.02175
-91.83322
-87.48013
-98.59737
-82.07232
-73.88248
-88.45997
-89.93402
-91.19558
-90.72565
-90.39597
-90.84298
-91.16736
-92.05600
-91.78912
-93.31003
-93.32972
-94.71227
-93.53557
-94.57366
-93.02477
-95.80807
-80.08778
-69.09257
-61.41531
-61.09550
-61.82003
-61.21856
-60.82179
-61.97167
-60.89397
-59.87276
-65.71238
-71.39858
-71.81309
-75.02084
-79.36411
-75.85455
-81.78753
-68.17035
-66.12016
-77.88057
-79.22641
-82.32578
-79.52951
-81.27639
-79.40705
-80.81832
-82.75400
-81.84660
-86.44688
-70.10664
-68.38561
-72.67845
-76.92310
-87.42103
-78.60684
-71.20028
-66.29316
-64.57288
-65.52559
-65.80600
-68.04932
-68.23118
-68.33784
-66.39632
-68.71463
-76.50471
-72.95437
-75.91093
-79.19125
-79.46382
-78.39034
-80.72297
-65.54225
-64.21283
-69.49434
-71.25689
-74.10753
-74.68876
-76.60856
-77.13872
-78.49855
-79.02562
-79.61833
-71.66387
-69.39616
-69.75108
-68.79463
-66.54611
-66.50611
-66.85368
-67.35572
-63.74087
-61.07276
-60.72948
-61.43379
-62.55105
-62.12022
-62.93916
-63.42488
-63.29843
-63.52872
-63.52194
-63.56240
-63.09798
-62.77759
-62.02619
-61.34702
-64.37882
-63.78248
-63.89447
-65.16769
-65.74852
-67.03940
-66.96836
-65.81120
-65.63070
-68.63624
-70.70437
-66.42487
-61.15330
-60.31060
-61.41413
-63.45052
-63.86689
-68.79258
-71.42086
-72.07819
-73.05634
-73.62939
-74.03864
-73.46059
-74.31426
-73.97800
-77.16270
-71.78068
-76.50042
-75.86347
-77.26888
-78.98656
-81.26286
-66.68408
-66.94748
-80.23615
-77.16526
-81.26829
-78.16492
-81.05905
-78.58939
-80.43755
-78.42231
-80.60939
-72.69643
-67.04170
-65.73499
-66.21714
-68.79344
-69.96397
-71.70900
-68.29115
-63.66109
-62.66794
-64.17211
-66.95331
-68.38813
-67.14863
-67.08002
-66.98979
-68.82183
-68.61831
-66.48123
-67.00059
-68.46476
-68.90271
-69.69719
-70.03121
-64.42823
-60.89112
-60.67154
-62.01007
-63.36022
-63.37329
-63.73070
-63.51475
-63.68372
-67.18345
-74.34260
-76.30697
-66.44078
-65.38726
-66.71732
-67.98721
-67.91723
-66.86427
-68.02502
-66.27304
-68.15169
-69.48230
-69.97257
-70.87742
-71.92871
-73.02809
-74.29416
-78.31659
-73.01051
-68.42194
-67.84835
-67.47829
-68.25276
-66.62216
-63.92176
-66.12596
-68.24112
-68.75303
-68.69906
-68.95256
-68.99417
-68.81752
-69.49284
-68.90717
-69.73357
-66.79847
-69.85473
-68.84399
-65.94317
-69.00875
-68.90196
-71.25270
-69.96611
-64.62005
-61.41354
-60.98332
-61.80877
-62.42670
-62.34974
-62.76563
-63.68901
-63.67638
-63.24424
-63.76185
-63.59245
-63.81997
-62.73315
-62.28245
-59.88859
-61.89431
-68.27973
-65.34994
-66.09014
-66.51735
-68.28970
-69.57766
-75.04903
-77.37134
-78.03679
-77.65027
-72.09126
-64.04748
-60.49224
-60.48702
-61.98527
-62.82114
-64.07917
-66.22376
-64.88548
-65.80250
-65.62504
-67.45234
-67.93154
-68.30323
-66.33204
-68.41878
-71.99441
-71.58440
-73.58185
-69.98971
-69.17600
-69.36240
-64.92576
-64.37165
-68.32540
-68.89425
-71.26596
-71.94220
-74.51031
-74.33336
-77.04532
-76.97819
-79.47994
-76.98513
-69.88982
-72.01363
-71.04635
-73.75361
-73.41794
-72.24206
-71.60583
-62.65545
-60.60236
-62.05255
-61.50238
-61.00130
-61.70373
-61.76361
-59.70659
-62.47913
-67.95440
-71.65374
-76.16330
-78.17476
-79.63221
-78.17035
-81.01506
-66.18718
-66.94597
-78.38566
-78.36152
-81.69666
-79.54452
-79.50098
-80.29849
-82.39670
-82.11133
-84.07506
-84.15116
-69.32785
-68.65660
-71.70523
-77.08194
-81.22041
-71.98213
-70.63230
-65.48295
-64.87779
-65.56621
-66.64635
-68.61237
-68.32240
-67.74869
-66.13819
-70.74088
-75.01147
-76.07086
-78.51003
-77.95592
-81.25606
-72.88504
-68.05956
-64.49977
-65.52042
-68.07212
-67.89849
-69.18679
-69.17590
-69.98203
-69.67949
-69.60427
-68.66555
-68.00580
-65.72939
-64.63173
-65.71740
-67.23112
-68.01467
-68.73357
-69.08759
-64.93740
-61.48998
-60.07946
-61.61680
-62.55832
-62.28825
-62.20373
-63.33099
-63.97778
-62.98965
-63.29432
-63.42092
-63.53419
-62.86791
-62.48713
-60.33236
-62.05988
-63.83473
-63.51100
-65.31600
-65.74128
-67.04229
-67.12686
-66.24750
-66.05219
-69.42981
-70.53555
-69.10638
-63.12729
-60.31749
-60.71039
-62.57483
-63.07624
-66.49235
-72.55139
-71.34969
-73.70842
-72.95000
-74.63774
-73.07075
-74.76504
-73.61698
-77.15859
-73.74093
-70.97440
-71.43958
-71.03587
-71.33344
-74.57458
-69.60136
-64.99286
-73.21587
-78.52174
-78.97559
-79.15563
-79.64693
-79.22190
-79.90757
-78.77465
-80.10704
-76.40317
-70.24110
-67.51670
-63.80086
-65.05876
-66.33578
-68.14526
-67.75610
-64.87058
-64.91045
-65.84744
-67.59028
-68.65142
-67.77373
-67.00953
-67.45735
-68.98398
-68.68008
-66.71541
-66.99615
-67.84340
-67.95250
-69.97755
-67.19161
-66.05362
-65.57463
-61.35920
-60.50883
-62.09154
-63.33730
-63.30929
-63.69405
-63.51315
-64.73694
-70.58483
-78.24660
-66.73498
-63.41737
-66.58799
-67.88407
-69.27484
-68.02081
-66.34728
-66.24918
-65.50894
-66.19149
-69.89502
-71.03513
-71.46112
-72.59325
-73.71154
-76.46160
-76.26287
-69.54953
-67.92717
-68.44508
-68.03058
-68.70828
-64.20309
-64.87759
-67.31587
-67.43932
-67.78165
-68.41900
-69.34963
-69.82598
-70.71695
-69.57432
-69.13027
-66.41054
-68.95484
-68.65578
-67.33551
-69.58450
-70.56818
-70.51995
-69.60352
-67.01232
-62.19611
-60.54572
-61.21540
-62.21152
-62.46301
-62.23283
-63.32059
-63.68640
-63.28951
-63.77754
-63.60199
-63.63182
-63.12030
-62.96119
-60.93531
-62.99726
-66.31097
-65.39426
-66.12155
-66.75359
-68.90195
-69.32903
-74.11521
-77.32005
-78.08120
-78.41959
-73.77844
-66.16451
-61.03532
-59.99800
-61.38555
-62.83793
-66.83236
-65.91109
-64.24373
-65.85149
-65.88194
-68.03681
-67.54495
-67.44543
-65.44659
-67.23733
-72.13332
-73.02535
-74.54712
-76.00559
-75.02508
-79.12456
-70.10427
-64.49134
-67.46504
-68.01034
-70.06230
-71.53229
-72.08682
-73.20255
-73.81124
-74.04099
-74.23444
-74.13275
-69.05113
-72.85963
-71.08896
-71.05435
-72.11294
-72.43293
-73.78498
-65.01180
-65.07963
-67.63374
-68.88225
-71.01848
-71.45192
-72.83858
-72.77145
-72.90496
-72.95475
-72.74376
-72.51640
-73.54872
-74.31631
-73.39854
-75.08604
-68.06407
-67.15207
-73.46235
-73.41987
-74.69371
-74.14945
-74.08038
-73.42934
-73.99790
-74.78428
-75.60495
-75.27527
-73.72045
-73.93000
-75.24435
-75.23279
-75.37304
-75.16088
-71.39335
-73.40897
-76.28302
-77.82533
-79.69699
-79.38942
-80.25964
-79.74282
-80.65904
-80.25930
-80.96646
-76.99410
-78.61872
-79.05075
-80.70984
-79.36317
-66.92485
-68.69734
-77.82833
-79.95321
-83.85349
-81.72066
-84.45240
-82.31584
-84.66170
-82.23083
-86.36603
-77.86608
-72.92847
-77.02589
-79.05017
-78.02144
-80.41787
-83.75257
-79.65741
-79.52938
-83.34385
-85.72366
-86.84918
-87.82259
-86.91941
-89.05118
-87.86729
-89.52811
-87.38133
-80.64490
-78.78088
-87.02798
-82.83597
-92.43825
-76.69894
-66.64116
-71.24750
-80.59488
-85.51553
-87.45924
-86.20680
-88.09226
-86.29450
-88.69408
-85.97622
-89.46932
-82.48311
-78.93187
-82.80204
-86.24359
-85.21516
-88.68601
-82.33756
-76.58787
-81.26025
-84.71870
-82.67259
-83.59530
-82.55032
-83.42533
-81.58585
-83.62258
-83.96068
-84.26561
-77.61251
-83.83764
-82.35647
-111.34671
-76.93011
-67.57414
-70.11093
-70.34354
-74.89246
-75.42412
-75.55340
-77.19471
-76.96437
-78.65732
-77.60888
-78.78941
-72.52608
-74.25238
-76.88169
-78.57563
-77.41273
-77.89241
-75.83871
-67.76261
-70.03745
-70.75509
-70.10338
-71.55490
-70.90703
-71.16143
-70.94805
-71.26578
-71.25593
-70.90343
-71.13459
-70.40388
-70.88928
-70.88191
-71.67467
-68.74561
-65.54596
-69.74817
-71.44232
-72.15627
-72.12040
-72.10252
-72.45194
-72.62322
-72.64371
-72.89882
-72.87895
-72.24295
-72.74116
-73.18425
-73.41629
-73.46110
-73.22307
-70.76163
-72.79166
-73.93568
-73.97370
-74.18316
-74.61913
-74.73434
-75.01769
-74.54156
-75.90873
-73.41849
-76.44607
-75.91509
-74.56440
-76.75975
-77.18454
-72.14544
-66.67732
-68.60379
-69.90218
-71.87606
-73.00905
-74.07239
-74.68819
-74.69758
-75.54466
-75.67572
-76.16810
-76.71668
-77.24481
-77.45369
-78.24494
-78.23348
-79.27235
-79.03727
-79.80120
-79.88248
-80.51939
-79.85863
-80.41693
-80.44122
-80.56798
-80.73279
-81.08915
-80.89710
-81.30428
-81.32123
-81.67175
-81.80442
-81.84799
-81.89361
-81.75268
-82.23874
-81.99981
-82.21632
-82.23773
-82.67004
-82.56985
-82.89490
-83.05670
-83.50146
-83.66976
-83.93122
-83.62673
-84.10407
-84.04780
-84.27477
-84.53167
-84.71353
-85.26220
-85.27556
-85.63584
-85.72948
-85.86983
-86.01340
-86.45855
-86.61438
-86.87495
-87.37485
-87.54097
-87.55932
-88.03403
-87.90864
-88.30195
-88.81733
-88.92643
-89.18063
-89.27870
-89.66584
-89.76205
-89.98830
-90.17471
-90.35080
-90.58290
-90.69093
-91.08994
-91.27661
-91.30349
-91.28819
-91.38738
-91.48540
-91.06780
-91.29096
-91.47220
-91.15132
-91.51315
-90.98302
-91.20987
-91.37174
-91.52291
-91.90278
-91.77640
-91.96280
-91.69561
-92.23877
-92.20852
-92.38862
-92.47075
-92.45386
-92.80338
-92.67328
-93.02166
-93.35982
-93.48401
-93.53198
-93.68045
-93.86580
-94.15153
-94.32154
-94.51890
-94.89085
-95.08212
-95.18260
-95.60240
-95.93278
-96.25650
-96.58826
-96.83428
-97.02368
-97.20287
-97.70570
-98.24651
-98.58387
-98.61085
-99.20029
-99.51466
-100.00263
-100.73119
-100.88134
-101.46465
-102.10107
-102.42105
-102.97207
-103.36896
-103.80093
-105.81713
-108.91280
-111.67768
-114.79054
-118.50104
-122.74562
-129.26693
-134.21122
-137.94573
-138.08851
-139.46413
-138.35269
-139.84742
-138.94231
-139.15722
