-111.96863
-91.49313
-77.73271
-79.13397
-83.12851
-78.78724
-79.41221
-83.48009
-80.28679
-73.54837
-73.74095
-76.49210
-75.14863
-74.74438
-78.21663
-77.11540
-73.39477
-72.49511
-74.56869
-77.41562
-75.10241
-76.48455
-70.44244
-68.43786
-70.64084
-71.19716
-72.10845
-71.36130
-71.25562
-71.32934
-74.15158
-75.96940
-75.01111
-72.62177
-71.25833
-72.01331
-73.07100
-74.00013
-73.64143
-73.74031
-75.21312
-77.12780
-77.59359
-78.18873
-78.48901
-82.16428
-81.06145
-79.23367
-80.79480
-81.17702
-78.94212
-76.08696
-78.42726
-78.99886
-77.22475
-79.50935
-82.46175
-78.08567
-75.92743
-76.55636
-80.25678
-79.57011
-79.06279
-78.42309
-72.26918
-72.92091
-74.40143
-75.00738
-75.25849
-74.48343
-74.40702
-75.48615
-79.10463
-79.43024
-77.29543
-74.86415
-74.94463
-76.01068
-77.22746
-77.54185
-77.19236
-77.61339
-79.31246
-80.60430
-81.30144
-82.90191
-85.23557
-87.39738
-83.23828
-83.13086
-84.71822
-84.53927
-82.86800
-83.09398
-86.08134
-85.90124
-84.89216
-87.15883
-87.47788
-84.06372
-82.86826
-84.35197
-86.97390
-84.79600
-86.10540
-80.52017
-78.21671
-80.45424
-81.09908
-82.14018
-81.83102
-81.87786
-80.58228
-77.66596
-76.01772
-75.54881
-74.52501
-75.41580
-77.68798
-77.98529
-75.76737
-73.86622
-74.42398
-78.36599
-80.76425
-79.47689
-76.96869
-74.41000
-74.72492
-76.19420
-75.99990
-76.83554
-76.78723
-70.83873
-70.92366
-78.26719
-80.25990
-77.68194
-78.08658
-76.67943
-71.93563
-69.18431
-69.73472
-72.67841
-73.42577
-72.77545
-74.06283
-77.73342
-77.90689
-74.34297
-75.55639
-75.62796
-73.62114
-70.50692
-69.20763
-69.83561
-68.83648
-67.93816
-66.88953
-66.38401
-67.55701
-69.21071
-70.36518
-72.41684
-75.36816
-80.08717
-82.23766
-81.28266
-79.18449
-77.92974
-79.05572
-77.73602
-77.51596
-80.64307
-77.19577
-73.08823
-76.96217
-84.48023
-82.75763
-81.03414
-81.24350
-78.63721
-75.16892
-74.14827
-75.82655
-77.62017
-76.54842
-76.67343
-78.92084
-82.24785
-80.16270
-79.41424
-80.51499
-78.57412
-75.74125
-72.75956
-72.88052
-72.81227
-71.61203
-71.61519
-70.96503
-71.20327
-72.40944
-73.23447
-74.57272
-77.82797
-81.29831
-85.32768
-87.13078
-85.56032
-82.96922
-82.84029
-84.02264
-83.21727
-84.30022
-84.81293
-80.73863
-80.46657
-87.73513
-88.40843
-87.88752
-86.68783
-88.55684
-76.83981
-73.14188
-75.98008
-73.70610
-72.70233
-75.01799
-76.26291
-71.20562
-68.01853
-71.91785
-75.04571
-71.05828
-71.87645
-72.13936
-68.33782
-66.68981
-66.42133
-68.59144
-68.45232
-68.36072
-68.72613
-65.00800
-65.10950
-65.52872
-67.11376
-67.83803
-68.05882
-65.05146
-63.80583
-66.11131
-64.52833
-64.43147
-64.52449
-65.08674
-66.30067
-68.68504
-72.04926
-76.68567
-77.14286
-75.09073
-76.70746
-77.07090
-76.70434
-75.60958
-76.07860
-74.18880
-74.76350
-79.14085
-78.15552
-72.12999
-71.97016
-77.53867
-76.59902
-74.02340
-75.52106
-75.41441
-73.88768
-74.22740
-75.54758
-75.18461
-72.02847
-72.79943
-70.09176
-67.93082
-68.92011
-69.34172
-71.00906
-71.62471
-70.79062
-67.32078
-68.27395
-68.64123
-67.29464
-67.93152
-68.04112
-69.02514
-70.62936
-73.36457
-76.93315
-81.55003
-79.13795
-79.49768
-80.19833
-81.05834
-81.71628
-82.51056
-79.36088
-78.30507
-81.15266
-82.49842
-80.68585
-77.62653
-81.23650
-83.14625
-80.42260
-81.17085
-81.98064
-80.88257
-80.25254
-80.55670
-81.48561
-78.94752
-78.54094
-78.62551
-75.29714
-75.09135
-75.49069
-77.01837
-78.63442
-78.36114
-75.82270
-72.63932
-71.91759
-70.91643
-70.90107
-71.49222
-72.42173
-74.25369
-71.36140
-71.23258
-74.41390
-72.61046
-72.58766
-73.36035
-73.56934
-70.42359
-68.95856
-71.21684
-70.04016
-67.37951
-69.04997
-68.60120
-65.74195
-69.30818
-75.03466
-72.34809
-70.29824
-73.81389
-71.82582
-67.33065
-66.15258
-67.96591
-72.21021
-73.39140
-73.70268
-72.52120
-70.61327
-70.72949
-70.54653
-67.56385
-66.68956
-66.02167
-65.15165
-66.79388
-67.54789
-66.73089
-67.89065
-69.33985
-71.37829
-73.04481
-72.19410
-73.77005
-76.10289
-75.92920
-75.44157
-75.08637
-74.17342
-72.08850
-73.26589
-76.37275
-73.57471
-72.52672
-74.09115
-70.28344
-69.65390
-74.44007
-77.40743
-75.26521
-75.65345
-77.60544
-72.85933
-70.57583
-70.65120
-73.84202
-76.66555
-77.28613
-77.28001
-74.97320
-73.75064
-74.40909
-72.35867
-69.58454
-69.17414
-68.28470
-69.26312
-72.25850
-72.93222
-72.35850
-71.95863
-71.90572
-74.16148
-74.53889
-75.28869
-78.64566
-79.08686
-81.15739
-80.83415
-78.81069
-78.32305
-77.48116
-79.61668
-78.92633
-76.91944
-78.28861
-78.18680
-75.97100
-79.55300
-84.14790
-83.87083
-82.48100
-83.80397
-81.25813
-70.97447
-71.06702
-74.40622
-71.51827
-71.37148
-74.47646
-72.38659
-66.35043
-66.37786
-69.33539
-68.00265
-67.35692
-70.17134
-68.13684
-64.29962
-64.02468
-65.46475
-67.91148
-66.10590
-67.23831
-63.18672
-61.12975
-61.95717
-62.39394
-64.61395
-64.82086
-65.80720
-61.56792
-64.76256
-67.86406
-64.83860
-64.30965
-62.41526
-62.62316
-60.59974
-61.31119
-63.24328
-64.42107
-65.61459
-67.63595
-68.98053
-68.80272
-67.80075
-66.40968
-66.79317
-68.46712
-72.79447
-71.96620
-68.60801
-67.95741
-69.70860
-70.18843
-69.05922
-69.75791
-72.72621
-72.00885
-70.09188
-69.69410
-71.54413
-70.56908
-69.60461
-69.65016
-64.74472
-64.81211
-65.21251
-66.67356
-67.63051
-69.38022
-67.27899
-65.14354
-70.86910
-68.29120
-68.14769
-67.07259
-66.66106
-65.75380
-63.98367
-66.17364
-67.60074
-68.33775
-69.93726
-72.11470
-72.00501
-72.40446
-71.11561
-70.24824
-70.80745
-73.57138
-76.34477
-73.71102
-72.45911
-73.83683
-75.06826
-74.38395
-73.18134
-74.92366
-77.27858
-76.02045
-74.45224
-75.01877
-76.82425
-75.36416
-75.98486
-72.77069
-70.77828
-71.55558
-72.18852
-74.14001
-74.79711
-76.04981
-71.89601
-69.36872
-68.84270
-67.51535
-67.57021
-67.86379
-69.85023
-68.27135
-65.53628
-66.43327
-65.83700
-65.66123
-68.11944
-68.56192
-68.26511
-66.48235
-66.74899
-67.43615
-65.26541
-67.23972
-69.39876
-63.71899
-63.46487
-69.34147
-68.97253
-69.53405
-70.96273
-69.24584
-64.91698
-62.00045
-62.57972
-65.43272
-65.69927
-65.93567
-68.42134
-67.21720
-67.85891
-67.05042
-66.07236
-64.36384
-63.07757
-61.54548
-61.51622
-62.80526
-61.93908
-61.76908
-61.16814
-61.39820
-63.10929
-64.63750
-66.40533
-68.45620
-67.54320
-68.63509
-70.43805
-69.97444
-70.80347
-69.96090
-70.23280
-69.51254
-69.58949
-73.20693
-69.66120
-66.25928
-68.93792
-70.10901
-69.53514
-71.29084
-72.24033
-70.41803
-66.87895
-66.03091
-67.72228
-69.77255
-68.96145
-71.26889
-71.99042
-70.82993
-71.33573
-70.02978
-69.28428
-67.22726
-66.44421
-65.74632
-66.58019
-66.04683
-64.16652
-63.45130
-62.91422
-63.90662
-65.99450
-67.94892
-69.75720
-71.35724
-71.21656
-73.40272
-74.65650
-74.28965
-74.24870
-73.65573
-74.28043
-74.49604
-75.85902
-76.44848
-72.83632
-71.65104
-74.02320
-74.88391
-77.16762
-76.75980
-78.76267
-70.84397
-66.90255
-69.46902
-68.01029
-66.30267
-67.82078
-69.82697
-64.31047
-61.04117
-63.93679
-66.77379
-63.98990
-65.04617
-65.96933
-61.50218
-60.70982
-61.55041
-64.51811
-64.87040
-64.63488
-63.10548
-57.95101
-59.87114
-62.80130
-63.50686
-61.46024
-59.71124
-57.57944
-56.41634
-58.50705
-56.84823
-57.46137
-58.81226
-60.49716
-60.43053
-57.89374
-61.40536
-67.02340
-67.57928
-67.08944
-69.37857
-65.85559
-59.58273
-56.64705
-55.41076
-56.67626
-59.59878
-64.05566
-65.72951
-62.99295
-61.67866
-62.07789
-65.61358
-67.34253
-67.96786
-68.67512
-66.22437
-63.49364
-64.82457
-67.22727
-65.71091
-65.08737
-61.79092
-60.78956
-62.90177
-65.03400
-65.08840
-63.18728
-62.15374
-60.15916
-61.73557
-61.91067
-61.10197
-62.77470
-63.34920
-65.45718
-61.84543
-62.07524
-66.18761
-68.74003
-70.32247
-67.78589
-69.23663
-63.44204
-59.88977
-58.88882
-59.15251
-61.62959
-63.99381
-68.18007
-68.64781
-67.65389
-66.35570
-65.24286
-66.98926
-68.06292
-69.24386
-71.24099
-69.34322
-68.22528
-69.62130
-69.55610
-68.07963
-69.20478
-66.66149
-65.98095
-68.69856
-69.01870
-69.09468
-67.60389
-68.07092
-66.51191
-65.70700
-65.26602
-64.71162
-65.07709
-66.78444
-68.46174
-65.37149
-66.23002
-68.18530
-65.61479
-65.35565
-65.68693
-65.84498
-64.19014
-62.53963
-63.50885
-63.24507
-62.84044
-65.30933
-64.10257
-60.45584
-63.01552
-67.03505
-66.89253
-67.89677
-70.51429
-67.28969
-61.44498
-60.04663
-61.40872
-64.74184
-65.61165
-64.75081
-63.24584
-62.86024
-63.88231
-63.51754
-62.43112
-60.49437
-58.65952
-57.77026
-58.97935
-61.24375
-61.65921
-60.94349
-60.32796
-60.70849
-61.95565
-63.56832
-65.40583
-65.49809
-63.74822
-64.06982
-64.92876
-63.01095
-64.81888
-67.42996
-67.51170
-67.93859
-66.60941
-65.78450
-63.39952
-64.55601
-69.10960
-71.59501
-70.21260
-68.26550
-69.55041
-67.13222
-64.80748
-65.01495
-67.81791
-71.04883
-70.50896
-68.37597
-66.62163
-67.88361
-67.96862
-67.06835
-65.93553
-64.64155
-63.75818
-63.36145
-64.83942
-65.01671
-64.27150
-63.50942
-63.53698
-64.36731
-65.19372
-66.93520
-69.73199
-72.29265
-72.52647
-73.35268
-71.65586
-70.23112
-70.01119
-68.68120
-66.54102
-69.08669
-73.09009
-74.11106
-71.33479
-71.96108
-74.83297
-72.44723
-74.76462
-74.48785
-73.65021
-65.58151
-64.51396
-66.10123
-65.91380
-67.26684
-67.29941
-67.17273
-61.98742
-61.47870
-65.30354
-66.36719
-65.49910
-67.97954
-65.45782
-62.02403
-61.75887
-62.51371
-64.59846
-60.39618
-61.90177
-59.55863
-56.81785
-60.92427
-62.21345
-62.52411
-61.60895
-61.89205
-61.61557
-63.18242
-63.45669
-60.90068
-59.59064
-58.62829
-60.23360
-61.76957
-63.22276
-62.75072
-62.58842
-63.52179
-65.84083
-66.00426
-64.55644
-63.99668
-64.33301
-65.48367
-65.57749
-65.93411
-65.10977
-63.27696
-61.94110
-64.45305
-65.14228
-65.72889
-66.72813
-66.07545
-66.98124
-65.89163
-64.11575
-61.99413
-60.74244
-61.01010
-61.88167
-59.80348
-60.24818
-61.97322
-60.60691
-60.71798
-61.59603
-61.86994
-62.14234
-63.27641
-61.73343
-60.57618
-62.01942
-63.77237
-63.68483
-63.76919
-63.37995
-61.68246
-61.88662
-63.07796
-64.15064
-63.82674
-62.76954
-62.39181
-64.35586
-63.96579
-64.53969
-62.18341
-60.19346
-63.42772
-63.78420
-62.60486
-62.51975
-64.42674
-63.94773
-62.22975
-61.86693
-61.57888
-62.11229
-61.37873
-61.54720
-63.25313
-61.73436
-61.97189
-61.27623
-59.80721
-60.09307
-59.38987
-63.29407
-69.75958
-66.79849
-65.24178
-65.33855
-65.04731
-65.63411
-67.51930
-68.66530
-66.48824
-64.77173
-65.21562
-68.18916
-69.68745
-68.41940
-67.52676
-65.55565
-66.12592
-67.97179
-68.24795
-68.21153
-69.33166
-62.95616
-61.44779
-68.09880
-72.23046
-69.44091
-70.33311
-70.20900
-63.65671
-61.12076
-62.06103
-65.31233
-66.21970
-65.82725
-66.28646
-65.60148
-65.53145
-67.06305
-65.42957
-63.95937
-66.15487
-65.35383
-67.32732
-67.47374
-65.59070
-65.57887
-65.60599
-68.10922
-70.95875
-72.03559
-69.80231
-68.50924
-69.25933
-72.05197
-73.02877
-72.36633
-71.09337
-70.12398
-70.72719
-71.79464
-72.22318
-74.07991
-71.14214
-65.62979
-68.44796
-74.76833
-73.28767
-72.44487
-74.18301
-70.88318
-66.95357
-66.66530
-68.14258
-69.58511
-69.49705
-70.62286
-70.28695
-69.52482
-70.83052
-72.45559
-68.91495
-70.44176
-70.84439
-69.19164
-70.63846
-68.91462
-68.47749
-68.44117
-69.85765
-72.92413
-75.60861
-74.68312
-73.42218
-73.32875
-75.72152
-77.22605
-77.02268
-76.31971
-74.53635
-74.83891
-77.25644
-77.21518
-76.93488
-78.59452
-74.08614
-71.58684
-77.43607
-84.93408
-80.76130
-83.61378
-75.75409
-67.47494
-63.90167
-65.12133
-63.25765
-62.26716
-62.40512
-61.91853
-61.33470
-58.83704
-62.27875
-64.87049
-63.39601
-64.60123
-64.28753
-62.42590
-62.26846
-62.96128
-63.41782
-65.27993
-65.78369
-63.28418
-57.81486
-59.69973
-62.86308
-61.70378
-60.31048
-59.56126
-58.38584
-57.70528
-60.85298
-59.15977
-59.15135
-59.67968
-60.42265
-60.18759
-57.11341
-56.56449
-57.38292
-59.32301
-60.62956
-62.07405
-60.94237
-58.62821
-56.42780
-55.21403
-56.43836
-58.15464
-60.94717
-63.49914
-63.19712
-60.79241
-61.22618
-61.92705
-64.26747
-63.78134
-61.40099
-60.95484
-58.74988
-59.10244
-61.41812
-62.81062
-62.32082
-59.57260
-58.10241
-60.76538
-61.13163
-60.36484
-58.68269
-59.77271
-59.38677
-60.49829
-60.55187
-58.67049
-60.17174
-60.12546
-60.69375
-58.60351
-58.53062
-57.66925
-58.39790
-60.11853
-59.82944
-60.22802
-59.20543
-57.31743
-57.49453
-58.60329
-59.94751
-60.56255
-60.57824
-61.34784
-61.03543
-61.80057
-61.20102
-60.07980
-60.49786
-59.63067
-60.22035
-60.70714
-59.34674
-62.21789
-62.89202
-61.61265
-62.71810
-62.09401
-60.85852
-61.58505
-61.70296
-62.55158
-62.42158
-60.34602
-61.71982
-63.84085
-63.86056
-65.28181
-66.57690
-67.23425
-68.76385
-65.11237
-64.11841
-65.10057
-64.99144
-65.24575
-66.41267
-66.27841
-64.43763
-62.76020
-62.64754
-63.24571
-64.22102
-66.01291
-62.03468
-60.60867
-62.90215
-64.09143
-65.06000
-65.75591
-68.04075
-66.20256
-61.13252
-59.72064
-60.60311
-63.66753
-65.66158
-64.91151
-64.33300
-63.45993
-63.92403
-64.79518
-63.10393
-61.01728
-59.10173
-59.17720
-61.38114
-62.44318
-63.63953
-61.68262
-59.91474
-60.57260
-61.99042
-62.64233
-62.62199
-62.26407
-60.58041
-61.31550
-63.11274
-62.29173
-63.18242
-64.67728
-65.46811
-65.25936
-66.25007
-67.48854
-64.49187
-65.55858
-67.93014
-69.43978
-69.97171
-70.55155
-66.18016
-64.08898
-65.25890
-64.70397
-67.35623
-68.39346
-68.56898
-68.46839
-68.05711
-67.99082
-68.82077
-68.94158
-67.01572
-65.10553
-61.36068
-62.46599
-65.32394
-65.97366
-65.88233
-63.80397
-63.02919
-64.23021
-66.18168
-66.60146
-67.75898
-68.85351
-69.57920
-70.62113
-72.37138
-71.51515
-72.29032
-71.13659
-69.70366
-70.22125
-72.65165
-71.44438
-70.33033
-70.06782
-71.89923
-71.26606
-73.30788
-72.10460
-60.88713
-59.52393
-59.93125
-61.18398
-64.07100
-63.20537
-62.80065
-63.53179
-62.26606
-62.65380
-63.24707
-62.37217
-63.13772
-65.80481
-67.15669
-64.33958
-60.79524
-59.69547
-63.73887
-62.65936
-62.02863
-58.46462
-56.28832
-59.43837
-60.83511
-60.22600
-59.30349
-59.14289
-58.89280
-59.58716
-60.04088
-59.29836
-58.08121
-58.64321
-59.76552
-60.54640
-62.04126
-62.84495
-63.14254
-63.11919
-64.92784
-62.11768
-61.34771
-62.57760
-61.71370
-62.72268
-63.67011
-64.46779
-63.00139
-61.04513
-60.35654
-62.28977
-63.38426
-64.04408
-66.35088
-60.14996
-58.62264
-61.26588
-60.79938
-58.94902
-59.46403
-60.10872
-60.64777
-59.58853
-59.04221
-59.33181
-58.21729
-59.42663
-60.69363
-61.21379
-60.68363
-60.76661
-59.85329
-59.38631
-60.56493
-61.64753
-60.75459
-62.43912
-63.83915
-62.62918
-62.93450
-63.93832
-64.20901
-60.76600
-61.98039
-61.41591
-62.37729
-62.58419
-62.54479
-61.71204
-59.27445
-61.81402
-62.89416
-61.87506
-61.28096
-63.85272
-62.88320
-60.26497
-60.81422
-60.56654
-61.29515
-60.74354
-60.76979
-62.84108
-60.95434
-61.10893
-60.24942
-59.53873
-59.37507
-59.34500
-60.24593
-59.32581
-59.96502
-59.59134
-59.95131
-60.91374
-61.76284
-63.47209
-64.74617
-64.41887
-63.51692
-64.32039
-66.67096
-68.09123
-66.86223
-66.40164
-64.53755
-64.78515
-66.89975
-66.71417
-68.13549
-65.42826
-61.14117
-60.73433
-64.92129
-69.04101
-67.78893
-68.85482
-67.58380
-63.25606
-60.63905
-60.62141
-62.41406
-63.70411
-63.54038
-63.42254
-63.72266
-64.03120
-65.42197
-67.00577
-65.26803
-64.69436
-61.32828
-59.81209
-59.56880
-58.02029
-57.65597
-57.81746
-58.48749
-58.33179
-60.24750
-62.62462
-64.99149
-67.32716
-68.02752
-69.06271
-62.43089
-60.85660
-61.79308
-61.68181
-62.80698
-62.84718
-64.13137
-64.44221
-63.22302
-64.34090
-68.50724
-68.72749
-70.07915
-69.02879
-63.92934
-65.05248
-64.41708
-65.47568
-67.70903
-67.40692
-67.86517
-67.36531
-67.60336
-68.30044
-70.70320
-70.55158
-69.82843
-67.62489
-64.16251
-63.97867
-62.94318
-61.81282
-61.80958
-62.15293
-62.97173
-64.18826
-65.91257
-67.90700
-71.63298
-72.65603
-77.93598
-69.49002
-66.66206
-71.60560
-70.30733
-71.62754
-72.24027
-71.57186
-73.11950
-70.26584
-70.65576
-70.96113
-75.75436
-71.29209
-78.53921
-65.04575
-56.79537
-56.73676
-57.86487
-58.55010
-58.17916
-57.97990
-56.46757
-57.31085
-58.15462
-60.16048
-59.57351
-60.36062
-64.01390
-62.06875
-60.90735
-60.74136
-60.96583
-63.05732
-65.39280
-64.25047
-61.81647
-57.12570
-59.67032
-61.86758
-61.80391
-60.51459
-59.82481
-58.91354
-57.64971
-60.65552
-59.65105
-60.87623
-61.72335
-61.46293
-60.88146
-57.58148
-56.20111
-57.00374
-59.10983
-60.38140
-62.43679
-59.25861
-56.70861
-55.74835
-55.37712
-57.37901
-58.51746
-60.72444
-62.18801
-64.18469
-61.63672
-61.93085
-60.44846
-60.60455
-62.21122
-58.40932
-58.70038
-58.55678
-58.03045
-59.13046
-60.74850
-60.85090
-61.32662
-60.11278
-62.63224
-62.91370
-62.74856
-61.47598
-61.73878
-61.07581
-60.88465
-61.57604
-58.91322
-60.79273
-61.51208
-61.17129
-59.35806
-59.36977
-57.93882
-58.97903
-60.84470
-60.21846
-60.36697
-60.44486
-59.30801
-58.08311
-59.36276
-60.41259
-61.45068
-61.13385
-62.27858
-62.78977
-62.46387
-61.48054
-61.11270
-62.15236
-60.29210
-61.04626
-62.54418
-61.37470
-63.55462
-64.52879
-63.57076
-63.39246
-64.14628
-63.75434
-63.81661
-63.29190
-63.64017
-65.26874
-59.29170
-57.91975
-59.77170
-61.50156
-62.27384
-61.42657
-61.32918
-61.45907
-61.26413
-60.98617
-61.41395
-61.77783
-62.37494
-62.64434
-62.88530
-62.49140
-61.41374
-61.34834
-61.78849
-61.92131
-63.14138
-60.53560
-59.65833
-62.40422
-64.22993
-65.10660
-64.96824
-65.37613
-64.54986
-61.88115
-59.87359
-60.06704
-61.79072
-63.08500
-63.05651
-63.14778
-63.05251
-63.97826
-64.42557
-63.77278
-63.53809
-61.37725
-59.73233
-60.78449
-62.14805
-61.59607
-61.04337
-59.84766
-58.93227
-59.42893
-60.23931
-60.42061
-61.25166
-60.60875
-61.36375
-61.60496
-57.39225
-57.22335
-58.72364
-60.51041
-61.84059
-63.01602
-63.42016
-61.51768
-62.82995
-65.05038
-67.72997
-67.56880
-68.18635
-64.61674
-63.07637
-64.34148
-63.64594
-65.66463
-66.73030
-66.80052
-66.56495
-66.91661
-67.93453
-68.10370
-68.04843
-67.67461
-68.01847
-62.94912
-63.26258
-66.24490
-65.24956
-64.87552
-63.42936
-63.36907
-63.56066
-65.17883
-65.40887
-66.19302
-66.55722
-66.02623
-67.66720
-70.41182
-70.85727
-71.41999
-71.28797
-71.58581
-70.86286
-72.13386
-71.55608
-69.71532
-69.78900
-71.57669
-69.96830
-66.87268
-67.07678
-57.77528
-55.53747
-56.49873
-58.07981
-60.41014
-60.30701
-61.01383
-61.34904
-59.27882
-58.87377
-63.53678
-64.43056
-63.57519
-65.33919
-66.86891
-63.24841
-59.91641
-59.78129
-63.98116
-62.92778
-61.55804
-59.21948
-55.86665
-54.49539
-53.68610
-55.34732
-56.59464
-58.26767
-58.45667
-58.88409
-58.95065
-58.96053
-58.77984
-58.27323
-59.08146
-60.75025
-63.62203
-62.92941
-62.75035
-62.74062
-65.43793
-63.99859
-62.50054
-63.60301
-63.19404
-64.17163
-64.70374
-65.63810
-64.50713
-63.22179
-61.50664
-61.98836
-65.73029
-64.94778
-67.53748
-59.88635
-56.47111
-58.69654
-60.60377
-59.74967
-58.28075
-60.12030
-59.65256
-58.95631
-56.80123
-55.66353
-56.42489
-57.94514
-60.54998
-61.15407
-60.09480
-61.22394
-61.44721
-60.42019
-60.40348
-61.12116
-62.13807
-62.73684
-63.39083
-62.10503
-61.42692
-63.09037
-64.81228
-61.79291
-63.10803
-63.01651
-63.83216
-64.51661
-63.94259
-63.27535
-60.97065
-63.25009
-64.49786
-63.54236
-63.04388
-65.92014
-64.73783
-61.80493
-62.81845
-62.79816
-62.87982
-63.29293
-62.91785
-64.89578
-62.41218
-62.80567
-62.57004
-59.95115
-58.76420
-59.48090
-61.01828
-58.33149
-58.78567
-58.91949
-59.22689
-60.40415
-61.67942
-63.94975
-65.32528
-65.38256
-64.41987
-64.92015
-66.77374
-67.45094
-66.19025
-66.59816
-65.70741
-65.21043
-66.89358
-66.69458
-67.17763
-65.43338
-61.09320
-61.76272
-64.51841
-67.75316
-67.51584
-67.77247
-67.99754
-63.55596
-60.38301
-59.90602
-62.00481
-63.67223
-64.58342
-64.63849
-65.39904
-66.79023
-67.06263
-67.32263
-66.33751
-62.90208
-59.80377
-58.63050
-58.80109
-58.39596
-58.44549
-59.11933
-59.76566
-59.40811
-61.34193
-64.28084
-65.74814
-66.93346
-66.26955
-68.14591
-61.65420
-59.71580
-61.15925
-60.78043
-61.96692
-61.86971
-63.24728
-63.90410
-63.22043
-64.55236
-67.02830
-67.82621
-68.93921
-68.99105
-64.29385
-65.25720
-65.06556
-65.92776
-68.12971
-68.12322
-69.04903
-68.99285
-70.12727
-70.91800
-71.47156
-69.27084
-66.55035
-63.59796
-61.65424
-61.74815
-61.90674
-61.27995
-61.54484
-62.40059
-63.71333
-65.47143
-67.66382
-69.71949
-72.49954
-71.26845
-74.15693
-69.00153
-66.53863
-72.22698
-71.06441
-71.50421
-72.46526
-71.14898
-72.75069
-70.32792
-70.71363
-71.05877
-75.21563
-71.89075
-77.18113
-66.76053
-56.83834
-56.47844
-57.83842
-58.35170
-57.59819
-58.57947
-57.54873
-57.49503
-56.92390
-58.25845
-62.77905
-60.53507
-61.70394
-63.04957
-63.75746
-62.50673
-60.59012
-61.15288
-61.46733
-62.24481
-61.88827
-58.16002
-55.97177
-53.65655
-54.88983
-57.34854
-58.77322
-58.77823
-57.66135
-60.67173
-59.68105
-60.96714
-61.25960
-59.78357
-60.83629
-58.42728
-56.54058
-56.48879
-58.63181
-60.83610
-62.04277
-60.40420
-57.32416
-55.99382
-55.81211
-56.92720
-57.54527
-59.54670
-61.81498
-66.66632
-64.48158
-59.50236
-59.80548
-62.07524
-61.51991
-58.27192
-58.79645
-59.55163
-60.21966
-61.08003
-61.71278
-60.80692
-60.18216
-61.14049
-59.14666
-57.92394
-59.20493
-59.34935
-61.26291
-60.39865
-61.00553
-62.05417
-59.83064
-61.96037
-61.13696
-60.74447
-59.54147
-58.98514
-58.73147
-59.19749
-61.58029
-62.02018
-62.01441
-61.77088
-61.30005
-59.56250
-59.22109
-60.20204
-61.48497
-61.96032
-62.40204
-63.94947
-64.55699
-63.53448
-62.62796
-63.50076
-61.71936
-61.12373
-63.77741
-62.77744
-64.39201
-65.96785
-65.20894
-64.47442
-63.02441
-63.04214
-62.87844
-63.47413
-64.39331
-67.03596
-60.68489
-58.89288
-61.68264
-62.12963
-62.00409
-60.71505
-60.75989
-61.07126
-60.74696
-60.23466
-60.92910
-61.87322
-62.14335
-63.01969
-63.70380
-63.55065
-61.84439
-61.55939
-61.83767
-61.40953
-62.58634
-60.82049
-59.43069
-61.69668
-65.36803
-65.66357
-64.76471
-65.61954
-65.08186
-62.44721
-61.60624
-62.77041
-64.39600
-64.31345
-63.99856
-64.05118
-64.81343
-65.96133
-64.55694
-65.65967
-64.86108
-61.44174
-59.45392
-60.58920
-62.32321
-62.23829
-61.32878
-60.81400
-62.63358
-63.64911
-62.09666
-61.58043
-63.13896
-62.06683
-62.66316
-62.14636
-57.33928
-56.89387
-58.48610
-61.51045
-64.90701
-64.91938
-64.48220
-62.21043
-61.65044
-64.29836
-69.53691
-68.57262
-69.36505
-65.93387
-63.36557
-65.54987
-65.51036
-66.73234
-66.93164
-67.59118
-67.20166
-67.12362
-69.49308
-67.59248
-67.50002
-68.84301
-71.11536
-64.60015
-64.49239
-68.68452
-68.20698
-68.50109
-66.82100
-67.67818
-67.95030
-69.40157
-69.10952
-69.76049
-69.05225
-69.12057
-68.98711
-70.52176
-72.32000
-72.62087
-70.66692
-67.59517
-66.81361
-70.27679
-72.51876
-70.52645
-71.23752
-73.12461
-70.74255
-66.70788
-67.57928
-58.18740
-55.77006
-57.27342
-58.42753
-60.52859
-60.86960
-61.40579
-62.46341
-59.66596
-57.88658
-62.31853
-65.12174
-63.00320
-63.01959
-64.86839
-62.31570
-60.39754
-60.71582
-62.30710
-62.77920
-62.85474
-59.50934
-57.79626
-60.03339
-59.94522
-61.22060
-60.74096
-60.26248
-58.99039
-58.43544
-58.48864
-57.23030
-56.47982
-56.97645
-58.08577
-59.18098
-61.58985
-62.49038
-65.29251
-66.56142
-69.11504
-66.46368
-63.76762
-66.55703
-66.33129
-66.28175
-66.34897
-67.10232
-66.51918
-64.72808
-63.07371
-63.79230
-67.27843
-65.34397
-68.70648
-61.92578
-57.05742
-58.60581
-60.46526
-60.81623
-58.43122
-58.59216
-59.34371
-59.64986
-59.35027
-58.77908
-58.78351
-60.40316
-62.36780
-61.28492
-60.21441
-61.07089
-61.41426
-60.65086
-60.45830
-60.95534
-61.85642
-63.13357
-63.97301
-63.66961
-65.24012
-65.64387
-66.26830
-62.70845
-63.43666
-63.65673
-64.71511
-65.90111
-64.40509
-65.44067
-63.45426
-65.12102
-65.69686
-65.78787
-65.06934
-66.72722
-66.28180
-62.73641
-64.26073
-64.61896
-64.63189
-65.21002
-64.19349
-66.59116
-64.01806
-63.73402
-63.81749
-64.64724
-64.58857
-64.04657
-63.86713
-58.50170
-59.34127
-60.03340
-60.26171
-61.52189
-62.86377
-65.33866
-66.14705
-66.96139
-66.21290
-66.35460
-67.28141
-67.51448
-66.51467
-67.43936
-65.58689
-64.34155
-66.21503
-65.13147
-64.88867
-64.54490
-60.91021
-61.54083
-64.37473
-67.32331
-66.87637
-66.92651
-67.14891
-63.19031
-60.39171
-59.51710
-60.66725
-62.41654
-63.56010
-63.60704
-65.00506
-66.77140
-66.74682
-64.87110
-62.36695
-59.69060
-58.50647
-58.27276
-59.18931
-59.94052
-59.45866
-59.35881
-59.75151
-60.01833
-62.66647
-65.59363
-64.64470
-64.31670
-64.53942
-67.92132
-62.62447
-59.90281
-60.94997
-60.69233
-61.91858
-62.26192
-63.27990
-63.85534
-63.32110
-64.42709
-66.74243
-67.11993
-67.89025
-68.62647
-64.25118
-64.58402
-64.30921
-64.12160
-66.38629
-67.35296
-67.40723
-68.02248
-69.77307
-70.27198
-68.87347
-66.28850
-64.31872
-62.21824
-61.19487
-61.49110
-63.08743
-63.74275
-64.10574
-64.41268
-65.47079
-66.56083
-68.23539
-68.88443
-68.95267
-67.71065
-70.48325
-69.90722
-66.50759
-70.94200
-70.36435
-70.52442
-71.12041
-70.65620
-71.08519
-69.77946
-69.91788
-71.52031
-73.93899
-73.37338
-73.98048
-72.43885
-67.11869
-66.37254
-66.01292
-63.45552
-62.11444
-62.92889
-62.37438
-63.22095
-65.45085
-65.19694
-65.85631
-64.38447
-64.57113
-65.33663
-65.01834
-65.73119
-66.91227
-66.27102
-66.53339
-68.21746
-63.84005
-63.65280
-66.52373
-65.64013
-65.93928
-66.06134
-66.70910
-66.52513
-66.60699
-67.28745
-66.82033
-66.77103
-67.60389
-67.85464
-68.74148
-69.41828
-68.27668
-68.53006
-69.37006
-69.07248
-67.19554
-62.09154
-60.42924
-62.26176
-62.85375
-62.77612
-62.58968
-64.72201
-65.41439
-65.81022
-65.46852
-65.88988
-65.62158
-66.01824
-66.29294
-62.05867
-62.21846
-63.17844
-62.96073
-63.28791
-63.59614
-64.50343
-65.43255
-66.05654
-68.10619
-69.19276
-69.29060
-67.62857
-67.59595
-66.60651
-67.53761
-66.54326
-65.17750
-65.68522
-66.31945
-65.58040
-61.32854
-61.86298
-62.25333
-62.56063
-63.99648
-63.99316
-63.27241
-62.86572
-63.46476
-64.21521
-64.50102
-64.47356
-64.92637
-63.96446
-63.59000
-64.53793
-65.27895
-65.51742
-64.89827
-65.88074
-63.48668
-62.62179
-66.48067
-64.89866
-65.88976
-67.07239
-66.74235
-66.84728
-66.35073
-66.92866
-67.49297
-67.41292
-66.88123
-69.13337
-63.94219
-62.64265
-65.07319
-65.46891
-65.58349
-64.42652
-64.41127
-64.45712
-64.49697
-64.59249
-64.63977
-65.41536
-65.62709
-66.00117
-66.11585
-66.39144
-66.27670
-67.50700
-67.18726
-67.85827
-68.52915
-64.10087
-66.10372
-67.76189
-67.73703
-68.53081
-67.85513
-68.97544
-67.69618
-67.81955
-68.14170
-68.53676
-69.92493
-70.01909
-70.77253
-68.46936
-68.28519
-69.62336
-70.40671
-70.30762
-69.80831
-66.63677
-61.61296
-63.07573
-64.52380
-64.15097
-64.63523
-64.54158
-64.98492
-65.02960
-65.21505
-65.10946
-65.56185
-65.62829
-65.79011
-66.28376
-64.09333
-62.93328
-63.97941
-65.91822
-68.47251
-68.53141
-68.57746
-68.01092
-69.27443
-70.26356
-72.94237
-72.97486
-76.42010
-69.89137
-66.57924
-74.64456
-73.54416
-75.13602
-73.79054
-74.04384
-72.32611
-69.65364
-71.44622
-70.38317
-72.08379
-70.77472
-74.09110
-66.93913
-65.75319
-71.13045
-69.98880
-70.71661
-70.58866
-72.25577
-72.14028
-72.95135
-73.22993
-74.04844
-74.91822
-76.10280
-75.44360
-75.46544
-75.00038
-75.65354
-75.20069
-75.98780
-75.78288
-76.41419
-76.24184
-76.78617
-76.50615
-76.84361
-72.10449
-67.92981
-67.59217
-62.51669
-63.08346
-64.33343
-64.12481
-64.67099
-64.09243
-64.52825
-65.17797
-66.03357
-66.40350
-66.24677
-66.00234
-65.66599
-66.41241
-67.90443
-66.26552
-65.00090
-67.78197
-67.87788
-69.88121
-69.87279
-63.97562
-64.59655
-64.46784
-64.83001
-66.42923
-66.72497
-65.84840
-65.11997
-64.45062
-64.42522
-64.55281
-65.90826
-66.86894
-66.87888
-67.72230
-67.94717
-67.69432
-67.20490
-67.54600
-69.56834
-66.22471
-61.57188
-62.92148
-62.94735
-64.06853
-65.32598
-65.87172
-66.28981
-65.66278
-66.96194
-66.94137
-69.00537
-67.88992
-70.54839
-64.92873
-60.48431
-62.38438
-62.62995
-63.13858
-61.43793
-60.65737
-62.00533
-61.21411
-61.84011
-61.48426
-61.80341
-61.88135
-63.85898
-61.38533
-56.99357
-58.37404
-60.27618
-62.42684
-64.37869
-64.65933
-64.71081
-64.87697
-65.17624
-64.85129
-65.85514
-66.91781
-68.46711
-61.73030
-58.87315
-59.43667
-59.99165
-60.52795
-60.16860
-61.63511
-63.56472
-65.10569
-65.16711
-65.00607
-64.46274
-66.48296
-69.06444
-62.45883
-62.58553
-65.22184
-65.06957
-65.18565
-64.80356
-67.53182
-66.43204
-67.18060
-66.47765
-65.43450
-65.53717
-63.50725
-61.89009
-59.46238
-59.72226
-61.36040
-62.80118
-63.69513
-63.42467
-64.72978
-65.64790
-66.36021
-66.72086
-67.00493
-68.35487
-68.59499
-70.62313
-70.86289
-72.30127
-71.54624
-73.57738
-72.06327
-75.60247
-69.69885
-65.46886
-70.20807
-68.84024
-70.09618
-69.08310
-69.87880
-68.52732
-65.23920
-63.78097
-66.48613
-67.48320
-66.93146
-67.95455
-64.66000
-62.98873
-64.91367
-66.23728
-65.18667
-65.05629
-67.42888
-67.81883
-64.17116
-64.78257
-65.71460
-67.09788
-66.26698
-67.65101
-64.07655
-64.49763
-67.77506
-67.01187
-67.56311
-66.84534
-67.87798
-66.54752
-66.73477
-67.90362
-68.32778
-68.61612
-68.70893
-69.24182
-68.40953
-68.16158
-69.12070
-70.13173
-71.13180
-71.57678
-72.70595
-65.99107
-69.24710
-73.33900
-71.42752
-73.33109
-72.74266
-73.99020
-72.41480
-73.24369
-72.44330
-73.79464
-73.02503
-72.69112
-73.41312
-68.22151
-67.30281
-69.45381
-69.06758
-71.44976
-71.05312
-73.38992
-71.39187
-70.68554
-70.99745
-73.29571
-73.16388
-75.78533
-72.20829
-65.54500
-69.91487
-70.66574
-70.92587
-71.78918
-71.26620
-71.68980
-71.29108
-72.39184
-72.54596
-73.78147
-73.22948
-74.29609
-71.89691
-63.78365
-62.82909
-63.93126
-64.10718
-65.69758
-66.68618
-67.81760
-67.94695
-68.60290
-69.58160
-71.02924
-71.79390
-72.18564
-72.88308
-73.40109
-73.75655
-74.15823
-74.37991
-74.10221
-75.13919
-74.83027
-70.07092
-71.43789
-71.61464
-70.27040
-70.88402
-70.58652
-70.59595
-70.29503
-71.21165
-71.65169
-72.86101
-73.28882
-74.40767
-74.86884
-75.56419
-76.50412
-76.80923
-77.81334
-78.11029
-79.24525
-69.10522
-65.24777
-67.62576
-68.72106
-70.07800
-70.93964
-73.10945
-75.19756
-75.14071
-75.12588
-75.83869
-76.09094
-77.49812
-74.89166
-66.40067
-65.88100
-67.87573
-67.72067
-68.92035
-69.47207
-70.51397
-71.91454
-71.76172
-72.67714
-73.55192
-74.43114
-75.25059
-78.24346
-71.41514
-70.17539
-73.45565
-75.73002
-77.82423
-78.58984
-76.68121
-67.25092
-66.49263
-68.72759
-70.14904
-68.81940
-69.68497
-71.94405
-70.61557
-71.75251
-71.96671
-72.73326
-72.95165
-73.77068
-75.11413
-76.44261
-76.84669
-76.72812
-76.32311
-77.29324
-77.32550
-78.06889
-73.69264
-72.71105
-73.73458
-73.54956
-74.36587
-74.28737
-75.28783
-75.18916
-74.31903
-75.48312
-77.63405
-78.14076
-79.33510
-67.00901
-63.56286
-64.38312
-64.33808
-65.05863
-65.91930
-66.98216
-68.01607
-68.85145
-69.75043
-70.45539
-71.11391
-73.22443
-73.40776
-72.74470
-71.97367
-72.29395
-73.01143
-73.89659
-74.64904
-74.80987
-75.72879
-75.67800
-75.89956
-76.34985
-78.41010
-78.41166
-80.53532
-74.72965
-70.73585
-71.90558
-72.88853
-75.44976
-75.22696
-75.65859
-71.64082
-70.21582
-71.85973
-72.67141
-75.13775
-75.30173
-76.81850
-69.10937
-66.84424
-68.71406
-68.44958
-70.26405
-71.04744
-72.88817
-72.83739
-72.70299
-73.50724
-74.36514
-74.64856
-75.33713
-75.86926
-66.97124
-65.87357
-68.43210
-69.47464
-70.55862
-71.64449
-72.83809
-73.56572
-74.66589
-75.52121
-76.73362
-77.62323
-77.81339
-78.68033
-78.92198
-80.18898
-80.31296
-81.76718
-80.92492
-83.27648
-78.51112
-68.66937
-69.24964
-70.45379
-71.52435
-72.30845
-74.32026
-74.42415
-71.65773
-72.37117
-72.06488
-72.32110
-72.79190
-74.15397
-74.79653
-76.48828
-76.52954
-77.45206
-77.02747
-77.36135
-77.18081
-78.20740
-78.26585
-79.51021
-79.10003
-80.64088
-80.61522
-81.08160
-80.94720
-81.34988
-81.23540
-82.49771
-82.02488
-83.75897
-78.35482
-63.34663
-60.98819
-62.03178
-61.56302
-62.39982
-64.04976
-65.56181
-67.25340
-67.60462
-68.44023
-69.30629
-70.12855
-71.01223
-73.97419
-70.54152
-68.42138
-71.05546
-70.00080
-72.84249
-73.29735
-71.73829
-68.49403
-68.16686
-68.10855
-67.51345
-69.49617
-71.87557
-73.46076
-72.42467
-73.22903
-73.89090
-74.45916
-75.62197
-76.16818
-77.29190
-77.22824
-78.65166
-78.28693
-79.68395
-79.81006
-81.75895
-76.76388
-64.58618
-64.21554
-64.96261
-65.30768
-67.98893
-68.05390
-70.00889
-70.40824
-72.29308
-72.59167
-75.42918
-74.20805
-76.42070
-72.85362
-63.16470
-64.63369
-68.06043
-67.69358
-69.81124
-69.29155
-72.60216
-71.69975
-73.86473
-73.22566
-76.94651
-74.95798
-81.55308
-69.96865
-59.10946
-60.52702
-62.71718
-67.99068
-73.06246
-75.92285
-71.79780
-65.15912
-66.48138
-66.36750
-67.56476
-66.74338
-69.79734
-65.49810
-60.89366
-61.43578
-61.06592
-61.39777
-61.72148
-62.18862
-64.81871
-66.35357
-67.65994
-69.21720
-70.43110
-71.32265
-74.20586
-68.46169
-65.33991
-67.89327
-69.33362
-70.79322
-71.60968
-74.02703
-76.71264
-76.90150
-77.43959
-77.99090
-79.32795
-79.54624
-81.22236
-70.68561
-63.57604
-62.99417
-63.92713
-64.53777
-65.45016
-66.92002
-68.61326
-69.75082
-70.55337
-71.53064
-73.28993
-74.48480
-76.32309
-76.51407
-76.93383
-76.35346
-77.06046
-77.68245
-77.77923
-77.88920
-77.91314
-78.25976
-78.35300
-78.71325
-79.16574
-80.35006
-81.29146
-81.52070
-81.63399
-81.71250
-82.25725
-82.48445
-82.23429
-82.82995
-82.46291
-83.03681
-82.93591
-83.51560
-83.23878
-84.23760
-82.89386
-78.42307
-77.14023
-77.08721
-77.04679
-76.94785
-77.00112
-77.26681
-77.28304
-77.34456
-77.48690
-77.62307
-77.76088
-77.87376
-78.08906
-78.23685
-78.73953
-78.69023
-79.46942
-79.99425
-80.14177
-80.25395
-80.51506
-80.85196
-81.02103
-81.43647
-81.75760
-81.94505
-82.08396
-82.55350
-82.49608
-82.92852
-83.17852
-83.69935
-83.71075
-84.37379
-84.52438
-84.87459
-84.69591
-85.84561
-85.09010
-86.90163
-82.98079
-80.08563
-78.37421
-77.64187
-79.44504
-80.66463
-81.94855
-82.21033
-82.41628
-81.98073
-82.59891
-81.53186
-82.57813
-81.29246
-83.04873
-83.01622
-84.24074
-84.27205
-85.94756
-85.54849
-87.30919
-87.09163
-88.79865
-88.00579
-89.16438
-88.39612
-87.88327
-84.58698
-64.37471
-61.63506
-63.41684
-63.69499
-65.14714
-66.59537
-68.27409
-69.92753
-71.19203
-71.04656
-72.57883
-72.90706
-73.95896
-74.69913
-70.70379
-73.38806
-77.04975
-75.70769
-77.59179
-77.02610
-78.40488
-77.21677
-79.42571
-79.22250
-80.78199
-80.36671
-82.68285
-80.46331
-70.69400
-75.34509
-80.18111
-80.46208
-82.34954
-81.58108
-82.80595
-77.40301
-82.68167
-82.74498
-85.28437
-82.25206
-87.01195
-75.67413
-69.59216
-72.52134
-73.14632
-76.09854
-76.40978
-78.61417
-77.86003
-76.20435
-80.36343
-80.37550
-83.23037
-83.89817
-77.32113
-66.14620
-63.73859
-65.82858
-67.43582
-69.54973
-70.93387
-71.89530
-72.71785
-73.36897
-74.46204
-76.60034
-77.30785
-78.37422
-78.01801
-78.92924
-77.87942
-81.01658
-79.29582
-82.77739
-79.28307
-85.07438
-72.98309
-64.02209
-64.81452
-65.36993
-65.04296
-65.15996
-67.20348
-66.54439
-68.45806
-71.29708
-71.70011
-73.87670
-74.76057
-77.01911
-74.40783
-76.31039
-77.28250
-77.54176
-78.76960
-79.46297
-80.49252
-79.39923
-79.14162
-80.94471
-81.22923
-83.28539
-83.17449
-85.36406
-79.76705
-84.13065
-87.51019
-89.64132
-87.60017
-96.98312
-76.41609
-64.89529
-63.87159
-64.89113
-66.34509
-66.79707
-66.54799
-68.01932
-68.41722
-69.02413
-70.26009
-72.36498
-73.91667
-75.70912
-75.06605
-70.48236
-74.51930
-78.04673
-77.27878
-79.04371
-78.91027
-80.44655
-78.53645
-82.46708
-80.90419
-85.22480
-81.58214
-88.45727
-77.27212
-70.14261
-77.40341
-80.86375
-82.46579
-82.74662
-82.89221
-81.02620
-77.42525
-82.78433
-80.90901
-84.17235
-81.09652
-89.23673
-73.41265
-67.29615
-68.88053
-68.53808
-71.59837
-72.46214
-73.74484
-72.98874
-74.04968
-76.29264
-78.26029
-81.49642
-81.98838
-81.09186
-66.01172
-64.65829
-67.36157
-68.50814
-70.12606
-69.91877
-71.35542
-74.22008
-75.26465
-74.81942
-75.71029
-76.60962
-78.82941
-79.32938
-78.57666
-79.86204
-83.12032
-83.93282
-84.20320
-87.18004
-80.90912
-68.67178
-67.49500
-68.15661
-69.41357
-71.77964
-73.90910
-77.53298
-69.89964
-72.58014
-77.29895
-78.86634
-80.21336
-80.74667
-81.07074
-76.66838
-82.12500
-82.96631
-82.93937
-83.13503
-82.68685
-82.99827
-80.00084
-81.82416
-83.20677
-84.23450
-84.39611
-85.60141
-83.72673
-79.92349
-84.75056
-88.16051
-88.34938
-90.59559
-85.28095
-67.68069
-62.67749
-63.55973
-64.27563
-64.71081
-65.40250
-66.48648
-67.82876
-69.17245
-69.63627
-70.72343
-72.21100
-72.07212
-74.57472
-72.09668
-70.12291
-74.89372
-76.32917
-76.94095
-78.26550
-79.13345
-79.75742
-78.48463
-81.24303
-79.29401
-82.01545
-79.16691
-85.09098
-73.19454
-70.38762
-79.67956
-79.14761
-82.51432
-81.45341
-83.62274
-78.61894
-78.32148
-82.60742
-83.88460
-82.27027
-87.99333
-76.30544
-68.39081
-70.32745
-72.20404
-73.20096
-73.03191
-71.74191
-72.99636
-69.99481
-71.00736
-75.58900
-76.21602
-77.67610
-79.04762
-73.45981
-64.84792
-65.87866
-68.66695
-68.39720
-69.95825
-72.11503
-74.96764
-72.09891
-71.75434
-73.36048
-76.63580
-77.07952
-79.85747
-79.18093
-78.32852
-79.14226
-82.39620
-81.64916
-82.81706
-80.97067
-65.60588
-60.81859
-61.88194
-62.78975
-63.24564
-63.99861
-66.41872
-66.90059
-65.30797
-68.61139
-70.18183
-71.78711
-71.88167
-72.88432
-72.22034
-71.78197
-74.10532
-73.92378
-74.79846
-74.50799
-75.00302
-75.43579
-75.41349
-76.23747
-76.31645
-77.78648
-77.94691
-79.76572
-78.74130
-78.81238
-81.90541
-85.24236
-85.47931
-88.32506
-84.09288
-66.63458
-63.23781
-62.51426
-62.32378
-63.93405
-64.45259
-64.43699
-65.98870
-68.21116
-69.74901
-71.75654
-72.15295
-72.43890
-74.90019
-70.76861
-70.06815
-75.39780
-74.53396
-76.24541
-76.09689
-77.76342
-75.48017
-76.41692
-78.89552
-77.48204
-78.35980
-77.48377
-81.28999
-70.29488
-70.44546
-78.23112
-77.96247
-80.16830
-78.74402
-82.42753
-74.00656
-72.60222
-74.23162
-75.71386
-77.37294
-79.83218
-78.62604
-69.75708
-71.30829
-74.71250
-75.03800
-74.77483
-75.16870
-75.27376
-73.64491
-74.51883
-76.55288
-77.03108
-80.27029
-76.87980
-68.24721
-65.58829
-68.87393
-72.08052
-71.71144
-72.38037
-72.34372
-73.07971
-73.06855
-74.24311
-76.45348
-78.56405
-78.79486
-79.88646
-78.80649
-76.58035
-78.36725
-81.29480
-80.98150
-83.62877
-80.50478
-75.06575
-73.64665
-76.69123
-75.75812
-77.91402
-76.69449
-83.29703
-73.92204
-68.10743
-75.07293
-76.08523
-77.17311
-77.44172
-78.98251
-75.47149
-75.34603
-79.96155
-78.66110
-80.22161
-79.18859
-80.12657
-78.68953
-76.52755
-78.73670
-78.97019
-79.97089
-78.47191
-80.37888
-76.33831
-75.36925
-77.41760
-77.28642
-77.42119
-78.17435
-74.49560
-62.30200
-59.79153
-61.07127
-62.20304
-62.52743
-63.02488
-63.74691
-64.62908
-65.59981
-65.18499
-66.34502
-66.79324
-66.99524
-67.38419
-65.42841
-65.40480
-68.56545
-68.04454
-68.38230
-68.96005
-68.18005
-66.35748
-65.59703
-66.74491
-66.46848
-65.15080
-65.47869
-66.28503
-64.68297
-67.01289
-68.55806
-67.79635
-68.61260
-69.67670
-69.90985
-68.39772
-68.64765
-68.89006
-69.32981
-68.51708
-69.68368
-66.56436
-64.31062
-66.79702
-68.26508
-66.64789
-65.42298
-66.00361
-66.66674
-67.32320
-69.32151
-70.52411
-69.72769
-68.49076
-67.48608
-64.70736
-63.34859
-65.01452
-64.46295
-64.32081
-65.64704
-65.65929
-67.85460
-67.06685
-65.84147
-67.08753
-66.92527
-68.07145
-69.24692
-68.73271
-67.86596
-68.97016
-68.33692
-68.97408
-68.01975
-70.39993
-67.36172
-62.57218
-63.30241
-63.61577
-63.72303
-63.86359
-66.14659
-64.82872
-64.18635
-66.19316
-66.12165
-66.56802
-68.72911
-68.62957
-66.90529
-66.45602
-67.38933
-69.17773
-68.90527
-68.26101
-67.73015
-66.31424
-67.45861
-69.73134
-68.43592
-67.84528
-68.77044
-70.04565
-68.74340
-68.95138
-70.24504
-71.53891
-67.77381
-68.05935
-65.19201
-61.14914
-62.30750
-63.12908
-63.54128
-64.43508
-65.58919
-67.15622
-67.53061
-67.90595
-68.91796
-68.80535
-68.97336
-68.16530
-68.82528
-67.27813
-68.93918
-71.17499
-69.28262
-69.52769
-68.45666
-71.72871
-67.73033
-67.82661
-69.38244
-68.85646
-68.87170
-69.72286
-69.24947
-65.71636
-69.84678
-71.52762
-71.24793
-70.10433
-69.82314
-69.64678
-69.54161
-70.42671
-70.10186
-70.89831
-70.79124
-72.05306
-68.99760
-67.32298
-67.42314
-68.21132
-68.29333
-67.47228
-68.32050
-68.18593
-69.51711
-71.06056
-70.69495
-70.93030
-71.37807
-70.32736
-64.09972
-63.04563
-64.48573
-65.57370
-66.00710
-65.56276
-66.63467
-66.38712
-66.96303
-67.78568
-68.88559
-69.62662
-70.28904
-71.69779
-70.95464
-70.45404
-70.69492
-71.15194
-72.33708
-70.34980
-71.65675
-66.78555
-66.16398
-68.85137
-68.00183
-68.47680
-69.00641
-71.54622
-66.43493
-67.35063
-71.46518
-70.43583
-70.84781
-72.04827
-71.80003
-70.33824
-72.06042
-72.94383
-71.66390
-70.71842
-69.94405
-72.40761
-72.58320
-70.70251
-70.54324
-68.95412
-70.46563
-71.55756
-72.08016
-71.15826
-70.39924
-74.18250
-73.36429
-74.39419
-73.40168
-63.66437
-61.44617
-62.50703
-62.47444
-63.78378
-64.85451
-63.87853
-64.66573
-65.95364
-65.94864
-65.13123
-63.96841
-65.00632
-66.52785
-63.73484
-62.32490
-63.61203
-64.64260
-66.25439
-66.96415
-66.99760
-65.25586
-64.71929
-66.62622
-67.80177
-66.96803
-66.40083
-67.80058
-66.07432
-65.36539
-68.00692
-68.77806
-67.51489
-66.08026
-68.14086
-67.33399
-66.30523
-66.29881
-65.89450
-66.36659
-67.71679
-67.92844
-64.72334
-63.93945
-64.86755
-65.98015
-64.70048
-64.74326
-65.64619
-65.96428
-65.40779
-65.47926
-66.42915
-67.52566
-66.14907
-67.03887
-64.44575
-62.75760
-63.28408
-63.18459
-67.12299
-65.21662
-62.74142
-63.66550
-66.36971
-68.24008
-68.46464
-67.21131
-67.74385
-67.77497
-68.28194
-67.52556
-67.93892
-67.95210
-64.54869
-67.88330
-65.10219
-59.45367
-59.70755
-60.15784
-60.76875
-61.93975
-63.50794
-64.96585
-63.70095
-65.60676
-64.62723
-64.96532
-65.24110
-65.97912
-66.10362
-64.98269
-66.64343
-68.41578
-69.34815
-67.77683
-67.02247
-66.29392
-66.84256
-67.35785
-67.02265
-65.73081
-66.71705
-68.01091
-67.54241
-66.93249
-69.07616
-70.40636
-69.12379
-68.12774
-69.31502
-64.50025
-60.37052
-61.58224
-62.04969
-62.25923
-61.92871
-62.51306
-64.54629
-66.21844
-65.36774
-64.41588
-64.65619
-64.32912
-65.69125
-66.30075
-66.75671
-67.89526
-69.14856
-70.76409
-70.12400
-70.38995
-70.85783
-69.35145
-69.55806
-69.74625
-70.05855
-69.07205
-70.71081
-66.82988
-66.36691
-70.95476
-69.89903
-69.90586
-68.91913
-69.09097
-67.72342
-68.06060
-68.83484
-67.99205
-68.97103
-70.63503
-69.33287
-65.90519
-65.04674
-67.77146
-68.60393
-67.74392
-68.27206
-68.32811
-67.91415
-68.66459
-70.40392
-69.00745
-69.65282
-69.91639
-71.00219
-65.29319
-63.62760
-66.90002
-67.14140
-69.03764
-68.50602
-68.87946
-69.01279
-68.59833
-68.44613
-67.85596
-68.73097
-68.88727
-70.21925
-68.34233
-67.73257
-68.41184
-67.68211
-68.46705
-68.59516
-68.52421
-67.85103
-68.46016
-67.63345
-66.61868
-67.38558
-69.80507
-68.16493
-64.83020
-66.09314
-67.21801
-67.14764
-68.88623
-69.09749
-68.09851
-68.92463
-69.49293
-68.64701
-67.99753
-67.94001
-69.09940
-69.34093
-68.56169
-67.94283
-67.39447
-68.92781
-66.05753
-67.57246
-68.75579
-68.12831
-70.29243
-70.71843
-70.49141
-71.38743
-70.73642
-62.37976
-60.27667
-60.75508
-61.45982
-62.48645
-62.01790
-62.49492
-64.32438
-62.43184
-61.95955
-63.52183
-63.40606
-63.49165
-64.45681
-62.86041
-62.46956
-64.30117
-64.34953
-64.85086
-64.48758
-63.84830
-63.28278
-63.92923
-63.63181
-62.53298
-62.91747
-63.64296
-63.59412
-63.23156
-63.14777
-64.37466
-63.41988
-63.91501
-63.85802
-63.53888
-64.74290
-62.89856
-61.88030
-61.78766
-63.07144
-62.37478
-62.15323
-63.22522
-62.59932
-62.98299
-64.36991
-63.99346
-63.35558
-63.86360
-63.26963
-62.51942
-64.41964
-65.02442
-64.99130
-64.12197
-61.17171
-60.92184
-62.17895
-63.73085
-64.04204
-64.35643
-64.61732
-63.61474
-62.91015
-62.71665
-63.94304
-64.74735
-63.60023
-64.74897
-65.53099
-63.99090
-64.67751
-64.87976
-64.59206
-63.98579
-64.83213
-63.36445
-60.86709
-61.48085
-62.01998
-62.68157
-62.21521
-62.86535
-63.16011
-62.44649
-63.80144
-64.69039
-63.75332
-63.83466
-66.35382
-64.42354
-62.68795
-63.31785
-63.27923
-64.01290
-64.76440
-64.45974
-63.40675
-62.42630
-64.45361
-65.47405
-64.10653
-65.43559
-66.48534
-65.32186
-63.64885
-64.13286
-65.94807
-65.35656
-64.83392
-63.94657
-61.57755
-61.02224
-61.35462
-61.50851
-62.70633
-62.95771
-63.57235
-64.97301
-64.97678
-63.61421
-64.08202
-64.50157
-63.88095
-66.12139
-63.55402
-64.36264
-66.75581
-65.80278
-65.61962
-63.60113
-64.42198
-64.35934
-64.11111
-64.17387
-64.44071
-64.83478
-67.66430
-66.86626
-64.36386
-66.05522
-67.18808
-66.83556
-65.55632
-66.45119
-66.48968
-66.25014
-66.32544
-65.71164
-65.85012
-67.13530
-65.91226
-63.61372
-63.80785
-64.24743
-65.68338
-65.17018
-65.90714
-67.73280
-66.28381
-67.23623
-65.94778
-66.45910
-65.46146
-65.45066
-67.28480
-63.25004
-62.56926
-63.12675
-64.37233
-65.42123
-64.82371
-65.69181
-65.61423
-65.80457
-65.53684
-66.41019
-66.71710
-65.53754
-66.63205
-66.13113
-65.91523
-65.65020
-66.19415
-67.78479
-67.10307
-67.80811
-64.38853
-63.34125
-64.80478
-65.35812
-66.72529
-66.66759
-68.39922
-65.45854
-64.65109
-66.79807
-66.92809
-67.51488
-68.12174
-67.71099
-66.51942
-67.61780
-68.98246
-68.58578
-68.91234
-67.12864
-68.77493
-70.44138
-69.96238
-70.41134
-68.63135
-71.07173
-70.58836
-71.76277
-69.90042
-68.61360
-70.69763
-73.24267
-71.52260
-70.93551
-65.23596
-61.04959
-60.41259
-59.74404
-60.58633
-62.43454
-62.72718
-62.55395
-61.81849
-62.73206
-64.30990
-60.68617
-61.15764
-60.59334
-59.98909
-59.67448
-61.69815
-63.46758
-62.25115
-62.71707
-64.34856
-66.42940
-64.28651
-64.51737
-64.53484
-65.99405
-63.63998
-64.43497
-62.93418
-63.51780
-63.63033
-63.07440
-65.36206
-62.32479
-62.92908
-64.64056
-63.85182
-63.53135
-65.96850
-64.89758
-64.34346
-64.54260
-63.24300
-61.86636
-64.13546
-64.62188
-63.74682
-62.63908
-61.79093
-62.64132
-63.48359
-65.33378
-65.71814
-66.05755
-64.35129
-64.12599
-62.68674
-62.77093
-63.35154
-63.77483
-64.42963
-64.63750
-62.50005
-63.27265
-67.69038
-67.61626
-65.21595
-64.79305
-64.14919
-63.56479
-64.87104
-63.46361
-64.14220
-65.26078
-66.83226
-66.90577
-62.48396
-59.46348
-59.93527
-61.55703
-62.86553
-63.16055
-64.20195
-64.41807
-62.48748
-62.47620
-63.45906
-63.92490
-63.70464
-63.93105
-63.89754
-63.89201
-64.23175
-64.27380
-63.29220
-63.29421
-62.70725
-64.32342
-64.87230
-64.22588
-65.40246
-63.65471
-64.24445
-65.93147
-64.74181
-63.69135
-64.48585
-65.35233
-65.37557
-64.07290
-65.46611
-64.30357
-60.44999
-60.04952
-58.74441
-58.71176
-58.40332
-58.29325
-60.27497
-62.07694
-62.71432
-63.72625
-65.62967
-65.21630
-64.76307
-63.06917
-62.58514
-62.99609
-63.93076
-63.59270
-64.21971
-65.95092
-66.47580
-66.56052
-66.47640
-65.45852
-66.35227
-67.24222
-67.54747
-64.89781
-63.85240
-67.08477
-65.92003
-67.05226
-65.23422
-66.41601
-67.73000
-66.93108
-66.89081
-66.74709
-68.07845
-68.03620
-67.42779
-64.60848
-64.95499
-64.46729
-63.34415
-63.64876
-63.82601
-63.40904
-63.37038
-64.63165
-65.81959
-65.14871
-64.95139
-64.00727
-65.52752
-63.27581
-61.20826
-62.71067
-63.48453
-64.48397
-62.53521
-63.04702
-62.66372
-60.48555
-62.94719
-63.76870
-64.98736
-66.52463
-64.15686
-64.46874
-63.07934
-65.26463
-64.05919
-63.15270
-63.16966
-63.44622
-62.19045
-60.98038
-65.05480
-63.95607
-62.41279
-63.88649
-64.23107
-62.16925
-62.20447
-62.97641
-64.53329
-63.41782
-64.57041
-65.03647
-65.40305
-64.10977
-62.01631
-64.04476
-64.72503
-65.73530
-64.13641
-64.32263
-62.82491
-61.96666
-63.55200
-63.52950
-64.16242
-65.63198
-64.89954
-64.87878
-65.63090
-67.12515
-67.90826
-67.10849
-64.79532
-62.74138
-62.86174
-62.87772
-62.55954
-63.91315
-66.36925
-67.19798
-68.69275
-68.07590
-67.49693
-68.30539
-69.94576
-69.95001
-70.19066
-69.20156
-68.91784
-71.07388
-71.50779
-70.00274
-70.76049
-71.24474
-71.46154
-73.16423
-72.53358
-73.12640
-71.83667
-72.91350
-69.86861
-70.21141
-73.45990
-71.14256
-71.64092
-72.19783
-73.34371
-74.83922
-73.35122
-73.34901
-73.16307
-73.89066
-74.93281
-73.42604
-73.56887
-73.48192
-73.30874
-73.97463
-75.15248
-76.32939
-76.33298
-75.29065
-76.40127
-77.25332
-76.74055
-78.14824
-77.76434
-70.60405
-69.07768
-70.77279
-71.45439
-72.72634
-73.20764
-74.64030
-75.09130
-75.82605
-76.82196
-77.25818
-77.42905
-77.58064
-79.20047
-79.58051
-78.68257
-78.59362
-79.20809
-79.13913
-78.96371
-81.50738
-70.76853
-66.89127
-68.39482
-68.41682
-68.65223
-68.53261
-70.71195
-70.69252
-68.97619
-72.00742
-73.12039
-73.70057
-75.75955
-75.84784
-76.62043
-77.96546
-79.43744
-79.46159
-80.12670
-80.56058
-80.86325
-81.28186
-80.67528
-81.76737
-81.46823
-82.96664
-82.42703
-84.39449
-84.16200
-85.25653
-86.56137
-88.28311
-86.92590
-89.01917
-83.95740
-69.41876
-68.03929
-69.07318
-69.60565
-71.35089
-72.41583
-73.97225
-75.05544
-76.69750
-76.82502
-78.47617
-78.61646
-79.78950
-80.30812
-80.85399
-80.45074
-83.14197
-82.72463
-84.05613
-83.82116
-84.99770
-85.41099
-85.85537
-86.90580
-86.03065
-88.35332
-85.05897
-92.63467
-74.27893
-77.07850
-95.32880
-85.38262
-91.68452
-86.33428
-88.24178
-85.96245
-88.79504
-86.59197
-89.86396
-87.15191
-91.03244
-82.76443
-74.34825
-76.73075
-78.68480
-79.08767
-78.40308
-79.57013
-80.61450
-80.17566
-81.97278
-84.07841
-86.71409
-86.89200
-91.93984
-71.97409
-68.30930
-69.61682
-69.85221
-72.68449
-74.35171
-76.29244
-78.06334
-79.12877
-79.11990
-80.99622
-80.53721
-81.42200
-83.24783
-83.24674
-84.03595
-84.57013
-89.37662
-86.37516
-95.42027
-79.44193
-71.50050
-71.27499
-72.04715
-72.11777
-74.01587
-74.42136
-80.19480
-75.89871
-73.37191
-83.02665
-81.75252
-84.65261
-84.56171
-85.32419
-86.66053
-86.95639
-88.94166
-87.83871
-89.11985
-86.82645
-87.58369
-86.06863
-87.16340
-86.55192
-88.10802
-88.11295
-89.34201
-89.82972
-88.00044
-89.13898
-93.28897
-94.73906
-92.48151
-106.21584
-74.51080
-68.84241
-70.70513
-72.41187
-74.18347
-75.38986
-76.45983
-78.41386
-80.23218
-80.32690
-80.55336
-81.22720
-81.70320
-83.07447
-83.04282
-83.43149
-83.26571
-85.34077
-83.85169
-85.57761
-84.65116
-87.54201
-85.72604
-89.11042
-88.03017
-91.54643
-90.37401
-93.79800
-91.85250
-74.47464
-84.47782
-104.36477
-91.87580
-101.76650
-93.37184
-100.33541
-93.92915
-100.32210
-94.87977
-102.08717
-93.95680
-108.20206
-84.32138
-78.21061
-79.60024
-80.86262
-80.77118
-81.75819
-83.59460
-84.57744
-83.21069
-85.08989
-85.70917
-86.36938
-84.59529
-89.67215
-77.22515
-73.58349
-75.34382
-74.00296
-76.15228
-77.44734
-78.73233
-80.20039
-81.39668
-81.65828
-83.18914
-83.92013
-84.38844
-85.84896
-85.36802
-85.53193
-86.87978
-88.70014
-88.74353
-92.99903
-88.19058
-72.15740
-69.69610
-70.77209
-70.07266
-70.91389
-72.25076
-76.84694
-72.60976
-74.30687
-82.07039
-78.84781
-80.62998
-80.73483
-83.11578
-83.49484
-84.13154
-84.93996
-85.56030
-85.88106
-85.83857
-86.70754
-88.00553
-89.55307
-89.72462
-90.45987
-90.61712
-91.68760
-92.56452
-89.69980
-93.63877
-104.00601
-100.96331
-105.42146
-107.97305
-83.47783
-72.60251
-69.11167
-68.97157
-70.10792
-71.99268
-72.99161
-73.76264
-75.84952
-77.72378
-78.85030
-80.01832
-80.89478
-81.93111
-82.36136
-83.04530
-84.65867
-85.33208
-85.29785
-85.02322
-85.15955
-85.47195
-85.82249
-86.32685
-86.93274
-87.88622
-88.55425
-89.57460
-90.69895
-91.13069
-91.67666
-91.87383
-92.21562
-92.67939
-92.66261
-92.37151
-91.90529
-91.48796
-90.89487
-90.75770
-90.27498
-90.21179
-90.34404
-90.38873
-90.14584
-90.20486
-90.26302
-90.41881
-90.43890
-90.54988
-90.77519
-90.43169
-90.69103
-90.92409
-91.22698
-91.61860
-92.04461
-91.70696
-91.49615
-91.30383
-91.00693
-91.09657
-91.35576
-91.92511
-92.30666
-92.48698
-92.38936
-92.15355
-91.97973
-92.02028
-92.12761
-92.68214
-93.25342
-93.71453
-93.98104
-93.74201
-93.99134
-94.06762
-94.57538
-94.55818
-95.03454
-96.19583
-96.50852
-96.92095
-96.75958
-97.23466
-97.45609
-97.63526
-98.00780
-98.27832
-98.79742
-99.11218
-98.92616
-99.12967
-99.49136
-99.39582
-99.82791
-100.29091
-100.56280
-100.97081
-101.20839
-101.87098
-102.57905
-103.00303
-103.84407
-103.83468
-103.51952
-103.11781
-102.80613
-102.37268
-102.60805
-102.60585
-102.43368
-102.29013
-102.09025
-102.20912
-101.84144
-101.79987
-101.94604
-102.45974
-102.87533
-103.59156
-104.12616
-104.60021
-105.25793
-105.54677
-105.99308
-105.90194
-106.04030
-106.17308
-106.19227
-106.13312
-106.01062
-105.82892
-105.69976
-105.36799
-104.90166
-104.62700
-104.13254
-104.26921
-104.27163
-103.86770
-103.79080
-103.86516
-103.76017
-103.55304
-103.28900
-103.01607
-103.11732
-103.13062
-103.12680
-103.08339
-103.07834
-103.21032
-103.11006
-102.87736
-102.79547
-102.82917
-103.12972
-103.22056
-103.23339
-103.40522
-103.44785
-103.34728
-103.30371
-103.59369
-103.73779
-103.92347
-103.99002
-104.26891
-104.67262
-104.67261
-104.81194
-105.22233
-105.58961
-106.30924
-106.78414
-107.09486
-107.53267
-107.85952
-108.69099
-108.87878
-109.19926
-109.85505
-110.50854
-111.18686
-111.27189
-111.53261
-111.81227
-112.11847
-111.97591
-111.37192
-111.02393
-110.26709
-109.93620
-109.45403
-109.53673
-109.32679
-108.99543
-108.93700
-108.18240
-108.05263
-107.75045
-107.64651
-107.50860
-107.55051
-107.56082
-107.44054
-107.16782
-106.88797
-106.79817
-106.83650
-107.10230
-107.07574
-107.26193
-107.27421
-107.08037
-107.11148
-107.05254
-106.81384
-107.18968
-108.34959
-110.44100
-114.41995
-119.20369
-121.11744
-121.89469
-121.44002
-120.92202
-121.49687
-122.66269
-123.63695
-124.38394
-125.81905
-127.05491
-128.56154
-130.07246
-132.32696
-133.73132
-133.92030
-133.98765
-134.20310
-134.73646
-134.99512
-135.11302
-135.71933
-135.64583
-136.54345
-136.01618
