-106.35340
-84.40536
-70.21571
-71.67609
-75.96330
-71.36007
-72.01066
-75.63834
-77.54056
-73.85826
-71.91780
-71.03848
-68.18822
-67.83172
-70.77690
-73.32713
-71.98052
-71.41063
-71.50126
-73.36604
-75.40734
-76.70457
-75.17554
-71.96488
-72.90758
-74.07339
-72.52396
-70.72214
-70.28315
-70.88241
-73.36746
-74.74521
-74.19792
-71.85789
-70.20627
-71.13547
-72.62193
-73.33561
-75.50934
-78.14484
-80.14145
-81.38497
-82.11207
-76.20380
-72.34079
-77.02237
-76.59826
-74.97026
-77.34546
-78.35382
-78.37231
-75.38352
-75.39712
-72.71330
-70.41710
-72.44445
-76.16786
-75.98016
-74.77807
-75.01660
-75.62966
-77.79811
-79.21334
-80.92762
-77.04772
-75.00501
-76.90879
-76.99746
-74.77430
-73.62056
-73.61299
-75.20747
-78.07130
-78.40572
-76.50988
-73.98200
-73.85623
-75.43665
-76.60378
-77.73425
-80.83506
-82.73719
-84.65462
-84.73861
-85.72886
-81.84352
-81.86104
-84.91370
-79.27380
-78.72195
-81.63190
-83.78191
-82.77218
-81.54268
-80.68735
-79.04200
-77.76577
-79.89918
-83.17891
-82.85841
-81.64539
-81.52182
-82.59741
-85.26441
-85.68989
-84.80993
-81.67192
-83.19306
-83.80934
-83.05766
-80.88744
-81.77508
-76.00914
-66.57315
-64.51083
-63.99179
-63.19388
-64.06352
-66.51851
-66.78198
-64.16982
-62.11884
-62.81948
-67.01278
-69.59174
-67.93244
-65.89719
-63.44161
-63.80281
-66.41281
-65.66613
-65.34795
-65.71271
-66.57491
-69.09278
-73.74486
-69.76074
-66.62196
-67.01358
-66.60199
-65.02602
-64.16007
-65.36966
-66.74329
-68.01736
-67.06887
-66.86038
-69.57834
-73.64784
-72.32880
-71.53603
-71.83146
-71.39302
-69.00302
-67.65385
-67.41983
-66.18113
-64.98178
-63.88538
-64.32785
-65.97483
-66.93779
-65.93076
-66.23066
-69.01590
-73.68702
-72.21099
-70.15595
-68.30984
-66.90985
-69.30881
-69.43739
-68.75747
-68.94422
-69.87365
-71.34225
-75.03388
-77.15960
-71.72338
-70.20605
-70.27962
-69.40037
-68.08780
-68.66442
-69.87965
-71.17138
-71.40035
-70.04828
-70.97589
-75.36972
-78.87335
-76.31873
-75.87435
-75.75233
-73.76098
-71.19336
-70.44420
-70.06642
-69.22616
-69.52771
-69.17633
-69.54414
-70.35241
-70.18081
-69.72247
-70.77077
-73.39381
-76.41476
-76.54102
-74.59814
-72.63699
-72.50836
-75.62506
-74.97108
-74.61739
-74.86339
-75.71478
-77.88086
-83.77528
-78.38423
-76.33130
-76.20118
-78.10164
-69.77420
-65.98775
-69.70702
-66.52544
-65.49574
-67.68475
-69.57586
-66.80517
-65.21815
-69.99396
-68.29918
-63.68491
-64.42881
-65.80660
-65.38754
-65.14196
-65.15734
-65.55049
-65.57713
-67.63314
-70.30566
-70.08229
-70.25251
-71.36794
-70.63233
-69.52619
-67.97973
-65.68261
-65.50282
-65.29851
-64.00408
-64.01288
-64.40517
-64.86623
-65.97442
-67.84226
-71.40311
-76.10062
-77.36166
-78.04703
-78.05147
-77.28573
-71.20729
-70.99891
-74.02614
-69.96069
-69.92607
-73.64083
-73.78218
-69.15735
-70.42229
-75.00296
-69.54675
-67.30806
-68.72602
-69.97820
-70.82930
-72.63474
-72.09281
-69.60571
-70.49143
-72.85477
-73.66556
-73.12385
-73.75391
-75.24293
-74.22905
-73.17044
-70.42142
-68.66314
-68.99051
-67.69197
-66.92319
-67.38033
-67.99070
-68.69699
-70.28166
-72.49370
-76.77978
-80.71761
-83.25444
-83.01510
-83.41963
-78.28488
-75.10798
-79.33225
-74.91649
-74.95327
-76.93894
-77.53243
-75.57971
-74.65561
-78.42649
-77.31206
-72.95787
-73.85243
-75.15013
-75.68480
-77.92063
-78.88332
-77.82376
-76.21220
-78.46492
-79.64130
-80.22680
-78.93526
-81.41444
-80.49643
-81.94050
-77.61792
-77.42070
-66.57039
-61.32985
-60.60323
-60.70868
-61.62574
-63.18399
-65.68685
-63.40059
-62.81872
-64.11466
-64.76914
-64.45029
-63.26435
-62.73796
-60.60468
-59.19442
-61.71723
-61.68953
-59.48836
-60.77898
-63.02052
-63.07344
-64.41999
-67.11826
-63.80809
-62.04822
-63.89727
-64.05986
-62.29665
-62.84717
-63.23671
-63.29383
-63.96095
-65.40921
-66.52962
-66.65316
-67.99658
-66.98202
-65.12413
-65.16120
-64.65363
-63.52685
-63.50172
-62.87629
-62.56075
-63.26843
-64.02609
-66.55346
-67.91725
-66.88671
-66.25282
-67.75742
-68.85480
-66.93024
-66.40497
-65.48670
-63.03263
-63.96254
-67.69927
-66.06259
-64.89088
-66.63502
-67.40857
-66.41163
-68.35535
-68.92443
-66.72753
-66.64552
-67.82493
-66.54919
-65.98475
-67.30252
-67.22927
-67.29834
-68.34859
-70.17617
-69.86242
-70.37026
-71.36471
-69.10226
-67.72311
-67.73282
-66.89670
-67.22826
-68.72343
-69.13153
-68.66101
-68.79412
-69.33029
-71.02166
-70.45515
-70.36983
-72.54873
-72.64699
-73.35359
-71.94964
-70.77412
-70.13830
-68.78213
-70.37997
-70.34898
-68.96166
-69.91917
-72.49817
-73.96508
-75.66890
-78.39947
-75.91690
-73.71228
-74.22321
-73.31131
-63.61192
-63.97735
-67.84046
-63.86940
-63.95400
-66.46837
-68.81713
-64.62623
-63.64325
-64.16209
-61.35770
-60.56568
-63.46871
-65.59842
-63.27663
-62.81830
-62.99955
-63.66046
-64.74744
-67.03960
-66.86557
-65.88167
-66.65288
-68.37628
-67.35575
-65.30304
-65.24186
-64.50779
-66.22392
-66.86640
-65.64416
-63.55891
-61.76112
-61.92726
-63.07649
-64.17852
-65.68004
-67.52153
-69.18476
-70.92333
-73.03407
-68.84949
-65.09629
-68.38269
-68.22578
-66.79718
-70.05818
-72.05090
-69.96080
-67.59427
-69.05165
-67.26571
-65.08949
-65.92383
-70.55161
-72.59862
-69.62814
-68.63670
-66.42068
-66.72794
-68.79175
-71.29924
-68.25091
-66.62687
-69.96203
-70.91740
-68.54374
-69.48399
-68.86937
-68.83665
-70.87017
-68.82025
-68.06575
-66.68448
-65.98023
-66.75886
-67.73524
-68.77720
-70.81114
-72.16342
-74.09990
-75.72745
-77.19155
-73.85620
-72.55090
-74.57218
-71.57055
-70.96191
-74.14414
-76.77993
-74.01551
-73.18900
-74.66722
-73.77932
-70.51614
-72.47258
-78.11513
-77.11201
-73.88870
-73.17170
-73.05707
-74.64755
-75.34581
-75.58664
-73.37601
-75.03485
-77.88603
-76.70794
-74.71344
-76.34520
-70.72106
-59.81358
-57.27729
-56.78315
-56.54545
-57.51634
-60.13054
-60.23444
-56.66034
-56.10635
-56.58860
-57.53973
-60.38060
-60.28413
-58.65517
-56.33969
-56.94045
-58.87140
-57.12528
-58.61643
-59.92197
-60.21466
-62.81779
-66.02980
-61.34412
-60.58640
-61.27341
-59.63637
-58.06186
-57.08612
-59.03429
-60.44563
-59.95114
-59.72370
-60.89178
-61.11344
-64.06857
-64.07720
-63.32676
-62.44663
-60.92226
-60.00852
-59.36733
-59.00848
-57.95610
-57.85909
-57.07854
-58.11356
-60.49804
-60.58427
-60.02444
-61.02167
-60.68807
-62.28642
-63.37367
-61.81649
-61.75902
-60.33498
-61.82202
-61.71944
-61.95549
-63.90136
-63.53304
-64.32117
-66.11080
-64.29862
-61.52940
-62.87540
-62.94075
-61.88371
-60.47969
-61.23614
-63.67963
-64.36070
-62.94912
-63.39250
-64.51676
-65.30161
-67.70541
-66.50053
-67.01994
-64.92845
-64.26425
-63.59039
-62.83268
-62.69252
-61.82508
-61.52963
-61.29965
-62.34987
-63.07723
-62.94383
-62.95911
-64.10786
-64.81382
-66.69355
-67.10012
-65.97930
-64.71206
-64.54743
-66.64569
-66.68367
-67.12062
-67.34821
-68.43426
-68.86292
-69.53319
-68.52318
-69.61699
-68.95355
-70.28613
-63.89871
-60.04075
-63.50236
-60.95428
-59.12186
-60.59358
-63.24044
-61.37906
-58.85714
-61.18764
-60.23690
-56.69887
-58.08167
-59.80492
-58.37984
-59.09436
-59.83222
-59.54129
-60.62695
-63.74394
-63.96814
-63.09119
-63.78683
-64.50410
-64.01035
-61.49778
-58.64868
-57.07936
-57.31317
-57.68880
-56.79273
-57.02729
-58.13425
-59.13510
-60.27798
-60.85431
-64.12802
-67.05433
-66.49411
-65.98634
-67.25756
-66.28935
-60.63156
-58.92406
-58.51982
-58.62718
-59.96762
-63.14003
-64.85512
-62.02635
-62.10949
-63.15787
-61.48447
-61.03886
-63.22135
-62.86265
-62.27546
-62.07187
-61.99974
-63.59361
-64.99680
-64.64675
-64.25046
-65.32523
-66.54119
-67.78131
-66.66839
-64.04454
-61.55113
-60.46794
-61.41187
-61.22380
-60.84438
-62.17441
-62.95514
-63.86027
-64.19561
-64.52884
-66.42348
-67.05195
-66.07786
-66.12738
-68.61210
-64.38723
-60.94257
-61.06606
-60.93875
-62.21721
-63.99762
-66.26115
-68.57311
-68.80032
-68.59701
-66.77611
-64.95164
-65.47502
-67.69909
-68.74053
-66.63558
-66.25751
-66.53755
-66.88334
-67.01544
-66.54634
-67.25107
-66.91020
-67.51963
-67.01148
-66.13570
-63.80950
-67.06233
-62.16876
-56.11755
-55.32963
-54.39943
-54.11763
-55.83822
-57.98212
-57.49406
-58.41436
-59.09411
-56.57965
-55.99981
-54.86933
-54.64860
-54.41032
-53.08433
-55.29557
-55.37302
-54.01511
-55.41925
-56.58687
-56.45704
-57.66141
-58.88373
-57.20929
-57.45064
-58.78118
-58.12972
-56.05461
-56.02912
-56.30931
-56.55800
-57.32931
-57.25533
-57.55690
-58.79440
-59.60487
-59.35294
-60.00003
-59.05029
-57.25279
-56.51542
-55.77238
-56.35746
-55.78465
-54.73526
-55.41541
-56.66008
-57.99291
-60.56450
-61.45267
-58.21662
-56.00867
-56.22433
-56.84772
-55.14082
-56.45769
-58.44177
-59.98368
-60.18511
-58.23184
-57.62995
-57.47487
-59.70287
-61.47450
-61.84655
-60.25818
-59.61232
-60.56440
-60.27829
-59.89981
-60.15267
-60.46343
-61.42753
-62.26400
-61.21543
-61.30820
-63.04510
-62.76757
-62.92066
-63.85455
-62.85505
-62.51878
-61.06576
-60.61969
-61.54986
-60.14320
-59.23785
-60.24494
-60.85239
-61.46405
-63.25130
-65.14358
-66.34359
-65.36640
-63.93712
-62.46226
-61.73054
-61.25426
-60.66163
-59.02774
-61.16535
-64.89398
-68.19461
-68.65747
-67.79965
-68.19594
-64.69176
-66.74883
-66.43019
-65.86989
-58.22485
-57.32020
-58.91986
-58.81228
-61.99771
-63.99657
-64.68242
-59.91695
-60.32682
-65.14532
-62.86145
-60.35201
-64.37895
-63.37812
-60.50828
-59.62328
-61.84765
-64.76872
-59.75374
-60.93206
-61.71572
-57.98961
-58.73065
-61.24813
-59.65346
-58.97178
-60.34783
-59.06025
-59.43820
-60.87089
-58.08514
-57.34131
-58.54523
-60.23182
-61.52772
-61.48592
-63.11960
-64.53431
-64.88150
-65.80261
-67.45612
-62.60983
-59.57940
-62.37179
-60.47934
-59.18444
-60.50659
-60.71031
-60.55629
-59.84752
-60.60381
-59.83562
-61.05693
-62.91288
-64.99818
-67.16168
-64.87822
-62.46506
-59.64301
-60.50231
-63.11274
-62.68078
-61.45587
-60.94961
-60.63516
-60.10228
-60.55953
-61.12819
-60.39279
-60.59034
-61.93077
-61.18176
-60.12143
-60.51986
-60.92022
-61.99418
-63.40067
-64.17168
-63.72323
-63.99759
-65.68048
-65.31964
-63.68734
-61.85473
-61.40766
-61.93158
-62.84316
-63.09715
-62.75596
-62.82103
-63.27680
-62.84483
-62.86657
-64.03696
-64.68269
-64.30784
-61.17272
-60.51693
-62.12584
-61.66271
-60.93314
-61.62535
-61.57858
-61.28437
-61.32337
-61.70523
-61.62061
-63.01405
-61.60962
-63.59340
-67.60840
-57.90276
-55.25317
-54.93482
-54.26443
-54.80338
-57.09186
-58.07232
-55.22504
-53.24450
-53.64193
-56.61734
-58.08816
-56.62645
-56.03086
-54.50830
-55.26858
-58.39259
-58.02676
-57.04302
-57.47782
-58.86268
-60.05021
-65.55343
-62.42890
-58.37460
-60.07202
-59.86897
-57.18410
-56.04452
-57.84858
-59.21297
-58.94760
-58.28687
-58.88945
-60.80639
-62.01185
-62.95984
-61.56660
-61.82188
-63.87611
-63.70392
-62.44056
-59.84189
-58.27196
-57.50917
-56.87417
-58.64330
-62.86308
-62.68077
-59.50367
-58.55988
-60.21489
-63.49399
-63.51869
-61.48457
-60.51337
-59.41807
-61.06334
-62.29482
-61.94360
-61.86389
-62.46318
-62.62677
-65.78120
-69.93046
-63.19327
-62.97404
-64.09603
-62.05840
-60.08517
-60.95776
-63.18601
-63.50312
-62.92313
-62.82226
-64.08247
-65.57000
-67.62789
-67.70349
-66.27260
-68.26169
-68.55568
-66.94166
-65.81032
-64.35322
-65.29793
-65.25548
-65.53558
-67.04467
-66.82576
-64.23254
-62.44982
-62.76832
-65.03325
-66.41524
-65.70074
-65.32381
-63.74111
-64.21909
-67.89036
-67.44881
-66.25099
-67.12188
-68.81292
-70.46382
-75.36934
-74.61457
-70.23833
-71.21354
-70.43474
-61.34243
-57.42973
-58.71519
-56.85463
-56.31971
-57.76954
-58.95986
-58.44876
-56.68787
-57.86324
-57.84460
-57.28238
-59.04503
-59.47854
-57.65949
-59.02423
-59.07124
-57.91624
-58.80408
-61.01030
-60.77596
-56.74864
-56.92947
-57.23851
-56.27566
-55.19993
-54.38315
-54.71334
-55.23892
-56.30906
-55.91597
-56.63287
-57.29276
-57.05811
-57.33238
-57.32816
-57.19788
-57.57047
-57.99955
-58.09420
-58.36304
-55.76491
-53.95628
-53.88548
-53.58883
-53.03734
-53.84760
-55.67141
-58.71489
-60.92722
-60.13423
-60.18021
-59.43723
-58.64832
-57.99890
-57.04828
-56.36848
-54.99720
-53.30004
-54.22730
-55.53273
-56.04724
-56.78090
-57.10092
-57.96184
-57.52465
-56.92702
-56.75226
-57.41509
-58.95029
-58.77773
-55.85372
-55.10880
-55.30664
-55.42676
-55.35847
-52.71757
-51.72504
-52.76281
-53.14079
-53.23963
-54.36212
-55.68703
-55.59582
-54.88918
-55.03102
-56.56822
-58.31351
-58.85597
-58.28717
-57.31629
-57.27149
-57.15189
-56.65340
-55.96041
-55.76155
-55.14387
-54.25590
-54.35289
-55.10495
-55.99369
-56.17497
-55.74117
-56.22388
-56.99333
-57.42441
-57.31918
-57.70201
-56.25335
-55.47237
-57.31102
-56.10185
-54.49318
-53.69540
-54.61162
-55.08466
-55.10563
-55.81714
-54.58309
-54.22565
-54.55283
-54.00369
-54.12664
-54.43826
-54.27312
-53.86053
-52.82847
-53.68519
-54.54592
-54.56726
-55.63346
-54.64407
-54.39792
-54.21372
-53.85578
-54.58266
-54.04318
-54.85467
-54.75323
-53.67509
-53.93457
-54.38486
-54.62056
-55.17031
-56.40477
-55.92079
-55.88766
-57.32891
-57.34543
-57.96695
-57.39903
-56.50625
-56.75259
-55.12519
-54.35772
-55.02436
-54.76267
-54.23329
-54.65827
-54.97215
-54.78803
-54.21055
-53.51032
-52.28508
-52.42628
-53.96332
-54.97163
-55.22620
-55.94981
-56.82561
-56.25339
-56.93295
-57.20061
-56.93844
-57.88249
-58.77082
-59.20522
-59.17900
-59.22797
-57.86215
-55.67017
-54.61002
-54.60980
-54.82028
-54.78202
-55.32501
-55.65906
-55.37583
-55.44847
-55.69975
-56.12725
-56.57722
-56.61347
-56.09505
-54.31474
-54.13972
-55.12496
-54.71494
-54.29526
-54.30597
-55.03518
-54.88561
-54.78249
-55.26080
-56.02040
-55.97146
-55.95068
-56.20753
-55.84619
-56.53656
-56.49385
-56.10247
-56.84530
-57.48441
-57.40933
-58.03019
-57.70476
-57.52815
-57.51997
-58.21218
-58.16778
-56.96921
-54.47097
-53.11514
-55.41270
-56.32863
-56.67769
-57.08701
-57.34690
-57.27276
-57.28540
-58.23808
-57.76620
-58.07898
-58.31470
-59.05026
-58.40089
-55.89595
-56.52772
-59.57620
-57.47623
-57.23893
-56.91742
-53.49764
-53.59389
-54.83069
-54.03069
-53.74365
-54.48113
-53.77849
-53.58086
-54.62023
-54.97253
-53.87792
-54.34850
-54.99732
-55.13211
-56.86008
-57.55774
-58.51333
-58.20622
-58.05710
-57.87570
-56.32243
-56.27305
-56.82747
-56.06131
-56.93344
-57.78248
-57.85908
-56.47505
-55.23638
-56.23566
-57.69289
-59.91540
-60.51924
-58.49306
-55.86783
-55.88340
-56.22402
-55.41695
-55.66673
-56.84930
-57.39676
-57.25629
-56.61897
-56.22950
-56.07405
-56.76829
-57.80315
-57.03962
-56.97159
-57.43503
-57.56963
-57.78539
-58.37108
-59.30513
-59.76181
-60.26332
-60.69599
-60.70902
-61.20413
-61.36813
-60.91590
-57.85869
-56.43099
-56.73761
-56.63542
-56.47516
-56.96528
-57.47048
-58.02028
-58.84664
-58.56386
-58.64243
-58.74862
-59.42887
-60.03546
-56.79378
-54.71025
-55.20444
-55.06412
-55.16984
-55.52695
-55.36273
-54.66545
-54.66164
-54.58395
-54.78234
-54.82049
-54.85174
-55.07082
-53.61824
-52.33118
-51.31819
-51.48521
-51.50375
-51.79106
-52.90598
-53.08029
-52.58927
-51.57615
-51.99096
-53.95938
-54.37711
-54.25342
-53.87657
-52.70254
-52.96256
-54.90633
-55.15641
-54.98067
-55.03324
-53.51751
-52.76508
-53.20476
-53.68525
-53.43439
-53.58185
-53.05008
-52.37890
-51.90037
-52.46028
-52.88094
-52.43538
-52.36949
-52.88274
-53.56003
-53.64346
-54.30867
-54.65491
-54.92824
-55.04916
-54.86411
-54.26064
-53.84482
-53.33966
-53.59725
-53.59339
-54.49339
-54.91185
-53.90032
-54.66320
-55.26066
-54.94971
-55.66361
-56.33055
-54.81055
-54.59727
-54.61484
-54.71654
-55.66274
-55.71765
-55.61309
-56.94134
-56.67765
-57.53186
-58.79003
-58.65504
-59.10470
-58.95737
-58.39656
-56.05667
-55.99107
-57.54757
-58.22063
-58.15598
-57.81511
-57.80326
-57.60946
-57.35245
-58.10459
-57.48761
-57.70878
-57.98315
-58.31729
-58.82806
-58.58466
-58.27387
-58.10871
-58.64449
-59.00790
-59.74088
-59.58431
-60.05293
-60.72439
-61.96619
-62.25727
-62.69159
-58.85429
-55.86476
-55.88732
-56.34574
-56.36278
-55.70878
-55.50539
-55.50912
-56.01660
-56.77177
-57.14200
-56.97074
-57.02217
-57.14631
-56.00501
-54.53567
-55.88601
-56.02738
-55.82314
-57.12439
-56.96516
-57.13116
-56.81948
-56.74786
-56.00618
-56.47328
-57.66316
-56.93012
-55.71549
-56.00790
-57.06824
-57.97672
-58.87174
-59.50059
-58.15024
-55.73936
-56.35485
-56.30826
-56.04936
-55.54283
-54.59335
-54.64206
-54.63809
-55.81008
-56.49298
-57.47476
-57.31890
-57.10620
-57.30469
-57.26414
-57.37423
-57.42816
-58.57559
-58.31130
-58.38638
-55.93488
-54.09670
-54.42332
-54.36316
-53.71153
-54.43059
-56.76426
-59.64507
-62.25434
-60.43674
-60.46276
-59.10827
-57.70059
-58.31261
-57.00701
-56.04472
-55.45983
-54.63732
-55.30103
-56.19531
-57.01930
-58.20126
-58.75009
-59.51387
-58.88492
-59.03272
-58.17634
-58.30792
-60.44797
-59.68137
-56.78145
-55.66146
-56.03519
-56.03295
-55.93002
-53.39975
-51.77466
-52.77851
-54.15929
-54.56218
-55.11473
-56.28300
-56.69581
-55.97507
-55.98414
-57.32767
-58.40766
-58.88274
-57.99733
-57.62214
-57.81677
-57.37621
-57.05168
-56.37613
-56.64486
-55.99023
-55.24044
-55.40823
-56.14868
-57.08903
-56.90910
-56.39974
-56.79765
-57.57833
-58.38168
-58.27652
-58.32112
-57.34959
-56.89307
-57.77526
-55.07081
-54.09921
-53.76700
-53.67550
-53.52033
-53.70498
-54.46760
-53.63480
-52.97886
-52.69275
-52.06548
-52.79427
-52.86592
-52.50613
-53.18030
-51.51381
-52.39928
-53.64190
-52.80892
-53.20450
-53.10522
-53.03134
-54.01312
-55.15724
-54.63052
-53.34673
-53.79275
-53.89458
-53.22818
-53.20854
-52.65430
-52.81005
-53.39136
-53.89189
-54.72089
-56.49420
-56.75411
-56.90110
-58.02869
-57.52489
-57.58199
-57.39858
-55.23485
-54.02064
-54.50525
-54.30659
-54.13665
-54.22478
-54.84145
-54.22444
-54.03765
-53.76375
-52.75176
-52.97543
-53.82492
-55.34208
-55.00644
-55.05136
-54.61525
-53.73709
-54.20408
-55.36978
-55.92445
-56.49851
-58.76007
-59.00474
-57.52870
-57.86657
-56.85401
-55.52166
-54.56144
-53.90806
-54.24033
-54.22969
-54.57464
-54.94040
-55.32631
-54.96305
-54.95232
-55.37077
-55.78658
-56.39939
-56.20788
-54.37629
-54.21462
-54.71230
-54.09953
-53.97399
-53.77579
-54.15761
-54.74698
-54.30779
-54.68861
-55.54496
-54.59334
-55.23942
-55.65204
-56.02072
-56.39044
-56.14390
-57.01144
-56.73307
-56.90930
-57.46146
-57.63343
-57.21900
-57.47569
-57.42904
-57.43275
-58.04171
-56.55740
-54.05288
-52.95969
-54.81254
-55.36451
-54.69867
-54.98819
-55.94357
-55.84975
-55.34759
-57.73214
-57.66242
-57.01849
-57.28471
-58.26982
-58.13833
-55.68259
-56.67813
-59.23950
-56.87807
-56.65079
-57.51733
-54.33428
-53.86028
-54.75792
-53.55757
-52.87673
-53.72976
-53.90503
-53.13173
-53.81825
-55.63780
-55.77907
-55.46844
-55.77628
-56.94111
-58.87064
-59.28044
-59.94154
-60.70513
-60.40921
-59.56016
-57.29505
-56.30004
-56.99957
-56.69415
-57.57514
-58.10246
-58.51361
-57.86196
-56.04385
-56.34314
-58.89212
-60.22811
-59.83548
-58.20894
-55.27431
-55.70828
-56.21562
-56.13227
-55.48803
-56.23522
-56.94596
-56.36793
-56.73149
-55.83997
-56.32011
-56.35837
-57.22507
-57.48665
-57.00535
-58.14717
-57.76738
-58.22711
-58.40146
-58.96890
-59.57905
-60.45259
-60.63455
-60.50200
-61.43123
-61.01794
-61.66513
-58.39062
-57.17930
-57.05048
-57.14751
-57.15085
-57.03889
-58.09319
-58.55293
-59.47518
-59.37070
-59.39442
-59.35787
-60.07990
-61.03397
-58.06110
-55.38926
-55.53711
-55.41308
-55.53050
-55.72867
-55.73260
-55.31819
-55.03107
-54.81825
-55.06207
-54.87874
-54.78702
-55.47200
-53.89053
-52.79300
-52.06267
-51.96410
-51.73779
-51.78248
-53.04821
-53.48407
-52.99243
-52.46098
-52.43369
-54.08606
-54.54139
-53.58204
-54.24091
-53.85409
-53.16889
-54.88850
-55.00810
-54.33190
-54.81581
-53.56710
-52.64939
-52.82018
-53.52290
-53.43279
-53.57950
-53.13430
-52.55738
-52.05388
-52.65918
-53.03659
-52.31443
-52.57763
-53.10109
-53.72453
-53.95634
-54.61854
-54.67493
-54.95052
-54.88987
-54.66054
-54.05325
-53.58622
-53.57035
-53.99449
-54.27977
-55.20522
-55.49138
-54.57626
-55.02448
-55.56312
-55.37642
-55.54444
-56.20587
-55.00929
-54.36201
-54.30631
-54.63710
-55.36989
-55.27445
-55.13789
-56.80072
-56.51753
-57.19105
-58.48399
-58.27235
-58.53404
-58.70816
-58.49815
-56.14305
-56.44735
-57.81247
-58.44858
-58.41765
-58.22153
-57.96506
-57.58822
-57.57744
-58.36532
-57.81291
-57.65721
-57.45784
-57.52908
-57.96138
-58.05351
-58.06178
-57.90444
-58.60169
-59.15839
-59.97012
-60.43016
-60.81557
-60.71878
-62.12832
-62.10307
-62.90780
-59.33338
-56.28538
-55.96371
-56.11978
-56.42424
-55.49115
-55.27385
-55.43306
-55.94518
-56.65107
-57.09055
-56.79168
-56.89808
-57.14930
-56.25853
-54.92274
-55.73178
-56.27925
-55.60977
-57.02893
-57.44253
-57.86384
-56.55156
-56.56348
-57.10566
-55.38709
-55.97671
-56.74227
-57.60611
-57.24979
-57.64205
-57.70559
-57.61190
-59.30697
-58.75103
-56.74241
-55.88391
-55.72792
-55.78591
-55.53537
-54.71497
-54.85463
-55.16820
-56.24535
-56.77125
-57.47903
-56.91603
-56.08450
-56.81217
-57.56745
-57.68674
-58.21779
-59.37653
-59.16060
-59.45568
-57.18019
-55.04846
-54.76756
-55.28390
-54.58959
-54.68621
-56.95211
-59.36951
-62.22561
-61.32351
-59.30871
-58.25403
-57.39554
-57.59008
-57.11232
-55.60463
-55.75914
-56.01231
-56.37314
-57.37716
-57.42566
-58.84453
-59.81616
-59.55466
-59.60378
-59.03606
-58.30592
-58.13299
-59.19687
-59.52976
-57.40901
-56.90282
-57.10305
-56.63098
-56.56366
-54.09494
-52.70483
-53.55098
-54.30071
-55.26011
-56.15108
-57.31205
-57.45895
-56.90918
-57.06688
-57.83127
-58.29420
-58.52127
-58.47063
-58.04067
-58.52362
-58.17180
-57.69810
-56.91326
-57.28543
-56.89278
-56.13397
-56.61783
-56.96517
-57.43858
-57.60351
-56.97913
-57.21547
-57.87006
-58.43689
-58.35896
-58.57056
-58.12011
-57.70934
-58.72493
-56.16853
-54.73592
-54.01087
-53.73572
-53.57282
-53.56006
-54.28495
-53.66509
-52.55411
-52.27112
-52.19313
-53.09111
-53.31987
-53.26181
-54.28447
-52.14805
-52.25455
-53.39055
-52.43933
-53.04106
-53.02927
-53.34795
-54.52083
-55.05060
-54.94374
-53.36378
-53.44465
-54.00114
-53.12605
-53.68361
-54.43029
-54.75735
-55.44100
-55.64108
-56.09529
-57.10678
-58.33977
-58.44839
-59.44749
-58.86750
-57.45583
-57.06415
-55.76685
-54.89716
-55.12124
-54.57196
-54.10621
-55.19961
-56.16867
-54.20052
-53.34744
-54.02537
-53.46335
-53.42685
-54.09909
-55.25456
-55.11583
-54.94178
-55.88642
-56.59604
-56.02083
-56.26606
-56.24065
-56.23259
-57.92251
-59.23045
-58.22009
-58.39767
-58.25164
-55.93311
-54.82625
-55.06866
-55.16335
-54.90469
-55.45529
-55.77435
-55.66761
-55.64930
-55.54266
-55.52677
-55.99288
-56.20193
-56.46933
-54.43073
-54.61744
-55.24151
-54.88220
-54.51839
-54.37551
-55.01967
-55.25739
-55.29379
-54.91393
-55.61125
-55.42388
-55.83766
-55.77325
-56.35009
-56.61815
-56.08666
-55.52992
-55.51158
-56.42263
-56.78542
-57.55208
-57.77062
-57.83757
-57.40568
-57.08272
-57.84362
-56.62885
-54.86517
-54.87561
-55.17753
-55.21969
-55.28960
-56.13046
-56.12200
-55.10311
-54.96235
-56.49614
-57.36924
-55.31265
-55.16382
-56.94931
-56.73906
-56.44197
-56.89309
-55.99350
-55.62085
-57.37309
-58.36685
-58.55834
-58.01636
-56.43542
-56.77019
-57.02032
-55.34786
-54.71452
-54.86965
-54.23482
-53.46326
-53.07605
-54.65674
-55.78295
-55.98175
-57.69955
-59.34474
-61.00315
-60.99495
-62.02709
-61.88014
-58.86641
-58.34063
-58.71340
-58.22874
-58.90349
-58.52196
-58.81925
-58.29806
-57.19817
-58.79909
-59.66865
-58.92239
-59.33460
-59.41760
-55.70535
-55.77431
-56.61478
-56.22832
-55.50418
-55.49024
-56.64413
-56.28013
-57.77822
-56.85389
-56.96844
-57.55147
-57.68657
-57.43736
-56.76572
-58.33705
-58.23447
-58.46773
-58.72084
-59.06726
-59.75767
-60.61212
-60.52113
-60.77234
-61.87640
-61.20913
-61.97591
-58.91535
-57.06610
-56.90102
-57.54110
-57.33699
-56.63418
-57.92359
-58.08884
-59.07019
-59.38071
-59.76848
-60.63079
-59.99386
-60.14637
-58.46030
-55.66835
-55.41475
-55.67030
-55.93061
-55.98186
-56.10586
-55.70390
-55.23020
-55.09233
-55.41806
-55.27112
-55.19947
-55.60321
-54.02001
-53.33697
-52.61614
-52.47788
-52.39379
-52.36791
-53.38299
-53.63783
-53.66941
-53.85551
-53.73389
-54.54434
-54.48009
-54.00087
-54.55837
-53.82930
-52.61851
-54.70141
-53.89603
-52.85848
-54.03420
-52.64768
-52.84962
-52.84179
-53.43096
-53.09074
-53.13401
-52.82723
-52.06474
-51.76495
-51.77724
-51.85861
-51.68306
-51.94047
-52.20013
-53.31461
-53.67644
-54.29854
-54.44987
-54.58667
-54.12178
-54.15125
-54.02427
-54.12056
-54.41293
-54.56308
-54.30512
-54.90280
-55.54625
-54.71184
-55.11280
-55.05388
-55.64206
-55.35621
-55.48404
-55.48455
-54.51237
-54.20298
-54.13881
-55.03870
-55.88197
-55.59721
-56.67368
-56.71601
-57.27455
-58.19368
-57.68229
-57.76901
-58.02980
-58.26098
-56.18898
-56.01519
-56.56077
-56.67186
-56.88700
-56.94090
-57.25628
-57.42096
-57.55888
-57.65083
-57.31188
-57.28438
-57.19437
-57.02068
-57.91787
-58.51727
-58.66004
-58.92518
-59.38868
-59.70633
-59.99778
-60.93480
-60.95209
-60.60318
-61.37878
-61.53692
-62.46384
-59.63047
-56.29175
-55.72093
-55.65282
-55.95307
-55.31487
-55.16066
-55.23779
-55.78080
-56.47408
-57.16893
-57.21510
-56.52957
-57.42174
-56.25992
-56.78521
-56.72135
-55.83541
-56.27752
-57.29693
-57.75563
-58.31811
-58.82383
-58.60895
-59.28009
-59.19663
-59.73913
-59.43962
-59.87390
-59.93348
-60.36831
-60.10614
-59.69474
-61.17341
-60.20692
-57.19293
-57.04236
-57.02238
-56.86167
-56.63201
-56.24368
-56.59915
-56.86983
-57.77995
-57.74865
-58.54186
-58.29316
-58.08588
-59.02804
-59.60033
-59.85774
-60.07407
-60.86201
-60.40780
-60.52348
-58.42717
-56.16485
-57.12942
-57.03609
-55.89912
-55.68803
-57.72143
-60.55282
-61.91774
-60.92640
-60.70773
-60.68162
-59.47660
-59.92757
-57.97512
-56.86257
-57.32786
-57.36100
-57.55144
-57.85122
-58.39483
-60.31465
-61.00293
-62.39961
-62.92136
-62.98454
-62.58154
-62.66690
-63.15374
-63.43052
-60.72909
-59.02897
-58.94483
-58.58036
-59.50674
-52.92087
-51.24780
-52.79711
-53.08217
-53.90870
-54.67796
-55.93708
-56.20207
-56.45946
-56.46136
-57.32487
-57.40930
-57.50296
-57.52396
-57.03642
-57.34218
-57.06670
-57.18565
-56.73493
-57.18034
-56.77312
-54.72934
-54.68077
-54.83359
-55.50445
-56.75844
-55.56784
-56.52344
-56.43843
-55.34039
-56.18286
-56.75660
-56.72501
-56.87811
-56.17012
-53.83941
-53.66202
-53.96164
-54.40190
-55.46128
-55.94996
-55.39244
-55.84517
-55.05220
-55.39249
-55.30507
-55.19465
-56.39439
-56.14601
-57.20013
-56.41726
-57.29853
-57.76201
-57.49851
-57.64591
-56.64382
-55.43455
-55.68781
-55.59045
-55.90011
-55.71509
-55.42945
-55.16433
-53.92961
-53.99382
-54.27235
-55.15195
-54.98816
-55.28780
-55.48314
-55.71393
-55.62539
-55.87997
-56.33640
-56.27877
-56.35104
-56.34444
-55.67160
-54.85266
-55.74763
-55.53356
-56.00187
-56.17106
-55.49007
-55.22207
-55.04184
-55.39129
-55.46839
-55.02740
-55.21144
-55.22139
-53.29377
-54.25315
-56.23478
-56.11200
-56.70792
-57.58349
-58.48562
-59.16659
-60.37782
-61.46931
-62.61699
-63.80596
-63.91917
-61.00480
-59.57469
-58.90612
-58.55194
-58.12095
-58.07392
-57.82004
-57.06916
-57.08014
-56.15448
-56.30431
-56.44626
-57.00098
-57.03595
-55.30061
-55.22231
-55.65399
-54.96102
-54.70624
-54.94235
-55.41409
-56.11319
-55.84054
-56.14930
-56.92456
-57.25964
-57.42251
-56.67685
-56.94443
-57.14723
-56.91597
-57.31844
-57.90719
-57.49340
-57.67648
-57.94656
-57.84753
-58.10066
-57.81419
-57.76218
-57.85621
-57.84968
-55.47793
-55.07174
-55.39050
-55.14648
-55.16160
-55.11964
-55.22751
-55.69684
-56.57443
-57.00511
-57.76876
-57.58527
-58.01465
-58.04839
-58.79839
-58.92601
-59.43031
-59.90392
-59.88695
-59.98170
-58.28941
-57.96917
-57.83015
-57.75313
-57.95518
-58.38237
-57.81053
-57.92741
-57.57662
-57.09393
-57.82100
-58.79737
-59.66932
-59.55043
-59.72629
-60.23030
-60.36795
-60.21389
-60.15439
-60.70579
-60.48497
-57.56051
-57.13521
-57.13956
-56.63231
-57.65268
-57.33996
-57.60860
-57.78085
-57.53315
-58.09663
-58.34154
-59.00844
-59.19105
-58.62454
-56.44224
-56.35964
-56.64094
-56.37626
-56.13579
-55.83037
-56.63104
-55.88491
-57.25660
-57.09478
-57.10227
-57.91483
-57.70167
-58.71222
-58.09087
-58.81910
-58.66256
-59.17790
-60.03908
-59.94626
-60.26762
-60.97879
-60.68943
-60.74220
-62.24992
-61.58968
-62.51491
-58.82182
-56.97458
-57.57322
-58.29101
-58.41612
-57.79206
-59.15205
-59.66376
-61.45910
-61.58733
-61.19486
-61.79844
-61.47344
-62.55817
-59.81807
-56.27854
-55.62691
-55.75124
-56.22951
-56.45084
-56.19201
-55.72694
-55.29046
-55.26821
-55.57883
-55.27449
-55.28550
-55.44370
-54.54096
-53.55367
-53.65616
-54.55304
-55.07068
-55.14775
-54.91597
-54.52704
-54.26955
-55.26333
-55.26975
-55.30200
-55.43362
-56.33969
-56.84710
-57.61244
-57.61579
-57.90773
-57.74774
-58.08602
-58.20250
-54.53423
-53.62906
-53.37606
-53.79798
-53.51561
-53.72115
-53.43742
-53.29215
-53.05414
-53.02240
-53.55788
-53.11193
-53.36332
-53.49653
-53.53832
-53.88625
-54.61681
-55.15682
-55.34471
-55.15901
-56.10397
-55.68127
-55.37549
-55.82026
-56.16072
-56.26233
-57.07599
-56.40454
-54.63036
-55.27464
-56.38482
-55.41514
-54.41547
-54.76196
-54.75216
-54.52565
-55.71469
-55.89037
-55.69728
-56.92272
-56.69006
-57.14251
-57.92570
-58.43466
-58.36598
-59.89051
-59.52844
-60.35108
-61.45531
-58.53346
-58.28943
-58.54010
-59.42627
-59.47837
-58.93765
-58.36973
-57.96216
-57.94411
-58.45286
-58.09503
-57.61862
-58.34101
-57.64233
-57.76538
-58.31748
-58.19742
-59.09833
-59.58456
-60.19806
-59.87948
-60.07239
-61.05324
-61.00953
-61.02089
-61.37207
-61.90468
-57.39691
-54.40920
-54.33380
-54.48598
-55.00774
-54.74736
-54.49042
-54.61182
-55.01586
-55.95418
-56.44621
-56.64671
-56.46431
-56.87608
-54.77473
-54.07510
-55.24082
-54.26298
-54.55283
-55.37313
-55.73842
-55.84496
-56.44264
-57.01842
-57.27288
-58.00249
-58.54404
-58.94027
-59.14124
-59.97161
-60.13471
-60.68622
-60.81759
-60.80828
-60.85265
-61.07332
-61.18009
-61.04806
-61.30959
-61.21544
-61.31101
-61.12803
-61.06190
-61.37489
-61.27799
-61.68086
-61.96239
-62.22853
-63.10125
-63.14880
-63.50125
-63.83079
-64.45793
-64.57749
-65.95686
-63.39366
-62.97262
-62.82776
-61.23813
-63.66078
-64.96934
-65.86010
-65.90264
-64.53621
-63.23230
-63.01038
-62.33097
-62.94155
-62.02884
-60.49686
-60.85412
-61.02262
-62.22485
-62.95104
-63.84168
-64.77179
-66.20963
-67.18272
-67.94492
-69.90578
-70.19908
-71.53412
-71.89454
-68.12421
-68.14678
-69.51242
-69.80974
-71.66492
-70.37759
-71.36006
-60.52993
-58.30850
-62.15226
-62.80522
-62.90560
-63.38258
-65.48134
-59.64792
-57.53508
-58.47277
-59.07032
-59.67755
-59.13717
-59.58203
-60.38865
-60.89841
-61.18273
-61.44386
-62.31422
-62.53968
-62.91035
-58.62485
-56.90202
-58.07477
-57.31545
-58.69293
-58.22769
-59.81859
-58.80125
-56.97916
-58.01972
-59.74975
-61.48604
-61.25029
-59.21286
-56.88021
-58.13385
-58.08187
-59.20068
-59.77249
-59.58702
-60.31101
-60.32210
-60.80228
-61.23618
-62.31316
-62.19585
-62.22704
-61.80786
-60.87342
-61.08553
-61.36933
-60.83496
-61.20566
-61.43172
-62.31312
-62.34599
-63.25161
-63.86648
-65.15264
-65.01692
-66.76089
-62.21892
-55.68936
-54.98973
-55.45287
-56.65386
-56.58891
-55.94215
-55.94109
-56.01427
-56.22139
-56.60156
-56.49633
-56.88267
-56.86957
-56.05490
-56.33190
-55.96291
-56.24034
-56.89025
-57.51087
-57.74197
-58.27928
-58.95851
-58.88022
-58.92116
-59.59703
-59.75233
-60.46143
-57.64802
-56.43114
-58.62661
-59.44867
-60.15483
-60.61295
-61.45194
-62.37011
-63.09951
-63.96015
-64.83062
-65.86001
-66.38763
-67.28156
-67.72909
-68.67659
-68.63091
-68.80378
-68.77462
-69.45704
-68.34719
-62.46164
-63.42632
-64.87833
-66.15494
-66.03990
-66.89705
-64.97750
-59.98603
-59.81341
-59.13171
-58.87956
-59.81452
-60.93210
-61.34429
-62.57094
-63.17071
-63.63260
-63.53200
-63.88181
-64.46734
-64.86825
-65.36900
-65.83113
-66.09965
-66.90924
-67.58712
-67.00513
-67.56657
-66.88661
-67.39905
-67.44469
-67.84839
-67.65708
-68.44605
-59.02607
-55.13627
-55.93344
-55.97406
-56.93524
-57.79904
-58.47417
-59.45087
-59.92719
-60.04605
-60.69865
-61.53138
-62.18660
-62.87977
-62.92039
-63.56806
-63.92521
-63.92413
-64.38413
-65.27862
-65.14542
-64.59650
-65.03346
-64.71700
-64.91378
-65.75470
-66.28296
-67.26784
-66.57892
-65.80020
-66.03742
-66.38325
-66.73552
-67.11338
-67.51211
-67.68078
-69.31676
-69.06155
-69.65699
-70.06035
-70.74187
-68.92550
-63.56105
-62.19497
-61.70670
-61.06307
-61.40772
-61.79253
-61.89212
-62.06709
-62.44689
-62.86361
-63.03330
-63.21460
-63.64221
-63.93398
-62.83208
-63.41103
-64.71088
-64.87863
-65.52912
-65.40960
-66.14410
-66.27852
-66.90715
-67.31195
-67.11077
-67.47292
-67.58015
-67.14817
-65.07328
-65.89984
-66.87276
-68.58190
-68.95179
-70.35261
-67.73224
-62.39391
-63.25094
-63.76965
-65.09484
-64.18219
-66.23870
-64.12821
-62.03925
-65.99713
-64.25277
-65.19448
-66.49753
-67.33333
-67.65620
-68.55947
-69.41998
-69.91408
-70.11806
-70.51973
-70.99237
-69.75861
-69.14374
-70.79049
-72.95005
-73.25279
-74.27454
-74.39632
-76.72875
-76.12647
-77.79168
-76.55223
-80.00384
-76.05348
-84.36438
-63.12132
-56.41492
-56.50201
-56.94940
-58.16718
-58.08831
-58.78694
-59.51595
-60.07898
-60.85736
-61.49191
-62.04637
-62.56528
-63.24805
-64.04190
-64.73617
-64.64680
-65.04094
-65.02567
-65.78373
-65.87777
-66.69614
-66.87263
-66.97239
-67.43483
-68.10720
-68.24863
-68.56007
-68.61079
-68.79165
-69.57925
-69.62981
-70.35320
-70.51776
-70.42099
-70.38072
-71.45105
-71.41987
-72.11160
-71.73269
-72.90508
-70.27770
-65.60346
-63.53870
-62.42958
-62.35820
-62.55007
-62.87156
-63.11754
-62.56536
-63.14581
-63.52503
-63.30771
-63.86249
-63.87457
-64.18188
-64.41919
-65.01883
-64.94032
-65.79487
-66.03784
-66.08557
-66.61353
-66.77817
-67.05229
-67.25521
-67.35125
-68.14906
-67.93158
-68.17915
-68.71741
-68.67500
-69.45669
-69.36704
-70.08185
-70.16580
-70.74686
-71.06601
-71.90069
-71.53627
-73.64490
-72.65250
-75.44205
-67.91330
-63.74046
-62.17257
-61.21441
-63.12922
-64.81741
-66.49747
-67.42003
-67.19499
-66.03610
-66.23431
-65.17804
-66.24933
-65.45710
-66.70754
-67.27168
-68.25958
-69.83708
-70.10389
-71.30202
-71.98455
-72.58619
-73.97945
-75.06020
-75.45799
-76.51041
-76.78739
-75.12701
-60.29127
-58.45898
-60.02495
-60.19478
-61.49152
-62.00409
-63.04433
-63.62086
-64.76930
-65.02294
-65.15759
-66.51129
-66.48112
-66.26761
-67.49584
-67.53086
-68.45745
-68.37802
-68.48640
-69.12152
-69.15540
-68.78450
-69.19515
-69.29642
-69.59170
-70.21276
-70.01246
-71.17164
-70.47038
-70.79934
-71.25577
-71.50688
-71.93961
-71.99988
-72.16285
-68.04243
-70.56812
-73.89661
-72.86700
-73.31222
-74.70404
-71.84972
-65.75941
-67.52002
-66.72957
-66.64324
-68.76421
-69.06095
-70.04603
-69.46408
-70.45998
-70.15831
-71.38853
-70.68661
-70.44053
-65.22197
-61.31033
-63.28719
-65.64367
-66.85532
-68.83468
-69.40375
-69.90440
-69.75307
-71.54267
-72.49851
-73.49483
-74.52765
-75.13466
-73.46753
-71.93115
-76.33475
-74.47896
-78.61972
-76.04410
-82.22851
-70.04734
-61.28822
-62.21563
-62.47159
-62.25383
-62.44805
-64.48616
-64.01002
-63.48814
-65.32994
-65.79374
-66.72004
-66.42706
-67.01916
-67.39737
-68.49764
-69.33670
-69.78487
-70.11085
-70.90703
-71.27956
-71.40772
-70.97209
-72.33666
-71.80957
-71.89572
-71.99469
-72.26146
-70.84270
-72.02843
-72.27490
-72.24982
-72.51770
-73.18208
-68.73630
-60.25047
-59.27136
-59.94730
-60.82523
-61.74596
-62.05258
-62.66766
-62.72148
-63.14615
-63.91713
-64.77671
-64.91944
-66.04500
-65.88459
-65.87936
-66.94688
-66.96291
-67.05177
-67.64235
-67.73606
-67.70516
-67.74617
-68.11539
-68.24882
-69.17906
-69.29829
-69.27449
-69.90911
-69.64382
-69.89976
-69.80804
-70.44411
-70.71354
-71.26151
-69.86858
-66.87450
-70.78113
-71.56738
-71.50433
-72.23532
-73.03707
-68.26770
-64.33749
-66.01221
-64.88281
-66.23422
-66.99433
-68.18694
-68.24708
-68.59039
-69.24509
-69.34911
-69.64861
-69.78410
-68.89041
-62.86838
-62.20978
-63.67313
-64.32664
-65.62790
-66.27037
-67.43376
-69.37135
-69.95059
-70.91590
-70.95196
-72.20277
-72.59552
-74.29190
-70.65533
-71.99955
-75.27789
-73.10966
-76.21263
-75.68161
-75.22891
-63.81742
-63.15929
-64.69232
-65.75962
-69.02194
-71.79593
-72.59916
-64.50556
-66.29816
-67.17357
-67.65963
-68.69914
-67.96159
-68.64376
-68.14076
-69.23902
-68.72259
-69.11379
-70.14977
-70.48750
-70.47996
-70.69997
-70.94461
-71.10389
-71.20572
-72.20987
-71.84548
-72.90910
-71.06274
-72.13683
-72.77739
-73.62264
-73.60999
-74.30613
-63.75940
-57.35242
-57.86866
-58.99340
-60.05415
-60.26820
-60.36745
-61.17129
-62.65866
-64.06062
-63.88538
-64.39380
-64.30711
-65.39928
-65.52155
-65.74215
-66.70681
-67.39165
-68.30383
-68.99227
-70.11695
-69.95037
-68.68543
-69.49829
-69.21946
-69.65975
-70.02552
-69.69066
-70.18570
-69.95152
-71.67676
-70.82825
-71.54455
-70.76259
-71.69040
-68.98989
-67.54612
-71.67799
-71.11294
-72.50158
-72.04846
-71.02273
-63.25235
-63.03009
-64.81509
-63.93768
-65.93459
-63.68165
-65.63872
-61.55423
-61.43329
-66.73855
-65.01399
-65.86484
-66.47158
-67.30149
-65.77843
-63.95427
-65.38991
-67.53103
-67.09141
-67.33517
-68.36950
-64.96123
-64.56454
-66.39442
-67.26441
-68.25893
-68.57602
-68.68089
-67.13341
-67.39202
-69.86113
-69.65138
-69.89908
-70.69148
-60.92744
-56.70972
-58.16108
-59.60412
-60.17555
-60.94643
-63.69983
-61.81794
-59.19860
-61.20456
-60.86078
-62.07114
-63.50171
-63.21425
-63.40611
-63.68921
-64.88279
-65.01895
-64.97876
-65.41115
-65.91266
-65.70133
-66.02616
-66.13509
-66.94788
-66.50930
-67.12902
-66.87325
-67.42957
-67.74575
-67.80901
-67.54829
-68.11687
-67.63225
-68.45118
-59.31038
-54.11597
-56.18996
-56.82057
-58.04020
-59.56506
-59.57211
-60.67097
-61.37952
-62.54447
-62.50306
-63.02659
-62.61854
-63.31409
-62.60249
-63.19896
-64.21793
-65.27675
-65.04329
-65.50898
-65.12473
-65.93179
-66.47725
-64.71768
-65.30243
-65.70274
-65.73869
-65.98097
-66.30263
-65.81082
-66.53844
-66.35739
-66.81218
-66.39838
-67.43651
-63.61298
-63.16348
-64.61154
-65.44897
-65.96194
-67.83430
-64.71360
-59.48964
-59.32477
-59.50034
-59.51594
-59.56962
-59.33850
-59.28287
-60.02504
-59.73169
-60.17264
-60.23100
-60.48216
-60.38411
-61.12262
-56.78440
-57.05691
-61.50504
-60.68908
-62.08935
-61.26323
-62.31833
-62.25718
-62.60372
-62.81144
-62.84113
-63.47982
-63.74699
-63.42546
-62.93691
-64.16207
-63.92380
-64.45272
-64.40515
-64.86042
-64.01118
-63.21097
-64.77284
-64.36987
-65.22529
-65.02724
-66.73756
-59.97159
-56.16900
-57.41559
-57.43132
-58.19175
-58.19563
-58.74854
-58.26905
-58.60428
-58.72412
-58.88757
-59.13098
-59.35628
-59.33761
-59.48790
-59.86745
-59.64079
-60.24009
-59.97977
-60.68036
-60.23404
-61.17950
-60.53739
-61.84036
-60.82164
-62.38592
-60.72970
-63.39371
-53.92038
-49.57491
-54.38172
-54.46591
-55.53551
-55.70727
-55.97706
-57.02435
-57.12543
-57.41930
-57.42092
-57.98699
-58.06082
-58.70412
-58.56965
-59.13935
-58.94459
-59.66164
-59.56838
-60.27150
-59.91378
-60.73255
-60.28160
-60.38152
-60.02909
-60.31730
-60.57844
-60.88538
-60.91565
-61.28657
-61.73636
-61.81669
-62.50461
-62.12530
-62.53257
-61.61393
-62.76750
-62.25744
-63.68580
-62.54421
-64.53306
-59.50666
-55.50014
-56.42259
-56.23005
-56.01112
-56.34408
-56.48507
-56.67581
-56.48889
-57.07378
-57.18270
-57.60148
-57.88117
-57.59571
-58.21052
-53.41756
-56.23512
-59.26930
-57.47382
-59.25984
-58.87503
-59.73553
-59.26496
-60.30170
-59.59192
-60.54587
-60.54173
-61.48991
-60.51513
-60.42005
-62.30620
-62.10354
-62.11070
-61.81344
-62.74929
-61.06466
-59.59545
-59.61979
-60.51027
-60.61281
-61.43701
-61.60440
-57.25149
-55.15734
-55.05116
-55.17536
-55.62554
-55.48353
-55.97581
-55.96532
-56.53504
-56.76260
-56.95901
-57.17959
-57.72740
-57.81013
-58.02281
-58.48032
-58.95613
-58.99575
-58.41818
-58.86098
-59.37646
-59.91259
-59.33719
-61.18021
-60.09692
-61.51449
-59.82314
-60.68005
-51.78950
-49.93669
-55.53906
-54.89716
-56.25317
-55.66076
-56.44525
-56.75553
-57.40655
-57.39387
-57.64227
-58.22741
-58.09568
-58.59608
-58.55005
-59.00548
-59.04791
-59.61348
-59.48721
-59.70107
-59.66824
-60.65323
-59.84562
-60.17477
-59.93961
-60.29831
-60.47204
-61.11429
-60.43064
-61.01720
-60.82102
-61.28994
-61.79992
-61.42013
-61.52014
-61.71527
-62.98672
-62.15896
-63.24702
-62.98520
-64.40220
-57.90276
-55.46437
-56.01345
-55.56343
-56.06644
-56.36682
-56.24129
-56.44142
-56.50462
-57.35514
-56.60979
-56.94194
-57.42183
-58.13208
-56.60622
-52.71457
-56.75402
-58.21846
-57.60848
-58.76843
-58.83369
-59.23332
-59.10672
-60.26112
-59.63887
-60.59041
-60.40710
-61.54382
-59.94397
-60.91253
-62.16112
-61.65241
-62.44058
-62.18373
-62.85237
-61.19584
-61.27723
-62.59964
-63.19827
-62.60568
-63.08787
-62.32408
-55.49652
-55.29081
-57.08442
-56.99322
-57.35436
-57.05778
-57.73101
-57.62084
-58.28268
-58.30304
-58.78441
-58.80097
-59.02370
-59.38761
-59.93780
-59.52480
-60.07975
-59.65763
-59.83409
-60.54136
-60.95669
-61.07595
-61.19398
-61.68668
-61.99150
-62.72701
-62.02459
-57.55608
-50.74184
-52.24539
-55.24663
-55.08085
-56.64794
-56.31888
-57.68592
-57.07986
-57.90823
-58.14573
-58.28155
-58.31130
-58.78207
-58.67647
-58.87524
-59.16156
-59.21609
-59.70419
-59.59672
-60.16820
-59.99263
-59.92186
-60.01557
-60.42017
-60.37496
-61.09406
-61.23594
-61.15603
-60.67458
-61.94302
-62.14105
-62.63137
-62.10090
-63.22999
-62.10840
-61.43455
-62.28772
-62.16779
-63.40427
-63.30795
-63.80366
-56.25824
-55.08110
-56.54678
-56.44450
-56.59956
-56.91615
-57.36491
-57.61887
-57.56939
-58.38366
-58.13210
-58.99510
-58.29101
-59.23955
-57.63271
-53.75680
-58.49000
-59.79006
-60.22763
-60.34460
-60.02294
-60.46485
-60.52352
-61.26697
-60.79047
-62.03554
-61.44988
-62.51588
-61.36547
-62.03376
-62.48624
-63.05923
-62.01771
-63.31123
-61.21020
-55.80277
-55.24335
-56.10824
-57.38230
-57.62497
-60.06220
-58.61735
-55.10921
-56.86248
-56.03769
-56.66157
-57.17494
-57.26226
-58.10279
-57.72723
-58.80748
-59.38503
-59.84512
-59.63285
-59.82309
-59.80435
-60.44971
-59.99470
-60.55395
-59.89022
-60.72924
-60.73544
-61.61824
-61.86592
-62.39379
-62.05723
-62.83009
-61.86905
-63.17085
-57.27271
-49.84382
-52.98127
-56.41866
-56.56093
-57.51171
-56.80838
-58.01277
-58.11957
-58.45557
-58.13012
-58.44815
-58.13938
-59.00214
-58.88060
-59.71561
-59.65921
-60.52228
-60.35803
-61.10340
-60.96948
-61.78131
-62.10859
-61.01346
-61.82877
-61.75902
-62.45503
-62.25286
-62.93033
-62.60265
-63.50657
-63.13028
-63.12834
-62.80534
-63.77133
-62.97634
-63.77513
-64.18777
-64.38788
-64.24016
-65.49439
-62.34508
-56.67841
-56.43085
-56.81852
-57.16067
-57.47428
-57.22426
-57.03284
-57.94144
-57.56327
-58.16547
-58.08671
-59.06028
-58.30045
-59.76536
-56.01986
-54.38816
-59.67642
-58.86422
-60.41762
-59.95993
-60.47479
-60.44525
-60.85911
-61.12986
-60.90330
-61.49109
-61.30693
-61.91279
-60.82675
-62.08051
-62.37949
-62.79131
-62.70607
-63.37410
-63.02526
-62.38133
-63.46544
-63.47370
-64.06236
-63.55023
-65.36441
-59.33360
-54.66012
-55.41828
-55.51191
-55.99890
-56.44569
-56.99488
-57.46025
-57.87585
-57.88074
-58.25202
-58.29455
-58.49459
-59.17581
-59.12777
-59.42101
-59.32289
-59.55847
-59.07698
-59.61010
-59.52092
-60.44018
-60.02430
-61.26743
-60.68619
-62.05340
-61.32866
-62.74469
-54.85859
-50.13582
-53.57548
-54.74337
-55.68352
-55.89696
-56.32236
-56.75875
-56.07523
-56.34410
-56.59316
-57.87241
-57.46144
-57.62914
-57.86283
-58.47239
-59.09099
-59.21645
-59.56839
-59.77585
-59.24727
-59.79894
-59.71745
-60.58407
-59.94837
-59.66762
-60.24568
-60.91135
-60.95525
-61.29253
-62.02994
-61.13931
-61.20313
-60.60321
-62.35056
-61.77778
-62.17258
-61.25889
-62.16195
-62.39643
-63.59319
-60.38114
-54.89781
-55.77445
-56.48556
-56.34372
-56.52935
-56.74355
-56.63701
-56.87518
-57.06005
-57.18252
-57.49031
-57.47463
-58.24240
-57.18346
-54.34313
-56.00279
-58.91625
-58.19700
-59.37769
-59.68094
-60.10299
-59.10273
-59.48319
-60.12478
-60.57730
-59.90199
-60.88945
-61.04298
-59.61778
-61.39120
-60.98553
-61.16142
-60.87193
-62.36080
-60.59570
-58.39643
-58.93788
-60.06746
-61.30238
-60.20097
-60.82146
-57.47564
-55.19238
-55.21638
-55.30394
-55.52058
-55.21746
-55.86146
-55.79687
-56.25638
-56.56961
-56.71743
-56.67531
-57.44217
-57.60428
-57.40836
-57.40989
-57.73338
-58.19559
-57.93387
-58.47928
-58.49012
-58.98226
-58.91904
-60.06140
-59.14295
-60.53814
-59.34366
-61.02911
-52.61990
-50.21730
-54.99020
-54.56553
-55.84962
-55.57746
-56.57449
-56.24620
-56.61618
-56.57992
-56.54067
-56.85575
-56.68721
-57.74498
-57.83025
-58.73857
-58.13522
-58.30556
-57.92017
-58.64507
-58.89586
-59.74611
-60.28762
-60.36248
-60.30866
-60.83981
-60.95693
-61.48273
-60.78416
-61.29208
-61.41348
-61.47371
-61.95198
-62.66924
-61.97740
-60.35189
-62.66474
-62.05361
-63.04147
-62.50065
-63.45809
-58.42515
-54.95881
-55.84251
-55.98910
-56.34584
-56.64462
-56.76244
-57.16060
-57.25159
-57.59303
-57.64788
-57.64906
-57.51241
-58.57340
-57.62177
-54.37709
-56.69426
-58.36245
-58.23841
-58.91050
-58.97621
-59.77380
-59.82291
-60.39471
-60.22031
-60.65253
-60.45125
-61.04397
-60.37800
-60.95997
-62.61445
-61.78108
-61.95715
-62.11919
-63.17932
-60.30205
-59.64508
-61.32319
-62.31574
-63.29504
-63.32960
-63.87232
-55.48910
-54.69707
-56.16433
-55.80149
-56.80348
-56.49372
-57.44184
-57.52618
-57.78520
-57.76771
-58.32195
-58.16913
-58.53014
-58.95111
-59.39926
-59.56925
-59.69998
-59.93871
-60.21574
-59.60973
-60.93842
-61.24427
-61.04501
-61.33782
-61.49997
-61.92178
-62.20738
-59.30365
-51.35941
-51.88494
-54.97218
-54.33370
-55.00983
-55.00002
-55.49120
-55.75751
-55.77351
-55.83038
-56.55519
-56.46475
-56.88403
-57.00693
-57.57959
-58.40627
-58.21876
-57.93080
-58.34380
-59.02265
-59.26728
-58.16308
-58.99493
-60.11638
-60.12092
-60.83843
-60.29005
-60.31524
-59.78795
-60.96111
-60.07936
-61.32833
-60.94752
-61.54056
-60.94577
-60.17679
-61.08302
-61.48462
-61.65399
-61.38080
-62.86470
-55.92707
-54.46171
-55.55222
-56.18467
-56.58114
-56.46332
-56.46819
-56.91819
-57.26554
-58.44281
-58.00785
-58.76880
-57.39444
-58.69085
-57.28161
-52.61793
-58.01524
-59.83929
-58.73861
-59.73458
-59.37598
-60.10817
-61.02019
-61.60962
-61.35856
-61.35624
-60.27115
-61.01073
-60.95351
-60.88312
-60.99019
-62.29863
-62.27782
-62.94039
-59.45904
-55.98111
-57.11834
-59.26801
-60.33987
-60.32788
-61.62692
-59.51986
-54.56800
-55.89489
-57.27252
-57.08967
-57.31119
-57.80639
-58.55223
-58.18888
-58.76903
-59.43859
-58.84450
-58.52824
-59.93504
-59.70625
-60.54373
-59.18421
-59.92086
-59.58692
-59.64030
-59.79661
-60.48525
-60.32297
-61.64636
-61.51727
-61.55343
-60.82648
-61.67702
-58.68799
-50.13462
-52.16129
-54.04550
-53.55718
-54.63586
-54.29893
-56.09670
-56.18021
-57.47820
-57.82158
-58.51370
-58.14364
-58.81859
-58.76900
-58.74667
-58.51632
-59.08200
-59.19508
-59.44125
-59.55285
-60.38081
-60.66844
-60.26948
-60.81013
-60.64624
-61.51461
-61.47768
-61.19341
-60.51485
-62.49242
-61.85044
-62.40774
-61.78117
-62.82968
-62.40275
-62.77611
-63.51839
-63.76940
-63.44135
-64.31654
-63.07726
-55.88586
-55.93827
-55.98871
-56.26940
-56.79140
-56.32040
-56.65276
-57.22425
-57.26293
-57.96952
-57.60647
-58.53630
-57.96752
-58.91135
-56.54502
-54.22103
-58.95938
-59.25041
-60.42526
-59.23926
-59.16264
-58.85163
-59.67405
-60.80728
-60.35386
-61.16312
-61.21058
-61.49272
-60.35654
-60.92347
-61.95937
-61.95535
-61.38246
-62.52415
-61.52794
-62.21036
-61.21391
-62.35066
-63.25055
-61.88018
-63.70506
-59.76738
-55.24681
-55.30540
-55.47105
-55.55729
-56.22739
-56.43205
-56.56153
-56.68027
-57.16255
-57.42250
-57.62633
-57.56223
-57.96028
-58.05585
-58.18629
-58.45423
-58.93374
-58.47173
-58.74720
-58.80677
-59.51604
-59.45757
-60.34573
-60.23762
-61.38099
-60.62833
-62.15287
-56.65972
-52.10122
-55.36436
-56.06477
-56.13697
-56.72654
-57.38528
-58.04267
-57.96774
-58.10945
-58.73651
-59.30028
-59.08327
-59.83590
-59.59889
-59.85570
-59.83388
-60.42987
-60.59567
-60.92750
-60.81346
-61.30778
-61.37772
-61.92680
-61.94679
-62.26671
-62.59038
-63.22099
-62.80128
-62.56077
-63.85582
-63.91175
-64.36897
-64.02721
-65.31030
-64.95665
-65.74934
-65.03134
-66.46294
-65.91571
-67.79256
-64.54795
-57.77134
-57.45153
-58.01460
-57.93394
-58.48526
-59.15222
-59.59148
-59.40620
-59.96985
-60.54648
-60.29348
-60.76310
-60.67227
-61.55080
-56.07331
-56.31941
-61.63937
-61.53998
-62.59307
-62.36978
-63.30401
-63.09205
-63.88646
-64.06449
-64.46896
-64.71165
-65.08114
-65.37629
-65.52817
-65.81880
-66.21750
-66.53631
-66.37995
-67.49168
-65.05019
-63.57478
-64.13225
-64.47511
-64.73110
-64.83265
-66.83503
-61.99107
-59.06062
-60.05190
-60.01433
-60.77430
-60.23250
-61.03700
-61.27982
-62.03221
-62.19479
-62.74327
-63.30766
-63.21888
-63.89086
-64.01626
-64.46571
-64.53809
-65.07650
-64.77734
-65.87406
-65.11876
-66.63320
-65.58609
-67.25182
-65.74328
-68.14104
-65.73315
-69.81369
-58.84084
-53.54354
-60.74146
-61.82001
-62.32262
-63.40033
-63.67109
-64.24958
-64.54354
-65.06754
-64.98888
-65.91062
-65.47772
-66.50890
-65.82539
-66.73258
-66.77544
-67.76935
-67.00071
-67.57864
-67.43131
-68.70435
-68.34618
-69.12927
-68.76266
-69.22257
-69.22821
-70.18085
-67.43413
-69.23377
-71.43186
-70.56133
-72.51126
-70.95150
-72.42484
-71.74326
-73.95611
-72.49763
-74.80120
-72.53299
-76.98050
-69.31781
-64.62557
-65.16407
-66.38896
-65.47823
-66.51412
-66.89077
-67.48136
-67.02455
-68.01365
-68.08655
-68.55156
-68.93477
-69.25754
-66.18996
-54.57181
-58.01868
-65.58822
-64.80107
-69.52012
-68.26652
-71.60729
-69.51728
-71.85441
-70.76555
-72.66534
-71.53295
-74.29584
-73.06453
-74.15875
-73.87716
-75.51290
-74.48890
-76.11022
-73.57572
-66.86347
-67.15594
-68.41645
-69.00434
-70.39140
-72.10058
-74.97335
-69.41098
-67.01873
-69.78606
-68.86287
-70.93987
-70.36365
-71.81214
-71.24096
-72.75471
-72.22771
-73.19160
-72.70022
-73.46768
-73.77504
-74.35793
-74.90736
-74.69439
-75.26145
-74.82021
-77.05915
-75.23849
-78.07752
-74.60478
-81.48297
-74.63124
-86.29400
-72.95224
-80.06333
-57.51314
-54.81843
-66.97754
-66.71972
-69.92489
-68.47287
-70.06151
-70.00630
-71.13563
-71.85098
-72.28917
-73.02214
-72.87743
-73.87905
-72.87640
-74.88251
-74.28006
-75.54464
-74.75595
-76.51558
-75.74145
-77.12824
-76.30959
-78.35123
-77.60163
-78.81299
-78.34551
-78.95943
-71.47318
-78.30682
-79.76768
-79.99363
-80.81250
-80.85830
-81.55161
-80.04204
-82.77473
-80.39366
-84.07706
-80.01943
-86.59617
-75.71728
-76.14011
-73.80061
-77.93036
-74.56981
-78.43793
-75.45313
-80.44599
-75.23803
-83.02655
-75.30950
-84.41281
-75.59684
-94.22547
-69.47886
-54.08440
-62.79634
-78.09475
-73.35452
-83.14280
-75.80115
-85.02583
-77.68621
-85.91347
-78.64152
-87.69425
-79.71318
-90.22743
-81.24801
-87.36858
-84.42405
-89.96067
-85.12073
-90.66954
-84.27445
-69.53135
-66.86081
-67.82123
-67.56677
-68.33720
-70.14652
-74.00450
-70.54698
-72.88964
-79.86825
-75.75135
-77.91524
-77.38645
-80.63794
-79.91669
-82.43639
-82.94522
-86.74461
-86.56969
-88.39240
-88.27111
-89.05328
-88.67561
-89.12625
-89.34938
-89.06602
-89.50209
-89.64501
-87.06003
-89.84472
-91.98699
-92.17805
-91.46745
-97.93266
-75.71513
-67.07921
-65.35713
-65.23509
-66.56995
-68.43871
-69.33350
-70.01964
-72.29798
-73.75373
-74.87571
-76.15261
-76.66511
-77.35555
-77.78114
-78.49136
-80.29618
-81.72697
-82.62606
-83.15459
-83.41247
-83.91285
-83.93075
-84.90696
-84.96643
-86.25287
-86.57996
-88.38449
-89.76378
-90.71848
-90.88129
-90.67242
-90.41435
-90.76656
-91.23270
-91.30348
-90.75649
-89.98024
-89.52018
-88.97791
-88.47580
-87.99888
-88.20169
-88.02290
-87.95240
-87.89908
-87.95694
-87.99735
-87.81983
-87.61807
-87.58088
-87.14046
-87.04741
-87.23456
-87.25793
-87.85138
-88.00339
-87.22249
-86.75167
-86.18468
-85.94125
-85.79776
-86.16547
-86.61994
-87.05980
-87.22781
-87.04188
-86.65114
-86.37005
-86.62048
-86.70508
-87.41047
-87.98950
-88.55750
-88.69634
-88.61727
-88.68981
-88.96003
-89.49358
-89.83580
-90.45917
-91.84614
-92.35257
-92.64737
-92.74572
-93.18151
-93.78384
-93.78742
-95.40877
-95.33881
-96.14827
-96.20556
-96.26215
-96.95674
-97.23471
-97.31874
-97.74409
-97.88985
-97.90452
-99.06804
-98.68417
-98.53449
-98.71376
-99.53440
-99.11958
-99.66664
-98.63111
-98.67653
-99.08750
-99.53995
-99.45226
-99.26488
-99.93263
-99.45028
-99.92582
-100.11220
-99.54948
-99.37342
-99.91030
-99.55751
-100.13253
-99.47899
-100.57822
-101.00546
-101.85480
-101.75960
-100.68351
-101.93918
-100.91205
-101.27560
-101.19551
-101.48150
-101.02547
-101.47867
-100.64300
-100.24953
-100.55218
-99.62023
-100.50119
-98.35908
-99.01960
-98.53155
-98.22499
-98.41206
-98.28818
-99.04812
-97.55436
-98.15476
-97.58296
-97.84681
-97.81489
-97.46681
-97.40919
-97.55881
-97.56480
-97.21219
-97.37646
-97.30334
-97.63897
-97.57691
-97.94690
-97.86492
-98.06418
-98.06453
-97.66428
-98.46281
-98.15101
-98.72234
-99.28435
-98.51920
-99.16765
-99.33288
-99.88910
-99.74476
-99.89636
-100.96998
-102.18109
-101.22791
-99.15267
-98.02422
-100.85881
-105.27618
-104.30684
-103.79339
-102.86691
-105.21671
-105.22355
-107.25665
-106.51448
-103.79373
-102.59932
-102.86776
-105.95631
-103.18839
-99.10812
-96.94459
-101.35492
-104.51651
-102.94077
-101.59825
-99.40229
-101.27339
-102.94509
-102.69420
-101.62574
-102.59605
-102.14367
-103.49612
-101.41610
-100.72617
-101.59937
-100.50176
-101.66599
-101.13087
-101.88075
-102.38182
-101.86708
-102.06351
-101.52409
-100.21262
-100.89285
-101.70676
-103.66772
-105.66004
-108.63157
-109.97588
-111.56062
-115.25204
-114.41767
-117.45093
-116.89998
-119.70023
-118.94291
-122.33981
-120.48314
-123.65571
-123.37158
-126.32189
-133.12297
-132.55938
-131.35501
-129.13475
-135.73741
-133.59598
-137.83080
-135.22677
-139.39379
-136.60103
-142.74102
