-123.56840
-102.70653
-89.14091
-90.54570
-94.40041
-90.14914
-90.81853
-94.92410
-91.14084
-84.55465
-84.59820
-87.26294
-86.46772
-86.09691
-89.63053
-88.21947
-84.51724
-83.57234
-85.61574
-88.48763
-86.20040
-87.57542
-80.97084
-79.03616
-81.28109
-81.85093
-82.99902
-82.40478
-82.42308
-82.43455
-85.25874
-87.15868
-86.20570
-83.78976
-82.47063
-83.18720
-84.19564
-85.12450
-84.43155
-84.37165
-85.86732
-87.76766
-88.22158
-88.95864
-89.54293
-93.21254
-92.25279
-90.44652
-92.03975
-92.29253
-89.74464
-87.04877
-89.14734
-89.98032
-88.58383
-90.86426
-93.76803
-89.16469
-87.09545
-87.57875
-91.34098
-90.59349
-90.27565
-89.06190
-82.73786
-83.57022
-85.00107
-85.76176
-86.25165
-85.60096
-85.55856
-86.54180
-90.22338
-90.62485
-88.47784
-86.04766
-86.16230
-87.13995
-88.37883
-88.51714
-87.86077
-88.24474
-89.94536
-91.24172
-91.92281
-93.57224
-96.06611
-98.53124
-94.49858
-94.37149
-95.96778
-95.53132
-93.78531
-93.99295
-96.82175
-97.13150
-96.25521
-98.55544
-98.51546
-95.09646
-93.99877
-95.40124
-98.09091
-95.85397
-97.25707
-91.05042
-88.81627
-91.10070
-91.75700
-93.04050
-92.84790
-93.02565
-91.72569
-88.98359
-87.44235
-87.01778
-85.97277
-86.84215
-89.05450
-89.34060
-87.20204
-85.31267
-85.83929
-89.76646
-92.06795
-90.91453
-88.33588
-85.80983
-86.07904
-87.62030
-87.39691
-88.36484
-88.00590
-81.60275
-81.55804
-87.99346
-90.83608
-88.97953
-89.47909
-88.08565
-83.07755
-80.40511
-80.94746
-83.85529
-84.47769
-83.85991
-85.27566
-88.91615
-88.87772
-85.40474
-86.67779
-86.76467
-84.80445
-81.72766
-80.45528
-81.08271
-80.08943
-79.19390
-78.14613
-77.62931
-78.80353
-80.45370
-81.62656
-83.68090
-86.63265
-91.31581
-93.54278
-92.66322
-90.50309
-89.31860
-90.39985
-89.09187
-88.82423
-92.19117
-88.01215
-83.85249
-87.33124
-93.89578
-93.87959
-92.26035
-92.75509
-89.81342
-86.23824
-85.32856
-86.96631
-88.68402
-87.56103
-87.81209
-90.25762
-93.39091
-91.09939
-90.50332
-91.57271
-89.68596
-86.92820
-83.98277
-84.10488
-84.03568
-82.83520
-82.84426
-82.19795
-82.43789
-83.64549
-84.47363
-85.82633
-89.10868
-92.57473
-96.57052
-98.44859
-96.94328
-94.36313
-94.21437
-95.34949
-94.50637
-95.71215
-96.06568
-91.46121
-91.20266
-97.70147
-99.02829
-99.27962
-97.95709
-100.06469
-88.06268
-84.51735
-87.21360
-85.05073
-84.07259
-86.45232
-87.47303
-82.08857
-79.08851
-82.98196
-86.23864
-82.47013
-83.27626
-83.47598
-79.51603
-77.87728
-77.59045
-79.83418
-79.59251
-79.54087
-79.58705
-75.52665
-75.73227
-76.08557
-77.79975
-78.59882
-79.19155
-75.83355
-74.39455
-77.22786
-75.58777
-75.46628
-75.52796
-76.12325
-77.33457
-79.80683
-83.18696
-87.62458
-87.75897
-85.56418
-87.24252
-87.74135
-87.82225
-86.73100
-86.86284
-84.90969
-85.68945
-90.12156
-89.05741
-83.12289
-83.09187
-88.56617
-87.94908
-85.35391
-86.83898
-86.55076
-84.87530
-85.41471
-86.56421
-86.34536
-83.12407
-83.97605
-80.69242
-78.49193
-79.53865
-79.91352
-81.71841
-82.51144
-81.89402
-77.85541
-79.02403
-79.79930
-78.32700
-79.00488
-79.05565
-80.06610
-81.67040
-84.50465
-87.95647
-92.39054
-89.58756
-89.95595
-90.65386
-91.87232
-92.89736
-93.28374
-90.20074
-89.02698
-91.95220
-93.53643
-91.57258
-88.70195
-92.37084
-94.30742
-91.81089
-92.45152
-93.21605
-91.84015
-91.33111
-91.57581
-92.55674
-90.07511
-89.68756
-89.54706
-85.79103
-85.74930
-86.03857
-87.68101
-89.33652
-89.48654
-86.61290
-83.33828
-83.23407
-82.22711
-82.17950
-82.74954
-83.66637
-85.42977
-82.63941
-82.59750
-85.67091
-83.97021
-84.00297
-84.75466
-84.97920
-81.80267
-80.37848
-82.57271
-81.44314
-78.77866
-80.53587
-79.54872
-76.51050
-79.85462
-85.28496
-83.64579
-81.63719
-85.30477
-83.02409
-78.50567
-77.31393
-79.06225
-83.38551
-84.73466
-84.96526
-83.59681
-81.62633
-81.73020
-81.73715
-78.75431
-77.91694
-77.24629
-76.39235
-78.02254
-78.76354
-77.97426
-79.12292
-80.58388
-82.61675
-84.24817
-83.40152
-84.99182
-87.26623
-87.24111
-86.77620
-86.42820
-85.48005
-83.45104
-84.60470
-87.69894
-84.92955
-83.96014
-85.40329
-81.06546
-80.42332
-84.93051
-88.21723
-86.51221
-87.00296
-89.01665
-83.94804
-81.72884
-81.76032
-85.02535
-87.98600
-88.65782
-88.45433
-86.07681
-84.74735
-85.50614
-83.57268
-80.78912
-80.41163
-79.51753
-80.50596
-83.49372
-84.16188
-83.57460
-83.19255
-83.13451
-85.40502
-85.76792
-86.53584
-89.84979
-90.33868
-92.50341
-92.18687
-90.12545
-89.64341
-88.82521
-90.97119
-90.31064
-88.29037
-89.75701
-89.17652
-86.68163
-90.11569
-94.41093
-95.07585
-93.74035
-95.28938
-92.37585
-82.33594
-82.39323
-85.55455
-82.90762
-82.74730
-85.95136
-83.25104
-77.29421
-77.23566
-80.08914
-79.20881
-78.71855
-81.51572
-79.32964
-75.46707
-75.16195
-76.55357
-79.06743
-77.20616
-78.37720
-73.79240
-71.71328
-72.53354
-72.96358
-75.35671
-75.67853
-76.85168
-72.03188
-75.30107
-78.44722
-75.58893
-75.41590
-73.51633
-73.70804
-71.20678
-72.01371
-73.95648
-75.04672
-76.26173
-78.27789
-79.57608
-79.48083
-78.56516
-77.00554
-77.51287
-79.37823
-83.81156
-82.75657
-79.27224
-78.78876
-80.44757
-80.92470
-79.98993
-80.65475
-83.59183
-82.66368
-81.02915
-80.61871
-82.62667
-81.66594
-80.77430
-80.46137
-75.25588
-75.47334
-75.74783
-77.37279
-78.39591
-80.38067
-77.93135
-75.56599
-81.63406
-78.97245
-79.15927
-78.13897
-77.82479
-76.54851
-74.54562
-76.91006
-78.19465
-78.95278
-80.56928
-82.76114
-82.57306
-83.08940
-81.73557
-80.82792
-81.56477
-84.52452
-87.31770
-84.39219
-83.24841
-84.61775
-85.68828
-85.12510
-84.01807
-85.76513
-87.99846
-86.78181
-85.40372
-86.00174
-88.01553
-86.44628
-87.17024
-83.37545
-81.37024
-82.17828
-82.76914
-84.90218
-85.63351
-87.14987
-82.36337
-80.35974
-80.22567
-78.77842
-78.90666
-79.19587
-81.13888
-79.19271
-76.63426
-77.67291
-77.11370
-77.03469
-79.43928
-79.94123
-79.58489
-77.86496
-78.08982
-78.77264
-76.63139
-78.69362
-80.64007
-74.51143
-74.14580
-79.44219
-79.96508
-80.82476
-82.23094
-80.65444
-76.04545
-73.15261
-73.66868
-76.52449
-76.77800
-77.11046
-79.70988
-78.36553
-78.91457
-78.16890
-77.10079
-75.47768
-74.28974
-72.76421
-72.76291
-74.05540
-73.17542
-73.00625
-72.41990
-72.64137
-74.34731
-75.82685
-77.64803
-79.66595
-78.76674
-79.88275
-81.74819
-81.34931
-82.11752
-81.33498
-81.51727
-80.89216
-80.92642
-84.73335
-80.58773
-76.97729
-79.54555
-80.97068
-80.87306
-82.51951
-83.68432
-81.65343
-78.01382
-77.14583
-78.75502
-80.77535
-80.04894
-82.53214
-83.22351
-81.86190
-82.43511
-81.13810
-80.32418
-78.40842
-77.65840
-76.98985
-77.83756
-77.30441
-75.40497
-74.69632
-74.14489
-75.14013
-77.22854
-79.19201
-80.99771
-82.61787
-82.45940
-84.65812
-86.00479
-85.65212
-85.57020
-84.97925
-85.58847
-85.85718
-87.27052
-87.82958
-83.74321
-82.45217
-85.02152
-86.11493
-88.57347
-88.07288
-90.24060
-81.98767
-78.18082
-80.64419
-79.30021
-77.65978
-79.21951
-81.01637
-75.22566
-72.10463
-75.00079
-77.94992
-75.38193
-76.37246
-77.20441
-72.63166
-71.87876
-72.67942
-75.62060
-75.98196
-75.75252
-73.94830
-68.43847
-70.37639
-73.23500
-74.34595
-72.39933
-70.93028
-68.46647
-66.95435
-69.35922
-67.60960
-68.45247
-69.84581
-71.74052
-71.29040
-68.48369
-72.07224
-77.26397
-78.19298
-77.79552
-80.02197
-76.26661
-70.38553
-67.60770
-66.38063
-67.66853
-70.57680
-75.00399
-76.46787
-73.84098
-72.58407
-72.91613
-76.64803
-78.48822
-79.03332
-79.65923
-77.06351
-74.46229
-75.81528
-78.22755
-76.64227
-76.04730
-72.37534
-71.32482
-73.47585
-75.59250
-75.84716
-74.04844
-73.27147
-70.85382
-72.45014
-72.68313
-71.93087
-73.77549
-74.28356
-76.53979
-72.41066
-72.65093
-76.62418
-79.19734
-81.01789
-78.22065
-79.50505
-74.10841
-70.79217
-69.84139
-70.13117
-72.58423
-74.82807
-78.75301
-79.07996
-78.16760
-76.95019
-75.95996
-77.64633
-78.74720
-79.80976
-81.55720
-79.88466
-78.79710
-80.30749
-80.18216
-78.60394
-79.64024
-77.12524
-76.64464
-79.23143
-79.40227
-79.67359
-78.48335
-78.91910
-77.25241
-76.71997
-76.37000
-75.99096
-76.45727
-78.18743
-79.70060
-76.36444
-77.47550
-79.46836
-76.98278
-76.74398
-77.11331
-77.26918
-75.44125
-73.87212
-74.71208
-74.53945
-74.18367
-76.78619
-75.10081
-71.25307
-73.86420
-77.92271
-78.24822
-79.23363
-81.98536
-78.44175
-72.58186
-71.20308
-72.53739
-75.91725
-76.81667
-75.96445
-74.29337
-73.89627
-75.00043
-74.74837
-73.63252
-71.69881
-69.89184
-68.99847
-70.21917
-72.47634
-72.89052
-72.24167
-71.60011
-71.96724
-73.21019
-74.77156
-76.65236
-76.80673
-75.14838
-75.46084
-76.33664
-74.41159
-76.21604
-78.76618
-78.82116
-79.25193
-77.99820
-77.17630
-74.32377
-75.42359
-80.09682
-82.72120
-81.56594
-79.64102
-80.99787
-78.27070
-75.96933
-76.20645
-79.05706
-82.26614
-81.67588
-79.52539
-77.67053
-78.98435
-79.17691
-78.30230
-77.13383
-75.86135
-74.98633
-74.59128
-76.07901
-76.24701
-75.51486
-74.76485
-74.78609
-75.62165
-76.44361
-78.18756
-81.01505
-83.53488
-83.82182
-84.70165
-83.05999
-81.62753
-81.41938
-80.05483
-77.95621
-80.47189
-84.51384
-85.16663
-82.16194
-82.94276
-85.91084
-83.85236
-86.14630
-85.92441
-84.73948
-76.80187
-75.78628
-77.33519
-77.11133
-77.91984
-77.55426
-77.45342
-72.90525
-72.50506
-75.91925
-77.16222
-76.24637
-78.62295
-76.43573
-73.10764
-72.60129
-72.99700
-75.34421
-71.39599
-72.93918
-70.03694
-67.31510
-71.36506
-72.77930
-73.44243
-72.43891
-72.70241
-72.53041
-74.15700
-74.35665
-71.95784
-70.51797
-69.40155
-71.01672
-72.58832
-74.01328
-73.28620
-72.88146
-73.81337
-76.22930
-76.39246
-75.02597
-74.47632
-74.56171
-76.02113
-76.48469
-76.52153
-75.61517
-73.82826
-72.74389
-75.18087
-75.93653
-76.43994
-76.96446
-76.28492
-77.11408
-76.58524
-74.85895
-72.55289
-71.23946
-71.46918
-72.24013
-70.20638
-70.65790
-72.39313
-71.16229
-71.18476
-72.17030
-72.49090
-72.79675
-73.95103
-72.31922
-71.20910
-72.65037
-74.30928
-74.02896
-74.18324
-73.64899
-71.92530
-72.08676
-73.40900
-74.62361
-74.33721
-73.10876
-72.48208
-74.72981
-74.39065
-75.17897
-72.58813
-70.43754
-73.64319
-74.07912
-73.01546
-72.90137
-74.44248
-73.79505
-72.71156
-72.26862
-71.80646
-72.43196
-71.61095
-71.78411
-73.51903
-71.95882
-72.20775
-71.73238
-70.19508
-70.17542
-69.36294
-73.21789
-80.33188
-77.71193
-76.21492
-76.52166
-76.32867
-77.01744
-78.76227
-79.96487
-77.85387
-76.23049
-76.64351
-79.63867
-81.06767
-79.92413
-78.92464
-76.93741
-77.52544
-79.39911
-79.67461
-79.67307
-80.72822
-73.67896
-72.17799
-77.93620
-82.30745
-80.79159
-81.57624
-81.69131
-74.71051
-72.30526
-73.26975
-76.42118
-77.33999
-77.07595
-77.51108
-76.67826
-76.68115
-78.23355
-76.58875
-75.11649
-77.36381
-76.55157
-78.58769
-78.75847
-76.85383
-76.82707
-76.88706
-79.38830
-82.23520
-83.31934
-81.16244
-79.83212
-80.48986
-83.29192
-84.35820
-83.81439
-82.39005
-81.47537
-82.06673
-83.23763
-83.55412
-85.74770
-81.98587
-76.36624
-79.00605
-84.52973
-84.34174
-83.62833
-85.55882
-82.15092
-78.02938
-77.93392
-79.30524
-80.73715
-80.64974
-81.91852
-81.42430
-80.72587
-81.99637
-83.63923
-80.04474
-81.61328
-82.05543
-80.40458
-81.91251
-80.11551
-79.74900
-79.61251
-81.16440
-84.04802
-87.08600
-85.83680
-84.92482
-84.37255
-87.24026
-88.30845
-88.75081
-87.42790
-86.12144
-86.02676
-88.84617
-88.47569
-88.45109
-90.04904
-84.77268
-82.49349
-87.15420
-96.40810
-90.38042
-102.30677
-80.30147
-75.68154
-75.17889
-75.57831
-74.17043
-72.99972
-73.00073
-72.50849
-71.97183
-69.74178
-72.85369
-75.77541
-74.10876
-75.53911
-74.67719
-73.23340
-72.96693
-73.87701
-74.12153
-75.96932
-76.29103
-69.23077
-67.34144
-70.47815
-72.68627
-72.78040
-71.02704
-70.89055
-68.96572
-68.22209
-71.14571
-69.69744
-69.88319
-70.28247
-71.20263
-70.81326
-67.69953
-67.03611
-68.09301
-69.65019
-71.69760
-71.29242
-67.54041
-69.16145
-67.38596
-66.01907
-67.52593
-68.83496
-72.18640
-73.69657
-74.69266
-71.09118
-72.69823
-71.64809
-77.37533
-70.59662
-66.49393
-71.51258
-69.38516
-70.12502
-72.26327
-73.21688
-72.86653
-69.94290
-68.69328
-71.06745
-71.78630
-71.07590
-69.46231
-70.61815
-69.81996
-70.94857
-71.10570
-69.34619
-70.66382
-71.58069
-68.79069
-67.09219
-69.58338
-68.03265
-69.32239
-70.84894
-70.51584
-70.64919
-69.73064
-68.07199
-68.32664
-69.45334
-70.55002
-71.10400
-70.94939
-72.08381
-71.58345
-72.41207
-71.67410
-70.53495
-71.51817
-67.34175
-68.92280
-72.08020
-69.53499
-73.41260
-72.99309
-72.45073
-72.87795
-72.92890
-71.17473
-72.21059
-71.92079
-73.17254
-73.18003
-67.63604
-70.42855
-75.01046
-74.34465
-76.36209
-77.19903
-78.40992
-79.61810
-75.98607
-75.18837
-75.98067
-76.40488
-76.30108
-78.09235
-77.20867
-76.03074
-73.68802
-74.32124
-73.97522
-76.34771
-75.45728
-68.30855
-70.80730
-73.24096
-74.14614
-76.26246
-76.61516
-79.79020
-77.09072
-72.42180
-70.82202
-71.87576
-74.87793
-76.99128
-76.12949
-75.45585
-74.69608
-74.92307
-76.37277
-73.82907
-72.87042
-68.93234
-67.78751
-72.91964
-73.37808
-74.94204
-72.86286
-71.15544
-71.89804
-73.11777
-74.10028
-73.66352
-73.90527
-71.61339
-73.36364
-72.23831
-70.31609
-74.35935
-75.44428
-76.57820
-76.27685
-77.11435
-78.54188
-75.16241
-76.15833
-77.81640
-80.24951
-80.29976
-82.95922
-74.86760
-73.06350
-76.88600
-75.47175
-78.77718
-79.38588
-79.99862
-79.62125
-79.27361
-79.24016
-79.89382
-80.46025
-77.76161
-77.02424
-69.92598
-72.09589
-77.01452
-76.70453
-77.32965
-74.86938
-74.39327
-75.35127
-77.58758
-77.69749
-79.17027
-79.90150
-81.16792
-81.63729
-84.24094
-82.42315
-84.32713
-81.90743
-81.67605
-80.88047
-85.16241
-81.68129
-82.14531
-79.98948
-84.45877
-80.99802
-88.30236
-79.12839
-66.27446
-69.39981
-70.75437
-71.54808
-74.73323
-73.02919
-73.18635
-73.65161
-73.04306
-73.32847
-73.75593
-72.83136
-73.57595
-76.08497
-77.29456
-75.02356
-71.22168
-70.53023
-73.52094
-74.99486
-69.41350
-65.62551
-67.15204
-69.62681
-71.81318
-71.14235
-70.29243
-69.80178
-69.67213
-70.75508
-70.94360
-70.42624
-68.88584
-69.62171
-70.54457
-71.54216
-72.76440
-73.41703
-73.45579
-72.99868
-76.94835
-68.81184
-68.56789
-73.91176
-71.30060
-73.96775
-73.83736
-75.50306
-73.25098
-71.76617
-71.18103
-73.04535
-74.40685
-74.12242
-77.96748
-66.38260
-66.66011
-72.38457
-70.87706
-69.92099
-69.62674
-70.34173
-70.74206
-69.92171
-69.25603
-69.87208
-68.81242
-69.89101
-71.04473
-71.76321
-71.31112
-71.58920
-70.49979
-70.01246
-71.09306
-72.31230
-71.02486
-72.90571
-73.61362
-72.88563
-72.55880
-74.59440
-73.60328
-67.30536
-71.74185
-71.54846
-72.61539
-73.20212
-72.98746
-72.43120
-69.33197
-72.35947
-73.05046
-72.70026
-71.28453
-74.68909
-71.83389
-68.35845
-71.05423
-70.84986
-71.51024
-71.18120
-70.80102
-73.36667
-70.92661
-71.80531
-70.39093
-70.25765
-69.14349
-70.06190
-68.72749
-66.12231
-70.08809
-70.56209
-70.90630
-71.85607
-72.80531
-74.68694
-75.77140
-75.61376
-74.68746
-75.76325
-77.98891
-79.34137
-78.22820
-77.60015
-76.02120
-75.96141
-78.82253
-77.40649
-81.51945
-72.62582
-69.48266
-72.12938
-75.01774
-80.65137
-78.46672
-80.81309
-77.66461
-74.23185
-71.75073
-71.82025
-73.55503
-74.90982
-74.64638
-74.56171
-74.72723
-75.17423
-76.51777
-78.32818
-76.41881
-75.99609
-72.52124
-71.09536
-70.80378
-69.28414
-68.91919
-69.04195
-69.82820
-66.47817
-70.30667
-74.20661
-75.74030
-79.03023
-78.67486
-81.04030
-69.30433
-69.34557
-72.78669
-72.62146
-74.29152
-73.77079
-75.70053
-75.17935
-74.18474
-74.88829
-79.96354
-79.13885
-82.45380
-78.43683
-70.12296
-75.27909
-75.69992
-76.27830
-78.88859
-78.17269
-79.20554
-78.14322
-78.94264
-79.11536
-82.27713
-81.40254
-81.49671
-78.28376
-74.77053
-75.19205
-74.16645
-73.03098
-73.05701
-73.35093
-74.23349
-75.34112
-77.28088
-78.88645
-83.56214
-82.84677
-94.64668
-76.68632
-72.76747
-84.02940
-80.63112
-83.10738
-82.80272
-82.84382
-84.67916
-80.86699
-82.35935
-80.96568
-90.89147
-80.21170
-98.44322
-69.48783
-64.31681
-67.83153
-67.82169
-69.40098
-68.61580
-68.39707
-67.13164
-68.05474
-68.91204
-70.68590
-70.41979
-71.01171
-74.80525
-72.80450
-71.91942
-71.59272
-72.00871
-73.83292
-75.99422
-75.42705
-68.70787
-66.54570
-70.64104
-71.75617
-72.98702
-71.20331
-71.24213
-69.23882
-68.10861
-71.15408
-70.14044
-71.53881
-72.44699
-72.35147
-71.53733
-68.24272
-66.65834
-67.74375
-69.49279
-71.47374
-72.28716
-66.79982
-67.07898
-66.87579
-66.11518
-68.60416
-69.00562
-72.08473
-72.32133
-75.85589
-71.75266
-73.52764
-70.38997
-72.96350
-69.94016
-63.00661
-68.02943
-69.09021
-68.59746
-70.07667
-70.69734
-71.30069
-71.50941
-70.74796
-72.26542
-73.34072
-73.31909
-72.20348
-72.63201
-71.48572
-71.35328
-72.08837
-69.71806
-71.18697
-73.26825
-69.44857
-67.36065
-70.44687
-68.27543
-69.85558
-71.43843
-71.11016
-70.91531
-70.78549
-70.22611
-68.90207
-70.33349
-71.04593
-72.15939
-71.66382
-73.16402
-73.26779
-73.24030
-72.27559
-71.66843
-73.44443
-68.14745
-69.43798
-74.24318
-71.40662
-74.91727
-74.57688
-74.55830
-73.68333
-74.94818
-74.18188
-74.30659
-73.84582
-73.93994
-77.00101
-65.77249
-65.89618
-70.92723
-71.69409
-72.74570
-71.87609
-72.35205
-72.28532
-72.12474
-71.84027
-72.38545
-72.99993
-73.40237
-74.04666
-73.87979
-73.86326
-72.40634
-72.84852
-72.69093
-73.64638
-73.59179
-67.94818
-69.90968
-72.94845
-74.24830
-76.29371
-75.76013
-76.98161
-75.29913
-73.17519
-70.98452
-71.41582
-73.04896
-74.49774
-74.41931
-74.35795
-74.32044
-74.99462
-75.80046
-74.42169
-75.40464
-71.16817
-68.06540
-71.85353
-73.10942
-72.58691
-72.28943
-70.88038
-70.32660
-70.37037
-71.71458
-71.22598
-73.01344
-71.23109
-73.95770
-69.79005
-64.75657
-68.24644
-69.47463
-71.59543
-72.82773
-73.73015
-74.47009
-72.11192
-73.62422
-75.34075
-78.63772
-77.79894
-80.32158
-73.72283
-72.04489
-75.73593
-74.58597
-76.99677
-77.92139
-78.09754
-77.95464
-77.88989
-79.30584
-78.88447
-79.64137
-78.13686
-80.61455
-71.09318
-72.18604
-78.04032
-75.94157
-76.33891
-74.45117
-74.77058
-74.64014
-76.59392
-76.45928
-77.65376
-77.56462
-77.63663
-78.71648
-82.36584
-81.62263
-83.48409
-81.84636
-83.79109
-81.34567
-84.65342
-81.77854
-81.51768
-79.87499
-83.62369
-79.77711
-78.89114
-76.40114
-63.49497
-65.04672
-67.40176
-68.25793
-71.37418
-70.22459
-71.43232
-71.75060
-70.26187
-69.67325
-74.07221
-74.46034
-74.10278
-75.99815
-77.28901
-74.24343
-70.53429
-70.86302
-73.84126
-75.39264
-69.73742
-66.07501
-66.68573
-64.90437
-64.34916
-65.99924
-67.51178
-69.09892
-69.04298
-70.14638
-69.94290
-70.16673
-69.62622
-69.35214
-69.88172
-71.84235
-74.46451
-73.52075
-73.26748
-72.72839
-77.43144
-70.30005
-69.15817
-75.27120
-72.79715
-75.27788
-74.96115
-76.65467
-75.04725
-73.76682
-72.52559
-72.58516
-77.45158
-74.50494
-81.60111
-65.69814
-63.87835
-69.86696
-70.24552
-70.69603
-68.50252
-70.25073
-69.94128
-69.58325
-67.31159
-66.32121
-67.15219
-68.60611
-71.17542
-71.93788
-70.86903
-72.07703
-72.17709
-71.33588
-71.24360
-72.02611
-72.65319
-73.47533
-73.76778
-72.63420
-71.68319
-73.74591
-74.92034
-67.99391
-72.29559
-73.36762
-73.94480
-75.40746
-74.34833
-74.16548
-70.99828
-73.98156
-74.58207
-74.49416
-73.02811
-76.95782
-73.61376
-69.04267
-72.70906
-73.45132
-72.93171
-73.99924
-72.81482
-75.72606
-72.32165
-73.70585
-72.63923
-70.82601
-68.76276
-70.43430
-69.70409
-64.83752
-68.59166
-69.91590
-70.08587
-71.34368
-72.57758
-75.12583
-76.18255
-76.26540
-75.41120
-76.37097
-78.04116
-78.70932
-77.56125
-77.73635
-77.16256
-76.33983
-78.86215
-77.33565
-80.35445
-73.03330
-69.04093
-72.97138
-73.87798
-78.22170
-77.97620
-79.53135
-77.99300
-74.29305
-71.58784
-71.08069
-73.23059
-74.86737
-75.85948
-75.81495
-76.53525
-77.93991
-78.24993
-78.44128
-77.59579
-74.11817
-71.06184
-69.83704
-70.06052
-69.56251
-69.74573
-70.21838
-71.33574
-67.43644
-70.89493
-76.15949
-76.22698
-78.88918
-76.70838
-80.87317
-68.30186
-67.70426
-72.20213
-71.62256
-73.50768
-72.78074
-74.81734
-74.69872
-74.21782
-74.85563
-77.78504
-78.25622
-80.63614
-79.32507
-70.32991
-74.80908
-76.54672
-76.58465
-79.59903
-78.87494
-80.53253
-79.75235
-81.69557
-81.71240
-82.99567
-80.20300
-78.01570
-74.58915
-72.46412
-72.93464
-73.15322
-72.50763
-72.79968
-73.60019
-75.00291
-76.63004
-79.07714
-80.65264
-84.50028
-81.64022
-88.05952
-77.00307
-72.51092
-83.92183
-81.62507
-82.68977
-83.28153
-82.08950
-84.70210
-80.63375
-82.69228
-80.44805
-89.87097
-80.33917
-102.22564
-70.88322
-64.12759
-67.48112
-67.90456
-69.12839
-68.19449
-69.03652
-68.18611
-68.17748
-67.83124
-69.07007
-73.52481
-71.26411
-72.78215
-73.83597
-74.62631
-73.19624
-71.46844
-72.09112
-72.34854
-73.83797
-68.86614
-67.15769
-66.95782
-63.98657
-65.70846
-67.83415
-69.95855
-69.22095
-68.02243
-71.12783
-70.09405
-71.63301
-72.20703
-70.99070
-71.65995
-69.15708
-67.03778
-67.25681
-69.05959
-71.85049
-72.13973
-67.45726
-67.42660
-67.20017
-66.41458
-68.14009
-68.09648
-70.99111
-72.10497
-78.37906
-74.30297
-71.04873
-70.05157
-74.26797
-70.35657
-62.97196
-67.67019
-70.18599
-70.36156
-72.13084
-71.55718
-71.51346
-70.61286
-71.76886
-69.35570
-68.57288
-69.79149
-70.05640
-72.26528
-71.04506
-71.62941
-72.50923
-70.72518
-72.24066
-73.13147
-69.27507
-67.09822
-70.15715
-69.12647
-70.03408
-72.15457
-72.82181
-72.52233
-72.00548
-72.18705
-70.30976
-70.28839
-70.89701
-72.41196
-72.62784
-73.42580
-74.60209
-75.34981
-74.35858
-73.22245
-75.09086
-69.53556
-69.29670
-75.70811
-72.86270
-75.81356
-76.22454
-76.12718
-75.15325
-73.82894
-73.68673
-73.26155
-74.46322
-74.36301
-80.25777
-66.76208
-65.71961
-72.52769
-72.19390
-72.49821
-71.17263
-71.67609
-71.99225
-71.65157
-71.23613
-71.88041
-73.08921
-73.09414
-74.36900
-74.57597
-74.87434
-72.77749
-73.04825
-72.78764
-72.95780
-73.49221
-67.96957
-69.36341
-72.62234
-75.44910
-77.14382
-75.59447
-77.26385
-75.69509
-73.76135
-72.72769
-74.13267
-75.52962
-75.53409
-75.23970
-75.15156
-76.04948
-76.71844
-75.77587
-76.11507
-76.67319
-71.51301
-67.72713
-71.32493
-73.43878
-73.06312
-72.66678
-71.72433
-74.19215
-74.27860
-73.78606
-72.25713
-75.09488
-72.54873
-75.38754
-70.55048
-64.23274
-67.66618
-69.34376
-72.31201
-75.75393
-75.10045
-75.35048
-72.68735
-72.60617
-74.83552
-80.84327
-78.62715
-81.68655
-74.97930
-72.14513
-76.69104
-76.39264
-77.84687
-78.14954
-78.60691
-78.61090
-77.97253
-80.94278
-78.14899
-79.02311
-79.07125
-84.46827
-72.55797
-72.77153
-80.53007
-78.44790
-80.05696
-77.72375
-79.24089
-78.89529
-80.98764
-79.97796
-81.46320
-79.96673
-80.91596
-79.90981
-82.52209
-82.92247
-84.88623
-81.34041
-79.53103
-77.72465
-82.45240
-82.91609
-82.23855
-81.53147
-84.71468
-81.14213
-77.95092
-78.35530
-63.64484
-64.77760
-68.24875
-68.40881
-71.66705
-70.61624
-71.76290
-72.73379
-70.69757
-68.78692
-73.00549
-75.30924
-73.74870
-74.24412
-75.63701
-73.60589
-71.07760
-71.99881
-72.63203
-75.24673
-71.21323
-65.67056
-68.23950
-70.40111
-70.68265
-72.17083
-71.64201
-71.26449
-69.43515
-69.62866
-69.43651
-68.51851
-67.48828
-68.09338
-69.00377
-70.27586
-72.65751
-73.34498
-76.19785
-76.28911
-82.52384
-72.15146
-69.14381
-77.65595
-75.70133
-77.49474
-76.78620
-77.93561
-77.28858
-75.12551
-74.39776
-74.14280
-79.47302
-74.92091
-84.54820
-67.37601
-64.11706
-69.56604
-70.07043
-71.71670
-68.87965
-69.09841
-69.77697
-70.27830
-69.75446
-69.22563
-69.48652
-71.13937
-73.06282
-72.18935
-71.10900
-71.97028
-72.32231
-71.68997
-71.43709
-71.88367
-72.58165
-74.08753
-74.66489
-74.34645
-75.57240
-76.31470
-77.01241
-68.46577
-72.22579
-74.51404
-74.67231
-77.24051
-74.75665
-76.70238
-73.40928
-76.12919
-75.86848
-77.08001
-75.07000
-77.97541
-75.70970
-69.54682
-73.59641
-75.55388
-74.52555
-76.20022
-74.04126
-77.74733
-74.00619
-74.72310
-73.88903
-75.90489
-74.21452
-75.18853
-72.51181
-64.42472
-68.39726
-71.10650
-70.96370
-72.45064
-73.57584
-76.56645
-76.83875
-77.75702
-76.98356
-77.77212
-78.45876
-78.81106
-77.85774
-78.48936
-77.07383
-75.49736
-78.06405
-75.91602
-77.58895
-72.91311
-68.86201
-72.62993
-73.75962
-77.64325
-77.42863
-78.55228
-77.42242
-73.88219
-71.64027
-70.68807
-71.97631
-73.72921
-74.97198
-74.90689
-76.39123
-77.96584
-78.00949
-76.05004
-73.63136
-70.89436
-69.77488
-69.47602
-70.52962
-71.08566
-70.83523
-70.37294
-71.52291
-67.95619
-71.44268
-77.79512
-75.07161
-76.22522
-75.01590
-81.03835
-69.39771
-67.73407
-71.90240
-71.54141
-73.41068
-73.17711
-74.75008
-74.74262
-74.16559
-74.80391
-77.36792
-77.82848
-79.25998
-79.59254
-70.51862
-73.99379
-75.90793
-74.86726
-77.86636
-78.19901
-79.10345
-78.90847
-81.42188
-81.06763
-80.40676
-77.29915
-75.73103
-73.28238
-72.13831
-72.59954
-74.39622
-74.86247
-75.45122
-75.53072
-76.84577
-77.61669
-79.74223
-79.78080
-80.69627
-78.41147
-83.06134
-78.48310
-72.56923
-81.76170
-81.14261
-81.55539
-82.18264
-81.76604
-82.75487
-80.57250
-81.27419
-81.67736
-85.58416
-83.48264
-87.50435
-80.20434
-75.28809
-77.05819
-76.63659
-74.22875
-73.01596
-73.52015
-73.18952
-73.76862
-76.31208
-75.79541
-76.80858
-75.13319
-75.55789
-76.18895
-75.86463
-76.73083
-77.57039
-77.69173
-76.79103
-81.20049
-70.00668
-70.69477
-78.17685
-75.57673
-77.19166
-76.32887
-77.93536
-76.21455
-77.08762
-78.12463
-77.28069
-77.49324
-78.34826
-78.87239
-79.36363
-80.40113
-78.55206
-79.42637
-79.63613
-80.14404
-77.70691
-68.48545
-69.42428
-73.11061
-72.36540
-73.62347
-72.51692
-76.12017
-75.18159
-77.43287
-75.33442
-77.58636
-75.41062
-78.53357
-74.88672
-66.85850
-71.63169
-73.97138
-73.55662
-74.33919
-74.17347
-75.48991
-75.89717
-77.01899
-78.34929
-79.69869
-79.97056
-78.22324
-78.36334
-77.05742
-78.53054
-76.94570
-76.84016
-75.80949
-79.23022
-73.15997
-68.27211
-73.44915
-72.97450
-73.72628
-74.82251
-75.06713
-74.01262
-73.34498
-74.65066
-75.06618
-75.67217
-75.27826
-76.01340
-74.78614
-74.69282
-75.48999
-76.21342
-76.81958
-75.30901
-78.29739
-70.78817
-69.67526
-78.94543
-74.87135
-77.46628
-77.37978
-77.96883
-77.48268
-77.20733
-77.92094
-78.01905
-78.68940
-76.90765
-82.29006
-70.64035
-70.57989
-76.60200
-75.75729
-76.43099
-74.95110
-75.15835
-75.34263
-75.28732
-75.56174
-75.43387
-76.61797
-76.35154
-77.28750
-76.89227
-77.76797
-77.12322
-78.90082
-78.18056
-79.05799
-79.86104
-69.79858
-74.42344
-79.76211
-78.02464
-80.30629
-78.58528
-80.70543
-77.89024
-78.71571
-78.97054
-79.73590
-81.25220
-81.18327
-82.32648
-79.40957
-79.51617
-80.15383
-82.03800
-80.69833
-81.78823
-76.27654
-68.56560
-72.85091
-74.89934
-74.01156
-75.34755
-74.95628
-76.04764
-75.60376
-76.26728
-75.63631
-76.80276
-76.28173
-77.26167
-76.54950
-73.51379
-73.81467
-75.16213
-76.86059
-79.70422
-79.48446
-79.85330
-78.90306
-80.59307
-81.05793
-84.72113
-83.31104
-89.65417
-78.61434
-74.22079
-85.76381
-83.89460
-86.18810
-84.70117
-85.01809
-83.76837
-80.49604
-82.96533
-81.01295
-84.27058
-80.93085
-88.77542
-74.44019
-73.45807
-83.09055
-80.12650
-82.23358
-81.35378
-83.70613
-82.99607
-84.46904
-84.11972
-85.55769
-85.73118
-87.77184
-86.22734
-87.25072
-85.85433
-87.72812
-85.98105
-88.17779
-86.40931
-88.69192
-86.89360
-89.05094
-87.27386
-88.58334
-82.66950
-78.88545
-78.92873
-68.29175
-71.17923
-75.11447
-73.72694
-75.59743
-74.27540
-75.18968
-75.74772
-76.88643
-76.94442
-76.92788
-76.84286
-76.26295
-77.47296
-77.54472
-77.01157
-75.32031
-78.69819
-77.28297
-82.81547
-76.62009
-68.65640
-74.38332
-74.67558
-75.54109
-77.38342
-77.44806
-76.95575
-74.84659
-75.33490
-75.21810
-75.74436
-76.52695
-77.69759
-77.62787
-78.49628
-79.04735
-78.12325
-78.71004
-77.25341
-83.61741
-72.57975
-67.79922
-73.79705
-72.31390
-74.09194
-74.66448
-75.51956
-76.11259
-75.54132
-77.95217
-76.93969
-80.85251
-77.45423
-85.01001
-71.28804
-67.98236
-73.00228
-72.22425
-73.30932
-71.64316
-71.27075
-72.62188
-71.94024
-72.62139
-72.22503
-72.56557
-72.64134
-74.66473
-72.02296
-67.25116
-68.90218
-70.76199
-73.04877
-74.87671
-75.37905
-75.26841
-75.58695
-75.68871
-75.45579
-76.34909
-77.25446
-79.92782
-67.87783
-67.31321
-69.43188
-69.67821
-70.95185
-70.09270
-72.25484
-73.46504
-75.62637
-74.90784
-75.69915
-74.58516
-77.17924
-78.69434
-69.11877
-71.15549
-75.22493
-73.73034
-74.99129
-74.16204
-78.08980
-76.25047
-78.07096
-76.42641
-76.46289
-75.55210
-73.92051
-71.44920
-67.34400
-69.58197
-71.48844
-72.49951
-73.48493
-73.25786
-74.71986
-75.71397
-76.75388
-77.12194
-77.44819
-79.02964
-79.14335
-81.66800
-81.33809
-83.97650
-81.75870
-85.93953
-81.86944
-91.39811
-76.73545
-71.71239
-82.26692
-79.18695
-81.86085
-79.85731
-81.90487
-78.81832
-75.43325
-74.66183
-77.26988
-78.32747
-77.88306
-78.95496
-75.71936
-73.86879
-75.75037
-77.01690
-76.26600
-76.02592
-78.63648
-78.40166
-74.19466
-75.46687
-75.63111
-77.81656
-75.98134
-80.02839
-70.19097
-71.73070
-79.82263
-76.64162
-79.23731
-77.22067
-79.61953
-76.11664
-76.58593
-78.83627
-79.36527
-80.01866
-79.75533
-80.71996
-79.39615
-79.11057
-79.82914
-81.25898
-82.10559
-82.66625
-84.35281
-71.52262
-76.59243
-85.40657
-80.93726
-85.02178
-82.76637
-86.08009
-82.89473
-85.25587
-83.13544
-85.76261
-83.80027
-84.61800
-84.18276
-77.18250
-76.66068
-79.22006
-78.20302
-81.52590
-80.55301
-83.76902
-81.12018
-80.84615
-80.39268
-84.06032
-82.66551
-88.02862
-80.44148
-71.56002
-79.95893
-81.72043
-81.81523
-82.92770
-82.17305
-83.42181
-82.22697
-84.34705
-83.30503
-86.07649
-83.71598
-87.45186
-80.71106
-72.87575
-73.68532
-74.74956
-75.13214
-76.82315
-77.50920
-78.80263
-78.69686
-79.46932
-80.37596
-81.85547
-82.61153
-83.10584
-83.88862
-84.35682
-84.79172
-85.01014
-85.54411
-85.06097
-86.46573
-85.05466
-78.88724
-80.86760
-81.83678
-80.40755
-81.25284
-81.52695
-79.47047
-79.75216
-82.01017
-81.88637
-83.80865
-83.96436
-85.54470
-85.65671
-86.78573
-87.39297
-88.01392
-88.97587
-89.12344
-90.80942
-78.39432
-74.34500
-76.70746
-77.16456
-78.48038
-79.36137
-81.87987
-83.54448
-83.79391
-83.80615
-84.53542
-85.44907
-87.65691
-85.65800
-74.47934
-75.15297
-78.67953
-77.94707
-79.26648
-79.80709
-80.67674
-82.05363
-82.35907
-82.61828
-83.89271
-84.99423
-85.94762
-88.41931
-82.15677
-80.66702
-83.95398
-85.93308
-88.25743
-88.98396
-87.45972
-78.38130
-77.75468
-79.85321
-81.41513
-79.88971
-81.18648
-82.18562
-79.98409
-83.04067
-82.96398
-84.04879
-84.16862
-85.13393
-86.40568
-87.79366
-88.07058
-88.02648
-87.55458
-88.56511
-88.66912
-89.29997
-85.04360
-84.06428
-85.16710
-84.92864
-85.92414
-85.66694
-86.90072
-86.47148
-85.95537
-86.64471
-89.41786
-88.83192
-92.21616
-76.91030
-73.37127
-75.24551
-75.28221
-76.11330
-76.92550
-78.11323
-79.02338
-79.96812
-80.78578
-81.65293
-82.27869
-84.32181
-84.51075
-83.85689
-83.08840
-83.49003
-84.13666
-85.11193
-85.83214
-86.02265
-86.86770
-86.81372
-87.06421
-87.55347
-89.59164
-89.63340
-91.73693
-83.57548
-80.82293
-82.49986
-83.51664
-86.56756
-86.23201
-86.88317
-82.61974
-80.99935
-82.62616
-83.43971
-86.05149
-86.15538
-87.97110
-78.46441
-76.22869
-78.25684
-77.65013
-80.13774
-80.45131
-82.84494
-82.76072
-82.57250
-82.81029
-84.62082
-84.44924
-86.22876
-85.03334
-75.36213
-76.50595
-79.37864
-80.36846
-81.68865
-82.38432
-83.70625
-84.30759
-85.53783
-86.51945
-87.90802
-88.52486
-88.98058
-89.66864
-90.03497
-90.98781
-91.22374
-92.56748
-92.17725
-94.37324
-89.44904
-79.28031
-79.83905
-80.55479
-82.06343
-82.65841
-85.32311
-83.42613
-81.03220
-83.54846
-82.83075
-83.59239
-83.80247
-85.51319
-85.81655
-87.91386
-87.56303
-88.85087
-88.08689
-88.69303
-88.22228
-89.47146
-89.28857
-90.82171
-90.24584
-91.87786
-91.61457
-92.33836
-92.11653
-92.66249
-92.71412
-93.63990
-93.88758
-94.25270
-90.61482
-72.66930
-71.05981
-72.85501
-71.99488
-73.21666
-74.67721
-76.20790
-77.85996
-78.31143
-78.91796
-79.93665
-80.62454
-81.51449
-84.65590
-80.31734
-78.22960
-81.18332
-80.33468
-83.03847
-83.26280
-82.52367
-78.72244
-78.31648
-78.53094
-78.35089
-80.01598
-82.82851
-83.65267
-80.54726
-83.46513
-84.59010
-85.33092
-86.20531
-86.97690
-88.23951
-88.20762
-89.65660
-89.25972
-90.80998
-90.71101
-93.06794
-87.25046
-74.87529
-74.59006
-75.01259
-74.58183
-76.78878
-76.73629
-78.70142
-79.34146
-81.80931
-81.76580
-85.86202
-84.05178
-88.67825
-80.82659
-71.86608
-74.18798
-76.45346
-76.65533
-78.47233
-78.59794
-81.57346
-81.03734
-82.87269
-82.31744
-85.83752
-84.53948
-91.66300
-79.55410
-69.06689
-70.79743
-73.13014
-77.92609
-81.97316
-83.63333
-81.74648
-76.25853
-77.57421
-77.16243
-78.41818
-77.62041
-81.71026
-74.44087
-69.92069
-71.10017
-71.16323
-71.54668
-71.84064
-72.36607
-74.96763
-76.55979
-77.70796
-79.28155
-80.45935
-81.59256
-84.32261
-77.54847
-74.54264
-76.95362
-77.46552
-79.02746
-80.07456
-82.63823
-84.59470
-84.63877
-85.42847
-85.67665
-87.79760
-89.29866
-91.13703
-81.36483
-74.63493
-74.12519
-75.07471
-75.66674
-76.63254
-78.03681
-79.76296
-80.86234
-81.68332
-82.71310
-84.51584
-85.72970
-87.50294
-87.57782
-87.95790
-87.28002
-87.98177
-88.59769
-88.61040
-88.60561
-88.59140
-88.97822
-89.03267
-89.46895
-89.94923
-91.11193
-92.06456
-92.44481
-92.57532
-92.60657
-93.00738
-93.20646
-92.94725
-93.59866
-93.27066
-93.94504
-93.79444
-94.41631
-94.15513
-95.26830
-93.66316
-89.27165
-88.30131
-88.30207
-88.37642
-88.23795
-88.30639
-88.62897
-88.67924
-88.74243
-88.85908
-89.01688
-89.14824
-89.27761
-89.48651
-89.65172
-90.14901
-90.10377
-90.90549
-91.41026
-91.58165
-91.69748
-91.97054
-92.27808
-92.47574
-92.85649
-93.16495
-93.32001
-93.44756
-93.95007
-93.91518
-94.35034
-94.61805
-95.13571
-95.13856
-95.82670
-95.92699
-96.31723
-96.07668
-97.27793
-96.44157
-98.34654
-94.34598
-91.58884
-89.81933
-89.14441
-90.88451
-92.14046
-93.31810
-93.63999
-93.82130
-93.44488
-94.05777
-92.98736
-94.06028
-92.71684
-94.55490
-94.38727
-95.80243
-95.53487
-97.56564
-96.74206
-98.99583
-98.13446
-100.63108
-98.94353
-101.07414
-99.29934
-99.75089
-95.41526
-74.77240
-72.36550
-74.40902
-74.67303
-76.26212
-77.43585
-79.33585
-80.68454
-82.20426
-81.93601
-83.56944
-83.91939
-84.81440
-86.33826
-76.83555
-80.64895
-88.94965
-85.19706
-89.20588
-86.57271
-89.95884
-84.20709
-89.77917
-88.84132
-92.80859
-89.68493
-96.28756
-87.66512
-74.39116
-81.53570
-89.13406
-89.26054
-93.06365
-91.29668
-93.52272
-87.01396
-94.82168
-92.33551
-97.87383
-91.70910
-100.64731
-84.72588
-78.41997
-82.29459
-83.34342
-85.88376
-86.47943
-88.97012
-87.16676
-84.36826
-92.01479
-89.64033
-95.28201
-92.04410
-89.00352
-75.45426
-71.71645
-75.88879
-77.52224
-79.82901
-81.06748
-82.07104
-82.89706
-83.65519
-84.56560
-86.36890
-87.35508
-87.89214
-88.59184
-86.41233
-85.11826
-91.03533
-88.79058
-92.69664
-89.16880
-94.59685
-83.44365
-75.13417
-76.09540
-76.44399
-76.52092
-75.99266
-79.50244
-72.93882
-75.16766
-82.93254
-81.86055
-85.78939
-85.09515
-88.85385
-81.73317
-85.71598
-88.14921
-87.93950
-89.77304
-89.66249
-92.15419
-87.48829
-87.74635
-91.57271
-91.71945
-94.04089
-93.62749
-96.84113
-83.91127
-88.65656
-98.59657
-98.52585
-99.38365
-107.16837
-86.99759
-74.92123
-74.77745
-75.74675
-77.09648
-77.75362
-77.56329
-79.20020
-79.42208
-80.30205
-81.10569
-83.57291
-84.19547
-87.05969
-84.60614
-75.87905
-82.57826
-89.29740
-87.04147
-90.58822
-88.64193
-91.36978
-84.80192
-94.75452
-89.35039
-101.27039
-88.98204
-108.09128
-81.39877
-73.84758
-85.31821
-88.60091
-92.40839
-92.10105
-93.43544
-90.70385
-87.48012
-94.44168
-91.13227
-96.16310
-90.96429
-104.65106
-82.56121
-76.77508
-79.15224
-79.20428
-82.36365
-83.23448
-84.42942
-82.47010
-83.18829
-87.85039
-87.69880
-94.40751
-90.24744
-96.23782
-74.99417
-73.02501
-78.27934
-78.88718
-81.29173
-80.69597
-82.62393
-84.91954
-86.35264
-85.54006
-86.31322
-86.89742
-89.00442
-90.13544
-85.32908
-86.46961
-94.27703
-92.31414
-94.86170
-95.24713
-91.41513
-78.74431
-77.88391
-78.17396
-79.93669
-82.14677
-84.23011
-87.90910
-73.63325
-78.27120
-87.22170
-87.43579
-90.77041
-90.52094
-90.64966
-82.74775
-91.61813
-93.00190
-93.92070
-93.56846
-92.82526
-93.87166
-86.74530
-89.61658
-93.57015
-94.75608
-94.67172
-96.88425
-92.44182
-83.21516
-91.10950
-97.63641
-98.78533
-100.54128
-96.91247
-77.93902
-73.09708
-74.54121
-75.02241
-75.40904
-76.15587
-77.15185
-78.56348
-78.97577
-77.33744
-80.54555
-83.64964
-82.30683
-87.06011
-80.55716
-75.54148
-84.49950
-86.70212
-87.50477
-88.92292
-89.93145
-88.29933
-83.83649
-93.32344
-88.22538
-96.58126
-87.32687
-114.61843
-77.18606
-74.78437
-89.10276
-87.03380
-94.01276
-90.39832
-95.21543
-87.85370
-89.05416
-92.86180
-94.47165
-92.98544
-97.61088
-87.20226
-77.04859
-78.79187
-82.48069
-83.25633
-83.46463
-82.16038
-83.61605
-79.03090
-80.82933
-86.78178
-86.41864
-89.47297
-88.38234
-84.86995
-72.80575
-74.19236
-79.20686
-78.03515
-80.00108
-82.16151
-84.73514
-81.15396
-81.45759
-82.64915
-87.23581
-87.26100
-90.37101
-89.34460
-84.08314
-85.80377
-93.44364
-90.49385
-93.99399
-89.97523
-76.56548
-71.45296
-72.82895
-73.42890
-74.33862
-74.50992
-77.71807
-76.26270
-71.41241
-77.88092
-80.73149
-82.62438
-82.77226
-84.07749
-81.89886
-80.09179
-85.28864
-84.22213
-85.84018
-85.01976
-85.88599
-85.99160
-82.47594
-85.15620
-87.10054
-88.43072
-88.45499
-91.31105
-86.84193
-81.64703
-88.96140
-95.15361
-96.39682
-98.38881
-95.56955
-76.98143
-73.85173
-73.62290
-73.43331
-75.07304
-75.58956
-75.53272
-77.11768
-77.99166
-78.18527
-82.52594
-83.53437
-82.84445
-88.45171
-77.32879
-75.13617
-86.29362
-83.83394
-88.02410
-85.57513
-90.54364
-81.62407
-80.97997
-89.75560
-87.04252
-91.14471
-86.41779
-100.52338
-74.07275
-75.60916
-89.38214
-86.43280
-91.80558
-88.36520
-94.03323
-82.33331
-82.58792
-83.76659
-87.02695
-88.33159
-90.75088
-90.08243
-77.80483
-78.90436
-84.93988
-84.53922
-85.76189
-84.90254
-86.47577
-80.42473
-81.66182
-87.06849
-87.57493
-91.37678
-87.30842
-78.47527
-72.25141
-77.15474
-82.62966
-81.67198
-83.01468
-82.49184
-83.87136
-83.67871
-85.30480
-86.74228
-89.22073
-88.72766
-89.99172
-88.31382
-80.24423
-82.95436
-92.46642
-89.47067
-95.71561
-89.26087
-86.80382
-79.34064
-84.23656
-85.68062
-89.71044
-85.70656
-105.30411
-78.99021
-72.04988
-83.44893
-84.45401
-87.29612
-86.29543
-88.92390
-82.61921
-82.48136
-89.95591
-86.98652
-90.22216
-87.50204
-90.84797
-85.70662
-79.88251
-84.62811
-88.79619
-88.22762
-88.42882
-89.53413
-83.12651
-77.71855
-85.85433
-85.10463
-89.28692
-85.65766
-86.08310
-71.32771
-65.03824
-67.22663
-69.06203
-70.09143
-71.18308
-72.11144
-73.39751
-74.11271
-74.37006
-74.91748
-75.97496
-75.63166
-77.29896
-72.39428
-72.53029
-78.07202
-76.80976
-78.50004
-77.64180
-78.36234
-73.19019
-72.83301
-75.54505
-74.51233
-74.08671
-75.05918
-75.80675
-69.80101
-73.65750
-77.87980
-76.29128
-78.01755
-77.85212
-78.58184
-76.90931
-77.63085
-77.37492
-78.37881
-77.41072
-78.74389
-76.13635
-72.16436
-74.33918
-77.30834
-75.43873
-75.00755
-75.42097
-76.55699
-74.36775
-76.74020
-79.15063
-78.71841
-77.43576
-77.17001
-74.36400
-71.07853
-74.40720
-74.03946
-74.34114
-75.25572
-75.63651
-76.74694
-75.32141
-75.38200
-76.07814
-76.55546
-77.31769
-78.20545
-77.46309
-74.73656
-77.07586
-77.67705
-78.25349
-77.95221
-79.46082
-77.23989
-71.96709
-73.83732
-73.62172
-73.77360
-73.68482
-77.32172
-71.22555
-70.07293
-75.94055
-75.51213
-76.73888
-78.08745
-78.29875
-75.47289
-76.07903
-77.42312
-78.39232
-78.60308
-77.65369
-77.30520
-75.22348
-75.12660
-78.47818
-77.47916
-77.14578
-77.69625
-79.59895
-75.71610
-75.07362
-79.71471
-80.16115
-77.84501
-77.79019
-75.46829
-71.24006
-72.55449
-73.32389
-73.67289
-74.61915
-75.75310
-77.30644
-77.53700
-78.15077
-78.59521
-78.77215
-79.00627
-78.34824
-78.57940
-72.72974
-75.38851
-81.25877
-77.82056
-79.80946
-77.47213
-82.03824
-74.08307
-75.70290
-78.09530
-77.02774
-77.76827
-80.60022
-77.21048
-70.32895
-77.33681
-80.52392
-80.31412
-79.89061
-79.26542
-79.51306
-78.99108
-80.43219
-79.42806
-80.79926
-80.14101
-82.07396
-78.04312
-74.02525
-75.80914
-77.74337
-77.63086
-77.26059
-77.71352
-77.41747
-75.35708
-79.18088
-79.75447
-80.51731
-80.07988
-80.75774
-73.45781
-71.41658
-74.88455
-75.50965
-76.52959
-75.77279
-76.75619
-76.43126
-76.44705
-77.10653
-78.54294
-78.76061
-79.17244
-80.73557
-78.34809
-75.74079
-79.24956
-79.81947
-81.31760
-79.44389
-80.65432
-75.81946
-74.26289
-78.24936
-76.63209
-77.28321
-78.07257
-82.06848
-70.92299
-72.67634
-80.86623
-78.88775
-80.68296
-80.75512
-80.86493
-78.19739
-81.11579
-81.65461
-80.98525
-80.40537
-79.15848
-82.45145
-78.45854
-76.90414
-80.46157
-78.13925
-79.55289
-80.31088
-82.02622
-76.49499
-76.99575
-83.59364
-82.04968
-83.66979
-82.28174
-74.25856
-71.58659
-72.77817
-72.67491
-73.98500
-74.56635
-74.10823
-74.81992
-75.89145
-75.92704
-74.94961
-74.22972
-74.68619
-76.78089
-72.87886
-68.77146
-71.37409
-74.03005
-75.48059
-76.93645
-76.40549
-75.13213
-72.87256
-75.77716
-76.47779
-75.84324
-75.16901
-78.77294
-72.66879
-70.38265
-77.23162
-77.45273
-76.92697
-75.78792
-77.78813
-76.97832
-76.08865
-76.20282
-75.60355
-76.22914
-76.61776
-77.59566
-73.53180
-71.19430
-73.09758
-74.72783
-74.71186
-74.57007
-75.85371
-74.64447
-73.13957
-75.40462
-75.73823
-77.63391
-75.63234
-77.47624
-71.95994
-70.61526
-73.26458
-73.22083
-76.85201
-74.66354
-72.97065
-73.88947
-76.45081
-77.83376
-78.34497
-76.98321
-77.33931
-78.02803
-75.72420
-74.19629
-77.43638
-76.87233
-75.25144
-77.60477
-75.98885
-69.88071
-70.13267
-70.86295
-71.10155
-72.32228
-74.08368
-74.94422
-69.11136
-72.76700
-74.77750
-74.69992
-75.89193
-76.21847
-76.02282
-74.57043
-76.97342
-77.81536
-79.21073
-77.63068
-77.19545
-76.49470
-74.52794
-75.85262
-77.26334
-75.65784
-76.34223
-77.58759
-77.62817
-74.54663
-77.79551
-79.87085
-79.28981
-78.21632
-79.49271
-74.10256
-69.62193
-71.65149
-71.85790
-72.52562
-72.28494
-73.13261
-74.96167
-76.31742
-75.84013
-74.66102
-75.23518
-74.55084
-76.73963
-74.57974
-72.63650
-77.34480
-78.36497
-80.13262
-79.36277
-80.14798
-79.51002
-75.46755
-78.74269
-78.05172
-78.37805
-77.84780
-81.59039
-72.08470
-71.57032
-80.49128
-77.95787
-79.73890
-77.94714
-79.80631
-75.09579
-74.00743
-75.46825
-75.62340
-78.22935
-79.11290
-79.65397
-73.76598
-72.49223
-76.62987
-76.96074
-77.49320
-77.43625
-78.15763
-75.56302
-75.58989
-79.23231
-77.98283
-79.05476
-78.56086
-80.75383
-71.90961
-71.92829
-76.53401
-75.95939
-78.23490
-77.60664
-78.44722
-78.25617
-78.27990
-78.03729
-77.55285
-78.28771
-78.33768
-79.29570
-75.40457
-74.79909
-77.59527
-76.42272
-78.01339
-77.54925
-77.90516
-74.05637
-75.65419
-75.80588
-75.40796
-76.28145
-79.76217
-75.15564
-69.18426
-73.79406
-75.68210
-75.99090
-77.67438
-77.93775
-76.54488
-76.93214
-78.68820
-77.41462
-77.70662
-76.76673
-78.42941
-77.46826
-74.27628
-76.36606
-76.89734
-77.19251
-75.32925
-77.28605
-77.05497
-74.42643
-78.53626
-79.46986
-79.76586
-80.36512
-79.52951
-72.49283
-70.57284
-71.04426
-71.80065
-72.78556
-71.96126
-72.49354
-74.05435
-72.48025
-72.04854
-73.17460
-72.95568
-72.86471
-74.46950
-71.01443
-70.32200
-73.91679
-73.63874
-74.79416
-73.69261
-73.97770
-71.42780
-71.69541
-72.90197
-71.52998
-72.09209
-73.31292
-73.05506
-69.10495
-70.69523
-73.62353
-72.29217
-73.06053
-72.85854
-72.72483
-73.53037
-72.47051
-71.53671
-71.38369
-72.06546
-71.47793
-71.31416
-71.29550
-70.94351
-72.40662
-73.09591
-73.17754
-72.70299
-73.44522
-71.86509
-71.57845
-73.41434
-74.14526
-74.34868
-73.71445
-71.08382
-69.17244
-71.35738
-72.77021
-73.36314
-73.65250
-73.80826
-72.91660
-72.04406
-72.53713
-73.30512
-73.86960
-73.26923
-73.93802
-74.21250
-72.18560
-73.10432
-74.10228
-73.31079
-73.28206
-73.56002
-72.48274
-70.18650
-71.40347
-71.58038
-72.15558
-71.56036
-73.25764
-70.39691
-68.78955
-73.35607
-73.29309
-73.03887
-73.16661
-75.19231
-73.38084
-72.10676
-72.95095
-72.73936
-73.76244
-74.30142
-74.00052
-72.49333
-71.42699
-73.84984
-74.76411
-73.48957
-74.37624
-75.61100
-73.52116
-72.01211
-73.73012
-75.08501
-74.80883
-74.18320
-73.69266
-71.09073
-70.89755
-71.54083
-71.53009
-72.70946
-72.81916
-73.40752
-74.28080
-74.25938
-73.27229
-73.54257
-73.78999
-73.62138
-75.38252
-70.86986
-72.32279
-76.10864
-74.60834
-75.56835
-73.02338
-74.39906
-72.22994
-72.83500
-73.60775
-73.31192
-73.98067
-77.40548
-75.10292
-69.66635
-74.12037
-76.74329
-76.14024
-75.72327
-75.77329
-76.08507
-75.71110
-75.98318
-75.19848
-75.60411
-76.24175
-75.60560
-73.29910
-71.96257
-73.27685
-75.35528
-74.75691
-75.71267
-76.69372
-75.61872
-74.17331
-74.95889
-75.81308
-75.18750
-74.93586
-77.02775
-72.50663
-70.60323
-72.99851
-74.03081
-75.30124
-74.51375
-75.11188
-74.76404
-74.50467
-74.56692
-75.58018
-75.91566
-74.85578
-75.87028
-75.21486
-73.40270
-74.66650
-74.95909
-76.37853
-76.28949
-76.70533
-73.81269
-71.95703
-74.55974
-74.24957
-75.27795
-75.18153
-77.61110
-70.78301
-71.03071
-75.94552
-75.00053
-77.11093
-76.87610
-76.69527
-74.54398
-76.07648
-77.78941
-76.94285
-77.38990
-75.65021
-77.32935
-76.87878
-76.05603
-79.36867
-77.53507
-79.25370
-78.68314
-80.69721
-76.08187
-75.73147
-80.12671
-81.34783
-81.07135
-79.63648
-75.40316
-70.93324
-70.75540
-70.05480
-70.71369
-72.55063
-72.97679
-72.50394
-71.86458
-72.82520
-73.70760
-71.08330
-71.42473
-71.04451
-69.77074
-67.50567
-69.71527
-72.50880
-71.73506
-72.84376
-73.67641
-75.62474
-72.16077
-73.34192
-73.48772
-74.42684
-72.92631
-74.81498
-70.86869
-69.28380
-73.21445
-72.64260
-74.32333
-71.97726
-72.45882
-74.11131
-73.65333
-73.52912
-75.17908
-74.52006
-74.02813
-74.26943
-72.35432
-70.09445
-72.54364
-73.56748
-73.19755
-72.76314
-71.57920
-72.15877
-72.11647
-74.49382
-74.58551
-75.54225
-73.91972
-74.43597
-70.59096
-70.13319
-73.07899
-73.17048
-74.35161
-74.09482
-72.79729
-73.28074
-76.74939
-76.60379
-74.77578
-74.53596
-73.70226
-73.68751
-73.61585
-71.65550
-73.81980
-74.30213
-76.20731
-76.28878
-72.99492
-69.79979
-69.90292
-71.87705
-72.55888
-72.98364
-74.24547
-74.18534
-68.97414
-70.83084
-73.69138
-73.57735
-74.01784
-73.85171
-73.68537
-73.21625
-74.23411
-73.71100
-73.29993
-73.50722
-72.68010
-74.10654
-73.18362
-73.04487
-75.47294
-73.37285
-73.97943
-75.09907
-74.68779
-72.22319
-73.60550
-75.31725
-74.98876
-74.35040
-75.46203
-73.89117
-69.62398
-70.19702
-69.22314
-69.40318
-69.29483
-69.14381
-71.02462
-72.47228
-73.14051
-73.88539
-75.63172
-74.96789
-75.14163
-72.20103
-70.55573
-73.04680
-73.71094
-73.74616
-74.31239
-75.76929
-75.87874
-74.00436
-76.06369
-74.74341
-75.25795
-75.78713
-78.14731
-71.32227
-69.99941
-76.70643
-74.92447
-76.90682
-74.88945
-76.61378
-75.12875
-73.48702
-74.67549
-74.74087
-76.93625
-76.81303
-77.29912
-72.98701
-72.11993
-73.88381
-72.66724
-73.44560
-73.33282
-73.28854
-72.30994
-72.61142
-75.09475
-74.41261
-74.60642
-73.24798
-75.47760
-71.00444
-70.01825
-72.59408
-72.89130
-73.96047
-72.42088
-72.96369
-72.44299
-70.58818
-72.61738
-73.67039
-74.50328
-75.61186
-73.72242
-72.87485
-71.62557
-74.50248
-73.11448
-72.92810
-72.69564
-73.51920
-70.73713
-70.42498
-73.69723
-72.92045
-71.98750
-73.52456
-72.68518
-68.31595
-70.96980
-72.42180
-73.74754
-73.10083
-74.07511
-73.92050
-73.84430
-73.59887
-71.68303
-73.71037
-73.73613
-74.80551
-73.52281
-72.36067
-72.11341
-71.83462
-72.80917
-73.18950
-74.02511
-74.90860
-72.89396
-74.30435
-75.07979
-76.35692
-77.40274
-76.24506
-74.48829
-73.12972
-73.13990
-72.98777
-72.91338
-74.06398
-76.33080
-76.65551
-77.64865
-77.11919
-77.19069
-77.80695
-79.16543
-78.98137
-78.85957
-77.48392
-78.05045
-79.47234
-80.15882
-79.41750
-79.83401
-80.35146
-80.11737
-82.21500
-81.09228
-82.83445
-80.59754
-83.55504
-76.03576
-75.58592
-83.32752
-80.14891
-81.70282
-81.63458
-82.90493
-83.87550
-82.83395
-82.62364
-82.65174
-83.15970
-83.64371
-82.53776
-82.64992
-82.90296
-82.76776
-83.29735
-84.19687
-84.99052
-84.83077
-83.37114
-83.87056
-86.00011
-85.36277
-87.02463
-86.13414
-81.12281
-79.41978
-80.79284
-81.50649
-82.89480
-83.53214
-85.06490
-85.04228
-85.45889
-86.69746
-86.64811
-87.11938
-86.82664
-88.40924
-88.40845
-86.82764
-87.08377
-89.22862
-87.86565
-88.98038
-89.72211
-81.95419
-77.90488
-79.74382
-79.21077
-80.09838
-79.31030
-82.43274
-80.56695
-74.93583
-81.92135
-84.38447
-84.33241
-86.88725
-86.21775
-87.86538
-87.88225
-90.15615
-89.32678
-90.98405
-90.32046
-91.62144
-90.93482
-90.58247
-91.20519
-91.62422
-92.77267
-92.42404
-94.55537
-93.00160
-91.71824
-96.82122
-97.40811
-97.23967
-98.58090
-94.38245
-80.08829
-78.60861
-80.02593
-80.45019
-82.47186
-83.14740
-84.97018
-85.63018
-87.66450
-87.40204
-89.60116
-89.22895
-90.84953
-91.21463
-90.36311
-89.34031
-94.26786
-92.40386
-94.80185
-93.78050
-95.50872
-95.76020
-95.92948
-98.34979
-95.41301
-102.25622
-92.92293
-106.82096
-77.91521
-80.45067
-108.03887
-92.60742
-110.98959
-94.71829
-101.05610
-95.06623
-100.75906
-96.24232
-101.29712
-97.17943
-101.72700
-93.30974
-84.67774
-86.83671
-88.40558
-89.30438
-88.55219
-89.87163
-90.55515
-89.06756
-91.62648
-94.85324
-96.26963
-98.21926
-101.08040
-82.97007
-79.31996
-80.98394
-80.96458
-84.10827
-85.16678
-87.23474
-88.75229
-90.28949
-90.19572
-92.04720
-91.62320
-92.27979
-94.62967
-93.07272
-91.58029
-94.39509
-100.43298
-95.77906
-108.68560
-89.14267
-82.28872
-81.15483
-82.53526
-82.18478
-85.35817
-83.86628
-95.35649
-81.76268
-77.53541
-94.82504
-90.51908
-95.99095
-94.34805
-96.02961
-96.88859
-96.87804
-99.49030
-97.39848
-99.78158
-96.13315
-98.15072
-95.70979
-98.21612
-96.59218
-99.19764
-98.07130
-99.79536
-100.78844
-95.15712
-94.64988
-107.06003
-102.72460
-104.81275
-111.26425
-85.84988
-80.09342
-82.03629
-83.65230
-85.40358
-86.70493
-87.64398
-89.81894
-91.19262
-91.85964
-91.48598
-92.87533
-92.53444
-94.85500
-94.00451
-92.06512
-92.05741
-98.34962
-93.66716
-98.35729
-94.40033
-100.66762
-95.35361
-102.44702
-97.34580
-105.14997
-99.55642
-106.95871
-101.26123
-77.34880
-88.45079
-107.45635
-98.32331
-115.55508
-100.35116
-126.75030
-101.48953
-135.54347
-102.83068
-133.36011
-102.77787
-128.34969
-94.68896
-89.34158
-90.26188
-91.49085
-91.35403
-92.21528
-93.91749
-94.05597
-91.01881
-95.42935
-96.61202
-97.18647
-95.81416
-100.02636
-87.84444
-83.88128
-86.10481
-84.67207
-87.31029
-88.01658
-89.90473
-90.65602
-92.67151
-92.09785
-94.35623
-94.13937
-94.90519
-96.04451
-93.41171
-91.59040
-96.51732
-96.91922
-98.21942
-102.07459
-97.83079
-83.54763
-80.79771
-82.35697
-80.96124
-82.75169
-82.46822
-92.04118
-78.11709
-79.11723
-99.37133
-88.15361
-93.74563
-90.79923
-95.46183
-93.81643
-95.73800
-95.21601
-96.44862
-96.31950
-96.37320
-97.40304
-98.28542
-100.53928
-99.85016
-101.57229
-100.80765
-102.61414
-103.55645
-94.85155
-98.59037
-149.03261
-107.71578
-130.99835
-112.87514
-95.03537
-83.73670
-80.43901
-80.19350
-81.42869
-83.19895
-84.25925
-84.97280
-87.10812
-88.94842
-90.05310
-91.29499
-92.07406
-93.24229
-93.47388
-94.32940
-95.58098
-96.47518
-96.11789
-96.13462
-95.98484
-96.56197
-96.64071
-97.34214
-97.70432
-98.86816
-99.35116
-100.49670
-101.40243
-101.91119
-102.38090
-102.71971
-103.14226
-103.56264
-103.63265
-103.28663
-102.99688
-102.50387
-102.07856
-101.81695
-101.47022
-101.31047
-101.59109
-101.51351
-101.35291
-101.34449
-101.49274
-101.58430
-101.66477
-101.74471
-101.99728
-101.66126
-101.94281
-102.14713
-102.44077
-102.80105
-103.24265
-102.96336
-102.76951
-102.60755
-102.30500
-102.41256
-102.65380
-103.23404
-103.60145
-103.81222
-103.68053
-103.47596
-103.30592
-103.36442
-103.44945
-104.01065
-104.55851
-104.99312
-105.23235
-105.00087
-105.25676
-105.34459
-105.84052
-105.81459
-106.28672
-107.40878
-107.72339
-108.13155
-107.98441
-108.45189
-108.67441
-108.82802
-109.18402
-109.44253
-109.93693
-110.20429
-110.00250
-110.22304
-110.56848
-110.44931
-110.84043
-111.30292
-111.55333
-111.88954
-112.08008
-112.75186
-113.45455
-113.88915
-114.73175
-114.69123
-114.38424
-113.95836
-113.63297
-113.22465
-113.50272
-113.54999
-113.42242
-113.31150
-113.09970
-113.25437
-112.91260
-112.88477
-113.05911
-113.54062
-113.96826
-114.65525
-115.18152
-115.65258
-116.31801
-116.60347
-116.97245
-116.91840
-117.11970
-117.26617
-117.22063
-117.19326
-117.05777
-116.88667
-116.78258
-116.45278
-116.01995
-115.78326
-115.31484
-115.43049
-115.44639
-115.06108
-114.95648
-115.04031
-114.97101
-114.74399
-114.52395
-114.25393
-114.36152
-114.40629
-114.39898
-114.35702
-114.35124
-114.47578
-114.36226
-114.14672
-114.07627
-114.10510
-114.39100
-114.48723
-114.46502
-114.61768
-114.66017
-114.53966
-114.51396
-114.79731
-114.94167
-115.12845
-115.21115
-115.45070
-115.83125
-115.83789
-115.97159
-116.33243
-116.64951
-117.36994
-117.81632
-118.15531
-118.53009
-118.79417
-119.56082
-119.75122
-120.08777
-120.68813
-121.25730
-121.90223
-121.94460
-122.14010
-122.24706
-122.49002
-122.35771
-121.84395
-121.68241
-120.97521
-120.76817
-120.28937
-120.39989
-120.18432
-119.86239
-119.81965
-119.14681
-119.04655
-118.73896
-118.68805
-118.54246
-118.61446
-118.61728
-118.46281
-118.22527
-117.98758
-117.90900
-117.96469
-118.15704
-118.11452
-118.33098
-118.36249
-118.15053
-118.17188
-118.11763
-117.92367
-118.33737
-119.42866
-121.43413
-125.17020
-129.46365
-130.99828
-131.62256
-131.43691
-131.03055
-131.45242
-132.39949
-133.12577
-133.79871
-134.79020
-135.41633
-136.03430
-136.21103
-137.06516
-137.84547
-137.67537
-137.72433
-138.07685
-138.42664
-137.51507
-137.61434
-137.63217
-137.44826
-138.13485
-137.19229
