-124.18605
-100.68834
-95.84925
-86.08577
-88.28934
-85.77048
-79.09817
-84.46196
-88.03574
-85.11367
-86.83647
-82.86570
-86.79673
-91.17654
-94.05572
-96.96223
-94.37446
-96.93149
-96.56694
-96.86971
-96.82188
-94.97359
-91.70267
-92.76985
-92.67484
-93.33382
-94.20510
-95.46481
-96.98674
-112.22276
-112.93694
-95.64440
-95.53078
-94.44981
-94.63203
-93.67435
-94.06489
-95.18138
-95.91865
-95.93520
-88.18332
-91.40049
-95.59554
-95.59646
-95.89468
-94.68261
-94.58612
-96.57128
-94.89644
-86.86446
-84.00109
-85.66637
-89.01101
-90.44009
-95.04362
-91.37388
-87.84057
-86.46027
-88.77965
-83.21715
-82.95299
-90.89720
-94.08864
-91.67733
-93.16934
-85.90280
-83.24521
-93.07657
-94.10066
-90.46397
-91.53578
-94.86007
-91.20301
-94.05182
-94.69793
-95.58486
-94.73114
-94.44408
-94.85559
-90.27694
-93.76264
-93.29653
-95.13605
-93.79137
-97.64467
-91.33650
-92.45550
-94.59809
-94.97101
-93.00349
-85.56495
-85.93851
-88.90486
-92.07295
-88.82687
-91.87967
-92.73317
-93.46460
-89.74567
-92.89637
-90.91970
-86.24842
-85.91931
-85.10962
-89.42106
-92.36330
-91.89231
-89.97216
-92.02295
-88.26812
-85.19447
-85.56295
-89.01815
-88.86682
-94.69648
-93.34127
-95.59528
-95.23652
-93.53607
-92.12296
-93.83272
-88.49350
-76.84949
-76.34980
-77.83256
-77.09599
-77.78953
-77.18401
-77.50227
-82.06268
-88.11085
-83.76743
-86.51947
-89.09857
-75.77843
-73.93618
-75.51408
-75.00833
-75.70888
-82.66038
-78.11383
-74.78973
-75.76129
-74.80388
-75.48449
-74.82359
-75.00637
-74.99895
-75.01187
-76.24008
-83.34499
-82.55249
-82.85886
-81.02293
-79.16823
-78.15534
-77.12923
-77.75834
-76.20267
-76.59825
-75.98014
-76.18853
-76.81486
-81.11112
-80.65680
-80.20348
-81.72992
-82.37447
-81.54223
-80.07861
-76.94903
-75.17786
-75.63291
-77.02438
-83.70072
-85.35355
-84.54373
-82.85808
-81.72901
-82.22636
-82.84663
-83.68980
-80.46778
-77.62860
-77.70217
-76.62145
-76.27098
-78.45568
-82.29272
-85.89352
-85.46179
-89.16316
-86.67241
-85.53344
-80.94058
-76.20344
-76.98542
-77.05461
-76.91205
-76.99280
-77.05501
-77.21252
-76.55226
-76.97381
-76.79213
-76.99182
-77.19658
-77.47341
-77.92952
-78.56312
-78.29263
-77.85648
-77.47867
-77.20226
-76.93398
-76.89101
-77.10696
-76.79600
-76.73419
-76.32760
-76.73998
-76.88450
-77.57458
-80.38139
-80.67840
-79.62664
-78.82732
-78.66889
-78.70399
-78.36698
-78.53276
-76.55571
-75.79330
-76.73084
-77.47061
-76.55643
-78.38107
-78.65133
-77.26238
-77.22366
-76.78997
-76.91450
-77.38927
-78.83096
-77.37210
-77.24657
-77.82090
-80.37625
-82.04272
-82.13976
-81.37455
-80.20987
-80.02232
-79.60350
-79.69555
-80.62749
-78.92638
-77.41144
-78.34973
-78.16147
-79.84859
-80.85630
-81.60016
-81.77384
-82.99558
-83.32972
-84.65695
-84.68897
-84.43894
-80.93140
-77.30918
-78.62610
-78.86703
-81.20592
-84.88808
-85.29616
-83.76399
-81.32640
-80.38132
-81.61211
-82.73439
-83.71390
-82.34750
-79.45545
-79.74743
-79.39952
-79.81137
-84.54997
-87.37528
-86.50110
-88.25125
-88.28634
-89.40246
-85.75472
-86.61537
-84.51247
-78.87217
-78.54110
-79.01498
-80.11989
-80.55813
-80.18411
-80.92451
-80.75716
-80.95895
-80.82623
-81.02703
-80.90111
-81.04185
-80.56870
-79.35129
-80.33566
-80.65318
-80.73059
-80.02096
-80.86936
-82.06238
-82.03415
-81.65065
-81.40918
-81.06537
-81.44100
-80.45023
-79.84899
-81.86784
-81.28591
-81.49121
-81.96868
-84.36797
-84.90834
-84.37206
-84.25511
-83.70327
-84.25663
-84.12484
-83.92701
-80.95013
-79.44032
-80.32111
-80.01075
-80.84108
-81.24877
-82.40249
-82.86805
-80.18442
-80.64975
-80.72112
-81.21843
-81.26113
-83.37885
-84.76695
-81.10778
-81.14411
-81.51731
-81.00106
-81.32380
-80.84390
-82.62835
-85.37451
-85.62728
-86.18601
-85.95335
-86.14832
-85.59299
-85.62005
-89.23360
-83.15686
-80.36611
-82.12312
-82.45300
-83.40734
-83.40355
-88.08765
-87.90177
-87.73367
-88.05872
-87.73715
-86.61954
-84.33786
-86.67775
-87.57426
-87.96260
-81.86154
-80.70895
-82.09857
-82.29022
-83.17822
-82.44354
-84.89444
-89.05321
-89.07818
-88.42279
-88.14276
-91.20142
-91.77746
-92.27412
-90.88169
-93.06163
-87.61040
-81.16733
-82.29517
-83.57077
-83.53562
-83.60827
-83.79453
-85.96145
-88.07772
-88.69293
-89.06212
-88.06533
-87.47372
-88.18666
-89.70261
-90.79853
-88.09177
-81.15735
-80.63425
-83.17488
-82.92784
-83.75546
-83.63333
-84.04269
-83.89962
-84.14691
-83.98181
-83.39624
-83.07539
-83.29614
-82.82890
-82.08212
-82.03767
-82.18029
-82.87606
-83.03769
-83.49816
-84.23560
-84.59367
-84.29554
-84.14226
-85.03192
-85.48500
-85.73906
-85.16168
-84.63220
-84.43208
-84.24767
-84.34447
-84.51608
-84.35694
-84.71570
-85.95067
-86.11999
-86.92646
-87.27617
-86.20270
-85.46862
-85.56149
-86.16504
-86.96204
-86.60883
-86.81969
-86.61223
-86.98510
-86.74130
-87.23064
-87.14100
-88.33982
-88.45867
-88.67131
-88.58250
-88.97833
-89.04446
-89.26896
-89.46691
-88.31865
-88.26839
-86.89104
-88.61643
-80.09530
-77.62209
-77.31413
-73.53526
-70.61956
-70.29908
-70.22908
-70.81265
-71.50394
-70.72914
-72.24465
-74.85402
-74.68425
-74.98280
-73.53378
-74.32931
-73.18628
-68.36655
-67.83447
-67.33472
-68.06006
-67.50738
-70.66087
-73.35517
-68.67491
-69.24671
-69.10479
-69.36406
-68.49808
-69.79604
-70.42673
-69.59386
-69.43454
-70.02687
-74.30096
-73.30175
-73.03245
-72.79357
-72.89620
-73.62276
-74.84969
-75.33575
-76.02475
-73.12979
-69.85350
-70.56317
-70.76314
-72.86439
-73.58223
-74.39212
-74.48589
-73.92781
-74.59876
-74.87214
-75.00222
-76.60054
-73.70561
-70.37179
-70.47943
-72.38858
-77.86119
-77.89079
-77.82345
-76.78240
-76.97044
-77.17849
-77.41233
-77.08719
-77.32185
-76.69073
-72.58407
-73.18812
-73.41205
-76.07465
-78.39398
-80.07776
-79.19608
-77.14070
-76.10907
-76.38860
-79.05423
-79.41747
-80.30948
-72.17217
-71.02753
-71.98788
-71.72599
-71.79857
-71.03346
-71.37539
-71.58746
-71.49193
-71.68324
-72.09719
-72.06103
-71.59936
-71.69516
-71.75890
-70.92620
-72.28453
-71.60362
-71.83171
-72.63459
-72.52012
-72.38878
-71.08911
-70.34248
-70.93690
-72.41788
-71.62414
-71.59386
-72.39003
-71.28042
-72.39819
-71.44232
-70.86206
-71.84270
-71.10502
-71.48714
-72.39688
-73.22017
-73.49963
-71.52443
-67.91875
-68.14934
-67.96123
-67.96528
-70.59401
-74.19339
-70.97695
-69.41556
-69.32440
-68.55316
-68.70261
-69.45656
-74.76715
-70.85645
-69.59964
-70.34231
-72.20130
-75.76981
-74.80267
-75.59715
-75.30981
-75.63168
-73.62510
-74.44705
-74.56332
-74.38684
-71.84656
-69.79560
-70.79059
-70.71345
-73.88037
-78.15391
-76.85708
-76.03886
-75.83309
-75.99498
-77.16318
-74.96867
-75.79713
-73.17613
-70.21102
-71.19682
-71.30346
-71.66473
-71.72523
-71.02248
-70.55169
-70.90591
-70.77585
-70.38879
-70.03503
-70.05039
-70.84671
-74.38415
-75.20990
-73.70973
-74.15030
-73.79585
-73.41097
-73.32190
-73.21144
-72.76413
-72.66734
-72.79934
-72.78073
-72.98766
-73.89838
-73.42812
-73.30843
-74.17445
-74.16930
-73.92268
-74.26517
-74.15915
-74.62905
-73.19693
-72.98532
-73.80688
-74.37376
-73.26644
-71.52862
-71.75312
-71.48934
-71.94280
-71.99593
-72.27320
-71.96790
-72.03056
-72.35098
-72.58280
-72.54009
-72.68357
-71.47752
-70.52422
-70.98936
-70.40716
-70.59177
-70.06946
-70.56083
-70.28505
-71.06517
-71.10114
-71.91501
-71.22277
-72.54893
-72.45441
-68.03333
-67.90708
-67.68944
-68.83078
-70.23005
-74.88912
-70.77907
-68.76728
-69.57615
-69.40472
-68.67823
-68.79127
-72.16860
-69.25286
-69.90501
-69.78892
-72.08140
-75.12570
-74.22633
-74.48202
-73.87918
-74.49572
-74.34841
-73.88641
-73.84676
-74.91608
-70.79810
-71.08553
-70.90898
-71.81865
-75.11069
-74.64749
-75.71986
-74.82636
-75.52142
-75.39239
-75.53073
-75.90270
-75.68432
-71.28956
-69.68447
-70.95082
-71.24525
-71.64067
-71.85865
-70.79842
-69.74926
-70.28306
-70.52252
-70.21706
-69.77384
-69.99268
-70.72725
-72.60599
-72.34594
-72.24568
-73.29634
-73.64443
-73.37470
-71.92474
-72.38812
-73.35426
-73.55884
-72.44615
-75.54992
-76.80173
-71.17799
-70.93018
-71.46792
-71.19165
-71.05719
-71.77933
-72.02456
-71.08604
-71.03769
-71.00429
-71.45044
-71.59416
-71.66896
-67.54779
-66.50598
-67.08811
-66.49161
-67.89429
-65.72866
-66.95936
-67.00986
-66.04874
-68.04594
-66.92560
-66.67872
-67.07153
-67.38367
-66.31553
-68.26502
-67.97241
-67.50974
-68.46438
-67.97787
-68.02749
-67.38531
-65.99274
-66.06094
-66.64088
-67.64145
-69.26904
-67.17138
-67.63158
-68.01737
-69.17322
-68.55565
-68.05220
-67.78341
-66.85088
-67.76906
-68.70147
-68.11469
-70.07459
-71.23598
-68.02643
-69.07026
-68.70858
-69.49796
-69.42656
-68.54215
-68.28552
-68.11587
-69.19372
-68.82519
-70.34471
-73.82724
-74.66261
-71.17043
-69.82511
-70.79481
-71.08252
-69.99918
-70.53565
-71.29343
-71.29659
-71.29835
-71.19095
-70.80842
-69.77026
-70.29440
-68.80011
-68.19205
-68.70201
-68.43992
-68.55491
-68.56237
-67.70059
-67.22376
-67.83308
-68.05416
-67.63447
-66.82952
-67.40488
-69.01863
-69.78194
-68.52301
-67.19950
-67.08418
-67.97757
-67.52263
-68.21702
-69.41910
-67.93777
-68.05161
-67.83032
-68.47742
-70.18295
-71.62148
-73.08625
-72.70488
-73.42642
-72.95245
-71.80634
-71.69374
-72.23529
-72.55609
-71.87260
-73.12903
-73.42945
-73.71661
-73.48540
-71.74809
-72.70038
-74.14062
-73.91974
-73.09154
-73.46333
-73.80461
-73.37475
-72.56281
-73.27939
-73.54370
-74.73375
-72.38144
-71.55783
-72.34162
-71.42886
-71.12861
-70.49604
-71.41868
-71.25671
-71.65163
-71.40431
-71.53370
-71.39660
-76.03932
-70.89372
-67.89814
-68.18179
-67.76379
-67.77314
-67.83190
-73.38645
-70.11583
-69.60435
-69.50299
-69.09425
-68.61910
-69.64000
-73.64946
-70.38748
-71.75071
-70.49031
-71.14403
-75.39585
-74.23588
-73.93449
-73.51063
-75.26530
-76.46607
-74.11700
-73.53326
-73.02960
-70.76384
-70.83384
-71.37425
-72.14980
-75.03489
-75.38414
-75.61988
-76.42868
-76.98964
-76.40308
-74.75086
-75.03922
-75.93448
-71.47611
-69.84581
-71.28044
-71.64020
-71.38568
-71.26323
-71.53234
-71.76073
-71.91859
-71.09376
-70.30095
-72.22754
-76.78158
-74.54779
-73.24672
-73.41503
-72.57907
-72.47256
-72.80393
-73.07967
-73.26870
-72.97649
-72.39555
-72.35191
-72.48663
-74.90158
-73.95745
-72.17095
-72.20209
-72.40431
-72.32229
-72.36761
-73.08480
-72.21634
-72.72144
-73.00245
-73.04794
-72.90385
-72.39512
-72.99720
-71.79163
-71.49776
-72.09504
-71.52527
-70.52257
-71.60122
-72.21908
-72.27545
-71.34043
-70.58334
-71.55559
-73.12132
-76.05520
-70.31946
-69.25385
-70.32653
-69.70740
-69.33580
-68.57887
-69.28578
-69.88990
-69.09082
-68.81038
-68.79431
-68.67867
-72.74741
-70.98596
-70.15117
-69.78924
-72.67560
-73.06942
-68.72179
-70.29805
-68.69614
-69.53853
-70.64991
-70.05017
-70.32978
-70.03426
-70.75550
-72.23569
-72.15135
-72.23872
-71.49643
-71.01426
-71.16403
-71.19712
-71.69622
-71.11065
-71.75548
-71.96690
-71.85586
-72.90753
-72.64723
-72.34329
-72.60701
-72.64912
-72.99831
-72.65753
-73.12141
-73.05990
-73.14163
-73.78928
-74.58289
-76.46040
-76.23076
-71.25255
-70.49354
-71.53137
-71.18437
-71.67809
-71.48339
-71.64552
-71.39649
-71.27772
-70.55834
-70.58052
-70.37871
-70.38062
-70.26090
-70.35278
-70.88840
-71.34143
-71.93418
-72.46415
-72.15171
-72.22570
-73.95497
-73.34923
-73.02970
-72.78614
-75.23435
-73.96879
-72.91504
-73.27093
-72.90996
-74.02775
-73.77279
-73.22033
-72.75633
-73.54192
-72.61084
-72.47003
-73.36682
-74.04291
-73.35298
-73.06356
-74.65131
-73.72925
-72.86507
-73.99569
-72.83058
-72.28936
-72.40975
-73.92688
-74.64759
-75.24413
-75.97188
-74.04289
-70.37238
-70.97286
-71.79820
-70.84122
-74.50278
-74.24906
-73.65039
-73.12196
-73.73275
-74.52961
-74.95964
-74.07735
-75.28615
-70.36509
-68.04711
-69.43322
-68.85339
-69.24009
-69.54465
-70.60088
-69.21224
-69.54110
-69.57856
-68.96751
-69.12307
-68.61381
-69.90194
-70.07738
-71.27320
-75.29954
-75.58112
-75.44506
-75.42574
-74.63495
-74.25402
-74.20171
-74.16563
-74.29406
-76.63400
-73.13145
-70.33846
-71.73573
-70.95849
-71.73680
-74.14126
-74.57654
-74.56709
-75.82710
-76.56595
-76.90534
-76.11857
-77.21067
-76.99139
-70.76642
-70.98541
-71.11218
-70.70196
-70.62424
-70.62875
-71.34982
-70.93865
-71.78200
-71.47934
-71.40998
-73.83568
-75.21838
-73.24986
-73.08948
-73.05228
-72.89540
-72.63637
-73.06174
-73.59225
-72.79278
-73.54435
-74.31794
-73.88171
-74.96790
-76.72881
-74.40304
-71.87026
-71.91196
-71.20212
-71.63728
-71.00317
-71.51717
-71.48391
-70.03572
-71.07256
-70.83757
-70.65641
-71.68339
-70.92649
-69.14535
-70.16991
-69.29575
-69.83291
-70.17724
-70.51011
-70.85644
-69.86368
-69.47926
-69.42502
-71.91673
-76.65857
-75.12595
-69.06852
-69.16857
-68.77506
-69.40975
-69.30220
-68.88703
-69.81799
-69.49736
-68.27272
-68.67790
-70.62793
-69.63900
-69.27365
-68.95968
-69.23018
-69.19489
-70.12208
-69.80636
-70.10398
-69.08167
-69.45723
-69.82978
-68.65457
-68.84962
-69.67831
-70.64133
-69.53365
-68.88191
-67.49501
-69.92115
-70.43176
-69.92357
-70.51601
-70.66985
-71.68302
-69.44874
-69.64022
-71.00389
-70.12512
-71.28271
-71.66944
-69.35601
-69.74767
-70.24991
-70.18065
-70.22615
-71.04064
-70.29671
-69.93313
-70.58782
-70.33823
-70.30532
-70.43555
-70.51442
-70.50899
-70.05756
-70.03918
-70.30416
-70.72218
-70.74778
-69.88052
-70.39031
-71.18124
-71.13889
-70.57829
-71.51878
-70.97845
-71.02374
-71.24883
-70.56378
-72.05597
-71.45892
-70.40400
-70.01309
-70.46986
-71.52519
-70.12114
-70.05215
-70.50675
-70.23675
-71.27014
-71.88916
-71.54461
-71.38446
-71.73482
-71.10410
-70.97375
-71.54384
-71.82876
-72.32463
-72.37158
-72.83258
-72.36983
-73.11182
-73.53971
-72.05145
-72.63361
-73.30985
-74.54716
-73.35098
-72.83570
-73.67872
-73.15531
-73.04844
-72.70677
-73.83797
-72.43289
-72.02117
-73.90297
-73.47198
-74.38927
-74.27338
-73.81273
-74.56071
-74.57896
-74.68728
-75.09538
-76.05822
-76.16793
-77.35855
-78.01564
-78.48359
-78.78977
-78.55674
-78.83776
-78.16897
-79.11546
-79.49785
-78.58450
-78.55381
-78.89775
-78.57522
-77.56463
-77.29823
-77.80642
-77.50235
-76.86881
-76.90638
-77.86730
-77.75825
-77.94201
-78.71566
-78.76253
-78.40386
-77.99373
-77.62983
-77.02620
-77.62639
-77.86781
-77.87910
-76.84825
-77.37263
-76.99000
-77.80243
-77.68783
-77.59980
-78.16568
-78.00252
-76.09470
-71.06859
-71.57435
-71.50895
-71.58595
-71.83285
-71.78292
-71.96171
-71.80552
-72.67319
-71.62351
-72.25974
-72.06598
-71.30435
-71.05028
-71.92047
-72.90825
-72.95569
-73.05136
-73.16690
-72.40518
-72.47509
-72.03732
-72.46904
-71.61558
-72.70229
-74.85224
-70.24358
-69.72847
-70.24558
-70.02757
-69.85234
-70.12699
-69.95922
-69.55593
-70.58499
-70.09229
-69.49074
-69.58201
-70.00501
-70.63539
-71.16429
-70.78621
-69.51884
-69.28301
-69.80862
-71.98034
-71.68699
-69.07998
-70.46419
-71.64943
-70.94659
-70.50170
-70.69381
-70.95872
-70.59654
-72.51070
-71.73920
-71.72576
-73.13089
-71.26706
-71.05836
-71.91089
-72.90014
-73.36404
-71.77801
-71.67556
-70.94508
-70.96996
-73.49081
-74.09664
-74.77603
-73.14421
-72.74677
-72.20682
-72.37907
-74.65943
-75.26258
-73.87695
-73.49960
-73.60885
-72.72922
-72.71906
-73.23027
-73.11823
-73.15103
-73.97376
-73.69183
-75.33686
-74.73351
-74.36640
-74.09719
-74.50818
-75.14624
-74.15993
-74.09823
-74.43607
-73.74812
-73.25217
-74.83647
-75.43060
-76.17528
-76.36647
-76.87284
-75.32628
-75.88056
-74.11253
-71.00456
-71.61655
-71.74808
-71.64170
-72.27256
-71.87604
-70.89446
-71.02892
-70.88054
-70.72639
-70.24179
-70.23583
-70.79911
-71.12934
-72.57617
-72.46293
-71.25931
-72.14662
-72.45767
-73.00766
-72.91368
-71.74709
-71.80013
-71.27169
-73.07434
-71.38230
-69.32309
-69.90958
-69.69995
-69.31814
-69.05501
-69.12701
-69.88078
-69.38376
-69.13499
-69.31999
-69.78654
-69.06063
-68.99885
-68.87203
-68.86911
-70.05763
-68.27011
-69.42264
-68.49285
-69.04545
-69.81413
-69.09994
-70.22735
-70.68082
-71.89302
-75.75282
-74.76339
-70.86296
-72.08029
-71.88988
-71.34185
-71.24135
-71.65418
-70.93850
-72.13210
-71.64390
-71.47371
-71.35389
-71.70024
-73.06976
-72.27284
-72.79991
-72.45898
-73.03592
-73.05501
-71.93623
-71.70837
-73.20088
-73.43248
-73.26183
-72.92463
-73.53417
-72.77194
-71.35206
-71.25784
-71.03351
-71.63085
-71.19430
-71.06091
-71.21387
-71.51351
-71.92903
-71.34448
-71.66183
-72.03136
-72.20890
-72.08495
-71.66735
-70.80587
-71.17944
-72.01019
-72.06061
-70.60473
-70.51482
-71.52542
-70.95473
-72.40802
-73.06586
-72.32953
-70.78412
-69.93444
-69.87461
-69.90899
-70.28256
-70.52571
-70.59951
-69.83143
-69.65590
-69.98495
-69.63374
-70.18928
-70.44701
-70.17944
-70.89498
-70.52095
-69.62453
-70.12774
-70.56328
-71.09602
-72.28806
-70.53704
-69.46098
-70.14545
-70.29180
-74.43042
-72.38704
-68.14708
-68.59462
-68.20646
-68.85064
-68.08475
-67.79143
-67.87738
-67.71503
-68.39057
-68.81719
-68.21412
-68.32103
-67.70681
-67.67039
-70.06435
-69.44177
-68.38814
-67.67199
-68.05573
-69.08264
-70.12564
-69.35357
-68.66022
-67.27792
-67.55097
-69.25044
-68.46110
-68.00049
-68.17024
-68.83472
-68.40936
-67.74991
-68.29888
-68.26719
-68.07376
-67.61286
-68.04110
-69.58857
-69.72194
-69.14389
-69.08131
-69.25886
-68.09966
-68.12908
-68.97215
-68.48539
-68.38257
-68.19679
-68.17081
-70.96548
-70.38211
-68.60571
-68.62959
-70.33120
-70.03317
-69.26535
-70.51182
-71.11925
-70.64504
-69.91942
-68.67985
-71.23149
-72.74277
-69.83712
-71.76210
-70.26474
-69.61214
-68.86905
-70.11103
-70.79385
-71.73669
-70.73184
-70.73269
-70.59434
-69.26635
-72.11899
-70.37520
-72.39314
-73.59535
-70.98565
-71.51054
-73.30873
-72.47208
-71.38065
-70.38804
-69.39490
-71.85515
-73.72998
-72.44300
-71.97630
-72.62830
-72.66666
-71.55389
-73.27022
-74.79925
-74.05845
-75.08535
-73.94470
-72.99056
-74.38031
-76.43655
-72.09703
-68.63561
-70.10953
-69.84035
-68.54250
-67.41142
-68.16256
-69.44701
-68.87228
-70.00960
-69.76877
-68.59321
-68.66013
-68.58296
-69.20907
-70.19911
-68.60599
-70.23627
-70.41442
-69.67718
-70.52358
-69.56129
-69.42431
-69.07773
-69.58518
-69.72971
-69.46717
-69.66834
-69.86632
-69.99988
-69.55387
-69.01680
-70.55870
-71.87892
-71.10164
-70.97251
-71.31145
-71.97375
-71.28849
-71.74296
-72.39227
-71.94209
-71.97992
-72.23625
-72.23795
-72.08072
-71.91520
-71.83736
-72.43612
-72.82418
-72.50136
-72.74411
-72.34589
-71.91942
-72.76653
-71.95899
-74.36470
-72.89812
-70.00623
-70.54870
-71.23626
-71.00148
-70.77054
-70.70527
-70.41170
-70.87688
-70.64680
-71.14167
-71.21852
-71.44647
-70.32726
-69.03089
-69.79687
-70.55055
-70.92384
-71.48050
-70.53636
-70.06572
-70.00472
-70.06227
-72.24260
-72.25917
-70.79629
-71.63235
-71.53364
-71.51849
-71.49818
-71.30327
-71.48506
-71.58922
-71.57516
-71.47598
-71.49261
-71.81067
-72.88347
-71.94168
-72.14235
-71.47115
-71.37837
-72.59477
-72.87486
-72.02933
-71.73298
-72.42369
-72.41818
-71.79024
-71.50833
-72.13650
-71.16256
-73.19786
-73.37925
-71.48329
-73.46069
-73.32259
-72.86394
-72.75165
-72.57475
-72.98893
-73.23007
-72.31239
-72.71369
-75.40062
-73.91568
-72.11410
-71.23206
-71.88412
-73.15941
-72.31198
-73.65445
-75.89510
-72.99990
-72.67811
-73.08771
-74.35337
-74.32887
-75.11811
-75.01638
-69.68811
-69.43646
-70.12192
-70.31320
-69.31449
-68.96174
-70.10008
-70.78529
-70.00273
-69.36672
-69.61176
-69.95115
-69.69298
-70.56874
-69.66782
-67.40871
-70.64704
-70.50891
-69.15357
-70.95632
-70.98478
-70.29090
-69.42009
-68.83801
-69.94739
-70.68894
-70.03217
-70.20247
-69.57873
-69.94516
-70.09587
-70.90261
-70.63525
-70.44469
-71.49099
-70.56603
-71.08776
-71.10989
-71.40654
-72.20246
-71.14418
-71.71999
-71.90856
-70.59919
-70.42286
-70.49978
-70.00715
-70.78217
-71.97182
-72.66061
-72.00492
-71.85705
-74.36579
-70.58315
-69.05466
-69.60278
-69.75920
-70.20491
-69.27716
-68.75806
-68.68246
-70.05319
-69.75049
-69.29870
-69.11310
-69.93369
-69.65440
-70.14778
-69.90668
-68.90954
-69.94978
-69.67027
-70.03836
-68.62793
-67.64754
-70.14384
-71.98099
-69.92702
-70.62085
-71.09137
-70.94339
-71.65123
-71.42887
-71.79246
-71.70174
-70.45516
-70.45347
-70.94553
-70.23988
-70.05777
-69.88731
-70.12545
-70.27542
-70.60014
-71.65149
-71.64078
-71.29807
-71.55838
-72.33651
-72.82546
-73.03053
-72.96472
-70.87429
-70.37529
-71.40921
-71.59339
-69.27250
-69.12088
-69.29985
-68.76794
-69.07145
-69.08254
-68.18881
-67.89172
-68.92208
-68.54187
-68.97792
-67.77361
-68.86373
-70.63663
-69.61782
-69.05378
-69.46066
-69.32107
-68.40281
-69.88868
-69.82477
-69.50464
-69.61352
-69.27695
-69.30531
-70.04961
-71.16498
-72.35531
-72.63930
-72.31581
-71.62330
-70.69009
-71.70295
-70.79710
-70.53829
-71.80696
-72.72086
-72.54785
-71.50099
-71.91863
-70.71427
-70.92663
-72.68032
-72.38168
-72.13528
-73.58546
-72.96430
-73.66532
-73.62726
-72.84013
-72.25112
-73.39672
-72.08563
-68.04077
-68.64039
-68.60031
-68.00992
-68.64194
-69.48074
-69.24636
-69.96754
-69.40094
-69.31751
-68.84200
-68.85435
-70.28400
-68.95227
-68.25652
-68.22976
-67.99278
-69.02935
-71.13796
-71.82811
-70.21774
-67.82611
-68.64053
-68.61999
-69.27319
-70.27089
-69.98765
-68.46388
-68.00647
-70.42485
-70.24815
-69.27876
-69.93413
-71.73611
-71.05630
-70.01432
-69.85663
-69.02172
-71.00286
-70.77699
-70.75652
-70.31351
-69.15607
-69.88092
-69.12116
-72.17932
-75.15042
-73.84461
-73.58192
-72.22820
-69.90637
-71.51027
-69.96995
-68.01241
-68.24894
-67.95481
-67.87615
-68.49905
-69.11463
-68.55509
-67.89928
-67.39684
-68.48520
-69.27432
-69.45415
-68.71727
-68.14965
-68.01727
-69.94080
-70.14802
-69.59320
-68.86621
-67.55329
-68.30896
-69.73340
-70.48027
-68.37007
-67.06663
-67.49370
-70.34853
-70.76311
-70.76648
-70.80705
-69.13379
-70.64068
-72.28965
-72.04771
-69.71286
-68.84534
-69.28249
-71.47483
-71.00139
-71.40507
-71.64081
-69.94201
-70.58256
-71.45194
-71.75909
-70.77165
-70.50460
-70.25700
-73.56915
-71.59864
-71.43711
-72.40991
-71.75749
-72.53623
-72.76521
-72.36081
-72.06118
-72.34676
-71.53450
-74.68640
-72.84416
-72.21997
-73.16791
-74.26658
-72.66150
-71.63156
-73.85317
-73.67988
-74.48446
-73.96485
-73.90290
-73.50098
-73.00148
-73.60873
-73.12875
-73.64115
-75.64233
-73.69103
-73.94003
-74.31422
-73.71169
-75.92200
-74.12537
-73.32878
-73.60036
-74.59945
-75.79152
-75.12308
-75.15003
-76.26356
-76.96627
-76.02915
-75.54735
-76.48949
-76.16744
-77.01770
-76.59698
-76.77577
-77.95501
-77.85882
-78.72813
-76.78971
-77.71963
-77.25228
-77.68584
-72.08715
-72.83714
-75.44915
-73.70058
-74.70296
-73.00308
-72.86250
-72.99278
-76.53968
-74.93358
-76.71281
-74.68466
-76.55971
-71.71369
-66.19913
-68.65296
-68.55705
-68.99026
-67.89133
-70.64899
-74.47319
-72.41043
-72.06282
-70.62687
-69.95006
-69.46733
-69.42034
-67.63812
-70.69964
-72.41400
-72.40119
-75.13532
-77.20855
-78.84444
-77.17289
-73.83138
-74.95803
-74.86366
-74.18068
-74.45856
-67.51259
-69.08912
-72.38131
-71.89656
-74.57578
-75.47002
-75.28282
-75.68386
-77.17543
-77.37971
-78.29511
-78.55039
-76.96516
-73.70851
-75.20920
-75.49113
-74.75785
-78.43412
-77.00873
-77.86440
-77.51661
-77.63865
-76.74118
-74.81933
-76.49904
-81.43999
-73.16047
-68.55843
-72.41621
-72.40438
-74.69558
-76.47782
-76.22555
-74.36001
-77.66512
-78.80627
-78.25725
-76.48597
-76.64925
-74.29850
-66.61130
-71.54380
-73.37565
-73.84748
-73.60643
-72.69465
-74.15250
-75.14291
-73.80913
-73.09465
-73.32480
-71.40157
-72.44366
-67.97326
-69.90312
-71.71923
-73.29785
-73.98197
-72.96417
-73.11650
-71.88260
-72.22017
-74.31092
-73.33151
-71.63407
-72.61904
-72.62271
-78.00167
-77.24557
-76.44048
-74.68435
-73.78646
-73.65750
-73.80941
-75.01636
-73.48476
-74.60067
-73.40765
-75.21676
-70.36385
-66.70869
-69.64996
-69.41578
-68.81335
-71.25740
-75.23761
-72.10249
-71.99912
-71.01208
-70.42491
-70.73123
-69.66445
-71.49793
-67.98350
-71.03922
-72.34949
-74.20839
-79.26535
-76.49265
-75.39311
-75.18628
-75.88131
-76.32217
-75.24765
-76.11390
-74.15705
-67.12010
-69.45800
-72.32634
-71.98018
-74.75254
-77.05580
-75.16972
-75.08929
-81.12091
-77.01915
-71.87633
-74.74119
-77.17389
-74.18489
-75.25578
-75.12796
-74.06882
-73.69232
-73.16634
-72.87179
-72.69856
-72.56199
-72.65748
-72.51408
-74.35200
-75.12721
-69.69039
-69.13643
-72.47176
-72.79362
-73.90510
-73.52786
-74.04610
-72.26335
-75.08498
-74.73740
-74.28496
-73.04826
-73.10495
-71.11574
-67.38682
-73.47305
-75.75430
-76.18613
-75.59085
-75.02852
-75.15312
-76.15797
-74.82491
-74.93612
-74.78939
-76.72515
-73.45801
-66.80104
-70.06249
-72.95163
-73.32989
-73.60283
-72.33576
-72.55117
-74.47011
-75.61050
-74.81227
-74.98266
-73.56719
-72.37881
-72.98630
-75.87448
-75.75251
-74.15804
-72.82658
-72.44178
-73.05717
-72.38146
-71.27712
-70.77896
-72.03535
-70.95928
-74.05985
-70.31818
-66.77858
-68.73143
-68.42911
-68.56719
-68.96823
-75.01083
-72.72255
-72.09941
-70.34322
-70.26916
-70.77165
-70.25405
-71.46682
-67.73623
-71.41217
-70.92866
-72.05633
-74.20668
-75.71355
-76.30641
-75.68036
-76.01784
-76.29432
-74.87698
-75.52175
-73.58699
-67.20724
-70.42225
-72.08891
-72.14953
-75.11794
-75.68636
-75.73838
-76.63582
-78.00084
-77.99979
-78.10330
-77.55736
-76.05217
-73.66624
-75.87998
-75.27315
-74.28273
-73.11494
-72.10961
-72.04358
-71.87000
-72.48293
-71.85895
-72.83753
-74.36505
-75.06807
-69.58914
-69.30775
-73.22517
-72.82779
-73.42773
-72.92983
-72.64015
-71.78592
-74.67952
-73.40120
-75.10719
-73.32187
-75.85580
-72.47003
-67.06745
-72.73622
-73.16758
-74.58599
-72.64224
-72.09269
-71.95753
-72.30059
-71.78794
-73.05655
-73.31296
-72.00941
-70.50238
-65.74759
-68.03385
-67.94401
-67.72820
-67.84441
-67.48141
-67.38745
-68.29584
-67.38091
-66.48273
-67.80806
-67.43565
-67.14588
-69.20189
-72.83821
-70.28232
-70.35142
-68.91268
-69.78593
-69.79877
-68.90207
-69.72316
-70.40211
-70.67943
-69.74955
-68.55489
-66.32832
-67.50051
-68.61585
-68.74292
-69.41939
-68.32866
-68.10126
-68.88199
-71.70606
-70.69449
-69.59412
-69.78986
-69.14122
-67.88332
-67.74258
-70.86617
-71.27242
-71.46202
-70.19064
-70.60949
-69.99488
-70.32183
-69.75265
-69.87337
-69.39455
-72.43516
-72.47187
-67.61327
-70.58748
-71.49230
-70.89430
-70.73656
-71.06448
-70.00219
-71.45210
-72.30291
-70.87720
-69.96654
-71.56746
-71.89264
-72.59350
-73.58482
-71.59844
-71.61956
-70.17180
-69.19647
-69.22349
-70.36333
-70.41640
-69.86790
-70.78986
-72.18991
-70.73625
-67.99073
-68.52053
-70.15619
-68.62287
-69.32565
-67.73966
-67.75992
-69.22817
-72.02965
-71.46995
-68.83808
-69.44262
-68.74427
-68.30068
-69.37900
-74.84189
-75.39710
-74.51279
-74.69555
-72.20269
-72.10812
-74.69322
-73.25437
-74.50765
-72.89744
-74.31719
-72.77228
-68.53117
-70.27233
-70.86974
-70.62318
-70.24892
-71.52123
-71.33537
-74.49081
-75.46006
-74.67035
-73.85369
-74.71969
-72.60050
-68.64967
-71.99259
-71.97996
-72.09285
-71.66472
-71.58989
-72.13624
-71.57690
-71.81393
-71.72421
-71.93473
-72.07504
-77.55613
-68.56885
-67.58380
-69.50545
-68.46345
-68.65494
-68.51486
-73.56334
-71.61563
-71.85315
-70.56615
-70.82612
-69.60871
-70.19566
-70.94792
-69.03613
-72.75030
-71.89454
-71.45245
-71.06212
-71.51468
-70.95761
-71.54867
-72.27124
-71.81771
-69.52788
-69.95464
-68.50387
-67.12545
-70.85257
-71.54490
-72.42657
-74.53518
-75.50426
-74.47888
-76.19628
-77.02418
-76.45364
-75.25068
-75.25246
-74.34980
-73.73822
-75.53781
-74.53054
-74.74556
-72.90267
-72.35085
-71.78595
-72.11919
-71.75252
-71.21501
-71.77046
-74.33164
-77.92970
-69.19126
-70.07704
-73.79878
-73.13951
-73.16479
-72.98135
-73.14718
-73.61044
-75.99901
-73.79717
-74.83114
-72.52344
-76.14061
-69.26885
-68.12588
-74.71003
-74.43585
-75.14825
-73.58078
-74.54430
-73.60024
-74.10141
-73.34833
-74.14148
-72.47354
-75.28434
-70.29990
-67.74174
-71.78572
-71.68900
-72.42290
-71.88431
-72.22163
-71.31368
-71.70004
-71.53738
-71.46699
-71.42662
-73.86469
-75.37796
-73.12941
-75.28031
-72.71654
-72.46411
-71.62507
-70.18880
-70.06277
-70.58655
-70.85721
-69.80202
-70.33239
-69.98083
-71.08407
-68.66587
-68.98637
-70.12192
-69.86516
-68.49787
-67.91210
-70.12481
-70.32607
-69.48902
-67.40012
-69.15101
-68.89903
-70.01403
-67.84070
-68.99416
-73.96602
-73.32118
-73.98082
-73.03474
-73.06952
-72.11438
-72.98432
-71.47460
-72.84452
-71.84091
-77.00003
-71.54261
-68.22192
-72.66241
-72.46986
-73.26277
-73.11181
-72.21699
-71.41819
-73.38324
-74.34171
-71.60759
-72.90029
-79.38051
-76.16841
-74.09709
-75.98763
-74.93202
-74.13098
-73.71482
-73.14065
-72.88098
-71.87784
-71.53971
-71.40311
-72.83569
-73.57326
-72.33449
-68.47767
-69.96616
-71.58473
-71.61915
-72.43541
-73.21020
-71.40199
-69.67755
-73.44601
-71.41749
-72.81336
-71.74603
-76.05116
-68.40335
-67.36706
-72.45107
-72.27438
-72.93556
-73.22282
-73.07463
-68.10629
-71.00199
-72.04954
-73.33387
-73.26962
-73.91310
-71.06043
-69.70990
-72.10338
-72.46396
-73.05853
-73.79630
-73.27820
-73.28360
-77.12111
-75.45249
-75.47267
-75.57734
-75.94369
-73.41674
-73.58701
-75.55391
-73.06518
-73.57478
-75.91463
-76.69726
-74.98237
-75.40965
-74.65013
-75.23207
-74.65869
-74.89872
-73.79301
-66.56135
-68.14198
-69.84551
-69.64359
-69.08157
-68.97384
-70.42110
-70.69446
-72.36720
-70.70809
-70.37594
-69.55233
-69.50334
-67.06938
-69.85510
-71.92717
-74.70797
-77.19017
-76.07194
-77.12486
-74.83945
-75.78624
-74.75926
-75.99199
-73.09534
-75.85620
-68.92901
-67.69254
-71.77615
-71.35701
-72.73757
-75.52667
-76.13406
-74.95335
-77.86209
-76.80010
-77.49388
-76.19253
-78.10793
-75.13633
-73.45202
-75.79604
-74.34614
-75.07562
-73.28821
-73.19097
-72.47797
-73.05681
-72.65416
-71.38383
-72.54282
-79.03609
-75.84803
-68.78568
-72.00717
-73.32808
-73.71327
-73.63668
-74.06638
-72.35712
-73.76515
-75.90677
-74.16025
-75.26573
-74.73118
-78.44408
-67.52927
-68.68697
-75.77686
-73.60329
-73.63970
-73.45311
-74.20459
-71.50056
-71.66240
-72.16320
-72.75458
-72.09157
-71.77817
-70.15995
-69.31644
-69.95920
-70.05087
-70.07105
-70.76709
-70.43999
-69.99287
-70.20025
-69.75898
-69.34642
-70.82020
-77.56471
-72.48242
-70.07178
-72.12339
-71.24675
-71.16490
-70.20808
-70.03199
-69.41945
-69.90655
-70.32212
-69.88454
-69.58869
-69.15824
-68.87332
-67.73249
-68.88170
-69.07962
-70.13642
-69.86183
-68.64845
-71.20538
-72.58759
-71.26038
-69.96623
-69.75073
-71.74009
-70.63577
-66.72447
-69.68493
-72.99813
-72.03879
-71.44791
-71.87687
-71.63133
-72.66406
-72.42158
-70.72651
-71.69624
-70.61408
-73.94899
-69.39623
-67.91333
-71.20315
-70.00969
-70.50850
-70.81434
-69.86586
-71.63134
-73.68327
-73.44781
-70.70779
-70.70251
-71.50844
-70.90781
-74.15718
-75.03326
-73.88275
-72.37117
-72.56252
-71.93360
-70.62382
-70.96400
-70.10269
-71.05492
-72.28184
-73.66128
-70.75043
-68.01694
-70.32396
-70.69964
-71.13182
-71.44842
-70.83171
-70.76471
-72.83359
-72.72496
-71.03258
-73.43094
-73.43696
-73.02916
-73.21193
-74.87536
-73.63793
-73.10867
-71.18291
-71.62536
-73.01814
-71.67376
-71.94343
-72.50290
-73.00533
-72.05890
-74.37008
-68.15194
-68.29412
-72.22754
-72.19279
-73.40704
-72.64595
-73.42485
-73.43145
-75.60088
-74.23798
-74.71240
-72.43689
-73.07327
-69.18674
-67.30571
-69.84377
-70.08261
-70.78619
-70.35637
-70.88686
-71.52173
-72.38239
-72.14570
-72.76428
-72.39439
-74.28632
-70.58181
-67.90514
-70.45284
-71.23888
-71.05497
-71.16410
-71.35428
-71.57500
-73.99645
-74.24952
-73.15067
-74.02997
-74.00021
-73.83258
-73.07414
-73.77197
-73.59491
-72.99739
-73.50993
-73.16245
-73.54102
-73.01805
-74.12988
-73.36625
-70.31787
-72.27915
-72.58022
-69.54956
-70.00162
-70.46457
-71.22454
-69.90859
-69.99821
-73.45540
-70.98789
-69.73969
-69.70502
-69.43183
-70.00169
-70.58397
-71.09038
-71.40518
-72.66450
-71.02631
-69.85049
-70.62686
-69.69822
-68.16216
-69.38007
-69.14338
-69.17973
-72.52306
-72.14806
-70.43325
-70.33241
-70.67450
-69.34183
-70.15180
-72.12458
-72.30109
-70.75588
-69.73544
-70.15781
-71.15254
-72.25402
-71.23379
-69.88274
-71.37661
-72.56495
-70.52343
-72.38328
-74.32444
-72.98711
-70.85956
-70.42164
-73.77420
-73.48414
-71.37708
-72.19431
-72.35603
-71.28788
-70.97216
-70.89924
-70.64294
-70.51448
-71.76930
-71.68240
-69.66226
-69.98830
-70.60706
-71.37745
-71.62394
-71.66155
-71.62758
-74.25090
-75.98245
-73.86279
-73.83706
-72.45862
-72.28019
-70.41907
-71.44759
-72.44715
-70.09074
-70.20211
-72.32711
-73.50779
-73.23387
-72.80346
-73.41587
-73.54081
-73.38079
-74.26573
-72.50859
-73.44694
-74.02461
-73.49231
-74.62672
-74.36500
-72.10373
-72.78465
-75.79494
-74.95181
-75.46828
-75.93147
-74.78058
-74.71976
-74.02555
-74.86593
-73.43078
-71.26800
-73.18653
-73.94352
-72.73968
-73.59866
-75.23195
-75.61783
-74.21123
-75.12809
-73.21068
-71.87014
-74.98216
-74.97167
-74.36232
-75.01653
-75.42402
-72.04581
-73.61705
-77.44813
-77.64712
-77.69062
-76.05880
-75.87619
-71.56816
-75.34326
-78.16633
-71.16710
-72.02508
-76.12363
-75.28534
-76.16358
-77.89577
-76.20328
-76.24268
-79.40604
-79.60356
-72.34474
-73.56808
-76.68268
-76.37134
-77.17631
-77.44383
-77.57205
-76.31392
-79.31192
-79.75879
-78.82222
-79.82300
-77.39637
-72.19192
-70.89619
-72.25310
-72.07467
-70.36814
-71.71425
-73.19835
-70.13868
-71.05107
-71.76553
-72.06741
-71.94758
-71.67390
-71.36962
-70.02926
-71.58470
-72.19651
-71.90510
-72.02393
-72.53847
-70.87817
-73.90875
-75.92488
-75.32851
-75.00849
-73.47965
-73.81918
-71.94080
-73.28377
-73.43568
-71.56197
-71.44799
-74.15762
-71.02934
-70.69882
-73.96675
-73.92604
-73.00170
-74.10404
-74.05536
-71.52096
-73.53377
-74.39995
-71.01277
-71.28139
-74.49979
-74.14872
-76.04407
-76.72052
-76.17372
-75.62173
-74.88432
-75.85979
-72.81209
-72.58642
-75.85908
-74.37425
-72.41734
-74.88240
-76.14946
-74.24434
-74.11717
-75.25264
-76.05882
-75.03769
-76.47317
-72.48490
-72.05182
-76.72912
-76.60099
-76.59190
-76.57673
-75.83009
-72.23569
-75.00724
-77.43718
-76.72738
-77.33636
-75.62074
-75.88121
-73.01066
-74.52082
-73.92287
-70.17327
-72.34722
-76.22650
-71.21562
-69.14511
-70.70850
-70.45696
-70.52897
-71.63230
-71.15441
-71.37246
-70.98123
-70.44449
-68.31188
-68.36435
-71.39308
-69.40029
-69.54221
-70.92865
-72.37146
-72.41165
-71.46773
-70.07966
-68.32783
-70.40140
-71.21120
-70.75646
-70.23342
-70.22832
-69.28099
-68.44358
-71.84037
-73.26979
-72.73360
-72.55048
-72.95196
-70.53485
-70.36135
-72.11341
-71.32213
-71.20046
-71.12070
-70.97670
-70.43548
-74.01872
-73.55579
-73.46367
-72.40058
-73.00384
-72.14600
-70.39485
-73.31282
-72.47852
-71.73821
-72.25495
-72.21988
-69.87482
-69.83803
-72.24860
-73.15669
-72.79451
-72.99909
-73.15158
-73.33619
-73.17756
-73.99337
-70.46155
-70.62713
-73.61486
-72.51595
-72.71050
-74.11524
-75.10200
-74.96361
-74.97530
-75.22836
-71.91671
-72.27529
-75.83550
-71.95209
-71.79486
-74.15418
-73.66064
-72.61877
-74.40333
-74.57381
-74.68862
-73.91159
-75.82594
-71.85175
-72.44598
-76.24318
-74.45612
-75.92978
-75.33195
-75.45322
-70.19563
-72.56777
-76.62171
-75.43392
-75.05392
-73.31703
-74.03596
-72.75957
-74.44673
-73.04159
-67.26350
-70.74365
-75.22627
-71.90531
-72.72499
-73.42525
-74.93695
-75.22472
-77.60796
-71.26236
-69.86545
-70.91063
-71.29567
-72.59835
-72.32419
-73.79472
-72.17165
-72.42364
-73.91337
-73.70350
-74.02384
-74.08521
-73.49594
-71.06980
-70.44008
-71.99054
-71.01850
-71.06363
-73.31334
-72.97060
-71.31577
-72.62205
-72.96950
-72.71597
-72.16159
-72.48055
-70.70074
-69.84414
-71.68943
-70.44028
-72.08546
-73.17260
-72.70478
-72.81684
-76.73117
-77.37501
-77.40921
-75.62783
-76.17256
-73.49708
-72.83754
-77.63564
-76.59636
-76.97915
-74.61237
-76.52848
-68.29386
-68.79853
-73.93859
-73.01118
-73.67746
-73.17632
-73.56832
-71.88887
-73.75812
-74.02921
-71.08620
-72.32712
-76.59953
-73.24556
-71.53555
-73.60942
-73.39851
-71.16235
-72.93346
-72.64972
-69.72228
-71.53572
-72.62138
-71.33939
-70.45323
-69.71288
-70.51376
-70.78000
-72.96153
-74.15263
-75.94067
-76.71161
-78.16614
-70.35148
-67.28228
-69.85099
-69.53299
-70.93168
-69.35810
-69.47720
-71.05150
-72.05227
-70.87836
-69.81836
-69.71474
-70.24538
-68.50685
-69.82748
-73.43377
-72.29432
-73.66759
-74.38887
-74.92923
-69.52030
-70.50418
-73.47491
-73.96732
-73.81858
-72.65380
-73.43839
-71.86910
-73.42023
-74.78569
-70.37290
-69.70150
-70.63169
-70.75512
-74.19046
-73.72404
-71.01813
-69.76308
-72.81898
-71.63136
-69.57070
-72.64112
-73.54043
-74.18912
-73.11656
-74.00834
-71.93453
-69.89938
-72.15406
-72.33737
-69.24868
-69.66141
-70.83919
-70.44045
-72.51403
-73.39895
-71.35790
-69.84698
-72.57740
-71.90818
-72.16345
-75.01248
-74.93400
-74.19929
-72.92875
-72.57282
-71.17451
-72.99261
-72.62593
-72.60616
-71.87684
-70.93760
-70.47636
-68.00039
-70.73284
-74.03037
-73.23080
-72.77549
-71.92184
-72.05324
-71.03490
-72.69688
-72.42293
-69.49404
-71.89261
-73.61191
-71.04550
-71.98788
-73.55778
-72.17515
-71.29033
-72.71678
-72.07024
-70.78637
-74.35994
-74.34956
-73.82113
-73.33110
-74.07699
-74.19954
-72.97981
-75.19767
-74.70677
-75.80407
-74.94664
-75.54754
-69.67397
-70.29426
-74.66287
-74.09443
-75.21395
-74.62683
-74.80903
-73.66497
-76.25053
-75.75936
-75.99849
-75.15540
-76.47911
-72.32117
-72.62295
-75.35547
-75.17288
-75.55520
-75.08991
-74.35065
-69.60965
-72.66385
-74.46654
-73.61021
-74.07646
-74.21628
-73.23565
-70.16320
-73.21638
-73.11327
-69.50032
-71.95147
-74.01107
-72.64720
-74.14934
-76.60046
-73.16601
-70.99756
-74.18454
-73.07967
-70.45623
-72.18527
-71.86211
-71.58437
-70.67654
-71.25066
-70.05859
-69.32018
-72.96105
-73.01841
-73.55052
-72.21889
-71.78960
-71.34835
-73.35116
-73.70384
-72.87738
-71.72134
-71.58022
-71.82739
-71.53890
-75.46196
-74.14612
-73.89790
-73.12203
-74.65215
-72.32283
-73.70263
-74.66515
-73.80811
-73.98411
-73.74770
-73.29043
-68.00679
-70.90304
-75.16831
-75.22295
-74.83290
-75.05189
-74.97604
-73.39282
-75.42451
-74.02000
-70.99204
-72.91200
-74.27070
-71.75668
-72.73292
-75.47153
-74.11542
-72.52167
-76.87191
-74.14766
-72.59064
-75.88719
-73.57419
-74.07138
-73.50328
-74.13811
-71.88886
-71.36607
-75.91547
-76.09036
-76.90845
-76.30510
-77.12540
-69.50693
-71.34943
-76.08564
-74.79056
-75.48326
-74.50533
-74.70807
-72.83316
-76.83876
-76.43443
-74.58066
-75.13906
-81.71362
-71.72794
-72.32055
-76.78596
-76.46064
-77.14494
-76.61546
-75.74027
-69.80446
-73.92437
-77.46496
-78.29512
-77.41900
-78.39122
-73.00734
-68.77890
-71.87099
-71.39299
-68.89786
-71.41302
-72.64244
-71.55072
-72.69390
-73.34667
-70.43948
-69.40467
-72.60354
-71.91226
-71.40941
-70.58681
-69.27346
-68.98141
-69.04998
-70.26628
-68.90451
-68.89030
-70.08795
-70.35731
-70.60310
-69.77535
-69.92903
-68.73503
-70.03076
-71.79373
-73.00848
-72.10984
-70.74517
-70.02294
-71.81249
-73.86696
-72.77493
-71.97182
-70.22753
-71.10823
-69.95151
-71.33866
-70.02910
-71.60114
-71.56661
-71.46255
-68.51218
-66.58541
-70.27532
-71.72018
-74.24848
-72.08185
-71.67219
-70.51575
-70.88270
-71.97785
-71.21568
-70.35357
-72.84372
-71.42821
-69.51735
-71.45769
-72.56429
-71.56150
-71.57541
-75.23574
-71.24624
-71.55228
-73.65235
-72.18764
-73.86207
-75.05073
-74.00885
-71.32956
-70.41772
-71.34734
-71.29214
-69.85667
-69.67655
-69.70216
-66.96919
-69.22844
-71.30799
-69.97404
-70.18865
-70.95969
-71.26186
-71.60594
-72.68011
-71.47419
-71.20074
-70.34512
-70.48937
-69.61290
-72.30169
-71.76104
-71.33394
-70.98938
-70.11220
-69.31261
-68.66787
-72.23425
-72.22343
-71.33662
-70.90617
-71.20955
-69.57987
-69.71852
-71.82527
-71.45799
-69.38851
-70.62587
-70.72892
-70.43703
-73.07008
-73.27794
-70.38613
-69.22894
-70.21591
-67.89285
-69.56291
-72.60425
-72.26000
-70.51926
-70.00771
-72.97885
-71.63852
-69.24821
-70.64742
-68.84394
-67.15381
-69.08611
-68.54072
-69.69668
-71.12485
-69.77269
-68.94765
-69.14012
-71.52913
-73.07964
-73.45335
-74.25571
-73.38919
-72.48905
-72.20283
-71.67285
-71.62012
-71.32782
-72.00307
-73.16093
-73.42800
-73.30394
-73.54579
-73.18948
-72.62312
-72.75201
-73.56272
-73.53482
-72.86228
-72.96687
-74.41536
-74.51697
-72.63996
-72.86064
-72.62358
-73.47270
-70.57672
-69.52743
-73.09653
-74.29158
-74.27647
-75.26092
-74.47616
-75.43189
-77.46073
-77.13322
-77.42394
-75.88110
-75.93589
-73.46366
-76.04834
-76.90319
-75.67436
-76.59333
-75.89336
-76.56157
-75.96381
-77.05148
-75.86913
-77.03324
-75.37833
-76.34895
-73.76420
-71.53347
-71.44992
-72.46412
-73.94073
-73.21468
-75.66201
-72.48493
-71.27620
-71.72263
-71.45717
-71.58021
-71.51900
-71.85371
-73.03463
-73.79642
-73.47668
-73.14186
-72.70713
-72.37928
-71.85878
-72.73104
-72.63998
-73.15920
-73.71521
-73.81514
-73.72142
-73.57409
-75.17532
-74.60568
-74.57390
-73.74696
-74.28340
-72.15444
-74.14487
-77.88540
-75.43814
-75.36668
-74.42717
-76.59885
-68.39618
-67.98723
-71.15742
-69.14076
-69.79343
-74.29334
-75.05452
-74.54089
-77.75437
-76.67454
-77.11975
-74.88315
-76.87399
-71.35006
-72.12677
-75.35317
-73.07408
-72.98071
-72.74942
-74.13676
-72.94208
-73.18990
-73.01088
-74.47951
-75.48406
-75.79076
-75.17897
-74.97546
-74.51818
-74.09953
-74.66956
-74.98421
-75.07069
-71.95777
-72.91873
-75.99318
-73.95642
-74.30422
-73.78655
-72.36505
-70.25172
-70.04268
-72.99326
-74.32966
-75.30101
-75.57194
-76.33038
-75.85038
-76.23532
-75.93120
-75.63015
-78.07957
-76.66291
-75.09598
-76.77348
-76.07021
-76.00242
-76.76902
-76.68080
-77.04715
-74.92488
-72.33411
-73.54712
-74.00777
-73.25210
-75.05496
-72.52140
-71.51047
-70.96468
-71.83424
-73.30014
-73.22514
-74.57922
-73.65422
-73.84608
-74.84719
-74.32018
-73.88660
-74.43346
-74.49919
-74.29401
-74.80490
-74.61575
-75.55640
-75.64114
-76.22703
-74.88821
-74.36014
-74.44853
-74.53562
-75.18025
-75.33547
-75.29220
-74.28358
-75.70317
-76.46964
-74.61322
-73.84338
-77.68510
-70.58549
-72.75514
-79.29106
-75.52806
-75.38398
-74.26356
-76.06370
-67.98242
-66.99328
-69.69295
-69.43728
-69.69810
-71.04148
-70.04946
-71.47500
-74.40630
-74.22500
-74.81201
-73.49117
-74.12636
-71.73305
-75.06556
-78.25055
-76.25179
-76.17099
-74.54489
-75.63631
-75.10972
-75.50857
-75.20903
-75.16083
-73.71953
-77.19157
-70.67317
-67.80030
-72.75614
-73.69217
-74.89083
-74.71910
-76.27979
-74.26183
-77.03488
-76.82265
-76.62782
-76.46818
-77.23930
-74.41761
-68.77236
-74.44873
-76.94484
-77.00288
-76.47541
-78.16647
-76.71426
-76.82528
-76.48261
-77.08968
-76.83441
-77.99872
-77.01940
-67.68071
-70.66041
-75.22473
-76.00633
-76.30864
-76.32196
-76.37260
-77.12822
-78.55375
-77.37712
-77.67114
-76.63321
-76.86145
-74.28327
-75.60696
-76.11024
-74.95865
-74.65791
-73.44867
-73.53126
-73.11325
-73.09829
-72.32969
-72.23458
-73.65625
-75.40490
-70.40570
-69.08106
-72.69560
-71.76583
-72.72966
-72.47176
-72.52550
-72.31157
-74.25693
-74.74325
-75.88059
-73.42297
-74.33367
-71.31435
-67.57428
-72.06818
-69.62363
-70.45794
-71.60045
-71.49311
-71.87094
-71.18011
-71.54188
-70.67804
-70.39611
-69.95901
-70.34757
-70.29920
-71.23778
-70.75948
-70.18758
-70.09549
-69.94354
-70.77944
-70.79942
-70.43280
-70.54272
-70.38966
-71.10674
-69.70037
-69.32824
-73.70476
-74.44215
-75.66327
-74.74304
-73.02875
-72.39644
-71.99587
-74.26397
-73.22985
-73.54796
-74.04068
-76.10907
-69.03864
-68.42185
-72.93180
-72.19391
-73.53720
-73.35184
-73.21420
-73.16893
-75.59856
-73.84760
-74.94337
-72.67882
-75.27249
-70.73787
-67.59799
-73.81558
-73.32605
-76.02411
-75.22334
-75.10610
-75.23601
-76.47790
-74.26011
-73.98526
-73.70406
-77.00762
-73.03140
-67.04843
-71.09262
-73.13144
-73.72012
-73.73983
-74.78538
-73.04798
-74.17650
-77.33275
-74.77490
-72.05935
-74.08854
-75.71735
-73.38861
-76.17775
-75.71577
-74.88714
-73.82699
-73.63827
-73.25927
-72.55800
-72.94835
-71.60377
-71.26407
-74.25572
-74.15078
-69.53802
-69.36660
-71.40686
-71.24468
-71.83261
-73.03609
-72.81167
-72.91237
-75.89248
-72.97999
-73.53797
-73.19599
-73.58401
-70.52615
-67.96587
-71.89335
-72.10446
-71.79837
-70.56797
-70.05169
-70.34512
-70.72888
-69.74838
-69.70913
-70.03652
-70.68048
-70.25531
-67.16749
-68.07170
-69.15955
-69.47939
-68.99863
-68.64783
-68.68763
-71.25320
-73.03394
-71.01658
-70.57724
-69.73652
-72.55064
-70.56915
-72.09187
-73.88710
-72.56094
-73.07446
-72.93588
-72.78823
-72.43151
-72.27250
-71.75200
-72.80525
-71.39540
-73.63354
-68.42351
-68.87824
-71.83260
-71.95566
-72.34600
-71.90782
-73.52276
-72.77597
-76.24084
-74.08323
-75.23726
-73.95788
-74.14790
-69.70600
-69.10826
-73.96230
-73.09097
-72.87391
-71.65841
-72.53985
-72.10270
-73.07589
-72.76382
-73.18260
-71.76172
-73.41586
-70.36975
-67.27264
-70.52320
-71.20715
-71.57687
-71.70147
-72.01179
-72.10199
-73.04059
-72.46368
-73.02315
-73.38788
-72.61429
-72.63023
-72.66806
-75.39239
-74.59671
-73.81712
-72.18947
-70.97283
-71.14566
-71.25212
-71.74978
-70.72217
-71.41059
-72.94639
-72.85440
-69.17487
-69.01185
-71.20456
-72.05133
-71.32257
-70.64327
-70.96097
-71.75487
-74.16294
-72.64540
-73.34592
-71.56775
-76.89295
-70.49769
-67.13831
-70.74298
-69.40211
-70.16546
-69.73513
-69.36661
-68.75533
-68.86085
-68.97955
-69.91677
-69.54548
-69.42346
-67.80778
-66.42104
-69.46893
-70.69838
-70.28776
-69.24567
-67.49036
-67.99758
-69.30993
-69.43701
-69.37766
-68.46537
-67.84308
-68.67585
-71.29889
-73.23953
-71.99025
-72.08837
-70.43571
-69.74041
-70.34304
-69.42585
-68.38775
-68.77676
-68.92242
-68.58225
-69.00558
-66.89598
-68.61858
-70.52558
-69.35203
-68.60502
-69.03757
-69.61522
-69.56099
-71.12234
-71.18678
-71.27228
-69.88018
-69.19629
-67.01063
-68.89919
-72.57324
-72.12672
-71.95944
-70.50425
-69.97946
-70.50566
-71.69788
-71.67216
-70.32261
-69.58674
-71.52810
-68.52620
-67.42722
-69.52021
-70.64255
-71.08557
-69.64699
-68.62140
-70.10887
-73.57207
-75.06102
-72.23091
-71.22379
-72.51520
-71.71964
-73.98045
-78.30925
-75.16850
-75.35739
-74.19224
-74.13244
-74.44912
-73.95883
-73.50581
-71.60518
-73.40613
-77.10870
-77.20676
-68.82505
-70.40276
-73.55599
-71.92540
-72.07934
-75.20200
-72.54509
-71.52115
-75.90059
-74.72749
-75.85434
-73.42149
-73.94967
-67.38745
-67.94444
-70.31296
-70.76812
-71.42064
-70.49913
-71.25375
-70.04241
-70.31811
-69.56564
-71.02000
-69.83919
-70.24393
-67.01547
-67.55737
-72.35427
-71.87767
-71.96164
-69.87396
-70.04021
-67.60471
-67.33767
-67.70964
-68.33359
-68.78277
-68.99841
-70.68603
-69.37409
-71.69759
-71.13343
-70.86937
-70.97382
-71.70611
-72.59179
-72.32089
-72.10930
-71.97372
-72.37527
-71.88999
-72.90761
-68.28771
-69.24458
-72.31113
-70.78174
-71.08891
-72.33823
-71.66769
-72.81164
-76.09966
-74.86806
-74.73330
-72.46606
-74.25233
-69.80713
-69.54061
-73.01959
-72.57844
-73.23332
-72.29011
-72.02006
-71.15208
-71.24342
-71.39573
-72.37348
-70.37941
-71.58694
-68.43303
-67.27394
-71.13825
-71.41949
-70.53871
-71.12412
-71.80204
-71.97428
-72.81919
-71.88261
-72.56820
-72.45288
-72.34984
-71.48547
-73.98931
-77.45468
-74.83984
-75.01464
-73.90367
-73.17091
-72.76536
-72.79806
-72.16449
-72.09646
-73.26043
-74.25426
-73.30416
-68.66505
-70.38411
-72.54240
-73.48406
-73.23370
-72.82059
-71.75265
-72.26196
-75.19712
-73.97334
-72.78911
-71.77385
-74.70910
-67.56182
-67.88957
-70.72155
-70.75110
-71.52444
-71.19120
-73.31135
-72.63664
-74.75989
-73.44833
-72.63631
-73.74726
-74.07204
-73.13187
-73.71682
-73.93245
-73.35392
-74.58865
-75.32575
-75.56052
-75.34728
-74.29932
-73.61065
-73.94017
-73.11858
-75.81147
-70.39216
-67.00358
-72.29327
-72.60294
-71.80637
-71.00236
-70.57007
-70.96520
-69.87459
-70.33932
-70.52232
-70.55536
-70.27100
-70.14820
-67.39963
-69.50786
-70.81120
-70.34372
-72.03064
-70.58736
-70.43972
-71.76043
-72.57152
-70.57635
-69.92293
-72.54397
-72.74166
-67.55444
-69.54658
-73.44643
-73.65711
-73.01559
-72.92434
-71.90724
-71.38667
-73.07364
-72.15153
-72.17079
-70.91436
-73.10547
-68.29301
-68.77707
-72.27668
-71.75395
-72.42136
-72.31234
-71.77629
-71.42130
-73.86036
-71.96016
-71.96337
-71.43013
-71.99925
-72.12352
-74.36258
-73.50385
-72.26929
-71.98829
-70.66012
-71.17167
-70.61109
-72.15278
-71.07124
-70.67055
-71.00067
-71.03761
-69.41916
-67.78847
-70.42739
-70.83237
-71.76692
-70.79938
-70.08303
-71.15001
-71.61952
-70.90586
-68.60033
-69.12410
-69.18444
-71.42245
-68.31518
-69.57635
-72.03154
-71.46471
-72.38135
-72.17165
-72.34143
-71.43536
-71.83238
-71.39632
-72.84761
-71.27240
-72.00421
-67.38805
-67.83983
-71.03319
-70.89298
-71.16599
-70.72369
-70.32549
-71.16351
-76.49266
-73.77409
-76.03417
-77.27558
-79.15539
-74.27328
-71.20123
-72.58976
-71.24310
-72.39568
-71.39571
-70.97652
-69.77398
-70.06024
-69.68934
-68.45665
-69.61248
-69.67421
-68.37019
-66.63039
-68.04133
-69.27210
-71.20007
-70.64025
-68.97379
-69.67137
-71.10964
-70.42847
-69.72171
-71.33535
-70.64805
-69.65573
-68.33089
-72.07455
-73.85245
-72.74622
-71.84373
-72.89302
-72.04982
-72.01666
-71.44331
-72.42658
-72.95547
-70.45143
-73.49160
-67.94273
-68.34437
-71.84277
-72.78343
-73.26841
-73.15254
-73.41552
-73.47064
-73.90687
-73.78833
-73.39328
-72.60451
-74.70779
-71.78131
-71.55756
-73.63465
-72.10006
-71.71680
-69.54727
-68.98582
-69.22808
-69.16251
-69.15694
-68.52058
-70.49405
-73.41575
-70.38313
-67.88064
-70.06987
-69.55197
-68.54166
-67.33432
-68.04276
-68.98771
-72.00798
-70.58549
-69.34488
-71.33317
-70.57387
-68.67534
-67.16232
-70.85514
-70.64260
-71.78283
-70.54034
-71.28639
-72.31039
-71.18374
-71.45922
-71.78701
-71.24147
-72.82166
-70.38210
-66.46307
-68.84839
-71.00054
-70.87381
-69.71463
-71.33271
-71.91056
-69.98721
-69.26762
-73.42772
-73.01786
-71.29643
-73.64475
-69.80011
-69.76884
-71.99029
-71.49536
-70.73104
-69.68418
-69.61153
-69.78632
-69.03453
-68.60810
-69.06194
-69.30147
-70.73405
-68.83638
-66.72524
-68.35802
-68.85755
-69.89452
-70.25953
-69.89798
-69.50088
-69.98679
-70.88987
-70.79172
-68.95244
-69.17946
-69.14023
-66.98496
-69.51345
-70.98539
-71.47661
-71.18297
-69.65321
-69.24519
-71.88348
-70.88633
-70.19453
-72.21549
-71.36233
-70.99008
-68.18874
-69.22375
-70.24561
-69.33963
-69.97268
-72.10532
-71.56997
-71.82338
-73.05919
-71.22216
-70.54124
-72.57806
-71.83827
-70.67137
-74.07040
-77.62836
-77.24654
-74.35137
-72.82560
-72.50427
-73.39518
-74.03188
-74.05810
-73.11786
-73.45479
-72.39015
-72.81282
-73.95759
-74.45586
-74.40120
-74.00515
-73.06816
-74.92049
-75.31474
-74.00122
-73.05814
-75.15627
-74.00822
-74.22326
-73.07809
-68.24065
-72.87550
-73.98367
-72.86669
-73.42325
-73.39349
-74.09202
-73.25452
-73.60229
-74.98965
-65.58536
-64.05697
-69.26272
-71.55132
-74.46225
-72.31667
-74.88544
-73.59569
-76.63621
-72.16656
-68.10988
-71.58028
-71.96009
-73.49170
-73.90729
-75.51507
-73.34175
-74.04004
-76.37455
-74.23017
-73.80806
-72.48326
-73.15022
-72.57860
-72.99017
-72.45116
-72.32901
-72.14536
-73.27532
-70.58999
-68.16350
-71.03181
-71.30492
-71.80762
-72.49911
-73.03544
-71.95196
-73.26750
-73.46994
-73.70530
-74.29093
-74.24792
-72.21804
-68.63915
-72.72760
-74.21229
-73.44114
-74.88193
-74.92345
-74.61253
-74.15819
-74.36129
-74.53705
-73.91932
-73.37672
-72.74206
-71.21393
-72.17104
-73.13930
-73.65678
-74.31695
-73.99417
-73.15142
-74.13030
-75.19068
-74.58019
-74.10137
-74.40447
-75.15897
-74.22535
-77.11743
-79.23439
-76.59821
-77.76130
-76.89666
-76.98006
-75.80983
-76.52385
-75.16031
-74.92130
-76.43120
-80.89982
-71.69145
-68.51718
-74.10330
-74.86575
-75.40861
-74.77969
-76.17623
-73.73818
-77.56795
-77.19433
-77.38260
-76.33019
-76.60505
-73.33636
-67.24969
-71.47075
-73.00871
-73.30877
-73.53334
-73.09871
-72.77128
-72.67159
-71.96893
-72.08089
-72.34909
-72.76423
-73.03998
-69.55282
-70.94499
-71.97480
-71.46122
-73.92885
-72.83772
-71.49323
-73.25358
-71.66499
-72.28107
-72.12001
-72.48865
-72.96579
-72.30238
-75.75080
-75.15960
-73.87951
-72.56707
-73.83414
-73.35672
-72.59192
-73.33554
-73.20298
-74.13723
-72.33172
-74.22273
-70.80367
-70.10638
-73.55779
-72.12480
-73.32090
-73.54195
-74.49664
-73.59745
-75.38997
-74.66043
-75.31601
-73.97381
-74.18792
-72.65807
-68.62210
-73.67028
-75.86031
-76.52500
-76.10502
-76.11629
-75.52755
-74.86571
-75.45038
-76.48723
-76.32465
-76.52901
-75.32889
-72.65807
-74.12501
-74.36299
-74.45128
-74.78305
-75.35008
-73.84945
-74.83194
-78.56842
-76.37615
-72.11598
-75.59795
-76.04508
-73.04932
-76.22195
-75.60851
-75.08656
-74.87935
-73.56695
-73.18421
-72.27721
-72.93285
-71.61578
-71.99365
-73.21796
-74.37904
-70.46673
-69.45065
-73.15618
-72.88223
-72.46662
-72.48926
-73.19467
-72.45913
-74.80353
-72.95368
-73.76490
-72.30128
-74.38719
-70.08596
-68.53955
-73.42571
-72.01913
-72.78351
-71.12449
-72.22328
-70.70234
-71.16928
-71.55860
-72.38229
-71.33927
-71.81860
-69.76277
-67.77299
-70.86508
-70.73168
-71.66432
-70.38096
-70.26024
-72.12440
-72.44935
-73.25532
-74.00511
-73.19570
-72.27608
-70.25597
-72.27356
-76.97818
-75.23091
-74.29042
-72.73434
-72.49145
-71.92629
-72.26275
-73.05288
-72.72303
-73.22369
-72.43446
-73.78613
-69.73003
-69.07436
-72.14802
-71.89318
-72.85255
-72.60934
-72.99173
-72.18608
-74.55992
-73.49886
-73.57785
-72.77626
-73.06728
-72.28554
-69.44308
-72.62376
-73.04340
-72.44152
-71.57985
-72.20397
-72.39545
-72.99243
-73.21624
-73.24204
-72.49264
-72.86050
-72.07142
-69.94048
-71.60732
-71.76061
-71.37935
-71.30007
-71.72198
-72.10840
-73.04081
-72.54197
-72.54328
-72.85620
-72.80302
-71.53786
-73.06310
-76.61156
-73.12285
-72.82908
-72.06050
-71.93840
-71.69004
-72.07553
-71.36541
-70.03783
-71.71644
-72.86944
-73.09701
-68.93954
-68.89575
-71.57084
-71.25001
-70.26195
-69.56002
-69.64677
-70.93517
-73.63758
-73.35781
-73.12244
-70.80832
-71.45520
-69.50590
-68.22862
-71.56361
-71.13124
-70.53232
-70.41405
-70.26201
-69.95160
-70.95092
-70.54827
-70.85413
-70.02172
-70.49149
-70.30354
-68.20143
-70.31521
-70.59978
-69.39192
-69.79093
-71.29860
-70.75953
-69.86786
-70.01139
-71.81190
-71.05756
-69.81906
-69.21557
-71.13927
-74.75033
-72.90146
-72.67966
-71.44415
-70.96862
-69.97223
-70.83491
-70.94631
-69.99954
-69.59855
-70.11521
-71.29393
-68.65608
-69.75100
-71.26052
-71.44306
-70.24785
-69.72579
-70.79048
-70.87070
-71.35511
-69.93363
-71.04902
-72.25803
-72.88435
-69.36464
-68.70534
-71.50294
-72.38487
-72.62950
-72.87595
-71.93397
-70.33243
-70.67637
-70.28570
-72.90273
-74.07631
-72.17538
-72.05027
-71.82356
-69.61839
-70.22897
-72.34648
-72.20417
-72.78947
-71.99936
-73.76604
-75.53889
-71.89914
-71.28696
-72.21808
-72.77279
-75.87922
-78.10152
-77.87042
-75.14922
-72.52856
-74.30547
-73.36599
-73.50256
-76.94604
-74.59862
-74.00028
-76.37273
-77.75894
-69.24832
-70.54888
-75.34411
-73.69722
-74.25896
-74.38761
-73.50040
-73.68471
-79.05347
-76.18830
-79.14328
-76.14777
-79.11579
-69.72568
-67.63095
-75.83121
-76.89527
-78.88772
-76.57654
-77.67053
-76.42301
-77.04601
-75.96072
-77.35743
-76.44335
-79.60990
-72.75858
-69.12145
-74.00989
-75.71268
-77.30731
-77.02232
-78.10622
-76.38550
-77.90167
-77.92944
-78.18799
-77.55023
-78.03129
-76.55219
-75.66849
-79.28142
-77.49739
-77.94302
-76.02840
-76.37310
-75.85946
-75.63904
-75.32140
-76.04840
-75.99836
-75.95643
-75.47925
-68.68618
-70.62111
-74.41458
-74.38469
-75.40223
-75.66814
-75.65132
-74.81706
-78.62195
-76.10079
-76.81607
-74.66986
-76.17438
-71.05332
-70.20019
-77.58720
-77.06351
-77.57997
-76.95045
-77.33223
-75.91630
-77.42727
-76.13636
-76.96962
-75.67632
-76.78741
-73.78617
-71.13259
-73.73012
-73.37274
-75.53675
-75.54888
-74.98022
-75.23614
-77.58715
-77.41673
-76.01264
-75.91331
-77.26190
-73.55749
-73.36860
-76.79582
-74.65052
-75.48510
-73.71738
-74.03337
-73.28135
-73.58588
-73.54097
-72.73295
-73.68167
-75.60934
-74.35762
-69.18917
-70.16538
-72.67432
-73.64554
-71.76378
-72.13080
-72.88034
-73.40582
-74.87539
-73.74461
-73.02670
-72.92386
-74.81142
-68.50579
-68.94014
-73.46443
-72.78228
-72.96866
-72.53406
-72.59339
-72.46245
-73.42672
-72.20419
-72.22956
-71.40151
-72.30669
-70.14622
-69.08948
-72.99605
-72.16332
-72.39179
-71.64311
-71.65043
-72.22576
-72.41237
-72.86455
-72.84957
-72.49184
-71.62684
-73.52062
-74.15397
-73.46258
-72.90634
-73.64096
-72.69466
-71.75466
-70.96356
-71.04055
-71.48325
-72.06688
-71.33666
-70.65369
-70.17020
-68.36562
-70.40510
-71.01600
-71.43829
-72.49474
-71.39084
-71.67526
-72.12985
-71.56034
-72.00019
-72.94319
-73.31822
-73.58912
-69.44294
-70.64309
-75.65962
-74.85223
-74.56339
-72.41961
-73.01549
-73.33511
-71.56794
-72.22475
-73.32574
-72.93119
-74.38742
-72.14626
-70.03169
-71.14891
-71.57903
-70.64079
-71.06620
-72.35461
-71.03763
-72.59624
-71.49757
-70.75096
-71.53075
-70.98068
-71.34001
-74.47385
-76.73854
-74.80120
-74.87668
-73.38607
-72.87394
-72.22163
-73.51272
-73.48874
-72.02361
-73.01717
-74.95589
-71.65242
-67.92354
-70.77828
-72.26406
-71.64440
-71.75585
-71.29546
-71.90102
-72.50441
-74.61415
-73.90254
-75.36991
-74.78749
-74.15153
-69.62670
-70.84834
-76.32267
-74.69195
-74.61310
-74.75934
-75.90659
-74.39345
-74.86705
-74.22416
-74.78368
-73.34134
-75.84305
-71.45624
-69.21819
-72.57754
-73.11834
-73.49165
-73.17004
-73.27714
-73.14232
-74.54479
-74.22124
-73.70895
-73.72462
-74.40703
-73.55643
-75.58540
-76.72136
-74.87149
-73.78917
-73.20745
-74.09835
-73.12894
-72.74697
-73.05386
-74.71448
-72.96305
-73.45075
-72.60854
-68.50698
-69.38055
-70.62319
-71.46815
-70.93713
-69.99654
-71.75234
-76.51900
-77.20560
-75.97861
-77.06452
-76.03878
-76.08045
-68.92043
-68.60260
-71.15618
-71.09415
-70.76009
-69.80843
-70.43130
-69.94554
-69.59644
-68.95318
-69.18854
-70.40073
-71.48853
-69.31090
-68.67378
-70.19516
-69.28350
-68.57133
-70.31915
-69.92769
-69.89846
-70.18510
-69.03268
-71.39233
-72.16562
-72.65751
-72.03700
-73.50008
-73.78560
-72.08490
-73.50893
-71.12133
-70.13501
-69.45092
-68.91707
-68.91021
-72.81654
-74.11690
-77.15132
-72.83193
-67.71564
-69.84724
-69.63115
-70.55873
-70.80446
-70.71739
-69.89301
-71.94639
-73.93178
-75.70089
-74.24738
-73.30529
-75.14820
-68.60355
-71.09136
-76.97370
-75.49145
-75.87600
-75.67726
-75.03449
-77.65340
-76.75510
-75.06536
-76.32795
-74.62121
-77.75876
-70.02683
-69.48935
-74.45615
-73.40028
-74.28023
-73.01808
-74.12040
-73.69332
-73.10439
-74.29663
-74.00626
-73.97683
-72.81035
-71.56842
-74.72075
-76.26282
-75.57198
-75.36647
-74.15823
-73.84363
-73.44328
-74.33639
-73.21019
-73.23206
-73.87124
-74.48149
-71.12272
-69.18070
-71.52790
-71.83159
-72.39111
-72.80406
-72.57141
-72.54483
-74.03236
-73.04646
-72.75178
-71.69124
-71.49607
-71.59501
-68.36008
-71.63193
-73.72948
-73.66420
-73.22119
-72.69796
-74.12169
-73.64718
-74.30163
-74.98512
-75.05884
-74.50093
-73.82159
-71.32631
-70.99985
-73.19286
-73.82009
-72.50987
-72.47344
-72.61516
-73.51522
-75.25391
-75.32149
-70.83139
-71.71705
-74.39739
-73.32151
-78.00970
-78.91111
-77.50360
-77.31557
-75.85230
-75.99377
-75.09566
-75.17290
-73.74051
-73.88963
-75.08770
-79.82730
-73.01752
-68.58232
-74.06052
-74.78995
-75.62563
-75.88115
-76.61396
-74.21268
-75.62355
-77.36111
-76.50779
-77.48953
-77.66831
-75.44622
-67.31872
-72.22716
-77.62375
-77.65268
-79.42334
-78.14721
-78.65272
-78.00274
-79.02970
-78.52083
-79.28413
-76.27792
-78.64398
-69.21376
-70.25308
-76.09772
-77.21946
-80.31830
-79.88185
-79.34677
-77.09172
-81.32908
-79.37525
-79.94908
-78.34209
-80.31356
-77.02057
-76.64447
-78.63261
-77.61462
-77.73133
-76.14338
-76.77217
-76.00968
-75.94883
-75.05049
-76.12906
-74.43231
-77.32826
-71.30186
-68.23307
-73.18012
-73.28741
-74.16728
-74.39380
-74.07087
-73.23566
-73.72378
-73.61285
-72.33348
-71.74354
-71.82776
-70.94071
-68.92286
-72.14358
-74.22736
-73.94011
-73.29000
-73.33936
-73.80160
-73.05011
-72.65717
-72.29941
-73.01682
-72.89914
-73.05541
-70.68968
-71.23827
-72.32355
-71.91230
-71.56111
-70.90764
-72.92181
-74.09522
-74.55471
-73.21652
-72.56819
-72.18238
-71.47511
-71.86725
-75.83140
-77.29397
-75.88364
-76.38642
-74.81101
-73.95138
-73.45009
-75.33819
-74.02131
-73.79097
-75.13925
-79.45837
-70.87900
-68.75438
-73.49270
-74.44797
-75.86844
-74.19572
-74.96673
-72.93537
-75.99094
-75.45777
-75.07765
-74.31583
-75.41299
-72.38502
-67.99325
-73.65230
-75.11802
-75.08542
-74.59277
-74.07110
-73.40741
-73.94601
-74.30705
-74.03661
-74.08319
-73.28035
-73.70685
-69.23302
-70.43592
-73.20048
-72.91690
-73.66453
-73.67175
-74.09979
-72.33869
-72.39235
-73.28101
-72.22537
-72.42764
-72.05749
-72.23997
-75.32997
-75.39791
-74.61392
-73.57412
-73.14797
-72.91376
-73.03729
-74.62032
-74.44256
-73.35506
-72.21556
-74.62755
-70.95806
-69.73372
-72.91525
-72.09195
-72.60305
-72.19832
-73.51947
-73.96575
-75.81302
-74.52771
-74.42605
-74.66682
-75.77662
-73.41248
-68.49981
-73.30619
-75.98544
-75.23806
-73.77806
-74.02734
-75.42553
-75.21594
-75.35102
-75.54951
-75.39556
-74.14475
-75.02549
-72.16689
-73.08264
-74.49635
-74.02042
-74.46326
-75.14073
-74.39050
-74.69239
-77.64430
-76.01629
-72.01764
-74.14428
-76.56578
-74.84466
-78.98176
-79.41403
-79.00401
-79.05680
-77.81726
-77.70302
-76.86242
-78.31006
-75.85316
-74.96627
-76.74143
-81.06603
-71.54999
-69.55698
-75.27548
-76.02679
-78.06829
-77.41561
-77.55901
-74.16158
-79.21694
-78.68190
-79.37031
-77.24972
-79.54517
-73.77771
-67.14868
-74.48166
-78.20223
-80.49364
-79.26278
-78.97525
-78.45426
-79.28005
-78.66810
-78.97679
-78.59935
-80.72953
-78.23574
-67.40588
-70.26907
-73.83482
-73.00351
-73.41697
-74.17202
-74.92626
-72.60277
-73.69957
-73.38977
-72.89393
-72.91144
-72.17227
-71.51274
-73.31922
-73.15054
-72.30523
-71.65688
-71.74430
-71.64961
-71.01887
-70.42519
-70.25737
-71.69177
-70.82905
-71.55773
-69.33057
-69.02932
-71.23105
-71.25489
-71.60156
-71.48084
-71.77333
-71.91606
-72.55087
-71.38948
-71.47605
-70.95132
-72.13253
-70.17035
-68.93632
-72.31478
-72.26883
-73.18715
-73.47852
-72.35399
-72.45608
-72.73180
-72.02622
-71.02801
-70.96155
-72.47088
-72.92836
-71.00749
-71.49116
-71.98512
-71.41200
-72.46884
-72.44276
-72.01334
-73.19610
-72.99995
-72.57727
-73.13731
-72.78390
-72.15416
-73.02746
-76.93156
-77.38385
-75.72986
-74.19999
-73.44789
-72.26580
-73.44852
-76.39567
-74.01869
-74.19736
-75.45677
-79.25856
-70.74600
-69.57868
-74.34577
-74.19648
-74.36066
-73.07897
-72.92506
-73.15699
-77.12873
-75.03831
-76.13099
-75.17900
-76.11749
-72.03143
-69.44698
-75.64433
-76.18094
-77.15811
-76.76259
-78.43835
-77.87088
-77.01630
-76.68563
-78.27799
-76.71485
-77.46989
-75.40449
-70.37543
-73.42909
-74.68149
-73.36213
-73.99461
-75.00902
-74.93209
-75.02548
-75.13210
-74.04117
-73.29908
-74.29087
-72.84589
-73.09891
-77.09701
-76.46761
-75.79392
-75.21432
-75.93747
-74.60200
-73.97539
-74.92705
-75.78049
-76.11264
-74.76889
-75.16427
-71.63138
-72.46692
-75.26505
-74.88010
-74.56465
-74.09389
-74.44959
-74.43789
-77.89728
-76.96835
-76.15722
-74.68161
-76.33392
-73.24756
-71.84917
-77.32282
-77.44324
-77.89220
-78.04647
-76.58367
-77.14127
-77.72322
-76.51592
-78.77718
-77.88944
-78.67438
-77.21030
-75.08487
-76.39371
-77.48629
-77.45499
-76.87415
-77.17808
-76.03294
-77.34514
-80.34029
-76.98563
-74.11255
-77.39955
-77.91469
-77.41235
-82.36632
-81.84100
-81.36446
-82.28426
-80.52754
-79.83755
-79.44894
-81.43161
-80.55819
-78.38401
-82.18597
-84.26752
-73.81813
-74.71455
-80.10760
-80.24608
-81.38295
-81.18605
-80.14358
-77.78249
-83.67489
-81.94998
-83.55524
-80.48613
-85.54006
-74.53919
-71.81446
-81.64904
-81.63459
-84.24148
-81.60525
-82.66165
-81.32086
-83.29830
-80.82104
-83.11727
-81.01715
-82.48961
-78.37636
-72.60091
-78.19173
-80.19608
-81.92879
-82.56748
-82.72987
-81.58680
-82.70455
-83.72987
-82.81579
-82.63588
-82.70078
-81.81151
-79.52810
-83.16951
-82.53639
-82.75157
-81.03798
-80.13519
-79.85106
-80.92964
-80.14939
-80.32542
-80.42936
-80.20654
-80.00039
-73.14925
-74.72280
-77.88798
-78.54081
-78.77464
-78.25534
-77.49342
-77.15758
-80.87079
-79.47690
-81.19760
-79.68111
-81.91444
-75.56097
-74.52420
-81.25367
-80.12566
-80.97877
-80.50301
-80.26103
-77.81480
-77.93927
-77.96512
-78.21379
-77.66044
-78.66496
-77.49786
-76.01896
-78.52810
-78.35176
-79.40788
-79.00023
-79.04403
-79.37335
-80.65924
-81.17210
-80.25519
-80.04868
-79.37509
-79.17717
-79.98474
-84.34452
-83.54363
-82.31008
-81.25530
-81.89240
-82.67269
-81.88299
-81.49327
-79.87678
-80.58102
-84.40505
-84.49046
-76.37180
-78.29111
-82.22456
-81.34912
-82.09593
-82.35446
-82.20478
-81.72644
-85.36041
-83.22879
-84.71921
-83.60181
-85.51115
-78.05743
-77.52614
-85.09654
-84.94542
-87.45217
-85.56806
-86.17559
-85.62559
-85.28042
-84.20144
-86.79602
-84.81799
-88.45431
-81.60227
-77.83067
-82.65317
-82.95914
-83.63382
-83.67385
-83.51492
-82.95454
-84.68020
-84.72507
-84.37540
-83.71240
-84.20712
-82.79242
-82.52695
-86.94879
-85.47682
-85.54699
-84.32429
-84.84801
-84.80840
-85.21355
-84.24623
-83.29038
-83.54336
-83.97618
-84.11415
-78.69999
-80.89727
-83.22248
-83.52141
-84.54272
-84.82460
-83.97746
-84.08839
-86.35062
-84.85802
-87.23161
-84.87230
-87.73905
-79.28390
-79.90215
-88.02292
-86.48012
-87.99501
-87.13318
-89.00669
-88.10214
-89.27463
-88.20744
-89.00264
-87.23241
-87.19256
-84.86741
-84.08384
-85.91650
-86.84399
-86.92629
-86.72839
-87.43898
-85.62221
-86.90561
-89.12072
-85.66879
-85.01484
-88.64528
-87.28346
-87.97274
-91.63010
-91.32412
-92.07599
-92.10879
-92.15527
-91.52770
-91.47219
-92.09715
-90.62944
-88.37081
-92.66577
-90.64818
-82.26728
-86.54856
-91.66400
-91.70049
-92.27808
-92.86462
-90.38269
-88.35936
-94.48551
-92.70487
-95.14033
-92.58350
-95.31744
-83.95047
-84.70547
-94.58744
-93.89599
-96.28731
-93.69756
-95.72538
-93.23783
-95.15671
-93.25207
-95.70348
-92.01087
-97.09873
-87.20904
-84.50270
-92.26448
-93.50426
-95.34747
-94.51403
-95.64371
-92.62526
-94.88682
-94.79813
-95.45324
-95.22529
-95.43277
-93.45513
-92.64013
-96.02693
-95.05367
-95.55163
-94.01799
-95.32092
-94.13031
-94.50582
-94.07837
-95.12826
-93.80251
-94.28391
-93.16778
-88.44847
-92.47924
-95.57242
-96.03985
-96.51008
-95.67734
-94.72775
-95.79383
-97.62553
-95.75774
-97.04196
-97.48930
-97.97369
-91.39242
-93.98127
-100.96990
-99.57142
-100.15201
-99.37369
-101.34041
-99.75457
-100.91718
-100.36609
-101.26242
-100.71800
-102.27368
-99.53920
-98.12832
-101.37441
-101.41182
-99.70727
-99.91153
-101.69962
-102.31025
-102.90626
-102.86369
-104.56982
-105.86000
-107.33617
-104.83811
-105.71156
-110.47003
-110.73727
-110.93925
-110.07841
-109.53356
-111.13900
-112.41611
-111.33453
-111.66114
-110.74478
-113.86347
-111.01950
-108.12392
-112.18801
-114.07133
-114.29431
-115.25335
-115.45891
-115.27180
-118.58229
-121.28827
-120.94927
-122.73508
-124.87214
-126.61686
-121.74503
-125.34942
-130.51546
-130.89469
-133.52592
-133.67859
-137.67752
-138.34269
-144.37438
-153.35914
-161.86318
-162.78767
-164.12762
-165.52018
-167.08350
-168.89225
-171.04628
-173.71209
-177.22812
-182.50623
-194.54315
-190.26864
-182.72214
-179.28852
-177.25976
-175.97189
-175.15807
-174.68517
-174.47831
-174.49244
-174.69974
-175.08346
-175.63487
-176.35176
-177.23809
-178.30467
-179.57101
-181.06910
-182.85092
-185.00422
-187.68947
-191.24447
-196.59497
-208.95046
-204.11723
-196.73882
-193.37564
-191.39863
-190.15377
-189.37632
-188.93335
-188.74940
-188.77846
-188.99142
-189.36987
-189.90288
-190.58533
-191.41713
-192.40332
-193.55464
-194.88936
-196.43634
-198.24129
-200.37901
-202.98137
-206.31008
-211.00919
-219.63615
-226.40002
-215.13092
-211.10506
-208.89955
-207.57187
-206.78033
-206.36302
-206.23177
-206.33429
-206.63865
-207.12521
