-101.30487
-103.96687
-82.40848
-75.45679
-76.25250
-78.54941
-63.74091
-61.25534
-66.85408
-66.68079
-71.94990
-67.34444
-66.21245
-76.58719
-76.05318
-78.07725
-78.05225
-78.61634
-77.86673
-77.89958
-77.22719
-77.31809
-76.76822
-76.31523
-76.46583
-76.24723
-76.36354
-75.90519
-76.64629
-86.67461
-103.95034
-79.50828
-76.04033
-75.84621
-75.85974
-75.75643
-75.87089
-75.96606
-75.93814
-75.78362
-75.73474
-75.94956
-76.13495
-76.13168
-76.32086
-76.48877
-76.59883
-76.83845
-76.91901
-76.29641
-76.07550
-76.62404
-77.23202
-77.45707
-77.63321
-77.08347
-77.09335
-76.69352
-77.18347
-76.69093
-76.26605
-77.12627
-77.74707
-77.89335
-76.96118
-76.72449
-75.57752
-77.16329
-77.16682
-76.66922
-77.58969
-77.08524
-77.56848
-77.22244
-77.02211
-77.05977
-76.41068
-76.58112
-76.70701
-76.32618
-76.45198
-76.44864
-76.43195
-75.76835
-76.09084
-75.85923
-76.73063
-76.45582
-76.33686
-76.66811
-75.95357
-76.75225
-76.70878
-77.03558
-76.71628
-77.23361
-76.56950
-77.62697
-76.53277
-77.51209
-76.90784
-77.75186
-75.05050
-74.53653
-78.20727
-77.68261
-78.27618
-77.42773
-78.07836
-76.75274
-77.66506
-75.91604
-78.65963
-77.14618
-78.66195
-77.12218
-78.40354
-77.01727
-78.11746
-76.98094
-76.54520
-72.84747
-61.71713
-60.48873
-61.62853
-60.67989
-61.32074
-60.81702
-60.60202
-65.39792
-72.01966
-67.92449
-70.24795
-71.05306
-61.19273
-58.92867
-59.91422
-59.80195
-60.12376
-67.38430
-62.98342
-59.51762
-60.33057
-59.34144
-60.00084
-59.63880
-59.50239
-58.80275
-58.36886
-59.95105
-66.64781
-65.64758
-65.98835
-65.34362
-63.86690
-62.72740
-62.12130
-62.72210
-60.94179
-60.78895
-61.59034
-61.60162
-60.90144
-65.69271
-64.63586
-62.95326
-64.58134
-65.44505
-65.61006
-64.22197
-60.99422
-59.07172
-58.63080
-59.92221
-66.68958
-69.60850
-67.26777
-66.06942
-64.70688
-64.63221
-66.00217
-68.19711
-65.38526
-62.33565
-62.76966
-61.80177
-60.91171
-63.00126
-66.88989
-70.62079
-70.55421
-73.09882
-70.83378
-70.06690
-65.57088
-60.59924
-61.61407
-61.32269
-60.54127
-60.17911
-60.30949
-60.94583
-60.12732
-60.55445
-60.93900
-60.87801
-61.22841
-61.03822
-61.30208
-61.46781
-60.98392
-60.88243
-60.32014
-60.67558
-60.28395
-60.37993
-60.63554
-59.66995
-58.63347
-58.43487
-59.09662
-59.97062
-61.80481
-64.39918
-65.02014
-63.29153
-61.18879
-60.32987
-60.42759
-60.69146
-60.84887
-59.88659
-59.36553
-60.13459
-60.99704
-60.06915
-61.02956
-61.11789
-62.04420
-62.40069
-60.22082
-59.61175
-61.12864
-63.25457
-61.90559
-61.64555
-61.56651
-63.69556
-65.17489
-66.22133
-67.18363
-64.78807
-63.72308
-63.32546
-64.55305
-65.04866
-62.97427
-62.68048
-63.95777
-63.70098
-63.12576
-63.25986
-63.67776
-64.26768
-65.17669
-66.36035
-66.07170
-65.52974
-65.98584
-63.74347
-62.05697
-62.66533
-62.07904
-64.05490
-67.96045
-67.29699
-67.19896
-66.19616
-66.76722
-67.54105
-67.68972
-68.11356
-67.33069
-63.85656
-63.47284
-64.33713
-63.51385
-66.51572
-69.28304
-69.09824
-69.54411
-70.30752
-71.80813
-68.75120
-69.39966
-69.43132
-64.78385
-64.76113
-64.99048
-65.37111
-65.39855
-64.42438
-64.54918
-64.42552
-64.39838
-64.01991
-64.12147
-64.41123
-65.04457
-65.03599
-64.18812
-64.86803
-65.03854
-64.94000
-64.60421
-64.93621
-65.32570
-65.55542
-65.16213
-65.44990
-65.57300
-66.53374
-65.25034
-62.62616
-63.18623
-62.99068
-62.87106
-62.26742
-65.49945
-67.41770
-65.78520
-65.08762
-63.68550
-63.96553
-64.42345
-65.17422
-63.33623
-62.91890
-63.90734
-63.33822
-63.93104
-63.57095
-64.27921
-63.97925
-62.81705
-63.13988
-63.57121
-64.07608
-62.49376
-65.91696
-69.04493
-65.66284
-63.71851
-64.63301
-63.33343
-61.85631
-61.32483
-62.52924
-67.80918
-67.85048
-68.35267
-66.96726
-66.72421
-65.76124
-65.30582
-67.59189
-65.58705
-63.41789
-63.37424
-63.45563
-63.65085
-62.98249
-66.15852
-71.50070
-68.94029
-68.03800
-68.54783
-69.68126
-67.15069
-67.17133
-67.62760
-68.79075
-68.80478
-64.63421
-63.72691
-67.09580
-67.04064
-63.58671
-64.41952
-68.26553
-68.90629
-68.14510
-67.85999
-70.96295
-72.37188
-70.57775
-70.50577
-69.21077
-71.37051
-66.40747
-64.53923
-64.97573
-64.67991
-65.13535
-65.99292
-65.73948
-67.21528
-69.78215
-69.99634
-70.14393
-71.06021
-69.80047
-70.53802
-72.99014
-71.59764
-68.36102
-62.71906
-63.65407
-63.99494
-63.92637
-63.40245
-63.48865
-63.55792
-63.47942
-64.46592
-62.99473
-63.19606
-63.50207
-64.35864
-63.21171
-63.34046
-63.81292
-64.18769
-64.71900
-65.16759
-65.29480
-65.56031
-66.04891
-65.16027
-64.12413
-63.56133
-63.67088
-63.15397
-62.64069
-62.29856
-62.23194
-62.02440
-62.11768
-61.99476
-62.27578
-63.44906
-64.61125
-66.19751
-68.60497
-68.42525
-66.76987
-66.22408
-66.02881
-65.74947
-64.88738
-64.07003
-63.52599
-63.28378
-63.16459
-63.23229
-63.58059
-64.87467
-66.01182
-67.14646
-67.98696
-68.06511
-67.77020
-66.99586
-65.86930
-64.77949
-63.94781
-63.39885
-63.63255
-62.34085
-61.73148
-62.38093
-59.45482
-56.18226
-55.59704
-56.00966
-56.13613
-56.31911
-56.82431
-57.72913
-58.82884
-58.99640
-58.98511
-57.77608
-58.24916
-57.89921
-56.03411
-57.30066
-56.58248
-55.58862
-55.15781
-57.13247
-58.21267
-56.12146
-56.60980
-56.37079
-56.63754
-56.00352
-56.45694
-56.83275
-56.31124
-55.71831
-55.39743
-57.85391
-58.10687
-57.55372
-57.76790
-57.95863
-58.11536
-57.87547
-57.68050
-58.72586
-58.12838
-56.55931
-57.13216
-57.38416
-57.87456
-57.58175
-58.11509
-59.63165
-59.52818
-59.90057
-59.28106
-58.38856
-58.81628
-57.95472
-57.03761
-56.96561
-58.22250
-60.65144
-60.55569
-59.65344
-58.82221
-60.05299
-60.64965
-60.12899
-59.78937
-59.19305
-58.29150
-56.53371
-56.96291
-56.84854
-59.13336
-62.09648
-62.93422
-63.17677
-62.64804
-61.73088
-61.26249
-62.92912
-63.15560
-63.24094
-57.84126
-57.02104
-57.76311
-57.43144
-57.04962
-56.75369
-57.11345
-57.26673
-57.39687
-57.32494
-57.36993
-57.39435
-57.50190
-57.20538
-57.16507
-56.11705
-57.18567
-56.92321
-57.39216
-58.18341
-57.18733
-57.60731
-56.59108
-55.40501
-56.66581
-58.22748
-57.55911
-57.42048
-57.77500
-57.46075
-58.81050
-57.79475
-56.49907
-57.88087
-56.56918
-57.04839
-58.30947
-58.49011
-58.57853
-57.34315
-55.95494
-56.06997
-55.71976
-55.58550
-57.12096
-58.67370
-57.05313
-56.17662
-57.06127
-56.76714
-55.87228
-56.47734
-60.14729
-57.76342
-56.22865
-56.59166
-58.49094
-60.77918
-59.82342
-60.09137
-59.27652
-59.29889
-58.31201
-59.13085
-58.71218
-58.70012
-57.64821
-55.86802
-57.36689
-56.98382
-59.05230
-61.11726
-59.88845
-59.65520
-59.58106
-60.42483
-60.59577
-59.89643
-60.95922
-58.83694
-56.32347
-56.98148
-57.30759
-57.33944
-57.10599
-56.69356
-56.25231
-56.25402
-56.49575
-56.52601
-56.51163
-55.90313
-56.17623
-59.02175
-59.07710
-57.52257
-58.12305
-59.07447
-58.71129
-57.89440
-57.25592
-56.76828
-56.66292
-57.37502
-57.70804
-57.27573
-58.78780
-57.80656
-56.41067
-57.97592
-58.58354
-57.89555
-57.46431
-57.52989
-58.16314
-57.36394
-57.28202
-57.36589
-58.31045
-58.46176
-57.68370
-57.86870
-57.43581
-58.12148
-57.97680
-57.99338
-57.52861
-57.67512
-58.18813
-57.60486
-57.47874
-57.73761
-57.37330
-56.78790
-56.53699
-56.78007
-57.20016
-56.58323
-56.43192
-55.78143
-56.56922
-56.85435
-56.86205
-56.12138
-57.08989
-56.78171
-54.88640
-55.33464
-54.89429
-56.00845
-57.20151
-59.11035
-56.70170
-55.81296
-56.53655
-56.85402
-56.22689
-56.38618
-57.47748
-54.95641
-55.74450
-56.90926
-58.68882
-59.09888
-58.14018
-57.53754
-57.32683
-57.51087
-58.75551
-59.31655
-58.77749
-60.01208
-57.10082
-56.89139
-56.49428
-57.03892
-59.59684
-58.64387
-58.93201
-59.37045
-59.25475
-59.29482
-59.82326
-61.91163
-61.13027
-57.18918
-56.25809
-56.70409
-57.00734
-57.17942
-57.24499
-56.74140
-56.38406
-56.38262
-56.49911
-56.80501
-56.42141
-56.57138
-56.87297
-57.24993
-57.23000
-57.44159
-57.93786
-58.41364
-58.54696
-57.00979
-56.79281
-57.56619
-58.00089
-57.07123
-59.22349
-60.89866
-56.64805
-56.58332
-57.17181
-57.40382
-57.28469
-57.46296
-57.39772
-56.71687
-56.58459
-56.77387
-57.13902
-57.22696
-57.27654
-56.69911
-57.84523
-56.76325
-57.67078
-58.21793
-55.91681
-56.47743
-56.15715
-56.62784
-56.55460
-56.17511
-57.07650
-57.63167
-56.65290
-56.64444
-58.57089
-57.44652
-57.67172
-57.29693
-56.48892
-56.93533
-57.25848
-56.40994
-55.84486
-56.31383
-56.73877
-57.53119
-56.96870
-57.21313
-57.75552
-57.54473
-56.78629
-57.77891
-58.20801
-56.79795
-56.94758
-57.55556
-56.92589
-58.72270
-57.98848
-55.92094
-56.84251
-56.39730
-57.06006
-56.99975
-56.51070
-56.43525
-56.74605
-57.12443
-56.55344
-57.54627
-59.84716
-59.62846
-57.35512
-56.43112
-56.71752
-56.68480
-56.57502
-57.66809
-57.98261
-57.18408
-56.30772
-57.03784
-57.27921
-56.71064
-57.12793
-56.54622
-56.61117
-56.76215
-56.96684
-57.58449
-58.05200
-56.43857
-55.80080
-56.39802
-56.66655
-56.83640
-55.84262
-56.15981
-56.79551
-57.47435
-57.20617
-56.93704
-57.45948
-57.16591
-55.32883
-56.62277
-57.84026
-56.67176
-57.61569
-56.74882
-56.86863
-57.10111
-58.05527
-59.50063
-58.78736
-58.65898
-59.34352
-58.49410
-57.02210
-56.98358
-56.95898
-56.76224
-57.96647
-58.13650
-58.36920
-57.83906
-57.48813
-59.25472
-59.25841
-58.15860
-57.50728
-57.37524
-56.70376
-56.15955
-55.97993
-56.61290
-56.79211
-58.35421
-57.84909
-58.14942
-58.78354
-57.16108
-56.92285
-56.90021
-57.07636
-56.37364
-57.06708
-57.54623
-56.81455
-56.99827
-59.44095
-56.99151
-55.79969
-56.15739
-55.68228
-54.97853
-55.91698
-59.19175
-56.96751
-56.61423
-56.95571
-56.98903
-56.08597
-56.83554
-58.82313
-56.99609
-57.85735
-57.38604
-56.69735
-58.67028
-58.20737
-58.05619
-58.82069
-58.58977
-58.52020
-58.13925
-57.60585
-57.14986
-56.24373
-56.70335
-56.77722
-56.87670
-58.52439
-58.35469
-58.66123
-59.91937
-59.60673
-58.55331
-58.72562
-59.20446
-58.91012
-56.73234
-55.87794
-56.07617
-55.61738
-55.98505
-55.92376
-55.60315
-55.86598
-56.45565
-56.51010
-56.12343
-57.26265
-58.90518
-57.32597
-56.96466
-56.81489
-56.51454
-56.94000
-57.10648
-57.66828
-58.14438
-57.76504
-56.70758
-56.55875
-56.78907
-58.57462
-57.64092
-56.77884
-56.94080
-57.09533
-56.84148
-57.09528
-57.95390
-56.81635
-57.49719
-57.55336
-57.83423
-57.80731
-57.41123
-57.11063
-56.81307
-57.09605
-58.33320
-57.46941
-56.01631
-56.53453
-56.34125
-56.25600
-55.76245
-55.31655
-56.29342
-58.89502
-59.62387
-57.25782
-56.36185
-57.08504
-57.31586
-56.91987
-56.59798
-56.97985
-57.60369
-56.76698
-56.59257
-56.01799
-55.80934
-58.50949
-57.67038
-56.31787
-56.18934
-58.57941
-59.27307
-57.02473
-57.87824
-56.43154
-56.27008
-56.55214
-56.60028
-57.36845
-56.80724
-56.35280
-56.50039
-57.00067
-57.44305
-56.83796
-56.55660
-56.58945
-56.47844
-56.64469
-55.97262
-56.64903
-57.95641
-57.65530
-58.46961
-57.83015
-57.31149
-57.85280
-57.73602
-57.58525
-57.44002
-58.01769
-57.47352
-57.19554
-57.77075
-58.37789
-59.81514
-59.37552
-56.71078
-57.06608
-57.30981
-56.13552
-55.10169
-55.21983
-56.94070
-57.91907
-57.45538
-56.63406
-57.43191
-57.17219
-55.95546
-55.89785
-56.58628
-56.45964
-57.07516
-56.91321
-56.57404
-56.59474
-56.81631
-57.73580
-57.43789
-57.42426
-57.10452
-58.65577
-58.39517
-57.69945
-57.85693
-56.88911
-57.15539
-57.12513
-56.87755
-56.93610
-57.38027
-56.95035
-56.52917
-57.26853
-57.72967
-57.61146
-57.34509
-58.49743
-58.33228
-57.42546
-57.50662
-56.65675
-55.90055
-55.55877
-57.59581
-58.66614
-59.56567
-61.40536
-58.74575
-55.52451
-56.09266
-56.30579
-56.10305
-59.05156
-58.80161
-58.46791
-58.34366
-58.49614
-58.54234
-59.06336
-59.02949
-59.07631
-58.27568
-57.58001
-57.83056
-56.45607
-56.64740
-57.42980
-57.81918
-56.69343
-56.62167
-56.58721
-56.00023
-56.18210
-56.06080
-55.35657
-55.18996
-57.18152
-57.90922
-57.32735
-58.62822
-60.27658
-60.15315
-59.03499
-58.64987
-58.36418
-58.20102
-59.89821
-57.94919
-55.81487
-56.47376
-56.17631
-56.39296
-58.40987
-59.29236
-58.66465
-59.91454
-60.08092
-59.93874
-58.85498
-59.56530
-60.84709
-56.86013
-56.61240
-56.63032
-56.08905
-56.47504
-56.23900
-56.56776
-56.64835
-57.21116
-57.00092
-56.51146
-56.85938
-57.21938
-57.06390
-57.70668
-57.14081
-56.03135
-55.81082
-56.03791
-56.74994
-56.79348
-57.96161
-58.57853
-58.34114
-58.72477
-59.79570
-58.80982
-58.51021
-59.02112
-57.57373
-57.39952
-56.40486
-56.45126
-56.46217
-56.15147
-56.51654
-56.50447
-56.52470
-57.39636
-57.48022
-55.98042
-56.48991
-56.38651
-56.06109
-55.57423
-55.62765
-55.90889
-55.86529
-55.89279
-56.08848
-58.20507
-61.44126
-59.35420
-56.28789
-56.00659
-55.17011
-55.56394
-55.47403
-55.61100
-56.38359
-56.14325
-55.29491
-55.34582
-55.92404
-56.05148
-56.38506
-55.98530
-55.95763
-55.77146
-56.40321
-56.99340
-56.61659
-55.66031
-56.03310
-56.43783
-55.50544
-55.61455
-56.36337
-55.75291
-55.53503
-55.40934
-54.62754
-56.05263
-56.12249
-55.81544
-55.62231
-55.32515
-55.90452
-56.28886
-57.44109
-57.11331
-56.74859
-57.27308
-57.41303
-55.84748
-55.30167
-55.13836
-54.78483
-55.37493
-55.54798
-55.75687
-56.06321
-56.51392
-56.52982
-56.07043
-55.98618
-56.04087
-56.04616
-56.18084
-56.27576
-56.36766
-57.41481
-56.64422
-55.14586
-56.30260
-57.01087
-56.59603
-55.63733
-55.78195
-56.12140
-57.18178
-56.87461
-55.61635
-56.90197
-56.87945
-56.66857
-56.00973
-56.12712
-56.35131
-55.85108
-55.80263
-55.74456
-56.03393
-56.91832
-57.30319
-56.58892
-56.39446
-56.39773
-56.04232
-56.02143
-55.90518
-55.79786
-55.68736
-56.35437
-57.22789
-55.76787
-56.80895
-57.62063
-56.58514
-58.08310
-58.85983
-58.66921
-58.02457
-57.80771
-58.08723
-57.86833
-57.89959
-58.02720
-59.31497
-57.33086
-55.95777
-56.68203
-57.48488
-58.34991
-57.20671
-57.36553
-57.94727
-58.22127
-58.01852
-59.16246
-59.66568
-58.63978
-59.11782
-59.97053
-60.75188
-60.76146
-61.25047
-60.75939
-60.31286
-60.37966
-60.61816
-60.06489
-59.16953
-59.17626
-58.84435
-59.05071
-59.17283
-60.16756
-60.16608
-59.21928
-59.63929
-59.77746
-59.52081
-59.34046
-60.11116
-60.27250
-60.21151
-59.63037
-59.56517
-59.71849
-59.99235
-60.47331
-61.16521
-60.51417
-60.16417
-59.60983
-59.10241
-59.60628
-59.76441
-59.83239
-60.11355
-60.01917
-57.10337
-57.41695
-57.31122
-56.91855
-57.30551
-56.94077
-57.29901
-57.59544
-57.49315
-56.70615
-56.91663
-57.60174
-56.99273
-56.55312
-57.39030
-57.98313
-58.02472
-57.84162
-58.15527
-57.67711
-57.57278
-56.98291
-56.73082
-56.32252
-58.02372
-59.76981
-56.50011
-56.44685
-56.96492
-56.59230
-57.04285
-57.19971
-56.98773
-56.25720
-57.03926
-57.40416
-56.13745
-55.80727
-56.09715
-56.61899
-56.87548
-56.44583
-55.81284
-56.06930
-56.19932
-56.57129
-56.66795
-56.14644
-57.05546
-56.88358
-56.14657
-55.69330
-56.27732
-56.70784
-57.23398
-58.33029
-57.43648
-57.53618
-57.56435
-57.23638
-56.93598
-58.07782
-58.62847
-58.34482
-57.02833
-56.43366
-55.76268
-56.82661
-58.62454
-57.81803
-58.82217
-57.89713
-57.48311
-57.07612
-58.39288
-58.88381
-59.42496
-58.77045
-58.23063
-57.65271
-57.03811
-57.96104
-57.38450
-57.18099
-57.40558
-57.42533
-57.04902
-58.21975
-58.11156
-58.34466
-58.26684
-58.86631
-58.68570
-58.73934
-59.22958
-59.82419
-58.90464
-56.97767
-57.25284
-57.67124
-58.99166
-59.70570
-60.87191
-60.35387
-59.25361
-57.67025
-56.67527
-56.97973
-56.49132
-56.95553
-57.83112
-57.30283
-56.78407
-56.80929
-56.86816
-57.16811
-56.92176
-56.61644
-56.30364
-56.23872
-56.98216
-57.41882
-56.28661
-56.61717
-56.95509
-56.43406
-57.08583
-56.71590
-57.11521
-56.72525
-58.23454
-57.57511
-56.04202
-58.10298
-58.11225
-57.44625
-56.81613
-56.81460
-56.99022
-56.70002
-56.98970
-57.14935
-57.76426
-56.99037
-56.72006
-56.88838
-57.08247
-57.72962
-56.74675
-57.61294
-56.26314
-56.29102
-57.12571
-57.11314
-57.42119
-57.56802
-57.61003
-60.70113
-60.50149
-56.46042
-57.40946
-57.30441
-57.14737
-56.88081
-57.20844
-56.85994
-57.42740
-56.92157
-56.97165
-56.79529
-56.60073
-57.80253
-57.30408
-58.00394
-57.42260
-57.36372
-57.42541
-56.61181
-56.63911
-58.03628
-58.39120
-57.55157
-57.13485
-56.91657
-56.24567
-56.04549
-56.66269
-57.30498
-57.42234
-57.30440
-57.29988
-56.93604
-57.59755
-57.65257
-57.23098
-57.88378
-57.46756
-57.28502
-57.18119
-57.01408
-56.50946
-56.59381
-56.94693
-56.86605
-56.69996
-57.02137
-57.34210
-56.42048
-56.95917
-57.50419
-57.27190
-56.59949
-56.67805
-56.11585
-55.65279
-56.09855
-56.42095
-56.59848
-56.19574
-56.36256
-56.46202
-56.31621
-56.75165
-56.41515
-56.26167
-56.45177
-55.38462
-55.23164
-55.79952
-55.69430
-56.02415
-58.25833
-57.91211
-56.73712
-56.92717
-56.83345
-59.52169
-58.82904
-56.64829
-57.08601
-57.14759
-57.63036
-56.90425
-56.31738
-56.51812
-56.30215
-56.47907
-56.64444
-56.78453
-57.33840
-56.73875
-57.20939
-58.44287
-57.20345
-56.40641
-57.16474
-57.48643
-57.51609
-57.40113
-57.02586
-56.79258
-55.89473
-55.99011
-56.76571
-56.13787
-55.41322
-56.52633
-57.15721
-56.35386
-56.03041
-56.80418
-56.94396
-56.70633
-56.33861
-56.97119
-57.41123
-57.28065
-57.28495
-57.12325
-57.53703
-56.79011
-56.17474
-56.38440
-57.12850
-56.79436
-56.19344
-56.42359
-57.74815
-57.74431
-57.50516
-57.41504
-58.11360
-56.95678
-56.29752
-57.76659
-57.58897
-57.33210
-56.77635
-56.21325
-57.76426
-58.81735
-57.84002
-57.70172
-56.87246
-56.27513
-55.44210
-55.70665
-56.62504
-58.87530
-58.24913
-58.13027
-58.18384
-57.30183
-58.94999
-57.72184
-57.48708
-58.06472
-57.67550
-57.69779
-58.12838
-58.34986
-58.34688
-58.11591
-57.99379
-58.56054
-58.61760
-58.94947
-59.61021
-58.95751
-58.26266
-58.40620
-59.52189
-59.23164
-59.46871
-59.17403
-59.39202
-59.11189
-58.75040
-60.91177
-58.73816
-57.05791
-57.59825
-58.13673
-56.97183
-55.37466
-56.58329
-57.17375
-56.79229
-57.67211
-57.67946
-57.06415
-56.58713
-56.21881
-56.82819
-57.39401
-56.20586
-57.69166
-57.13160
-55.91147
-56.87139
-56.60141
-56.50677
-55.92139
-56.23355
-56.64295
-56.63843
-56.40527
-56.45085
-56.45547
-55.81035
-55.34682
-56.51174
-57.53497
-57.38358
-57.31806
-56.92254
-57.38758
-56.75673
-57.02073
-57.21928
-57.57802
-57.68074
-56.59097
-56.50385
-56.88185
-56.96191
-56.82188
-57.01830
-57.46627
-57.68572
-57.19267
-56.65027
-56.37106
-56.99765
-56.37477
-57.82870
-58.52499
-55.95804
-55.46929
-55.64344
-55.72474
-57.07191
-57.90418
-56.28074
-55.90513
-57.24373
-57.88831
-57.45605
-57.00816
-56.66897
-56.51873
-55.75734
-55.44813
-55.57041
-55.83754
-55.93941
-55.96736
-55.67060
-55.32605
-56.93309
-57.57345
-56.80072
-57.23728
-56.94912
-57.22421
-57.25357
-57.39062
-56.82225
-56.79975
-56.59972
-56.67328
-57.28211
-56.60596
-57.63590
-57.25365
-57.01856
-56.63184
-56.54647
-56.90786
-58.07239
-57.01511
-56.34417
-56.92695
-57.09523
-57.04598
-56.78425
-57.51942
-56.17460
-58.94401
-59.00934
-56.67700
-57.39084
-57.15997
-57.10058
-57.12055
-57.22169
-56.92840
-57.33263
-56.67034
-57.29173
-59.85947
-58.39531
-56.78657
-56.37102
-56.92641
-58.16488
-56.80604
-57.05933
-57.94549
-56.63256
-56.73369
-56.68979
-57.27584
-57.22089
-57.96822
-58.25104
-55.87271
-56.18887
-56.45501
-56.65223
-56.84690
-57.11520
-58.20044
-58.51016
-57.73882
-57.20216
-57.57036
-57.82558
-57.81862
-57.87452
-56.77345
-55.67095
-57.40123
-57.40535
-57.19377
-58.29982
-58.32326
-58.50435
-57.75218
-57.00183
-57.22421
-57.83364
-57.41873
-56.63725
-55.89278
-56.20677
-56.19022
-56.52021
-56.41936
-56.19173
-56.79873
-56.33418
-57.01091
-57.09199
-57.04668
-57.74300
-57.28863
-57.18256
-58.03120
-56.88785
-56.43903
-57.02731
-56.42970
-57.20617
-58.05774
-58.44315
-58.11343
-58.09014
-59.30336
-57.13769
-57.33093
-57.17191
-56.98822
-58.11155
-57.03009
-56.25395
-55.73055
-56.63022
-56.58005
-57.22624
-56.26163
-57.32420
-57.52897
-57.87513
-58.09016
-56.38445
-57.25040
-56.90191
-56.82956
-55.79151
-55.37938
-56.59736
-57.09253
-56.04847
-57.83651
-57.44494
-56.99723
-57.25494
-57.40853
-58.54467
-57.81012
-56.55507
-56.69642
-57.44693
-56.72026
-55.90105
-55.72855
-56.36944
-56.17023
-57.15601
-57.00030
-56.25443
-56.16097
-56.36267
-56.33811
-56.55269
-56.86042
-57.54821
-56.60396
-55.54015
-56.09343
-56.42311
-56.13855
-56.33472
-57.04903
-56.89722
-57.81669
-57.56923
-56.17172
-56.09088
-56.88815
-56.79392
-56.97737
-56.51465
-57.13292
-57.63518
-57.38424
-57.73266
-57.93179
-57.11503
-56.02352
-57.04912
-56.88328
-56.61200
-56.78466
-56.40129
-56.55701
-57.04452
-57.01895
-57.32074
-57.71693
-57.43039
-57.58135
-57.04224
-57.07423
-57.05823
-56.84749
-57.62976
-57.50657
-57.04853
-56.56759
-56.82484
-56.79584
-57.19601
-58.30312
-57.45924
-57.40205
-58.18253
-57.47579
-57.70105
-58.35446
-57.71560
-57.11247
-57.53876
-57.38773
-56.23541
-56.62602
-56.98255
-56.60988
-57.14791
-57.47203
-57.19643
-57.76950
-57.46781
-57.74539
-57.53580
-56.87248
-57.27507
-57.07063
-57.10353
-57.10110
-56.70360
-57.26464
-57.68954
-58.38560
-58.17707
-57.41965
-57.40508
-56.49243
-56.48645
-56.96058
-58.18715
-56.98858
-56.90433
-58.40132
-56.86035
-56.59143
-57.48470
-57.97251
-57.44764
-56.54868
-56.21370
-56.55680
-58.44300
-58.52184
-58.19170
-57.59367
-56.77405
-57.21642
-57.16609
-59.03759
-60.82842
-59.36266
-58.56264
-58.43678
-57.07005
-56.99080
-56.96467
-57.04875
-57.39130
-57.05158
-56.73395
-57.22834
-58.46671
-57.81937
-57.75849
-57.90593
-57.14110
-57.01444
-57.78684
-58.34161
-57.08896
-57.19768
-58.32600
-58.39784
-58.25749
-57.88296
-57.29163
-57.20278
-58.39027
-58.73959
-58.21823
-57.34720
-57.07865
-57.88685
-57.12092
-57.20343
-58.08897
-58.04590
-58.71156
-58.39479
-58.05683
-57.90130
-58.48072
-58.12960
-57.77565
-57.41157
-58.25780
-59.60234
-59.31750
-57.80616
-56.68938
-57.97592
-59.13606
-58.82418
-57.97171
-58.66071
-57.12478
-57.00848
-59.01583
-59.98828
-58.92281
-59.69199
-58.60962
-58.04429
-58.80792
-58.79206
-60.25153
-58.82209
-59.00677
-60.45191
-60.37323
-58.97816
-57.71351
-59.08454
-60.95595
-59.89178
-59.38145
-57.89455
-57.93571
-57.28702
-59.71090
-61.07329
-60.77528
-60.44674
-59.33967
-59.38304
-59.13772
-61.30070
-61.92942
-62.35792
-59.81258
-59.76847
-60.46109
-62.24952
-60.19648
-59.14760
-61.29293
-62.27679
-60.89865
-60.22537
-62.07654
-61.96315
-62.55822
-62.30119
-62.33205
-62.22193
-61.03837
-61.36384
-61.36145
-61.48907
-61.21146
-61.15410
-58.65268
-57.34047
-59.99327
-58.48700
-58.46661
-58.10322
-56.98399
-58.21152
-60.28833
-59.76629
-59.41853
-59.82218
-59.41526
-58.51088
-56.42066
-57.33757
-57.57195
-56.08415
-55.56560
-58.09465
-58.51937
-56.73049
-58.34957
-57.48075
-57.35106
-57.06245
-57.38587
-59.19281
-58.49612
-58.88150
-58.34704
-58.52350
-59.81626
-61.39178
-60.94782
-60.06079
-60.15653
-61.19407
-59.39227
-59.07006
-58.54630
-56.89476
-56.76662
-56.92056
-58.26331
-59.00914
-57.65619
-56.44782
-59.12785
-59.30701
-60.67054
-61.46866
-59.65091
-57.32217
-57.35276
-59.10314
-58.42568
-60.05063
-60.05909
-60.60756
-60.81295
-60.32118
-59.65202
-57.22551
-57.76216
-60.46917
-58.90803
-58.30228
-57.88771
-56.83820
-58.44716
-59.35218
-58.65573
-56.93178
-57.59763
-59.23914
-58.72075
-59.44481
-60.22432
-59.91005
-58.65832
-58.50322
-57.36125
-57.91383
-57.96026
-57.46072
-58.58326
-58.90666
-58.16781
-57.59645
-57.36663
-56.66340
-58.09150
-58.39981
-56.88540
-56.17531
-56.92485
-57.26535
-57.58213
-57.32716
-56.29465
-56.79934
-57.98814
-56.81376
-55.19740
-55.27765
-55.69323
-57.81570
-60.98595
-59.66570
-57.73733
-58.06903
-58.34778
-59.53996
-59.25168
-58.02214
-58.38157
-58.62858
-59.10939
-58.36078
-57.12838
-57.34602
-57.40889
-56.54677
-57.31485
-57.53684
-55.58142
-56.77502
-57.86338
-56.81522
-57.45007
-56.52766
-57.49934
-58.86714
-58.58923
-57.89715
-59.39749
-61.90704
-60.15274
-58.91008
-58.23479
-59.36108
-59.47015
-59.47133
-58.67755
-59.04185
-57.76686
-57.22991
-57.51150
-57.55702
-58.87041
-59.74280
-58.37964
-57.45048
-60.53322
-59.96559
-60.50335
-60.74192
-60.42407
-57.72900
-57.65263
-60.18966
-58.42944
-57.93922
-57.27208
-56.98965
-56.70904
-57.59952
-58.67183
-56.59891
-58.09697
-59.38045
-57.58687
-58.86189
-57.69578
-57.82689
-57.20859
-57.06799
-57.49334
-55.76859
-57.15866
-58.71088
-57.83677
-57.49692
-56.73642
-56.25281
-58.64115
-60.48893
-59.07877
-58.40970
-57.91374
-57.79451
-58.07482
-58.35777
-58.36724
-57.72349
-59.11743
-60.95563
-59.90748
-58.15850
-58.08505
-58.16366
-58.96658
-58.28121
-57.70405
-56.98504
-57.00446
-59.22752
-58.34655
-59.01970
-58.19234
-58.02980
-57.08987
-57.84966
-59.60227
-58.05838
-58.00517
-57.62310
-58.82234
-59.02237
-57.92019
-56.64178
-56.63003
-56.17633
-57.10069
-57.98820
-56.61935
-56.46652
-56.67992
-56.13182
-56.47782
-58.96495
-56.87564
-56.98139
-57.38693
-56.83766
-58.28620
-57.48673
-58.72734
-58.04700
-58.14063
-56.60459
-57.28628
-59.44683
-58.71804
-59.89502
-59.47611
-59.67892
-59.94619
-60.05993
-59.32836
-60.61041
-57.87104
-57.74547
-57.40812
-57.22507
-57.98327
-58.88448
-58.15140
-57.73534
-60.95078
-60.22463
-62.63550
-61.60956
-60.21098
-57.07098
-58.22034
-59.89212
-57.91391
-58.43683
-57.29929
-56.99501
-56.85930
-57.85852
-57.70165
-56.35619
-58.56713
-59.11641
-57.77375
-58.37097
-57.81863
-58.23328
-58.44461
-58.86630
-57.48479
-56.12584
-57.36837
-57.39360
-57.19190
-56.85980
-57.30082
-58.80429
-59.12166
-60.30458
-59.28719
-58.42459
-57.98500
-57.22311
-56.84748
-56.90055
-56.85312
-57.22818
-58.09877
-57.27627
-57.46423
-57.63744
-57.70164
-57.06807
-57.01219
-56.46624
-56.01006
-58.14007
-58.11098
-56.60452
-56.83000
-56.33294
-57.47949
-58.83816
-56.44467
-58.24801
-59.51416
-58.15477
-58.43869
-58.63486
-58.59203
-58.14024
-57.31300
-56.63957
-57.09416
-57.18444
-57.48662
-56.45912
-56.50795
-56.63497
-56.97682
-57.70876
-57.27300
-56.69401
-56.17402
-57.47500
-57.18105
-57.08102
-57.50431
-56.83650
-57.61977
-58.67518
-58.33147
-57.85658
-57.74739
-57.62186
-57.85501
-57.55100
-57.91725
-57.56363
-56.93750
-56.74745
-57.86757
-59.23306
-57.81438
-57.61271
-57.00226
-56.50093
-56.51929
-57.44866
-56.30542
-56.57854
-57.79387
-56.63753
-57.20153
-57.80634
-58.05151
-56.67347
-58.60794
-59.22451
-58.00072
-58.79181
-57.24610
-57.43318
-57.64256
-58.20763
-58.10880
-56.59145
-57.73570
-57.91337
-56.99286
-57.24208
-56.75289
-56.86134
-56.99807
-56.86606
-56.83235
-56.39688
-58.09268
-57.62653
-55.53127
-56.19634
-55.39070
-56.43374
-60.57884
-60.70305
-59.31116
-58.92921
-60.21224
-59.19592
-58.38004
-59.11618
-58.91868
-58.69333
-57.92782
-58.33423
-58.56994
-58.34098
-58.22547
-58.30041
-58.77506
-58.10936
-58.59605
-57.40398
-57.70484
-59.78634
-59.09676
-59.20521
-58.49713
-57.74335
-56.85537
-58.74536
-59.21467
-57.97208
-56.75578
-56.89379
-57.37332
-56.26705
-56.98647
-56.82094
-57.07040
-57.54711
-60.20987
-59.14607
-57.56404
-57.44761
-57.51692
-55.97022
-55.83853
-58.22660
-56.13048
-57.03996
-56.80380
-56.73226
-57.64881
-56.89634
-58.58224
-59.21835
-59.30227
-58.53239
-56.90396
-55.59017
-56.84939
-57.22063
-57.73279
-58.88186
-58.02153
-57.27529
-56.58421
-56.66179
-56.16532
-57.61423
-57.30576
-57.23267
-58.24666
-58.69944
-56.39202
-56.87466
-59.05523
-59.53266
-59.88606
-58.12529
-57.78845
-56.25519
-58.26588
-58.70271
-58.07922
-58.01050
-57.13102
-56.39942
-56.49565
-57.19315
-56.51626
-56.02272
-58.16263
-61.03811
-59.31179
-58.54638
-57.56524
-57.42716
-56.28224
-56.94677
-57.06933
-56.26977
-57.19751
-57.50594
-57.43557
-57.51176
-58.08500
-58.46263
-60.03046
-59.85304
-58.89617
-58.28862
-58.01991
-57.76892
-57.66818
-58.09291
-58.25368
-57.89242
-58.09707
-58.52644
-57.70680
-56.66838
-57.20327
-57.72678
-57.75603
-57.62204
-57.65160
-57.07373
-57.38784
-57.37495
-56.55726
-56.18166
-57.46592
-59.09825
-56.65201
-59.08309
-58.18700
-58.02712
-59.16222
-57.47616
-57.81133
-57.52341
-57.43852
-57.03315
-57.09771
-57.01960
-57.72369
-57.43432
-56.93764
-57.21464
-56.46572
-56.37335
-57.32545
-57.14030
-56.84066
-56.07145
-56.19741
-55.58320
-55.52942
-55.43929
-56.65700
-58.98298
-58.81761
-58.66577
-58.13117
-58.01640
-57.90607
-57.54085
-56.86306
-56.71360
-56.80470
-56.89380
-59.33273
-60.34667
-58.50475
-59.04467
-57.90814
-57.93204
-57.70251
-57.61192
-56.23329
-57.43600
-58.71845
-58.26600
-61.30744
-62.51349
-60.08508
-57.28209
-59.90403
-59.20566
-57.95730
-58.30383
-58.04904
-58.43709
-57.15378
-57.30552
-57.10750
-56.21847
-57.07709
-57.58050
-57.32669
-57.58261
-57.79927
-58.29841
-57.44037
-57.93270
-57.63181
-56.91205
-58.92500
-58.21366
-58.02719
-58.49268
-58.80301
-59.68462
-60.11111
-61.03840
-60.04388
-59.77379
-59.63280
-58.68011
-59.13432
-59.65843
-59.50112
-59.42155
-58.64168
-57.83766
-56.83973
-56.90095
-57.22586
-58.02268
-57.26806
-58.26254
-58.05929
-55.53753
-59.08177
-59.10296
-57.58102
-59.80773
-59.98180
-57.78447
-56.81178
-59.46936
-58.48823
-58.35954
-60.88459
-60.33602
-58.87277
-58.29518
-57.60929
-57.96307
-58.74434
-58.20174
-58.86058
-58.38760
-58.19318
-56.82221
-56.38395
-57.26284
-58.70480
-57.88382
-56.47175
-57.95348
-57.90775
-57.32417
-57.50105
-56.60341
-56.38212
-59.45935
-59.55939
-59.87196
-60.10798
-58.98905
-59.50873
-58.41963
-58.26955
-58.45549
-59.12054
-57.96763
-59.04226
-58.49394
-57.43909
-57.44766
-56.84207
-57.82384
-58.39954
-60.08250
-57.33860
-58.73879
-60.23859
-59.80949
-59.99722
-61.07549
-60.19512
-57.02899
-59.99826
-59.03132
-58.67203
-58.63376
-57.51423
-57.56217
-56.97094
-57.35978
-56.39312
-56.46521
-59.74545
-59.81075
-58.20661
-58.08815
-57.38232
-57.23038
-57.21611
-58.10241
-57.05371
-56.63424
-58.68780
-58.41255
-58.62409
-59.30970
-59.50884
-59.07357
-59.52660
-60.07046
-58.71335
-58.33747
-58.64510
-59.06892
-58.03876
-57.79190
-58.09854
-57.61996
-56.78340
-56.78719
-57.01714
-56.49307
-56.37281
-56.74101
-56.95496
-57.65005
-57.37508
-56.68520
-56.21841
-55.95207
-55.92793
-57.24230
-62.06403
-59.09156
-56.87217
-58.68368
-58.23632
-58.25525
-57.35449
-56.80565
-56.44483
-56.52584
-57.15924
-56.76536
-57.12899
-55.87331
-56.01869
-56.83627
-56.39235
-56.29326
-56.87218
-56.12901
-55.56996
-56.35924
-56.62643
-56.69013
-55.78686
-56.61799
-56.93265
-56.05894
-56.66315
-58.23483
-58.02001
-57.17474
-57.50587
-56.86720
-56.51956
-58.29271
-58.39236
-57.07852
-56.89791
-56.83498
-58.52236
-57.53309
-56.45550
-56.68126
-55.93906
-56.29684
-56.28120
-55.81590
-56.12629
-57.66913
-58.30377
-57.40260
-56.92505
-56.88611
-56.32281
-57.09797
-59.95907
-59.28233
-57.87981
-57.90941
-57.55907
-57.46143
-56.92616
-57.34990
-57.20566
-56.94451
-58.28276
-58.17069
-57.51426
-56.85494
-56.63301
-56.74687
-56.41955
-56.79244
-56.15698
-56.71989
-58.15904
-57.03732
-57.84561
-58.37551
-57.66924
-58.17467
-59.64217
-59.15337
-58.59627
-57.70442
-57.34644
-57.74190
-57.03803
-57.65420
-57.95506
-58.20901
-57.61180
-58.12676
-58.18965
-57.57395
-56.47401
-56.47420
-56.63370
-56.61086
-56.96196
-56.21097
-58.03641
-58.25576
-58.69163
-57.95107
-56.63769
-56.38057
-58.22586
-61.68161
-60.34174
-60.19402
-59.75458
-58.97712
-58.81008
-59.67001
-59.17955
-58.49988
-58.32762
-59.18298
-59.82159
-58.18843
-57.49398
-57.55899
-56.80809
-56.60273
-57.38527
-56.49622
-57.38363
-59.52140
-58.40003
-58.51628
-58.45171
-57.41607
-58.72168
-59.40462
-58.64448
-58.42057
-58.02512
-57.98134
-58.34784
-58.26463
-58.12659
-57.80155
-57.98804
-58.36689
-57.15184
-56.26535
-57.06983
-56.62450
-57.11993
-56.62387
-57.33381
-58.82704
-56.66300
-57.07564
-57.55650
-56.85407
-56.69898
-57.11783
-56.47818
-57.92180
-59.33969
-57.34179
-57.28585
-58.02503
-57.53668
-57.27616
-57.40255
-57.02298
-55.74576
-57.10834
-57.84578
-57.21315
-58.05869
-58.16518
-57.01091
-55.57428
-57.90668
-58.55717
-57.42112
-57.36241
-58.00422
-58.31064
-57.62428
-56.65781
-56.09076
-58.31320
-59.60555
-58.36422
-59.16677
-59.47395
-58.37309
-57.19289
-56.51386
-57.51493
-58.08685
-58.52829
-58.12591
-57.33596
-56.63073
-56.92448
-56.65486
-56.20291
-56.04535
-56.39022
-57.24053
-56.07203
-55.76723
-55.91991
-56.43604
-55.85249
-56.27668
-56.60152
-57.12454
-58.56019
-57.92001
-57.95059
-57.22769
-57.36356
-57.27821
-57.44656
-57.37963
-57.16769
-56.46434
-56.72439
-57.70851
-58.31737
-57.56829
-56.58395
-56.12582
-56.25401
-57.88348
-56.59080
-57.38568
-58.43758
-56.95146
-57.29247
-58.00305
-56.70163
-58.97344
-60.81865
-58.37670
-58.35737
-58.18120
-57.96451
-57.06157
-56.78750
-57.21039
-57.42336
-58.52959
-58.62191
-58.27384
-58.44237
-58.16751
-58.51765
-58.40646
-57.71483
-57.47765
-57.73947
-57.51217
-58.63093
-58.47125
-57.95436
-57.97130
-57.98823
-58.39575
-59.23667
-60.15277
-59.78752
-60.52005
-58.77661
-59.27864
-60.60470
-59.57737
-61.59063
-58.60845
-58.83502
-62.04260
-59.53284
-60.11305
-60.71378
-59.38441
-57.57798
-60.03085
-61.37585
-59.92154
-59.29321
-59.67561
-59.81025
-58.74837
-59.96998
-59.87870
-61.21260
-62.30813
-61.63707
-60.59895
-61.24341
-59.74009
-58.73152
-57.95940
-57.32449
-58.96494
-58.44257
-58.03382
-58.32855
-56.95816
-57.07000
-57.10630
-56.17711
-56.52564
-57.01690
-56.77495
-56.39082
-57.30119
-57.41200
-57.50481
-56.73480
-57.77979
-57.12926
-57.50225
-59.37988
-58.07112
-58.26030
-57.34896
-57.01785
-57.40413
-58.01449
-57.99258
-58.27453
-57.72167
-57.48143
-56.93339
-57.35509
-58.28843
-57.72886
-57.23418
-57.57947
-57.39934
-56.76638
-57.03394
-56.88189
-57.14226
-56.52098
-57.09819
-58.00689
-58.69870
-59.98044
-59.00050
-58.32410
-57.89199
-58.16893
-58.89548
-58.84047
-59.26965
-59.10352
-58.98477
-59.11444
-58.73598
-57.89637
-57.38358
-57.38824
-58.15058
-58.94493
-60.02979
-57.11477
-56.45497
-58.51614
-58.12175
-58.14489
-58.74894
-58.72271
-57.26026
-60.03968
-61.11841
-59.68172
-60.33520
-59.36248
-59.16952
-58.68593
-59.05743
-58.94593
-57.14019
-57.96768
-59.05508
-58.62240
-57.66925
-58.28571
-57.86924
-57.05045
-58.58227
-59.00027
-59.37627
-57.94978
-57.99498
-57.30207
-57.38263
-58.15172
-57.72479
-59.01828
-58.76511
-59.10457
-59.41424
-58.23351
-58.06201
-56.38081
-57.03949
-59.00106
-57.96127
-58.56787
-58.94890
-58.41593
-57.56475
-57.86585
-58.04991
-58.15434
-57.76909
-58.36375
-57.22500
-56.08351
-57.54206
-57.53761
-57.03858
-56.84233
-57.32328
-56.95410
-58.59363
-59.06500
-58.70628
-58.80307
-58.49547
-58.23267
-57.51756
-57.91117
-56.84747
-57.42136
-57.52111
-57.21949
-56.95109
-56.78485
-57.02349
-57.39527
-57.35584
-57.37740
-57.74202
-56.42134
-56.87208
-57.17512
-57.43832
-57.57719
-57.58887
-58.32093
-59.56256
-59.72398
-59.13462
-58.99358
-58.67012
-58.15992
-57.88595
-58.93065
-58.73447
-58.34304
-58.25328
-58.07469
-57.99093
-58.30617
-58.37572
-58.20792
-57.67164
-57.71352
-58.11620
-57.50020
-56.58931
-57.82755
-58.24759
-57.14070
-58.97667
-58.98275
-57.91548
-59.84633
-61.17004
-60.21490
-60.15231
-59.17043
-58.91144
-57.97981
-57.54910
-58.19560
-58.29475
-58.54234
-58.54351
-58.63377
-58.40277
-58.72060
-58.03086
-59.19955
-61.05912
-57.36642
-55.74462
-56.29947
-56.14606
-56.43284
-56.65616
-57.13262
-57.51520
-59.14533
-59.92312
-58.31260
-57.98923
-58.28853
-58.07343
-57.78959
-57.63254
-56.72315
-56.90725
-57.27700
-58.28009
-58.38403
-56.96355
-57.62352
-57.73300
-57.07345
-57.04848
-57.29300
-57.16491
-56.51702
-57.70876
-56.48555
-55.51231
-57.75475
-57.85297
-58.22598
-61.21395
-59.56147
-59.77117
-61.52157
-60.55913
-59.43082
-57.88523
-61.09592
-60.42526
-59.63174
-59.50736
-58.73886
-59.05094
-58.37665
-58.61883
-57.60601
-57.38782
-56.99038
-57.80674
-57.30374
-57.17777
-56.61371
-56.29289
-57.14615
-57.99247
-58.41159
-57.28510
-57.50130
-57.54961
-57.90271
-57.77955
-57.53737
-55.68401
-56.80377
-58.00613
-57.93898
-57.16274
-56.34896
-57.52131
-58.04009
-59.67107
-57.68081
-58.99190
-60.03338
-58.80067
-57.80447
-56.84577
-57.24602
-56.70385
-56.51173
-56.24016
-56.13492
-57.73722
-58.58915
-57.04534
-56.65738
-56.38379
-56.96104
-56.47787
-56.27009
-57.41604
-57.23309
-58.39624
-58.72835
-57.65353
-58.19297
-58.99890
-58.68103
-58.15616
-57.68080
-57.62107
-58.39605
-58.35541
-58.90268
-59.03981
-58.97850
-58.35562
-57.69148
-56.50022
-57.66822
-59.70947
-58.07636
-57.92585
-58.55370
-58.76625
-56.28539
-57.47075
-58.28421
-57.27717
-57.24464
-57.53547
-58.01507
-57.49251
-58.14173
-57.31825
-57.93622
-56.78853
-56.23613
-56.28141
-56.84081
-57.57097
-57.52614
-57.40458
-56.96727
-57.21871
-56.36917
-58.58033
-58.86938
-58.06043
-58.14239
-57.05144
-56.17279
-56.50128
-57.56359
-57.12488
-56.83347
-55.93652
-55.97756
-57.76292
-58.27512
-57.72859
-57.65923
-57.18262
-56.79107
-56.23966
-55.91874
-56.17998
-56.40549
-56.66190
-56.74345
-56.67667
-57.30314
-58.45544
-57.47090
-57.17025
-57.84132
-56.87779
-56.53756
-55.65792
-57.54663
-57.75002
-57.05410
-57.85744
-57.39810
-58.41909
-58.78471
-59.22691
-58.49438
-58.37685
-58.33931
-58.04947
-56.72690
-57.22884
-58.13177
-57.97497
-58.83031
-58.31442
-58.57976
-59.33260
-59.43303
-59.13639
-57.93178
-58.74383
-58.47641
-57.58161
-58.08081
-58.37039
-58.91515
-58.08706
-58.32072
-57.76683
-57.97465
-59.03438
-57.97642
-58.31872
-59.08774
-58.07694
-58.59173
-58.25179
-57.40422
-57.57830
-58.07921
-58.29292
-57.98919
-57.03171
-58.50578
-59.24149
-58.12877
-58.48433
-58.00791
-57.92047
-56.19366
-57.57509
-58.05073
-57.53033
-57.84740
-56.72405
-57.10001
-59.86418
-59.24166
-57.84641
-58.95952
-57.92206
-58.11223
-57.34416
-58.16573
-58.38801
-58.69531
-58.69537
-57.72288
-58.47793
-57.62705
-59.03159
-58.79085
-58.10166
-59.39146
-58.76284
-57.56938
-57.28529
-57.31577
-57.05596
-57.56753
-57.53160
-57.26425
-58.22539
-59.01222
-58.09930
-57.71140
-57.85567
-57.76409
-58.31275
-58.71738
-58.42747
-57.82896
-57.04493
-56.68983
-56.73720
-58.13118
-58.84077
-58.48509
-58.64195
-58.28950
-59.00752
-57.86345
-56.98016
-58.53116
-58.58677
-58.56027
-58.99316
-58.78114
-59.05384
-58.73940
-59.47357
-59.19516
-58.75877
-59.40841
-59.12505
-58.44493
-58.46945
-58.65493
-58.31345
-58.82843
-58.90319
-58.67382
-59.69061
-59.99979
-59.54765
-60.42960
-61.50544
-62.15339
-58.35014
-57.42363
-59.10183
-59.00572
-59.56240
-58.76159
-58.49676
-59.90716
-62.11862
-61.59294
-61.65643
-61.52936
-61.97490
-60.97738
-58.05661
-58.31650
-58.27005
-58.31329
-58.89140
-58.44093
-57.29772
-59.06140
-58.93266
-58.03239
-58.12587
-58.12151
-58.01603
-56.88787
-58.58942
-57.76147
-57.27109
-57.88923
-57.99645
-57.81332
-58.89322
-58.38256
-58.13014
-58.19836
-57.23314
-57.81127
-56.31353
-57.93811
-58.10961
-57.70242
-58.02495
-57.56337
-57.09559
-57.01649
-58.28875
-59.18010
-58.30316
-57.19864
-56.69473
-56.08335
-57.17720
-56.69055
-57.03283
-57.59457
-57.65416
-56.07539
-57.00452
-57.78448
-57.64199
-58.81412
-57.59020
-57.47475
-56.74042
-56.99361
-57.15770
-57.25474
-57.65552
-58.75487
-57.34408
-56.65272
-57.42039
-57.17693
-57.72345
-58.14163
-58.60024
-57.19426
-56.93971
-58.46009
-57.22503
-57.19092
-58.21376
-57.84720
-56.59630
-57.08195
-58.16987
-57.95685
-58.04109
-57.11148
-56.76369
-55.47353
-56.74391
-57.43331
-56.35765
-56.85360
-57.36211
-57.60929
-58.53038
-58.99615
-57.88565
-57.86776
-57.60369
-57.60677
-56.30600
-56.88413
-57.86949
-57.94291
-58.03865
-57.11731
-56.49913
-57.36775
-58.66215
-58.19044
-58.35720
-57.73368
-57.79256
-57.00346
-56.39961
-56.63706
-56.49186
-55.67027
-55.68807
-57.11605
-57.05067
-58.71953
-58.84143
-57.26023
-56.87230
-56.68456
-55.64529
-55.83676
-57.83710
-57.04694
-56.18271
-56.19410
-57.86785
-58.34100
-57.98160
-57.38570
-56.25775
-56.61084
-56.93314
-56.82021
-56.74707
-58.52974
-58.24655
-57.64987
-57.29636
-57.38501
-57.90322
-57.40268
-59.73283
-58.81868
-58.07159
-58.90402
-57.89737
-57.88672
-57.17137
-57.04835
-57.72102
-57.95142
-57.64004
-57.84365
-57.68749
-56.65693
-56.38028
-56.96069
-56.64913
-56.86592
-57.04119
-57.28896
-57.47810
-56.48399
-57.45827
-57.34964
-57.19530
-58.64669
-59.69716
-58.84496
-59.13494
-58.35560
-59.14127
-58.14463
-57.18137
-59.97774
-59.17926
-60.45009
-59.93574
-59.43038
-57.65549
-57.13080
-59.06267
-58.66021
-58.07789
-58.42626
-58.80094
-58.28422
-58.61320
-58.62395
-58.41964
-57.60635
-57.55512
-58.82277
-60.59281
-60.69461
-60.70090
-59.45210
-59.36826
-60.91728
-58.82720
-57.01726
-57.14123
-57.64598
-58.10033
-57.55223
-57.36708
-58.42563
-57.86227
-57.38673
-56.38398
-56.21611
-56.10887
-56.57287
-57.79324
-57.69778
-57.96567
-57.27147
-57.13508
-56.90966
-57.51639
-60.05372
-59.31350
-59.04713
-58.34501
-58.45125
-57.52959
-57.29786
-61.38005
-58.65423
-58.13861
-57.61019
-57.84130
-57.27423
-58.13163
-59.14584
-58.50674
-58.67571
-59.34976
-60.16693
-57.33255
-59.98347
-59.01659
-59.37832
-59.56515
-61.02935
-57.89336
-57.12065
-60.49385
-58.86390
-58.24126
-57.43378
-58.20317
-57.72547
-57.74139
-56.94470
-57.08971
-57.82814
-59.30175
-58.44518
-57.95162
-57.20908
-56.85274
-57.74025
-58.42831
-58.81453
-57.11272
-57.37613
-58.83335
-58.29955
-58.28116
-58.05164
-56.85372
-58.62047
-59.50424
-59.27819
-59.06647
-58.27302
-58.01809
-58.55474
-58.79491
-59.05152
-58.58121
-58.20603
-60.07466
-58.60185
-57.56646
-60.80221
-58.87055
-57.65222
-59.13580
-58.88166
-58.85913
-58.51671
-58.24909
-58.88248
-58.97791
-58.73616
-59.31971
-59.64086
-61.21328
-61.37536
-62.01036
-61.46305
-60.60573
-61.08451
-60.80366
-61.29404
-61.73935
-61.03031
-60.45234
-59.50898
-59.91324
-60.63966
-59.80853
-58.77049
-59.35729
-60.14509
-59.49023
-60.05224
-59.94001
-60.54001
-60.31909
-60.19420
-60.79505
-60.69557
-62.02691
-63.23558
-61.96901
-61.95644
-60.97836
-63.13077
-58.10782
-57.20074
-61.64358
-59.25991
-59.98952
-59.83693
-59.68731
-57.54483
-58.11462
-59.15423
-58.36366
-57.80266
-58.30951
-56.71921
-56.17776
-59.22443
-58.71526
-59.17268
-58.54853
-59.91680
-57.35792
-57.85993
-60.74227
-58.38642
-58.65342
-57.52555
-58.23528
-58.53798
-58.57830
-59.19869
-57.82412
-57.48782
-58.16097
-58.96037
-59.88991
-59.14303
-58.59599
-58.19226
-58.23976
-59.36515
-57.27017
-57.78879
-59.49878
-58.05230
-58.47929
-58.01375
-57.67157
-59.29211
-60.58350
-60.37409
-59.33461
-58.92739
-60.06854
-59.47024
-58.84936
-58.96194
-58.68182
-59.79338
-59.56954
-60.36400
-59.31160
-59.25124
-59.37748
-59.56971
-58.43864
-59.19068
-58.63815
-57.63338
-61.33708
-59.66300
-60.02973
-58.67524
-58.28164
-56.58994
-57.15825
-59.88448
-59.29947
-60.17821
-59.11676
-58.69990
-58.34955
-57.75542
-57.82282
-56.85386
-57.06968
-58.60117
-57.14301
-57.73721
-57.73774
-56.41603
-56.43587
-56.86199
-56.60402
-56.00851
-56.74398
-58.75109
-58.63924
-57.74225
-57.26491
-57.78156
-59.35154
-59.31814
-58.40122
-57.45377
-57.27138
-57.78371
-57.93020
-57.65093
-57.72690
-56.86746
-56.77708
-56.83603
-56.71222
-56.61775
-57.18988
-57.05781
-56.79714
-56.75503
-55.88884
-55.89426
-56.27787
-56.98412
-56.26368
-55.50603
-56.32511
-56.67222
-56.48228
-57.62981
-59.37144
-59.71071
-59.07874
-57.46855
-57.16514
-57.05594
-57.75617
-59.47901
-58.83590
-59.66293
-59.01543
-58.41073
-57.82522
-56.79441
-57.31289
-57.38378
-57.92664
-57.37288
-56.56769
-57.96696
-58.60945
-58.34069
-58.90885
-58.78282
-58.66029
-59.61472
-59.37700
-58.44273
-59.33077
-58.74623
-57.96827
-57.85840
-59.09725
-59.43281
-58.59368
-59.24056
-60.06975
-59.20361
-57.67334
-58.58437
-58.15569
-58.33110
-57.94572
-59.71780
-59.14401
-57.53421
-60.06751
-58.79583
-59.42160
-59.34382
-59.71307
-57.29209
-57.99598
-61.27255
-58.85821
-59.73427
-58.95979
-58.92674
-58.51041
-58.81875
-58.45074
-56.40594
-57.60121
-58.57181
-57.51392
-58.00910
-57.15540
-57.17600
-57.46246
-58.45877
-58.62885
-56.54535
-59.00044
-59.63029
-58.03983
-57.56656
-56.94463
-56.97147
-58.43232
-59.87241
-59.77580
-59.12117
-58.91442
-58.24269
-58.10198
-57.85096
-57.05852
-57.18879
-57.40806
-57.77109
-58.03350
-57.41607
-57.40251
-57.77387
-57.99355
-57.40664
-57.20880
-56.25241
-56.58663
-58.80459
-57.27238
-57.38280
-56.14378
-59.50345
-58.88370
-57.92509
-60.28500
-58.92381
-60.14655
-58.92277
-58.61678
-57.91182
-58.19085
-58.01716
-57.96293
-57.22687
-57.82800
-57.54372
-57.83289
-56.83716
-56.69082
-56.42106
-56.65009
-58.17239
-56.40830
-58.26129
-58.02647
-57.61238
-58.72942
-57.72586
-56.88925
-58.73386
-59.90931
-58.92221
-58.46624
-57.78829
-58.17829
-57.84147
-57.96044
-57.83410
-57.77001
-57.76970
-58.06419
-57.95029
-56.77374
-56.69147
-56.03053
-56.25069
-56.24201
-57.23450
-56.41242
-56.22042
-57.09537
-57.03933
-58.09017
-56.58489
-56.05028
-55.90718
-57.94836
-59.11255
-58.08079
-58.31960
-57.35836
-57.36557
-57.31117
-57.07280
-57.01651
-56.10623
-57.45964
-58.26387
-57.03647
-56.91627
-56.44896
-57.08999
-56.30973
-56.22629
-56.30056
-55.99444
-57.28557
-57.01276
-56.56389
-56.64085
-58.39509
-58.55203
-58.87383
-59.39411
-58.09018
-57.94071
-58.36442
-57.71911
-57.19709
-57.78497
-58.04939
-57.94964
-56.97917
-57.53072
-58.31579
-57.38188
-57.21851
-58.76417
-58.11075
-57.28199
-57.31500
-57.87468
-58.04032
-57.50201
-57.13579
-56.56542
-57.47320
-57.75988
-56.59452
-58.22144
-59.26301
-58.08081
-58.25448
-57.94417
-58.39358
-58.00192
-57.09666
-57.17369
-57.32959
-57.19076
-57.32688
-56.97268
-57.37118
-57.43058
-57.06438
-56.50350
-57.96538
-56.98938
-55.32448
-57.06898
-57.10806
-57.49483
-57.38105
-56.32302
-57.38989
-60.74511
-61.08272
-59.73995
-58.81225
-57.12275
-56.42567
-56.92367
-57.54507
-57.80356
-57.16570
-57.45625
-58.43837
-57.33573
-57.07988
-57.29481
-56.55351
-57.78980
-57.72761
-55.66146
-55.12484
-56.99657
-59.55546
-58.99484
-59.05043
-58.67072
-57.98973
-57.48293
-59.78528
-60.46776
-58.70684
-59.90803
-59.48994
-59.30454
-59.03599
-58.90750
-59.35799
-57.25501
-59.42601
-61.27571
-59.67159
-61.77281
-60.12006
-59.96271
-58.95841
-61.22640
-58.42102
-56.18270
-59.14936
-59.39809
-59.57459
-59.68891
-59.54694
-57.53945
-59.05058
-58.46799
-58.37596
-58.52736
-57.96220
-58.38817
-57.69432
-57.76019
-57.39770
-58.82206
-58.49695
-57.75090
-56.43397
-56.71511
-58.44981
-57.56728
-58.00242
-57.08304
-56.52698
-56.37679
-56.68583
-56.38212
-56.34334
-56.73179
-56.67037
-59.63132
-57.27706
-59.05111
-60.29104
-58.81192
-59.40002
-58.26800
-57.75008
-57.29623
-57.99155
-57.75794
-58.14375
-57.42750
-57.89159
-57.34101
-57.74011
-58.63801
-57.02287
-56.53725
-58.25741
-57.04264
-56.13400
-58.86853
-58.69048
-57.78135
-57.22588
-57.42379
-58.41543
-58.19199
-58.15756
-58.81727
-59.26564
-59.31654
-58.75456
-58.22551
-58.25006
-59.01446
-59.14813
-57.24787
-56.68374
-56.27490
-56.61534
-57.86251
-58.05050
-57.71433
-57.63945
-57.25940
-55.33396
-56.33271
-57.02610
-57.22060
-57.32340
-56.30164
-55.86899
-56.18696
-59.10378
-59.37654
-58.66113
-59.10632
-58.62490
-58.87790
-58.16922
-58.37091
-57.64682
-56.41952
-58.36290
-57.95227
-57.99635
-58.10462
-57.95115
-59.64187
-58.29017
-57.61251
-56.56906
-56.15794
-57.36182
-57.35908
-55.85379
-56.29010
-57.35962
-58.23845
-61.10284
-59.02379
-58.95303
-58.06008
-57.46340
-58.74639
-58.46549
-59.60613
-58.31386
-57.23400
-58.05981
-57.66582
-56.67089
-56.98660
-57.10701
-56.64133
-57.14223
-57.21478
-57.37721
-58.43214
-57.66837
-58.28877
-57.70659
-57.59529
-58.16412
-57.26200
-56.81773
-59.29661
-59.38753
-57.95722
-58.51840
-58.48046
-58.48898
-57.10513
-57.40188
-57.30544
-57.98127
-57.78211
-58.12129
-57.22894
-57.48767
-57.99982
-58.18867
-58.80675
-58.11030
-57.49801
-56.56630
-57.88189
-57.15730
-57.09314
-59.65507
-58.11755
-57.53921
-60.95192
-60.13848
-59.35221
-58.74300
-59.17570
-58.58237
-58.14133
-59.09685
-58.33570
-58.06920
-57.72955
-57.47677
-57.00165
-57.31254
-57.63658
-57.53495
-57.73021
-57.61168
-57.11716
-55.70329
-57.22699
-58.82932
-57.60353
-57.73175
-57.04529
-57.31649
-57.33687
-59.05357
-58.52674
-57.97850
-57.99144
-57.82849
-57.16101
-57.21769
-58.54861
-57.80308
-58.15665
-57.81825
-57.85090
-56.57385
-57.05513
-57.24429
-57.09052
-56.97390
-56.97664
-58.24743
-58.48064
-58.47244
-57.06952
-57.11021
-57.35927
-58.33898
-59.39345
-58.93244
-58.86378
-57.87290
-58.26595
-58.40857
-58.29682
-58.12684
-57.98541
-57.81202
-57.63732
-57.99481
-57.91854
-58.07440
-58.20689
-57.34202
-57.50933
-57.85281
-57.23721
-57.42194
-56.27706
-58.96346
-58.29846
-58.95960
-60.51760
-61.75157
-60.70740
-56.77892
-59.36970
-58.38048
-58.73792
-58.39070
-58.52705
-58.43971
-58.32649
-57.68790
-56.68857
-57.49358
-57.41038
-57.90452
-57.66586
-57.25875
-57.46338
-58.41591
-57.45266
-56.77132
-55.98047
-56.59172
-57.90288
-56.71742
-56.95196
-57.79240
-56.98965
-58.18935
-60.34300
-59.82174
-59.07032
-58.66683
-59.23144
-58.43546
-58.31287
-58.20575
-58.18130
-58.01398
-57.49650
-58.75741
-57.56324
-57.48235
-58.11438
-58.31803
-57.34854
-57.80593
-57.78010
-56.59245
-58.14479
-57.99832
-57.45716
-57.05394
-58.34448
-57.25047
-56.67139
-59.86566
-59.07609
-59.23733
-58.32225
-57.01403
-57.94452
-57.98535
-58.30013
-56.71648
-56.37205
-58.68551
-58.70052
-58.74217
-58.73555
-57.88826
-57.46278
-56.05930
-57.65263
-56.71931
-56.81493
-58.42162
-57.16177
-58.22091
-58.63595
-57.80423
-59.38492
-60.60975
-57.70779
-58.37723
-58.55531
-59.29545
-60.07202
-58.24667
-57.86026
-58.29685
-58.71164
-58.81125
-57.50590
-57.42828
-57.86272
-57.35597
-57.16265
-57.26566
-58.65708
-58.77276
-57.47496
-56.57077
-58.97068
-59.37452
-57.79725
-58.60372
-56.89280
-57.13120
-58.86270
-58.39675
-59.31636
-59.23626
-58.96053
-58.54098
-57.86363
-57.14071
-58.08673
-59.00242
-58.81257
-58.91167
-57.86157
-57.54652
-57.25426
-57.65289
-57.15524
-58.13657
-57.87005
-56.99328
-58.39638
-58.62962
-57.16784
-56.60607
-57.67895
-58.73997
-61.06138
-60.76396
-59.60083
-59.26850
-58.69772
-59.34065
-59.48642
-57.64657
-57.28515
-58.96100
-58.64970
-57.86242
-58.18677
-58.82145
-58.68354
-58.59543
-58.35332
-59.69860
-57.66251
-56.07333
-57.97522
-57.84936
-59.56916
-59.31286
-58.82871
-57.38718
-58.47898
-62.91571
-61.02530
-60.82903
-58.99630
-58.41060
-58.65947
-58.85668
-59.76040
-60.07535
-60.77149
-58.97590
-57.95338
-60.43702
-60.70963
-60.20302
-59.73617
-59.40046
-60.61752
-60.40642
-59.70522
-58.82026
-61.16412
-60.51971
-59.62693
-60.72843
-57.30371
-59.26088
-64.02567
-62.43900
-62.54884
-63.00062
-62.37522
-60.45018
-61.48365
-60.95409
-57.85697
-59.09417
-60.46664
-61.61911
-64.20614
-61.08744
-61.63982
-61.31277
-62.27222
-60.80790
-57.92273
-60.81055
-61.01400
-60.89512
-60.85362
-62.77913
-59.16607
-57.41826
-59.42297
-58.95021
-58.61468
-58.05876
-57.97778
-57.75831
-57.72367
-57.31474
-57.30229
-57.31453
-57.74711
-57.41631
-57.56081
-57.05507
-56.50147
-55.97610
-56.65379
-57.80853
-56.61861
-56.73690
-56.57769
-56.32634
-57.36292
-57.33714
-56.36643
-57.57588
-58.67903
-57.19903
-56.84922
-57.72576
-57.37032
-57.02743
-56.82615
-57.00105
-57.43955
-57.38256
-56.90560
-56.66352
-56.49772
-56.84876
-57.35342
-57.85816
-57.14620
-57.15235
-56.59150
-56.31613
-58.33724
-58.17751
-58.51325
-57.55000
-56.99792
-56.33215
-57.59122
-59.72802
-58.69153
-59.82102
-59.79196
-58.84618
-59.05112
-59.47416
-59.54835
-57.64396
-57.93594
-60.11683
-58.15230
-58.67183
-58.27646
-57.82513
-57.96883
-57.12079
-57.81701
-56.57894
-58.33295
-60.88112
-59.73509
-59.49658
-58.72942
-57.54175
-57.96911
-59.09497
-58.16615
-58.12303
-58.30244
-57.97134
-58.04565
-57.38890
-57.31489
-57.31252
-56.92692
-57.15450
-57.73760
-57.64206
-57.58658
-57.61865
-57.53531
-59.07565
-58.60912
-57.30664
-57.41190
-57.27676
-56.68025
-55.70485
-56.28864
-57.13943
-56.92499
-58.31160
-59.51838
-59.55978
-58.45100
-57.30853
-57.47624
-57.85874
-58.06741
-57.79674
-57.60553
-57.22546
-57.09120
-56.93231
-57.86052
-57.70476
-56.95495
-57.13766
-57.19248
-57.54687
-56.56893
-57.57985
-57.66836
-57.41035
-58.08693
-56.95919
-57.32898
-58.70452
-60.35560
-59.83080
-59.13364
-58.69516
-59.06934
-58.26030
-58.12324
-59.27377
-59.09847
-58.88295
-58.83700
-58.59910
-58.24738
-58.87898
-58.26682
-57.74974
-57.27520
-58.25924
-57.30242
-57.69292
-59.45066
-58.07190
-59.04351
-60.24375
-59.01798
-57.27876
-58.80781
-59.47050
-57.77151
-58.62303
-58.58498
-58.28986
-58.54314
-58.34950
-58.11955
-56.53319
-57.46186
-58.71009
-57.59196
-58.55475
-58.18222
-58.02156
-57.57358
-57.62391
-57.42033
-55.84493
-57.05320
-57.12426
-57.24735
-57.78335
-58.07984
-57.03720
-58.02917
-60.32504
-58.76892
-58.51666
-58.27406
-58.28688
-57.96607
-57.95484
-57.75094
-58.50312
-58.02869
-57.73703
-58.01897
-57.92314
-57.98412
-57.53049
-58.26829
-56.71073
-57.02338
-57.14261
-57.16771
-58.80023
-58.20344
-58.87228
-57.92824
-57.83539
-57.31434
-57.79210
-59.72328
-58.61179
-58.12825
-57.54191
-57.04352
-57.16626
-57.57717
-57.25664
-57.43960
-57.29118
-57.41072
-57.21101
-57.51294
-57.82937
-57.34273
-57.01388
-56.52416
-56.33725
-55.81712
-56.71232
-56.31027
-56.26794
-56.79751
-56.37976
-57.92472
-59.59765
-59.78196
-59.03904
-58.11399
-57.46883
-56.44729
-56.19791
-57.59443
-57.68086
-57.58923
-57.97649
-58.47223
-57.67949
-56.75848
-57.40507
-56.87908
-56.96158
-55.89669
-56.62812
-56.37402
-56.22885
-57.14367
-56.28041
-56.95325
-56.63221
-56.96240
-56.44679
-58.43416
-59.48928
-57.19793
-56.40854
-56.27920
-57.66707
-58.47833
-57.51887
-56.27873
-55.95574
-57.14542
-58.06370
-57.36292
-57.45438
-58.18591
-57.95975
-56.55326
-56.57643
-55.66773
-55.58236
-57.55965
-57.91787
-57.70072
-57.20614
-56.14207
-56.66427
-58.31496
-59.11302
-58.56498
-57.89579
-57.99435
-57.87469
-58.45194
-58.33852
-57.83001
-57.81485
-57.86245
-57.76840
-57.89222
-58.12278
-57.95753
-57.44532
-57.54276
-57.99108
-57.96399
-57.12161
-56.77359
-57.40231
-58.01690
-57.88065
-57.03593
-57.32324
-56.94203
-59.02138
-59.40626
-58.51608
-59.05036
-57.40344
-57.25352
-57.15803
-57.43903
-57.13705
-56.35472
-55.99724
-56.57861
-57.47868
-58.00614
-57.90374
-58.44156
-57.63669
-56.68013
-56.94021
-56.69941
-57.73296
-57.22182
-56.76633
-57.44398
-57.07677
-56.83313
-57.78981
-58.56936
-58.26451
-57.76434
-57.64346
-57.81573
-57.81829
-57.99860
-58.02091
-58.72996
-58.20166
-57.68160
-58.23549
-58.11457
-57.04757
-55.76248
-57.94824
-58.26407
-58.01825
-57.84984
-57.49004
-58.82782
-57.58733
-57.13327
-57.72601
-58.08849
-56.78512
-59.04648
-61.91475
-60.31350
-58.68749
-58.73290
-59.27348
-59.97225
-60.30769
-58.65530
-57.43726
-58.76001
-61.68137
-59.51945
-60.66457
-60.44348
-59.24386
-58.95740
-59.01660
-58.36079
-56.95028
-59.97638
-59.52889
-59.71463
-61.66367
-60.21668
-60.27719
-60.25225
-60.17283
-59.45240
-59.83194
-60.45111
-59.04127
-60.05049
-60.04390
-59.07649
-60.22863
-59.36078
-59.39526
-59.55400
-59.54566
-59.96797
-59.93626
-59.34034
-58.94903
-59.10130
-58.32419
-59.66004
-60.05787
-59.11130
-58.96116
-59.28035
-59.13497
-59.10510
-62.38036
-61.57713
-60.13019
-60.57423
-59.45665
-59.13299
-59.10985
-59.54193
-59.45968
-59.43527
-59.51582
-59.32147
-59.52808
-59.16373
-58.21282
-58.52170
-58.64132
-58.84287
-59.08638
-57.27679
-58.00275
-59.48695
-59.05433
-58.60104
-58.64090
-58.72853
-60.08716
-60.86788
-59.77185
-60.04842
-59.99889
-59.32582
-58.46086
-59.29109
-59.55011
-60.06455
-59.73855
-59.59769
-59.17195
-58.38844
-57.41534
-56.68355
-58.68014
-58.75040
-58.46373
-57.20268
-58.11767
-58.99729
-57.97963
-58.44967
-58.69652
-57.28962
-56.69442
-58.92346
-58.32259
-58.11944
-58.17461
-57.72028
-57.92456
-57.46739
-57.66958
-57.12703
-56.62714
-58.37531
-58.26614
-57.66102
-57.29268
-57.64525
-57.81142
-56.12381
-56.77651
-56.50772
-56.29194
-56.97957
-57.25584
-56.14527
-57.37880
-58.53666
-57.34051
-58.93819
-58.97342
-58.18253
-57.49344
-57.26280
-57.31621
-57.55248
-57.99211
-57.63110
-57.16825
-57.21802
-56.93695
-57.06328
-57.07063
-57.16930
-57.26134
-56.94009
-56.48583
-55.95977
-55.86182
-56.17198
-57.13829
-57.61484
-56.37101
-55.65455
-56.51631
-56.83169
-58.95264
-58.59953
-58.01243
-59.20189
-58.25629
-57.69905
-57.18256
-57.60137
-57.58770
-57.63590
-57.14996
-56.55902
-56.95098
-57.03952
-56.91215
-57.39675
-57.53132
-57.13030
-57.79265
-57.13171
-57.16027
-57.40816
-57.38246
-57.93157
-57.29531
-57.31329
-58.32113
-58.93947
-58.14391
-58.11237
-57.82495
-58.51445
-58.97103
-57.90090
-58.61008
-59.21589
-57.97889
-58.93146
-58.68285
-57.10396
-57.36075
-57.26562
-56.48956
-56.35166
-57.96732
-57.88863
-57.76282
-57.39540
-57.41790
-56.75220
-56.47078
-56.44975
-56.91535
-60.14525
-59.08191
-59.19887
-59.59786
-57.88949
-57.63407
-58.35307
-59.32108
-57.42424
-56.58141
-58.47811
-58.29509
-57.13915
-57.88821
-57.14064
-56.63983
-56.70512
-56.78922
-57.06758
-56.34290
-57.64054
-57.56623
-57.71586
-59.26351
-57.73434
-58.20171
-59.61698
-59.26949
-59.68527
-59.13131
-58.46219
-59.38292
-58.67773
-58.38101
-58.67092
-58.07603
-57.83073
-57.94745
-58.73006
-58.64911
-58.17497
-58.33365
-58.07786
-57.54265
-57.51502
-56.32265
-57.67987
-58.35728
-58.24798
-58.57149
-57.69780
-58.10965
-57.39157
-60.26510
-59.59706
-57.78184
-57.75712
-58.02257
-57.49866
-56.41656
-56.62117
-57.01833
-57.05039
-56.75816
-57.40045
-56.78542
-56.91455
-57.41363
-58.25672
-57.08209
-57.28870
-57.13465
-57.65999
-59.90944
-58.78375
-59.42794
-59.19018
-58.19932
-58.55305
-58.93148
-58.50143
-58.84065
-57.89564
-56.94377
-57.27057
-57.01466
-57.25406
-57.06582
-57.12201
-57.62547
-58.29851
-57.40545
-56.91290
-57.28928
-56.51890
-55.89456
-55.66556
-56.32735
-56.12656
-56.83419
-56.52215
-58.46403
-59.57219
-57.36061
-56.45955
-57.11321
-59.73622
-58.42472
-59.03524
-59.27505
-58.80657
-59.01970
-57.98626
-57.86734
-57.49044
-56.78473
-59.81590
-59.59141
-58.16501
-57.12578
-54.95113
-55.92074
-56.86537
-58.07786
-57.00998
-57.07730
-59.79668
-59.44387
-58.40128
-58.49366
-58.40105
-58.48778
-59.44743
-59.68272
-59.27417
-59.81485
-59.57945
-59.72307
-60.73639
-60.26407
-59.22241
-58.98870
-59.04171
-59.32593
-59.07442
-58.01703
-57.78806
-57.70760
-57.60579
-57.20735
-58.00882
-58.04022
-57.98910
-57.75450
-57.89138
-58.05337
-57.68251
-57.15387
-58.30526
-60.03098
-57.48561
-58.81354
-59.11756
-58.21645
-58.42361
-58.22188
-57.21270
-56.46342
-57.72808
-57.74702
-57.01692
-57.08576
-57.52714
-57.90734
-58.52797
-58.13944
-57.35990
-56.16172
-56.98626
-58.62780
-58.00601
-56.96743
-56.80853
-56.86788
-57.66463
-59.49585
-58.76624
-58.17617
-58.20681
-57.64015
-57.98127
-57.88367
-58.48391
-59.11694
-58.71488
-57.37123
-56.58938
-56.16290
-56.53965
-57.33279
-58.12869
-58.19210
-57.00352
-58.07812
-56.86029
-57.95888
-59.90205
-59.38598
-58.35231
-58.43344
-57.17547
-58.05120
-60.80011
-58.81450
-59.78725
-58.56219
-58.20299
-58.76645
-59.09529
-59.43117
-57.70466
-57.19276
-59.43870
-59.40387
-60.01763
-60.44399
-59.87415
-59.26885
-58.41135
-59.84955
-57.67059
-57.40066
-60.73187
-61.44488
-60.06291
-60.39175
-60.32736
-60.05062
-61.04003
-61.27512
-60.53774
-60.38093
-60.37264
-60.05044
-59.86628
-60.49287
-59.52673
-60.18163
-59.95749
-59.39176
-60.26429
-60.62664
-60.88822
-59.60547
-59.29518
-59.20715
-59.34479
-57.41534
-59.06054
-59.52501
-59.22027
-59.14821
-59.93853
-60.03337
-59.27213
-62.38975
-59.86462
-60.70545
-60.06152
-59.52137
-59.75268
-59.62283
-59.38294
-59.27340
-59.28379
-58.91912
-59.07871
-58.46636
-57.86666
-57.08248
-57.52582
-57.48294
-57.85038
-56.86283
-56.53868
-57.83245
-57.30016
-57.10973
-57.16298
-56.29302
-57.67159
-58.16212
-57.86241
-58.63166
-58.84955
-58.43993
-58.32188
-58.43404
-57.06781
-56.09780
-55.99082
-56.43086
-56.30450
-56.94443
-58.27813
-57.79652
-56.90742
-55.13948
-55.40646
-56.67475
-56.23500
-58.14277
-57.51804
-57.15194
-57.37819
-55.93922
-55.53308
-57.35263
-59.68881
-58.82829
-59.69974
-59.75372
-57.91027
-57.54450
-58.03926
-57.33293
-56.22860
-57.40865
-59.65043
-58.43021
-59.08217
-59.53012
-59.93538
-59.68829
-58.65627
-59.06018
-56.96285
-57.94271
-59.34876
-57.90181
-57.39394
-57.51852
-56.49417
-57.15567
-59.82319
-59.80802
-59.26191
-58.49932
-58.02904
-57.68520
-57.68127
-58.35123
-57.91113
-57.87037
-57.82378
-57.63042
-57.18197
-56.76867
-57.44287
-57.91503
-57.36918
-57.33817
-57.57687
-56.38174
-56.60444
-57.28774
-57.01261
-57.10592
-57.77326
-56.38252
-58.26843
-60.12694
-58.29388
-58.37186
-57.71628
-58.28630
-58.32851
-58.93840
-58.13110
-56.35319
-56.59696
-57.66451
-57.16566
-57.63229
-57.79283
-57.28010
-56.88489
-57.05576
-57.38534
-56.53067
-57.27628
-58.18906
-57.67752
-58.13112
-59.19709
-58.43855
-59.41932
-61.27406
-60.82399
-58.76632
-57.06132
-57.66181
-58.68481
-58.77902
-58.15296
-57.78436
-57.47929
-57.91820
-58.99160
-58.05462
-58.83711
-58.24729
-57.39858
-57.51925
-57.99181
-57.45651
-57.28459
-59.22199
-57.60260
-58.03469
-59.19916
-58.68847
-58.15913
-58.51452
-61.09021
-59.64580
-60.55429
-60.99215
-60.53433
-60.62623
-60.45048
-61.35789
-57.22250
-58.66976
-60.02693
-59.70777
-61.95523
-59.81704
-59.44652
-59.30134
-59.54690
-60.20262
-57.16652
-58.61771
-62.19888
-61.42052
-59.89236
-59.84799
-61.23703
-60.13463
-62.24986
-60.91798
-60.64627
-60.84510
-60.00231
-59.94738
-60.43059
-60.91078
-59.80648
-59.58953
-60.89976
-62.19093
-58.90332
-58.00411
-58.20635
-58.26773
-57.83150
-58.32203
-58.58417
-57.86263
-57.99205
-57.90337
-58.41033
-57.82143
-57.87511
-56.34635
-58.07997
-59.28922
-57.51846
-58.03262
-57.52116
-57.62376
-57.20610
-56.87164
-56.60094
-57.89778
-57.33890
-57.19554
-57.00013
-56.58736
-56.30390
-55.97596
-56.47729
-57.85984
-58.45445
-56.49839
-56.58475
-57.09249
-56.84518
-56.68374
-56.84297
-56.56743
-57.89790
-57.31785
-56.59999
-57.87547
-58.74469
-57.55497
-57.42989
-58.29379
-57.33188
-56.45547
-56.77722
-57.84289
-57.72024
-57.50208
-57.34334
-57.19189
-56.72218
-56.84362
-57.49984
-56.80595
-56.27487
-57.36310
-57.12136
-57.50408
-57.36135
-56.86409
-56.73988
-58.94719
-61.52097
-59.50400
-59.59158
-58.26258
-57.23040
-58.79685
-61.28846
-59.29529
-57.01825
-57.92451
-60.69261
-60.56264
-60.74398
-61.63757
-61.11322
-59.48771
-57.84056
-57.21567
-56.86825
-58.79685
-59.29016
-59.26730
-59.35354
-59.01530
-58.32143
-59.57490
-60.33623
-59.28882
-59.43564
-59.26888
-59.72356
-59.45837
-59.19037
-59.95425
-61.05188
-60.06739
-58.90381
-59.07726
-59.52068
-59.26054
-58.73448
-58.02096
-58.24399
-58.63211
-58.64119
-58.84125
-59.03517
-58.16635
-58.23460
-58.76316
-59.30418
-58.37708
-59.80444
-60.35029
-58.85612
-60.91784
-59.97669
-58.52305
-57.96869
-59.23479
-59.16291
-58.68618
-58.07840
-58.37057
-58.33199
-58.82743
-58.75934
-58.60204
-59.06845
-58.90006
-58.37427
-57.52986
-59.98096
-59.81220
-59.12699
-58.64745
-58.12056
-58.26430
-59.80758
-60.56784
-60.05294
-61.03607
-60.99325
-60.24834
-61.12394
-61.08926
-59.59416
-60.11011
-60.10454
-59.50182
-59.04875
-59.40543
-60.68554
-60.64086
-60.07758
-58.51662
-59.61844
-59.05443
-58.50709
-60.74743
-59.98525
-60.78352
-61.37140
-61.21897
-59.49422
-62.23182
-63.33855
-62.42154
-65.92143
-62.91366
-62.24155
-61.36004
-63.11064
-63.72369
-59.30697
-61.80561
-64.86583
-63.81816
-64.50656
-63.92362
-64.13798
-62.85108
-63.77715
-62.59936
-59.53543
-61.97053
-66.27560
-63.71358
-62.61394
-63.79632
-63.13913
-63.27718
-65.52798
-65.72397
-63.96466
-63.71081
-64.36622
-63.04617
-64.18750
-63.49320
-62.75607
-64.06599
-62.93380
-62.88064
-64.46907
-64.41442
-63.51079
-62.83395
-63.25469
-64.06901
-61.83067
-62.83745
-63.57678
-64.29931
-63.69170
-62.90161
-62.75391
-62.51041
-64.71172
-64.39453
-64.95508
-65.43335
-64.53447
-63.45947
-63.62178
-63.48585
-63.60813
-63.90507
-63.65288
-62.52507
-60.70684
-60.63015
-60.73812
-61.32525
-61.09001
-61.03998
-60.53634
-60.73386
-64.91308
-63.55050
-62.96779
-63.76557
-62.68834
-63.07798
-64.18725
-65.13940
-63.49835
-63.47542
-63.77698
-64.22350
-62.27789
-61.73238
-61.79400
-62.02809
-62.50068
-62.48214
-61.94115
-61.56201
-62.98245
-62.48498
-63.09518
-62.68354
-62.83939
-61.52478
-62.31273
-63.33087
-62.24539
-62.95657
-61.73142
-62.10736
-61.35218
-63.29711
-65.07409
-63.79641
-64.76075
-65.22792
-66.51631
-65.43139
-64.16369
-62.17292
-61.70198
-64.51294
-65.51928
-64.49013
-64.74890
-63.78230
-64.13351
-64.17501
-65.68769
-66.25810
-62.84563
-64.79550
-65.03266
-64.18695
-64.77413
-63.75748
-63.66087
-65.94759
-66.99466
-66.57038
-67.38815
-66.99363
-66.85098
-67.23886
-66.42900
-65.41746
-65.86392
-65.75315
-66.36479
-65.40330
-64.48931
-64.31826
-64.40171
-64.42697
-64.77685
-64.96773
-64.68257
-66.05085
-66.00713
-65.58325
-65.07816
-65.32930
-65.10054
-63.91923
-66.53598
-69.02167
-68.15505
-67.14964
-67.34340
-68.09131
-67.56762
-67.51729
-66.10160
-65.87558
-66.87725
-67.33844
-66.79843
-65.85883
-65.30314
-66.18132
-66.28013
-66.88766
-65.71681
-64.44648
-66.58361
-66.49673
-67.45716
-67.27252
-66.91647
-68.46774
-69.98071
-70.05867
-68.94914
-69.51540
-69.89065
-70.18137
-69.40181
-69.77507
-69.70408
-70.87700
-70.07314
-68.51839
-67.63655
-67.30943
-68.42857
-68.85113
-68.79657
-67.78311
-69.17151
-67.50287
-68.01533
-69.94624
-69.92767
-71.44050
-69.48715
-68.50530
-68.48830
-70.79184
-71.51665
-72.03659
-74.28927
-73.05904
-73.56951
-73.11792
-74.06469
-72.18205
-68.66013
-71.66386
-74.15866
-73.66940
-73.94019
-73.52548
-73.74671
-72.33868
-73.65144
-72.62060
-70.01958
-73.38411
-76.10085
-74.93548
-75.87144
-74.76724
-74.36675
-75.78397
-77.24320
-77.23748
-76.92079
-76.14242
-75.80137
-75.63977
-76.78754
-76.18861
-76.43803
-75.43869
-75.41776
-76.40612
-75.64709
-76.25302
-77.72151
-77.56819
-76.12115
-76.65237
-75.71249
-75.96635
-74.90212
-76.28919
-76.15973
-76.82018
-76.05181
-74.07636
-78.08957
-78.53153
-77.55893
-76.60835
-77.40787
-78.02724
-78.09470
-77.99509
-77.43478
-76.63871
-76.01598
-76.91576
-77.76491
-78.74849
-77.83895
-78.16208
-77.80642
-77.90051
-78.18166
-77.24293
-78.74923
-78.66418
-78.48581
-80.02383
-78.90223
-79.12585
-82.06131
-83.83415
-82.97594
-81.93140
-82.63785
-83.06962
-82.54709
-82.63262
-82.70415
-82.62389
-82.78728
-83.68291
-83.37505
-83.43568
-85.74834
-86.57494
-83.42997
-82.46517
-84.38531
-83.52608
-84.17638
-85.69852
-86.99722
-88.92480
-89.62983
-88.00059
-87.00755
-91.19159
-93.61062
-93.16475
-92.37926
-91.37957
-93.13780
-94.44280
-94.43530
-94.79255
-93.29639
-95.11971
-96.29466
-97.32574
-98.63580
-98.71840
-99.48883
-99.05288
-99.67233
-99.50521
-101.42349
-104.91495
-105.50747
-105.67267
-110.20211
-110.38467
-112.93898
-114.56923
-117.11726
-118.83654
-121.83455
-122.02075
-125.83846
-129.91078
-135.28302
-149.64755
-152.88469
-150.90869
-148.97352
-147.75784
-146.98695
-146.54173
-146.35385
-146.38214
-146.60136
-146.99673
-147.56125
-148.29447
-149.20243
-150.29864
-151.60642
-153.16375
-155.03290
-157.32134
-160.23370
-164.23302
-170.80468
-217.52735
-171.95427
-166.66001
-163.90935
-162.23808
-161.18717
-160.55312
-160.22868
-160.15135
-160.28262
-160.59830
-161.08363
-161.73075
-162.53753
-163.50718
-164.64877
-165.97858
-167.52299
-169.32394
-171.44989
-174.01992
-177.26535
-181.73094
-189.34290
-203.81865
-187.98267
-183.53513
-181.21728
-179.86927
-179.09673
-178.71818
-178.63566
-178.79113
-179.14820
-179.68352
-180.38232
-181.23607
-182.24114
-183.39846
-184.71348
-186.19711
-187.86708
-189.75132
-191.89336
-194.36426
-197.28742
-200.90498
-205.79518
