-95.40681
-98.80184
-74.62518
-67.76386
-67.47659
-69.89824
-55.84176
-52.52920
-57.23892
-57.57180
-62.07751
-59.54785
-57.70497
-67.17185
-67.57328
-68.91629
-69.91495
-70.19513
-69.91678
-69.61065
-69.17082
-69.17325
-68.92302
-68.23240
-68.43590
-68.05575
-68.27979
-67.75322
-68.55948
-77.42043
-98.52638
-72.08513
-67.88557
-67.77431
-67.68611
-67.67111
-67.75616
-67.88220
-67.81809
-67.66346
-67.78524
-67.93183
-67.99742
-68.00503
-68.19873
-68.35121
-68.46382
-68.66885
-68.84986
-68.64301
-68.90812
-69.19468
-69.22106
-69.57731
-69.51646
-69.03641
-69.34735
-69.00860
-69.26850
-69.73609
-69.16665
-69.15264
-69.57803
-69.93028
-68.82572
-69.11369
-68.89012
-69.18613
-69.03248
-68.99628
-69.47351
-68.99514
-69.70158
-69.22298
-68.81602
-68.96797
-68.27562
-68.48001
-68.58116
-68.45194
-68.29681
-68.33392
-68.29472
-67.54925
-67.88827
-67.89628
-68.65157
-68.24718
-68.22410
-68.50767
-68.95188
-69.49106
-69.09828
-68.86257
-69.13873
-69.12326
-68.64293
-69.42520
-68.68980
-69.28936
-69.04196
-70.50070
-68.63745
-68.08147
-70.09998
-69.74249
-70.02276
-69.94646
-69.66394
-69.34920
-70.08480
-68.96550
-70.36180
-69.61765
-69.95022
-69.50069
-69.67114
-69.38335
-69.61447
-69.30880
-68.67004
-66.70738
-60.79044
-60.71215
-62.44927
-61.80806
-62.68631
-62.16477
-61.95018
-65.18284
-70.74112
-69.86669
-68.57203
-68.14455
-61.99763
-59.96453
-60.97377
-60.10355
-60.38339
-67.64938
-63.14288
-59.71881
-60.90806
-60.68735
-61.20546
-61.20362
-60.45908
-59.00217
-58.72226
-60.39245
-66.10854
-65.91429
-65.85881
-65.88257
-65.41021
-64.85034
-64.70359
-65.82028
-62.22480
-60.73486
-62.04713
-61.67178
-61.47914
-64.76773
-64.43080
-63.12845
-63.90468
-65.33872
-66.05962
-64.22673
-60.49642
-58.55794
-58.38712
-59.96901
-67.40926
-70.67914
-66.08210
-65.95082
-64.32603
-64.80350
-65.17403
-68.09426
-64.31969
-60.44914
-61.33168
-60.17807
-60.48652
-63.14668
-66.22568
-68.68212
-68.95936
-71.09723
-69.28273
-68.54586
-64.30157
-59.72261
-61.69472
-62.31576
-61.62727
-61.51335
-61.75227
-62.11357
-61.28807
-61.78194
-61.94558
-61.58224
-61.43546
-60.94700
-61.53493
-62.58635
-61.79208
-61.67853
-61.14598
-61.71554
-61.69660
-62.06181
-61.87568
-60.88015
-59.70190
-58.57629
-58.94768
-59.55708
-59.74161
-61.96415
-63.27854
-62.24577
-61.31780
-60.64473
-60.85504
-61.01446
-61.43297
-59.70869
-59.30076
-60.12635
-60.48354
-59.49772
-60.96868
-60.07295
-59.21375
-59.85038
-59.56076
-59.51896
-59.81572
-60.81489
-59.13515
-59.27689
-59.77000
-62.47411
-64.33080
-64.64964
-65.27182
-63.93772
-63.46259
-63.77185
-64.82339
-65.06718
-61.56897
-58.03785
-57.98537
-58.25756
-58.55122
-60.04364
-61.67633
-62.26349
-62.41310
-62.55824
-61.93704
-61.02909
-61.82821
-60.70196
-58.68383
-59.29955
-58.70154
-60.42998
-63.66022
-65.28241
-63.94624
-61.32743
-60.89961
-61.39785
-63.31949
-65.83237
-65.05771
-56.85939
-56.11457
-57.39114
-56.62279
-60.90083
-65.48615
-65.17652
-65.80842
-66.66640
-68.24837
-64.20463
-65.97094
-64.88447
-58.21832
-58.32562
-58.62864
-58.88661
-59.09136
-57.79461
-58.12202
-58.08117
-58.04889
-58.23737
-58.08822
-58.39227
-58.56673
-58.70905
-57.74131
-58.19785
-58.37048
-58.39809
-58.30357
-58.85832
-58.53275
-58.35361
-58.00680
-58.40525
-59.43292
-60.89938
-59.87675
-55.57662
-55.72906
-55.69605
-55.42454
-54.77825
-58.57513
-61.34941
-58.85067
-58.09099
-56.31210
-56.53865
-57.20493
-58.88023
-56.79692
-55.90942
-57.04826
-56.25013
-57.03358
-56.54912
-57.30177
-56.84835
-55.10234
-54.97768
-55.54425
-56.00330
-54.42923
-58.38208
-63.31411
-58.69736
-55.69308
-56.95947
-55.14081
-53.47392
-52.94764
-54.14922
-59.84614
-60.73101
-62.01716
-60.49452
-60.05929
-58.19985
-57.05069
-59.87423
-58.59425
-55.32822
-55.03153
-55.12264
-55.28023
-54.60601
-57.52030
-64.64225
-61.37796
-60.12258
-60.70354
-62.37103
-59.45762
-58.94119
-59.50116
-60.74664
-62.82767
-57.02881
-55.28660
-59.90119
-59.76059
-55.21736
-55.85030
-60.21368
-61.35272
-60.06842
-59.84833
-63.29952
-64.67253
-62.88439
-62.59821
-60.98106
-64.17761
-58.80488
-56.54022
-56.96880
-56.70469
-56.93991
-58.03695
-57.31583
-58.31808
-61.62974
-62.00756
-62.83547
-64.72584
-62.02303
-62.22456
-65.12778
-63.47567
-62.00834
-54.45704
-55.04993
-55.59485
-55.42307
-54.94457
-54.80635
-55.02832
-54.81001
-56.06165
-54.43322
-54.63542
-54.96171
-56.04008
-54.79139
-55.15550
-55.97063
-56.41181
-57.14595
-57.43080
-57.03546
-57.47564
-58.17712
-57.27380
-56.02205
-55.03605
-55.11430
-54.45578
-53.96136
-53.62565
-53.51705
-53.20826
-53.25978
-53.02198
-53.27895
-54.44028
-55.68742
-57.27921
-59.97258
-60.36087
-58.52843
-57.71591
-57.38321
-56.96432
-56.05688
-55.19854
-54.68396
-54.34855
-54.23155
-54.31931
-54.71956
-56.08702
-57.50030
-59.00323
-59.94729
-59.79304
-59.22247
-58.34466
-57.07851
-56.07306
-55.12780
-54.74517
-54.66363
-55.29689
-56.36741
-56.68378
-56.35901
-56.77709
-57.34515
-56.88412
-57.27052
-57.72207
-58.46969
-58.51260
-58.82268
-58.92099
-58.90577
-57.90738
-58.17976
-57.94265
-57.64611
-59.37163
-58.77347
-58.76746
-58.89385
-59.68392
-59.02608
-58.56044
-58.41109
-57.80596
-58.55773
-58.60539
-58.93057
-58.77895
-58.25815
-57.48941
-57.86586
-58.65376
-58.27054
-58.01260
-58.01526
-58.23654
-57.06756
-56.63129
-57.10926
-57.93780
-58.17349
-58.01669
-59.07948
-59.33787
-58.75087
-58.70199
-59.15114
-60.02654
-59.86229
-59.88753
-60.06277
-60.25042
-59.53612
-58.46487
-58.61662
-57.87282
-58.56076
-59.28812
-58.93884
-58.62600
-58.57008
-59.37103
-59.41755
-58.58276
-58.13381
-58.34499
-57.61399
-56.62119
-57.09121
-57.29507
-59.18948
-61.67771
-62.01069
-61.72062
-61.77784
-61.56996
-61.55207
-62.07865
-61.66808
-61.49882
-58.70555
-58.61994
-58.89936
-58.99408
-59.06261
-59.21510
-59.53574
-59.53757
-59.73440
-59.80376
-60.47213
-60.37553
-60.49008
-60.40377
-60.31509
-59.79512
-60.26492
-60.57713
-60.77840
-60.24709
-59.51906
-59.83200
-60.39276
-60.51861
-62.24810
-61.68584
-59.40784
-57.87236
-57.53824
-57.95640
-58.36931
-58.01454
-57.52359
-58.30721
-58.12965
-58.63223
-58.20362
-58.45141
-58.75935
-58.49294
-58.73664
-59.36436
-59.30338
-58.93256
-59.27598
-58.67538
-58.04020
-57.95502
-58.82988
-59.39200
-58.41844
-58.53036
-59.22716
-58.47088
-58.11455
-58.48746
-59.62894
-59.61947
-59.32347
-58.66112
-58.09477
-58.15151
-57.44380
-57.42292
-57.23970
-58.12253
-57.75533
-57.68382
-59.33649
-58.81767
-60.10565
-60.03298
-58.90935
-58.99638
-58.95807
-58.64557
-58.47897
-58.45127
-58.82576
-58.35811
-57.86893
-58.17786
-58.34835
-58.66168
-58.12968
-58.00640
-57.85177
-57.90555
-58.44768
-59.18804
-58.86850
-58.33378
-57.85755
-58.59817
-58.10963
-57.34690
-57.99415
-58.49723
-58.76722
-58.92029
-58.92461
-58.52701
-58.84409
-58.88197
-59.21071
-59.27791
-60.04110
-59.10828
-58.09172
-59.33346
-59.86576
-58.90807
-58.22173
-58.47301
-59.05989
-59.49720
-59.99657
-60.22124
-60.01540
-59.60957
-59.91475
-60.68143
-60.66082
-60.76812
-60.90536
-60.86303
-60.66783
-60.95331
-61.06292
-60.87849
-60.60087
-61.08061
-59.62018
-57.26239
-56.98635
-57.91200
-58.57831
-58.51353
-57.93300
-57.43315
-58.00507
-58.02191
-57.64824
-57.00664
-57.51892
-57.55351
-57.51314
-58.47542
-58.23123
-58.88159
-59.32927
-60.16018
-59.03609
-58.64686
-58.86550
-58.84170
-59.02203
-58.88085
-59.04758
-58.13143
-58.96181
-59.78347
-60.31107
-59.40924
-58.40829
-57.36954
-57.35874
-57.75142
-58.82412
-60.00835
-59.66862
-60.13116
-58.24042
-58.47623
-58.14864
-58.29267
-59.57961
-59.02196
-59.54591
-60.35692
-59.95173
-59.29567
-59.38253
-59.74344
-59.48648
-58.14303
-58.28546
-58.44676
-58.08887
-58.03818
-57.64315
-57.74531
-58.67550
-59.02892
-58.67390
-59.00471
-59.29682
-59.86489
-58.89439
-57.99639
-58.72780
-59.18012
-59.35310
-59.76860
-59.17991
-58.35351
-58.62108
-58.08772
-58.13501
-57.71139
-59.79061
-60.58892
-58.02877
-58.87218
-59.68181
-60.24403
-60.37387
-59.95815
-59.42392
-59.25834
-59.36678
-59.54856
-59.79152
-60.16045
-60.01749
-60.69112
-62.24407
-61.67491
-62.54251
-62.54745
-61.08948
-61.61123
-61.41282
-62.07340
-61.76045
-61.79012
-62.54646
-63.51720
-61.86434
-59.42385
-59.58177
-58.68037
-58.56301
-58.12965
-57.70172
-58.33799
-58.83941
-58.75192
-58.92933
-59.12660
-59.12696
-59.00198
-58.83552
-59.16447
-59.30637
-58.72952
-58.31294
-59.21351
-60.01459
-58.95363
-59.38302
-59.65952
-58.97737
-59.58147
-58.68550
-58.44632
-59.16638
-59.20348
-59.29504
-59.91701
-59.35375
-59.50022
-60.30146
-59.94170
-59.96288
-59.93499
-60.23929
-59.01228
-57.41550
-57.64587
-58.35702
-57.68912
-57.45861
-58.25376
-57.93284
-57.24324
-57.03766
-57.91988
-58.50428
-59.02270
-59.17397
-59.44736
-59.85926
-59.56837
-59.80115
-59.60334
-59.75606
-58.68143
-58.83621
-59.14617
-59.00651
-59.69033
-59.34194
-59.57279
-59.89396
-60.12103
-60.43655
-61.00091
-61.94266
-61.26745
-59.38514
-60.82920
-61.37209
-60.24174
-61.66618
-60.79991
-60.73177
-60.01006
-59.48991
-59.98619
-59.53202
-59.25125
-59.17597
-59.54658
-59.71442
-59.91475
-59.43182
-59.47809
-59.69049
-59.19077
-59.13283
-58.47072
-58.98664
-59.55375
-58.94152
-59.31185
-59.06876
-59.21510
-58.34706
-58.83752
-57.85958
-56.31743
-56.14587
-56.14755
-56.35900
-56.07219
-56.53267
-56.31354
-56.99368
-57.10365
-56.64355
-56.19716
-56.42190
-55.78137
-55.27906
-56.89487
-58.36174
-57.52263
-57.23297
-58.56885
-57.94424
-57.35338
-58.08814
-59.56116
-58.45450
-58.25088
-58.17323
-57.87752
-57.26439
-57.20642
-56.41769
-54.35827
-55.01412
-55.24812
-55.24349
-56.51165
-57.21226
-57.21220
-57.14278
-56.37659
-56.38938
-56.65390
-57.37238
-57.20547
-56.49881
-56.98372
-56.57550
-56.75733
-56.28845
-56.05602
-56.20149
-55.92855
-55.59026
-54.93896
-55.90289
-57.05132
-57.42493
-56.53236
-56.41427
-56.96652
-56.09184
-56.20933
-56.16672
-56.38703
-56.52710
-56.63491
-56.53304
-56.63508
-56.54947
-55.92548
-55.26621
-55.42055
-55.54965
-55.16152
-56.00546
-56.80827
-58.04944
-58.45676
-58.42553
-57.67608
-57.22461
-57.42948
-57.60214
-56.65590
-56.64017
-57.56802
-58.13729
-58.00701
-57.84237
-58.34594
-57.96768
-58.36895
-58.50675
-59.25995
-58.70009
-58.78430
-58.55284
-57.40635
-57.47327
-58.50620
-58.67584
-58.28544
-58.07324
-57.84817
-57.89904
-57.57289
-56.69549
-56.40023
-56.94325
-56.37286
-56.51316
-55.81944
-56.80746
-57.84924
-56.81488
-56.49522
-55.60536
-56.02758
-57.42363
-57.94074
-57.14031
-56.65208
-57.08762
-56.99695
-56.38380
-56.59351
-57.13188
-56.72854
-56.45562
-56.03737
-55.99686
-56.37336
-56.19430
-56.50189
-56.61715
-56.10144
-56.17142
-56.25902
-55.67918
-55.44957
-55.73292
-55.67981
-55.92697
-56.11790
-56.26935
-55.68352
-55.20344
-56.82336
-56.83614
-56.74664
-55.96437
-55.81577
-56.30449
-55.97589
-56.15559
-56.15621
-56.18620
-56.06161
-56.00999
-55.95358
-56.67889
-56.43368
-56.07887
-56.40681
-57.24358
-56.64141
-56.48669
-56.16588
-56.62523
-57.31932
-57.29686
-57.98090
-57.91761
-58.63551
-58.11698
-57.51243
-57.54840
-57.64558
-56.58272
-56.35618
-56.08051
-55.86695
-55.71785
-55.90346
-56.00021
-55.98539
-56.54558
-56.13719
-57.42894
-57.53162
-56.76621
-56.89546
-56.54476
-56.75985
-57.15073
-57.56776
-57.97008
-57.81597
-57.97884
-57.81026
-57.66311
-57.32060
-56.98649
-57.31662
-58.24972
-58.69795
-58.83105
-58.97000
-58.82441
-58.36888
-58.50531
-59.53247
-56.31584
-55.36083
-56.08787
-55.70394
-55.23116
-55.05735
-55.51200
-56.19631
-57.20804
-56.48088
-56.17344
-55.90730
-56.06044
-56.17479
-55.50800
-55.16853
-54.60713
-55.41915
-57.17251
-57.15835
-56.37224
-56.54916
-57.70526
-58.59363
-58.72590
-58.70119
-58.75781
-58.80507
-59.02813
-58.89504
-56.98776
-56.12419
-56.68323
-56.26741
-55.83201
-56.08873
-56.99793
-57.12218
-56.41009
-56.64471
-57.12004
-57.57666
-58.55220
-57.38467
-56.10351
-56.28957
-55.76635
-55.74865
-56.69375
-57.16372
-56.29050
-56.73719
-56.35371
-56.01436
-56.53947
-56.39422
-56.43876
-55.27596
-55.88211
-56.27789
-55.97268
-56.21947
-56.39689
-57.45292
-57.26141
-57.07391
-57.06900
-57.25267
-57.88610
-57.57366
-57.31499
-57.58879
-57.03798
-56.04615
-56.05768
-56.22615
-56.53101
-56.65418
-57.01645
-56.73917
-56.32537
-57.14231
-57.26180
-56.53533
-56.87936
-57.41793
-57.00307
-56.98565
-56.51357
-56.58505
-57.04955
-58.53943
-59.59878
-58.86867
-58.63777
-58.98659
-59.46799
-58.81258
-59.17708
-59.42202
-58.48433
-57.64239
-56.82995
-57.28990
-58.09929
-58.79281
-59.21764
-60.82649
-59.18354
-55.72739
-57.03534
-57.15534
-56.37181
-56.89487
-56.33094
-56.62996
-57.58940
-57.18567
-56.19789
-56.44357
-56.61516
-56.52331
-56.28702
-55.96406
-55.84135
-56.42296
-56.58702
-57.04807
-57.61966
-57.67247
-58.03438
-57.93649
-58.08071
-58.65663
-58.68879
-57.05835
-56.54669
-56.49238
-56.71404
-57.33951
-56.66629
-56.37826
-56.24234
-56.58621
-57.27804
-58.32427
-58.56107
-57.31430
-57.69921
-58.11374
-57.90183
-57.28763
-56.70179
-56.48249
-56.54791
-56.86953
-56.08502
-56.24605
-56.72676
-57.17254
-56.87724
-56.55086
-56.57321
-56.47555
-56.33659
-56.29371
-56.31464
-55.95248
-56.70605
-55.98095
-55.35515
-55.88280
-55.91918
-55.36389
-54.92419
-55.49144
-56.74277
-56.99423
-56.55023
-55.91167
-56.27288
-57.10216
-57.43549
-57.74162
-57.60196
-57.92083
-58.45814
-58.57171
-58.05660
-58.54821
-58.87423
-59.06380
-58.40735
-57.88214
-57.49630
-57.31140
-57.29171
-57.09437
-57.43141
-57.15987
-57.98253
-58.09274
-57.07372
-57.41178
-57.94606
-58.48507
-59.46763
-59.83697
-59.57642
-59.15302
-58.91470
-58.49838
-58.15198
-58.20387
-58.68735
-59.21048
-57.61099
-55.44618
-54.52582
-55.51608
-56.63222
-55.46791
-55.04685
-55.71459
-56.05486
-55.18760
-55.32998
-55.96089
-55.78993
-55.26019
-54.46477
-54.92508
-54.76077
-54.53297
-53.85953
-53.28654
-53.50115
-54.49362
-55.27613
-54.18858
-54.58060
-54.71310
-55.18338
-54.99914
-55.30404
-55.67825
-54.90617
-55.96334
-55.43347
-55.35224
-55.41942
-55.34788
-55.38923
-55.25031
-54.76705
-54.48193
-54.33704
-54.37270
-54.71916
-55.46866
-55.54735
-55.12583
-54.97651
-54.02327
-54.39456
-54.20938
-54.14235
-55.14241
-55.74568
-55.91952
-57.49386
-57.23767
-56.64877
-57.66873
-57.05404
-57.25618
-57.47001
-57.06380
-56.99440
-57.08073
-57.26038
-57.29624
-57.22401
-57.32946
-57.13081
-57.00916
-56.53535
-56.19242
-56.75666
-56.52115
-56.70100
-56.81341
-57.18009
-58.09880
-56.79705
-56.94267
-57.69578
-57.37773
-57.42326
-57.66000
-58.22911
-58.47620
-57.99644
-58.34943
-58.34247
-58.14264
-57.92496
-57.87782
-58.44783
-58.31229
-58.34341
-58.54291
-59.24790
-59.09083
-58.84614
-58.43525
-58.92098
-59.51207
-58.90606
-58.46365
-58.43541
-58.47331
-57.37603
-56.62570
-55.76642
-56.61732
-56.47643
-56.37225
-55.90312
-55.86432
-57.23737
-56.36480
-56.12612
-55.20428
-57.15562
-55.92836
-56.10682
-55.99206
-55.68716
-56.60117
-55.14136
-56.30300
-55.81878
-57.16976
-56.10272
-55.78415
-55.90672
-56.07604
-55.63377
-55.96755
-56.31878
-56.09365
-56.38121
-55.54990
-55.93699
-55.08709
-55.34563
-54.95490
-55.49046
-55.38527
-55.92507
-56.01667
-56.27482
-57.07534
-56.84673
-55.78592
-55.32422
-55.80316
-55.43855
-56.12695
-56.33271
-56.43813
-55.10530
-55.16963
-54.38041
-55.76720
-55.03812
-54.29527
-56.17390
-55.72569
-57.59614
-56.46224
-56.63758
-57.35444
-57.77291
-57.60111
-57.57034
-56.95671
-56.67880
-56.43366
-57.38249
-57.29218
-56.10929
-58.28171
-56.20283
-57.62440
-56.60590
-57.61726
-58.05277
-57.73887
-58.39231
-57.32897
-59.63906
-56.93912
-58.53890
-57.21405
-57.45728
-57.91092
-57.48094
-59.02007
-58.04645
-59.84431
-58.71851
-59.17228
-59.51128
-59.58794
-59.59258
-60.15366
-60.05833
-59.32276
-60.90141
-59.81756
-61.05673
-59.68103
-59.98004
-59.59036
-60.47951
-59.94647
-56.83905
-56.93401
-56.33139
-56.52897
-56.53190
-57.11383
-56.03643
-55.76638
-55.15980
-56.12401
-55.30127
-55.03807
-55.00341
-54.23470
-56.20995
-55.38149
-55.53259
-55.72408
-55.70814
-55.47131
-55.87969
-56.40185
-56.21098
-56.22747
-55.99809
-55.42442
-55.18856
-55.82781
-55.88510
-55.58141
-55.76609
-55.86022
-55.42600
-55.51800
-56.05320
-56.91129
-57.47630
-57.15499
-56.88600
-57.44137
-57.71385
-57.47129
-57.25084
-56.47742
-55.96941
-56.05972
-56.17605
-56.45082
-56.77620
-56.27254
-56.22137
-56.29422
-56.08539
-56.72017
-56.44697
-56.17424
-56.36719
-56.67860
-57.02757
-57.57421
-57.70410
-57.68929
-57.30142
-57.35721
-57.57547
-57.19682
-57.29001
-56.31622
-56.28526
-56.60657
-56.65674
-56.71452
-57.35640
-57.58272
-57.31804
-57.22175
-57.13072
-57.27060
-56.82008
-57.49946
-57.62717
-57.80716
-58.01972
-57.54419
-57.32244
-57.34847
-57.26969
-57.32431
-57.84237
-58.51407
-59.56648
-59.30046
-59.48418
-59.36822
-58.07169
-57.74491
-58.00055
-58.07434
-58.31290
-58.60843
-58.82310
-58.93279
-59.37344
-58.93334
-58.80064
-57.49265
-56.06816
-57.10140
-57.30757
-57.03100
-56.52490
-56.33476
-56.92445
-57.70021
-56.83495
-56.71987
-58.06380
-57.40211
-56.64421
-55.84785
-56.90091
-57.55724
-56.70666
-56.87135
-56.49963
-56.95997
-57.15762
-57.16425
-56.76285
-56.66282
-56.86597
-56.30759
-55.79893
-55.16102
-55.49973
-55.48759
-55.77016
-54.94293
-54.80428
-55.36801
-56.27826
-56.61204
-56.74152
-56.73839
-57.10878
-57.16881
-56.88397
-57.24026
-57.19759
-58.37692
-58.07342
-59.26274
-58.13794
-58.92877
-58.55486
-58.04463
-57.03393
-57.91701
-56.96604
-58.29326
-57.86067
-56.57524
-57.97813
-57.31382
-58.60772
-57.71476
-58.63060
-57.44235
-59.09461
-56.30514
-57.81885
-56.91928
-57.09218
-57.06451
-56.72303
-56.99814
-56.40028
-57.54867
-56.60888
-58.50604
-55.95906
-58.59395
-58.23688
-58.20182
-58.42648
-56.91507
-59.00666
-58.21129
-58.47787
-57.96670
-56.84069
-58.13604
-56.56207
-57.48249
-57.53083
-57.62682
-58.46123
-58.96778
-59.27594
-57.68383
-58.97780
-58.44522
-59.25641
-58.07242
-58.90884
-58.95160
-59.16473
-58.70641
-57.59727
-58.68359
-58.00748
-58.44070
-56.58409
-56.59238
-56.85648
-56.01918
-55.51596
-56.06378
-56.60110
-55.45381
-55.12058
-55.44990
-56.56790
-55.30983
-54.62159
-55.64817
-56.84390
-56.25998
-56.32669
-57.71326
-57.94924
-57.62887
-56.81016
-56.95548
-56.88232
-56.17508
-55.67288
-55.35733
-54.75063
-55.03535
-54.90576
-54.97920
-55.56453
-55.15139
-55.04609
-55.06368
-55.43341
-55.50059
-55.94637
-57.20370
-57.91769
-58.20733
-57.29980
-56.50809
-56.76962
-56.77759
-56.66368
-55.88521
-55.51815
-55.64962
-55.14112
-55.24629
-55.54935
-55.51181
-55.49494
-56.39069
-56.18603
-56.18671
-56.04518
-56.55274
-57.25234
-56.70027
-56.40278
-55.14888
-55.47605
-55.66471
-55.22810
-55.75620
-56.54634
-56.85920
-57.73632
-57.61970
-57.34820
-57.39193
-58.11411
-58.69344
-58.77187
-58.58438
-57.52721
-58.09634
-57.47860
-56.76168
-56.06022
-56.22177
-56.39489
-56.81833
-57.59173
-57.26754
-57.14366
-57.24571
-58.14951
-58.65400
-58.05590
-57.71605
-58.24671
-58.72926
-59.29814
-58.89476
-58.84070
-57.81440
-57.40444
-57.74334
-57.63706
-57.65375
-57.86172
-58.50320
-59.03245
-58.21364
-57.60953
-56.54978
-56.04693
-57.94521
-57.14249
-57.28119
-56.53167
-56.12207
-56.25727
-56.76454
-57.14395
-56.67378
-56.56096
-55.73823
-57.12806
-57.23514
-57.73832
-57.60307
-57.20724
-57.10156
-57.73007
-58.98375
-59.12396
-59.39181
-58.92280
-58.87591
-57.84373
-57.05649
-57.10619
-57.06361
-57.46053
-56.91356
-56.54366
-56.91146
-56.83953
-56.60951
-56.16751
-56.21571
-55.88646
-56.67833
-57.13980
-56.16385
-55.77026
-56.20677
-56.56693
-56.85765
-56.69560
-56.78757
-56.54495
-56.59551
-56.23826
-56.22194
-54.85575
-56.45393
-57.47336
-56.30814
-58.54225
-57.38203
-57.68414
-56.70649
-57.91652
-57.22896
-59.09857
-57.54013
-58.44447
-58.25763
-57.29504
-57.69956
-56.47276
-57.59952
-57.04554
-58.32053
-56.38541
-58.43931
-56.70722
-57.63779
-55.71970
-57.29513
-56.44208
-56.43651
-57.08715
-56.03133
-58.05760
-56.93755
-57.62551
-56.43301
-58.87347
-57.13705
-57.92497
-57.51364
-58.11102
-58.27687
-58.55979
-58.05397
-57.18136
-57.49991
-57.52726
-56.99336
-57.43169
-57.36286
-57.45667
-58.29436
-57.05693
-58.49358
-57.44970
-58.16306
-57.42961
-57.40847
-56.56212
-56.63766
-56.75145
-56.12970
-56.89808
-56.60044
-56.27597
-56.35203
-56.85593
-57.73661
-57.56717
-56.33092
-56.73035
-56.59067
-56.39478
-55.81937
-55.91355
-55.75452
-55.30374
-55.52723
-55.48927
-55.32367
-55.77947
-56.23550
-55.22171
-55.39138
-56.05625
-56.25213
-56.55398
-56.64872
-56.49735
-56.15683
-55.53249
-54.83360
-54.54541
-54.51462
-54.11941
-54.42566
-55.25853
-55.39419
-55.49188
-55.13065
-55.61479
-55.60773
-56.01259
-56.99497
-56.77708
-56.16350
-56.30797
-56.24478
-56.42074
-57.41006
-57.22806
-56.87481
-56.47933
-56.15610
-55.57208
-55.38626
-55.31364
-55.92024
-56.54568
-56.85834
-57.59865
-57.74043
-57.89274
-58.25602
-58.39238
-58.47218
-58.20604
-58.20860
-57.92496
-57.42782
-56.75585
-56.29172
-56.63185
-56.56960
-56.73578
-57.27313
-57.51645
-57.98587
-57.84754
-58.32967
-59.29426
-58.82125
-58.64773
-57.87248
-57.78134
-57.92901
-58.22850
-58.74858
-58.65065
-58.79770
-58.75679
-58.80692
-58.43319
-58.51977
-58.26067
-57.62421
-58.58514
-59.20000
-59.11760
-58.89414
-59.15099
-57.72378
-56.37826
-56.20438
-57.72644
-57.40485
-55.73803
-56.76110
-56.43316
-57.14056
-56.61318
-56.40988
-56.08063
-57.04881
-57.60642
-55.79478
-55.81836
-55.56782
-56.32015
-56.38324
-55.75535
-55.49244
-55.41582
-55.40508
-55.66807
-55.55451
-55.42565
-55.04252
-54.88829
-54.58637
-54.30021
-54.61077
-55.38174
-55.70918
-56.98260
-56.92392
-56.90905
-56.66910
-55.75865
-55.20066
-55.41894
-56.86416
-56.42222
-55.43114
-54.98141
-55.20227
-54.74425
-55.01366
-54.69518
-55.26040
-54.52773
-55.61569
-55.24635
-55.84133
-54.99580
-55.30168
-55.91081
-55.49384
-56.50402
-56.20365
-57.09682
-56.33585
-57.05632
-57.04278
-57.30099
-56.22568
-58.34579
-56.34288
-58.86111
-56.30848
-56.81134
-56.57504
-56.05281
-57.38118
-56.61081
-57.71814
-57.09254
-58.53624
-57.68496
-57.86839
-57.35655
-59.01305
-56.65538
-58.41012
-56.39556
-58.22649
-57.26328
-57.52589
-58.50353
-57.91355
-59.12523
-58.47625
-58.37044
-57.24070
-58.42848
-57.00529
-57.88581
-57.65780
-57.83330
-58.99906
-55.60564
-57.56348
-58.37041
-55.16528
-54.31634
-54.58980
-52.89974
-49.75778
-54.32593
-52.57555
-53.65462
-56.40015
-55.97928
-57.11753
-56.36986
-57.08950
-56.44181
-57.53978
-56.83393
-56.89761
-56.06917
-57.96320
-56.46727
-57.41370
-55.70966
-58.19453
-52.82454
-50.11754
-53.71986
-53.14806
-55.54359
-57.36389
-58.19198
-58.71310
-58.47863
-59.00626
-57.95509
-57.52289
-57.02240
-57.22360
-55.86052
-56.17234
-55.86045
-56.27557
-56.12363
-56.90239
-56.57597
-55.99597
-55.59608
-55.99447
-56.35834
-56.86129
-55.21143
-50.36029
-53.55686
-52.90535
-55.16830
-57.73033
-58.46074
-53.00359
-49.74026
-54.38456
-52.84774
-55.43623
-57.00942
-57.15984
-57.36616
-55.87530
-57.33369
-51.87797
-49.84499
-54.10130
-53.16753
-54.29134
-56.43760
-55.96679
-58.14378
-55.71415
-57.85418
-51.80829
-50.24999
-53.89553
-52.80861
-55.10002
-58.40322
-58.54510
-58.74569
-58.27272
-57.43918
-56.75018
-56.47519
-56.10661
-56.49977
-56.40702
-56.55791
-56.55638
-56.74909
-57.24102
-58.15325
-58.20899
-57.37701
-57.27537
-56.60913
-57.22932
-57.14428
-57.07325
-56.53695
-57.81113
-56.94187
-57.51237
-56.01723
-56.63213
-53.00701
-49.94653
-55.22358
-52.89987
-54.44460
-56.19079
-56.85612
-57.92610
-55.87703
-56.24522
-55.94972
-57.34233
-56.54260
-56.36887
-56.68607
-57.27688
-56.66335
-57.56033
-55.86849
-57.15231
-52.11546
-50.74891
-54.13812
-53.68182
-56.12282
-57.72371
-57.11940
-57.42474
-57.93572
-57.48522
-57.72804
-57.71064
-57.22790
-56.78725
-56.70613
-57.72425
-57.15160
-56.71280
-55.75043
-56.34691
-56.14720
-56.89356
-55.85723
-56.30703
-55.74566
-55.93991
-54.15614
-50.29113
-53.12528
-53.17305
-53.54312
-55.41204
-56.94538
-52.16231
-50.28139
-53.93201
-53.47544
-55.30881
-56.87402
-56.76276
-56.77620
-56.38440
-59.13586
-52.24656
-50.61497
-56.20575
-53.80024
-54.91673
-57.38199
-56.68147
-56.92629
-55.28013
-57.34772
-50.82469
-49.95724
-54.69368
-53.00683
-55.56259
-56.64619
-57.45098
-58.82986
-59.26080
-57.76621
-56.29435
-56.13891
-55.87174
-56.90782
-56.64863
-57.80378
-57.05268
-58.43869
-57.42066
-58.14754
-56.77531
-57.75218
-56.79657
-58.63851
-56.93119
-58.45995
-54.91181
-50.22760
-54.04923
-52.06195
-56.59692
-58.49904
-59.43476
-52.06386
-49.86956
-54.10038
-52.64733
-56.09166
-57.25319
-58.85927
-57.92593
-57.51700
-56.75211
-56.25229
-56.64932
-56.87380
-56.47688
-55.86232
-56.12478
-56.22804
-56.27975
-55.37878
-56.30145
-51.34497
-50.81472
-55.06004
-53.43870
-55.82226
-57.26312
-56.75818
-57.12121
-57.86367
-57.64540
-57.90304
-58.68616
-57.79221
-58.57961
-57.20703
-57.82157
-56.97226
-57.55681
-56.12477
-56.55975
-55.06162
-55.99266
-55.28857
-56.01401
-55.02853
-56.84289
-53.74658
-50.59276
-54.21979
-53.14125
-57.59129
-57.85957
-59.35368
-50.94487
-50.74009
-55.08285
-52.06013
-56.05901
-56.55514
-56.78692
-56.40932
-56.45110
-57.50959
-51.56853
-51.57304
-54.72970
-52.98863
-55.95704
-57.46820
-58.36883
-58.31248
-57.57765
-57.98238
-50.82080
-50.85922
-54.48265
-52.94537
-55.35137
-56.83628
-57.52155
-58.94493
-59.33023
-58.81573
-57.16417
-57.22773
-56.85062
-57.10332
-57.01513
-57.43925
-57.25528
-57.49762
-57.01538
-57.43132
-58.15158
-58.22355
-58.06462
-58.49301
-58.07430
-58.36718
-59.05259
-57.98915
-58.38167
-57.79769
-59.02354
-58.12268
-62.20717
-51.38069
-50.91771
-55.69830
-52.44862
-56.70331
-56.49809
-56.89727
-56.53027
-56.62367
-55.25376
-56.41336
-56.18523
-56.51198
-56.23046
-56.36657
-56.62417
-56.42334
-57.20452
-56.62617
-58.04368
-51.58167
-52.35595
-53.18936
-53.85538
-56.96236
-56.23907
-56.81699
-57.47079
-57.85107
-56.69562
-56.80145
-56.89143
-57.22008
-57.36873
-57.79283
-57.64071
-57.30074
-58.16568
-56.58358
-56.93410
-55.25860
-56.58801
-55.65860
-56.74439
-55.82342
-57.48762
-53.41693
-49.84750
-55.73336
-52.78709
-55.57545
-56.94567
-57.65047
-50.88062
-51.77429
-56.24454
-52.74516
-58.73315
-56.19039
-58.02752
-57.29789
-57.97891
-57.90657
-50.78688
-50.94610
-54.16854
-53.75873
-56.71812
-57.02274
-58.30801
-57.57809
-58.67459
-58.08902
-50.93867
-51.69661
-54.60358
-53.97861
-55.90318
-57.49446
-58.34397
-59.46901
-58.88392
-57.68955
-57.33871
-57.57253
-57.21363
-57.31857
-57.05480
-57.28983
-56.92382
-57.41897
-57.14974
-57.70924
-56.36357
-57.11326
-56.30146
-57.98414
-56.77185
-58.69316
-53.44818
-50.42653
-54.32542
-52.84337
-55.66410
-56.10101
-56.02613
-50.45432
-51.22110
-54.40554
-53.63386
-56.30682
-55.88503
-57.39412
-55.89757
-56.39315
-55.18923
-55.04128
-55.59651
-56.10202
-55.12696
-56.27695
-56.17892
-56.96723
-56.36619
-56.82286
-57.37701
-49.96526
-52.24785
-54.79824
-53.77009
-57.77153
-57.37844
-57.95515
-57.60809
-58.44076
-57.02852
-56.99089
-56.22011
-57.15990
-56.50288
-56.39880
-57.04076
-57.13629
-57.69806
-56.49838
-57.62538
-56.46991
-57.89166
-55.41560
-57.53959
-55.88106
-58.46367
-52.68610
-50.76565
-53.20761
-53.30872
-57.05550
-56.12568
-57.25967
-49.64710
-52.22822
-54.45188
-52.55562
-56.92148
-55.71498
-56.61817
-55.97067
-57.17240
-56.82047
-50.64565
-51.75970
-55.12591
-53.50358
-56.68707
-56.07205
-56.47772
-55.17349
-55.58694
-55.28902
-49.72647
-50.83960
-53.64718
-53.55520
-56.37152
-57.37190
-58.37185
-59.25769
-58.92478
-57.52422
-57.66432
-57.34725
-56.71282
-57.04236
-56.46267
-57.15577
-56.84600
-57.23481
-56.64641
-56.59151
-56.13432
-56.58421
-56.36287
-56.73711
-56.50813
-57.31746
-57.29403
-58.51182
-57.66812
-56.28747
-56.49016
-55.06999
-55.46821
-49.53097
-52.40702
-54.34092
-53.07070
-57.13579
-56.64726
-57.73732
-56.63868
-56.99825
-56.47218
-56.41197
-56.33418
-57.36922
-56.18633
-56.13038
-56.05567
-55.91251
-56.36494
-56.50321
-56.25988
-56.88674
-56.47713
-56.47714
-56.61635
-56.90621
-56.73208
-57.31367
-58.21309
-57.90370
-57.22746
-56.86164
-56.63312
-56.28606
-56.17265
-55.87033
-56.25786
-56.44120
-56.96244
-57.20703
-57.89013
-56.66254
-57.58847
-55.93928
-57.20371
-55.43959
-57.42080
-50.84421
-50.91137
-56.02747
-52.70219
-55.81757
-56.96875
-55.38824
-50.23862
-53.37693
-54.49765
-53.51974
-58.06452
-57.15565
-57.92999
-56.72555
-57.54224
-56.50748
-49.66012
-52.95630
-54.74595
-53.58488
-58.30604
-56.35885
-59.03492
-55.95885
-57.88450
-53.97266
-50.27864
-51.82828
-54.15395
-54.23430
-55.81520
-57.49100
-58.27881
-59.60930
-59.50378
-58.25023
-57.61486
-57.40980
-57.25991
-57.68044
-58.00845
-57.65059
-57.43072
-57.56245
-57.15628
-57.63701
-57.01642
-57.79528
-56.60090
-57.71100
-56.45766
-59.12698
-50.84812
-51.82322
-53.98637
-52.27678
-58.62523
-56.60630
-55.06449
-49.39223
-52.28538
-53.50001
-53.97590
-57.70292
-57.09947
-57.93236
-56.51415
-57.08237
-56.69389
-57.53916
-56.57458
-56.79528
-56.06277
-57.48366
-56.56994
-56.67344
-56.56777
-58.00166
-55.55601
-49.74025
-52.31397
-54.68691
-54.87063
-59.08537
-58.35871
-59.65582
-59.90347
-59.78984
-58.00039
-57.09086
-56.02122
-56.66509
-56.34326
-56.61376
-56.99088
-57.01051
-56.53558
-56.51711
-56.28352
-55.87847
-56.31211
-55.62931
-57.11856
-55.65059
-58.41170
-51.11132
-51.08993
-53.28573
-54.01223
-57.21033
-57.68294
-55.09229
-49.44742
-53.87591
-53.51284
-53.58159
-58.20476
-57.25525
-58.55381
-56.39601
-58.49007
-54.26880
-49.89802
-53.56567
-54.27121
-53.51690
-57.42274
-56.61853
-57.31470
-55.42613
-57.39600
-54.11862
-49.48421
-52.14458
-53.21473
-53.90720
-56.76926
-56.67554
-58.25269
-59.53015
-59.61764
-58.39731
-58.26168
-58.15963
-58.43162
-58.41426
-58.55789
-58.15912
-57.42366
-56.88345
-56.89992
-56.95549
-56.65142
-56.80486
-56.83773
-57.32540
-57.01688
-57.53132
-57.19622
-57.59261
-57.21738
-58.17077
-57.83140
-59.75030
-54.68479
-49.60835
-53.13658
-53.39560
-54.27013
-57.09053
-57.46335
-57.87038
-57.34086
-57.32860
-57.07482
-58.19567
-56.70571
-56.86792
-56.78808
-57.15914
-55.61832
-57.64778
-55.85196
-57.18780
-53.39688
-50.72974
-53.38031
-52.34450
-56.04815
-57.31863
-56.45427
-57.92902
-58.60718
-57.58082
-56.19013
-56.43336
-56.33273
-56.24511
-56.21971
-57.30216
-56.48648
-56.65825
-56.25104
-56.57590
-55.85387
-56.53107
-56.22170
-55.66186
-56.47796
-55.70714
-56.91191
-50.82567
-52.13828
-54.05498
-53.82406
-56.65580
-58.66684
-55.09407
-49.58811
-53.44931
-53.96205
-54.73554
-57.45931
-56.96928
-58.76105
-56.49233
-59.92291
-53.94646
-49.99026
-53.31676
-53.98888
-54.61757
-57.44104
-57.20882
-57.63432
-56.17655
-58.44950
-54.30235
-50.34265
-54.62596
-54.61261
-54.11553
-57.12088
-56.52794
-57.61439
-57.60027
-57.86874
-56.94388
-57.65725
-56.52515
-56.62441
-56.30914
-57.35284
-56.66087
-56.86651
-57.12282
-56.79304
-56.62593
-57.36815
-57.65618
-56.29520
-57.01223
-55.97739
-57.21113
-50.18700
-52.69710
-52.95077
-53.75258
-58.36511
-58.12520
-55.30818
-50.21031
-54.76933
-53.23100
-54.64452
-57.08699
-57.67745
-56.87799
-57.11361
-57.13893
-56.18978
-55.90085
-56.14234
-57.59725
-56.94436
-57.78673
-56.60682
-55.86111
-55.36012
-57.21272
-52.83425
-49.83195
-53.03417
-53.48704
-52.70465
-55.04917
-52.96183
-53.91858
-55.16296
-54.21913
-53.57073
-53.33209
-53.35081
-53.42926
-53.31377
-53.12128
-53.18624
-53.39830
-53.35821
-53.75681
-53.80810
-54.25437
-52.98607
-55.64224
-56.63186
-57.43895
-56.54760
-50.87266
-52.60052
-54.14909
-53.76151
-51.99857
-53.34560
-50.79213
-51.57086
-54.73561
-53.28747
-54.99972
-55.34822
-54.39532
-53.91073
-53.67345
-54.58423
-51.31053
-50.37035
-54.09976
-52.27689
-52.51925
-53.76940
-53.42432
-50.32117
-52.17132
-55.10172
-53.53489
-52.37365
-53.18204
-54.43708
-52.46736
-52.60245
-52.93837
-53.74081
-54.18184
-54.53458
-54.02705
-54.08848
-53.05824
-56.09028
-56.18849
-52.84754
-52.70575
-51.96688
-52.33173
-51.90911
-52.21204
-53.79126
-53.91388
-54.23213
-54.20714
-53.17339
-54.51410
-53.99176
-52.80957
-53.38941
-53.52564
-52.64643
-56.61386
-53.96368
-50.11937
-52.24999
-52.86394
-53.67459
-53.69255
-53.66621
-53.16353
-53.37030
-52.64296
-52.96754
-52.95234
-52.77101
-52.66067
-52.78536
-52.38891
-51.94005
-52.56010
-52.24176
-53.10806
-50.38377
-50.25209
-53.08774
-51.38040
-51.39305
-56.19016
-52.35306
-53.03502
-56.51807
-54.05408
-54.20662
-53.56191
-53.73403
-53.36117
-53.46929
-53.55860
-53.32477
-53.39148
-53.31690
-53.76220
-53.13570
-53.75298
-53.36396
-53.95191
-53.34161
-53.06419
-54.74126
-51.45658
-52.07736
-52.54599
-53.14913
-51.82454
-51.72040
-52.18775
-51.59031
-53.10045
-52.13095
-54.39236
-53.91492
-52.74715
-53.87426
-52.09794
-58.08920
-53.35554
-51.28524
-57.64362
-52.01908
-52.96906
-56.95650
-56.83322
-51.23576
-52.37044
-54.70871
-53.85666
-53.11474
-52.99018
-53.43876
-51.60449
-52.80958
-51.83555
-52.93854
-53.80374
-53.65445
-52.98064
-53.44119
-52.40848
-53.70380
-54.20358
-52.16674
-53.06921
-52.96040
-52.36598
-52.54994
-51.80114
-52.25912
-54.09191
-54.17138
-54.44467
-54.22037
-55.84329
-54.15330
-53.35029
-52.64101
-53.66402
-52.12091
-54.87171
-54.47865
-49.97955
-52.44892
-50.90093
-52.21520
-53.58570
-52.73753
-52.95584
-52.63099
-52.86970
-52.86998
-52.95343
-52.67547
-52.49532
-53.08500
-52.85129
-52.89653
-53.06308
-52.98626
-53.03460
-51.20041
-49.86894
-50.90834
-53.71551
-51.34786
-53.40686
-55.92527
-51.86840
-54.67660
-55.42974
-54.12374
-54.06776
-53.49450
-53.89905
-53.52911
-53.89273
-53.29802
-53.83470
-53.67362
-53.39398
-52.51037
-53.21203
-53.25468
-53.93530
-57.19241
-59.17129
-55.49476
-50.91208
-51.43047
-50.67412
-50.59946
-51.76823
-53.22326
-51.36270
-52.43141
-55.17731
-52.40699
-54.83584
-55.00861
-54.64656
-54.16090
-55.39379
-57.98876
-51.82467
-50.64430
-52.36810
-53.76152
-53.65495
-55.88978
-57.29923
-52.64294
-53.20957
-55.59072
-53.09890
-52.34740
-54.50682
-53.81735
-54.76842
-54.38345
-53.59727
-55.21510
-55.29597
-54.56408
-54.00581
-54.39725
-59.80927
-54.22576
-49.82617
-53.18877
-51.63887
-51.25718
-53.79364
-53.01919
-53.02506
-53.44145
-53.32343
-54.40947
-53.73346
-54.01817
-52.20788
-49.61086
-52.65483
-53.40495
-52.97933
-53.22056
-54.93095
-52.68465
-50.81422
-52.80278
-52.79832
-53.73327
-53.45286
-53.23145
-52.39061
-52.79601
-52.38920
-52.74679
-52.16578
-52.56588
-51.95908
-52.30606
-52.15288
-52.34562
-52.47906
-51.57468
-52.55668
-49.73976
-52.98931
-52.56426
-51.12326
-51.37176
-51.86456
-52.22440
-53.17077
-55.04561
-53.54403
-53.58798
-52.85585
-53.13059
-52.85390
-53.06238
-52.61099
-53.11462
-53.18657
-53.27201
-53.38178
-53.09531
-52.71468
-52.71685
-52.25440
-54.04761
-57.30403
-54.76762
-49.32359
-50.31877
-51.95163
-50.05946
-52.31859
-53.65781
-52.50004
-53.29685
-55.68866
-53.51466
-55.70947
-54.78742
-55.36350
-54.34471
-52.09480
-52.58622
-52.89474
-52.87971
-52.44551
-53.00868
-53.30074
-53.99341
-53.46112
-54.92704
-58.26063
-57.94641
-50.77257
-51.74106
-51.96444
-51.16411
-52.73981
-52.06721
-51.86515
-52.62160
-53.59173
-52.18472
-53.02474
-53.02360
-52.47275
-55.64734
-55.96807
-53.01321
-53.83030
-53.40594
-52.99225
-52.42668
-53.10151
-53.11960
-52.19996
-52.93615
-53.69330
-53.52902
-54.73976
-51.90377
-52.94841
-52.81799
-49.27466
-52.49426
-52.53360
-51.39230
-54.11440
-50.96493
-52.00081
-55.48537
-53.88816
-55.51996
-50.68050
-53.66029
-53.78067
-53.64167
-58.71576
-56.17173
-59.52541
-56.25172
-54.87179
-53.42807
-53.68985
-53.00117
-53.64404
-52.88878
-52.38141
-53.23552
-54.49951
-55.29534
-55.79674
-56.87527
-55.46957
-55.92382
-53.23593
-54.21135
-53.12162
-55.73202
-51.06998
-50.64319
-53.10983
-52.99532
-54.49278
-51.96916
-53.32619
-54.31315
-58.42668
-54.68574
-54.99097
-54.27590
-52.95091
-52.87995
-54.12613
-53.92757
-55.29220
-53.72648
-53.35806
-54.69488
-53.45450
-56.35085
-53.85321
-56.19291
-54.01633
-55.70337
-53.75333
-50.30590
-52.72689
-52.78390
-54.35187
-54.18141
-53.17536
-55.96868
-56.68565
-54.38407
-53.70554
-54.01055
-53.91225
-53.99178
-53.35623
-54.38858
-53.22206
-54.43399
-56.43542
-58.35207
-54.49293
-51.21368
-55.99734
-55.33722
-54.32267
-53.71160
-55.19852
-50.44478
-50.63802
-53.25817
-52.03575
-54.23516
-53.60051
-56.08780
-53.76013
-53.82361
-52.96708
-53.64704
-52.61012
-54.07476
-53.49970
-51.00905
-50.91508
-51.86969
-55.54356
-52.52690
-53.60099
-49.18904
-51.48405
-52.44652
-52.39413
-54.81937
-53.36887
-52.20737
-50.16331
-54.42645
-52.32001
-54.39922
-57.84136
-55.41300
-55.64284
-55.43164
-54.17818
-54.55265
-54.50702
-54.40997
-53.80579
-53.25773
-53.90780
-53.43466
-54.16911
-54.08319
-54.26088
-54.86261
-56.26350
-56.15743
-55.25799
-55.53869
-54.08313
-54.43846
-50.24590
-50.42553
-52.99518
-52.27155
-54.66702
-54.11603
-54.03388
-52.95447
-54.58230
-54.31862
-53.82959
-53.34903
-52.82613
-52.07824
-52.27897
-53.42161
-52.56422
-53.81669
-53.66718
-53.18227
-53.32062
-53.63464
-53.64818
-52.18096
-52.58781
-52.44040
-51.24377
-51.15367
-52.17155
-52.90493
-52.14390
-53.61234
-52.58285
-54.26122
-56.35500
-55.09156
-54.73288
-55.33125
-53.18258
-53.60641
-54.82289
-52.97353
-53.73920
-54.37705
-53.59156
-54.80801
-51.82680
-51.31653
-53.63074
-52.49913
-55.51269
-54.95676
-54.84518
-50.07628
-50.60330
-52.83913
-52.18121
-53.48644
-52.84150
-52.46233
-53.91892
-56.07720
-54.81918
-55.55410
-53.76640
-55.15265
-52.11500
-50.76287
-50.47755
-52.11099
-55.04804
-52.45302
-52.99971
-50.07356
-51.37590
-51.65172
-51.01199
-54.43291
-52.70400
-52.04361
-50.07985
-51.57728
-52.76795
-53.84489
-56.65510
-56.17637
-57.62125
-56.14040
-54.30024
-53.63186
-53.93130
-52.86784
-53.15866
-52.66455
-52.89534
-52.33733
-53.83173
-56.19010
-56.67363
-55.63392
-53.44396
-54.82714
-53.86145
-53.78396
-53.06635
-52.63668
-50.54931
-50.98114
-53.83704
-53.34949
-55.79715
-56.26064
-57.52961
-54.47268
-53.42491
-53.15357
-52.33888
-53.46162
-53.17669
-54.04105
-53.17919
-53.76797
-53.61470
-53.28664
-52.96988
-53.04059
-54.08227
-55.52477
-54.31420
-54.80687
-56.58778
-58.01748
-53.27945
-49.49353
-51.70577
-51.71812
-53.31868
-53.63013
-53.09841
-54.48576
-56.37028
-55.70329
-54.97519
-55.10686
-55.07057
-55.89327
-55.17199
-53.71580
-52.60206
-54.58284
-54.21684
-54.90320
-51.57445
-52.75528
-52.88478
-53.14352
-55.22445
-53.05667
-52.92111
-49.92242
-53.13996
-53.02296
-53.06191
-54.29616
-53.31459
-53.59408
-54.65735
-55.25022
-54.09594
-55.56658
-53.90204
-55.64482
-52.21517
-54.57825
-53.91191
-52.25435
-55.25910
-53.78383
-54.70918
-50.27274
-50.38484
-52.64627
-53.72465
-53.76605
-53.13198
-51.78737
-53.76579
-56.54361
-53.29118
-55.96112
-57.23209
-58.69807
-57.59577
-53.97871
-53.68255
-52.90835
-53.07403
-52.56739
-52.86557
-52.45444
-53.71367
-57.12829
-58.45600
-59.07979
-58.25527
-57.17800
-54.75513
-53.32599
-54.28347
-53.47774
-53.19365
-52.46549
-49.65141
-52.89435
-52.06706
-51.69092
-52.82195
-53.01310
-54.28299
-54.15325
-56.22636
-55.31315
-54.93235
-53.51007
-53.67020
-51.64643
-54.43076
-55.46331
-54.09405
-55.11546
-53.53363
-54.78328
-54.66243
-55.72445
-55.33145
-54.56330
-54.90209
-54.84479
-51.34793
-50.26939
-53.39069
-53.40410
-54.50198
-55.12471
-54.87407
-55.15624
-54.34780
-54.15418
-54.11706
-53.48937
-53.08302
-52.93336
-53.24744
-53.54840
-52.85864
-53.35984
-52.51869
-53.61146
-50.99038
-51.64966
-53.21027
-55.18066
-57.59118
-58.50595
-57.11334
-50.06225
-53.27963
-53.30200
-53.48166
-55.04393
-54.30454
-54.75636
-55.55534
-56.42901
-54.93687
-56.42071
-54.81001
-57.60331
-51.80553
-52.95833
-56.30352
-52.42156
-53.75068
-53.26128
-52.42707
-49.89745
-52.73070
-51.53443
-51.64832
-54.98263
-53.27706
-54.27881
-52.70019
-52.92907
-53.25942
-53.02324
-53.12848
-53.26632
-52.84905
-52.97862
-52.81467
-53.56365
-52.89367
-53.96068
-51.78442
-51.47461
-51.54405
-51.15004
-54.77126
-52.70297
-53.61616
-53.51869
-55.82510
-55.06635
-55.22592
-54.09676
-54.41140
-52.18130
-49.72568
-52.82487
-50.59870
-54.40723
-55.77876
-55.36594
-51.87339
-49.56067
-55.00896
-55.25265
-52.57803
-53.51398
-54.36669
-53.86768
-54.21481
-53.94537
-53.75249
-53.41813
-54.10377
-54.00083
-55.40460
-56.27234
-55.43074
-54.76217
-54.83602
-55.14984
-54.96220
-54.85547
-55.13553
-55.38534
-55.19633
-55.59498
-55.16009
-55.32052
-54.48999
-54.58639
-54.65642
-54.59406
-54.79726
-54.81916
-54.67778
-54.83240
-54.66795
-54.12028
-54.37505
-54.78500
-55.45717
-57.75835
-56.91587
-57.98357
-56.76563
-58.49185
-55.51861
-50.82776
-55.41223
-52.53243
-55.70570
-56.72658
-57.09086
-56.36991
-54.48050
-57.28957
-56.92924
-57.19676
-56.85014
-57.96127
-50.38300
-54.47660
-52.87718
-54.20465
-57.93726
-61.60723
-54.68907
-49.51201
-54.27057
-54.59955
-55.05258
-52.48351
-54.09260
-53.02735
-53.03414
-52.98001
-53.06198
-53.07243
-53.04381
-52.36491
-52.31003
-52.43307
-51.92176
-52.68510
-51.95688
-52.95690
-50.71689
-49.61236
-51.43524
-50.73188
-51.30568
-53.08238
-52.25585
-53.73406
-54.30957
-53.80935
-53.54926
-53.32556
-53.13999
-53.16402
-52.91823
-53.13035
-52.49792
-51.55817
-53.10055
-53.35840
-50.90351
-54.48052
-52.28006
-50.57843
-55.04840
-53.41722
-52.92858
-52.62380
-52.82044
-53.00683
-53.25158
-53.72695
-53.93256
-53.83274
-56.14651
-56.95965
-56.37363
-55.87929
-54.84644
-54.96883
-54.59863
-54.90375
-55.07864
-54.56896
-54.81221
-54.93379
-55.02074
-55.58776
-55.01896
-55.04652
-55.20584
-55.23497
-54.84673
-55.18049
-54.86828
-55.58436
-55.23798
-55.33201
-55.60173
-55.53211
-56.16769
-57.81817
-56.96927
-57.47857
-56.34176
-58.59842
-53.95445
-49.31848
-54.26970
-52.27727
-53.92185
-56.87236
-58.17977
-57.02571
-56.12352
-58.17820
-57.63486
-57.88935
-58.50180
-57.12884
-50.17752
-53.91755
-52.75724
-54.37670
-58.03073
-60.74750
-54.63572
-50.59371
-54.71729
-52.33630
-55.07670
-55.73837
-56.49743
-55.70390
-55.96811
-56.19145
-55.62346
-55.25027
-55.16534
-55.37641
-55.67739
-55.64213
-54.77696
-55.58881
-54.70194
-56.11208
-50.56607
-49.73614
-53.11297
-53.01926
-54.47955
-54.25285
-54.63582
-56.66143
-57.33102
-56.87625
-55.36513
-54.93754
-54.57851
-54.31038
-54.02048
-54.80618
-54.56108
-55.53915
-54.89709
-55.56172
-55.79727
-55.64580
-55.06644
-55.58708
-54.84535
-56.16166
-54.16846
-50.30991
-54.48851
-52.41900
-55.32985
-55.71393
-55.68195
-51.75669
-49.32185
-54.05800
-52.83737
-55.42664
-56.56861
-56.51222
-55.85827
-55.31493
-56.98923
-51.98344
-50.46035
-54.77636
-53.68698
-55.23007
-57.28806
-55.30735
-55.62788
-55.07117
-56.61839
-50.86648
-50.53143
-53.48876
-52.90527
-55.23155
-56.08558
-56.97788
-58.39129
-58.91551
-58.39473
-58.22997
-57.57087
-57.34625
-57.29995
-57.95467
-57.95397
-57.53185
-57.38801
-57.38802
-57.27391
-57.28738
-57.77668
-57.69030
-57.81273
-57.91927
-57.75225
-57.80705
-57.73913
-57.59047
-57.69220
-57.38423
-57.87932
-59.17469
-55.53246
-50.69866
-54.19689
-53.54838
-54.00719
-53.68588
-54.22324
-56.57856
-54.66064
-55.42998
-53.42889
-54.46970
-52.96662
-55.36719
-53.50005
-53.71101
-55.41545
-53.45366
-55.09993
-56.07524
-51.19186
-51.24645
-53.11466
-53.19655
-56.54582
-55.70517
-56.52475
-56.44302
-57.93989
-58.55245
-57.22306
-56.38352
-56.15330
-55.59465
-56.19376
-56.51650
-55.49638
-56.57308
-55.93004
-56.97875
-56.38278
-56.51772
-56.72802
-57.65465
-56.97619
-58.71703
-55.54999
-50.08168
-53.94681
-53.20674
-54.15380
-56.31558
-58.70986
-51.79840
-49.88592
-55.46442
-52.06614
-55.99237
-56.25879
-56.95317
-56.91905
-55.61914
-58.01581
-51.37026
-50.08947
-53.95994
-53.75559
-55.66473
-56.76826
-56.98419
-57.12214
-56.40988
-57.32877
-50.49861
-51.98222
-56.00524
-52.78767
-55.45233
-56.17505
-56.20665
-58.25492
-57.76089
-58.06577
-56.91226
-57.86865
-57.18820
-57.42949
-57.60586
-57.37633
-57.62583
-58.07777
-56.98510
-57.77511
-57.19265
-58.00437
-57.61655
-57.25161
-56.92498
-58.73578
-55.25290
-50.28630
-53.38606
-53.17548
-56.18710
-56.69226
-59.96755
-52.12629
-49.85707
-53.49428
-52.42227
-56.97223
-56.10750
-57.16590
-57.01387
-57.69170
-56.55561
-56.03611
-55.68542
-55.55491
-55.56823
-54.37275
-54.29326
-54.58166
-54.75704
-54.78117
-55.06085
-50.70756
-51.13242
-53.30901
-52.83737
-55.92652
-55.52593
-55.56131
-56.96831
-57.53665
-56.58262
-56.02746
-56.12407
-55.71943
-55.45216
-54.97000
-55.09617
-55.11154
-55.96142
-55.40707
-56.50022
-55.02132
-55.57235
-54.51337
-55.37606
-54.50235
-56.48458
-52.89060
-50.78294
-54.20066
-52.88243
-56.03166
-54.74760
-56.50396
-50.97095
-50.41672
-53.95077
-52.29897
-56.39643
-57.37409
-58.20346
-57.44486
-56.84668
-57.83038
-50.85042
-51.06051
-54.54618
-52.85601
-55.76958
-55.47730
-55.76242
-55.40365
-55.66640
-55.80108
-50.34194
-51.48564
-54.02800
-53.43396
-55.64343
-56.49733
-57.07119
-58.58630
-59.27615
-57.99074
-58.02534
-58.15519
-57.51109
-57.58754
-57.57159
-57.55330
-57.13752
-56.73560
-56.92731
-57.64560
-57.27318
-57.69804
-57.85981
-57.31792
-57.48859
-58.70039
-58.92545
-58.34830
-58.17989
-58.05040
-58.78197
-58.10113
-60.30865
-51.05162
-50.69290
-55.20497
-53.03813
-56.40794
-57.33571
-58.48618
-56.82241
-57.08785
-57.04038
-57.19131
-56.89318
-56.86614
-56.48299
-55.55643
-55.07284
-55.60122
-55.21446
-56.30215
-55.33385
-50.53059
-53.20121
-52.54709
-54.36578
-57.91769
-56.83299
-58.97618
-59.34832
-60.58417
-59.19703
-58.69334
-57.26954
-57.74614
-57.16438
-56.85076
-56.36731
-57.01085
-57.78396
-57.12520
-56.95304
-56.58435
-57.41655
-56.14409
-57.32929
-56.15279
-58.49394
-52.88520
-50.40113
-54.65456
-53.46428
-54.62247
-57.09293
-57.77117
-50.84820
-51.28503
-54.57901
-52.65806
-56.48687
-57.08360
-58.29762
-57.35357
-57.17013
-58.34093
-50.42352
-51.18292
-54.93576
-52.99148
-57.69563
-57.04709
-58.28365
-57.07692
-56.60433
-56.11446
-49.47872
-52.02724
-54.25883
-53.91443
-56.10827
-57.26265
-58.16886
-58.49556
-58.80629
-57.59256
-57.76986
-56.88414
-57.36525
-56.57515
-58.15557
-56.71544
-58.48595
-57.25605
-58.40181
-55.97641
-51.10710
-53.61012
-52.31488
-55.50503
-58.30711
-58.12873
-58.68560
-57.75725
-58.26774
-57.98171
-58.21252
-57.79303
-59.69806
-50.25776
-52.04212
-55.55197
-53.27718
-56.32275
-56.76434
-57.54872
-56.72594
-57.20006
-56.52669
-56.81958
-56.15801
-56.85438
-55.80953
-56.36259
-55.74758
-56.60882
-56.55858
-57.58509
-55.45413
-49.93320
-51.81894
-53.66914
-53.30947
-54.57814
-54.61493
-54.81486
-56.04726
-56.82920
-55.99318
-55.98377
-55.66191
-55.93520
-55.69530
-55.93293
-55.87379
-55.48223
-55.10958
-55.00659
-55.40159
-55.39630
-55.91382
-54.66956
-55.97464
-54.97022
-56.31981
-51.50703
-51.61070
-53.65521
-53.71864
-57.05724
-56.32207
-56.60983
-49.77216
-51.65398
-54.30598
-53.11646
-57.18486
-56.81510
-57.94520
-56.49538
-57.49943
-55.39309
-49.98026
-53.45157
-54.37182
-53.32147
-56.71974
-56.27986
-58.73813
-56.28307
-57.09100
-55.56770
-50.16061
-52.21915
-54.69876
-53.78511
-56.63521
-56.22012
-57.67918
-59.44452
-59.10607
-57.71667
-56.78585
-56.34602
-55.85355
-56.15580
-56.50422
-56.43694
-56.19546
-56.60509
-56.13080
-56.04070
-55.74905
-56.90928
-56.48736
-57.02353
-56.74605
-56.61015
-56.94895
-57.85727
-58.61762
-58.68830
-57.59495
-57.62472
-56.99374
-49.58831
-52.10109
-54.26758
-53.08429
-56.76735
-57.69913
-58.31897
-56.61827
-57.29737
-56.98950
-57.20225
-55.70733
-56.44881
-55.57920
-55.42673
-54.90710
-56.02943
-55.20182
-56.69184
-53.93326
-50.33145
-51.68609
-52.33893
-54.97871
-55.41196
-55.06137
-55.26687
-57.57628
-57.50979
-56.60357
-56.15455
-55.81345
-56.09653
-55.87583
-55.92637
-55.11337
-54.98137
-54.93279
-54.73522
-54.54264
-54.68480
-55.03000
-55.44954
-56.15297
-55.42741
-57.14894
-50.47730
-51.26789
-55.05649
-52.77200
-56.02688
-56.55492
-56.02630
-49.70619
-53.93133
-54.42730
-54.13091
-57.43390
-56.87444
-54.39421
-50.34009
-56.47569
-55.56064
-55.84706
-56.85248
-56.98208
-51.92519
-51.50662
-54.92880
-52.94542
-55.00064
-55.79139
-57.04183
-55.98733
-56.08254
-56.73945
-55.96394
-57.24128
-56.40314
-57.67003
-57.78600
-58.01860
-56.80933
-57.10081
-57.00402
-57.02513
-56.89914
-56.97855
-57.42985
-56.57398
-57.98345
-57.85825
-58.06517
-57.64906
-57.84392
-57.83705
-58.69431
-56.87079
-59.71916
-51.17872
-51.94644
-53.51910
-53.73480
-58.23885
-58.33568
-58.70335
-49.76102
-53.58491
-54.08431
-54.43278
-56.57987
-56.55894
-57.31681
-56.41148
-56.56722
-55.81287
-57.02756
-55.70261
-57.14673
-55.24173
-55.52369
-54.62206
-55.59693
-54.27347
-56.03736
-52.67662
-50.63191
-55.49428
-52.25535
-53.22226
-54.96688
-54.73275
-56.41579
-57.25456
-57.23318
-56.55707
-57.53633
-56.62969
-56.66308
-56.06289
-57.02327
-56.13518
-56.17236
-56.06425
-56.16879
-55.56090
-55.68168
-55.27536
-54.54166
-54.85770
-54.36158
-54.95543
-50.77281
-53.39474
-53.11877
-54.58201
-56.34065
-55.82327
-55.01276
-49.64845
-53.52801
-53.72019
-54.56355
-58.01076
-56.94257
-57.77198
-56.29430
-57.36973
-54.16098
-49.44550
-51.84206
-54.24386
-54.55392
-57.84783
-56.97801
-58.83448
-56.73403
-59.75283
-53.45022
-49.74436
-53.78279
-53.75711
-54.50982
-57.66943
-58.31973
-58.31880
-58.88869
-58.58870
-57.60226
-58.00911
-57.74611
-57.81457
-56.86932
-57.17897
-56.90927
-57.37731
-57.00711
-56.92906
-56.91791
-56.71866
-57.45394
-56.85553
-57.93070
-57.58021
-58.03180
-57.61985
-58.41039
-58.16404
-59.24057
-57.06136
-59.41554
-54.33560
-50.13173
-53.35288
-52.32264
-55.38346
-57.99801
-57.36529
-57.35884
-57.08249
-56.95385
-56.33240
-57.28480
-56.74139
-56.50771
-55.27430
-55.42243
-55.76437
-57.16223
-55.10063
-57.65375
-53.86722
-51.19236
-55.35899
-53.16709
-55.19606
-57.30027
-56.94687
-58.71418
-59.61734
-59.66405
-58.06022
-58.07026
-56.72417
-57.05489
-55.75024
-55.93652
-55.47466
-56.08127
-55.75342
-55.82205
-55.56696
-56.42143
-56.18218
-57.32814
-57.29848
-57.44973
-57.17594
-49.84098
-52.91576
-54.34014
-54.12947
-56.24100
-57.58185
-53.18888
-50.62497
-55.08438
-53.54898
-55.14305
-57.45216
-57.25362
-56.68841
-56.60176
-57.01215
-56.56416
-56.52875
-56.76129
-56.02968
-56.68420
-56.27498
-56.06415
-56.35425
-55.65347
-56.51857
-56.06197
-57.00263
-56.37517
-56.65053
-56.53498
-56.07551
-58.31225
-50.75155
-50.31021
-57.21487
-55.20382
-56.87298
-57.87231
-57.92933
-56.51086
-57.71895
-56.46919
-51.47655
-51.58905
-52.04300
-54.50467
-57.40887
-56.28887
-56.74158
-56.11095
-56.94041
-54.94380
-50.43136
-53.53682
-54.64691
-54.48431
-58.28099
-61.44679
-53.99260
-49.50237
-51.49626
-52.25624
-54.30498
-54.98752
-54.27639
-54.16416
-53.79542
-53.43649
-53.79963
-53.42901
-53.23469
-52.83370
-52.72761
-53.31679
-52.99427
-53.37974
-52.65327
-53.11797
-51.19703
-51.03660
-53.44810
-52.18769
-52.99084
-53.56511
-53.03154
-54.36591
-55.43324
-55.06677
-54.78805
-54.27465
-53.64725
-53.58087
-53.63291
-54.25446
-54.02037
-54.33941
-53.62516
-55.06683
-54.20567
-54.91992
-54.51427
-54.84112
-54.21736
-54.68051
-54.30422
-50.08930
-52.33694
-53.03877
-56.03167
-55.35897
-56.21426
-52.09641
-50.09784
-54.65767
-52.69646
-55.62596
-57.45180
-57.09027
-57.24883
-56.50060
-58.69074
-52.32344
-50.24126
-53.56315
-53.39748
-55.35780
-56.22053
-55.43656
-56.66920
-54.47398
-56.92595
-51.70847
-50.62544
-54.91892
-52.86969
-54.26562
-56.65725
-54.91743
-53.62913
-55.21776
-54.04914
-53.75446
-53.63237
-52.92275
-53.30623
-52.55956
-52.89458
-52.58273
-52.82249
-52.41386
-52.32705
-52.30986
-52.45193
-52.35665
-52.49619
-52.47580
-52.27786
-52.50564
-52.12406
-52.33221
-52.03239
-52.31121
-51.92168
-52.85398
-50.72704
-50.65209
-52.42211
-54.63451
-56.18072
-52.53084
-53.71385
-53.08408
-53.19635
-52.94811
-52.93300
-52.93369
-52.74673
-52.80997
-52.73481
-52.76259
-52.62736
-52.80455
-52.39948
-53.03353
-50.69302
-51.21022
-51.52998
-50.06737
-52.19473
-53.10463
-52.65113
-53.64796
-54.74497
-54.32185
-53.97311
-53.95895
-54.04510
-53.52988
-53.25321
-53.47296
-53.47256
-53.57844
-53.43150
-53.55502
-53.30362
-53.69922
-52.90367
-53.98976
-53.01189
-54.53765
-51.90090
-50.40587
-53.13235
-49.82668
-52.86041
-55.78738
-53.49144
-51.86498
-50.89058
-54.59457
-52.10747
-52.95089
-57.00777
-55.34270
-56.00695
-54.41758
-56.53473
-51.18331
-50.61809
-53.07457
-50.34471
-54.18756
-55.81590
-55.23939
-55.44391
-54.39870
-55.95331
-50.49294
-51.31116
-52.46068
-51.19741
-56.49704
-56.40480
-55.53434
-53.00307
-54.76168
-54.38650
-53.16970
-53.99813
-52.42602
-53.27943
-53.49948
-52.65512
-53.25288
-52.88925
-52.82767
-56.82511
-56.05044
-52.94226
-51.56816
-52.53775
-51.43429
-52.81120
-51.49632
-50.77146
-52.97140
-50.91423
-52.13551
-51.62521
-54.07592
-51.18700
-49.41068
-53.18630
-53.38257
-54.77870
-54.35927
-53.94616
-53.75289
-53.49291
-53.19092
-52.99692
-53.31540
-53.18367
-53.30816
-53.44690
-53.51509
-53.84892
-53.69317
-53.15823
-53.16866
-50.52480
-50.04573
-52.63437
-52.51665
-53.53191
-53.53309
-52.97724
-54.41507
-56.17363
-55.86023
-55.22232
-55.28103
-54.59086
-54.08197
-54.27530
-54.46720
-54.31585
-54.86835
-54.83763
-55.48741
-54.55910
-55.41695
-54.34196
-55.74083
-54.01425
-56.15701
-52.93353
-50.68417
-53.99135
-52.47624
-56.30301
-56.13888
-57.42070
-50.78101
-50.54499
-54.56008
-52.50411
-55.83275
-56.56839
-58.12742
-57.97828
-57.35951
-57.77362
-51.21033
-50.47623
-54.41093
-53.28981
-56.21586
-57.76567
-58.22750
-58.18637
-57.33026
-58.12234
-50.67440
-52.00728
-54.52531
-53.19739
-56.70436
-58.76044
-56.14400
-53.57622
-54.72927
-54.22004
-54.03188
-53.68902
-53.58523
-53.70387
-53.41818
-53.46178
-52.96589
-53.16850
-53.10792
-52.91392
-52.55045
-52.69279
-52.46714
-52.88187
-52.51343
-52.50963
-52.52637
-52.73390
-53.06844
-52.63096
-52.98325
-52.30999
-53.97741
-50.13774
-52.14354
-52.65669
-51.92469
-56.24419
-52.31094
-53.37367
-52.74144
-53.25160
-52.96215
-53.45334
-52.81086
-52.77433
-53.27628
-53.25862
-52.80457
-52.46724
-53.05554
-52.47886
-53.22103
-50.31307
-52.12828
-57.13861
-53.66189
-52.11141
-52.78178
-52.42922
-54.04971
-55.51886
-54.53407
-54.18604
-54.07753
-53.69128
-53.83113
-54.21180
-54.00332
-53.91142
-53.74961
-53.26520
-53.74216
-53.45219
-53.85732
-53.37341
-54.04916
-53.71057
-54.21790
-52.81578
-50.05181
-53.72644
-54.06384
-51.76246
-54.28339
-54.50272
-49.53226
-51.27389
-56.57983
-56.65806
-54.87091
-55.58530
-56.16911
-55.56863
-55.46875
-55.09667
-51.68377
-50.89667
-56.31125
-51.78697
-54.13420
-56.29670
-55.13349
-55.66187
-54.71830
-55.79283
-50.05788
-51.66553
-51.50528
-51.32505
-57.44232
-55.07965
-55.76087
-55.77680
-54.45844
-52.81190
-52.47207
-53.88153
-51.13887
-53.17271
-53.10672
-51.66398
-53.70056
-52.12201
-51.99921
-52.84949
-52.32043
-52.98515
-53.16151
-51.77159
-51.71455
-51.23418
-50.04530
-51.36674
-52.18060
-50.71083
-50.93256
-51.02561
-50.98892
-51.04130
-55.02067
-55.27947
-52.78050
-55.16174
-53.96849
-53.51703
-53.58556
-53.55658
-53.44511
-53.42102
-53.27032
-53.25890
-53.26685
-53.35990
-53.18146
-52.87904
-52.89468
-52.74005
-53.10927
-49.71839
-49.77036
-53.07682
-52.65452
-53.38844
-53.40725
-53.37491
-54.96422
-55.42960
-54.67531
-54.89349
-54.33696
-54.30815
-53.98050
-53.75908
-54.09492
-54.28875
-54.66247
-54.23515
-54.96795
-54.52824
-54.30022
-53.74741
-54.57105
-53.83262
-55.59563
-52.01451
-50.53752
-52.94229
-53.16717
-54.80470
-55.24569
-54.91332
-50.06932
-52.49593
-53.98305
-52.81123
-56.61238
-55.66216
-56.65231
-55.44813
-56.14734
-54.50739
-50.29239
-53.20316
-55.23088
-53.24248
-56.23568
-56.47810
-57.51426
-56.46076
-57.33027
-55.56941
-50.16503
-51.81774
-54.27577
-53.43071
-56.16004
-57.16848
-53.37860
-53.88566
-54.69467
-53.57767
-53.36747
-52.78946
-52.92179
-52.68372
-52.92686
-52.69648
-52.86093
-52.85306
-52.64732
-52.54726
-52.34319
-52.19164
-52.26980
-52.67885
-52.49802
-52.36871
-52.45772
-52.61060
-52.70291
-52.43458
-52.59081
-53.39648
-51.69246
-49.50536
-52.47542
-52.85507
-50.76085
-54.10147
-53.83475
-53.28520
-52.94289
-52.99902
-53.30682
-53.14037
-53.26440
-53.24730
-52.93379
-53.02799
-53.00670
-53.28105
-52.62938
-52.76762
-52.91494
-50.85884
-52.03426
-51.13763
-52.59748
-53.41016
-52.25732
-52.89199
-53.48874
-54.89590
-53.91965
-53.97061
-53.81682
-53.53796
-53.73786
-54.10882
-54.21681
-54.14337
-53.60811
-53.93122
-53.87166
-53.63817
-54.24307
-53.65436
-53.93626
-50.55506
-50.97223
-52.43332
-50.78254
-52.95474
-54.19253
-53.48931
-54.96476
-53.02647
-49.81456
-53.46736
-52.75914
-54.97925
-57.71824
-54.49936
-56.37259
-54.71523
-56.01143
-53.13080
-49.58314
-52.42003
-59.55234
-54.76123
-54.18643
-55.30592
-55.61167
-54.61908
-54.74235
-54.23326
-50.52762
-52.75275
-53.07625
-51.60229
-55.70537
-55.32390
-54.68094
-55.13670
-52.80419
-54.01715
-53.63442
-51.93624
-53.29799
-52.36466
-52.00597
-52.87207
-51.30466
-52.06225
-52.61652
-52.28803
-53.93566
-53.71624
-52.27713
-52.50568
-51.26874
-51.64964
-49.41741
-51.09586
-52.46870
-51.66365
-52.51327
-50.76593
-52.06065
-49.57970
-55.19068
-54.63227
-52.98298
-55.69787
-53.55495
-54.00221
-53.50733
-53.83542
-53.03159
-53.53253
-52.76952
-53.46745
-52.69579
-53.46262
-53.02078
-54.57988
-53.31407
-54.96226
-52.23851
-49.69102
-53.29451
-51.63662
-53.27460
-53.23041
-52.85820
-53.34779
-55.09888
-56.55546
-55.15191
-55.09385
-54.27483
-54.88793
-54.90523
-55.57177
-54.88038
-55.21235
-54.94649
-55.04488
-55.07006
-55.06299
-55.11637
-54.64157
-55.26027
-54.73070
-56.07076
-51.10185
-51.70260
-53.32921
-54.61633
-56.20489
-56.75866
-54.29058
-50.01270
-54.70712
-52.97715
-54.13835
-58.62784
-57.37992
-59.29131
-57.14158
-60.13836
-54.40340
-49.46191
-52.52734
-53.78694
-54.45637
-57.60392
-56.33856
-58.14058
-56.51755
-58.96855
-54.32981
-50.21316
-53.98572
-54.18424
-54.42480
-56.36672
-56.64603
-57.83887
-54.86216
-53.95426
-53.63079
-53.88247
-52.98208
-52.68388
-53.07129
-53.04129
-53.06465
-52.74993
-52.88682
-52.70908
-52.82116
-52.36407
-52.40527
-52.24558
-52.40905
-52.00429
-52.50792
-52.10504
-52.42483
-52.30654
-52.32530
-52.51642
-52.37990
-52.66271
-51.58857
-53.47775
-50.00185
-52.75682
-55.17489
-52.80369
-53.79788
-53.15718
-53.35549
-52.85818
-53.51285
-52.75629
-53.30941
-52.65323
-53.38576
-52.94272
-53.54514
-52.56442
-53.10100
-51.02408
-50.60939
-54.46348
-54.48750
-54.53428
-52.79665
-53.10731
-53.07596
-55.31710
-55.69479
-54.13617
-54.70803
-54.05440
-54.18565
-53.74879
-54.22563
-54.11474
-54.02668
-53.45822
-53.73294
-53.50103
-53.70179
-53.45684
-53.60546
-54.37223
-53.34858
-54.26920
-49.41807
-51.49235
-56.89756
-57.21830
-53.29133
-54.38227
-52.28918
-49.77530
-53.96894
-51.12090
-57.04093
-56.56411
-54.61642
-56.31556
-54.13680
-56.94963
-51.47457
-49.83788
-53.97199
-55.13817
-56.16910
-55.32366
-55.54073
-55.34516
-54.23730
-56.66986
-51.86134
-49.66683
-55.22343
-59.95284
-54.08025
-54.93641
-55.95582
-54.48146
-54.32747
-54.22982
-53.51224
-52.86944
-52.70098
-52.41649
-51.84228
-52.94044
-51.49925
-52.18119
-52.54076
-51.17756
-53.14367
-53.03321
-53.69047
-52.29031
-51.27945
-50.83198
-51.00188
-48.95409
-50.28543
-51.00108
-50.60107
-50.75385
-51.30426
-51.94877
-51.20979
-55.31728
-52.10698
-53.45531
-52.74464
-51.94509
-51.91638
-51.85778
-52.30692
-52.11932
-52.33708
-52.19753
-53.04281
-52.53442
-53.66802
-53.16416
-54.27857
-53.37680
-54.88692
-51.71215
-50.19673
-52.66236
-53.00647
-54.57749
-54.70005
-55.43391
-56.40388
-56.72752
-56.50631
-56.63781
-56.66253
-56.14627
-56.17884
-55.96602
-55.82990
-55.18539
-55.31057
-54.89346
-55.21047
-55.71927
-56.87311
-55.87678
-56.12736
-55.50288
-55.85516
-55.95006
-51.18424
-52.52353
-52.88491
-56.69183
-57.03605
-56.99422
-53.30795
-49.65686
-53.68830
-52.83143
-56.09184
-58.14770
-57.42865
-57.31651
-55.61986
-56.80658
-51.73828
-50.07954
-52.86113
-53.84258
-55.64767
-56.58729
-56.70130
-57.38516
-55.90748
-58.35920
-51.49367
-50.52469
-54.20362
-53.41440
-54.93235
-56.52732
-55.33409
-52.34452
-53.77679
-54.78583
-53.81416
-53.35908
-52.59190
-52.91693
-52.57364
-53.06803
-52.64881
-52.58715
-52.76027
-52.68581
-52.52943
-52.36434
-52.28691
-52.39732
-52.33039
-52.13669
-52.43428
-51.83842
-52.38079
-51.68130
-52.40095
-51.89343
-53.31513
-50.72956
-51.02549
-54.28879
-52.41248
-56.20846
-53.51510
-53.69782
-53.14127
-53.07975
-52.87358
-52.36586
-53.33456
-53.00403
-53.03156
-52.64440
-52.99513
-52.50070
-52.98451
-52.71859
-53.01270
-51.37219
-50.93930
-53.88139
-52.08557
-51.53527
-53.51425
-52.72527
-53.91852
-55.28699
-54.85882
-54.01079
-53.56356
-53.69651
-53.60269
-53.49746
-53.49177
-53.47509
-53.49961
-53.53985
-53.78941
-52.87535
-53.37737
-53.13311
-53.24759
-53.21581
-53.40974
-52.14360
-50.00795
-52.32278
-50.46019
-51.41905
-55.12799
-53.82310
-52.41564
-50.22958
-53.56922
-51.75354
-53.35750
-56.71148
-54.43432
-55.76223
-53.93835
-57.04654
-50.02636
-51.14568
-52.50358
-51.03692
-57.65770
-54.83310
-54.92233
-54.49916
-54.26043
-55.64032
-50.09752
-50.59105
-56.41297
-56.57780
-54.29372
-54.16673
-56.83429
-54.33436
-55.15749
-53.44469
-52.47504
-53.40063
-52.40553
-52.48519
-52.51356
-52.58431
-51.84971
-51.59060
-52.98179
-54.80779
-54.52237
-52.75858
-51.50852
-52.71515
-51.86388
-52.18568
-51.86574
-51.17478
-50.89874
-50.59046
-52.02902
-51.36748
-53.35354
-50.59307
-51.19436
-54.40263
-52.07915
-54.29631
-53.77271
-54.13937
-53.73322
-53.82247
-53.42852
-53.46567
-52.89947
-53.17919
-53.40735
-53.15909
-53.43217
-52.98738
-53.19843
-53.24965
-54.53271
-49.81929
-50.94326
-52.68310
-52.28250
-54.11028
-53.50504
-53.72977
-54.49299
-55.93269
-55.02216
-55.57426
-55.45790
-55.08713
-54.95262
-55.22196
-55.59495
-55.05571
-55.04545
-55.10115
-55.36397
-54.78979
-55.81031
-54.82083
-55.40129
-54.68984
-55.58733
-54.25205
-50.69576
-53.25291
-53.55698
-56.22203
-56.51073
-57.25085
-52.18387
-51.80304
-56.05686
-52.91441
-57.66103
-57.87498
-58.97350
-58.93611
-58.45436
-58.92897
-51.50907
-50.95454
-55.21605
-54.70942
-57.91709
-59.70911
-59.80393
-59.48906
-57.50913
-58.68815
-51.94151
-52.06868
-54.82700
-55.01001
-56.33688
-58.39888
-55.48738
-54.92743
-57.19430
-55.32960
-54.73749
-53.76901
-53.79448
-53.63490
-53.67314
-53.86907
-54.08324
-54.04794
-53.44298
-53.31249
-53.35064
-53.32485
-53.12740
-53.12594
-53.31071
-53.09861
-53.13976
-53.17465
-53.48299
-53.06958
-53.39493
-53.06392
-56.53961
-53.13664
-52.57877
-53.81556
-51.37911
-57.18621
-55.38102
-55.02342
-54.83006
-55.03889
-54.58771
-54.12911
-54.39074
-54.97286
-54.56487
-54.20771
-54.53504
-54.09507
-54.26489
-54.35052
-54.83828
-51.17735
-54.11758
-55.28234
-55.66011
-55.88415
-54.77257
-55.05998
-56.07173
-58.13218
-56.86855
-57.19486
-56.38950
-56.60523
-56.41056
-56.43375
-55.43714
-55.30966
-55.52024
-55.35070
-55.56314
-55.14222
-56.36176
-55.29393
-56.18516
-55.14841
-56.61797
-53.65876
-50.79406
-55.78178
-57.52766
-58.20794
-56.17365
-58.12165
-53.07070
-54.23315
-56.16070
-54.78220
-63.85707
-57.83113
-59.60135
-57.56498
-58.40928
-58.94152
-51.72754
-53.71700
-57.93625
-58.57535
-59.56275
-58.19148
-59.43513
-58.03197
-59.00338
-58.23438
-52.37797
-53.94462
-63.69903
-59.28572
-57.12372
-60.46196
-58.78271
-57.26758
-58.70202
-59.36788
-56.06081
-56.29640
-57.19837
-55.18062
-56.80426
-56.00405
-54.76257
-56.56607
-55.39813
-55.21003
-57.40096
-56.94615
-56.12073
-55.40564
-56.11478
-56.57961
-54.37951
-55.26170
-55.88305
-56.21074
-55.48597
-55.14487
-54.58725
-54.69932
-57.02635
-56.11781
-57.66427
-61.00556
-60.95390
-58.79795
-58.59411
-58.99562
-58.32895
-58.69165
-57.86829
-58.46256
-57.83941
-57.53921
-57.60598
-58.42015
-57.78107
-58.52387
-57.68120
-54.58259
-59.41805
-57.97312
-56.40780
-58.80263
-58.09234
-58.89833
-60.56399
-62.12594
-60.51442
-60.42557
-59.90311
-60.17357
-59.54392
-60.14092
-60.33838
-59.79019
-60.67537
-60.87387
-60.84407
-60.28295
-60.94255
-60.63341
-61.71370
-60.38799
-62.32198
-57.68387
-56.67166
-59.67738
-57.97087
-61.48081
-61.36580
-62.21296
-55.39851
-55.61381
-60.74327
-59.33828
-64.24727
-64.34816
-66.16498
-64.04841
-64.07023
-62.04921
-55.68387
-57.71992
-61.08565
-59.61601
-62.98939
-61.91702
-64.11777
-63.28408
-66.07902
-64.07367
-55.68083
-59.00945
-61.21311
-60.00898
-62.56518
-61.46649
-59.60464
-61.47105
-62.37704
-61.38375
-61.43309
-60.82309
-60.93071
-60.48861
-60.55418
-59.80922
-59.60476
-59.77889
-59.65173
-59.27302
-59.01556
-59.55038
-59.58219
-59.96217
-59.96024
-60.47309
-60.66018
-60.57984
-60.46822
-60.02527
-60.01064
-59.93822
-60.46195
-56.48177
-58.38366
-64.68976
-65.36792
-63.06843
-62.13241
-63.00492
-61.47874
-62.11466
-62.12390
-62.91229
-62.17725
-63.16320
-63.02710
-62.98539
-62.02259
-63.25429
-62.08289
-63.20630
-61.63840
-58.08207
-61.31397
-60.53834
-61.58753
-64.05684
-63.16463
-63.92174
-65.91886
-67.27027
-66.33566
-66.62247
-65.97949
-65.81957
-65.33443
-65.27021
-65.66759
-66.54589
-66.38037
-65.74986
-65.03927
-64.40664
-65.71991
-65.37243
-66.58036
-65.19563
-67.81640
-61.79630
-61.10645
-64.45775
-64.28729
-69.08330
-66.59041
-66.85645
-62.38334
-64.40069
-65.85586
-66.53118
-73.21254
-69.61212
-71.16214
-68.39027
-70.65333
-67.28316
-61.06092
-64.26115
-70.08793
-70.29096
-70.67871
-69.98727
-71.00618
-68.94225
-70.91106
-68.16574
-62.58340
-66.67214
-73.87943
-69.49007
-71.96661
-71.77016
-71.24857
-71.08877
-70.66643
-70.75908
-69.77819
-69.27278
-68.98899
-68.75717
-69.43481
-68.84344
-69.15169
-68.37000
-68.67137
-70.25001
-69.16093
-69.59141
-70.80991
-70.42850
-68.71743
-68.91331
-68.17591
-68.12143
-66.78786
-68.29301
-68.51026
-68.75720
-68.34262
-66.28358
-71.59011
-73.81568
-74.48192
-75.56183
-74.77890
-75.79160
-76.06980
-75.96772
-75.49715
-75.33461
-74.66082
-75.47555
-75.15461
-75.87909
-74.52659
-75.44993
-74.71094
-75.80740
-74.65945
-69.54387
-72.76210
-76.47636
-76.30143
-77.90514
-76.40647
-77.25498
-79.81174
-81.60499
-81.22627
-81.94246
-81.48996
-81.05986
-80.39696
-80.45699
-80.74166
-80.50473
-81.27990
-82.08266
-82.20893
-83.30060
-84.57301
-84.68288
-84.53388
-82.52404
-85.18728
-79.09155
-79.86456
-84.35210
-84.84124
-88.69620
-88.71582
-88.00438
-80.70892
-84.70215
-90.05240
-90.94990
-93.64925
-91.31054
-93.61219
-92.96822
-97.32894
-92.71840
-87.28899
-91.25201
-95.42606
-95.59541
-99.54901
-98.59752
-101.22739
-98.44948
-102.00952
-97.83311
-94.80465
-99.90195
-104.50634
-103.93003
-110.68193
-109.66828
-115.01617
-113.32060
-114.69287
-115.28889
-117.73817
-119.15581
-120.48081
-128.70806
-128.48359
-148.25583
-135.46720
-135.14541
-134.70920
-134.55560
-134.62318
-134.88537
-135.32661
-135.93988
-136.72532
-137.69006
-138.84944
-140.22979
-141.87424
-143.85451
-146.29742
-149.45423
-153.93588
-162.08117
-170.70601
-158.27411
-153.99396
-151.61871
-150.14621
-149.21907
-148.66896
-148.40384
-148.36873
-148.52903
-148.86259
-149.35555
-150.00019
-150.79378
-151.73825
-152.84048
-154.11329
-155.57749
-157.26575
-159.22997
-161.55667
-164.40249
-168.09400
-173.51162
-185.32351
-182.22119
-174.66115
-171.38035
-169.52853
-168.42109
-167.78389
-167.47967
-167.43025
-167.58738
-167.91966
-168.40622
-169.03309
-169.79139
-170.67614
-171.68583
-172.82218
-174.09052
-175.50030
-177.06659
-178.81212
-180.77177
-183.00004
-185.58778
-188.69977
-192.68406
-198.50346
